0
0
0
0
0
0
0
0
0
0
0
0
0
0
0
0
0
0
0
0
0
0
0
0
0
0
0
0
0
0
0
0
0
0
0
0
1
0
0
0
0
-1
0
0
0
0
0
0
0
0
0
0
0
0
0
0
0
0
0
0
0
0
0
0
0
0
0
0
0
0
1
0
0
0
0
0
0
0
0
0
0
0
0
0
0
0
0
0
0
0
0
0
0
0
0
0
1
1
0
0
0
-1
1
1
0
0
0
0
0
0
0
0
0
0
0
1
0
0
0
0
0
0
0
0
0
0
0
0
0
0
0
0
0
0
0
0
0
0
0
0
0
0
0
0
0
0
0
1
0
1
0
0
0
0
0
0
1
0
0
1
-1
0
0
0
0
0
0
0
0
0
0
0
-1
0
-1
0
0
0
0
0
-1
0
0
0
0
0
0
0
0
0
0
0
0
0
0
0
-1
0
0
0
0
0
0
1
0
0
0
0
0
0
0
0
0
0
0
0
0
0
0
1
0
1
0
0
0
0
1
0
0
0
-1
0
0
0
0
0
0
0
0
0
0
0
0
0
0
0
0
0
0
0
0
0
0
0
0
0
0
0
0
0
0
0
0
0
0
0
0
0
0
0
0
0
0
-74
-193
-89
-49
-101
177
240
210
3
70
41
41
213
175
242
233
100
64
91
-7
142
71
147
159
146
73
-10
-54
-127
-41
-50
22
-170
-39
-96
-171
-245
-175
-190
-297
-226
-172
-149
-208
-84
-87
-145
-223
-163
-53
-56
-96
-125
-80
-91
-157
-70
-24
35
-31
-138
-218
-293
-449
-527
-458
-577
-572
-443
-392
-537
-649
-769
-703
-593
-638
-515
-550
-617
-771
-914
-875
-717
-678
-631
-488
-441
-498
-436
-446
-274
-112
-29
-80
-54
-74
-270
-270
-206
-213
-193
-146
-145
-68
-249
-262
-218
-181
-292
-226
-103
-198
-262
-287
-253
-339
-281
-285
-232
-200
-213
-85
-119
-138
-116
-185
-230
-150
-141
-97
-115
-142
-197
-265
-210
-199
-214
-98
-44
-94
-213
-160
-329
-263
-123
-168
-94
-5
61
-68
45
124
155
55
156
144
201
177
240
284
250
246
403
494
552
591
536
603
630
586
461
458
381
472
547
720
605
536
369
311
430
337
528
437
456
510
516
502
429
467
465
713
671
766
721
663
726
677
619
636
672
640
637
699
841
802
857
825
737
689
816
905
942
981
945
949
810
765
775
927
888
674
782
625
500
421
409
570
570
489
452
398
299
239
224
205
189
409
396
434
375
274
254
331
416
433
494
470
407
204
144
78
11
-139
-75
-17
-150
-187
-272
-297
-269
-373
-412
-425
-476
-516
-455
-534
-488
-444
-441
-435
-400
-552
-641
-582
-627
-664
-776
-883
-861
-941
-1030
-981
-1018
-1017
-901
-830
-700
-598
-663
-706
-665
-706
-690
-668
-754
-762
-889
-775
-782
-684
-634
-600
-505
-484
-444
-364
-256
-387
-374
-303
-271
-264
-231
-191
-187
12
9
57
145
146
135
23
147
257
315
345
221
290
334
264
370
320
155
264
215
106
267
103
215
242
244
296
136
160
283
359
305
396
438
331
348
507
575
612
706
554
584
590
439
493
328
387
425
253
332
477
327
255
223
209
7
-84
-45
-115
-36
-108
-184
-231
-167
-157
-232
-204
-220
-259
-87
-194
-283
-249
-258
-350
-501
-512
-552
-525
-647
-574
-616
-710
-660
-588
-670
-481
-622
-541
-397
-526
-525
-539
-750
-802
-868
-825
-870
-956
-775
-811
-724
-790
-727
-685
-643
-617
-518
-686
-631
-642
-625
-496
-530
-484
-391
-245
-114
-118
33
69
-104
-99
-78
-72
59
39
-86
-166
-310
-164
-208
-175
-302
-452
-509
-571
-481
-402
-335
-443
-477
-437
-448
-423
-323
-423
-247
-264
-275
-215
-365
-267
-207
-261
-332
-386
-462
-492
-537
-491
-426
-371
-326
-252
-294
-376
-214
-161
-138
-115
-157
-42
-112
-34
-3
16
5
-88
29
1
-30
-51
-245
-176
-194
-208
-65
-95
73
-63
-24
25
-93
20
-30
69
50
207
251
155
240
270
242
202
252
257
355
248
198
118
56
-22
94
136
82
58
197
194
127
289
358
450
414
334
411
310
312
385
261
374
387
486
480
452
553
470
569
582
670
789
856
870
828
846
844
808
706
787
605
571
720
713
717
844
824
723
728
568
529
653
726
745
665
493
461
331
239
289
272
306
350
479
345
431
443
483
674
629
781
801
724
594
552
505
477
512
408
361
140
226
4
17
146
174
314
374
416
359
284
225
302
148
159
106
191
310
442
413
388
346
297
402
336
370
316
500
429
525
551
480
580
502
516
543
581
538
397
267
168
295
358
462
476
409
342
241
132
-70
-30
-81
44
67
170
42
83
129
194
301
335
498
493
497
430
290
162
262
277
303
362
456
491
490
571
534
562
716
749
735
779
671
614
533
549
681
529
539
444
338
286
309
458
488
454
445
414
381
236
274
193
230
246
86
157
200
268
322
420
345
317
298
282
270
226
417
370
326
237
256
113
100
281
210
322
225
181
167
129
155
286
320
315
232
154
-6
-214
-197
-184
-230
-267
-261
-345
-279
-270
-301
-324
-398
-352
-470
-493
-414
-483
-580
-643
-695
-706
-692
-658
-766
-780
-635
-673
-641
-667
-703
-817
-868
-767
-752
-740
-688
-684
-711
-611
-506
-556
-566
-502
-475
-577
-704
-714
-692
-717
-829
-760
-677
-769
-865
-807
-826
-770
-743
-679
-581
-469
-359
-408
-446
-546
-566
-611
-701
-648
-725
-729
-658
-936
-912
-906
-808
-745
-651
-809
-767
-742
-646
-533
-483
-407
-277
-357
-522
-492
-554
-614
-531
-355
-430
-383
-364
-403
-426
-294
-421
-451
-382
-409
-415
-234
-174
-346
-219
-253
-206
-293
-233
-273
-245
-184
-248
-133
-108
-116
-207
-223
-228
-381
-323
-401
-395
-371
-273
-196
-301
-238
-245
-231
-60
-133
-180
-239
-349
-305
-460
-128
-131
-77
-63
-28
-68
-186
-149
-133
-50
-2
-53
-80
4
71
107
263
434
441
525
653
476
514
625
609
741
760
807
788
749
682
687
672
751
893
1056
1071
1023
983
905
875
884
965
887
765
867
787
685
657
630
638
597
692
664
716
688
642
631
641
586
646
696
724
768
731
637
697
621
510
666
687
773
640
563
495
338
224
378
344
351
445
500
278
157
158
126
224
188
204
259
313
115
176
60
-44
-126
-158
-105
-101
-191
-300
-269
-276
-159
-208
-46
95
169
172
36
-155
-78
-156
-103
19
-81
-50
-188
-134
-132
-140
-142
-137
-161
-283
-257
-212
-199
-156
-212
-85
49
53
103
-104
49
193
222
286
239
305
310
525
466
395
493
442
453
425
554
516
469
416
273
204
135
154
94
99
10
0
-31
-13
150
223
269
295
268
285
393
370
428
363
258
278
328
258
257
171
105
95
68
146
124
196
193
294
253
451
331
329
341
365
355
166
250
257
270
216
214
103
190
81
2
34
89
2
-23
87
-22
-3
69
40
-3
-20
111
52
11
71
73
30
-4
106
4
-263
-145
-274
-401
-562
-511
-434
-547
-400
-525
-566
-555
-592
-638
-683
-679
-754
-801
-952
-1020
-942
-982
-915
-871
-867
-883
-828
-905
-798
-744
-913
-806
-739
-712
-814
-728
-665
-747
-813
-767
-710
-590
-494
-447
-437
-416
-536
-630
-643
-601
-440
-497
-465
-485
-499
-668
-741
-579
-535
-483
-314
-307
-407
-475
-525
-452
-443
-335
-307
-326
-366
-474
-596
-644
-606
-665
-734
-555
-501
-543
-572
-569
-589
-599
-544
-645
-655
-580
-518
-584
-653
-530
-500
-536
-486
-297
-373
-510
-448
-381
-371
-372
-433
-415
-427
-355
-279
-209
-191
-158
-167
-134
-38
-18
6
-63
76
126
82
73
72
-26
-141
-194
-79
-28
83
-55
41
109
-11
43
127
69
50
20
-13
47
-38
45
53
11
76
-36
-167
-196
-277
-226
-276
-74
-140
-155
-189
-133
-110
-110
-43
-62
-54
-89
-71
-128
-147
-198
-24
0
-73
-117
-192
-394
-525
-457
-339
-291
-162
-52
-89
-82
-104
63
261
317
284
355
257
282
418
275
201
147
106
42
108
168
269
187
141
154
277
302
150
242
163
169
227
175
-66
-22
-56
110
130
244
154
57
280
228
162
280
358
322
373
423
326
330
287
365
411
422
619
589
581
482
497
533
562
491
526
480
454
436
297
264
235
123
85
-109
-15
-25
-118
-47
-149
-33
-143
141
119
140
238
114
-59
-123
-70
-189
-14
-45
-88
4
149
63
133
220
250
172
318
392
472
362
303
165
189
228
120
76
111
77
-24
74
208
118
155
118
103
123
237
326
369
396
304
293
299
409
561
708
760
658
821
978
877
865
1069
1008
859
954
925
712
788
777
642
810
882
863
798
790
685
719
622
709
732
805
700
435
315
301
293
321
382
413
359
444
209
350
451
413
594
432
448
418
388
314
424
236
276
384
287
416
388
271
220
146
-41
50
12
231
139
79
-7
-149
-300
-314
-306
-359
-162
-179
-279
-203
-410
-375
-433
-436
-89
-108
-141
-158
-180
-175
-284
-364
-262
-228
-167
-122
-33
-73
-26
-34
164
70
3
-115
-1
-111
-251
-344
-573
-538
-633
-531
-531
-657
-682
-535
-617
-747
-722
-664
-523
-409
-512
-523
-648
-752
-786
-711
-628
-523
-442
-570
-533
-559
-640
-624
-631
-601
-431
-365
-229
-204
-370
-423
-561
-441
-322
-284
-255
-348
-368
-309
-348
-306
-298
-102
68
148
38
-23
-144
-123
-141
-169
-11
-58
47
-27
-183
-266
-280
-292
-96
-62
-130
-115
-213
-284
-170
-176
-28
127
88
143
123
-66
-65
-4
-112
-78
-67
0
-2
-118
-287
-257
-219
-247
-92
-152
-71
-45
-97
-13
-222
-253
-131
-252
-229
-185
-238
-291
-321
-331
-347
-362
-282
-377
-462
-381
-365
-405
-509
-465
-539
-461
-289
-18
-74
63
51
-20
-20
-59
61
115
227
279
337
362
304
199
129
134
159
74
-25
67
13
283
156
81
-42
-26
52
-16
197
142
79
-21
4
97
31
27
83
58
-87
-192
-260
-387
-203
-281
-152
-239
-316
-396
-297
-433
-243
-354
-231
-156
-230
-51
-285
-180
-264
-197
-176
-56
-121
28
-75
-172
-213
-178
-223
-227
-143
-122
-115
-128
-128
-155
-173
-130
-102
83
218
196
381
293
147
206
186
201
407
565
624
501
540
723
678
859
649
765
570
724
563
561
512
444
365
315
444
353
440
358
550
527
816
799
943
947
936
1058
802
908
845
842
888
924
1092
959
934
974
859
978
782
825
810
780
761
877
841
763
720
702
710
614
820
871
817
784
776
758
709
915
856
827
759
775
601
682
426
407
494
478
694
576
602
524
631
500
506
661
740
568
745
616
634
562
551
480
396
294
294
212
-64
7
-44
-23
13
-26
-116
-128
-180
-224
-211
-156
-197
-258
-275
-265
-246
-309
-340
-220
-118
-375
-173
-240
-218
-283
-324
-239
-327
-174
-291
-411
-401
-513
-588
-536
-561
-628
-790
-898
-854
-891
-771
-731
-539
-724
-815
-775
-789
-856
-925
-837
-994
-1046
-900
-1061
-1089
-1126
-1173
-1024
-931
-849
-776
-873
-779
-741
-877
-838
-824
-943
-854
-937
-777
-1002
-1112
-998
-992
-1125
-1096
-765
-1186
-770
-902
-693
-1053
-566
-747
-400
-473
-253
-128
-151
-83
-233
-116
-436
-196
-470
-204
-570
-318
-583
-396
-457
-237
-434
-213
-77
-189
-157
-284
-240
-242
-85
-305
-168
-303
-182
-349
-104
-449
-80
-444
-217
-504
-361
-316
-505
-448
-469
-434
-661
-336
-622
-291
-815
-492
-818
-729
-776
-525
-562
-390
-361
-297
-247
-445
-351
-334
-249
-195
107
-135
-62
-148
-59
-186
-14
64
238
127
3
-157
-48
-6
81
-95
63
-483
-75
-291
-408
-271
-114
-171
-85
-21
-52
172
137
356
253
513
157
527
179
298
335
455
434
80
412
163
191
58
316
232
494
416
585
343
443
416
526
643
571
517
391
168
296
273
161
245
328
379
-17
165
109
216
206
382
201
344
236
482
337
253
676
345
461
551
828
591
989
690
776
629
704
480
550
427
642
535
335
606
166
409
311
590
325
715
253
540
405
504
463
593
533
548
444
366
704
334
648
261
312
234
346
239
434
516
696
541
540
736
480
593
583
507
686
592
665
353
743
454
512
603
739
729
586
634
475
922
709
868
529
636
508
391
526
755
294
567
485
555
417
379
580
511
403
528
338
453
193
505
111
464
322
331
268
284
471
349
351
350
352
327
454
437
603
707
480
423
647
136
385
67
316
326
183
365
239
241
295
66
502
338
89
148
-112
-216
-281
-260
-81
-338
98
-73
-5
-98
15
-193
-150
-61
-18
-189
-329
-109
-320
-164
-62
-76
-102
-13
-120
-57
-172
-43
-140
-294
-30
-480
-216
-502
-479
-187
-320
-178
-189
-179
-523
-224
-376
-116
-516
-261
-707
-484
-881
-233
-382
-309
-185
-371
-65
-564
-158
-439
-352
-332
-252
-494
-440
-436
-527
-752
-593
-585
-265
-407
-376
-575
-418
-240
-170
-412
-285
-285
-360
-565
-497
-358
-549
-85
-483
216
-50
-22
-85
-251
94
-173
174
-86
152
161
36
140
296
150
186
329
381
284
100
104
-118
5
-470
-265
-531
-489
94
-452
-98
-215
-458
-302
-311
-292
-658
-366
-758
-630
-820
-874
-757
-922
-512
-837
-605
-766
-717
-901
-576
-871
-409
-647
-167
-367
-403
1
-179
-45
-360
-5
-370
-56
-295
3
-170
-243
-114
-458
-353
-467
-595
-702
-637
-860
-884
-965
-1332
-1136
-1378
-880
-1003
-504
-846
-552
-907
-859
-893
-654
-699
-597
-596
-653
-884
-893
-240
-564
99
-101
386
-231
-299
-273
-338
-158
60
-59
8
-223
-140
34
-177
285
226
404
382
389
463
251
207
107
182
109
492
396
627
379
573
370
415
624
644
669
704
700
951
725
931
811
852
814
282
463
293
347
426
185
121
200
167
516
268
271
110
414
256
123
351
6
212
-164
8
256
274
566
477
140
404
406
547
474
503
529
-42
334
469
687
631
667
679
404
-56
273
-140
126
-58
-34
-47
65
188
-158
-433
-471
-306
-391
207
-353
-183
-652
-157
-186
-318
211
137
-189
-131
-349
-185
-377
-121
68
208
476
168
55
-391
-172
-255
66
145
535
-291
-89
-839
-13
-214
137
55
-132
-169
88
531
39
608
-111
549
323
754
418
589
395
729
359
885
861
735
940
348
1099
737
1172
843
928
443
372
538
590
676
164
350
-161
61
291
675
370
73
-311
-219
-668
-28
-153
573
65
-314
-448
-1082
-573
-142
-67
623
-76
736
-230
147
157
175
628
292
411
403
88
224
-504
-151
-330
-302
174
-376
344
-22
1
-86
-307
-159
60
17
-1
-932
-297
-1045
-35
-67
156
-85
-678
-334
-690
-512
-535
-580
-943
-767
-1520
-176
-343
-67
-227
-1183
-65
-689
340
-93
481
-155
-77
120
850
750
305
363
390
491
467
934
504
720
125
283
298
559
467
-32
-139
-216
323
15
759
403
-91
-199
-46
824
-285
129
-377
-210
-487
-168
-372
-59
-518
-306
-380
260
148
165
331
-80
275
182
-5
266
265
220
367
699
833
433
615
291
-199
28
201
320
-137
-308
223
-597
-6
-913
-240
-128
-57
-90
-694
22
-570
-744
-391
-765
-568
-1512
-865
-151
-670
665
-691
182
-409
60
216
-487
567
-207
255
28
250
506
-231
-98
-424
-1056
-136
-1162
128
-738
-350
49
-1337
-665
-2179
-1174
-1269
-638
448
-28
-218
-1043
-915
-568
-575
254
-233
-102
-324
-947
-84
-386
420
603
700
1251
625
687
859
76
-81
59
682
150
24
-435
-748
-692
-536
152
282
630
391
-75
-375
182
254
639
335
428
111
-301
453
756
1315
1417
1185
600
491
-337
-130
-218
-53
-142
-296
-398
-238
-33
273
389
-161
-200
-486
-20
82
93
-462
-127
-334
-41
571
787
666
140
216
162
122
482
75
-97
-308
-308
-617
-554
-77
-507
-1041
-1100
-1051
-949
-652
-758
-997
-804
-669
-771
-64
-43
207
-212
-156
-301
-448
-362
-243
-435
-271
-746
-422
-558
-442
-674
-627
-1236
-1570
-1457
-1226
-568
-707
-600
-496
-866
-965
-972
-637
-605
-625
-580
-80
-217
-83
42
-44
600
-17
219
-184
-762
-831
-856
-767
-424
-468
503
79
365
228
235
256
-224
525
124
966
1034
641
1048
417
929
784
801
1464
567
911
353
-253
329
93
452
84
494
425
614
673
350
806
202
239
678
564
961
982
1041
1499
1102
2020
2226
2085
2393
2141
2135
2008
1762
1985
1564
1253
1248
1398
1512
1531
1618
1107
887
551
703
810
308
855
365
6
73
-72
129
0
276
462
179
611
876
593
681
422
1132
812
1013
1143
1342
1278
1037
1332
1093
1530
1261
1053
653
518
390
256
-21
84
-332
-521
113
-50
-55
-824
-708
-854
-1061
-813
-979
-780
-1013
-651
-627
-44
-103
-131
-190
-3
-155
-177
-212
27
-218
-848
-167
-651
-429
-665
-407
-7
-310
211
-121
-346
-433
-360
-440
-423
-155
-120
-185
151
-175
-169
-457
-318
-555
-982
-522
-886
-897
-1270
-1130
-1209
-1116
-753
-376
-299
-365
-103
-231
-132
342
222
341
446
567
780
658
1148
1195
1397
1574
1787
1781
1376
1369
1239
981
1098
796
857
258
521
422
501
735
575
493
71
-133
-1
117
331
489
280
257
380
489
450
736
582
582
267
247
-57
-269
-529
-861
-1103
-1420
-1452
-1802
-2094
-2296
-2433
-2435
-2997
-3190
-3520
-3795
-4410
-4783
-5099
-5033
-5192
-5263
-6005
-6344
-6499
-6823
-6495
-6494
-6169
-6243
-6273
-6756
-6503
-6944
-6728
-6788
-6077
-5705
-4679
-4234
-3079
-1893
-549
1208
2440
4599
5379
6403
7016
8113
8973
9869
10492
11329
11868
12101
12238
12294
12088
11614
10602
9532
8714
7291
5650
4409
3231
2006
559
-241
-743
-1399
-1354
-1140
-659
-591
-269
212
800
1139
2137
2832
3299
4092
4874
5738
6120
6475
6610
6687
6538
6050
5251
4225
2742
1471
148
-1393
-2643
-3733
-4889
-5933
-6930
-7855
-8509
-9236
-9588
-10130
-10474
-10821
-11118
-11037
-11416
-11372
-11767
-11646
-11894
-12281
-12512
-13007
-13715
-14797
-15870
-17258
-18455
-19803
-19682
-19106
-17839
-17489
-15192
-13198
-10713
-7782
-4602
-671
1783
5387
7959
10666
13111
16011
17842
19747
21538
23751
24665
25171
26301
25174
23296
20979
18670
15162
10881
6833
2603
-1404
-5614
-8603
-11310
-13414
-14829
-16060
-16020
-16035
-15418
-14215
-12526
-11094
-8890
-6089
-3019
-97
2817
6207
8652
11857
14368
17233
18954
20784
21951
22486
22391
21654
20699
19213
17391
14858
12836
10697
8428
5960
4399
2609
1084
-523
-1300
-2168
-2749
-3272
-3823
-4350
-4838
-5225
-5835
-5983
-5598
-5520
-5129
-4371
-3576
-3128
-2598
-1897
-1476
-1551
-1871
-2087
-3104
-4041
-5189
-6398
-7996
-9353
-10387
-11612
-13112
-14848
-16688
-18800
-21476
-23426
-25007
-26385
-26287
-25433
-24004
-22414
-19074
-15814
-11788
-7990
-2061
2287
6471
10621
14206
16790
19873
22680
24401
25755
27094
28498
27817
27728
26606
24114
20544
16913
13090
8216
3192
-1450
-6471
-11108
-15063
-17482
-20065
-21410
-22452
-22314
-21084
-19197
-16770
-13834
-10618
-7131
-3175
1011
5605
9181
13145
16344
19343
21705
23475
24918
25364
25412
24570
23240
21308
18940
16215
13242
10460
7695
4959
2310
55
-1788
-3408
-4578
-5288
-5789
-5719
-5480
-4900
-4182
-3458
-2460
-1600
-858
280
1387
1926
2395
2832
2964
2605
2185
1720
733
-555
-1934
-3258
-4825
-6555
-8392
-9902
-11167
-12723
-14055
-15136
-16659
-18225
-19149
-20430
-22111
-23989
-25704
-27278
-28402
-28059
-26761
-25045
-23777
-20082
-16813
-12270
-8079
-2614
2718
6104
10506
13380
16621
19454
21723
22938
24217
25213
26741
25844
26026
26004
23768
20805
17871
15606
11120
5964
1567
-2868
-7513
-12279
-14434
-16943
-19058
-20042
-19600
-17803
-16452
-13845
-10647
-7067
-3464
511
4733
9077
12225
15264
18100
20135
21748
22424
23036
22876
22388
20852
19319
17136
14575
12077
8984
5954
2344
-466
-3103
-5644
-7879
-8912
-9709
-9966
-9347
-8275
-7065
-5686
-3722
-2084
-573
849
2136
3001
3787
4210
4712
4620
4728
4619
4402
3891
3237
2783
1635
-25
-1563
-3469
-5730
-7855
-9676
-11743
-13899
-15519
-16676
-17906
-19200
-19840
-20853
-22385
-24010
-26057
-27872
-29700
-30900
-30727
-29114
-27825
-26180
-22126
-18306
-12827
-8672
-1347
3818
8837
12971
17260
20858
24201
26237
27852
29150
30491
31719
30442
31056
29559
26788
22871
19560
15860
10012
4551
-952
-6429
-12296
-17614
-20547
-23843
-25585
-27079
-26618
-25135
-23174
-20240
-16476
-12308
-7481
-2570
2851
8215
11984
15931
18977
21317
22604
24214
25252
24663
23864
22786
21300
18205
15635
13233
9677
5969
2583
-609
-4240
-7051
-8994
-10164
-11206
-10652
-9513
-8062
-6161
-3606
-1109
1186
3301
5042
6506
7404
8371
9301
10177
10210
10813
11039
11554
11536
11329
10879
9724
7795
5518
2828
-176
-3571
-7060
-10071
-12574
-14598
-16119
-17164
-18312
-19154
-20568
-21182
-22588
-23955
-26043
-27451
-29427
-30032
-28971
-26178
-24166
-21144
-15920
-11399
-5433
-112
7827
11815
16593
19829
22826
24930
27719
27913
27944
27949
28570
27506
25288
25885
23345
19230
14768
11959
7733
756
-5357
-10897
-16734
-22580
-26517
-28159
-30587
-31575
-31929
-29373
-26183
-22592
-17428
-11513
-6057
-380
5311
11344
16073
19209
22922
24865
26247
26671
26886
26233
24492
22573
20588
18200
15284
12148
8244
4297
453
-3025
-6559
-9656
-12211
-13534
-14032
-13371
-12204
-10105
-7646
-4592
-1029
2693
5738
8284
10178
11648
12924
14146
15316
15510
15995
16021
16355
16139
15898
14699
13011
10576
8326
5245
1867
-2149
-6536
-10982
-15163
-17957
-20529
-22564
-24022
-24831
-25800
-26290
-25781
-26165
-26944
-28397
-29101
-30336
-30491
-28748
-25585
-24350
-22115
-16290
-11529
-5752
-778
7738
12181
16180
20282
23923
25905
27903
28263
28050
27130
26767
25977
22805
21967
19041
14810
10391
7188
3377
-2396
-7648
-12414
-16996
-21940
-25287
-26920
-28798
-29440
-29370
-26576
-23120
-18921
-14144
-8016
-2237
3254
8440
14131
18887
21031
23516
24636
25050
24473
23797
22429
20314
18318
16356
14230
11464
9068
6041
3566
973
-1998
-5073
-7645
-9693
-10927
-11185
-10733
-8929
-7327
-4212
-1060
3176
6618
9891
12981
15358
17231
18326
19806
19538
18936
17768
17569
15953
15247
13515
12218
9285
6506
3675
478
-3530
-7815
-12239
-16606
-20442
-23710
-25816
-27727
-28864
-29652
-29054
-28353
-26969
-26222
-25642
-25541
-26451
-26861
-28146
-28206
-27354
-24930
-24590
-21142
-16844
-11852
-6862
-1691
6507
10256
15072
18550
21266
22553
24000
23357
22545
20389
20298
17947
14833
14086
11874
8604
5221
3735
1799
-2374
-5991
-9090
-11834
-16138
-18845
-20129
-21719
-22371
-22729
-19744
-16393
-12920
-8386
-2784
2114
6792
10947
15770
18670
19679
20685
20901
20417
18876
17989
17256
15999
14507
13507
12513
10773
9053
7511
5456
2578
144
-2287
-4456
-6775
-8021
-8343
-7906
-6540
-4349
-916
2716
6531
10535
14247
16719
19033
20462
21640
21637
20702
19493
17932
16535
14976
13639
11833
9677
7447
4481
1587
-1343
-5354
-9679
-13569
-16982
-20545
-23122
-24517
-25541
-26149
-25529
-23706
-21930
-20366
-19170
-18727
-18796
-19813
-21625
-23054
-25197
-26902
-26824
-24518
-23516
-21189
-16890
-11220
-5938
-1145
6293
10560
14296
16360
18000
18623
19348
17997
16240
14205
14496
13498
11807
13293
13883
13094
11421
11914
10809
7747
4342
1345
-2466
-7931
-11592
-14216
-16737
-18255
-18782
-17378
-14971
-12318
-8600
-4232
-730
2589
5220
8533
10301
10811
11651
12237
12201
11866
12641
13652
13956
14183
15216
15471
14820
13856
12655
10587
7521
5027
2669
-197
-2830
-3816
-4282
-4524
-3246
-1207
1768
4046
7010
10628
12841
14306
15493
16476
16231
15263
14527
13409
11171
9696
8017
6673
4773
2563
1225
-1339
-3440
-6356
-9534
-12659
-15175
-17571
-19609
-20434
-20720
-20670
-20135
-18918
-17492
-16490
-15764
-14650
-14749
-16122
-18060
-21159
-23278
-26088
-27390
-26383
-23729
-22121
-18405
-12478
-6216
-1106
4094
11489
14305
16543
17299
18526
17671
17618
16021
15497
14733
16043
16651
17302
20433
21733
21950
20858
21070
19251
15047
10279
5219
-141
-7082
-11994
-15763
-18920
-20882
-22359
-21111
-19015
-16495
-13564
-9623
-6317
-3746
-1631
1491
3561
4013
5250
6876
7970
8368
10320
12255
13670
14540
16552
18198
17317
16767
15779
13263
9395
6140
2702
-728
-4472
-5903
-6622
-6634
-5137
-2598
264
2848
5865
9148
11270
12265
13483
14172
13692
12302
11093
9574
7500
5303
4378
2945
1335
188
-520
-1722
-3421
-5099
-7274
-9747
-11933
-13858
-15243
-15935
-16012
-16054
-15475
-14176
-12807
-11991
-11972
-12074
-12762
-15514
-17717
-21008
-23280
-26112
-28715
-28180
-25648
-23789
-21454
-15955
-10844
-5993
-2701
3588
6673
7556
8664
9059
8513
8603
9061
9779
10193
12592
16504
18476
22421
26039
27422
27361
26802
25320
21430
16056
9953
3778
-3003
-9524
-14778
-18910
-21198
-23892
-24628
-22870
-21040
-19217
-15943
-12715
-10202
-8716
-6410
-3569
-2356
-372
2118
4893
7588
10485
14041
17089
19720
22037
23809
23819
23278
22096
19487
15841
12662
8962
5276
1747
-17
-971
-1592
-385
1948
4780
6377
8718
10490
11607
11341
10688
9710
8085
5809
3853
1988
670
-49
-1354
-997
-1221
-1066
-1875
-2715
-3401
-4619
-7286
-9124
-10698
-12292
-14386
-15305
-14609
-14451
-14654
-13818
-11891
-12184
-12977
-13794
-14826
-17886
-21283
-24598
-27127
-29885
-32180
-31608
-28604
-25487
-22858
-17553
-11799
-6583
-3191
2346
6436
7940
9238
9993
10935
11799
12916
13783
15271
18272
22241
23908
27836
31489
32097
30644
29305
27423
21928
14935
8278
1432
-6572
-14159
-18685
-22753
-25625
-27846
-28062
-25786
-23766
-21260
-17512
-13278
-9746
-6996
-3287
1072
3224
5616
9130
12667
15247
18300
22305
25281
27134
28524
29683
28674
26534
24280
20667
16403
12433
8237
4872
1834
-54
-1054
-1497
-738
542
2386
4187
5585
6271
7671
7076
6535
5270
4414
3294
2000
1478
1326
1375
1332
2771
2828
3454
2755
2160
425
-1104
-3703
-6248
-9049
-11090
-13090
-14212
-14502
-14690
-15268
-15104
-14574
-14932
-15839
-17317
-18944
-21968
-24498
-27033
-28675
-30806
-32441
-31705
-28708
-25909
-23215
-18057
-12837
-8262
-4127
1818
6073
8265
10729
12105
13241
14295
15746
16534
17484
19568
22501
23586
26036
28108
27930
26368
24111
21102
16521
10315
3525
-3112
-9623
-15677
-20759
-24342
-26097
-27931
-28129
-25386
-21932
-18791
-15085
-10587
-6427
-3216
339
4864
7624
10147
13368
16710
19268
21837
24743
26558
27686
28535
28581
27111
24658
21980
18492
14468
10927
7588
4375
1371
-579
-1317
-1869
-1703
-451
908
1632
2540
3798
4754
4818
4364
3974
4110
3867
3518
3305
3693
3755
3176
3493
3776
3235
1969
916
-63
-1879
-4517
-7031
-9227
-11784
-14566
-16146
-16409
-17015
-17719
-17550
-16591
-16479
-16889
-17209
-17634
-19252
-21676
-24344
-26198
-27517
-29796
-30254
-27735
-24857
-23770
-20018
-14396
-10002
-6414
-1322
5077
7136
9316
11090
12171
12792
13481
13813
14114
15184
17397
18667
20381
23172
23503
22902
21513
19966
16611
11495
6002
62
-5756
-11751
-16709
-20478
-22715
-24489
-25476
-22989
-19724
-16844
-13236
-8443
-4187
-1313
1882
6258
9092
11196
14037
16641
18290
19937
21881
23128
23631
23936
23745
22778
21133
19364
16921
13599
10384
6908
3476
647
-1871
-3120
-4388
-4218
-3678
-2679
-1414
-21
1588
2855
4323
4713
5543
6267
7020
6798
6901
6754
6468
5450
5230
4715
3876
2506
1237
-271
-2665
-5589
-8004
-10666
-13504
-15711
-16897
-17256
-17826
-18211
-18024
-17198
-17390
-17556
-17938
-18439
-20149
-22297
-24536
-26013
-27476
-29762
-29598
-26655
-24082
-22254
-17003
-10828
-6165
-2449
3804
9154
11162
12825
14114
14821
15034
14899
14882
15185
16200
17884
18313
21104
23470
23630
22947
22268
20683
16653
11526
6350
43
-6638
-12454
-16830
-20397
-22565
-23638
-23358
-20522
-17287
-14007
-9869
-5434
-1082
1948
5594
9252
11353
12666
14352
16024
17400
18559
19871
21080
21528
21706
21724
21007
19294
17084
14217
10811
7537
3971
810
-1807
-4129
-5416
-6696
-6373
-5723
-4183
-2167
153
2649
5170
6916
8130
9010
9781
10074
9460
8998
8208
7618
5972
5263
4122
2854
778
-941
-2828
-5117
-7942
-10579
-12823
-14791
-16591
-18364
-18330
-18620
-18824
-18634
-17206
-16333
-16356
-16778
-17071
-17777
-19861
-22114
-23222
-23905
-26204
-26515
-22994
-19810
-18184
-14070
-8087
-3682
-1024
3801
8903
10476
11661
12389
12909
12846
12838
12827
12712
13812
16278
16637
19176
22312
22921
22121
21603
20471
16803
11796
6503
803
-5557
-11380
-15774
-19376
-21295
-22356
-22338
-19546
-16052
-12964
-9186
-4745
-1006
1512
4178
7508
8875
9826
11165
12758
13876
15099
16647
18154
19059
19829
20390
20132
18887
17018
14393
11295
7989
4495
1317
-1348
-3481
-4441
-4939
-4084
-2287
-22
2638
5434
8427
10648
12563
13487
13978
13917
13560
12107
10826
9298
8005
5940
4737
3513
1878
-6
-1717
-3235
-5441
-7884
-10158
-12248
-14686
-16584
-18021
-18497
-18991
-19398
-19195
-18218
-17729
-17455
-16937
-16854
-17433
-18823
-20438
-21730
-22727
-24775
-25617
-23527
-21151
-20258
-17079
-11329
-7440
-4739
-761
4601
6079
7163
8287
9166
9165
9434
9561
10231
11190
13975
15156
17395
20825
21858
21557
21151
20381
17213
12722
7691
2158
-3927
-9715
-14518
-18165
-20438
-21798
-22529
-20173
-16791
-14039
-10622
-6184
-2398
91
2465
6168
8189
8774
10366
12576
13685
14473
16107
17957
18655
19142
19847
19723
18536
16684
14480
11697
8427
4996
1992
-403
-2624
-3592
-4005
-3418
-2196
36
3028
5310
7633
10446
12032
12985
13416
13566
13035
11813
10686
9451
7720
5904
4047
2592
1310
-636
-2059
-3819
-4865
-7057
-9424
-11144
-12658
-14870
-16311
-16516
-16745
-17374
-16950
-15682
-14606
-14642
-14612
-14301
-14971
-16282
-17977
-19577
-20428
-22256
-24145
-23310
-20663
-19136
-18182
-13878
-9928
-7282
-4562
50
3431
4101
5940
6852
7133
7865
9227
10050
11121
13312
16527
18067
21231
23527
24460
23870
22425
20635
16885
11409
5306
-515
-6494
-12628
-17407
-20213
-22145
-23784
-23266
-19838
-17289
-14693
-10660
-6677
-3711
-1884
1109
4206
5246
6450
8769
10767
11824
13328
15596
17489
18345
19260
20225
20144
18464
16727
14637
11897
8676
5275
2777
433
-1502
-2579
-2936
-2162
-631
1339
3924
6434
9047
10694
12065
12608
12710
12245
11272
9813
8568
6888
5246
3737
2472
1652
128
-914
-2394
-3513
-5467
-7414
-9162
-10230
-12445
-14179
-14991
-15397
-16395
-16471
-15728
-15125
-15086
-15006
-14453
-14748
-16369
-17959
-19458
-21175
-22722
-24182
-25197
-24382
-22376
-20355
-18370
-14665
-11324
-7787
-4683
-671
2368
3688
6070
6525
6900
8416
10912
11883
13008
16415
20670
21909
24431
27067
27889
25461
23076
21127
16715
9631
3425
-2250
-8448
-14984
-18574
-20871
-22674
-23660
-22170
-18885
-16618
-13682
-9311
-5503
-3254
-773
2685
5382
6064
8055
10856
12714
14077
16681
19634
21438
22531
24381
25368
24523
22707
21189
18663
14859
11316
8395
5045
1786
-174
-899
-1504
-634
674
2598
4628
6901
8950
10439
11439
11127
11197
10480
9216
7825
6740
4936
3504
1857
1302
-7
-1347
-1874
-2969
-4147
-6104
-7394
-8972
-11095
-13204
-14009
-14833
-15500
-15856
-15321
-14696
-14201
-14025
-13543
-13245
-14041
-15155
-16189
-16829
-18896
-21122
-22115
-22424
-23998
-23068
-20086
-17678
-16985
-13797
-9774
-6810
-5185
-2349
127
1486
2549
3241
5323
8299
10284
11620
15477
20256
23694
24769
28104
29891
28575
25460
23394
19763
13639
7376
1688
-4498
-9793
-14282
-17140
-18984
-19341
-19398
-18561
-16356
-14239
-12418
-10334
-8002
-5550
-3794
-1497
1215
3510
6210
8737
11817
14929
18123
20618
22760
24503
24947
24094
22998
21333
18456
14661
11473
8435
4956
2266
661
-474
-985
-789
848
2320
3558
4983
6529
7235
7101
7022
7017
6409
5013
4011
2779
1926
311
-256
-762
-1264
-2031
-2704
-3642
-4894
-6647
-8307
-10113
-11791
-13439
-14429
-14835
-15404
-15505
-15028
-13892
-13283
-12841
-12152
-11848
-13126
-14406
-15264
-16217
-18438
-20767
-21660
-22246
-23138
-23200
-20534
-17951
-16683
-14588
-10695
-7413
-5317
-3981
-647
623
1602
2857
4594
7100
9855
12583
15606
19725
23634
26321
27724
30007
30184
28239
24439
21451
17206
10962
4119
-1179
-6051
-11332
-15353
-16838
-17857
-19200
-19624
-17933
-16148
-15330
-13626
-10901
-8998
-7319
-5056
-1914
788
3139
6293
9671
12789
15233
17648
19892
21354
21735
21427
20827
19065
16353
13621
10894
7838
4764
2860
1972
870
366
454
1457
2293
3016
4040
5286
5334
4852
4532
3830
3047
2150
1273
573
205
114
-100
-528
-3
-508
-1302
-2665
-3308
-4745
-7032
-9005
-9908
-11146
-12377
-12701
-12312
-12112
-11703
-10769
-9133
-8250
-8003
-8145
-8980
-9827
-11620
-13564
-15305
-17139
-19621
-21031
-20854
-20390
-20545
-18753
-15667
-14034
-13154
-10392
-8046
-6825
-6402
-3987
-2194
-1169
472
2326
5259
8741
12571
16178
20840
25079
28054
29293
31723
31788
29551
26006
22664
17848
11865
6311
1375
-3576
-7945
-11229
-13523
-15233
-16123
-16501
-16171
-15173
-13979
-12942
-11467
-9603
-7685
-5992
-3539
-390
2556
5532
8547
12121
15201
18034
20330
22279
23509
23263
22567
21714
19960
17712
15474
13460
11740
9438
8255
7538
6656
6313
6067
6429
6030
5791
5111
4657
3293
2466
1461
906
-99
-728
-749
-239
-231
-26
138
-175
-866
-2137
-2369
-3716
-5326
-6938
-8023
-9387
-10207
-10638
-10266
-10090
-9690
-8988
-7987
-7192
-7097
-7743
-8653
-9890
-12279
-14369
-15930
-17930
-20207
-21817
-21950
-21895
-22193
-21512
-19095
-17461
-15981
-14366
-11555
-10561
-9350
-7976
-4981
-3571
-1415
1189
3855
7049
11265
15610
19137
22741
26167
28868
29271
30552
29771
27197
22965
19101
14773
9369
3895
-469
-4650
-8701
-12231
-13721
-15039
-16077
-16864
-16226
-15565
-15367
-14455
-12190
-10587
-9096
-6988
-3428
-35
2599
6341
10353
13573
15906
18880
21481
22804
22940
23009
22345
20778
18507
16680
14881
12777
10656
9401
8612
7606
6389
5990
5741
5190
4083
3378
2701
1232
-406
-1412
-2222
-2918
-3427
-3653
-3239
-2975
-2669
-2674
-2127
-2393
-3092
-3975
-4628
-5933
-7632
-9105
-10061
-10375
-10770
-10329
-9549
-8645
-8069
-7306
-6540
-5960
-6031
-6829
-7933
-9246
-11349
-13762
-16038
-17820
-19611
-21508
-22236
-21816
-21888
-21084
-18741
-16343
-15465
-13841
-11431
-9701
-8376
-6566
-3978
-2266
506
2773
5678
9447
13389
16390
19917
23554
26785
27485
28596
29295
27590
24135
20747
17262
12546
7449
2898
-1396
-5595
-8979
-11484
-13435
-14633
-15619
-16193
-16211
-15940
-15559
-14584
-13292
-11700
-9646
-7168
-4067
-793
3065
6513
9790
12927
16152
18547
20313
21550
21782
20910
19317
17854
16210
14195
12530
10866
9781
9089
8277
7476
7472
6975
6024
5086
3835
2680
886
-577
-2161
-3357
-4416
-4809
-5255
-5124
-4802
-4081
-3632
-3044
-2186
-2490
-3054
-3635
-4572
-5992
-7333
-8505
-9262
-9791
-9901
-10038
-9070
-8220
-7393
-6657
-5269
-4225
-4379
-5137
-5872
-7299
-9955
-12202
-13799
-16067
-18760
-20404
-20830
-21406
-21824
-20340
-17991
-16213
-15513
-12703
-10439
-8514
-7422
-4620
-2287
-454
1720
4463
7573
10678
14017
17073
20550
23427
26080
27353
28837
28609
26934
24170
21626
18205
13914
9032
4677
251
-3903
-7660
-10356
-12608
-14320
-15825
-16484
-16609
-16441
-16162
-15159
-13711
-11710
-9496
-6415
-2776
840
4527
8036
11707
14591
17244
19289
21068
21682
21835
21264
20089
18507
17204
15638
14253
13115
12327
11366
10689
10014
9070
8294
7477
6266
4865
3083
1455
-478
-2010
-2823
-3590
-4190
-4325
-3637
-3405
-3031
-2631
-1796
-2075
-2330
-2784
-2986
-4121
-5616
-6749
-7744
-8779
-9451
-9425
-8782
-7641
-6899
-5985
-4656
-3435
-3467
-3768
-4262
-5462
-7945
-10659
-12731
-15391
-18691
-20683
-21653
-22310
-23247
-22179
-20011
-18077
-16944
-13992
-10823
-8250
-6683
-4191
-1664
64
1333
3216
6362
9140
11672
14190
18083
21095
23470
24788
27354
27889
26822
24674
22674
19628
15043
9998
5853
1340
-3285
-7420
-10071
-12552
-15000
-16712
-17124
-17046
-17271
-16585
-14954
-13373
-11823
-9416
-6294
-2871
-139
3844
7342
10548
12997
15520
17658
19179
19858
20223
19983
18931
17528
15933
14549
12930
11534
10245
9627
8622
7571
6791
5774
4959
3673
2574
1380
417
-1186
-2507
-3605
-4035
-4565
-5052
-4539
-3642
-3180
-3356
-2788
-2142
-2396
-3265
-3673
-4563
-5838
-7453
-8553
-9357
-10287
-10585
-9917
-8887
-7790
-6673
-5721
-4567
-3953
-4074
-4412
-5166
-6822
-9199
-11460
-13441
-15940
-18619
-20315
-20968
-22071
-22623
-20717
-18460
-17361
-15932
-12768
-10080
-8557
-7075
-3779
-1388
511
2003
4653
7669
10797
13130
16538
20167
23383
25233
26962
29125
28911
27089
24722
22809
18885
13581
8550
4204
-789
-5695
-9240
-11423
-14220
-16624
-18084
-18475
-18788
-18973
-18048
-16476
-15434
-13407
-10844
-7501
-4462
-1117
2571
6283
9585
12530
15210
17314
18585
19010
19162
18870
17724
16164
14774
13212
11814
10303
9279
8537
7422
6400
5741
4876
4078
3199
1922
724
-459
-1848
-3173
-3875
-3930
-4181
-4181
-3119
-2020
-1512
-944
-288
160
-633
-1641
-2315
-3363
-5447
-7035
-8119
-9032
-9769
-9846
-8997
-7858
-7035
-6360
-5255
-4530
-4390
-4841
-5550
-6984
-9348
-11788
-14124
-16331
-19112
-21187
-22319
-22954
-22964
-20955
-18452
-16552
-14657
-11245
-8280
-6116
-4436
-1772
-4
1557
2959
4814
7699
11125
13509
15956
19627
23079
24882
25992
28107
28046
25927
22910
20355
16542
11446
6072
1588
-2948
-7371
-11164
-13329
-14850
-16319
-17726
-17835
-17146
-17200
-16483
-15002
-13863
-12275
-9936
-6497
-3017
570
4467
8403
12168
15422
18424
20568
21870
22169
21755
20479
18988
17036
14793
12705
11477
10104
9054
8364
8198
7994
7461
7364
7531
7009
5661
4603
3214
1501
-631
-1627
-1968
-2066
-2256
-1526
-532
350
609
1273
1258
718
-924
-2866
-4924
-7064
-9521
-11596
-12892
-13554
-13572
-13080
-11460
-9686
-7956
-6884
-5346
-4299
-4189
-5507
-6928
-8835
-11686
-14658
-17020
-18996
-20803
-22009
-22402
-20699
-17873
-15516
-13358
-9806
-6582
-4366
-2380
427
2095
2648
3966
5108
6320
8621
11827
14190
17177
20839
24410
25506
27061
27744
26433
23367
19967
15931
11108
5748
410
-4067
-8028
-11038
-13182
-14309
-14810
-15350
-15486
-14620
-14044
-14092
-13347
-12306
-11682
-10512
-8303
-5324
-2598
1063
5243
9174
12771
16305
18847
20184
20729
20450
18983
16389
13810
11179
8396
5958
4653
4006
4014
3842
4819
6217
6681
6993
7524
7410
5741
4213
2645
926
-1341
-2337
-2868
-2666
-2319
-1066
248
1681
2961
3525
3219
2153
478
-2454
-5592
-8354
-10745
-13342
-14754
-14799
-13761
-12788
-10802
-8316
-6014
-4604
-3560
-3046
-3685
-5449
-7908
-10408
-13339
-16463
-18823
-20136
-20681
-21336
-20255
-16688
-13407
-11135
-7534
-3754
-1640
-302
1730
3486
3476
3987
4625
5861
7364
10378
12734
15728
18967
22378
24228
25820
26862
25236
22335
18726
14240
8583
2918
-2193
-6693
-10792
-13369
-14646
-14899
-14819
-14377
-13633
-12497
-11929
-11894
-11560
-11195
-11535
-11229
-9679
-7071
-4736
-1059
3680
8145
11916
15701
18938
20707
20961
20330
18792
15867
12239
8898
6252
3549
1849
1446
2327
3435
4670
6642
8538
9369
9909
9729
8681
6756
4767
2488
311
-1645
-2323
-2381
-1680
-283
1251
2548
3576
4556
4070
2616
412
-2186
-5863
-9364
-12191
-14224
-16036
-16678
-16205
-14797
-12951
-10278
-7820
-5993
-4695
-4450
-5080
-6614
-8870
-11638
-14419
-17123
-19325
-20485
-20938
-20984
-18678
-15005
-11651
-8798
-4412
-736
1314
2506
4980
5804
5795
5756
5971
6594
8474
10904
12743
15874
19552
22041
22892
24673
24515
21750
17393
13851
9036
3337
-2175
-6568
-10452
-13581
-15324
-15614
-14592
-13334
-12604
-11130
-9370
-8616
-8987
-8704
-8474
-8948
-8995
-7348
-4800
-2480
594
4741
8981
12519
15939
18448
19890
19560
18010
15630
12723
9309
5800
2646
560
-343
-665
83
1864
4166
6136
8031
9739
10485
10460
9598
8172
6602
5174
3767
2634
2262
2679
3278
3931
5343
5946
5652
5296
4451
2196
-1080
-4199
-7485
-11223
-13998
-15646
-16760
-17204
-16546
-15257
-13907
-11913
-9942
-8929
-8541
-8410
-9079
-10641
-12730
-14626
-16991
-19229
-20260
-20768
-20026
-17050
-13325
-10447
-6807
-2233
1511
4190
6557
9092
9699
10318
10045
9901
10428
12453
13223
14551
17575
20900
21921
22457
24175
23226
19858
15874
12643
7454
1160
-4260
-8494
-12230
-15375
-16731
-16383
-15386
-14458
-12714
-10282
-8423
-7463
-6433
-5235
-5114
-5003
-4307
-2710
-1370
430
3077
6168
8753
11737
14417
16018
16580
15864
14483
12106
9142
5851
2977
318
-1757
-3125
-3386
-2537
-1296
538
2833
4669
6007
7450
8456
8420
7966
7639
7203
6404
6061
6056
5953
5798
5799
5698
5531
4831
3716
2268
166
-1678
-4535
-6974
-9587
-11642
-13837
-15245
-15675
-16088
-16113
-15508
-14318
-13299
-12328
-11970
-11613
-12103
-12915
-14374
-15702
-16972
-18137
-19563
-18736
-16062
-13529
-11345
-7334
-2289
1370
4905
9483
12961
14409
15429
15893
16227
16579
17375
16954
17435
18855
19755
19541
20584
20794
18704
15398
12927
9720
5376
693
-3970
-8269
-11915
-14793
-16437
-16223
-15616
-15127
-14078
-11513
-8852
-6853
-4596
-2182
-585
1004
3080
5185
6860
8343
9474
10413
11449
12468
12809
12788
12282
11101
9707
7913
6048
3904
2028
116
-1428
-2626
-3549
-4146
-3895
-3322
-2375
-716
1307
2963
4654
6780
8163
9426
10421
11414
11090
10677
10075
9336
7479
6075
4581
2660
510
-984
-2259
-4184
-6125
-7940
-9358
-11250
-12871
-14633
-16262
-17935
-19097
-19763
-19883
-19662
-19432
-19334
-19004
-18530
-18804
-19218
-19131
-19425
-20157
-18987
-16589
-14297
-12363
-8645
-4686
-806
3388
7965
11758
15330
17581
18554
19549
21324
21625
20602
20985
21492
20445
18632
18296
16724
13689
9730
6488
3015
-616
-4263
-7695
-10598
-12662
-14356
-14997
-14783
-14529
-14477
-13984
-12470
-10395
-8245
-5629
-2829
-138
3196
6797
10104
13019
15177
15956
15885
15718
15039
13296
11280
9131
7097
4925
3047
1457
147
-1170
-2580
-3324
-3981
-4669
-5539
-5645
-6100
-5850
-4749
-3051
-1647
399
2899
5571
7713
10074
11911
12841
13286
12832
12090
10956
9412
7284
5245
3418
2109
352
-1436
-3280
-5066
-7315
-9232
-10990
-12887
-15007
-16950
-18469
-19319
-19450
-19576
-19420
-19563
-19830
-20491
-20811
-20887
-21068
-21851
-21120
-18675
-16252
-14274
-10801
-6339
-2288
1854
6594
11154
14677
17687
19306
20775
22685
24870
25600
25927
26892
26959
24811
23007
21118
17674
12652
7677
3236
-1001
-5443
-9153
-12171
-14022
-15114
-15561
-14855
-13626
-12708
-12256
-11316
-9966
-8144
-6041
-3828
-1414
1390
4780
8351
11484
14381
16563
17400
17187
16525
15480
13370
10648
8082
5650
3004
508
-1034
-2060
-3563
-4991
-5823
-6582
-7420
-7964
-7968
-7432
-6618
-5433
-3674
-1520
740
2850
5621
7597
8772
9536
10157
10252
9789
9570
9200
8441
7593
7265
6519
5378
4126
2443
14
-2704
-5420
-8348
-11373
-13681
-15807
-17654
-18664
-18722
-18601
-18578
-18950
-19868
-21004
-21996
-22881
-23747
-23573
-21825
-20005
-17928
-14859
-10751
-6742
-2481
2015
6120
10177
14016
16696
18680
21707
24348
25948
27021
28495
28540
27248
25782
23488
19472
14644
9900
4854
90
-4049
-7476
-10654
-13482
-15153
-15802
-15589
-15501
-14863
-13537
-12263
-10857
-8407
-4784
-1586
1849
5881
9826
13160
16357
18921
19853
19416
18449
16595
14379
12121
9956
8111
6200
4292
2359
1266
-78
-1717
-3732
-5202
-6968
-8644
-9938
-10733
-10824
-10009
-8089
-5768
-2817
144
2843
4678
6248
7329
7512
7155
6562
5808
4697
3811
3287
3000
2773
2408
1976
1622
1079
-305
-2245
-4377
-6988
-10094
-12960
-15160
-17159
-19294
-20461
-21049
-21778
-22620
-23522
-24249
-24696
-24776
-24392
-22449
-20073
-17526
-15395
-12961
-10267
-7405
-3948
-792
2212
5381
9149
11768
15302
19972
24079
26378
28070
29610
29332
27588
24887
21630
16492
11554
6306
1764
-1600
-4715
-7584
-9963
-10958
-12573
-13471
-13701
-13707
-14164
-13909
-12908
-11150
-7951
-4184
73
4583
10002
14649
18424
21669
24034
24399
23114
21221
18682
15512
12064
9173
5900
2881
234
-1789
-3622
-5226
-6170
-7135
-7972
-8705
-8569
-8489
-8288
-7662
-6775
-5489
-3875
-1863
-140
1800
3759
5404
6584
7344
8118
8194
7372
6146
4858
3086
1064
-956
-2632
-4148
-5398
-6288
-6545
-6502
-6632
-7223
-7983
-8855
-10215
-12080
-13967
-15568
-17734
-20163
-22124
-23454
-24236
-24667
-24271
-21820
-18373
-15166
-12468
-9645
-6925
-4493
-1698
1404
4273
6801
9653
11886
14467
18204
22080
24774
26345
27755
28085
27539
26494
24371
20563
16432
11833
7189
2821
-864
-4578
-8822
-12096
-14471
-15736
-16197
-15980
-14846
-13294
-11195
-8625
-4853
-666
3233
6522
10038
13593
16901
20359
23208
24726
25256
25540
24980
23508
20958
18104
14194
9416
4282
-499
-4733
-8517
-11419
-13351
-13999
-13743
-12629
-11271
-9388
-7571
-5990
-4372
-2522
-603
985
2303
3842
5383
6477
7396
8221
8761
8356
6935
5513
4003
2034
-194
-1877
-3262
-5247
-7387
-8959
-10293
-12232
-14244
-15712
-16563
-17959
-19172
-19622
-19876
-20400
-21470
-22108
-22678
-23157
-23763
-23490
-21542
-18826
-16389
-14328
-11905
-9311
-6249
-2213
2220
6480
10208
13362
15799
18624
21498
23423
24617
25003
24095
22271
21250
19989
17584
14600
11597
7894
4248
1360
-1326
-4642
-8702
-12348
-15460
-17351
-18094
-17691
-16555
-14910
-12634
-9375
-4513
597
5259
9391
13511
16737
19691
23284
26238
27746
28288
28326
27746
26460
24985
22979
19656
15410
10349
5224
634
-2943
-6329
-9470
-11998
-13668
-14630
-14817
-13663
-11953
-10483
-8576
-6170
-3512
-521
2348
5022
6839
8161
9115
9602
9817
9559
8175
6535
5058
3719
2572
2027
1470
152
-1607
-3664
-5720
-8148
-10705
-13275
-16095
-18869
-20757
-21960
-22886
-23568
-24278
-25055
-25744
-26135
-25582
-23671
-21201
-18369
-15747
-13532
-11573
-9109
-5388
-1110
3427
7346
10318
12442
14755
17312
20024
22459
23898
23598
21926
19889
17994
16180
14067
11630
8089
4156
293
-2824
-5367
-8169
-11045
-13875
-16088
-17759
-18355
-17791
-16526
-15118
-13317
-10523
-6856
-2976
949
5606
10016
13700
17356
20839
23631
25454
26490
26885
26835
25975
24616
22438
19336
15673
11435
7825
4512
1644
-1108
-3992
-7205
-10156
-12346
-13896
-14624
-14651
-13968
-13284
-12083
-9990
-7364
-4695
-2016
430
2295
3498
4000
4392
4438
4378
3966
3871
4181
4196
4591
4745
4576
4071
3420
2132
759
-468
-1802
-3023
-4212
-4988
-5878
-6667
-7720
-8960
-10437
-11987
-13562
-15195
-16614
-17628
-18355
-18315
-17555
-16325
-14444
-12412
-10298
-8163
-6004
-4156
-2765
-1790
-1106
-269
653
1552
2625
3721
4767
6009
7072
7772
8196
7801
6833
5782
4853
3893
3101
2533
1991
1419
601
134
-111
-403
-1081
-1594
-1904
-2012
-1525
-127
1709
3535
5352
7452
9453
10989
12729
13738
13953
13297
12679
12124
10939
9757
8861
7686
6027
4407
3357
2291
948
-729
-2034
-3435
-4980
-6120
-6460
-6182
-5824
-5034
-3714
-2168
-986
539
2045
3084
3944
4645
5164
5891
6556
7144
7613
8151
8281
7895
7187
6047
4832
3604
2436
1253
434
-132
-810
-1486
-1919
-2563
-3535
-4972
-6508
-8226
-10163
-11990
-13568
-14940
-16103
-16783
-16856
-16602
-15873
-15071
-14095
-12600
-11249
-9709
-7796
-6042
-4593
-3344
-1946
-612
597
1653
2863
3434
3961
4300
4302
3999
2950
2170
907
-148
-965
-1577
-1841
-1960
-2286
-2494
-2461
-2526
-2680
-2843
-2581
-2203
-1783
-805
312
1322
2695
4466
6423
8216
10316
12314
13608
14523
15117
15336
15441
14845
13915
12721
10978
8974
6908
4982
2965
1029
-684
-2129
-3458
-4454
-5267
-5439
-5180
-4797
-4323
-3655
-2618
-1660
-859
131
1430
2388
3269
4459
5891
7389
8466
9355
10058
10321
10165
9518
8979
8177
6964
5820
4864
3833
2500
1331
200
-1107
-2160
-3356
-4845
-6343
-7926
-9426
-10878
-11978
-13083
-13987
-14253
-14431
-14154
-13341
-12437
-11499
-10556
-9671
-8811
-7757
-6493
-5369
-4482
-3610
-2561
-1573
-504
612
1477
2076
2508
2657
2599
2076
925
-284
-1508
-2503
-3373
-3862
-3952
-4394
-4923
-5245
-5285
-5199
-5153
-4838
-4236
-3247
-2299
-1610
-440
946
2361
3861
5880
8136
9694
10879
12104
13066
13342
13459
13503
13059
12263
10931
9619
7874
6162
4219
2216
727
-609
-1700
-2645
-2898
-3021
-3025
-3026
-2552
-2046
-1223
-434
93
709
1521
2299
3071
4301
5761
6962
7985
8870
9510
9517
8922
8279
7545
6791
6120
5646
4830
4054
3171
2012
668
-79
-508
-1395
-2368
-3634
-5215
-6757
-8083
-8981
-9703
-10528
-10955
-11531
-11944
-12247
-12299
-12176
-12067
-11792
-11435
-11033
-10288
-9581
-8996
-8329
-7692
-6590
-5331
-4121
-3065
-2708
-2903
-3211
-3129
-2312
-1033
-118
568
789
717
789
978
1117
1349
1273
586
-296
-1213
-1796
-1980
-1760
-1117
-396
309
1082
1916
2942
3863
4735
5504
6251
6750
7298
8035
8818
9393
9606
9449
8999
8239
7325
6107
5221
4417
3515
2679
2068
1893
1774
1826
1928
1627
947
406
-227
-661
-667
-281
13
817
1731
2800
3456
3858
4133
4089
4370
4636
4759
4795
4541
3713
2976
2522
2212
2080
1755
1010
-11
-1174
-2241
-3466
-4550
-5581
-6833
-8182
-9736
-11359
-13604
-15641
-16681
-16865
-15777
-14484
-13223
-12336
-12063
-11930
-11163
-9760
-7351
-4942
-2782
-1081
810
3270
6269
9502
12161
14129
14600
14186
13308
12361
11003
9216
6976
4518
1797
-413
-2171
-3994
-5539
-7340
-9403
-11535
-13342
-14332
-14413
-13991
-12759
-10860
-8956
-7081
-5053
-2596
-82
2130
4548
7381
10034
12420
14531
16614
18160
19019
19441
19184
17827
15481
12803
9800
6972
4410
2510
908
-597
-1929
-3220
-4175
-4983
-6001
-6839
-7286
-7958
-8007
-7431
-6265
-4827
-3511
-1995
-729
134
792
1335
2016
2330
2524
2636
2507
2091
1230
132
-1027
-2582
-4646
-6611
-8495
-10109
-11221
-11803
-11153
-9730
-8109
-6427
-5218
-4678
-4863
-5003
-4357
-2919
-731
1706
4138
6012
7910
9888
11610
12956
13766
13749
12406
10747
9597
8130
6813
5885
4487
2835
1136
-478
-1935
-3774
-5773
-7894
-10100
-11523
-12062
-11786
-11271
-10572
-9970
-9191
-8128
-6289
-3836
-1338
1193
3593
6285
8854
11455
13544
15337
16413
16529
16059
15329
14756
13807
12609
11373
10265
8928
7841
6861
5838
4203
2179
240
-1650
-3112
-4173
-4769
-5325
-5950
-6267
-6319
-6502
-6437
-6010
-5669
-5352
-4982
-4656
-4298
-4285
-4087
-4019
-4225
-4655
-4769
-4933
-5321
-5687
-5972
-6179
-6734
-6938
-7335
-7872
-8584
-9547
-9841
-9469
-8426
-7259
-5937
-4421
-2981
-1609
460
3058
5712
8175
10355
11748
12905
14262
15260
15686
15622
14972
13218
10917
9124
7286
5227
3572
1568
-564
-2986
-4979
-6820
-8605
-10214
-11670
-12886
-13663
-13637
-13035
-11613
-9971
-8101
-5946
-3766
-1251
1495
3716
5824
7375
8397
9116
9922
10881
11473
11469
11026
10144
8787
7620
6411
4992
3046
1252
-83
-1118
-1781
-2144
-2796
-3741
-4646
-5592
-6047
-5687
-5032
-4363
-3491
-2501
-1536
-930
-321
557
652
162
-977
-2461
-4133
-5804
-6865
-7769
-8434
-9114
-9552
-9700
-9794
-10145
-10211
-10312
-10692
-11135
-11485
-11361
-10942
-10384
-9585
-8515
-7436
-5600
-3264
-1280
587
2121
3152
4210
5843
8169
10365
12147
13663
14457
14676
14874
15159
14792
13775
12422
10610
8762
7214
6178
5026
3513
2104
154
-1859
-3407
-4487
-5486
-6558
-7457
-8263
-8257
-7479
-5818
-4037
-2116
-342
1467
3578
5504
7379
9108
9917
10268
10624
11128
11434
11482
11030
9755
8102
6223
4380
2464
308
-1599
-3683
-5640
-7086
-8099
-8878
-9648
-9854
-10355
-10596
-10517
-9781
-8419
-7218
-6068
-5045
-4075
-3259
-2225
-1148
-460
-326
-610
-730
-1203
-1544
-1831
-2417
-3417
-4552
-5776
-7221
-8538
-9584
-10394
-11336
-12338
-13109
-13356
-13589
-13478
-13062
-12042
-11054
-9653
-7520
-5072
-2716
-364
2125
4494
6425
8239
9638
10464
10939
11204
11561
11927
12531
12785
12733
12400
11873
11174
10536
9915
9106
7813
6339
4978
3650
2851
2505
2357
2247
2021
1998
1692
1951
2485
2718
2925
3208
3837
4208
4902
5901
7023
7608
8171
9016
9347
9232
8808
8298
7437
6293
5467
4259
2861
1497
-67
-1608
-3018
-4394
-5667
-6688
-7502
-8187
-8712
-9052
-8790
-8189
-7821
-7199
-6532
-5987
-5653
-5234
-4592
-4150
-3834
-3492
-3297
-2997
-2439
-1914
-1381
-1134
-1297
-1905
-2886
-3961
-4776
-5523
-6189
-6803
-7481
-7950
-8227
-8300
-8121
-7545
-7074
-6544
-5935
-5452
-4986
-4396
-3547
-2555
-1365
-13
1140
2197
3365
4518
5602
6554
7049
7420
7811
8146
8645
9274
9731
10149
10162
9852
9725
9456
9115
8625
8010
7406
6955
6493
6537
6654
6827
7090
7128
6928
6737
6498
6068
5537
4778
3952
3090
2273
1577
1147
1061
771
531
469
433
337
203
35
-260
-699
-1357
-1905
-2581
-3247
-3851
-4387
-4997
-5727
-6148
-6517
-6705
-6906
-6994
-7008
-6973
-6917
-6635
-6267
-5802
-5318
-5025
-4943
-5155
-5427
-5727
-6050
-6531
-6810
-7162
-7530
-8047
-8335
-8320
-8190
-7955
-7808
-7444
-7088
-6808
-6403
-5965
-5614
-5310
-5097
-4539
-3919
-3213
-2337
-1435
-622
150
883
1305
1743
2181
2638
3148
3869
4872
5518
5949
6181
6249
6159
5838
5384
5433
5584
5742
6215
6693
7107
7503
7639
7784
7917
7949
8049
8092
8222
8329
8082
7893
7953
8009
7701
7342
6860
6306
5995
5641
5346
4754
4149
3281
2094
950
-106
-1135
-1964
-2715
-3252
-3849
-4147
-3944
-3715
-3510
-3342
-3119
-3198
-3276
-3296
-3299
-3235
-3168
-2938
-2736
-2466
-2401
-2147
-2107
-2477
-2909
-3288
-3811
-4228
-4406
-4557
-4575
-4611
-4677
-5074
-5860
-6571
-7192
-7737
-8322
-8588
-8460
-8323
-7811
-6918
-6209
-5384
-4897
-4402
-3988
-3832
-3424
-3216
-2807
-2301
-1747
-1247
-604
-104
-1
73
-121
108
277
430
503
696
990
1506
1991
2484
3220
3629
4045
4200
4286
4250
4368
4570
4993
5482
6174
6714
7166
7677
7939
8329
8504
8619
8533
8390
8066
7824
7523
7065
6538
5971
5069
4061
3078
2316
1517
812
385
-284
-770
-1124
-1538
-2086
-2599
-2981
-3382
-3497
-3527
-3335
-3228
-3061
-2877
-2728
-2553
-2586
-2319
-2067
-1706
-1328
-816
-385
133
439
426
576
628
403
10
-616
-1303
-2026
-2964
-3801
-4517
-4902
-5248
-5500
-5487
-5230
-4976
-4718
-4260
-3972
-3814
-3490
-3073
-2757
-2725
-2319
-1890
-1516
-1265
-788
-236
190
387
448
695
581
566
645
669
560
402
400
507
766
1189
1749
1950
2148
2351
2498
2640
2862
3281
3692
4054
4302
4732
5095
5562
6013
6336
6605
6596
6623
6693
6633
6407
6238
6123
5927
5650
4926
4048
3132
2177
1312
577
-101
-638
-979
-1060
-1067
-822
-796
-938
-1369
-1980
-2458
-2651
-2867
-2978
-2798
-2602
-2335
-2103
-1540
-1040
-401
-107
-251
-351
-559
-653
-541
-331
-292
-475
-667
-685
-957
-1177
-1530
-1897
-2409
-2979
-3157
-3260
-3457
-3643
-3582
-3686
-3836
-3808
-3601
-3727
-3709
-3453
-3088
-2731
-2206
-1461
-985
-576
-438
-85
-50
-59
-191
-116
12
-135
-121
-360
-495
-746
-731
-595
-616
-701
-824
-904
-1015
-732
-426
-347
-303
-213
-295
-184
50
336
555
831
1290
1562
1872
2250
2564
2669
2738
2686
2713
3075
3108
3093
3158
3128
2949
2765
2710
2439
2092
1655
1279
986
539
182
-308
-724
-962
-1082
-1084
-1030
-999
-924
-993
-1048
-1020
-822
-422
-31
363
659
967
1291
1852
2107
2452
2798
2799
2971
2987
3121
3236
3187
3027
2856
2405
2089
1632
1322
987
588
181
-230
-595
-1179
-1374
-1557
-1800
-1839
-1821
-1786
-1643
-1526
-1634
-1647
-1604
-1664
-1486
-1394
-1218
-979
-855
-376
-240
-65
-52
-57
-208
-461
-636
-727
-739
-1073
-1280
-1453
-1985
-2498
-2998
-3315
-3695
-4013
-4320
-4605
-4733
-4807
-4682
-4243
-3656
-3298
-2865
-2447
-2025
-1801
-1491
-1166
-792
-503
-213
227
599
1170
1585
1923
2118
2152
2160
2177
2175
1958
1648
1401
1055
537
257
19
-73
-210
-307
-204
-467
-631
-743
-694
-688
-609
-513
-406
-175
200
502
934
1383
2024
2432
2665
2779
2672
2762
2865
2836
2879
2950
2915
2757
2768
2739
2434
2231
1975
1580
1095
929
799
608
541
623
612
546
527
387
400
255
-63
-80
-147
-296
-43
283
370
232
85
-177
-673
-1016
-1365
-1648
-2099
-2443
-2879
-3185
-3277
-3470
-3636
-3649
-3814
-3965
-4237
-4550
-4755
-4806
-4745
-4615
-4527
-4406
-4329
-4175
-3871
-3561
-3104
-2634
-2105
-1614
-1029
-832
-561
-264
-230
-224
-258
-189
-118
-153
-113
41
204
493
722
1071
1385
1586
1637
1829
1966
1986
1956
2009
2144
2265
2733
2904
2857
2838
2840
2976
3142
3172
3141
3152
2957
2874
2951
2946
2938
2958
2884
2799
2551
2647
2665
2661
2760
2617
2613
2575
2658
2751
2986
2860
2819
2866
2997
3166
3364
3442
3426
3244
3095
2913
2448
1994
1441
1203
581
46
-274
-574
-909
-1117
-1290
-1715
-2070
-2705
-3135
-3562
-3940
-4179
-4702
-5092
-5428
-5444
-5654
-5611
-5440
-5391
-5145
-4881
-4327
-3975
-3395
-2986
-2576
-2054
-1765
-1472
-1372
-1158
-1106
-988
-958
-977
-1018
-1149
-1135
-1215
-1158
-1049
-931
-1044
-1139
-1092
-1035
-829
-775
-610
-476
-425
-211
-59
103
254
398
701
953
1294
1806
2198
2544
2779
3212
3399
3626
3948
3985
4160
4127
4112
4150
4275
4195
3937
3767
3494
3230
3071
2782
2625
2606
2568
2409
2139
1935
1790
1846
1870
2058
2141
2186
2302
2447
2688
2816
3000
3008
2932
2713
2396
2102
1718
1563
1378
1031
730
584
306
-191
-530
-987
-1592
-2183
-2935
-3566
-4101
-4674
-5091
-5152
-5288
-5455
-5470
-5428
-5434
-5334
-5219
-4956
-4784
-4389
-3876
-3549
-3123
-2725
-2203
-1902
-1600
-1273
-1144
-1056
-1035
-832
-651
-701
-848
-1122
-1589
-1805
-1917
-2003
-2052
-2023
-1994
-1992
-2040
-2091
-1945
-1929
-1804
-1667
-1413
-1185
-916
-796
-669
-583
-500
-320
-136
155
547
821
1064
1487
1754
2021
2208
2136
2020
1914
1886
1836
1862
2013
2149
2178
2190
2343
2452
2609
2736
2594
2395
2143
1695
1475
1375
1324
1210
1236
1285
1140
1028
773
594
455
329
308
137
117
86
-16
-42
-258
-521
-715
-913
-973
-1012
-1060
-1045
-1171
-1220
-1265
-1238
-1132
-1054
-1173
-1170
-1363
-1481
-1422
-1258
-1217
-1272
-1258
-1533
-1714
-1792
-1902
-1729
-1676
-1499
-1551
-1417
-1413
-1550
-1672
-1669
-1463
-1408
-1277
-1415
-1654
-1818
-1829
-1810
-1797
-1604
-1529
-1634
-1293
-1220
-1122
-942
-824
-570
-497
-357
-246
-173
-194
-302
-369
-298
-175
35
157
293
399
534
737
984
1274
1530
1655
1843
2011
2165
2351
2600
2775
2993
3191
3349
3386
3551
3646
3645
3718
3642
3445
3212
2918
2696
2525
2202
1887
1589
1226
988
779
569
251
-28
-212
-310
-249
-327
-346
-390
-497
-260
-137
169
444
750
1100
1327
1517
1734
1742
1810
1788
1844
1966
1925
1972
1828
1796
1854
1572
1343
1117
864
465
-20
-405
-774
-1111
-1487
-1737
-1871
-2083
-2391
-2547
-2628
-2617
-2635
-2493
-2119
-1821
-1696
-1655
-1395
-1217
-1157
-994
-879
-760
-688
-639
-717
-627
-657
-619
-624
-646
-845
-912
-740
-907
-1064
-1232
-1195
-1436
-1564
-1637
-1507
-1418
-1354
-1045
-993
-1009
-971
-820
-756
-740
-529
-450
-145
190
631
1171
1475
1856
1981
2216
2335
2543
2681
2458
2425
2172
2025
1869
1505
1354
1145
1048
946
761
643
471
205
168
377
359
474
477
602
597
652
950
1075
1080
1293
1442
1669
1793
1878
2013
2039
2186
2323
2270
2024
1905
1555
1241
1227
1140
1125
1059
903
740
460
313
22
-155
-275
-518
-953
-1262
-1538
-1822
-1855
-1835
-1813
-2035
-2110
-2249
-2323
-2347
-2415
-2506
-2666
-2669
-2896
-2984
-2810
-2741
-2648
-2587
-2517
-2363
-2293
-2184
-2152
-2140
-2039
-1950
-1830
-1757
-1563
-1373
-1169
-1040
-902
-632
-509
-464
-390
-228
-189
-232
-197
-103
-86
1
-150
-156
-288
-335
-341
-339
-74
-64
189
285
313
446
548
818
1075
1161
1176
1174
1233
1408
1508
1857
2089
2527
2855
2951
3125
3141
3283
3522
3623
3462
3266
3158
3031
2925
2932
2820
2612
2440
2463
2442
2226
2209
2082
1864
1818
1667
1577
1418
1337
1181
955
874
879
774
531
296
-47
-318
-515
-740
-635
-792
-907
-1184
-1337
-1396
-1587
-1906
-2262
-2537
-2923
-3091
-3417
-3594
-3716
-4034
-4131
-4141
-4134
-4003
-4106
-4043
-4057
-4048
-3974
-3856
-3553
-3130
-2805
-2346
-2115
-1783
-1250
-1042
-692
-580
-246
0
309
586
615
702
731
615
671
528
245
211
-68
-140
-356
-542
-737
-656
-392
-252
-160
-46
319
515
868
1104
1324
1800
2082
2138
2348
2537
2718
2992
3242
3527
3831
3994
4184
4441
4570
4778
4662
4488
4441
4351
4275
4086
3855
3582
3257
2906
2564
2335
1957
1577
1204
909
744
587
468
288
133
-95
-142
-298
-573
-705
-800
-865
-876
-906
-903
-852
-858
-723
-597
-636
-650
-682
-688
-724
-657
-741
-948
-1216
-1240
-1462
-1877
-2154
-2544
-2740
-2913
-3046
-3221
-3334
-3499
-3649
-3580
-3334
-3166
-2864
-2671
-2462
-2274
-2093
-1907
-1830
-1761
-1595
-1462
-1494
-1394
-1158
-916
-727
-756
-741
-745
-649
-510
-280
12
-207
-380
-514
-605
-599
-438
-303
-300
-113
-212
-96
-15
216
521
738
1065
1137
1328
1468
1778
1994
2406
2789
2896
2968
2847
2767
2740
2798
2828
3009
2988
3092
3069
2988
2904
2882
2811
2560
2391
2094
1753
1339
1161
873
590
197
-340
-670
-944
-1131
-1187
-1175
-1089
-1004
-1104
-1188
-1230
-1301
-1325
-1278
-1377
-1449
-1568
-1665
-1555
-1538
-1417
-1133
-1125
-1226
-1286
-1346
-1450
-1510
-1548
-1774
-1998
-2275
-2352
-2431
-2496
-2526
-2468
-2347
-2488
-2530
-2339
-2035
-1733
-1461
-1144
-964
-629
-187
130
491
439
540
650
744
785
816
853
730
572
493
438
427
436
317
425
402
640
739
803
845
805
843
827
897
1007
1012
959
934
915
845
790
842
866
995
1165
1158
1299
1248
1238
1221
1244
1235
1234
1117
1179
1198
1129
1343
1368
1604
1734
1666
1715
1506
1458
1534
1443
1429
1145
1055
1002
834
572
275
140
-32
-357
-465
-752
-1034
-1380
-1445
-1582
-1729
-1842
-2067
-2176
-2359
-2418
-2444
-2417
-2427
-2390
-2379
-2277
-1996
-1642
-1432
-1514
-1419
-1369
-1416
-1448
-1423
-990
-830
-722
-671
-622
-551
-491
-335
-382
-355
-358
-265
-181
-230
-243
-336
-501
-471
-510
-434
-554
-637
-765
-748
-816
-966
-899
-944
-661
-674
-669
-528
-437
-370
-197
-86
85
175
152
265
240
233
173
111
109
143
95
-12
84
-38
-61
-60
30
219
159
32
106
172
69
149
230
259
518
702
919
1065
1056
1127
1234
1482
1668
1815
1902
1665
1491
1373
1051
757
531
313
-56
-168
-205
-343
-473
-733
-803
-820
-843
-892
-906
-1003
-1140
-964
-731
-581
-529
-278
-221
-166
-70
-43
-9
156
206
343
224
55
74
154
230
323
521
625
549
320
117
-55
-148
-226
-255
-450
-465
-589
-556
-409
-301
-305
-459
-554
-593
-658
-686
-588
-711
-829
-700
-718
-722
-680
-838
-1044
-1238
-1155
-1177
-1075
-1104
-1084
-941
-808
-678
-534
-442
-610
-586
-682
-614
-631
-690
-752
-743
-825
-912
-958
-877
-849
-701
-509
-581
-356
-359
-263
-141
-60
15
125
225
441
582
652
662
638
793
809
990
824
706
707
626
521
618
789
715
812
727
505
361
300
372
372
482
720
695
609
571
673
613
692
744
684
778
857
929
744
691
691
775
704
494
436
441
411
474
585
691
787
679
663
614
422
548
757
915
934
817
881
666
648
475
327
366
307
212
68
-55
-316
-339
-515
-532
-683
-620
-592
-741
-727
-757
-715
-807
-746
-747
-784
-716
-844
-820
-667
-756
-674
-535
-587
-505
-510
-370
-203
-162
-8
125
172
296
254
192
139
189
131
198
428
682
824
883
929
863
1070
1039
973
1030
963
960
952
980
1016
1046
1136
1034
979
1095
1156
1112
1046
1008
1035
989
935
856
899
791
625
648
582
581
474
299
119
18
-11
-220
-200
-126
-79
-177
-138
-119
-107
27
-85
-183
-272
-357
-219
-348
-344
-283
-207
-229
-133
93
-111
-232
-425
-456
-594
-722
-893
-999
-990
-965
-989
-1068
-1160
-1318
-1462
-1696
-1777
-2030
-1998
-1909
-1834
-1622
-1681
-1795
-1771
-1690
-1817
-1620
-1526
-1461
-1374
-1454
-1465
-1392
-1243
-1117
-782
-725
-803
-767
-686
-657
-770
-529
-381
-162
-11
-38
-27
10
13
-12
178
167
344
550
581
431
608
854
800
716
704
766
678
847
811
728
728
767
796
916
993
999
908
856
734
673
816
790
914
895
1110
1107
1069
1081
957
863
820
836
770
666
606
600
554
517
344
244
121
12
-21
-142
-186
-259
-384
-521
-463
-445
-599
-555
-607
-714
-644
-569
-456
-353
-476
-396
-453
-579
-473
-273
-222
-238
-124
-266
-246
-364
-419
-436
-441
-470
-496
-596
-652
-552
-657
-653
-755
-644
-778
-767
-642
-652
-510
-498
-274
-207
-199
-68
213
353
407
607
827
1006
1172
1273
1285
1417
1573
1554
1636
1668
1509
1511
1692
1719
1823
1838
1808
1605
1457
1414
1221
1281
1347
1380
1469
1414
1401
1333
1282
1193
1091
1036
1010
967
946
1060
1238
1308
1401
1514
1341
1139
1036
975
926
870
811
808
800
586
458
325
236
187
102
-46
-123
-136
-88
20
72
5
30
7
-42
-177
-200
-244
-374
-291
-298
-354
-310
-201
-194
-262
-230
-299
-261
-136
-271
-296
-547
-731
-732
-643
-651
-614
-614
-659
-591
-584
-566
-488
-515
-690
-649
-532
-347
-368
-200
2
140
375
445
575
598
533
675
748
814
809
805
997
1272
1396
1447
1401
1353
1381
1463
1637
1675
1562
1454
1333
1245
1285
1181
1005
984
680
682
675
679
750
823
932
926
854
931
941
1015
1069
1181
1281
1280
1209
1198
1215
1132
1040
899
1037
981
788
701
509
339
325
108
58
-63
-111
-102
-460
-636
-676
-960
-1020
-983
-1096
-1165
-1166
-1261
-1357
-1499
-1678
-1669
-1749
-1681
-1756
-1715
-1732
-1920
-2091
-2143
-2057
-2079
-2094
-2025
-2067
-2171
-2031
-1969
-1873
-1749
-1630
-1498
-1522
-1459
-1505
-1467
-1314
-1217
-1052
-1030
-1034
-983
-975
-859
-675
-666
-653
-665
-696
-722
-696
-527
-358
-359
-217
-187
-77
52
16
87
15
97
186
131
194
128
116
12
-5
195
176
341
413
408
415
258
323
276
436
534
516
674
659
709
711
723
745
661
672
726
742
671
549
623
560
499
368
360
384
374
266
223
176
28
-64
-185
-186
-240
-319
-473
-611
-820
-857
-973
-918
-955
-1146
-1177
-1337
-1389
-1500
-1471
-1344
-1332
-1118
-1002
-1051
-1121
-1187
-1275
-1247
-1079
-974
-815
-828
-776
-719
-717
-580
-470
-392
-524
-512
-533
-590
-577
-515
-582
-533
-362
-336
-135
-55
57
152
127
24
-3
147
352
414
449
437
449
519
562
679
798
849
921
988
930
857
771
759
789
550
700
859
809
789
781
806
716
630
750
869
846
859
802
827
741
696
695
763
739
743
817
809
955
1049
1071
1178
1232
1155
1129
1040
948
991
924
876
739
787
655
695
562
273
120
-188
-406
-557
-807
-896
-819
-928
-923
-1108
-1098
-1233
-1230
-1034
-955
-831
-838
-642
-654
-623
-537
-392
-318
-215
-41
66
135
152
83
44
87
43
15
-5
-7
-166
-310
-489
-631
-710
-745
-574
-538
-434
-499
-472
-353
-371
-356
-325
-381
-295
-59
-39
52
61
-22
-59
-70
55
-1
20
-67
-122
24
49
225
259
268
347
356
251
210
126
40
111
50
132
355
447
456
505
746
931
1081
1058
1121
1234
1285
1270
1336
1450
1532
1681
1684
1690
1579
1580
1419
1310
1214
1091
1115
1077
942
750
680
475
495
380
408
287
253
285
121
37
-69
-41
-187
-228
-236
-269
-311
-340
-354
-272
-402
-327
-318
-272
-239
-201
-160
-321
-316
-392
-536
-631
-723
-886
-1063
-1061
-1012
-1147
-1203
-1266
-1152
-1086
-986
-884
-677
-444
-334
-382
-374
-343
-413
-462
-428
-309
-332
-194
-97
-103
-66
-76
-145
-121
-244
-309
-345
-355
-190
-262
-312
-458
-391
-359
-435
-499
-339
-315
-357
-352
-354
-257
-208
-56
-247
-2
-28
56
192
92
169
186
309
253
280
179
27
17
75
123
79
88
-83
-214
-307
-282
-377
-475
-386
-400
-486
-673
-866
-855
-950
-825
-677
-578
-481
-593
-555
-589
-460
-524
-409
-312
-333
-367
-505
-417
-506
-616
-658
-709
-656
-581
-513
-575
-659
-867
-981
-918
-810
-588
-472
-444
-609
-626
-599
-587
-498
-389
-248
-146
-195
-75
48
118
208
275
357
456
527
431
412
247
217
208
233
227
160
176
-20
-84
-244
-340
-323
-386
-319
-270
-312
-307
-267
-263
-305
-365
-488
-555
-519
-490
-472
-390
-283
-307
-276
-211
-93
47
29
76
15
86
184
237
289
417
600
815
895
921
1020
1100
1157
1155
1193
1050
1018
996
982
811
708
782
786
864
815
717
599
492
380
384
422
380
346
252
183
30
-4
-178
-293
-310
-261
-158
-205
-428
-514
-552
-567
-526
-683
-681
-712
-678
-822
-988
-918
-721
-695
-602
-525
-573
-630
-791
-781
-850
-852
-849
-893
-968
-1158
-1243
-1223
-1196
-1282
-1389
-1328
-1496
-1573
-1563
-1638
-1619
-1519
-1558
-1613
-1756
-1769
-1605
-1658
-1705
-1595
-1566
-1382
-1299
-1027
-860
-679
-482
-359
-196
-139
-51
115
228
349
587
716
790
843
824
846
1118
1143
1242
1273
1162
1154
1193
1257
1354
1428
1507
1670
1878
2036
1994
1933
1921
1923
1997
2081
2041
1924
1697
1523
1627
1568
1598
1409
1365
1256
1212
1350
1266
1172
1133
1205
1162
1086
1071
1057
1028
1038
1127
1362
1328
1280
1142
991
937
859
815
743
815
737
705
581
461
471
536
471
573
646
393
338
333
203
194
50
-31
-234
-361
-407
-519
-520
-613
-553
-576
-598
-549
-551
-573
-722
-748
-844
-935
-957
-922
-835
-1027
-1112
-1076
-1128
-942
-954
-944
-924
-990
-880
-948
-919
-887
-993
-985
-788
-792
-816
-874
-852
-785
-742
-615
-422
-293
-86
21
-9
-59
-24
42
317
415
453
512
351
385
205
294
423
497
486
390
448
511
330
408
284
138
243
242
262
126
172
74
-2
-120
-95
45
40
79
101
160
230
258
250
181
145
-7
-5
69
228
159
149
254
459
449
386
449
317
201
62
-24
-131
-9
-123
-143
-197
-294
-362
-400
-480
-577
-602
-661
-788
-936
-875
-944
-974
-998
-904
-948
-974
-900
-934
-914
-910
-869
-827
-765
-634
-623
-582
-437
-463
-605
-716
-841
-828
-687
-678
-674
-731
-774
-699
-520
-502
-490
-449
-389
-331
-288
-110
-35
39
179
161
233
226
192
281
423
690
682
815
956
903
919
898
825
899
942
952
933
756
646
671
642
577
755
774
803
818
759
656
520
556
711
626
581
498
307
139
-41
-90
-105
-157
-186
-136
-124
-216
-279
-264
-294
-251
-135
-34
-44
-162
-271
-361
-223
-158
-117
-125
-106
-349
-447
-454
-615
-493
-446
-536
-571
-584
-626
-691
-665
-732
-726
-818
-858
-918
-872
-929
-853
-841
-742
-796
-865
-788
-839
-738
-754
-619
-642
-679
-627
-619
-612
-405
-310
-219
-194
-80
4
181
365
342
384
262
98
93
134
288
437
474
429
322
279
184
295
409
702
684
733
680
721
859
919
965
1107
1161
1170
1223
1143
1200
1255
1267
1313
1312
1238
1326
1438
1518
1641
1644
1612
1472
1354
1337
1341
1205
993
1013
912
882
849
806
836
783
658
493
626
761
766
767
846
839
692
746
672
640
766
850
993
880
894
769
672
601
561
527
452
504
483
305
381
341
155
148
114
162
140
208
-41
-125
-100
-206
-210
-231
-211
-237
-211
-118
-87
-119
-94
29
45
69
151
155
202
32
37
106
-83
-170
-303
-334
-316
-370
-380
-336
-455
-392
-325
-381
-397
-414
-333
-360
-367
-322
-316
-412
-508
-545
-503
-528
-510
-519
-576
-643
-690
-647
-639
-618
-654
-583
-656
-678
-592
-473
-472
-388
-319
-461
-317
-260
-189
-130
-183
-139
-247
-356
-412
-361
-364
-292
-398
-361
-194
-107
-96
-122
-68
-36
87
21
-50
-182
-240
-250
-275
-277
-253
-246
-255
-27
-22
-107
-141
-64
6
-166
-44
-42
-135
-93
-259
-357
-429
-355
-122
-198
-234
-220
-250
-143
48
69
5
74
91
73
72
27
8
-57
-67
-111
-93
-98
-138
-188
-148
-58
-220
-236
-147
50
-29
62
133
131
84
-28
37
213
333
354
366
295
220
395
470
519
594
587
502
343
290
369
545
704
883
882
889
810
758
777
670
641
550
334
-6
-81
-87
149
49
149
388
193
166
98
55
75
77
59
26
135
19
-125
-213
-378
-548
-518
-525
-570
-604
-628
-786
-895
-955
-1053
-932
-1028
-1119
-1211
-1210
-1165
-1217
-1246
-1140
-942
-872
-988
-947
-1057
-1249
-1242
-1109
-947
-1025
-1107
-1215
-1295
-1358
-1363
-1544
-1605
-1539
-1491
-1577
-1640
-1575
-1473
-1351
-1327
-1265
-991
-1067
-1075
-1064
-1247
-1053
-883
-732
-619
-561
-621
-594
-522
-461
-260
-335
-208
-237
-367
-256
-300
-149
13
129
269
392
420
357
355
407
629
872
908
1151
1173
1039
1008
983
1117
1209
1214
1317
1263
1189
1121
1156
1046
1207
1354
1159
1132
1042
876
807
986
1038
1108
1211
1101
1108
1142
956
904
856
948
921
958
791
799
820
784
822
741
802
899
819
675
578
507
590
589
611
531
487
459
331
338
296
360
304
262
164
57
-53
-333
-503
-458
-470
-356
-452
-584
-726
-824
-879
-853
-752
-641
-687
-762
-818
-861
-873
-898
-790
-632
-639
-675
-594
-655
-695
-568
-529
-428
-135
-113
-246
-148
-175
-232
-159
-112
-89
-56
-25
-10
-103
-55
-54
-43
264
390
505
411
423
336
372
312
313
349
252
243
32
48
9
13
123
-29
196
137
215
254
262
241
311
417
376
413
630
642
443
533
418
385
431
548
598
560
431
405
406
375
403
425
464
350
252
128
65
26
16
175
326
348
265
80
-2
-224
-276
-261
-304
-286
-347
-356
-400
-485
-508
-470
-276
-225
-158
-103
-152
-310
-425
-298
-399
-285
-133
-227
-329
-442
-552
-718
-465
-269
-208
-83
-180
-206
-281
-266
-336
-294
-260
-259
-182
-366
-272
-270
-249
-85
-90
-147
-28
145
275
412
412
440
500
495
613
726
701
728
576
535
643
603
692
634
568
499
292
355
474
502
517
615
568
516
346
112
-20
166
332
383
416
385
216
-9
140
170
210
295
291
358
345
305
224
232
287
254
248
95
-65
-138
-161
-223
-293
-340
-323
-436
-584
-553
-566
-605
-713
-780
-804
-905
-1009
-1056
-1147
-1072
-1097
-1228
-1118
-1092
-1060
-1209
-1297
-1384
-1391
-1277
-1143
-1052
-1068
-1059
-1117
-1123
-1182
-1143
-1081
-1037
-1104
-1050
-1009
-1069
-1116
-1285
-1303
-1319
-1099
-1053
-1064
-936
-803
-796
-814
-593
-532
-310
-328
-439
-506
-432
-257
-124
101
178
223
272
250
113
143
208
239
198
300
452
559
451
364
460
470
682
741
669
670
603
712
762
760
835
797
758
652
759
755
823
946
1030
1113
1237
1146
1055
958
991
814
849
845
886
928
776
850
634
649
632
749
664
551
591
350
461
354
208
165
76
-34
-160
-201
-241
-30
21
-29
-43
22
-21
-215
-305
-335
-260
-256
-164
15
32
35
-13
35
-20
65
27
-25
-27
-157
-229
-91
-18
73
112
17
18
25
162
135
59
58
-7
-97
8
-116
-147
-55
51
261
331
385
421
311
181
181
139
234
289
274
436
358
284
329
322
308
363
530
431
438
542
622
597
636
813
675
459
430
300
175
247
58
31
119
110
219
129
178
141
162
141
204
363
356
456
523
280
293
249
179
207
249
455
421
416
377
217
-3
-73
-43
-153
-124
-143
66
73
167
234
143
137
86
113
83
176
95
193
36
10
-33
57
-51
-102
-81
-175
-279
-454
-275
-220
-138
-73
-10
-4
-108
-97
-88
-163
-172
-88
-71
-239
-277
-387
-350
-282
-228
-158
-134
106
27
-2
5
-167
-266
-313
-350
-480
-589
-576
-669
-623
-673
-548
-341
-310
-221
-12
79
60
57
20
59
139
76
-39
-30
11
177
124
120
279
267
477
545
411
544
433
419
478
522
590
622
659
520
385
331
507
621
755
899
949
848
807
563
423
306
373
405
459
428
529
468
454
503
470
573
587
747
791
811
691
741
485
395
542
495
331
350
324
101
54
-9
-171
-238
-306
-457
-445
-386
-401
-457
-555
-658
-799
-884
-888
-960
-923
-801
-768
-658
-715
-665
-549
-485
-484
-594
-515
-623
-618
-717
-814
-881
-954
-864
-759
-666
-669
-690
-633
-571
-428
-486
-524
-549
-545
-627
-689
-688
-612
-615
-732
-641
-612
-629
-595
-579
-585
-317
-344
-228
-165
-142
62
-97
-185
-212
-160
-135
-9
103
4
-46
-47
12
8
83
225
207
329
414
356
339
457
528
519
602
440
475
355
203
306
371
441
321
386
383
427
322
367
378
430
426
306
309
112
147
273
140
91
15
-51
-48
-173
-22
53
-41
52
88
134
192
89
46
52
34
97
180
124
141
66
33
39
111
-28
0
-5
-110
-113
-77
-78
-249
-394
-490
-399
-352
-212
-93
-77
-210
-254
-315
-321
-322
-275
-149
-317
-323
-340
-392
-463
-377
-345
-327
-164
-158
-134
-85
-143
-104
-70
58
81
18
25
37
55
93
171
248
264
243
398
486
583
469
597
662
784
693
611
743
674
622
619
693
698
826
822
827
836
723
834
911
990
1062
1022
1081
1047
991
780
691
535
434
540
516
574
522
497
239
-37
-23
-82
-121
-19
52
-125
-207
-318
-545
-386
-181
-236
-278
-346
-501
-425
-524
-619
-682
-705
-677
-627
-720
-822
-846
-951
-805
-760
-644
-667
-803
-758
-813
-869
-788
-621
-641
-733
-754
-864
-899
-880
-947
-875
-769
-796
-671
-741
-746
-832
-806
-731
-675
-639
-628
-465
-231
-204
-227
-128
-56
-57
119
396
394
399
405
162
110
150
115
196
210
271
243
272
317
362
508
432
544
722
690
475
500
511
517
640
569
575
477
579
518
425
363
427
383
481
500
509
555
490
511
309
291
240
186
252
227
321
295
166
85
201
214
81
25
-202
-257
-194
-130
-30
-10
95
20
-13
-212
-269
-198
-254
-226
-378
-391
-507
-507
-447
-455
-438
-374
-236
-221
-208
-240
-257
-249
-274
-75
-171
-212
-237
-442
-372
-322
-258
-349
-288
-214
-391
-408
-318
-551
-580
-388
-330
-519
-505
-551
-665
-566
-543
-508
-426
-399
-440
-420
-482
-469
-353
-302
-297
-357
-435
-527
-657
-637
-600
-721
-773
-871
-841
-873
-1061
-887
-840
-639
-668
-665
-582
-430
-261
-68
-40
-89
-4
-29
-113
-62
71
10
-81
-152
-191
-196
-187
-173
21
111
-10
9
-6
-90
-221
-89
-69
-202
-235
-270
-266
-342
-233
-324
-297
-323
-367
-187
-178
-48
-110
-189
-166
-171
-320
-295
-345
-466
-410
-282
-250
-136
-131
-360
-298
-305
-148
-89
53
-20
-50
-130
-294
-296
-410
-297
-344
-342
-266
-152
-281
-262
-414
-393
-499
-439
-293
-164
141
260
422
367
411
377
336
512
516
622
668
648
456
537
559
377
407
438
435
406
430
395
417
515
467
468
487
516
440
373
387
452
413
331
602
563
496
446
389
299
321
556
512
562
761
598
487
486
437
428
476
577
550
662
713
597
687
627
601
626
711
579
643
818
609
466
370
324
289
408
250
99
-80
-104
8
32
130
56
-3
119
29
-52
141
41
10
21
56
-11
113
3
-73
76
-129
-189
-222
-324
-272
-161
-55
-148
-236
-241
-290
-228
-166
-76
28
45
48
-7
-107
64
-7
-6
50
-52
11
68
121
179
242
458
401
267
186
305
277
320
425
332
413
541
580
548
519
352
308
499
503
478
503
568
517
456
524
552
497
506
486
284
220
361
283
259
297
307
297
446
529
631
706
700
788
617
653
723
557
512
525
441
460
426
410
469
578
518
403
210
264
204
214
416
394
408
471
444
472
599
528
382
311
268
256
199
54
252
361
357
428
494
321
342
335
159
168
242
147
279
241
16
38
-9
-231
-466
-386
-398
-328
-353
-523
-749
-753
-721
-883
-909
-698
-710
-769
-625
-767
-646
-675
-868
-964
-1005
-927
-982
-1032
-993
-1025
-1086
-1029
-1170
-1271
-1389
-1497
-1466
-1478
-1602
-1449
-1460
-1511
-1498
-1400
-1300
-1215
-1136
-1057
-1070
-953
-892
-900
-865
-917
-920
-894
-1001
-978
-844
-812
-585
-541
-417
-293
-286
-317
-455
-460
-522
-428
-387
-378
-379
-205
-147
-166
-86
-116
-203
-366
-68
69
42
70
84
-64
-100
-101
-150
-130
-102
-12
98
49
155
266
151
296
416
376
417
602
514
416
451
207
89
163
216
190
176
70
-113
-127
-143
-258
-309
-348
-318
-354
-359
-329
-291
-129
61
-34
105
144
150
301
300
223
323
210
-13
2
-47
-108
-142
-256
-337
-272
-236
-181
-75
-37
-15
-20
-97
34
125
301
252
267
356
402
624
830
757
894
947
789
940
920
974
926
914
852
748
751
791
732
791
823
808
846
768
920
808
727
830
790
697
695
683
594
379
262
251
286
296
218
255
275
174
-28
19
122
197
289
331
226
203
155
-109
-71
-173
-213
-195
-79
-209
-243
-193
-340
-235
-273
-326
-321
-212
-241
-199
-257
-99
-206
-315
-294
-222
-105
-165
-279
-230
-114
-125
136
282
305
254
396
366
369
395
356
379
488
464
429
447
225
178
147
141
2
47
146
72
136
138
119
149
66
144
319
330
337
411
354
344
326
334
307
151
109
215
57
51
96
150
308
303
358
379
481
408
397
500
547
535
698
672
616
627
535
401
460
551
487
494
606
799
691
668
592
590
657
706
811
763
661
629
667
534
452
349
349
332
400
449
545
530
368
353
265
245
271
151
9
45
27
117
91
31
-4
123
95
1
-11
-135
-158
-109
-69
-136
-41
-98
-289
-255
-162
-87
-89
-124
-74
-62
-47
-147
-140
14
-121
-66
0
-3
225
91
47
138
-74
-200
-63
-69
-82
-186
-241
-280
-387
-462
-586
-610
-594
-794
-979
-1007
-993
-985
-993
-974
-1063
-847
-905
-761
-719
-602
-630
-563
-365
-376
-179
-99
-167
-150
-109
-248
-250
-211
-199
-202
-160
-38
-75
-159
-168
-268
-251
-415
-272
-252
-231
-221
-186
-175
-371
-373
-259
-118
-167
91
155
-4
-59
-164
-270
-236
-84
-118
-239
-318
-388
-421
-435
-348
-292
-361
-354
-301
-232
-299
-303
-231
-271
-175
-307
-321
-243
-375
-418
-412
-327
-378
-382
-416
-476
-522
-617
-388
-431
-474
-541
-514
-467
-473
-250
-145
-44
-25
-37
76
-31
100
93
-99
-163
-246
-281
-335
-366
-218
-310
-259
-295
-306
-274
-305
-307
-319
-250
-245
-18
-31
-66
9
-29
-200
-394
-351
-245
-283
-210
71
7
5
25
90
176
118
142
74
-1
96
42
84
144
106
212
254
207
376
431
338
328
304
263
194
119
243
150
135
92
162
106
67
138
6
-18
-155
-105
-213
-144
-9
-145
-48
-92
-2
-8
-7
92
47
104
122
107
128
243
276
267
327
455
387
386
299
272
150
151
237
239
75
-66
116
22
-42
40
-48
-243
-248
-283
-377
-329
-371
-285
-85
-71
-276
-344
-335
-371
-223
-31
109
138
156
155
68
32
227
242
209
157
181
182
319
283
394
458
407
420
232
167
158
160
172
267
400
428
500
580
499
424
484
507
550
619
681
685
560
594
525
591
652
769
831
861
917
742
740
552
536
558
532
445
423
455
323
268
236
159
21
109
104
122
288
374
430
625
582
592
518
368
237
220
238
284
190
18
-67
-74
-52
-95
-127
-202
-117
-5
-74
-118
-229
-293
-359
-452
-301
-334
-345
-295
-262
-314
-186
-134
-156
-166
-187
-237
-259
-132
-246
-56
-26
33
90
-9
3
146
54
65
33
117
201
194
279
329
225
15
121
278
132
281
296
42
-3
0
-84
-172
102
179
149
86
76
-161
-216
-161
-289
-165
-37
174
-75
49
227
202
230
289
242
83
85
-123
-422
-492
-358
-363
-394
-276
-95
-159
-148
-209
-341
-682
-873
-817
-810
-937
-901
-797
-752
-439
-305
-59
120
134
53
0
-240
-433
-643
-752
-832
-779
-718
-894
-913
-876
-889
-859
-642
-280
-228
-121
140
174
273
277
473
330
184
188
104
79
-239
-340
-601
-788
-899
-923
-886
-1018
-786
-668
-672
-577
-424
-417
-507
-526
-578
-716
-749
-727
-599
-392
-338
-342
-259
-314
-452
-441
-391
-421
-377
-270
-337
-442
-452
-574
-724
-838
-945
-874
-888
-955
-945
-840
-793
-788
-704
-729
-878
-985
-1027
-998
-1062
-1086
-891
-819
-793
-747
-751
-764
-894
-768
-556
-429
-295
-196
30
108
219
254
258
476
511
400
365
429
385
172
114
204
144
182
237
247
235
247
434
456
360
490
513
348
196
240
147
142
221
330
387
342
310
191
205
211
75
445
307
215
247
187
67
-16
-70
-193
-201
-239
-2
-26
-44
-159
-325
-492
-532
-725
-697
-631
-653
-496
-379
-301
-325
-143
-34
-141
-147
-37
-32
-62
-32
265
269
196
300
401
459
560
601
640
543
349
425
324
42
2
-87
9
83
202
316
418
579
642
849
877
773
825
914
921
844
795
797
791
705
591
586
613
593
733
814
880
1181
1447
1304
1184
1086
1057
961
803
884
747
753
615
443
537
456
450
338
310
287
277
332
437
631
628
517
548
437
351
309
269
160
42
-64
-73
11
-33
-14
-56
-87
-5
150
212
205
400
329
235
268
321
376
337
403
346
336
262
371
330
368
521
506
516
619
704
700
579
517
587
748
663
574
764
745
779
941
907
1031
1002
1007
1074
1003
926
997
927
938
1099
1160
1255
1114
1035
884
665
355
13
-315
-503
-332
-380
-255
55
153
433
646
760
835
825
838
581
213
-98
-206
-235
-370
-392
-430
-256
-164
-200
-153
-58
-35
47
115
214
228
129
-33
-235
-369
-497
-527
-655
-628
-561
-489
-601
-519
-544
-453
-392
-452
-344
-276
-302
-324
-343
-425
-480
-501
-465
-529
-442
-407
-357
-379
-372
-357
-333
-367
-436
-529
-370
-505
-605
-577
-337
-361
-358
-501
-627
-709
-1001
-1138
-1157
-1062
-1184
-1070
-961
-825
-685
-500
-259
-124
-197
-294
-245
-543
-769
-896
-966
-1052
-872
-656
-551
-320
-83
-23
29
148
-82
-462
-717
-751
-853
-1087
-1243
-1249
-1129
-1032
-935
-786
-649
-492
-300
-107
42
229
293
147
142
54
-157
-142
-284
-421
-244
-164
-24
93
279
477
488
434
536
536
494
317
297
353
-32
84
192
83
-41
-113
-6
88
106
122
139
73
70
52
-28
-175
-310
-266
-310
-282
-329
-344
-263
-190
-259
-175
-194
-40
8
23
289
310
492
605
544
495
439
308
3
-294
-307
-303
-214
-240
-185
-146
-110
201
154
191
450
437
422
368
490
427
240
168
148
179
361
399
544
665
779
860
792
857
759
643
353
228
294
264
290
348
367
367
585
481
487
579
526
600
801
878
783
568
357
352
228
52
-42
-32
-50
-83
-172
-292
-346
-365
-425
-567
-392
-382
-573
-487
-524
-700
-664
-721
-637
-660
-777
-726
-682
-478
-333
-220
-236
-303
-211
-327
-391
-587
-527
-440
-369
-366
-483
-493
-538
-463
-436
-398
-423
-312
-184
-121
-166
-224
33
7
-40
174
169
244
202
190
146
76
-22
83
274
229
293
470
425
361
367
456
492
585
573
566
558
522
509
551
567
612
619
675
740
755
971
827
894
1024
1101
1203
1119
1048
899
807
726
706
713
639
595
570
422
415
468
355
299
320
289
420
409
486
423
323
278
230
437
465
469
318
463
448
400
254
354
440
428
418
457
630
395
485
626
636
527
588
565
460
354
356
197
-35
-13
23
-93
-27
48
-36
-48
-153
-339
-336
-445
-448
-478
-516
-509
-376
-239
-163
-103
-146
-66
76
167
87
169
68
-68
-194
-345
-432
-484
-464
-585
-595
-593
-538
-600
-554
-588
-526
-603
-680
-758
-845
-920
-1071
-1065
-1087
-1130
-1231
-1242
-1182
-1217
-1345
-1198
-1174
-991
-845
-833
-653
-650
-453
-354
-351
-210
-31
109
67
128
124
33
159
147
103
-3
-170
-209
-70
71
7
139
324
402
335
211
206
9
-218
-170
-145
-253
-258
-169
-54
173
178
228
159
167
167
216
181
31
51
108
186
75
42
-40
-109
-108
-19
98
1
88
155
228
204
151
248
317
169
112
113
-20
-159
-186
-177
-147
-20
-174
-254
-162
-150
-113
-31
-47
-5
-141
-38
69
73
143
83
-12
-7
-94
-241
-54
-96
-111
-48
-97
-51
-195
-212
-268
-370
-315
-293
-126
-132
-99
-86
-17
-32
-89
34
52
-43
-100
-145
-198
-176
-92
-145
-169
-284
-214
-95
-143
-244
-289
-212
-158
-128
51
-83
-130
-218
-227
-297
-455
-327
-395
-307
-370
-559
-533
-517
-459
-397
-432
-271
-270
-376
-516
-555
-748
-889
-703
-768
-814
-926
-962
-905
-795
-690
-786
-613
-477
-521
-581
-610
-529
-317
-290
-164
-242
-286
-204
-114
-32
137
303
382
324
327
398
386
362
288
378
278
206
74
117
204
197
260
133
185
62
47
-11
-151
-187
-211
-127
-9
-29
104
138
132
137
55
307
455
427
493
492
346
487
431
263
406
393
302
342
418
458
326
493
512
451
425
366
309
207
223
150
82
252
292
167
105
44
162
249
228
369
604
674
663
963
0
0
0
0
0
0
0
0
0
0
0
0
0
0
0
0
0
0
0
0
0
0
0
0
0
0
0
0
0
0
0
0
0
0
0
0
1
0
0
0
0
-1
0
0
0
0
0
0
0
0
0
0
0
0
0
0
0
0
0
0
0
0
0
0
0
0
0
0
0
0
1
0
0
0
0
0
0
0
0
0
0
0
0
0
0
0
0
0
0
0
0
0
0
0
0
0
1
1
0
0
0
-1
1
1
0
0
0
0
0
0
0
0
0
0
0
1
0
0
0
0
0
0
0
0
0
0
0
0
0
0
0
0
0
0
0
0
0
0
0
0
0
0
0
0
0
0
0
1
0
1
0
0
0
0
0
0
1
0
0
1
-1
0
0
0
0
0
0
0
0
0
0
0
-1
0
-1
0
0
0
0
0
-1
0
0
0
0
0
0
0
0
0
0
0
0
0
0
0
-1
0
0
0
0
0
0
1
0
0
0
0
0
0
0
0
0
0
0
0
0
0
0
1
0
1
0
0
0
0
1
0
0
0
-1
0
0
0
0
0
0
0
0
0
0
0
0
0
0
0
0
0
0
0
0
0
0
0
0
0
0
0
0
0
0
0
0
0
0
0
0
0
0
0
0
0
0
