0
0
0
0
0
0
0
0
0
0
0
0
0
0
0
0
0
0
0
0
0
0
0
0
0
0
0
0
0
0
0
0
0
0
0
0
1
0
0
0
0
-1
0
0
0
0
0
0
0
0
0
0
0
0
0
0
0
0
0
0
0
0
0
0
0
0
0
0
0
0
1
0
0
0
0
0
0
0
0
0
0
0
0
0
0
0
0
0
0
0
0
0
0
0
0
0
1
1
0
0
0
-1
1
1
0
0
0
0
0
0
0
0
0
0
0
1
0
0
0
0
0
0
0
0
0
0
0
0
0
0
0
0
0
0
0
0
0
0
0
0
0
0
0
0
0
0
0
1
0
1
0
0
0
0
0
0
1
0
0
1
-1
0
0
0
0
0
0
0
0
0
0
0
-1
0
-1
0
0
0
0
0
-1
0
0
0
0
0
0
0
0
0
0
0
0
0
0
0
-1
0
0
0
0
0
0
1
0
0
0
0
0
0
0
0
0
0
0
0
0
0
0
1
0
1
0
0
0
0
1
0
0
0
-1
0
0
0
0
0
0
0
0
0
0
0
0
0
0
0
0
0
0
0
0
0
0
0
0
0
0
0
0
0
0
0
0
0
0
0
0
0
0
0
0
0
0
-110
50
175
275
353
476
444
391
462
512
550
472
335
343
296
207
256
291
248
318
331
289
247
262
307
356
425
601
593
596
736
771
809
886
786
747
827
733
723
720
818
871
835
886
901
960
832
872
953
860
929
790
761
833
787
654
517
577
541
485
314
244
76
260
275
110
246
142
151
139
100
188
208
191
225
68
129
221
193
152
-9
57
52
-9
-3
-11
59
32
65
117
59
121
176
-2
-82
-169
-52
289
450
362
478
467
400
487
366
248
146
-102
-208
-286
-206
-65
-229
47
35
-43
-2
157
189
137
362
467
487
540
645
821
915
948
874
921
829
720
684
649
714
634
701
684
511
379
330
331
260
290
392
252
272
324
327
273
392
547
606
739
733
722
649
780
854
853
846
959
944
909
878
812
739
649
656
531
422
410
383
388
339
315
273
101
38
61
56
157
272
340
481
437
510
554
566
860
817
810
761
690
476
364
310
149
182
160
211
330
177
328
292
162
163
141
238
103
173
102
87
-11
-28
59
113
-183
-186
-106
-354
-317
-388
-363
-467
-338
-391
-456
-581
-648
-657
-682
-648
-637
-646
-608
-563
-572
-584
-659
-622
-769
-923
-895
-963
-1094
-1157
-1109
-1019
-1103
-1027
-910
-917
-929
-1048
-1021
-1033
-1056
-1022
-1174
-1074
-1008
-951
-920
-921
-781
-681
-498
-408
-528
-491
-538
-623
-709
-815
-746
-865
-873
-887
-953
-1009
-1047
-1010
-967
-689
-904
-901
-807
-861
-898
-954
-894
-834
-752
-764
-757
-806
-789
-760
-705
-720
-661
-515
-513
-627
-559
-616
-715
-652
-552
-633
-601
-470
-581
-774
-536
-432
-559
-519
-435
-496
-539
-710
-736
-679
-786
-869
-966
-875
-888
-755
-662
-662
-592
-437
-464
-486
-592
-719
-734
-840
-661
-602
-630
-433
-347
-325
-104
30
189
394
532
481
517
691
795
735
691
774
647
536
562
685
712
811
846
986
981
974
990
1057
1006
951
1017
853
995
1086
1079
1085
1071
1229
1174
958
1081
1098
1065
993
1043
1183
1266
1256
1201
1211
1057
1057
1218
1310
1211
1116
1107
1000
982
1128
1018
1105
1098
1141
1149
1244
1265
1192
1303
1284
1225
1103
1124
1029
888
989
782
501
410
404
420
427
415
535
692
470
405
433
223
135
116
143
140
158
268
275
97
135
229
342
243
150
151
99
26
6
17
19
119
151
117
212
232
81
192
185
141
107
134
75
-91
-19
135
173
351
550
592
716
712
723
803
890
920
870
952
959
694
608
527
387
443
441
590
465
564
627
680
803
690
639
332
355
402
393
565
602
623
635
502
558
672
716
735
621
566
554
595
459
591
754
748
641
491
539
458
304
225
203
102
54
-104
-212
-194
-113
-196
-151
-191
-143
-259
-259
-242
-378
-297
-218
-172
-177
-250
-297
-453
-521
-529
-522
-466
-471
-367
-460
-302
-409
-475
-350
-456
-441
-315
-360
-453
-534
-482
-666
-695
-759
-803
-650
-785
-813
-904
-907
-963
-1020
-926
-823
-881
-926
-876
-666
-539
-532
-524
-411
-203
-170
-196
-6
19
79
162
185
185
233
287
269
254
150
80
176
90
-35
-48
-41
-38
-166
-118
-14
-81
-170
-247
-525
-530
-304
-350
-318
-338
-153
-66
-37
10
-16
42
-55
-168
-235
-359
-386
-266
-150
-239
-324
-375
-580
-581
-611
-543
-554
-520
-527
-549
-429
-529
-526
-628
-631
-692
-728
-785
-809
-802
-784
-739
-632
-540
-619
-625
-637
-546
-515
-426
-582
-529
-343
-358
-374
-372
-402
-490
-440
-453
-340
-308
-384
-391
-478
-465
-608
-641
-620
-770
-674
-660
-680
-565
-434
-428
-426
-504
-568
-487
-560
-499
-626
-726
-685
-714
-615
-630
-649
-609
-594
-611
-491
-437
-410
-269
-280
-181
-233
-148
-221
-246
-203
-465
-456
-411
-267
-267
-235
-28
-61
-142
-166
-74
32
41
12
32
-24
-98
145
219
405
510
661
1003
1003
1226
1460
1349
1327
1267
1178
1118
1053
1203
1014
799
794
813
765
627
753
879
869
989
938
1111
847
744
825
694
838
1010
985
1037
1133
1107
1090
1008
1010
998
950
812
681
647
611
761
692
492
543
359
254
332
291
368
293
275
343
248
216
243
203
86
32
216
72
20
161
22
-36
-142
-183
-194
-231
-196
-217
-298
-239
-197
-144
-65
-69
-6
-57
31
264
220
308
297
387
476
574
536
352
305
180
-96
-140
-180
-407
-430
-396
-405
-210
-153
-142
-13
141
190
262
347
367
427
509
544
565
643
485
432
575
566
503
433
299
369
202
151
27
-68
-56
-154
-116
-60
-55
-152
-25
64
158
178
153
277
391
303
273
65
31
-32
-70
-44
-151
-147
-155
-101
-195
-368
-391
-270
-274
-338
-335
-322
-233
-235
-239
-227
-206
-68
241
322
237
274
162
91
46
-53
-153
-190
-312
-434
-427
-490
-621
-582
-588
-664
-583
-529
-591
-414
-296
-169
-217
-243
12
54
18
-33
-233
-191
-221
-173
0
23
64
91
91
-59
-67
-18
-91
-65
-75
-160
-186
52
6
-96
129
165
201
134
267
321
270
208
202
264
203
62
67
72
82
106
26
82
60
150
172
61
-32
-82
-211
-329
-229
-161
-68
-111
-150
-196
-207
-167
-141
-128
-142
-176
-128
-269
-350
-517
-609
-774
-789
-833
-821
-745
-908
-887
-967
-939
-1028
-953
-821
-804
-691
-607
-513
-418
-441
-439
-632
-780
-721
-747
-809
-842
-895
-1095
-1039
-1095
-1191
-1249
-1324
-1267
-1419
-1239
-1354
-1244
-1115
-1141
-992
-1028
-780
-797
-747
-419
-411
-437
-422
-479
-499
-521
-547
-583
-494
-393
-431
-333
-376
-447
-393
-282
-278
-409
-435
-522
-390
-288
-155
-83
-34
70
275
231
170
126
107
177
364
508
487
393
354
213
196
150
67
88
134
352
436
500
484
574
376
358
517
454
584
742
756
678
742
641
539
492
420
289
249
147
228
36
-102
20
-173
-69
-45
37
119
145
109
144
235
386
413
532
594
635
493
538
493
300
364
157
125
-77
-290
-401
-453
-440
-424
-385
-352
-223
-172
-180
-130
-62
104
187
264
268
244
68
75
5
-17
19
3
-174
-220
-215
-273
-206
-278
-325
-488
-539
-559
-504
-440
-320
-128
117
228
475
672
542
635
592
647
486
593
495
305
326
200
222
150
-18
-141
-427
-581
-467
-449
-335
-362
-376
-393
-504
-502
-493
-347
-90
55
212
205
381
337
328
366
332
405
338
300
347
467
539
557
551
419
306
147
-24
-153
-303
-256
-49
4
105
136
127
138
102
261
299
662
747
836
873
841
824
811
723
750
594
476
485
346
380
369
325
343
415
307
309
248
421
478
572
600
613
727
762
709
748
518
449
454
380
419
223
223
16
-281
-348
-259
-388
-312
-256
-253
-173
-78
64
119
237
235
200
340
314
432
251
150
178
61
47
-71
-65
-158
-267
-267
-275
-207
-192
-245
-245
-390
-221
-90
69
17
20
179
133
152
299
388
444
347
310
389
417
489
439
665
608
640
726
497
328
309
284
146
96
-10
84
51
-35
-63
-60
-82
-119
-56
-89
-78
-97
14
-52
-160
-221
-285
-401
-365
-313
-320
-388
-535
-664
-663
-611
-675
-744
-825
-916
-916
-997
-1166
-1178
-1137
-1060
-1033
-1054
-971
-1009
-1030
-1025
-1012
-962
-964
-1053
-1150
-1325
-1217
-1308
-1324
-1356
-1380
-1388
-1403
-1360
-1316
-1256
-1186
-1312
-1149
-1080
-925
-788
-955
-751
-745
-709
-537
-465
-526
-549
-423
-339
-438
-300
-290
-302
-162
-87
90
15
110
187
242
233
68
154
81
189
255
324
288
408
548
539
639
509
414
275
319
55
40
105
-18
129
186
236
164
104
143
145
256
247
274
436
337
573
578
436
465
473
391
455
364
160
281
187
134
81
-67
-217
-306
-224
-222
-180
-163
-28
73
-16
88
48
-31
58
180
259
355
296
310
302
304
258
48
65
-71
-67
-39
9
237
261
285
329
229
182
234
162
-10
-54
-153
-328
-380
-284
-226
-108
-110
-181
-221
-58
-9
-80
101
156
175
136
294
169
206
97
-73
-159
-314
-403
-428
-494
-595
-663
-800
-715
-658
-701
-600
-622
-606
-652
-673
-502
-503
-518
-164
-158
-29
231
138
74
41
-18
-97
-67
71
114
268
306
242
198
183
57
59
1
-52
185
178
441
556
584
590
670
653
552
519
425
514
538
485
438
570
432
256
216
123
211
252
317
493
351
454
390
356
420
379
472
498
683
650
706
686
782
954
904
838
856
927
889
714
726
749
751
671
612
562
452
462
457
468
489
511
692
860
934
1035
1018
1122
1167
1154
1234
1326
1275
1306
1241
1221
1297
1334
1189
1150
1132
1023
930
796
790
666
590
463
446
384
478
489
562
557
446
491
524
603
500
497
458
396
311
243
102
-111
-223
-337
-215
-412
-340
-292
-178
-33
5
117
193
322
259
223
117
7
-171
-95
-123
-202
-144
-127
-300
-301
-360
-358
-239
-350
-528
-581
-566
-539
-540
-655
-584
-536
-590
-572
-465
-511
-385
-501
-489
-618
-602
-573
-714
-563
-501
-542
-500
-380
-466
-501
-385
-423
-530
-443
-280
-277
-399
-379
-360
-435
-406
-413
-410
-505
-580
-680
-682
-519
-523
-334
-188
-152
-186
-243
-335
-373
-390
-459
-469
-578
-629
-673
-568
-590
-637
-586
-385
-343
-326
-163
-58
53
-27
109
62
-24
-37
-52
19
-9
70
37
-104
-232
-355
-395
-397
-262
-140
-86
0
14
0
-44
84
102
55
152
156
232
230
272
294
269
274
350
332
360
295
260
249
181
201
197
437
405
273
349
208
203
102
33
109
14
184
138
172
207
11
-23
37
122
272
354
288
281
343
262
230
116
207
136
1
-145
-102
64
-57
-84
22
-95
-255
-248
-416
-338
-383
-364
-209
-215
-392
-465
-698
-801
-857
-897
-979
-867
-759
-738
-575
-525
-498
-495
-696
-778
-832
-856
-750
-770
-703
-632
-639
-576
-462
-336
-343
-186
-167
-27
3
41
82
-6
16
-165
-64
-87
-35
-100
-47
-41
-234
-344
-423
-484
-527
-536
-518
-391
-317
-243
-93
-85
81
59
115
104
153
194
270
268
312
59
-9
-90
-173
-130
-104
-218
-244
-114
-250
-175
-268
-98
-180
-214
-75
-223
-267
-114
27
-9
-58
-141
-346
-370
-281
-279
-233
-314
-223
-144
-176
-166
-60
15
84
255
104
100
235
279
318
381
401
427
482
549
552
555
629
704
774
785
963
1004
874
961
993
873
921
929
1005
889
891
912
866
888
938
894
967
838
750
890
791
741
739
645
566
647
587
602
500
421
339
354
437
520
487
525
523
401
503
472
326
301
231
243
156
67
82
11
-71
-101
-25
19
60
122
164
209
231
229
259
338
243
273
275
371
398
314
235
192
189
181
335
390
402
596
663
612
518
369
338
270
384
301
262
251
200
31
-179
-273
-323
-332
-210
-78
217
243
280
496
443
562
549
445
498
496
584
726
620
654
637
441
326
288
263
216
97
313
197
353
414
401
233
190
145
-35
-34
-47
41
-55
-99
-256
-295
-167
-76
3
92
-54
-182
-236
-490
-575
-455
-515
-515
-283
-215
-169
24
113
239
242
229
79
-128
-332
-658
-1006
-1150
-1230
-1152
-803
-649
-275
-29
-13
51
15
41
130
251
324
207
33
-78
-334
-572
-867
-1150
-957
-799
-811
-652
-517
-501
-424
-425
-434
-316
-154
-64
-158
-215
-49
-186
-196
-50
-254
-487
-594
-725
-681
-546
-572
-481
-387
-298
-231
-311
-246
-224
-315
-355
-385
-291
-330
-303
-348
-348
-376
-461
-397
-487
-343
-297
-190
-111
-287
-249
-158
6
-102
-133
-144
-84
-21
-203
-491
-547
-557
-634
-510
-550
-320
-267
-409
-338
-286
-352
-236
-341
-431
-500
-499
-589
-770
-897
-1040
-916
-1002
-994
-944
-777
-653
-448
-497
-344
-269
-357
-254
-328
-272
-391
-395
-496
-543
-472
-543
-503
-488
-437
-614
-772
-900
-848
-706
-674
-475
-383
-310
-360
-350
-395
-451
-486
-453
-338
-308
-228
-80
49
26
-93
-92
-47
-84
-165
-67
72
42
116
128
169
15
-118
-135
-114
27
117
342
293
251
217
246
272
230
281
164
19
66
42
25
-165
-111
-76
2
101
135
409
484
594
617
651
445
165
22
-163
-428
-454
-389
-372
-248
-151
99
200
261
273
73
143
114
-11
-32
31
-147
-128
-297
-475
-599
-588
-386
-216
-8
192
404
395
411
335
397
403
419
501
605
707
691
632
665
714
695
578
578
733
828
736
701
702
759
630
737
626
606
619
494
677
619
762
725
724
694
898
1063
1020
1029
1203
1287
1357
1557
1587
1553
1685
1618
1553
1407
1339
1297
1307
1236
1240
1270
1285
1234
1077
974
765
818
898
956
1122
962
940
904
860
905
893
916
781
627
549
634
540
457
325
374
468
443
444
603
504
477
315
316
291
114
311
339
322
393
307
70
147
111
263
293
353
446
620
701
674
669
556
383
351
369
533
591
536
408
294
324
301
360
326
379
327
366
516
536
349
367
294
10
44
84
56
57
-5
-196
-264
-412
-493
-625
-550
-628
-695
-791
-768
-760
-724
-797
-1004
-764
-785
-678
-501
-402
-461
-463
-517
-476
-433
-556
-468
-461
-321
-388
-429
-470
-513
-536
-599
-647
-734
-580
-499
-580
-654
-579
-508
-676
-625
-604
-803
-669
-622
-644
-457
-258
-351
-452
-574
-502
-439
-489
-447
-406
-377
-538
-305
-236
-158
-106
-238
-194
-317
-262
-385
-276
-370
-355
-237
-100
-58
88
256
199
64
-161
-293
-306
-313
-94
43
90
45
-187
-393
-627
-671
-555
-542
-420
-269
-148
-188
-386
-317
-358
-367
-368
-330
-111
-14
-47
-59
-214
-419
-560
-752
-658
-553
-592
-470
-461
-536
-722
-771
-1059
-1139
-1109
-1126
-960
-930
-860
-868
-810
-773
-757
-814
-805
-690
-532
-438
-302
-265
-442
-663
-791
-955
-1073
-931
-840
-754
-575
-628
-594
-600
-441
-379
-279
-134
-168
-113
-237
-293
-327
-396
-390
-377
-476
-445
-314
-360
-436
-430
-417
-351
-60
-43
-11
-61
-61
-91
-137
-20
206
233
410
397
516
554
263
193
48
-55
-163
-126
-147
-103
-2
214
208
93
54
30
-87
-238
-186
-156
-145
-46
-67
68
237
266
187
244
169
51
226
85
213
237
167
111
-1
20
-153
-50
116
99
154
85
245
259
341
524
303
364
413
486
690
786
835
751
570
591
434
284
481
468
646
635
524
685
635
719
552
400
253
159
146
394
580
698
659
676
574
485
382
300
324
381
492
611
770
604
602
468
368
94
-19
12
139
414
576
650
645
530
407
408
432
392
477
613
604
793
695
703
813
591
345
409
456
466
579
794
765
770
728
483
450
473
748
731
746
606
470
287
272
210
77
229
298
308
183
196
132
73
29
-16
31
-149
-357
-354
-497
-438
-615
-507
-516
-502
-479
-277
-387
-191
-218
22
-72
174
421
294
376
-73
-138
-338
-232
-171
-47
105
87
181
-78
-177
-350
-284
-318
-89
-109
42
-71
-116
157
-107
-30
-251
-196
-285
-224
-304
-138
-430
-397
-587
-553
-674
-708
-351
-312
-132
-346
-287
-443
-392
-484
-487
-698
-520
-645
-678
-522
-428
-388
-562
-445
-476
-319
-251
-253
-245
-296
-403
-403
-308
62
-3
302
266
243
221
165
-6
20
73
121
-245
-338
-400
-299
-308
-242
-143
-293
-271
-301
-146
-114
44
128
229
22
120
37
67
-244
-285
-231
-131
-6
120
313
429
365
289
133
82
163
225
381
512
612
541
298
115
17
-54
-65
-35
-7
-41
-106
-73
-233
-303
-327
-279
-175
-115
-159
-94
-69
27
19
132
363
218
354
215
306
192
120
134
7
-118
-82
-150
-89
40
-28
-27
-173
-356
-470
-455
-694
-793
-694
-550
-582
-567
-727
-599
-824
-806
-846
-937
-757
-754
-630
-636
-594
-500
-539
-642
-724
-708
-994
-932
-945
-757
-733
-697
-717
-829
-788
-877
-662
-731
-366
-422
-257
-302
-150
-289
-263
-604
-401
-523
-427
-363
-383
-258
-289
-231
-354
-344
-613
-381
-440
-335
-295
-124
-76
147
218
358
399
491
525
593
618
707
730
795
846
876
682
966
668
686
668
588
549
299
434
315
295
278
365
103
137
117
222
40
89
68
141
-6
374
463
476
542
499
480
187
402
313
311
412
344
418
517
447
582
410
395
286
360
586
485
611
770
742
666
552
656
542
567
642
698
501
431
381
177
251
107
246
194
321
315
279
164
272
219
541
553
579
654
540
658
665
557
631
750
697
870
642
667
404
273
113
265
188
93
256
217
278
414
328
298
399
160
389
230
236
354
301
492
183
79
4
163
-293
-194
-243
-274
-113
-148
46
53
124
192
6
-188
33
-243
-248
-164
-16
-52
-23
-2
-75
-127
-277
-393
-583
-598
-496
-564
-493
-472
-336
-335
-236
-159
-75
-19
6
-185
140
-1
62
-159
-50
-78
91
39
316
309
420
234
231
214
66
279
238
411
216
159
-273
-91
-466
-105
-216
-112
-180
-130
-183
-154
13
-53
37
-41
167
74
389
272
485
193
165
103
-156
107
-61
-134
-225
-202
-79
-14
85
348
298
326
124
248
95
285
102
557
440
566
600
456
335
192
246
215
136
519
424
425
473
338
364
324
252
279
165
334
335
154
377
227
306
431
461
543
418
387
33
-243
-406
-545
-570
-612
-485
-740
-443
-665
-508
-693
-457
-864
-790
-1004
-729
-799
-824
-714
-921
-697
-1200
-1011
-1284
-843
-982
-959
-1040
-1033
-885
-909
-881
-1078
-1006
-1263
-1146
-1185
-1027
-949
-888
-878
-835
-897
-973
-1236
-1215
-1139
-1182
-955
-905
-1024
-816
-817
-840
-909
-724
-862
-695
-608
-596
-576
-614
-702
-675
-751
-414
-447
-396
-224
-396
154
-62
456
242
366
104
158
-134
-15
-228
-109
-90
-168
-99
-440
-53
-275
-159
-267
-242
-306
-50
-288
13
-44
200
63
314
-7
354
-89
275
-49
92
302
-11
294
66
113
-23
128
70
448
260
713
78
288
-58
-93
-30
2
285
120
371
496
261
184
104
-48
-260
-148
-146
206
93
241
225
41
244
420
200
508
371
529
64
662
693
663
674
841
597
725
666
950
1039
1143
1116
761
1093
527
908
303
737
326
438
118
521
120
540
18
77
19
-34
366
-99
410
-208
-152
-254
-83
40
542
510
668
271
604
443
353
552
357
320
-27
6
146
241
469
481
170
247
-139
-144
-123
-146
94
146
98
488
348
445
618
259
442
81
617
316
989
739
887
623
652
314
667
656
900
625
597
679
295
440
20
244
91
356
275
437
408
248
231
150
408
369
158
298
-105
96
-158
-101
-45
143
-126
-157
-199
-195
-442
-220
-91
-149
-119
106
210
151
339
177
277
216
235
512
414
530
359
-14
347
-105
254
271
236
140
34
243
-310
48
-466
193
-153
73
220
314
83
549
36
138
61
333
63
129
279
598
54
519
-366
-236
-374
-62
-45
-4
481
98
250
84
272
172
392
466
45
43
-70
273
155
679
212
513
312
398
763
593
1189
911
1044
583
324
338
537
168
603
106
440
-48
478
217
288
447
357
485
549
187
602
-48
213
-46
-84
227
-156
-328
-388
-378
-336
-656
-533
-322
-390
-288
-339
-85
-449
-347
-633
-638
-766
-1153
-599
-615
-803
-502
-343
-477
-325
-425
-517
-514
-974
-605
-831
-691
-317
-406
-62
-467
-485
-348
-953
-153
-441
94
-414
84
-327
-356
-227
-779
-76
-719
-67
-233
-67
472
236
-398
-301
-398
-1
272
-368
568
-213
126
-501
-681
-843
-1012
-320
-788
-440
-659
-56
-673
-493
-556
-1275
-939
-1039
-860
-1063
-515
-487
-531
-877
-344
-417
-471
161
-227
143
-621
-95
-804
-191
47
128
238
-147
270
-191
-38
141
-139
-43
107
-393
12
-815
-801
-535
-996
74
-569
-31
-462
-1253
-1107
-1581
-788
-745
314
-121
313
-121
-495
-326
-904
-592
-42
-386
439
-321
-421
-156
-1205
-651
-672
-591
-210
-490
-380
-707
-779
-668
-386
-22
-348
341
-76
209
-87
128
1
386
294
184
229
246
113
706
345
515
139
232
-15
325
8
-39
29
253
618
639
688
657
379
243
688
623
718
157
542
106
160
474
470
753
100
407
-178
47
8
-233
299
-351
372
531
288
710
4
-44
353
50
781
384
655
1070
40
1051
464
1357
1130
874
1418
320
651
340
196
398
479
957
634
592
989
172
1076
-14
504
318
-26
1031
-254
720
-90
-217
458
118
673
135
126
428
36
383
-429
-120
-298
-668
20
-523
330
229
561
1031
-178
703
544
306
848
-297
670
295
373
852
611
1213
1076
929
976
718
706
372
304
296
354
47
-187
166
-277
-167
455
215
391
6
184
9
-149
626
-18
398
88
-158
-349
-765
371
-611
-42
598
618
1330
395
542
-15
-446
-133
-202
402
436
121
173
-257
-734
-545
-342
119
492
28
-222
-392
-491
-259
-164
429
697
348
422
-121
71
-99
267
766
-80
352
-455
-458
303
404
647
406
754
464
211
-327
298
-360
152
216
-466
178
-259
604
327
176
526
227
305
270
-737
-369
-679
-571
-46
81
923
134
307
-351
146
125
-98
130
-268
-101
-940
-1237
-1057
-769
-773
-988
-535
-446
-572
-327
-506
-656
-1205
-1024
-821
124
215
71
-131
-1076
-928
-1427
-1143
-71
-49
629
158
4
-152
-792
-398
-708
-134
-419
-588
-168
-845
-371
-702
-570
-219
-1136
-390
-1450
-1022
-733
-1452
-582
-950
-1333
-974
-1544
-658
-1441
-620
-125
-535
346
-1068
-616
-1146
-710
-202
-653
-346
-789
-1045
-526
-1609
-469
-1810
-1371
-1055
-1773
-470
-1523
-759
-1323
-1230
-1049
-978
147
-518
-326
0
-926
-52
-169
143
644
-42
471
-509
-185
50
-678
-284
-132
361
-62
78
255
-404
-467
-1081
-259
-452
-83
38
-958
-973
-1110
-1254
-440
-807
-549
-679
-1241
-773
-1014
-289
-798
-236
-668
-715
253
-24
897
284
-501
196
-1078
-164
69
285
938
23
551
439
-142
275
-51
539
395
350
308
-7
696
-463
389
-275
-255
549
441
1361
1462
723
1002
486
638
1266
646
1932
1299
1138
1255
121
599
460
495
541
180
20
-459
-234
-64
-493
22
-842
-127
365
-336
1241
-469
388
201
-276
1365
579
1377
1082
96
500
-647
99
-161
-449
291
-839
457
32
82
317
-928
69
-967
-632
-394
-786
347
-647
-632
-361
-1085
-359
-742
-299
318
-188
703
258
780
1060
1015
1514
1157
1579
1387
1012
1148
384
623
-155
-240
267
-220
221
75
-59
-336
-647
-419
-738
-580
-571
-625
-503
-670
-444
-330
-815
-174
-482
236
117
335
293
-66
231
-2
-221
49
-145
-250
-80
-470
23
-255
-306
-279
-500
-247
-477
-156
-440
-194
-451
-609
-188
-793
-168
201
323
486
570
516
731
543
942
349
295
327
-186
279
-543
-15
-201
20
270
107
155
-135
-7
-278
-359
-433
-294
-75
119
311
404
-134
4
105
91
302
624
1017
1105
938
686
559
358
521
513
472
352
74
-115
-366
-240
-228
-143
40
291
155
78
42
-136
71
89
418
539
767
1215
828
967
1151
1197
1098
971
883
791
468
420
461
484
339
359
260
-147
-32
-201
69
-39
195
105
108
-115
46
-99
-277
119
242
699
830
1183
1125
1206
1253
1119
878
979
1241
1515
1528
1778
1819
1924
2053
1878
2136
1892
2033
2203
2493
2547
2132
2108
2017
1564
1769
1714
1706
1758
1595
1338
837
609
185
-227
-546
-1273
-1745
-2087
-2511
-2812
-3143
-3596
-4052
-4735
-5182
-5596
-5692
-5228
-5511
-5493
-5886
-5899
-6131
-6643
-6429
-6621
-6606
-7168
-7389
-7856
-8182
-8837
-9282
-10243
-10409
-10912
-11254
-11936
-12270
-11252
-10086
-9031
-8019
-5342
-3962
-1952
-447
3359
4980
7332
9340
10852
12584
14374
15631
15850
17275
18312
18488
17805
19087
18359
16214
14040
12737
10901
7343
4822
2091
-276
-3618
-5400
-6403
-8142
-8761
-9548
-8846
-8669
-7484
-6189
-4655
-3128
-1489
186
2396
5121
6880
9112
10627
12821
13717
15349
16149
16783
16897
16164
15324
13650
12010
9714
7462
5325
3522
870
-965
-2666
-4442
-6245
-7702
-8290
-9244
-10117
-10480
-10542
-10911
-11148
-11092
-11047
-10922
-10716
-10215
-9472
-8566
-8111
-7749
-7785
-7908
-8408
-9565
-10272
-11712
-13244
-15213
-16964
-18324
-19842
-20293
-19576
-19084
-18874
-16382
-14008
-11500
-8990
-5065
-1569
707
3855
7060
9779
12798
16348
18080
20680
22990
25563
25831
26916
27751
25792
23021
20352
18029
13178
8694
4323
-255
-5104
-9957
-12712
-15923
-18309
-19925
-20766
-20400
-19733
-18709
-16627
-14598
-12468
-9735
-6647
-2631
273
4062
7727
11186
14146
17105
20016
21653
23346
24017
24598
24011
22546
21074
18376
15417
12644
9857
7031
4466
2505
512
-1839
-2828
-3866
-4999
-6009
-5783
-5724
-6021
-5472
-4794
-3810
-3464
-2841
-1652
-1215
-863
-29
301
667
623
406
277
-706
-1359
-2070
-3439
-4541
-5867
-7554
-9258
-10827
-12324
-14507
-16439
-18936
-20985
-24118
-26546
-28953
-30135
-29809
-28417
-26952
-25155
-20329
-16498
-10647
-6365
1548
6398
11047
14874
18996
22483
24904
26853
27451
28958
29359
29916
28465
28873
27054
23489
19960
16995
13400
7263
2158
-3312
-8980
-14747
-19252
-21891
-24940
-26391
-27283
-25448
-23187
-19983
-16286
-11424
-6891
-2405
2683
8021
13320
16705
21272
24508
27338
29057
30524
31398
30710
30354
28580
26746
23669
20510
16516
12034
7818
3544
-353
-4175
-6743
-9064
-10393
-11298
-11103
-10398
-9308
-7959
-6013
-4151
-2798
-848
436
1675
2696
4183
4976
5620
6112
6237
6423
6145
5680
4617
3178
1413
-887
-3404
-5796
-9030
-12245
-14925
-17771
-19937
-21942
-23054
-24703
-25069
-25859
-26692
-27683
-29080
-30327
-30679
-28896
-27145
-25913
-23960
-19154
-16322
-11455
-6861
508
4760
8936
13135
16883
20241
23398
25333
26184
26871
27017
26937
25518
25962
23975
20563
16941
14280
10930
5333
772
-3131
-8022
-13018
-16303
-17644
-20398
-21485
-21913
-20161
-18707
-16185
-12833
-8581
-4938
-1211
3837
8785
13668
16768
20649
23652
25465
26344
26860
27044
25840
23982
21741
19309
15889
12296
8561
4580
1194
-2452
-5318
-7978
-9852
-11625
-12078
-12101
-11423
-10194
-8410
-6242
-3972
-1051
1566
3744
5647
7281
8289
8963
9467
9681
9632
9508
9327
9166
8352
7009
5580
3701
1758
-210
-2762
-5074
-7609
-10079
-12863
-15386
-17003
-18355
-19568
-20566
-21342
-22072
-23420
-24765
-26574
-28415
-30455
-31085
-30249
-28624
-28036
-25794
-20600
-16591
-11401
-6639
1572
5706
10149
14158
18773
21468
24752
26656
28346
29891
31086
31975
30442
31363
28949
25565
21485
18237
13562
6841
843
-5545
-11709
-18114
-22496
-25500
-28708
-30076
-30478
-28847
-27175
-24278
-20699
-15695
-11373
-6015
-613
4786
9636
12965
17095
19841
22043
23009
24864
25240
24640
23692
22601
20882
17396
14802
11421
7421
3012
-385
-4422
-8569
-11672
-13805
-15037
-16182
-14940
-13812
-11499
-8774
-5040
-1040
1942
4693
7487
9261
9997
11393
12621
12811
11781
12465
12695
12546
12403
12202
11910
10051
8390
6433
3919
603
-2873
-6334
-9966
-12787
-15259
-17034
-18402
-19542
-20382
-21509
-22064
-22835
-23709
-25534
-26881
-28517
-29461
-28427
-26365
-24510
-23219
-17437
-13330
-7254
-2417
5604
11093
14842
19248
22466
26059
28282
29553
29187
30524
30005
29832
27243
27396
24823
19509
15732
11946
8290
1129
-4458
-9651
-15194
-20567
-24728
-26305
-29089
-30154
-30263
-27878
-24736
-21086
-16052
-10274
-4449
1235
7673
13155
18949
22014
25411
27890
29015
29760
28872
27914
25557
23373
20506
17953
13981
10564
6566
2277
-1611
-5246
-8677
-12251
-14589
-16237
-16615
-15832
-13959
-11853
-8696
-4200
-595
3744
8110
10606
14076
15159
17304
18374
19350
19104
18786
18102
19138
17563
17030
15796
14183
11793
8074
6363
2224
-2434
-7452
-11286
-15671
-19142
-22187
-23633
-25488
-26627
-27028
-26139
-26310
-26071
-26191
-26356
-27482
-27930
-28238
-27357
-25981
-22991
-20707
-17571
-11180
-7273
-1477
3069
11004
13966
18057
21283
23523
24168
25229
25666
24117
23025
22137
21160
17021
16742
13980
10421
5926
3075
-41
-6057
-10710
-14521
-18420
-23088
-25754
-26361
-27595
-27459
-26050
-21836
-17886
-13233
-7361
-777
4536
9163
14351
18799
21938
22176
23485
23676
22682
20738
19591
18267
15617
13152
11460
9972
7143
5025
3000
538
-2344
-4952
-7285
-9485
-11348
-12086
-11336
-10228
-8497
-5393
-1362
2809
6816
11347
15018
17873
19908
21604
22200
22291
21501
19931
18498
16778
15676
13073
11421
8910
6293
2720
65
-3120
-7027
-11774
-15764
-19269
-22563
-25097
-26326
-26565
-27450
-26640
-25251
-23712
-22905
-21715
-21355
-21090
-22802
-23255
-24828
-25331
-25010
-23242
-22723
-19701
-15064
-11233
-5386
-643
7240
10274
14833
17405
19701
19690
20628
19480
17841
15940
14911
13493
10105
10531
8477
6396
4109
3862
2350
-2135
-4749
-7343
-10578
-14939
-17084
-17562
-19793
-20271
-19705
-16324
-13892
-10201
-5515
-363
3272
6692
10956
13916
15816
15122
16067
15366
14310
12982
12754
12229
10945
10762
10711
10812
9037
8059
6667
4533
2154
-382
-2545
-5313
-7267
-8015
-7446
-6551
-4274
-1267
1793
6356
10022
14606
17421
19850
21206
21253
20987
20433
18669
16272
14650
12682
11045
8579
7147
4966
2485
-336
-2134
-4908
-8683
-12551
-15537
-18657
-21175
-22986
-23537
-23785
-23465
-21807
-20629
-18966
-18218
-17796
-18631
-19435
-21654
-23781
-26457
-27637
-27877
-26589
-25334
-22738
-18117
-14177
-7169
-2487
5353
9114
13708
16212
17815
18072
18915
17371
15550
14219
13837
14438
12298
14690
14819
14808
13866
14337
13754
10017
7170
3857
-484
-5783
-9439
-11796
-15440
-16938
-17447
-15578
-13899
-11059
-6862
-2428
450
3665
6707
8795
10391
9996
11190
10853
10678
10645
11565
12156
13183
14456
15454
16558
16186
15853
14677
13006
10574
7631
4364
1372
-1614
-3514
-4023
-4182
-2945
-800
1937
5266
8538
11667
14584
15898
17271
17440
16899
16378
14390
12427
11005
8817
7554
5809
4617
3106
682
-1146
-3068
-5572
-8758
-11789
-14936
-17134
-19938
-21480
-22126
-22108
-22299
-21031
-19646
-18497
-18435
-18557
-18723
-20205
-23078
-24997
-27602
-28377
-28723
-26958
-26144
-22537
-17331
-12788
-5662
-85
7372
10396
15443
17927
19040
18744
20163
18329
16833
15847
16390
16877
14777
17284
17771
17664
16563
16985
16024
12079
8153
4624
138
-5948
-10895
-13974
-18092
-20900
-22289
-20959
-19188
-16969
-13596
-9066
-5703
-2213
1255
4299
6569
7237
8884
9518
10020
10560
11360
12257
13436
14629
15908
16827
17283
16540
15463
14126
11929
8732
5416
2268
-852
-3432
-4363
-4923
-4869
-2816
-614
2616
5579
9296
12103
13712
15426
16403
16155
15439
13828
11764
9957
7596
5936
3609
2118
-122
-2027
-3682
-4697
-6585
-9278
-11522
-13598
-16135
-17956
-19165
-19203
-19886
-20453
-19446
-18714
-18876
-19287
-20043
-21157
-23570
-25830
-27442
-29384
-29484
-28529
-26447
-25739
-20007
-15887
-10121
-4631
2144
7342
10282
14330
16291
16358
16514
17761
15867
15282
14686
16486
15295
15435
17283
17857
17362
16717
17335
15432
11348
7547
3513
-1170
-7578
-11429
-15157
-19012
-22081
-22727
-21196
-20240
-18260
-14581
-10192
-7779
-3974
-504
2853
3583
4833
6301
6953
7421
8221
9861
10861
12350
14032
16137
17429
17977
17917
17424
15759
13513
10417
7007
3682
341
-2097
-2936
-2970
-2247
-1026
2270
5218
8063
10968
13474
14495
14897
14776
14025
12457
9915
7701
4962
3364
1451
1140
-277
-1162
-2014
-2669
-4031
-4992
-6923
-9305
-12033
-14036
-15598
-17589
-18368
-19097
-19009
-19304
-18505
-18108
-18024
-18663
-19602
-21306
-23337
-25645
-27899
-28306
-28114
-26376
-26363
-21767
-17264
-12110
-6725
-629
6184
9460
13585
16204
18081
18655
20039
19163
18875
18472
19892
19290
18933
21122
20757
20049
18972
19180
16995
12441
9029
5026
-445
-7426
-11667
-15469
-20759
-24112
-25266
-24613
-24673
-22824
-19252
-15200
-12602
-8251
-3778
194
2840
4623
7849
9721
11291
12702
14929
16582
18180
19442
21222
22809
22917
21928
20529
19074
15899
12508
9125
5842
2165
-197
-1266
-1886
-1649
-1187
1036
3332
5604
7817
10254
10887
11775
11622
11766
10811
9406
8081
7030
5983
5424
4835
4357
3647
2824
2603
1088
292
-1858
-4111
-7037
-8823
-11394
-13351
-15120
-15865
-17087
-17422
-17864
-18450
-19328
-20921
-22580
-24643
-26863
-29420
-31127
-32144
-31431
-29778
-26546
-24157
-18308
-13452
-7363
-2095
3750
8971
11988
15087
16756
17731
18668
19567
19078
19568
19706
21731
20816
21813
23072
22278
20799
19105
17397
13268
8200
3913
-1905
-8205
-13944
-18130
-22334
-26266
-27649
-28095
-26874
-25606
-22209
-18459
-14658
-10936
-6128
-2122
1978
5052
8206
11734
13995
16488
18418
20997
22895
23991
25044
25809
25576
23874
21999
19992
16632
12470
8889
5348
2010
-1146
-2659
-3419
-4255
-3721
-2687
-793
884
2979
4600
5961
7021
7726
8469
8733
8170
8302
8124
7667
7407
7126
7255
5696
5162
4345
2675
599
-1485
-3301
-6264
-9101
-10850
-12786
-14850
-16089
-17080
-17895
-19089
-19728
-20211
-21965
-23587
-25062
-26922
-29592
-30578
-31587
-31305
-30393
-26750
-23858
-20388
-14912
-9925
-4338
-1164
5765
9003
11839
13751
15791
17163
18278
18284
19076
19399
19892
20982
19963
22143
21396
20254
18731
17335
14632
9764
5558
1182
-4526
-9664
-13913
-17097
-21348
-23055
-23812
-23741
-22585
-20222
-16955
-13707
-10021
-5954
-1436
1947
6436
8770
12004
14686
16995
18910
20823
22801
23664
24373
24684
24725
22777
20970
19043
16172
12381
8791
5942
2811
-432
-2370
-3141
-4228
-5009
-3878
-3083
-1613
-782
1317
2627
3732
5045
6162
7614
7759
8720
9265
9942
9359
9773
9050
8242
6329
5344
3695
1428
-519
-3024
-5556
-8669
-10750
-12854
-14835
-16419
-17352
-18818
-19923
-20599
-20900
-22075
-23539
-24672
-26021
-28117
-30066
-30884
-31304
-32381
-31127
-27606
-24606
-22601
-17070
-11598
-6659
-3056
3360
8618
9959
12755
14976
16074
16198
17282
17847
17931
17767
20270
20013
21133
22415
21948
21183
19352
17939
14810
10288
5753
1080
-4204
-10155
-14196
-18146
-21506
-23584
-24666
-23089
-22254
-20015
-16594
-12220
-8884
-5073
-491
4448
7118
10088
14288
16509
18643
20514
22957
23705
24331
24676
24672
23534
21935
20480
17837
14459
11762
8604
5500
2498
6
-1969
-4208
-5405
-5370
-5688
-5270
-4230
-2860
-1349
573
2867
4960
6546
7998
9455
10220
11045
11184
11013
10038
9315
7706
6442
4271
2750
551
-1916
-3514
-5198
-7266
-9025
-10708
-12083
-13512
-15764
-16880
-18362
-20321
-22092
-24157
-25515
-27438
-29541
-30735
-31691
-31517
-31927
-29522
-26255
-21904
-19719
-14402
-9106
-4716
-685
3512
9041
10103
12299
14233
15539
15232
17105
17485
18511
18459
21200
22465
22692
24824
24892
23818
21840
20131
16919
11770
6454
1367
-4633
-10579
-15659
-18997
-22897
-24727
-26141
-24908
-23644
-21319
-17692
-13286
-9593
-5871
-1606
2613
6302
8493
12534
14990
17044
18482
20846
22408
22533
22983
23450
22956
20969
19438
17727
14748
11365
8140
5561
2231
-1123
-3295
-4838
-6274
-6784
-6285
-5143
-4150
-2659
278
2871
4930
6815
9737
10751
11919
12111
13062
12078
10871
9665
8656
6679
4768
2916
1153
-703
-2909
-4176
-6022
-7291
-9178
-10350
-11772
-13076
-15160
-16526
-18212
-19680
-21420
-22879
-23954
-25044
-26500
-26847
-27395
-27579
-27492
-26534
-24317
-21422
-17694
-15643
-10937
-7954
-4211
-1411
2337
5774
6878
9216
10565
11757
12659
14937
15666
17174
17952
21399
22363
23322
25023
25353
24059
21602
19556
16434
11090
5596
590
-4825
-10559
-15108
-17780
-20778
-22656
-23805
-21632
-20264
-18479
-15436
-11506
-8937
-5951
-2005
2343
5296
7426
11474
14274
16320
18309
20997
22460
22903
23316
23705
22961
21302
19668
17181
13962
10679
7759
5046
1646
-1182
-2828
-4281
-5767
-5928
-5459
-4428
-3766
-1616
777
2808
3942
6206
7883
8527
9022
9332
9232
7487
6522
5485
4328
2296
931
-371
-1715
-3279
-4249
-5525
-6684
-8151
-9386
-10673
-11931
-13565
-15184
-16797
-18398
-19879
-21273
-22284
-23355
-24717
-25933
-26103
-27051
-27506
-27605
-27007
-25245
-22549
-19894
-17799
-13917
-11015
-7078
-4502
-26
2971
4418
7201
9094
10380
12212
14746
15979
17021
19182
23151
23608
25226
26695
26788
24734
22391
20659
16643
10329
4623
-770
-6815
-13001
-17037
-20138
-23520
-25342
-25461
-23226
-22168
-19715
-15990
-12435
-9683
-5967
-1492
2464
5071
7893
11655
13863
15884
17822
20245
21417
21890
23028
23633
23041
21360
20554
18798
15765
13023
10689
7470
3611
1088
-867
-2728
-4453
-4457
-3747
-3176
-1657
624
3562
4661
6907
9061
10448
10601
10724
10552
9053
7640
6400
5080
3330
1668
710
-281
-1520
-1899
-2889
-3772
-4878
-5864
-7555
-8734
-10573
-12568
-14980
-16392
-18042
-19474
-20774
-21580
-22429
-23632
-24038
-24392
-25062
-26294
-26174
-25941
-24585
-22298
-19386
-18075
-14715
-11462
-7220
-4142
234
4257
5883
8898
10503
12410
14492
16880
17676
19165
21757
25529
25341
27214
29241
28264
25875
23541
21598
16015
9361
4239
-1646
-8531
-14414
-18066
-21533
-24623
-25345
-24617
-22375
-21052
-17892
-13930
-10237
-7329
-3676
569
3676
5735
8686
12305
13853
16123
18735
21533
22795
23888
26040
26399
25177
24131
23052
20554
16606
13617
10301
6083
1706
-763
-2644
-4869
-5586
-4263
-3012
-2143
291
3377
5335
6431
8165
9524
9206
8382
7860
6876
4999
3465
2457
947
117
-974
-684
-1719
-1886
-2322
-3106
-4596
-5952
-7456
-9480
-11306
-13489
-15375
-17087
-18353
-19123
-19751
-20223
-20087
-20590
-20826
-21179
-21384
-22645
-23419
-24057
-24253
-24040
-21872
-19530
-18471
-15789
-12005
-7887
-5104
-1205
2793
4780
6975
8801
10612
12617
14922
16615
18347
20903
24471
25839
27223
29484
29314
27469
24355
22007
17521
11126
5148
-307
-6556
-12467
-16353
-19018
-21134
-22238
-21833
-20134
-18210
-15908
-12828
-9857
-7246
-4793
-1785
1548
3505
5808
8932
11348
14006
16514
19657
22159
23418
24932
25722
25440
24079
22047
19346
15515
11911
7982
4419
838
-1701
-3865
-4356
-4242
-2973
-1704
289
2583
4936
6630
7288
8495
7898
7210
5910
5175
3146
1616
-424
-693
-2068
-2214
-3276
-3095
-3577
-4461
-4967
-6309
-7539
-9606
-11372
-13524
-14742
-16951
-18184
-19168
-19123
-19573
-19262
-19004
-18557
-19175
-19498
-19999
-20649
-22776
-24092
-24921
-26054
-26077
-24178
-21628
-20460
-17217
-13292
-9058
-5969
-1633
2077
4139
6475
8303
9639
11811
14268
15701
17271
19955
23938
25226
26849
29299
29120
27365
24646
22227
18008
11654
5746
380
-5407
-10794
-14164
-16457
-18448
-19580
-19209
-17080
-15608
-13848
-11022
-8408
-6435
-4571
-1778
1179
3035
4944
8205
10915
13395
16379
19213
21610
23061
24429
25085
24227
22502
20524
17689
13885
10315
6867
3777
787
-982
-1117
-1261
-954
811
2551
4080
5610
7763
8362
8360
7459
7250
5621
3799
2470
862
-670
-1398
-1308
-1586
-1538
-1972
-1665
-3043
-3450
-4898
-6742
-9130
-11302
-13674
-15563
-17259
-18058
-18641
-18872
-18159
-16720
-15682
-15079
-14364
-14344
-15259
-16896
-18154
-20416
-23132
-25073
-26063
-26547
-24479
-22340
-19549
-16552
-11979
-8104
-3880
-206
3363
4708
7082
8498
9069
10898
13449
15101
15983
19712
23751
25894
26858
30131
30671
28674
25314
23259
18899
12119
5814
840
-4773
-10560
-14294
-16343
-18142
-19254
-18835
-17016
-15190
-13909
-11400
-8942
-6712
-5641
-3081
-519
1432
3077
6410
9447
11917
14825
18083
20429
21898
23366
23822
23108
20810
19205
16076
12437
8762
5803
2994
659
-378
199
393
1374
3438
5525
6677
7530
8446
8136
7208
5445
4878
2885
1349
-237
-626
-1333
-1296
-1103
-153
42
-232
-390
-1578
-2966
-5505
-8102
-10959
-13686
-16100
-17600
-18477
-18669
-18564
-17397
-15674
-14132
-13142
-12080
-11812
-12647
-14532
-16213
-18955
-22208
-24962
-26391
-27265
-25844
-23146
-20119
-16627
-12034
-7546
-3215
1358
4828
6670
7892
10109
9595
10012
11868
14375
14780
16875
21456
25319
26827
29455
31660
30757
27980
24806
21643
15351
8582
2286
-3762
-10010
-14699
-17328
-18851
-19844
-19399
-17742
-15165
-13117
-10331
-7582
-5610
-4120
-2093
451
1995
3346
5735
8647
10828
13919
17674
20974
22326
23754
25026
24716
22425
20229
17507
13398
8836
5723
3025
506
-1109
-638
329
1391
3732
5852
8123
8855
10156
10089
9935
7604
5879
3760
2682
251
-905
-1625
-1602
-1637
-1222
-208
-396
-837
-2338
-3554
-6015
-8593
-12100
-14430
-17429
-18846
-20428
-19898
-19752
-18598
-17066
-14948
-13319
-12353
-11961
-12603
-14110
-16908
-19827
-22662
-24890
-27310
-29002
-27350
-24049
-21589
-18347
-12535
-7004
-3350
631
5425
8136
7897
9311
9214
9228
9760
11729
13022
14819
17992
21880
23677
27104
29596
29052
26781
24152
20465
14373
7556
1398
-4672
-11157
-15541
-18030
-19254
-20024
-19098
-17319
-14242
-11817
-9006
-6031
-4006
-3016
-1955
-136
1490
2121
4015
6895
9400
11985
15965
19731
21691
22822
24071
24204
21664
18877
15751
11628
6304
2657
31
-1925
-3367
-2851
-1064
844
3624
6751
9378
11589
12624
12599
12315
10493
7992
5435
3850
1900
181
-669
72
-193
387
499
937
-508
-2622
-4674
-7670
-11023
-14914
-17939
-20901
-22366
-23654
-23147
-21945
-19993
-18530
-16451
-14479
-13532
-13461
-14519
-15680
-18854
-22086
-24620
-26339
-28543
-28705
-25289
-21511
-18657
-13415
-6328
-1286
2313
6828
11731
12098
12629
11955
12057
11415
11662
11858
13564
15561
19024
20543
23509
26587
26798
25042
22460
20022
13907
6714
240
-5526
-12501
-17532
-20296
-20744
-21317
-19446
-16988
-12634
-9113
-5760
-2435
301
1613
2262
3106
4142
4611
4566
6550
8582
11093
13337
17251
19951
21986
22698
22640
20945
17951
14116
9871
5138
744
-2911
-5418
-6349
-6215
-4315
-1564
1662
5223
9178
11921
14034
15163
15556
14228
12519
9931
8481
6085
4653
3539
3369
3141
3364
3385
3604
2160
137
-2563
-6136
-9306
-13687
-17171
-20676
-22831
-24447
-24539
-23840
-21601
-19741
-17730
-15685
-13716
-12780
-13088
-14132
-15255
-17755
-20774
-22260
-22868
-24609
-22799
-19349
-15363
-12553
-6916
-1403
2657
5439
9189
11280
11282
11384
10138
10012
9819
11112
10891
13639
16656
19880
20814
24443
26214
24908
22151
19666
15556
8655
2099
-3745
-9389
-14895
-17932
-18748
-18492
-17402
-14750
-11152
-7114
-3906
-907
1693
3512
3597
4060
4730
5381
5157
6362
8652
10643
12675
15933
19146
20955
21621
21953
20935
17672
14196
10385
5865
1244
-2511
-4796
-5910
-6097
-4283
-1394
1875
4936
9216
11709
14533
15191
16100
15274
14056
11963
10625
8995
7850
6908
6114
6244
5086
4934
2948
1617
-1726
-4645
-8532
-11731
-15808
-18902
-21761
-23461
-24544
-24535
-23166
-21464
-19202
-17738
-15997
-15395
-14927
-15848
-17700
-19710
-22215
-24424
-26023
-27200
-26441
-22602
-19301
-15653
-10701
-4330
639
4787
8955
12462
13211
13782
12667
11771
11632
11935
11256
12121
14583
17351
18833
20775
23728
23091
21168
18238
15770
10235
3941
-2385
-7582
-13199
-17645
-19601
-19588
-18816
-17554
-14506
-10275
-6913
-3867
-430
2005
3159
4081
5056
6074
6727
7596
9004
10472
12747
14629
16351
17567
18593
17997
16360
14129
10888
6531
2100
-1694
-4911
-7565
-9234
-8834
-7635
-5781
-2943
646
4147
6903
9408
11177
12645
13220
13179
12503
12283
12026
11174
10942
10966
10811
9211
8100
6358
3851
54
-3397
-7262
-11671
-15675
-18861
-21303
-23208
-24285
-24700
-23875
-23017
-21177
-19772
-18431
-18065
-18009
-18791
-19918
-21844
-23877
-25255
-26710
-27982
-27147
-22819
-19259
-15813
-10964
-4281
-38
4457
9329
13803
14230
15486
15569
14773
13857
14899
14584
13958
15318
17797
18601
19423
21496
20615
18306
14806
12302
7363
1893
-3674
-8336
-12771
-15723
-17389
-17511
-16605
-14877
-12785
-9232
-5392
-2164
620
3257
5084
6517
7999
9770
11125
12233
13555
14629
16268
17482
17963
17685
17306
15681
13079
9957
7110
3729
-43
-3283
-5260
-6764
-7668
-7183
-5954
-4040
-1941
526
3135
5086
6526
8393
9888
10771
11656
12748
13689
14082
14905
15878
16045
15142
14120
12610
9833
6334
2503
-1645
-6846
-11341
-15192
-18150
-20605
-22182
-22957
-23245
-23094
-22143
-20938
-20165
-19617
-19474
-19727
-20841
-22091
-24022
-25996
-27378
-28119
-29170
-26894
-22854
-19071
-15868
-9912
-3901
1290
5809
11077
15118
16907
18287
18245
19017
19881
20688
19395
20470
21969
22445
21212
22491
22118
19158
15211
12036
8284
3207
-1842
-6716
-10494
-13408
-15434
-15820
-14578
-12794
-12106
-10007
-6621
-3573
-1434
1370
4354
6108
7936
10566
13866
15569
17486
18729
20037
20621
21239
20544
19145
16959
13815
10308
6570
3072
-839
-4059
-6483
-7626
-8129
-7931
-7003
-5626
-3803
-1447
1420
3183
5236
6263
7959
8696
10063
11526
12935
13345
13949
15219
16410
16091
15273
14655
11840
9146
5715
2714
-1979
-6450
-11086
-14280
-17888
-20007
-22080
-23543
-24321
-23946
-23443
-23002
-21381
-21158
-21477
-22374
-22514
-24307
-26343
-27977
-28948
-30946
-29199
-25651
-22776
-19511
-13385
-7731
-2563
3381
10127
14034
17529
20371
20739
21075
23058
24176
21939
22295
23534
23482
21177
21753
20864
17219
12168
8982
4923
-267
-5334
-9784
-13441
-16489
-18119
-17893
-16467
-14945
-13571
-11028
-7696
-5226
-2777
423
2815
4180
6860
9881
12146
13770
16219
17931
18281
18832
19750
18730
16755
14614
11833
8034
4228
1048
-2383
-5843
-8471
-9816
-10755
-11153
-10543
-9022
-7417
-5748
-3250
-124
1302
3385
5783
7767
8715
10300
11409
11904
12110
12835
13033
12545
11991
10965
9704
7211
6168
3415
481
-3387
-6125
-10439
-14019
-16908
-19116
-22356
-24577
-24817
-25166
-25093
-24545
-23002
-23290
-23124
-23206
-23367
-24141
-24956
-26852
-27847
-26347
-24757
-23026
-20243
-14964
-11028
-5924
809
7434
11569
16782
20553
22088
24337
27471
28239
27046
27545
27882
25712
23344
22911
20508
15406
10788
7530
3353
-1491
-6312
-9844
-12863
-15486
-16988
-16020
-14570
-13488
-12387
-9450
-6514
-3718
-403
3244
5998
8399
11503
14669
17160
19253
20538
20496
20144
19680
18737
16413
14297
11633
8591
5291
2910
860
-1386
-3849
-5442
-5764
-6612
-7594
-7736
-6828
-6747
-5505
-3382
-493
1035
3313
5763
8484
10369
12065
12961
13104
12269
10956
10120
8480
6663
4280
3370
2007
1353
158
-378
-2024
-3973
-6602
-8753
-11775
-15263
-18858
-22024
-24471
-25951
-26382
-26259
-25668
-25040
-24714
-24547
-23463
-23203
-24219
-25137
-23636
-22447
-21952
-20488
-16238
-13949
-10317
-5407
1455
5781
11565
15904
18920
22178
26891
29266
29273
30210
30586
28646
25243
23778
20364
15270
9242
4948
666
-3403
-7147
-10512
-12982
-14797
-16207
-16075
-14500
-12932
-12125
-10144
-7646
-4662
-1749
2433
6418
10321
13924
18119
21481
23938
25154
24621
23342
21082
18548
15200
12129
8774
5406
2219
688
-530
-1436
-2492
-2620
-2363
-2976
-3763
-4103
-4200
-5153
-5315
-4148
-1773
1
2361
5418
9195
11984
14142
15750
17399
16164
13814
11450
9042
5510
1221
-1319
-3055
-4387
-5368
-5132
-4943
-5353
-6636
-7574
-9009
-10980
-14020
-17234
-20028
-21772
-23648
-24923
-25035
-24926
-26141
-26764
-25394
-24152
-24993
-23662
-20735
-18971
-18628
-15792
-11929
-9566
-7152
-3566
631
4383
8755
11255
14786
18860
23303
24944
27758
30401
30800
28194
26811
24802
19998
13674
7922
2924
-3314
-8353
-11829
-14379
-16685
-17762
-17445
-15985
-14143
-12626
-10971
-9055
-6628
-4191
-846
3358
7797
12045
16507
21732
25871
28534
29408
29337
27132
23601
19323
14666
9217
3915
-552
-3992
-6216
-6943
-6898
-6560
-5689
-4604
-4042
-3543
-3285
-2818
-2971
-2710
-1807
61
2169
4508
6913
9835
12768
14519
15962
16557
15897
13457
10780
7589
4432
577
-2470
-5181
-7091
-8671
-9818
-10518
-11268
-12166
-13594
-14897
-16034
-17063
-18786
-20115
-20894
-21678
-22841
-23604
-24317
-25243
-25737
-26130
-26523
-24545
-21300
-19175
-17399
-13967
-10214
-7381
-4009
-311
2641
5511
8359
9941
12316
16636
19978
20986
23984
27630
28581
26838
26585
24847
19794
13636
8104
2446
-3479
-8759
-13371
-16340
-17581
-18407
-18344
-16284
-13598
-11860
-9671
-7098
-4596
-1712
1753
5126
8824
13620
18603
22736
26922
30989
32471
32075
30791
28468
24013
18551
13053
7729
1894
-3416
-7313
-9313
-10282
-10772
-10132
-9085
-7831
-6834
-5517
-4209
-2614
-1560
-571
1728
4759
6639
8784
11759
13925
14605
15214
15452
14840
12928
10615
7742
5121
2745
-67
-2886
-5146
-6979
-9608
-12029
-13561
-15182
-17861
-20061
-21220
-21861
-23264
-23645
-23425
-23219
-23638
-24358
-24379
-24447
-25578
-27020
-25928
-22999
-21264
-19994
-16597
-12527
-9877
-6650
-2254
1842
4405
7225
8921
10563
13785
17371
18932
20176
22814
24310
23275
22178
21279
17949
12373
7003
2489
-2837
-8456
-12862
-16361
-19439
-21125
-21095
-20158
-19074
-16930
-13928
-11215
-8461
-4469
326
4447
8476
13300
18791
23102
26463
29482
31604
32333
31482
29546
27026
23730
19341
14240
9484
4717
-170
-4392
-7686
-10154
-11593
-12439
-12816
-12306
-11002
-9395
-7347
-4392
-1476
1428
4430
7244
9799
12217
14050
14835
14703
14634
13966
12371
10855
9378
7452
5353
3861
2497
640
-1288
-3314
-5421
-7899
-10247
-12644
-15076
-17234
-19367
-21100
-22255
-23171
-24418
-25045
-25974
-26644
-26702
-26736
-27048
-25494
-22056
-19160
-16551
-13224
-9085
-6072
-2921
163
3387
6387
8930
10145
11756
15100
18230
20128
21453
23169
23245
22124
20447
18401
15169
10451
5390
497
-3687
-7518
-10933
-14295
-17023
-19165
-20453
-20892
-20922
-19983
-18290
-16280
-13618
-8830
-3299
2328
7980
13917
19155
23537
27642
31022
32510
32101
30797
29342
27075
24090
21036
17748
13923
9302
4959
1495
-2356
-5975
-9179
-11996
-13820
-14265
-13861
-12983
-10791
-7836
-4485
-1032
2948
6293
9216
11651
13385
15016
15800
15749
15192
14229
12699
10550
8591
6856
4854
2642
1010
-309
-2226
-4377
-5974
-7575
-9621
-11829
-13764
-15637
-17940
-20188
-22452
-24433
-26769
-28894
-30040
-30429
-30527
-28924
-25429
-21899
-18764
-15508
-11996
-8476
-4768
-1622
1310
4876
8475
10944
13267
16988
20775
23220
24171
24682
24489
22720
19647
15880
12242
7837
2907
-1323
-4493
-7542
-10461
-12987
-15421
-17757
-19720
-21267
-22532
-22681
-22019
-21123
-18826
-14223
-8219
-2369
3728
10504
16695
21294
25486
29252
31792
32529
32002
31495
30545
28344
25586
22794
19107
14208
9234
4654
83
-4258
-7857
-10551
-12728
-14129
-13695
-12537
-11254
-9352
-7043
-4506
-1927
977
3742
6266
8783
11271
13604
15072
16124
16675
16073
14270
12007
9626
6845
4103
1665
-726
-2821
-4512
-5925
-7062
-8285
-9332
-10822
-12595
-14495
-16457
-18609
-21233
-23347
-25361
-27151
-28112
-27508
-25523
-23413
-21317
-19545
-18023
-16105
-12648
-8612
-5243
-1841
2605
6769
10435
14686
19052
22125
23516
23843
23030
21232
18972
16154
12277
8040
3788
293
-2994
-5683
-8306
-11917
-15391
-18244
-20457
-22468
-23839
-24344
-24197
-23176
-20884
-17828
-13528
-8203
-2938
1749
6415
11014
15023
18452
21598
23764
25119
26335
27537
28024
27586
26342
24083
20486
16258
11953
7395
3096
-1066
-4429
-7355
-9462
-10817
-11023
-10673
-10539
-10008
-8935
-7284
-5337
-2988
-252
2082
4683
7127
9369
11395
12777
13431
13008
12019
10872
9497
8290
7227
5654
3976
2239
513
-1029
-2866
-5310
-7974
-10587
-12920
-15043
-17070
-18798
-20028
-21363
-21945
-21329
-19223
-16994
-15654
-14969
-14961
-15281
-14644
-12358
-9254
-6196
-3370
-60
3974
8751
14092
18978
22575
24134
23348
21694
20364
18303
15010
11266
7566
3638
453
-1654
-3419
-5813
-9181
-13155
-16874
-19686
-21773
-23070
-23478
-23464
-23248
-21408
-17975
-14194
-10091
-5713
-1532
2097
5841
9803
13032
15868
18627
20774
22196
24037
25528
25790
25014
23522
21340
18056
14623
11350
8122
5020
1873
-973
-3278
-5235
-6912
-8077
-8505
-8803
-9255
-9553
-8761
-7412
-6175
-4582
-2321
338
2313
3811
5806
7336
7734
7531
7728
8237
8333
7856
7696
7514
6813
5669
4786
3968
2277
263
-1793
-3740
-5434
-6796
-8082
-9628
-10694
-11052
-11075
-10541
-9373
-8584
-9116
-10122
-10775
-11381
-11496
-10482
-8215
-5892
-4283
-2244
159
2555
4771
7375
10042
11366
11589
11566
11388
10232
8779
8057
7643
6954
6168
5269
3538
932
-2035
-4640
-7331
-9575
-11541
-13225
-14305
-14898
-15039
-14597
-13482
-11972
-10360
-9086
-7496
-5568
-3911
-2946
-1817
186
2302
3983
6000
8517
10663
11962
13358
14819
15520
15311
14750
13988
12365
10452
8522
6533
4226
2055
225
-832
-1560
-2381
-3275
-4030
-4801
-5809
-6089
-5366
-4614
-3805
-2489
-1425
-915
-205
1144
2711
4235
5835
7641
9221
10318
11111
11920
12349
12345
11554
10604
9894
9572
8900
7898
7162
6272
5140
3888
3052
2206
818
-1338
-3572
-5645
-7858
-10215
-12359
-14120
-15758
-16981
-17156
-16586
-15439
-14353
-12702
-10814
-9180
-7713
-6366
-5506
-4811
-4238
-3461
-2170
-735
1226
3275
5446
7071
8310
8631
8043
6822
5429
3479
1163
-763
-2165
-3467
-4393
-5018
-5586
-6031
-6634
-7226
-7667
-8217
-8346
-8097
-7720
-6938
-6194
-5069
-3902
-2741
-1158
812
2768
4582
6235
7988
9247
10043
10737
10795
9951
8515
6751
4288
1570
-1023
-3280
-5378
-6628
-7433
-7616
-7290
-6165
-4467
-3240
-2033
-1170
-548
-396
-51
335
924
1855
3174
4838
6819
8923
10648
11966
12465
12673
12296
11453
10345
9032
7541
6301
5022
3852
3172
2473
1761
861
-170
-1561
-2973
-4422
-6119
-7678
-8750
-9662
-10397
-10706
-10614
-10300
-10153
-9376
-8148
-7174
-6261
-4822
-3142
-1714
-61
1799
3247
4210
4868
5839
6635
6919
7037
7216
7189
6647
6241
5673
4641
2937
1084
-1003
-3210
-5404
-7687
-9531
-10915
-11993
-12719
-12819
-12254
-11536
-10365
-9047
-7378
-5562
-3967
-2311
-859
652
1678
2846
4045
5223
6438
7362
8501
9165
9254
8949
8652
7836
6397
4650
2531
264
-1782
-3392
-4530
-5106
-5212
-4846
-4252
-3734
-3091
-2368
-1577
-746
-466
210
1044
1869
2415
3158
4527
5515
6560
7671
8747
9216
9044
8858
8459
7761
7095
6426
5667
4538
3406
2387
1291
401
-467
-1162
-1721
-2354
-2708
-2699
-2680
-2697
-2318
-1918
-1784
-1818
-1811
-1637
-1434
-969
-232
749
1799
2791
3661
4458
4834
4768
4437
4213
3653
2705
1804
1265
687
-78
-477
-565
-1155
-2372
-3539
-4798
-6183
-7786
-9407
-10647
-11518
-12240
-12570
-12190
-11555
-10959
-9902
-8125
-6148
-3776
-1192
1319
3122
4371
5519
6475
7445
8319
8800
8732
8430
7747
7396
7022
6553
6032
5141
3945
2359
331
-1642
-3425
-4982
-6047
-6664
-6832
-6949
-7249
-7584
-7705
-7671
-7398
-6730
-6025
-5063
-4446
-3849
-2921
-1888
-1016
-386
714
1337
1397
1470
1608
1443
1153
1225
1477
1762
2240
2676
2580
2499
2226
1451
1002
1312
2213
3629
5420
7624
9400
10743
12037
12866
13635
14130
14199
13395
12101
10625
8940
7269
5785
4518
3164
1738
-22
-2299
-4705
-6922
-8937
-10150
-10666
-10669
-10637
-10887
-11075
-10939
-10587
-9921
-8808
-7252
-5819
-4718
-3425
-1714
-33
1144
2726
4377
5834
6680
7173
7618
7519
7118
7070
7622
7818
7652
7392
6536
4989
3162
1552
-43
-1417
-2648
-3913
-5023
-6061
-6908
-7305
-7238
-7035
-6942
-7012
-6853
-6914
-7156
-7342
-7287
-7345
-7252
-7044
-6677
-6421
-6584
-6534
-6660
-6995
-7150
-7356
-7456
-7785
-8032
-8194
-8232
-7671
-7087
-6323
-5100
-3530
-1930
-833
518
1446
1778
2783
4032
5399
7198
9602
11641
13142
14497
15667
16230
16552
17093
16887
16193
15136
13613
11557
9570
7445
5452
3600
1223
-1548
-4544
-7189
-9682
-11454
-12083
-11953
-11733
-11212
-10477
-9546
-8573
-7349
-5711
-4247
-2625
-997
806
3036
5528
7875
10091
12207
13664
14042
13726
12808
11222
9502
8024
6830
5601
4312
2786
1222
-380
-1661
-2901
-4174
-5170
-6465
-7439
-8156
-8528
-8345
-7761
-7021
-6521
-6265
-5992
-5862
-5883
-5747
-5289
-4727
-4224
-3860
-3422
-3311
-3764
-4550
-5525
-6578
-7731
-8758
-9898
-11058
-11957
-12920
-13808
-14166
-14086
-13749
-13207
-12045
-10418
-8769
-6900
-4642
-2440
-609
1547
4259
6992
9798
12868
15433
17144
18508
19355
19797
19925
19749
19148
17999
16684
15083
13201
11457
9777
7800
5745
3682
1079
-1318
-3654
-5707
-7134
-8128
-8368
-8171
-7767
-7078
-6338
-5215
-4033
-2481
-997
491
1916
3401
5247
7005
8879
11221
13706
15557
16614
16528
15293
13114
10641
8339
6525
5180
3802
2432
1043
-589
-2525
-4309
-5999
-7377
-8468
-9521
-9782
-9806
-9542
-9110
-7989
-6633
-5250
-4384
-3971
-3834
-4327
-4825
-5043
-4754
-3986
-3167
-2564
-2162
-2661
-3719
-4972
-6273
-7648
-9205
-10811
-12245
-13609
-14725
-15476
-15572
-15250
-14939
-14622
-14244
-13286
-12174
-10891
-8940
-6595
-4242
-1679
998
3586
5781
7681
9457
10853
12033
13054
13816
14276
14559
14519
14234
13918
13310
12483
11066
9608
8217
6845
5675
4663
4050
3147
2292
1376
670
417
177
241
597
990
1497
2228
3163
4095
4750
5454
6138
6541
7006
7398
7836
8213
8618
9076
9122
9160
9031
8716
8149
7086
5759
4217
2539
762
-850
-2254
-3586
-4229
-4708
-5174
-5676
-6218
-6446
-6630
-6593
-6149
-5466
-4836
-4408
-3900
-3454
-3201
-3179
-2987
-2540
-2585
-2860
-3250
-3820
-4417
-4983
-5466
-5665
-5858
-5985
-6083
-6453
-6982
-7689
-8852
-9700
-10358
-10885
-11089
-11222
-10966
-10997
-10750
-10003
-8934
-7605
-6171
-4476
-2975
-1824
-645
322
1274
2275
3176
4158
5241
6396
7055
7496
7911
8063
7968
7914
8303
8455
8514
8769
8976
8974
8745
8711
8606
8252
7532
6762
5836
4674
3594
2647
2023
1925
2288
2882
3695
4481
4878
4823
4385
3778
3356
2931
2520
2227
1876
1756
1686
1870
2035
1750
1325
849
324
-143
-393
-570
-687
-653
-704
-596
-583
-872
-1726
-2725
-3527
-4310
-4991
-5356
-5074
-4841
-4694
-4315
-4031
-4044
-4278
-4619
-5254
-5863
-6167
-6293
-6362
-6095
-5714
-5440
-5128
-5069
-5141
-4927
-4928
-4887
-5040
-5420
-6152
-6833
-7448
-7990
-8268
-8459
-8348
-8140
-7712
-7124
-6436
-5717
-4803
-3918
-2946
-2055
-896
90
1108
2379
3455
4546
5608
6530
7290
7958
8365
8602
9027
9542
9868
10218
10742
11139
11267
11047
10662
9880
8810
7848
7028
6308
5676
5127
4479
3846
3177
2580
2125
1834
1821
1763
1628
1500
1131
492
-49
-361
-394
-465
-511
-511
-423
-351
-229
-96
448
899
1167
1575
1963
1959
1552
1068
473
-77
-541
-1141
-1502
-1860
-2314
-2679
-2988
-3308
-3836
-4460
-5311
-6292
-7284
-7789
-8325
-8616
-8572
-8452
-8397
-8082
-7462
-7035
-6634
-6136
-5619
-5337
-5310
-4908
-4495
-4558
-4457
-4355
-4039
-3709
-3547
-3189
-2741
-2835
-3083
-3062
-2748
-2334
-1669
-729
221
972
1637
2130
2537
3055
3393
3896
4433
4956
5626
5892
6123
6217
6011
5981
6166
6210
6317
6404
6274
6351
6441
6558
6639
6770
6653
6173
5584
5137
4680
4179
3708
3335
3212
2800
2420
2230
1590
786
147
-643
-1345
-1899
-2417
-2814
-3095
-3271
-3462
-3535
-3556
-3239
-2803
-2312
-1454
-865
-171
454
917
1462
1957
2368
2448
2355
2065
1705
1250
750
499
99
-306
-698
-1167
-1422
-2096
-2980
-3806
-4742
-5646
-6394
-7011
-7464
-7523
-7282
-6697
-6221
-5676
-4931
-4299
-3873
-3415
-3003
-2803
-2447
-2288
-1861
-1301
-594
377
1390
2616
3686
4518
5091
5283
5049
4825
4456
3995
3426
3240
3020
2695
2627
2477
2597
2634
2427
2294
2166
1927
1776
1736
1803
2052
2289
2369
2522
2781
2789
2856
2850
2871
3064
3294
3812
4191
4578
4648
4417
4005
3340
2425
1433
292
-755
-1673
-2209
-2562
-2787
-2850
-2992
-3353
-3753
-4214
-4899
-5432
-6077
-6436
-6664
-6332
-5496
-4187
-2664
-1229
156
812
1116
977
442
83
-342
-471
-782
-748
-739
-644
-709
-1184
-1402
-1846
-2474
-3018
-3530
-3847
-4436
-4797
-4520
-4485
-4477
-4502
-4592
-4875
-5372
-5663
-5126
-4296
-3436
-2377
-1192
-124
993
1865
2791
3540
3732
3816
3902
3920
4075
4213
4381
4300
3897
3602
3301
2826
2339
1764
1087
658
166
-135
-152
-135
-254
-54
134
414
675
964
1286
1427
1495
1813
2100
2110
2323
2196
1893
1960
2019
2016
1952
1903
1734
1378
1074
847
678
104
-464
-1170
-1933
-2677
-3242
-3358
-3487
-3798
-4000
-4103
-4230
-4430
-4490
-4157
-3870
-3366
-2877
-2347
-1822
-1427
-998
-597
-49
161
175
488
735
831
955
1067
1333
1146
673
301
-172
-700
-1164
-1227
-1232
-1296
-1404
-1413
-1272
-1217
-1211
-1288
-1097
-822
-457
10
669
1364
1833
2217
2246
2414
2330
2148
2238
2210
2071
1945
1888
1770
1672
1469
1087
824
617
258
-107
-225
-64
-18
29
70
330
687
763
897
1115
1108
790
533
260
421
586
675
909
1157
1232
1160
989
880
608
222
58
-136
-393
-921
-1508
-1855
-2220
-2622
-2841
-2922
-2896
-3096
-3438
-3506
-3400
-3289
-2965
-2496
-2254
-2105
-1951
-1682
-1382
-1099
-763
-403
-97
312
751
1079
1383
1403
1456
1461
1132
886
601
466
275
43
-191
-401
-793
-804
-823
-839
-837
-707
-397
-202
449
800
1300
1913
2422
2850
3178
3496
3740
4221
4551
5002
5293
5331
5431
5279
4938
4725
4788
4697
4457
4126
3819
3431
2801
2032
1542
1028
410
-483
-1186
-1611
-2267
-2699
-2895
-2800
-2796
-2762
-2539
-2106
-1762
-1479
-849
-329
242
700
967
1299
1352
1122
867
697
411
-51
-514
-937
-1225
-1333
-1466
-1360
-1616
-1897
-2309
-2900
-3391
-3637
-3877
-4028
-4005
-3921
-3513
-3160
-2836
-2293
-1873
-1542
-1238
-1250
-1333
-1187
-1034
-720
-452
19
278
457
734
785
774
656
674
808
828
1108
1653
1937
2368
2702
2834
2948
2944
2531
2013
1620
1230
909
878
1260
1622
1965
2419
2684
2741
2719
2502
2374
2236
2138
2072
2235
2525
2518
2754
2981
2894
2573
2089
1616
1173
670
354
164
-188
-398
-625
-975
-1195
-1570
-1850
-2060
-2313
-2531
-2693
-2892
-2922
-2927
-3010
-2772
-2638
-2754
-2798
-2854
-2985
-3137
-3097
-2932
-2915
-2729
-2528
-2473
-2438
-2368
-2372
-2527
-2579
-2785
-2885
-2871
-2980
-2934
-2719
-2521
-2218
-2019
-1643
-1582
-1395
-1157
-1066
-894
-920
-655
-539
-356
-94
160
449
722
1011
1173
1177
1090
957
787
611
608
732
1020
1454
2013
2563
2859
3066
3494
3818
4040
4447
4635
4663
4841
4866
4922
5004
4924
4745
4392
3815
3368
3255
3163
2940
2725
2686
2562
2239
1747
1419
1148
555
15
-354
-653
-883
-1209
-1184
-918
-892
-768
-680
-540
-774
-1202
-1409
-1517
-1604
-1693
-1618
-1395
-1462
-1447
-1270
-1358
-1563
-1696
-1957
-2288
-2658
-3086
-3435
-3623
-3880
-3864
-3701
-3653
-3784
-3880
-3874
-3752
-4033
-4070
-4168
-4281
-4240
-4299
-4078
-3927
-3691
-3489
-3181
-2780
-2438
-1978
-1571
-1195
-852
-690
-199
228
750
1191
1240
1446
1375
1125
1014
883
897
927
1087
1216
1346
1444
1583
1634
1758
1760
1720
1852
1885
1814
2154
2483
2826
3302
3865
4463
4822
5036
4962
4777
4539
4153
3740
3520
3200
2813
2615
2467
2266
1979
1783
1570
1440
1298
748
339
-1
-301
-511
-569
-555
-418
-240
-207
-89
-165
-181
-112
-32
182
277
339
432
451
235
80
44
-179
-448
-535
-782
-876
-1045
-1355
-1447
-1634
-1659
-1779
-2015
-2244
-2308
-2586
-2843
-2932
-2985
-3089
-2999
-2701
-2709
-2510
-2341
-2369
-2467
-2655
-2700
-2738
-2934
-2977
-2775
-2634
-2371
-1825
-1374
-1040
-655
-399
-55
87
421
801
860
923
1071
1272
1261
1209
1559
1973
1890
2196
2635
2917
3165
3289
3505
3507
3403
3306
3313
3142
3120
3094
3041
3168
3296
3195
3289
3503
3475
3449
3373
3218
2860
2508
2291
1975
1536
1421
1150
938
832
779
743
864
985
1091
1166
1144
1230
1202
1276
1353
1354
1395
1572
1658
1655
1466
1385
1240
869
445
-104
-345
-812
-1458
-1645
-1909
-2046
-2176
-2253
-2092
-2229
-2179
-2115
-2234
-2160
-1938
-1856
-1788
-1731
-1791
-1942
-1926
-1977
-1981
-2037
-2001
-1897
-1785
-1555
-1298
-924
-852
-689
-577
-677
-914
-891
-1001
-1415
-1513
-1573
-1370
-1316
-1038
-769
-605
-398
-170
32
66
352
559
741
1123
1604
2061
2418
2922
3244
3069
3291
3053
2615
2307
2182
1804
1253
1158
971
524
152
23
-152
-388
-477
-568
-853
-888
-870
-959
-1029
-946
-840
-776
-724
-412
-357
-456
-399
-85
155
581
1123
1651
2094
2340
2606
2696
2864
2727
2497
2410
2687
2583
2314
2157
1994
1752
1327
974
705
213
-492
-963
-1343
-1676
-1885
-2032
-1810
-1808
-1809
-1473
-1440
-1314
-1319
-1268
-1211
-1374
-1303
-1208
-1333
-1349
-1312
-1276
-1384
-1312
-1266
-1363
-1420
-1421
-1546
-1569
-1656
-1842
-1795
-1935
-2054
-2300
-2440
-2475
-2711
-2774
-2720
-2528
-2564
-2407
-1897
-1562
-1430
-1036
-445
-270
90
500
762
961
1250
1320
1382
1259
1127
906
576
316
147
-158
-510
-822
-1146
-1329
-1600
-1789
-1880
-2033
-2215
-2157
-2165
-2142
-2088
-2060
-2037
-1936
-1842
-1513
-1194
-892
-420
-7
566
1016
1475
2316
2701
3092
3483
3852
4022
3962
4268
4116
3907
3794
3688
3585
3198
2860
2549
2167
1766
1457
1042
681
333
7
-190
-189
-267
-381
-445
-360
-447
-638
-602
-727
-848
-1195
-1300
-1344
-1524
-1717
-1514
-1389
-1446
-1435
-1295
-1282
-1296
-1278
-1332
-1481
-1779
-1921
-1999
-2171
-2416
-2454
-2637
-2859
-3177
-3048
-2935
-3066
-2913
-2577
-2185
-2085
-1662
-1149
-961
-790
-434
-250
-168
-39
-138
-187
-153
7
-36
-13
88
36
-169
-219
-248
-333
-287
-335
-237
-115
-76
-44
120
150
-111
-121
-14
7
195
104
341
532
734
1089
1443
1807
2176
2630
2931
3346
3527
3665
3882
4099
4051
3835
3586
3376
3218
2995
2892
2792
2851
2883
2963
3040
3225
3350
3388
3403
3276
3091
2820
2499
2339
2028
1759
1742
1392
1107
987
907
501
304
181
-72
-134
-399
-510
-839
-1033
-1071
-1267
-1443
-1457
-1409
-1518
-1538
-1594
-1746
-1874
-1872
-1815
-1895
-1967
-2166
-2274
-2374
-2607
-2697
-2725
-2766
-2694
-2436
-2447
-2468
-2111
-1845
-1858
-1463
-1088
-828
-739
-686
-443
-340
-400
-526
-560
-680
-850
-1000
-1138
-1310
-1511
-1671
-1476
-1374
-1518
-1427
-1360
-1064
-820
-543
-177
43
315
715
998
1375
1523
1892
2053
1974
2129
2445
2679
2398
2327
2515
2718
2502
2519
2288
2133
2062
1648
1837
1699
1662
1820
2003
1721
1787
2769
2579
1825
2229
2445
1781
1908
2455
2375
2197
1889
925
460
898
551
261
248
74
58
137
-285
-310
152
-845
-1877
-1391
-915
-1432
-2381
-2866
-2862
-2409
-2200
-2702
-2364
-2540
-2737
-2488
-2087
-1559
-1972
-2833
-3114
-2758
-2825
-2604
-2143
-1940
-2360
-2655
-2038
-1476
-1894
-2300
-1747
-1354
-1468
-342
640
78
-218
-413
-858
-855
-470
-415
-794
-1188
-1195
-1237
-1175
-1237
-1128
-915
-1376
-1569
-1551
-1519
-1472
-867
-410
-558
78
612
136
431
426
435
866
1041
1342
1103
794
304
505
714
1134
1489
1498
1340
1011
1009
1130
1506
1208
863
720
889
1310
1302
1283
1526
1950
1668
1501
1646
1584
1113
912
939
883
859
529
-2
-284
-500
-1073
-1566
-1793
-1798
-2077
-2382
-2099
-1776
-1997
-2098
-1714
-1435
-2163
-2664
-2388
-2403
-2857
-2464
-1431
-1405
-1816
-1821
-1638
-1662
-1331
-1474
-1804
-1887
-1943
-1766
-1008
-673
-933
-1042
-1003
-533
-80
405
458
-178
-864
-1079
-514
334
459
-153
-89
367
238
506
1255
1281
532
135
335
493
528
496
175
77
86
-125
-321
-203
-392
-1057
-789
25
149
-120
-89
71
133
34
549
742
372
277
428
1033
1089
972
1170
1046
455
802
1235
1077
1368
1559
1198
1131
1674
1998
2325
2155
1667
1784
2231
1999
1670
1884
1826
1842
1534
861
469
413
-232
-1022
-396
243
-527
-632
-76
180
402
415
819
945
453
-347
-530
-110
359
624
695
631
550
687
909
1329
873
117
-74
-216
63
540
901
883
347
350
315
432
243
-365
-367
-40
140
545
1122
749
354
168
363
520
500
213
-523
-998
-1132
-1090
-1060
-938
-927
-1389
-1798
-1659
-1298
-1495
-1553
-1791
-2017
-2190
-1842
-1526
-1778
-2295
-2371
-1866
-1532
-1703
-1810
-1512
-1633
-1900
-1359
-459
-313
-395
-294
23
495
1143
736
481
1004
894
132
-153
585
703
-76
-131
577
718
397
412
566
132
-179
519
870
572
748
642
112
7
501
506
-215
-427
-303
-612
-161
362
214
-254
-306
-77
225
654
636
465
-111
-201
721
1071
989
1080
345
-82
315
887
1199
807
85
-342
-243
315
523
572
609
206
-7
213
467
579
682
637
207
361
959
908
708
414
486
322
287
550
22
-700
-586
-296
-502
-400
-601
-1142
-1383
-1245
-913
-663
-481
-649
-699
-830
-745
-526
-512
-942
-1186
-1038
-527
-700
-1235
-846
-618
-936
-845
-134
-163
9
31
91
12
-162
-434
-435
-118
-84
-118
216
678
450
-201
13
760
853
513
586
681
400
635
1126
949
183
-232
-548
-915
-620
116
-84
-276
105
151
264
522
934
660
153
417
736
1424
1594
1146
785
446
1247
1370
667
254
-144
-206
143
314
696
1327
1121
629
596
764
958
948
1174
932
323
-26
-57
-289
-564
-444
-460
-504
-739
-1007
-1132
-1306
-735
-86
-782
-1293
-1243
-1200
-1196
-1439
-1296
-1192
-1626
-2183
-2145
-1987
-1834
-2068
-2296
-2508
-2282
-1957
-2358
-2456
-2355
-2382
-2831
-2762
-2266
-2148
-2189
-2215
-1621
-1054
-1269
-1010
-590
-529
-412
125
443
101
39
391
694
587
794
846
661
890
984
1192
810
693
1098
1062
882
947
1340
1225
1335
1516
1344
1292
1369
1688
1734
1899
1930
1507
1237
1352
1987
2308
2162
2220
2433
2236
2391
3023
3007
2816
3051
3505
3352
3070
3098
2873
1851
788
986
1805
1059
230
563
370
34
-387
41
25
-847
-1061
-668
-494
-492
-492
-825
-950
-1134
-949
-815
-980
-1309
-1354
-1407
-1699
-1747
-1884
-2232
-2384
-2158
-2036
-1819
-2350
-2864
-2514
-1907
-1966
-2149
-2059
-2575
-2596
-2559
-2256
-2176
-1958
-1585
-1648
-1703
-1878
-2006
-1479
-294
-976
-1690
-850
-497
-847
-301
877
1005
337
372
867
693
556
1078
1359
1081
1109
1277
821
898
1442
1695
1672
2055
2453
1876
1068
1529
2356
2117
1911
2244
2322
1768
1675
1961
2008
2073
2584
2648
2261
2031
2167
2629
2988
3137
3120
2939
2734
2495
2602
2382
2092
1736
1341
880
550
784
627
-93
-495
-252
-481
-1325
-1613
-1190
-762
-514
-406
-874
-1179
-1173
-950
-246
-101
-639
-978
-935
-841
-742
-1253
-1805
-1799
-1650
-1686
-1457
-1233
-1046
-1034
-839
-871
-912
-486
-646
-943
-680
-203
-79
-110
-53
-720
-1251
-956
-662
-669
-214
-502
-632
-182
-168
192
400
610
990
956
535
835
1427
1370
1413
1691
1825
1203
364
1268
1382
861
951
1083
1076
821
845
562
762
1026
358
562
818
765
695
488
909
1372
859
69
-77
-21
-25
865
1422
973
301
285
480
485
715
858
719
329
301
172
-101
-286
-225
-153
133
313
386
-339
-710
-388
-263
-608
-630
-517
-607
-872
-1411
-1967
-1735
-1526
-1926
-1643
-1844
-1852
-2178
-2153
-1795
-2228
-2477
-1657
-865
-1172
-1732
-1732
-1542
-1347
-1396
-1457
-1313
-1522
-1562
-1256
-1069
-989
-925
-1243
-1017
-383
-180
-338
-207
39
-257
-695
-539
-121
94
-157
-408
-233
-194
50
-90
-562
-173
742
1248
1249
975
798
978
1285
1118
913
1085
914
514
466
267
94
815
959
468
416
654
534
872
1108
844
1074
1118
625
778
1132
1442
1278
748
683
883
1222
1312
1657
1308
646
620
1034
1363
1355
1239
1040
1007
489
598
618
60
324
503
278
-28
373
610
328
84
-223
-542
-422
-429
-313
120
-252
-513
-628
-976
-760
-13
15
-320
-272
87
-233
-237
587
638
-1
270
298
-286
-139
-205
-217
-342
-201
-198
-210
-338
-800
-624
-255
24
236
-130
-261
32
442
572
507
829
759
-288
-493
-98
46
-95
-511
-361
-359
-233
-126
-191
3
459
273
-330
-572
-538
-297
157
203
396
33
-104
479
777
735
165
-68
45
243
476
871
1300
1383
1126
952
770
1002
1581
1257
452
664
1373
1584
1475
1279
985
788
476
700
1271
986
670
478
256
140
-131
16
-57
-609
-647
-526
-470
-767
-1080
-1451
-1137
-453
-627
-526
-170
-257
-308
-220
-404
-466
-561
-168
266
703
622
355
-148
30
765
600
445
217
51
-289
-701
-1045
-1118
-993
-901
-386
26
-102
-213
-235
-603
-540
318
422
50
461
202
-410
-194
102
267
480
752
648
451
638
1086
790
749
550
635
705
-30
-54
83
276
238
-178
-669
-869
-797
-330
-222
-314
-626
-572
-8
-207
-332
-620
-241
420
13
-365
-204
-158
24
441
1024
1174
1045
1114
1142
909
851
1046
1146
1066
626
556
938
383
331
754
145
-309
-114
261
391
-136
-524
-4
501
591
551
1106
1084
837
511
307
633
466
44
515
1072
580
69
477
523
73
-280
-240
63
189
231
223
332
16
-611
-780
-812
-890
-854
-1028
-862
-1090
-1343
-1392
-1019
-824
-1587
-1936
-1353
-748
-973
-1179
-1021
-1102
-1359
-1626
-1527
-1293
-897
-527
-672
-942
-400
285
-425
-905
-438
-753
-1461
-1347
-726
-922
-1459
-1866
-1621
-1644
-2037
-1787
-1652
-1422
-1231
-1042
-1098
-1058
-760
-761
-451
304
391
-151
-269
-191
-205
-316
-205
-251
-285
-402
-715
-390
-447
-494
140
35
-144
-13
235
512
122
41
37
68
4
139
-8
-210
-174
-474
-262
-206
-134
-164
-729
-556
170
297
16
-167
28
-63
291
352
346
178
-65
389
545
848
962
1112
968
644
618
294
-93
330
501
142
500
629
97
-301
-217
91
-376
-595
-323
380
358
49
147
26
115
116
-144
-698
-612
-869
-850
-796
-734
-569
-1044
-1183
-768
-634
-796
-580
-247
-96
-370
-309
88
295
-36
-268
-75
0
-275
-1
-85
-305
-181
-552
-586
-282
87
45
-1
21
-21
140
476
686
1063
1124
587
585
772
1193
950
406
66
99
795
691
309
693
1143
1167
668
820
1177
1152
833
938
1316
891
722
946
843
773
769
277
285
538
169
-193
-625
-100
240
253
-56
365
1422
1313
794
1097
1262
831
794
1137
1117
925
979
1251
947
796
1167
704
221
211
486
679
1200
1120
403
527
442
40
-256
-187
39
-289
-844
-1101
-653
-733
-1417
-1061
-419
-1186
-1723
-1355
-867
-107
-364
-582
-694
-441
-443
-732
-579
-509
-701
-971
-595
-818
-818
-545
-497
-617
71
116
-238
-486
-550
-347
-173
55
-262
-41
182
120
138
688
846
716
615
490
788
1039
1041
906
1538
1997
2096
1569
1310
1217
1215
1413
1173
1027
1078
836
599
860
724
763
1107
754
522
700
836
1083
932
696
722
491
256
468
708
441
254
243
402
252
84
155
147
116
142
343
-27
-498
-463
-243
-392
-498
-575
-1165
-1362
-1346
-1705
-1540
-1286
-1501
-1446
-1256
-1116
-1576
-1795
-1488
-1412
-1565
-1587
-1436
-1601
-1586
-1424
-1412
-1580
-1585
-1292
-964
-1092
-1573
-1568
-972
-803
-919
-533
-746
-1388
-1834
-1473
-577
-589
-1217
-1642
-1546
-1347
-1067
-667
-422
-165
-833
-988
-821
-642
-521
-920
-935
-494
-300
-690
-649
-668
-828
-679
-630
-610
-473
-287
-97
-166
164
718
673
272
29
5
-79
-345
-268
-119
-490
-954
-794
-484
-202
174
-40
-50
-71
245
324
340
842
839
716
868
749
580
480
957
960
594
639
707
966
784
665
415
658
1007
1209
1102
650
211
384
400
143
-78
-385
-85
510
704
266
97
-87
-45
-63
-353
-79
-126
-204
-309
176
-270
30
390
-315
-564
-277
374
359
451
518
470
23
273
460
392
108
354
26
-248
112
34
-61
-4
412
211
-4
302
591
588
678
895
582
866
904
757
754
1003
1393
1324
1376
1349
1135
1126
992
1074
847
629
699
994
1316
828
327
232
579
224
-69
148
432
761
402
435
535
403
749
906
845
792
500
712
760
330
-88
143
361
15
-297
-275
-61
-658
-807
-439
302
206
-113
-113
-332
-251
-286
-430
-464
-374
-46
162
-28
-603
-907
-686
-875
-987
-1044
-743
-535
-389
-296
-674
-681
-1111
-1181
-903
-654
-1122
-1593
-736
-92
-911
-1150
-552
-485
-887
-1108
-679
-690
-1003
-636
-88
-77
20
21
-366
-596
-348
91
472
209
-354
-415
-479
-629
-628
-693
-204
203
-11
-148
106
224
-176
131
503
489
324
69
206
237
196
-241
-48
-51
-141
-196
-133
29
96
376
478
469
196
483
620
531
470
251
116
751
910
423
233
220
-217
-300
218
224
212
539
499
-17
-232
-340
-101
108
-186
-387
-312
144
105
747
776
29
-81
102
91
-412
-80
807
715
-180
199
375
277
132
269
408
76
47
-160
40
373
101
66
262
29
178
136
-47
-310
-401
-384
-713
-755
-882
-1175
-1019
-480
-673
-924
-924
-823
-821
-1126
-1062
-955
-883
-748
-808
-936
-869
-588
-911
-1222
-1182
-1020
-1003
-1096
-882
-953
-1017
-1398
-1325
-863
-912
-998
-904
-619
-222
-105
-20
263
160
126
400
271
379
412
338
316
147
-206
138
388
117
80
152
436
394
299
481
481
367
454
583
495
404
194
562
84
-138
446
527
390
-41
98
157
181
385
576
572
636
706
758
666
72
202
745
1054
830
398
337
379
377
238
278
247
354
534
527
744
561
691
413
160
15
561
956
550
552
579
672
417
-61
46
624
969
373
248
541
153
42
218
200
-52
-431
-131
308
175
-259
-170
359
134
-37
379
812
672
117
-94
-4
96
-264
-592
-65
662
341
26
604
705
490
328
387
278
-101
-19
321
133
-280
-115
63
-81
-505
-836
-738
-834
-1037
-702
-330
-237
-141
-572
-585
-343
-476
-556
-396
139
119
-66
-427
-441
-116
-393
-344
-363
-243
-366
-245
-81
-32
-48
-349
-201
-82
482
625
338
297
132
67
-54
396
351
-296
-720
-902
-895
-591
-702
-1307
-1297
-1499
-1621
-1404
-1194
-1171
-936
-976
-1193
-1418
-1486
-883
-955
-1111
-1207
-1230
-1350
-1517
-1066
-784
-951
-1510
-1462
-1192
-1262
-930
-818
-793
-1148
-1420
-1540
-978
-432
-436
-444
-367
-235
-352
72
151
181
197
282
606
593
440
292
380
724
866
917
996
756
508
148
552
1062
1156
844
996
867
883
961
994
1314
1295
1325
1204
1207
1126
982
1310
1582
1073
653
771
804
721
812
719
621
690
989
1229
1221
1362
1551
1390
965
1024
1139
1020
904
1234
1245
770
503
563
1018
748
856
1030
962
871
897
1001
769
1016
799
921
962
849
874
515
104
-160
161
240
-116
-324
274
737
213
185
467
159
-266
-290
-133
-324
-426
-211
-235
-489
-297
-210
-385
-770
-967
-553
-336
-467
-404
-108
-91
-145
-489
-710
-560
-668
-661
-696
-743
-692
-561
-344
-231
-318
-138
2
186
451
173
-107
82
435
251
32
-11
48
-495
-1067
-896
-771
-519
-117
-205
-329
-17
-473
-609
-328
-234
-94
-153
-156
239
129
-138
-160
-135
186
201
26
61
268
495
3
-203
-18
-34
89
150
334
245
157
278
109
-124
131
236
156
27
-197
311
768
682
295
119
-257
-439
-433
-241
-168
-379
-454
-393
-126
-146
-139
78
399
216
217
1214
1188
607
754
981
661
583
852
747
605
483
394
133
-121
-681
-552
-201
-147
-13
-119
-141
-120
27
-83
-540
-349
-4
-416
-572
-273
-261
-545
-747
-384
-342
-579
-222
136
208
-108
-122
66
-11
-243
-343
-363
-140
187
-116
-692
-679
-352
-346
-527
-502
-586
-783
-686
-678
-713
-769
-626
-345
-704
-1059
-787
-514
-824
-760
-898
-1167
-1071
-959
-855
-968
-824
-398
-287
-521
-404
244
113
-168
-166
-159
-433
-355
328
312
-455
-865
-919
-1120
-807
-503
-510
-513
-250
-304
-744
-764
-750
-652
-508
-623
-696
-410
-402
-528
-539
-773
-869
-621
-822
-1134
-889
-972
-1071
-1142
-979
-773
-664
-375
-113
-81
-143
-452
-673
-641
-310
-310
-596
-679
-733
-952
-1178
-1313
-1098
-696
-886
-915
-349
-96
-368
-298
299
196
223
605
817
426
431
563
542
463
108
-95
34
361
625
803
603
122
234
267
441
973
1048
1174
1019
1227
1440
1299
1295
1895
1697
1228
946
961
929
1349
1669
1176
857
1024
1186
1028
847
1253
1539
599
556
1235
1522
1349
1244
1351
1232
977
1031
1391
1473
1322
1309
1246
1028
749
677
814
812
671
668
1144
1352
1296
1380
1512
1693
1439
1180
1239
1248
1082
1287
1251
768
585
757
753
160
-625
-587
-220
-167
-151
141
353
-139
-159
149
340
390
284
391
257
212
38
-46
-97
-478
-345
-342
-434
-585
-709
-588
-625
-1007
-871
-689
-807
-565
-306
-527
-713
-743
-750
-580
-508
-723
-638
-599
-639
-855
-678
-319
-525
-583
-346
-338
-508
-855
-1012
-1014
-1057
-784
-529
-484
-515
-437
-581
-699
-557
-311
9
461
512
262
-56
-400
-612
-496
-415
-84
491
263
70
390
320
239
41
213
129
93
360
368
417
170
-87
10
142
148
61
271
283
157
147
161
374
263
140
458
304
27
-306
-79
89
-225
-202
-127
-267
-333
-246
-67
-130
-21
305
345
86
-89
447
437
-222
-501
-183
40
68
275
315
-35
-408
-476
-476
-199
305
431
42
148
480
244
-384
-306
347
297
-84
-283
-163
-579
-673
-628
-450
-109
-321
-383
-593
-792
-805
-606
-392
-397
-118
-86
-104
-163
-425
-438
-296
90
-191
-705
-656
-476
-583
-846
-641
-782
-971
-807
-611
-510
-299
-309
-216
-321
-344
-197
160
632
729
924
615
300
210
205
336
62
-217
-273
-326
-339
-64
143
204
341
282
269
288
-91
-99
209
152
167
320
223
-404
-628
-438
-476
-561
-573
-251
-385
-466
-244
-252
-294
-167
48
-55
-232
-457
-705
-689
-564
-457
-630
-458
-670
-774
-413
-399
-256
49
-49
-328
-272
-147
-193
-263
-281
-512
-824
-1017
-783
-905
-833
-706
-884
-986
-869
-379
91
693
815
602
592
517
733
743
620
460
601
657
967
1183
608
242
489
803
532
660
631
425
209
476
551
673
876
660
629
922
1124
703
618
985
768
685
1053
1151
924
653
585
224
-257
-441
-157
230
254
249
2
-108
-120
-80
173
461
461
600
837
804
693
366
108
-162
-49
-304
-455
-269
-297
-326
-209
-230
13
229
507
989
1093
746
590
874
978
680
570
740
579
293
365
689
648
382
376
403
472
389
141
-25
66
-43
-142
206
310
31
-61
-64
-159
-216
-129
-50
-1
-162
-280
-657
-888
-1093
-1318
-1181
-1199
-1241
-1213
-1177
-987
-1031
-937
-725
-443
-214
-533
-418
-676
-703
-405
-389
-754
-910
-1088
-1420
-1442
-1374
-1047
-1110
-1433
-1190
-806
-504
-377
-458
-388
-82
40
7
644
1083
597
155
-41
-223
27
238
-5
-61
146
104
-97
52
115
225
455
486
674
734
613
603
619
832
957
906
743
640
753
921
740
283
330
312
202
48
31
22
212
281
215
322
545
484
527
488
541
352
13
-319
52
499
437
487
253
-162
-179
-32
-255
-298
-170
17
176
214
330
437
454
709
679
540
491
489
349
404
245
84
-248
-285
-315
-306
-24
-80
-333
-318
-286
-374
-377
-102
221
8
131
11
29
54
34
-5
-227
-323
-310
-573
-467
-330
-326
-304
-163
144
273
353
547
463
285
191
161
72
197
194
-259
-472
-678
-740
-955
-880
-792
-575
-482
-424
-45
-51
87
270
484
297
90
62
-280
-150
-122
-307
-181
-110
-326
-551
-511
-428
-444
-368
-495
-525
-382
-16
295
352
367
354
131
-162
-275
-24
-14
29
-313
-629
-677
-428
-303
-408
-505
-410
-440
-917
-868
-249
129
-258
-480
-448
-618
-703
-339
-69
36
93
210
172
-32
54
223
249
-16
-9
6
-32
-55
-216
66
-102
-219
-67
124
-3
-342
-105
-145
-29
-164
-290
38
-7
-175
-606
-513
-418
-459
-512
-635
-654
-552
-559
-524
-473
-316
-96
30
123
-145
-130
121
180
22
15
20
-226
-303
40
61
28
65
122
8
228
415
459
807
768
333
157
254
379
284
204
182
-65
-84
55
159
299
468
629
768
879
834
656
689
598
544
725
776
853
640
606
340
91
132
396
244
76
430
814
799
600
748
663
680
564
512
285
8
147
300
-29
-165
295
589
243
-230
-232
-274
-87
75
325
414
99
-221
-505
-533
-368
-146
-33
-81
-233
-382
-623
-586
-368
-422
-286
53
-44
-299
-511
-617
-451
-613
-626
-377
62
416
197
196
182
-248
-515
-669
-671
-391
-190
-153
-428
-268
-142
-302
-114
58
48
158
426
525
402
356
589
520
364
156
107
323
167
-457
-630
-669
-707
-622
-205
94
245
351
127
-201
-211
552
874
904
806
859
624
273
18
32
88
-50
-91
-449
-541
-489
-602
-584
-356
-366
-185
-336
-133
26
110
181
291
668
459
207
85
-63
-410
-444
-146
-164
-225
-387
-516
-129
180
501
599
481
520
652
579
481
608
632
650
667
905
1044
861
672
558
349
267
182
222
558
616
470
415
329
160
441
798
746
586
560
586
494
368
362
425
331
264
119
-63
-189
-282
-597
-615
-521
-465
-512
-811
-716
-715
-740
-763
-515
-382
-330
-255
-264
-175
-295
-93
79
-123
-278
-244
-200
-316
-489
-386
-186
-73
105
73
-248
-122
-184
-535
-664
-574
-159
-52
59
88
207
7
-78
-24
-285
-98
118
128
-41
-44
127
32
-113
42
172
266
318
157
369
144
-244
-236
-287
-165
-52
-223
-338
-567
-792
-756
-1096
-1076
-869
-998
-988
-1028
-972
-1016
-980
-980
-892
-906
-1006
-674
-566
-707
-587
-598
-811
-869
-1011
-887
-828
-792
-649
-560
-536
-573
-495
-231
-425
-745
-734
-878
-662
-453
-289
-310
-460
-310
20
404
490
361
-43
-94
32
176
251
421
302
281
169
162
229
252
516
480
415
310
360
389
697
686
443
433
462
488
686
655
480
485
465
283
492
574
54
-65
40
99
337
504
209
270
249
116
-72
-175
-349
-166
55
172
181
159
-152
-341
24
-14
77
83
-144
-261
-471
-482
-291
-324
-199
-33
92
-266
-467
38
110
-112
18
130
103
379
387
401
367
95
-104
-75
43
133
358
359
233
260
402
447
359
313
364
229
449
428
361
203
239
354
440
443
40
23
181
-68
-135
-66
128
231
142
-7
127
199
-110
13
-16
215
101
66
153
258
591
883
1235
1078
935
932
674
504
441
332
535
579
797
900
781
745
512
451
519
392
91
98
85
160
62
-187
-327
-443
-206
-223
-386
-62
346
320
311
522
564
83
152
328
241
45
-127
5
-518
-476
-113
-68
-299
-435
-190
-99
-108
30
248
208
223
634
630
219
262
197
236
180
303
371
210
167
518
658
438
223
525
380
396
548
702
830
629
1028
1130
943
914
825
453
140
206
355
293
128
132
145
-46
11
45
20
176
265
303
310
311
303
456
475
304
79
-52
-181
-205
-6
23
219
228
218
279
93
-49
-290
-377
-226
-164
39
243
299
133
103
231
172
-30
-153
-186
-487
-352
82
356
243
237
555
441
528
461
648
366
-129
-69
-167
-6
-4
413
583
610
675
652
526
584
825
781
737
843
785
778
730
310
35
-4
140
-295
-339
-327
-329
-121
-69
-70
-62
-225
-427
-503
-187
101
-66
-323
-419
-353
-463
-319
-226
-434
-781
-683
-518
-504
-348
-145
-139
-101
-281
-524
-663
-914
-1029
-1236
-1137
-1188
-1165
-1117
-1170
-1249
-1510
-1578
-1535
-1508
-1456
-1314
-1250
-1122
-952
-708
-473
-287
-410
-391
-454
-691
-490
-355
-66
-10
268
331
315
509
366
421
605
870
958
1093
1491
1441
1365
1461
1198
1056
776
419
543
589
662
630
438
32
-21
244
427
718
597
332
261
246
305
547
859
928
531
535
586
211
-128
-320
-185
-375
-359
-518
-653
-515
-391
-306
-97
41
-92
-102
-133
-436
-438
-300
-314
-360
-443
-633
-653
-678
-878
-659
-356
-198
-268
-449
-263
-130
-142
-72
-292
-359
-170
-76
344
678
938
998
829
914
717
507
424
411
497
706
780
529
360
296
133
-247
-432
-333
-313
-468
-263
-161
-85
19
131
440
172
56
175
168
187
267
291
200
111
-190
-319
-466
-583
-395
-136
-71
-2
190
223
336
340
168
173
186
252
312
-128
-118
-631
-920
-914
-986
-802
-885
-680
-459
-481
-554
-414
-290
-73
209
-52
-123
-49
3
76
-5
111
-129
-338
-190
53
251
235
266
116
184
67
162
654
876
863
821
703
772
1003
742
689
559
694
765
774
855
804
857
972
902
733
768
758
961
847
756
793
698
664
685
747
677
479
394
427
638
707
617
641
557
344
27
-16
171
304
159
-19
-186
-244
-538
-431
-223
-200
155
229
16
-29
132
190
96
105
183
-139
-450
-432
-257
-275
-139
186
79
254
305
74
43
180
401
369
220
90
176
243
181
206
172
176
-54
-285
-295
-339
-358
-262
-19
111
-5
-106
-110
-97
-260
-527
-556
-468
-403
-398
-267
-421
-539
-382
-376
-388
-373
-305
-190
-83
85
2
-6
-226
-202
-123
-338
-309
-172
-109
-39
-253
-297
-274
-651
-764
-591
-391
-569
-551
-449
-372
-430
-740
-786
-432
-648
-706
-546
-403
-183
-221
-13
-275
-347
-324
-262
-352
-496
-474
-329
-398
-369
-439
-549
-353
-158
-216
-561
-592
-530
-580
-513
-381
-131
-167
-113
-109
-246
-167
-192
-17
94
23
-137
106
199
151
210
183
342
303
120
-229
-224
-265
-704
-741
-309
-9
119
111
216
479
207
132
37
-308
-388
-315
-52
112
0
-135
-417
-689
-725
-798
-680
-568
-415
-132
-35
-66
-40
-186
-158
-226
-291
-401
-427
-57
-70
-51
-135
-339
-324
-127
-268
-391
-462
-617
-541
-419
-383
-170
25
57
21
-46
29
-191
-162
-318
-451
-415
-288
86
516
689
514
249
6
-75
-84
-233
-47
106
301
651
577
320
514
529
322
168
7
57
66
278
520
452
331
205
-201
-224
-291
-620
-853
-871
-805
-854
-577
-175
121
222
19
-99
-160
-242
-321
-121
237
384
362
575
449
253
148
-115
-390
-402
-179
-108
109
334
403
285
97
-21
-116
13
47
56
451
693
386
320
367
153
-209
-241
73
297
477
588
544
489
529
484
217
465
361
-132
-49
120
168
136
83
58
85
74
224
246
-71
-259
-50
-61
-139
-111
191
310
-85
153
338
35
-237
-110
-39
-249
-205
109
419
293
165
262
170
-6
14
129
175
391
494
325
154
105
89
139
185
187
207
212
111
229
187
366
350
520
552
394
355
210
297
114
232
247
252
62
79
149
-138
-335
-378
-248
-187
-50
172
6
-13
137
189
247
159
-122
9
121
165
228
245
38
-205
-297
-692
-899
-974
-651
-562
-640
-752
-825
-876
-1013
-957
-762
-761
-789
-813
-918
-991
-1004
-986
-920
-808
-491
-409
-616
-861
-877
-763
-858
-802
-710
-505
-412
-171
58
-36
-73
-129
-174
-491
-628
-372
-467
-247
-105
-160
-61
-55
-173
-378
-182
-103
-31
296
668
946
862
757
390
104
-138
-70
282
314
153
55
296
71
38
249
295
193
152
32
187
231
188
324
245
182
-3
-172
-101
19
187
293
36
111
220
39
77
155
117
-167
-302
-278
-285
-295
-489
-446
-452
-561
-587
-572
-638
-854
-812
-512
-557
-542
-289
-196
-293
-160
-230
-437
-383
-343
182
265
208
338
249
33
1
-7
-82
-64
-26
38
-20
-114
-57
-217
-149
-180
-357
-544
-599
-408
-417
-352
-261
-236
-522
-608
-295
-151
84
136
99
147
5
32
98
-151
-381
-447
-360
-499
-197
200
450
209
-114
-92
-200
-277
-153
-198
-39
69
-237
-125
-211
-248
-300
-354
-312
-270
-15
150
182
352
334
175
330
388
296
255
284
367
326
152
368
281
46
-34
-209
-411
-541
-453
-235
-46
244
516
603
389
-154
-412
-393
-315
-29
147
318
601
566
175
-183
-222
-260
-586
-505
-301
-116
-8
113
138
159
-61
-195
-160
-156
-43
-57
38
144
-83
23
316
265
240
49
-4
-36
242
714
777
893
812
593
509
593
641
600
851
859
656
432
287
242
228
72
-51
-189
-247
-235
-53
117
281
412
414
605
495
469
533
714
752
667
590
597
432
254
177
154
195
-8
-24
115
122
153
242
287
253
237
351
155
207
236
299
388
401
447
221
-270
-552
-514
-239
-119
-96
199
103
-95
-162
-161
160
351
379
377
465
446
497
435
190
-146
-230
-391
-492
-192
-69
-71
-204
-144
-54
23
24
223
332
175
240
339
504
531
258
29
77
97
-219
-432
-251
-331
-633
-750
-483
-257
-257
-344
-474
-313
-514
-349
66
121
188
199
218
218
459
374
158
-48
-170
-268
-590
-256
288
580
539
328
153
-234
-582
-583
-301
33
99
126
369
569
414
133
-36
-149
-214
-257
-16
181
38
-62
2
-75
-108
-174
-196
-303
-545
-286
1
167
95
246
479
376
143
12
-220
-515
-450
-467
-187
-51
85
241
160
-88
-167
-247
-379
-426
-292
-208
-178
-15
-59
-328
-192
140
70
-33
-153
-63
-30
-39
-246
-223
92
59
9
-142
-6
179
-4
-137
90
179
243
311
481
586
321
260
118
247
166
120
180
156
104
-111
-127
-184
-206
-211
-336
-307
-541
-751
-788
-963
-883
-937
-978
-1004
-969
-1232
-1317
-968
-551
-369
-422
-368
-432
-743
-987
-1012
-962
-752
-709
-771
-1006
-1223
-1481
-1357
-1381
-1564
-1044
-901
-774
-523
-481
-678
-1101
-1083
-716
-505
-562
-680
-751
-595
-566
-645
-395
-71
-282
-552
-501
-332
-90
-2
-52
261
219
-29
-125
-203
-226
-336
-94
106
229
139
93
129
-125
-473
-579
-360
80
567
955
862
495
267
192
310
224
228
317
546
525
158
147
-48
-232
-279
140
524
622
492
548
744
683
574
664
850
695
423
140
318
503
655
867
924
1006
792
311
33
-87
99
244
403
563
399
149
-135
-130
-44
-72
7
90
216
307
202
17
-38
6
-26
349
686
575
282
-72
-197
-227
-328
-320
-44
188
212
21
-338
-528
-364
-219
-191
-149
-317
-338
-555
-497
-296
-304
-392
-416
-363
-605
-626
-606
-360
-13
272
700
854
916
693
283
199
289
144
258
235
123
-37
-319
-82
41
282
275
424
511
160
265
277
271
476
520
728
991
993
798
543
201
10
-332
-368
-306
-282
-542
-853
-688
-558
-410
-124
-169
-163
-18
-172
-395
-254
151
462
441
344
403
217
-58
-301
-445
-360
-108
-42
-65
-130
-209
-321
-373
-61
41
9
132
12
41
100
131
202
206
470
300
-146
-223
39
436
561
528
327
374
729
900
1134
1311
1180
910
619
547
739
551
644
685
508
742
563
508
435
98
-16
84
509
717
640
668
718
682
499
562
733
1030
1235
1224
1074
635
633
873
957
1088
964
912
620
358
250
267
363
449
507
726
855
458
83
112
521
458
561
344
202
121
-93
-315
-222
16
0
0
0
0
0
0
0
0
0
0
0
0
0
0
0
0
0
0
0
0
0
0
0
0
0
0
0
0
0
0
0
0
0
0
0
0
1
0
0
0
0
-1
0
0
0
0
0
0
0
0
0
0
0
0
0
0
0
0
0
0
0
0
0
0
0
0
0
0
0
0
1
0
0
0
0
0
0
0
0
0
0
0
0
0
0
0
0
0
0
0
0
0
0
0
0
0
1
1
0
0
0
-1
1
1
0
0
0
0
0
0
0
0
0
0
0
1
0
0
0
0
0
0
0
0
0
0
0
0
0
0
0
0
0
0
0
0
0
0
0
0
0
0
0
0
0
0
0
1
0
1
0
0
0
0
0
0
1
0
0
1
-1
0
0
0
0
0
0
0
0
0
0
0
-1
0
-1
0
0
0
0
0
-1
0
0
0
0
0
0
0
0
0
0
0
0
0
0
0
-1
0
0
0
0
0
0
1
0
0
0
0
0
0
0
0
0
0
0
0
0
0
0
1
0
1
0
0
0
0
1
0
0
0
-1
0
0
0
0
0
0
0
0
0
0
0
0
0
0
0
0
0
0
0
0
0
0
0
0
0
0
0
0
0
0
0
0
0
0
0
0
0
0
0
0
0
0
