0
0
0
0
0
0
0
0
0
0
0
0
0
0
0
0
0
0
0
0
0
0
0
0
0
0
0
0
0
0
0
0
0
0
0
0
1
0
0
0
0
-1
0
0
0
0
0
0
0
0
0
0
0
0
0
0
0
0
0
0
0
0
0
0
0
0
0
0
0
0
1
0
0
0
0
0
0
0
0
0
0
0
0
0
0
0
0
0
0
0
0
0
0
0
0
0
1
1
0
0
0
-1
1
1
0
0
0
0
0
0
0
0
0
0
0
1
0
0
0
0
0
0
0
0
0
0
0
0
0
0
0
0
0
0
0
0
0
0
0
0
0
0
0
0
0
0
0
1
0
1
0
0
0
0
0
0
1
0
0
1
-1
0
0
0
0
0
0
0
0
0
0
0
-1
0
-1
0
0
0
0
0
-1
0
0
0
0
0
0
0
0
0
0
0
0
0
0
0
-1
0
0
0
0
0
0
1
0
0
0
0
0
0
0
0
0
0
0
0
0
0
0
1
0
1
0
0
0
0
1
0
0
0
-1
0
0
0
0
0
0
0
0
0
0
0
0
0
0
0
0
0
0
0
0
0
0
0
0
0
0
0
0
0
0
0
0
0
0
0
0
0
0
0
0
0
0
152
213
163
220
228
215
232
107
137
40
88
57
-25
-59
-102
-106
-141
-190
-128
-129
-224
-211
-195
-60
75
70
53
-102
-129
-174
-142
-110
-134
-96
-172
-142
-150
-161
-175
-233
-121
-102
-220
-191
-287
-134
-62
-119
-100
-95
-102
-92
-29
-41
19
57
41
97
79
256
258
333
313
283
278
110
129
140
22
55
55
35
43
27
-18
88
130
56
68
-6
-75
-72
-125
-196
-156
-159
-147
-214
-204
-185
-223
-360
-325
-335
-473
-554
-557
-552
-538
-368
-348
-415
-283
-410
-418
-394
-360
-365
-407
-495
-502
-478
-571
-500
-645
-710
-772
-771
-643
-790
-757
-633
-768
-736
-767
-970
-922
-981
-1067
-930
-840
-789
-758
-708
-754
-798
-836
-821
-773
-813
-846
-777
-627
-755
-788
-693
-681
-796
-886
-798
-801
-859
-935
-890
-880
-811
-740
-753
-728
-700
-727
-727
-625
-669
-644
-664
-571
-570
-539
-411
-385
-360
-435
-504
-566
-610
-652
-535
-628
-676
-613
-590
-497
-405
-407
-269
-351
-327
-375
-425
-271
-387
-363
-449
-459
-426
-360
-349
-239
-63
-47
45
-34
43
-54
56
115
88
283
181
329
329
352
312
329
459
425
451
646
666
588
770
714
720
601
532
658
586
682
729
867
987
889
853
879
809
752
881
821
701
748
596
467
531
647
734
683
672
704
648
660
677
781
731
746
633
524
415
367
392
532
596
656
814
840
717
733
773
607
575
498
632
631
657
627
589
538
635
650
697
566
504
573
592
590
455
389
280
332
263
220
392
380
468
483
360
346
204
260
244
135
173
97
-36
-115
-137
-172
-265
-331
-305
-241
-198
-80
-2
33
-5
4
-109
-160
-174
-191
-159
-252
-302
-272
-241
-284
-305
-383
-288
-310
-197
-101
-182
-280
-309
-215
-232
-317
-285
-223
-264
-221
-293
-257
-358
-431
-435
-479
-421
-461
-397
-475
-467
-519
-453
-387
-357
-368
-380
-508
-540
-480
-477
-385
-288
-309
-183
-139
-105
3
-51
-94
-165
-80
-42
-20
-29
50
86
-73
-44
-118
-72
-8
-74
80
-49
-22
-117
-125
-213
-390
-351
-326
-488
-585
-606
-604
-641
-641
-643
-549
-517
-497
-499
-532
-605
-570
-571
-528
-401
-486
-333
-366
-231
-199
-59
40
27
21
64
105
-96
-281
-369
-408
-440
-394
-362
-447
-431
-487
-448
-462
-394
-272
-314
-414
-504
-587
-493
-461
-455
-490
-502
-469
-392
-225
-266
-194
-213
-135
-204
-240
-231
-313
-361
-376
-306
-426
-623
-638
-659
-707
-730
-768
-845
-875
-904
-872
-738
-861
-809
-678
-609
-528
-572
-549
-556
-617
-667
-587
-730
-763
-712
-733
-750
-774
-602
-528
-398
-473
-536
-417
-442
-391
-340
-368
-274
-319
-295
-231
-125
-164
-201
-284
-304
-277
-338
-283
-376
-513
-567
-578
-606
-615
-538
-441
-407
-378
-362
-321
-476
-574
-524
-500
-495
-396
-393
-375
-447
-421
-344
-306
-186
-282
-132
-109
-43
-87
55
88
299
170
109
130
-50
91
117
164
218
287
287
200
210
284
272
291
318
247
130
139
160
205
157
291
291
371
515
553
572
423
472
332
369
643
667
592
688
689
776
812
669
742
694
710
555
542
490
590
648
758
878
836
892
887
872
874
827
957
994
982
1031
1061
1135
1030
992
856
895
732
737
756
748
721
658
617
574
683
675
670
729
634
591
609
489
505
454
525
530
375
316
268
261
340
379
243
166
138
69
214
133
51
95
-19
121
200
264
267
302
377
422
379
348
387
187
215
274
165
297
279
249
127
-26
-49
-67
-77
-65
-199
-321
-244
-355
-277
-193
-178
-223
-280
-270
-191
-61
-20
38
90
172
245
189
364
416
311
129
-39
-71
24
-172
-85
-138
-183
-209
-216
-271
-329
-129
-188
-67
-19
76
59
126
-21
-176
-203
-174
-34
7
190
277
282
264
234
142
249
323
331
535
508
506
610
754
809
908
907
784
790
689
748
758
824
731
700
479
272
171
99
44
37
32
-28
-41
-63
52
68
99
163
72
44
167
225
321
334
389
259
214
207
244
269
173
273
332
301
304
211
78
158
237
212
185
243
208
225
236
294
293
305
276
109
196
39
11
-134
-112
-69
-215
-174
-149
-71
-108
-75
-54
-107
-132
-128
-123
33
116
98
84
-57
-194
-183
-276
-343
-229
-179
26
136
34
-63
-131
-111
-100
-59
-57
-248
-336
-440
-603
-641
-614
-630
-738
-476
-431
-481
-367
-364
-234
-245
-73
-9
-90
-67
18
61
85
5
-157
-318
-431
-501
-417
-338
-536
-636
-697
-700
-692
-730
-833
-837
-926
-897
-936
-1011
-986
-879
-894
-1044
-1035
-925
-1076
-921
-734
-673
-610
-581
-520
-604
-375
-287
-151
-58
-80
9
43
142
174
410
555
607
609
659
712
872
1011
1085
977
875
772
713
750
842
969
990
1016
919
934
953
800
918
1025
1057
991
955
1000
1088
1194
1188
1158
1103
942
908
941
988
1210
1251
1239
1124
1108
990
989
936
974
1004
1050
949
839
725
650
762
783
660
584
566
555
490
466
495
481
480
468
494
425
411
473
523
411
303
193
112
174
146
287
344
191
111
-61
-141
-235
-166
-41
-75
-51
82
176
269
435
350
205
192
212
76
148
162
232
345
334
283
275
242
227
245
168
-33
52
250
303
316
193
258
195
161
243
230
264
260
191
34
-119
-123
-71
-36
4
-16
22
43
-94
-153
-97
27
-186
-251
-161
-117
-20
-60
8
-85
-286
-305
-293
-143
-151
-89
-67
-71
-21
-23
-6
-70
-102
-267
-179
-100
-107
-59
40
171
44
43
79
147
239
271
421
574
641
650
608
437
521
717
672
637
462
490
387
381
545
531
508
550
490
344
303
335
235
232
288
338
639
745
767
800
762
802
681
658
749
973
1060
973
932
753
814
765
830
901
794
630
631
696
654
743
795
850
819
737
483
523
405
441
498
385
263
64
59
-2
138
148
111
8
-161
-14
16
-74
-122
-128
-193
-146
-346
-307
-256
-155
-53
-34
42
21
-5
73
-5
-145
-259
-488
-516
-692
-612
-637
-541
-436
-457
-419
-466
-476
-549
-439
-455
-430
-450
-671
-642
-606
-482
-473
-608
-683
-696
-672
-676
-667
-681
-735
-716
-586
-567
-562
-595
-619
-542
-489
-567
-595
-717
-712
-729
-678
-582
-709
-753
-747
-779
-785
-792
-901
-965
-870
-875
-850
-687
-674
-768
-877
-910
-1118
-1228
-1386
-1431
-1354
-1227
-1101
-1054
-1236
-1329
-1281
-1122
-1154
-1172
-1167
-1088
-1122
-916
-779
-911
-704
-628
-559
-554
-573
-441
-362
-253
-311
-369
-313
-284
-252
-255
-249
-412
-192
-258
-221
-53
-44
148
188
355
365
384
502
534
525
611
605
491
534
469
359
221
317
448
347
450
365
261
257
109
27
37
202
269
375
382
194
225
14
71
-85
-52
204
110
438
389
392
259
144
271
361
486
336
193
200
244
307
418
336
252
-98
-117
-278
-310
-126
-153
-295
-263
-118
15
-57
-97
27
-161
-100
-248
-196
-162
-197
-293
-123
-170
-38
112
79
80
125
250
37
93
-28
-263
-350
-289
-148
-130
-184
25
-3
-48
-137
-68
-206
-177
-4
-30
193
323
483
473
383
294
302
421
523
641
582
418
197
37
195
165
202
3
67
55
131
328
404
446
164
4
-227
-260
-274
-192
-240
-503
-780
-754
-532
-467
-333
-461
-451
-541
-451
-378
-363
-190
-289
-453
-394
-468
-295
-142
-32
6
-94
19
31
128
107
221
69
-22
-18
-28
-44
12
13
63
25
34
112
32
301
306
273
292
182
292
478
610
653
631
677
582
502
408
350
305
414
410
497
871
839
888
859
712
497
261
430
571
585
477
594
588
457
514
325
407
369
323
330
248
338
304
373
390
263
226
-81
-243
-465
-392
-216
-88
49
49
-62
-154
-258
-355
-247
-359
-311
-264
-204
-79
-163
-256
-345
-246
-250
-307
-398
-310
-276
-162
86
37
22
-27
113
74
10
32
81
67
7
45
97
197
281
267
223
-17
-143
-263
-164
-150
-88
-77
-116
-140
-483
-666
-678
-773
-523
-653
-809
-815
-840
-772
-756
-781
-808
-873
-879
-758
-877
-889
-1000
-1088
-1251
-1491
-1470
-1359
-1235
-1165
-1177
-1150
-1169
-1400
-1483
-1243
-1186
-1090
-1230
-1177
-1224
-1249
-1088
-1032
-884
-996
-847
-746
-745
-534
-556
-379
-392
-513
-608
-496
-337
-104
-291
-115
-140
-27
61
4
118
28
129
286
363
12
98
-42
159
320
354
419
414
389
436
324
88
74
72
260
361
446
147
240
296
286
533
486
271
174
90
-63
-110
-24
-54
-90
-128
-261
-399
-334
-366
-375
-352
-365
-411
-240
-247
-71
17
-155
15
12
248
214
87
179
421
410
323
387
112
-3
-202
-224
-255
40
-44
-279
-505
-630
-491
-440
-111
-133
-151
-313
-304
-370
-325
-406
-460
-454
-365
-181
-148
-126
-367
-522
-501
-680
-489
-497
-519
-617
-781
-697
-710
-715
-633
-503
-647
-611
-783
-529
-409
-566
-382
-591
-560
-598
-518
-702
-714
-799
-865
-863
-822
-732
-738
-648
-666
-671
-634
-370
-276
-107
26
61
225
157
98
-2
-135
-343
-165
-2
267
203
394
335
308
134
-96
-70
-224
55
5
-16
-102
24
92
258
297
349
252
77
109
94
204
317
309
244
319
307
332
354
252
233
225
298
416
587
804
738
991
696
782
816
873
929
775
1030
824
874
794
799
681
705
646
562
677
610
776
640
616
484
265
286
146
298
286
74
-79
31
-65
176
222
197
545
303
428
212
268
406
544
863
858
844
767
722
577
505
477
494
381
451
439
478
481
559
582
483
414
287
379
325
271
662
464
469
381
166
257
217
264
325
407
562
532
363
408
550
436
573
393
346
343
519
594
590
636
807
1040
989
950
811
559
394
331
436
770
878
710
394
136
-12
103
103
68
392
72
58
47
30
163
88
206
252
256
323
489
261
327
305
288
186
85
271
38
29
155
138
325
168
111
304
160
293
91
22
37
-101
-306
-159
-140
6
96
-12
175
89
148
-6
244
256
389
313
178
15
-377
-202
-278
-178
-158
-173
-173
-275
-365
-322
-423
-321
-307
-260
-237
-200
-228
-288
-243
-169
-285
-208
-142
-8
-53
-193
-288
-494
-569
-225
-241
-166
-176
-278
-264
-344
72
136
356
26
56
4
-112
164
214
236
139
124
6
164
173
349
121
182
185
-13
307
174
210
145
-46
-178
-191
209
-53
132
-16
-218
-139
-403
-23
-254
-218
-431
-678
-309
-365
-153
-64
-176
-324
-356
-372
-370
-240
-147
-17
-187
-113
-167
-33
138
316
144
16
88
-220
-217
-121
-141
-125
-256
-210
-395
-662
-809
-958
-890
-755
-355
-146
-238
-490
-620
-462
-468
-336
-513
-624
-948
-769
-566
-328
-234
-179
-258
-471
-390
-413
-307
-566
-461
-435
-412
-542
-585
-587
-459
-354
-195
-205
-53
-146
-481
-322
-190
187
118
424
210
326
-158
173
90
-57
307
203
235
350
105
13
107
-118
226
-192
260
152
-17
-1
-168
-488
-356
-592
-506
-564
-636
-423
-554
-359
-467
-458
-687
-388
-29
189
576
505
592
363
405
127
180
371
351
574
746
593
382
577
390
445
582
624
710
639
345
410
-26
128
-87
-23
-41
112
158
37
38
-137
-180
-68
68
26
66
-127
109
154
339
600
521
581
276
358
433
320
600
653
786
692
856
878
1001
536
346
287
-45
553
250
309
99
-48
71
-42
481
464
483
336
-154
13
-245
-37
-397
81
53
506
547
487
471
10
115
-185
196
293
626
302
-30
-61
-207
-2
253
343
740
362
562
22
56
-102
-88
594
648
832
738
657
399
712
969
1381
1107
1209
764
589
579
250
740
585
954
973
820
785
252
26
-135
-506
-322
-42
357
630
289
616
134
381
981
1017
1150
928
731
357
398
603
694
414
282
125
-191
139
341
762
246
33
-376
-247
-208
-42
473
27
202
-99
-10
-317
-405
-295
-462
-185
-7
139
66
-204
5
-343
-166
-203
-142
-329
-429
-871
-521
-489
-194
-16
-192
-287
-286
-686
-737
-745
-536
-955
-915
-732
-1206
-882
-1108
-726
-921
-296
156
-38
137
-240
-67
-129
-223
346
-146
-117
-294
-437
-203
-22
-224
-206
-753
-640
-787
-993
-333
-761
-285
-759
-901
-841
-1183
-608
-612
-125
-342
-640
-365
-285
-34
-87
-52
-455
-470
-914
-589
-375
-124
74
-183
-149
-634
-560
-703
-329
-352
-378
-93
-529
-245
-865
-999
-1008
-1084
-73
-109
441
445
-211
-287
-660
-498
-239
-383
-49
-292
-458
-246
-334
9
-540
-335
-382
-165
-104
146
-313
-479
-415
198
532
1173
1116
335
-490
-1147
-483
-128
893
1385
923
367
-4
-401
-429
-171
-8
-260
-562
-194
-13
108
90
-66
-308
-219
52
211
208
-176
-361
-603
-156
-10
90
-135
-507
-740
-1278
-914
-399
-7
-18
-428
-696
-1435
-1218
-869
-739
-681
-621
-778
-962
-979
-933
-873
-1117
-1330
-958
-864
-237
42
104
50
-166
-136
-457
27
63
164
-145
-358
-393
-368
-179
365
259
712
269
183
-54
-400
-67
-359
97
422
805
682
597
267
576
217
591
406
264
244
234
338
-247
274
392
701
532
240
-403
-343
-541
-80
-18
-50
-178
-132
-360
38
136
344
529
646
705
79
778
404
1005
580
731
401
178
619
803
932
930
1221
998
815
695
299
245
279
715
889
909
998
648
166
-107
464
389
1070
593
469
133
-343
-24
89
56
121
-65
-419
-300
-264
899
845
1301
1051
657
381
487
1263
1404
1192
497
343
365
463
817
1042
560
224
-449
-241
-21
187
1087
304
-53
-492
-610
145
108
332
24
17
152
-82
50
-111
257
259
778
670
919
962
435
617
98
410
819
1136
1405
711
300
-473
-533
53
302
387
276
91
244
203
-299
-108
-937
-907
-1159
-503
207
319
724
-316
-349
-889
-664
-647
-402
-467
-662
-798
-736
-594
-393
-604
-396
-466
246
139
257
93
-658
-110
-943
-184
-295
-151
-444
-1094
-1144
-1556
-1130
-343
-214
34
-376
-42
145
56
371
-70
-47
-277
21
75
495
714
797
414
99
-338
-525
-597
-710
-242
-298
-624
-772
-473
-456
269
434
485
59
246
28
-302
-89
215
989
804
1346
767
489
747
247
269
210
-452
140
-781
-683
-1057
-1068
-454
-1023
-352
-497
-610
-333
-244
-386
-480
-569
-451
-148
224
446
525
328
629
439
202
539
-141
216
-595
-361
-442
-350
-524
-544
194
51
743
331
698
472
-115
151
86
796
1061
830
831
28
267
906
843
595
486
34
-330
-866
-981
-1036
-1031
-503
-792
-800
-229
-6
-176
-257
-395
396
281
621
838
83
606
-145
386
450
666
1636
1012
725
572
-126
-359
-506
-795
-675
-1369
-1655
-1791
-1771
-1735
-1500
-1150
-996
-647
-1353
-1254
-1920
-1335
-1091
-244
-463
-15
-384
-1265
-897
-809
-217
-324
-109
-119
-612
-739
-957
-1856
-1138
-1829
-1161
-1065
-1272
-486
-881
-513
-755
-570
-394
-305
497
336
-43
5
-86
322
379
771
778
215
297
-653
-896
-939
-1060
-299
-773
-391
-732
-1000
-516
-646
-119
-306
-493
-440
-515
-32
-109
545
819
922
923
304
423
102
19
-105
-59
177
424
831
844
588
-46
339
-34
450
56
-175
-109
-748
-474
-1009
-752
-254
-511
-88
218
375
971
475
308
-327
-969
-1024
-939
-704
-302
545
834
1068
1031
1633
1799
2132
1755
1386
1137
655
875
614
1319
1288
1380
1648
1340
1390
1261
876
615
91
-220
-362
-752
-382
-664
-580
80
1
574
602
552
756
287
-28
73
342
690
1123
1009
1434
1146
1180
1329
1108
1040
399
-109
-651
-1472
-1226
-1067
-670
-653
-482
-567
-680
141
477
857
1045
849
770
496
746
933
435
720
785
1077
1413
1869
1754
1483
1039
1229
699
228
-108
-1115
-1456
-1406
-1425
-1021
-416
173
921
589
801
602
195
141
-9
43
280
-11
65
231
310
882
638
807
793
568
352
-57
-516
-675
-812
-698
-255
452
658
1013
672
495
355
244
545
312
-261
-540
-601
-443
-379
-398
179
19
161
213
-47
-22
-286
-845
-1058
-1385
-1101
-772
-608
-20
199
515
332
574
605
558
543
275
765
444
472
653
280
264
406
535
652
442
754
131
-289
-449
-697
-725
-709
-528
-221
1
388
558
498
718
341
656
738
835
851
675
523
424
453
432
282
-92
-279
-528
-475
-809
-1005
-1210
-1317
-1422
-1798
-1200
-1203
-955
-617
-679
-360
-811
-745
-354
-333
358
536
777
702
554
369
14
199
80
107
19
-362
-646
-1317
-1719
-1929
-2369
-2132
-2038
-2019
-1611
-1625
-1194
-1036
-905
-424
-600
-376
-53
-187
80
-3
-172
-229
-306
-8
-304
-837
-1067
-1391
-1648
-1690
-1478
-1666
-2103
-2050
-1835
-1958
-1840
-1551
-1156
-1406
-1052
-856
-887
-329
-138
-139
-37
-291
42
290
519
565
458
324
-505
-532
-1018
-1043
-1253
-1446
-1297
-1497
-1026
-669
42
124
69
-14
-76
-295
-508
-721
-696
-904
-576
-371
-109
159
148
28
-128
-790
-1356
-1714
-2132
-1793
-1869
-1610
-1951
-1696
-1583
-1263
-997
-577
-488
-354
-267
-263
-455
-1056
-1182
-1641
-1737
-1976
-1822
-1786
-1893
-2090
-2026
-2132
-1912
-2148
-1920
-2103
-2085
-1919
-1881
-1542
-1350
-844
-788
-414
-440
-403
-505
-463
-618
-389
-700
-817
-1157
-1034
-1141
-1137
-1122
-1131
-918
-992
-785
-780
-232
187
973
1397
2333
3179
3978
4535
5031
5496
5748
5928
6170
6025
5905
5921
6041
6152
5997
6200
5894
5989
6008
5876
5769
5437
5048
4783
4809
4640
4420
4248
4106
4133
4199
4374
4175
3906
3670
3496
3168
2848
2700
2255
2138
1662
1584
1285
989
808
412
-188
-853
-1455
-2262
-2938
-3428
-3803
-4325
-4479
-4961
-5247
-5653
-6028
-6223
-6452
-6648
-7346
-7896
-8699
-9318
-9771
-10298
-10879
-11523
-12049
-13045
-14131
-14785
-15533
-15281
-14897
-13978
-13457
-11833
-9892
-7868
-5080
-2337
1259
3031
5849
7928
10668
12977
14789
16487
18005
19471
20645
21116
21593
22166
20546
19179
16892
15392
12269
8856
5791
2415
-1121
-4660
-6430
-8277
-9761
-11101
-11704
-11750
-11558
-11140
-9840
-8491
-7239
-5410
-3188
-882
1875
4388
7148
9307
11817
14124
15752
17465
17814
18717
17765
16765
15160
13792
11443
9255
7214
5466
3723
2045
1154
-347
-1267
-2904
-3525
-4724
-5404
-6271
-6782
-7011
-7564
-7689
-7461
-6638
-6146
-5508
-4894
-4062
-3823
-3516
-3552
-3605
-4087
-4818
-5731
-6683
-7836
-8815
-10261
-11739
-13134
-14624
-15943
-17378
-18679
-19802
-20903
-21552
-21600
-21076
-20203
-18579
-15828
-12861
-9349
-5674
-1393
2411
6217
9560
13142
16337
19791
22127
24026
25578
26574
27044
26169
25924
24143
21792
18233
14774
11181
6879
2484
-1557
-5623
-9682
-12934
-15483
-17088
-18390
-19182
-19165
-18301
-17045
-14858
-12545
-9635
-6665
-3458
105
3789
7207
10516
13585
16174
18688
20754
22233
22855
23040
22625
21309
19537
17444
14977
12127
8968
5783
2937
353
-1861
-3555
-4943
-5644
-6253
-5963
-5943
-5540
-5231
-4906
-4418
-4230
-3875
-3719
-3044
-2358
-1801
-1486
-1215
-970
-746
-902
-1200
-1578
-2331
-3536
-4648
-6100
-7843
-10039
-12226
-14246
-16493
-18508
-20662
-22410
-24164
-25742
-26847
-27273
-27063
-25877
-24325
-21864
-18581
-15191
-10522
-6364
-848
3575
7847
11697
14794
17706
19932
22174
23742
25050
25788
26541
25479
25152
23204
20901
17388
13499
9714
4878
-27
-5093
-9237
-13634
-16878
-19451
-20546
-21450
-21321
-20468
-18452
-16007
-12947
-9074
-5246
-1232
2463
6580
10718
14768
18345
21922
24508
26628
27787
28731
28636
27621
25955
23675
20851
17443
14155
10963
7119
3454
340
-2033
-4389
-6166
-7309
-7987
-8258
-8049
-7081
-5986
-4935
-4019
-2354
-1534
-349
477
1549
2473
2939
3675
4235
4599
4636
4225
3675
2631
954
-740
-2850
-4967
-7618
-9939
-12366
-14329
-16226
-17873
-19267
-20655
-21820
-23403
-24436
-25088
-25716
-25548
-24285
-22770
-21409
-18764
-15232
-10911
-7154
-2237
2712
6820
10845
14129
17585
20561
22887
24454
25798
26632
27424
26141
25443
24238
21886
18712
14980
11702
7246
2891
-1517
-5523
-9610
-12984
-16092
-17914
-19146
-19575
-19260
-17953
-15658
-13151
-9948
-6708
-2770
766
4855
8577
12164
15544
18535
20836
22559
24146
24904
24897
23795
22165
19898
16533
12923
9447
5666
1935
-1910
-4365
-6786
-8715
-10081
-10471
-10294
-9940
-9222
-8203
-6784
-5602
-4286
-2694
-1088
137
1702
3230
4790
5797
6829
7467
7983
7893
7101
6468
5115
3216
1186
-830
-3167
-5379
-7627
-9282
-11078
-12474
-13542
-14464
-15456
-16527
-17562
-19045
-20966
-22796
-24229
-25560
-25812
-24891
-23181
-22041
-19074
-16237
-11825
-7886
-3017
2091
6244
10620
13537
16830
19987
22713
23926
25254
26173
27811
26936
27004
26342
24479
21571
18071
15488
11163
6511
1056
-3783
-9145
-13843
-17735
-20080
-22057
-23102
-23583
-22812
-20801
-18467
-14796
-11300
-7370
-3747
368
4254
8105
11674
14729
16617
18031
19629
20560
21100
20636
20141
18686
16394
13776
11103
8156
4882
1756
-1400
-4074
-6460
-8112
-9397
-10049
-10163
-9833
-9136
-7641
-6093
-4554
-2547
-590
1308
3126
4857
6544
7571
7993
8529
8506
8463
7928
7264
6138
4874
3323
1809
12
-1737
-3247
-4889
-6518
-7973
-8831
-10200
-11570
-12869
-14254
-16378
-18162
-20586
-22378
-24323
-25704
-26009
-25157
-23757
-23034
-20040
-17337
-12824
-9176
-4138
657
4887
9089
12489
15995
19378
22685
24348
26096
27359
29686
28759
28723
27955
25985
22091
17254
13541
8587
2393
-3877
-8984
-14697
-19378
-23476
-25381
-27161
-28089
-28211
-26692
-24513
-21590
-17599
-13629
-9205
-5486
-966
3501
8401
12025
15779
18712
20808
22648
24203
25346
24764
23710
22034
19535
16278
13001
9287
5492
901
-2729
-6058
-9036
-11960
-13567
-14579
-14361
-14091
-12354
-10046
-7612
-5053
-2261
1302
3660
6179
7992
10308
11015
11728
11721
12423
11859
11609
10884
10699
9781
8736
8007
6283
4796
2269
225
-2580
-4804
-7466
-9403
-11882
-13671
-15742
-17507
-19555
-22208
-24538
-26332
-27898
-29129
-29079
-27818
-26979
-24961
-21492
-17084
-11479
-6971
-613
4733
9788
14649
18580
22704
26086
27851
29682
30146
31090
31226
29371
28210
25209
21808
16930
12113
7213
1585
-4855
-10743
-16512
-21743
-25873
-29054
-30870
-32172
-32088
-31133
-28818
-25529
-21147
-16150
-11071
-5571
317
6430
12444
17732
22177
26325
28749
30613
31667
32108
31100
28486
25427
21694
17344
12355
7617
2768
-2325
-7453
-11555
-14618
-17437
-19289
-19971
-19569
-18568
-16686
-13563
-9753
-5944
-2182
1833
5342
8478
11070
13559
15003
15919
16252
16788
16783
16500
15834
15089
14187
12530
10820
8791
6425
3423
521
-2794
-5968
-9412
-12427
-15135
-17599
-19563
-21480
-22915
-24665
-26047
-27893
-29742
-30580
-31236
-31048
-29843
-26893
-24682
-21201
-16751
-11154
-5405
21
6477
11565
16462
20105
22776
25111
27250
28232
28567
27883
28100
27290
24682
22843
20336
16634
11243
6273
1373
-4450
-11084
-17041
-21994
-26358
-30014
-31869
-32461
-32154
-30824
-28244
-24082
-19255
-13506
-7369
-892
5447
11459
17320
22329
26232
29063
30745
31299
30886
29986
28423
25860
22415
18635
14418
9626
4943
577
-3828
-8347
-12485
-15361
-17296
-18836
-19178
-18094
-16373
-14208
-11385
-7097
-2543
1441
5056
8686
11595
13643
15315
17159
18273
18466
18818
19024
19140
18436
17762
16703
15299
13065
10613
7810
4523
641
-3067
-6909
-10815
-14417
-17085
-18914
-20686
-21905
-22685
-23465
-24359
-24997
-25161
-25950
-26981
-27162
-26916
-26446
-24623
-21237
-18776
-15248
-11755
-6299
-1406
2986
8019
12022
15584
17232
18982
21695
23633
23724
23637
23175
23691
21420
19264
17733
14866
10140
4297
-12
-4401
-10227
-16208
-20307
-24711
-28038
-30344
-30166
-29205
-27633
-24980
-20808
-15753
-10086
-3269
2805
8426
13207
18296
22178
25143
27065
28325
28229
26801
25190
23596
21444
17632
14159
10391
6453
2043
-1850
-5011
-8700
-12265
-15052
-16352
-17228
-17715
-16672
-14710
-12366
-9666
-5719
-1456
2260
5506
8534
11356
13324
14841
16201
17270
17509
17791
17814
17570
16873
16186
15163
13030
10353
7526
4496
595
-3269
-6962
-10456
-14251
-17345
-19199
-20744
-21979
-22494
-22303
-22096
-21971
-21656
-21137
-21719
-22769
-23905
-23955
-24826
-24771
-23691
-20905
-19111
-17119
-12523
-8274
-3027
935
6565
11157
14628
17582
19700
21671
23751
24038
23517
22217
21854
21231
18188
16294
13927
10606
5551
1548
-1623
-5191
-10455
-14427
-17428
-20107
-22239
-23294
-22241
-21131
-19017
-16159
-11529
-6301
-1166
3557
8532
12944
16420
19186
21212
22581
22461
21711
20306
18631
16598
14636
12325
9844
7217
4730
2340
-595
-3128
-5347
-7850
-10598
-11990
-12343
-12843
-13058
-11730
-9683
-7717
-5289
-1542
2536
5366
7993
11111
13947
15202
16087
17125
17906
17156
16068
15477
14846
13438
11391
9765
7749
5112
1986
-651
-3542
-6597
-10002
-12649
-15022
-17040
-18300
-18974
-18904
-18842
-18340
-17736
-16699
-16294
-16014
-16203
-17115
-18624
-20305
-21092
-22109
-22050
-21621
-18933
-17147
-15109
-11111
-6826
-1811
1739
6835
10636
13417
15206
16454
17646
19067
18748
18087
17370
17211
16645
14483
14102
13139
11247
7915
5603
3107
-18
-4232
-6829
-9443
-12379
-14066
-14881
-14345
-13413
-11237
-9061
-5411
-2131
1769
5319
8144
10351
11711
12864
13380
13400
12846
12622
11747
11224
11156
11496
11053
10075
9586
8714
6646
4081
2543
258
-2821
-5647
-7109
-7890
-8930
-8988
-7032
-5133
-2651
396
4590
8461
10815
13416
15539
17346
17773
18166
18089
17916
16511
15243
14192
13317
11665
9468
7727
5531
2804
-259
-3034
-6117
-9422
-12926
-15069
-17164
-18390
-19063
-18838
-18332
-17435
-15863
-14581
-13339
-13019
-13001
-14053
-15722
-17998
-20647
-22416
-24152
-24599
-23697
-20456
-17804
-15223
-10180
-5138
20
3354
8077
11326
12552
12686
12685
12535
12283
11688
10708
10500
11148
12580
12446
13862
14945
14641
12708
11264
9633
7032
2486
-1623
-5435
-9472
-12268
-14413
-14743
-14912
-14026
-13110
-10560
-8067
-4784
-2391
-544
947
1587
2562
2987
3750
3764
4351
4601
5215
6443
8348
9723
9905
9979
10103
9201
7382
5815
3978
1238
-1572
-3431
-4403
-4856
-5124
-3633
-1647
890
3318
6729
10201
12421
14545
15904
17171
16945
16647
15664
14974
13008
11098
9253
7466
5510
2881
1078
-980
-3314
-6270
-8500
-10638
-12703
-14846
-15653
-16238
-16487
-16336
-14837
-13323
-12513
-11058
-9638
-9115
-9996
-10716
-11710
-14048
-17045
-19491
-21271
-23203
-24353
-23563
-20667
-18002
-16338
-12120
-8186
-4690
-2545
374
3273
3535
3651
3790
4579
5652
7235
9179
11583
14294
18561
21066
23656
26077
27078
25561
22597
19656
15731
10224
3341
-1886
-7494
-12066
-15895
-17643
-17942
-18312
-18463
-17220
-15163
-13532
-11669
-10181
-8606
-8141
-6953
-5296
-3089
-837
1836
4927
8146
11769
15895
19570
21882
23268
23436
22767
20400
17827
14971
11116
6790
3136
1127
-473
-1508
-1017
722
2834
4547
7458
10419
12197
12610
12623
12870
11620
9540
7911
7117
5330
2966
1824
1826
911
-313
-900
-878
-1912
-4171
-5397
-6465
-8543
-10951
-12242
-12639
-13066
-13453
-12388
-10900
-10145
-9294
-8360
-8196
-9133
-10668
-12569
-15472
-19055
-22432
-25292
-27267
-29239
-28803
-27015
-23636
-20429
-17332
-12477
-8666
-4625
-1959
1113
3116
4250
5409
6227
7735
10847
13681
15824
18772
23339
27720
29024
30855
32509
31538
27043
22420
17998
12236
3800
-3707
-9476
-15426
-20655
-23986
-24361
-24848
-24746
-23506
-20406
-17728
-14747
-11299
-8048
-5619
-3324
532
4177
7413
10957
15309
18965
22214
25967
30348
32148
31898
31251
29752
26007
21065
17055
12908
7561
2059
-632
-2069
-3828
-4234
-2570
-180
962
2572
5706
7569
8074
7808
8221
7652
5430
3945
3621
3148
1557
1150
2110
2328
1859
2044
2689
2253
218
-1360
-2513
-4916
-7687
-9307
-10158
-11227
-11885
-11366
-10083
-9800
-9278
-8553
-8486
-9946
-11578
-13272
-16081
-19248
-22175
-24535
-27261
-28673
-29005
-27167
-25367
-21824
-18287
-14922
-11232
-8340
-4283
-2079
-82
1410
3231
4577
5130
7359
12053
15193
17621
21062
26640
30367
30380
31694
32221
29327
22619
17277
12179
4999
-4352
-11313
-16499
-22000
-25675
-26860
-25698
-25198
-23574
-20717
-16972
-14143
-10979
-7591
-5090
-3306
-926
2704
6005
9321
13399
17972
21597
24934
28432
31559
32154
30968
29298
26309
21559
16232
11754
6788
1456
-2740
-4641
-5788
-7043
-6212
-4003
-1987
-1178
924
3236
4048
3637
2985
3512
2414
861
448
1427
1571
1051
2010
3726
4345
4176
4637
4953
3850
1141
-897
-2770
-5594
-8663
-10009
-11142
-12216
-13056
-12317
-11423
-11309
-10801
-10260
-10137
-11934
-13127
-14998
-17112
-20403
-22703
-24840
-27155
-27989
-28256
-26095
-24372
-20237
-17592
-14262
-10835
-7191
-2983
-875
2185
4342
6707
7902
9329
12579
16996
18908
21055
24522
29128
30312
29795
30641
29685
24939
18117
13335
7673
165
-8618
-13845
-18748
-23207
-25928
-25554
-24144
-23564
-21513
-18580
-15029
-12697
-8650
-5198
-2686
-639
2616
6751
10149
13431
17703
21866
24435
27291
30350
32400
31264
29276
26929
22977
17229
12226
8051
3176
-2267
-5639
-6876
-7921
-8799
-7813
-5687
-4362
-3501
-944
1870
2497
2687
3071
3994
3483
3288
4476
6000
6465
6716
8297
9896
9866
9386
9342
8432
5884
2454
-167
-3178
-7395
-11018
-12869
-14537
-15858
-16305
-15262
-14248
-13846
-12342
-11160
-11233
-12416
-13255
-15119
-18217
-20994
-22937
-25152
-28272
-28929
-28240
-25667
-23043
-17826
-14309
-10435
-6311
-2342
1823
3157
5981
6652
7469
6914
7622
10346
13659
15065
17958
21999
26469
28423
28979
30956
29305
24620
18288
13904
7434
-444
-8816
-13750
-18963
-23267
-24711
-23874
-21955
-20779
-17598
-14250
-10790
-8066
-4387
-2078
-635
671
3151
5930
8357
11794
15746
19031
21828
25051
28137
29669
28808
27652
24842
20677
15400
10604
5705
148
-4689
-8247
-9827
-10990
-10964
-9097
-6438
-3995
-1809
2249
4834
6476
7394
8426
9434
8351
8217
8959
9590
9234
9475
10432
11327
10342
9626
8911
6965
3699
-138
-3211
-6730
-10969
-13792
-15257
-16488
-16782
-16164
-13984
-12733
-11381
-9621
-8714
-9334
-10293
-11402
-14154
-16948
-19909
-21416
-24583
-25482
-25665
-23420
-20626
-16365
-11750
-9204
-4731
-2722
989
1609
3086
3415
2905
2302
2153
3923
7627
10458
13094
17526
22410
26897
27569
29959
29970
26498
19500
14237
8750
1314
-7445
-13645
-17696
-22425
-23958
-23458
-19893
-18226
-15584
-12256
-8308
-6056
-4117
-1648
-687
-562
-279
2070
4514
7404
10688
15014
18573
22217
25753
29047
29658
28181
26031
21983
16608
10590
5162
-783
-6323
-10480
-11838
-11854
-11123
-8713
-4574
-300
3104
7326
11254
13515
13315
13318
13313
12046
9683
9105
9036
8407
7032
7560
8857
8986
8353
7617
7152
4045
-22
-3698
-6646
-11295
-15404
-17999
-18519
-19306
-19039
-16579
-13859
-11783
-9748
-7405
-6573
-7016
-8323
-10007
-13344
-16804
-19893
-23125
-25849
-27047
-26778
-24547
-21200
-16974
-14351
-10021
-7076
-3972
-2090
-803
380
-644
-917
-948
632
3680
7771
11145
15911
21178
26935
29089
31183
32415
30187
24774
18554
12898
5991
-2554
-10036
-14523
-19160
-21796
-22395
-19588
-17328
-15267
-12431
-8874
-6236
-4901
-3369
-2469
-2695
-3443
-1912
539
3300
6101
10741
15154
19116
23382
27258
29216
28449
26412
22913
17888
11656
6264
714
-4607
-8896
-10839
-10807
-9506
-6928
-2570
2270
5923
9602
12698
15347
14654
13626
12198
10248
6993
4729
4180
3970
3119
3184
5285
6181
6805
5755
5889
3851
116
-4099
-7497
-11435
-15765
-19085
-20273
-20586
-20844
-18686
-15556
-12345
-10153
-7210
-5608
-5033
-6885
-8961
-12159
-16564
-20834
-25247
-27730
-30085
-30241
-28528
-24109
-19818
-16506
-11021
-6753
-2976
-905
1786
3513
3088
2702
2770
3689
5903
9137
12540
16491
21092
26690
29155
31413
32466
30901
25640
19539
13273
6466
-1958
-10106
-15339
-20127
-22886
-23996
-21724
-18932
-16014
-13606
-9549
-6274
-4281
-2636
-1579
-917
-1944
-1391
642
3364
6087
10134
14474
18881
22764
26981
29488
29455
27451
24021
19292
12874
7206
1576
-3464
-8357
-10426
-10492
-8837
-6087
-1583
3263
7305
10998
14517
17427
17285
16293
14336
12322
8973
6369
5075
5246
4464
4292
5761
7568
7972
7243
6744
5309
1726
-2977
-6459
-10750
-15154
-19215
-20536
-21088
-20762
-18945
-15220
-11969
-9536
-6948
-5080
-4480
-6086
-8801
-11708
-16256
-21040
-25507
-27786
-29439
-30318
-28035
-23546
-18325
-15323
-8813
-4203
415
2124
4797
6871
5859
4966
4091
4691
6398
9167
12342
16529
20691
26282
28615
31139
32090
30640
25567
19459
12792
5484
-3092
-11501
-17138
-22147
-24345
-25530
-22870
-19574
-15719
-12394
-8043
-3725
-1488
-1
485
1119
-30
-86
1088
3387
5891
9416
13671
17985
22248
26481
29324
29290
27655
24510
19707
12965
6682
1032
-4370
-9612
-11874
-11788
-10000
-7403
-2719
2596
7337
11252
14714
18141
17953
16885
14516
12524
9266
6599
4767
4647
3907
4068
5283
6861
7594
6660
6110
4001
518
-4795
-8893
-13690
-17984
-22216
-23759
-24296
-23603
-21460
-18105
-14474
-11572
-8863
-7037
-6385
-7927
-9929
-13035
-16967
-21322
-25553
-27854
-29473
-29440
-26658
-21506
-16412
-12793
-6570
-2045
2107
3572
6207
7441
5886
5020
4079
4535
6111
8663
11808
15631
19991
25634
27931
30403
30680
28950
23543
17355
10747
3306
-5446
-13352
-18557
-22945
-24274
-24682
-21421
-18094
-14075
-10648
-6523
-2849
-882
234
244
169
-1113
-1093
229
2463
5099
8966
13323
17796
22062
26503
29103
28822
26646
23107
17443
10283
3672
-2617
-8274
-13316
-15321
-14643
-12660
-9289
-4321
1652
6669
10778
14155
17154
17387
15532
13754
11842
9120
5997
5124
5472
5336
5071
6719
8431
8674
7347
6021
4111
-629
-6063
-10924
-15539
-20199
-24079
-25658
-25374
-24770
-22426
-18625
-14714
-11841
-9265
-7573
-7223
-9281
-11887
-14869
-19251
-23956
-27764
-29049
-30326
-28973
-25111
-18822
-15359
-9902
-3433
1387
4277
5498
9089
8344
6195
4278
4579
5036
5919
7685
12162
15947
20487
24164
27156
29678
28112
24986
20073
14807
7066
-625
-8643
-14359
-20293
-23442
-23728
-22469
-19643
-16255
-11798
-8313
-4113
-1311
1073
1384
1483
805
428
665
1869
4296
7165
11086
15137
19791
23876
26855
27722
26920
23973
19330
13012
6633
112
-6074
-11111
-14139
-14895
-13509
-10383
-6157
-667
4828
10500
14117
17848
19426
19500
17685
15424
13578
10898
8654
7573
7697
7470
7829
8361
9740
8700
7123
4361
1330
-3270
-8531
-13430
-17595
-21529
-24512
-25016
-24381
-22261
-19579
-15574
-12120
-9184
-7318
-5863
-6367
-8556
-11493
-14345
-18358
-22741
-25591
-26530
-26961
-25785
-21711
-15420
-12004
-7852
-1973
2104
4513
5015
7693
7477
5367
3837
4455
5656
7339
9602
14093
18458
23038
26559
29302
31758
30230
26420
20922
15770
8369
742
-7134
-12656
-18168
-21669
-21868
-20845
-18068
-14978
-11399
-8533
-5439
-2935
-919
-631
-894
-1161
-1091
-206
1464
4535
8360
12312
16270
20901
24888
27221
27554
26463
23412
18337
11981
5748
-184
-6121
-10759
-13076
-13158
-11704
-9090
-4910
-532
4481
8098
11808
14144
15250
14812
13161
11459
9551
7922
6485
6328
6667
7407
7652
8839
8810
8156
5664
2904
-689
-5293
-10185
-14743
-18469
-21764
-23142
-23367
-21759
-19730
-16758
-13837
-10912
-8661
-7389
-7732
-9195
-11843
-15169
-19000
-22712
-26170
-27929
-28773
-27862
-24898
-19674
-14055
-10804
-4915
-636
3658
4504
6459
7934
7093
5734
4523
6185
8100
10403
12830
17814
22235
26832
28410
31150
31906
28960
23292
17635
12051
4265
-4037
-11131
-15666
-20744
-22865
-22966
-20361
-18245
-15411
-12336
-8763
-6085
-4296
-2582
-2154
-1650
-1992
-479
1347
4051
7221
11739
15841
19780
23418
26424
27826
26609
24203
20238
14998
8580
2840
-2948
-7661
-11400
-12781
-11991
-10038
-7216
-3415
810
4891
7938
10407
12391
12878
12012
11288
10511
9455
8630
8191
9287
9451
9979
10425
10403
9250
7023
4007
75
-4272
-9115
-13713
-17379
-20313
-22457
-23037
-22271
-20753
-18370
-15450
-12882
-11225
-10304
-9948
-10861
-13232
-15849
-18948
-22100
-25994
-27926
-28291
-28507
-26458
-22915
-16538
-13003
-8800
-3759
303
2849
3454
5339
5956
4979
4331
4700
6535
9733
12032
15807
19948
25014
27976
29389
31144
30332
26269
20077
14675
8367
1027
-7016
-12619
-17329
-20710
-22158
-21466
-19235
-16887
-14517
-12046
-8796
-6764
-5111
-4322
-3293
-2650
-2150
-401
2840
6507
10562
14855
19104
23496
26424
28386
28481
26715
23483
18528
12966
7146
1381
-3941
-7930
-10065
-10990
-9794
-7383
-4269
-1205
1910
5256
7153
8842
9465
9680
8990
8546
8409
8229
8356
9277
11026
11639
12120
12076
11720
9728
6484
2748
-1448
-6308
-11160
-15025
-17603
-20111
-21350
-21069
-19413
-17522
-15374
-12485
-10819
-9813
-10376
-10915
-13008
-15754
-19096
-22181
-25131
-28279
-28234
-28092
-25787
-22838
-16819
-11750
-8793
-3349
619
4185
4920
6637
8026
7208
6556
6766
8630
11236
14009
17272
21083
24938
29004
30422
31518
31149
27911
22088
16104
10021
3064
-4719
-11077
-15818
-19934
-21406
-21573
-19714
-17928
-15266
-13174
-10757
-8474
-6508
-4817
-4408
-3096
-1945
45
2386
6145
10546
14977
19068
22832
26862
28725
28582
27212
24507
20135
14479
8788
3464
-1492
-6124
-8755
-9851
-9298
-7977
-6282
-3401
-522
1856
3676
5201
6298
6679
6251
6380
6966
7836
8501
9637
11264
12938
13351
13487
12871
10996
7659
3097
-1160
-6077
-10851
-15690
-18729
-20862
-22133
-22492
-20938
-18790
-16773
-14777
-12758
-11731
-12224
-13194
-14853
-17493
-20776
-23381
-26290
-28381
-29088
-27760
-25810
-21806
-15938
-10804
-6607
-2270
2509
6423
7695
8713
9692
9187
8116
7062
9366
12390
14268
16631
20269
24678
26969
27237
28549
27852
23318
17333
11969
6609
-877
-8581
-13531
-16990
-20562
-21364
-20118
-17246
-15603
-13540
-9772
-6682
-4546
-3071
-840
77
688
1619
4368
7394
10032
13737
17729
21934
25001
27608
29422
29240
26908
23071
18779
13468
7232
1658
-3013
-6846
-10018
-10424
-9719
-8248
-6546
-3787
-637
1533
3290
4723
5754
5250
5120
5980
6741
7730
8966
10925
12404
13558
14967
15255
14156
11221
7898
3437
-2107
-7571
-12139
-16481
-20493
-22611
-23143
-22843
-21871
-19833
-17356
-15374
-13590
-12721
-12791
-13879
-16089
-18636
-21894
-24857
-27858
-29349
-30165
-28487
-25573
-20757
-15244
-10898
-4782
-566
4596
7693
9883
11236
10865
10907
9739
9829
11999
14168
15739
18441
22314
26011
26593
27286
27751
25037
19599
14500
9463
3212
-4619
-11006
-15018
-18802
-20643
-20975
-18653
-16738
-14690
-11935
-8320
-5178
-3318
-1464
-171
1450
2394
4295
6572
9288
12312
15381
19014
22319
25135
26713
26869
25784
23170
19571
14681
9070
3692
-1459
-6033
-9271
-10733
-10855
-10264
-8944
-6079
-3179
-1186
384
2979
4446
4492
4225
5222
6373
6350
7634
9723
11958
13000
13924
14939
14958
12514
9927
6175
1813
-3561
-8689
-13034
-17018
-19985
-22012
-22746
-22696
-21473
-20030
-18061
-16719
-15522
-15586
-16538
-17856
-19678
-22667
-26466
-28909
-30360
-31282
-30110
-26240
-20509
-16880
-11851
-5364
1780
6995
10526
15022
16953
17495
16255
16704
17821
18405
17824
18974
21550
23902
24742
25044
25951
23602
19350
14500
10108
4246
-2822
-10232
-15437
-19721
-22186
-22722
-21718
-19614
-17421
-14459
-10793
-6217
-2616
326
2078
4190
6255
8739
11179
13571
16228
18361
20426
22731
25249
26135
25665
24391
21982
18360
13666
9259
4263
-1169
-5949
-9036
-11026
-12032
-11656
-10556
-8362
-6207
-3456
-610
1521
3032
4282
5162
6026
6607
7437
8680
10180
11761
13856
15552
16374
16422
15450
14041
10617
6585
1866
-3598
-9360
-14313
-18083
-20974
-23210
-24655
-24623
-24099
-22885
-21013
-19559
-18788
-19202
-19722
-20704
-22753
-25352
-27277
-29247
-31034
-30038
-26578
-22165
-19102
-13103
-6569
-390
5155
11080
17166
19604
20956
21294
22064
22895
23159
22438
21944
22529
23548
23243
23271
23192
20464
15722
10354
6198
1165
-5249
-11838
-16103
-20101
-22335
-22680
-20395
-17481
-15567
-12332
-8049
-3307
235
3882
6449
8748
10298
12758
15561
17733
19693
21286
23022
24326
25286
25260
24375
21852
18416
14024
9682
5047
249
-4119
-7437
-10096
-11837
-11688
-10968
-9386
-7777
-4879
-2344
-56
1919
3835
4998
5727
6970
8030
8512
8974
10646
11812
12999
13712
14921
14969
13730
11769
9795
6869
2267
-2769
-7120
-11097
-15717
-18885
-21107
-22559
-24425
-24894
-24150
-23247
-23128
-23023
-22991
-24333
-25617
-28147
-28848
-30546
-30672
-30190
-27698
-24443
-21694
-15932
-11425
-4329
1083
7990
13577
17618
21323
23658
25760
28093
29164
28910
28615
28040
28677
26211
24468
21863
18395
12266
6459
1116
-3899
-10552
-17390
-21451
-25186
-26406
-27210
-24434
-21168
-18143
-14794
-9801
-4210
526
4474
8113
11522
13965
16761
19911
22657
24172
25318
26343
27224
27072
26494
24557
20725
15725
11013
5980
377
-4369
-8236
-11928
-14818
-15803
-14561
-13324
-12154
-9787
-6404
-3856
-1733
958
3557
4882
5518
7585
9548
10227
10934
11966
13188
13242
12576
13066
12332
10601
8200
6423
4073
854
-2999
-6029
-9095
-12536
-15536
-18036
-19890
-22475
-24246
-25167
-25320
-26675
-27261
-28020
-28898
-31138
-31726
-31501
-31721
-30889
-28951
-24733
-23576
-18636
-14609
-8494
-4568
587
7034
11626
15734
18787
22874
25962
28806
29637
31869
31918
32292
29955
28306
25264
19994
13699
7325
1323
-5647
-11780
-17875
-21866
-26476
-27990
-28499
-27054
-24692
-21678
-17692
-13282
-8263
-3102
2424
6880
11593
15840
20310
24040
28032
30506
31954
32301
31923
30562
28107
24930
20268
14518
8606
3355
-2015
-6354
-9815
-12602
-15269
-16464
-16053
-14732
-14038
-12270
-9653
-7259
-5052
-2338
1064
3522
5650
8700
11866
14217
15925
17078
17849
17730
16443
14776
12531
9696
6432
2667
-40
-2350
-4477
-6877
-8594
-9780
-11444
-13682
-15287
-17088
-19512
-22574
-24245
-25311
-26988
-28396
-29942
-30491
-32140
-31434
-30885
-28315
-26593
-23091
-21072
-18032
-13613
-9886
-5267
-2275
3406
6500
10966
14792
18982
22588
25816
27968
30132
31390
32357
31610
29287
26888
21975
16161
9483
4019
-2885
-8862
-15070
-18478
-22255
-24679
-24483
-23829
-22081
-20670
-17323
-13956
-10308
-6557
-1526
2997
7470
12333
17228
21950
25827
29068
31555
32559
32214
30423
27613
23675
18179
12040
6160
963
-4028
-7388
-9803
-11139
-12231
-12083
-11191
-10069
-9243
-8176
-6876
-6345
-4818
-3411
-900
935
3795
6889
9993
12746
15584
17667
18502
18494
17098
15281
11828
8639
5121
1822
-1734
-3897
-5720
-7293
-8507
-8926
-9240
-10190
-11276
-12532
-14289
-16826
-18374
-20120
-21519
-23394
-24311
-25625
-26514
-26165
-25011
-22692
-20567
-17155
-15524
-12557
-10303
-7015
-3976
-1083
2113
3958
7261
9924
12898
16205
19810
22376
24154
25760
27992
27087
25241
22558
18798
12874
6278
1251
-4479
-10498
-16660
-19984
-22993
-24783
-24840
-23091
-20797
-19201
-16418
-12967
-9295
-5817
-1965
2071
6258
10662
15452
20297
24695
28137
30547
31913
32370
31234
28635
24827
19650
13161
6615
313
-5223
-9681
-13043
-15167
-16381
-16062
-14913
-12882
-11296
-8786
-6575
-4967
-3402
-1359
976
2573
4920
7533
10193
12185
14380
15913
16819
16226
15326
14022
11494
8668
5546
2939
-446
-3231
-5666
-7537
-9561
-11170
-12423
-13428
-14615
-15969
-16889
-17683
-18295
-19021
-19405
-20105
-20884
-22318
-23050
-23074
-22812
-21914
-19871
-16851
-15399
-12707
-9623
-5746
-2922
423
3874
5748
7999
9453
11168
12835
15094
16624
17186
18371
20721
20487
19655
18831
16791
12464
6905
2764
-2086
-8071
-13965
-18221
-21836
-24389
-25255
-24088
-21922
-19404
-16319
-12403
-7908
-3582
497
4255
8219
11806
15495
19495
23541
26409
28350
29914
30673
30150
28398
25977
21735
16195
10314
4265
-1639
-7478
-11643
-15326
-18076
-19565
-18911
-17376
-15781
-12944
-9287
-5629
-2619
1028
4819
7617
9723
12162
14216
15536
16163
16828
16580
16030
14613
13538
12128
10404
8388
5899
3734
1153
-1474
-4513
-7047
-9781
-12626
-15079
-16556
-18067
-19306
-19575
-19130
-18778
-18435
-18016
-17824
-18951
-20483
-20659
-21135
-21298
-20758
-17645
-15937
-13802
-10151
-5503
-1366
1790
6086
8483
10612
12055
12757
13465
14564
15531
15327
15749
17757
18583
17972
17251
16240
13297
8526
4231
34
-5641
-11280
-16282
-20674
-23741
-25223
-25160
-23988
-21425
-18318
-14758
-10868
-5973
-1056
3193
7614
12045
16267
20376
23972
27273
29235
30103
30176
29142
27487
24795
20990
16024
10917
5327
233
-4885
-8698
-12065
-14900
-17066
-17860
-17475
-16958
-15192
-12445
-8614
-5325
-932
3814
8364
11877
15101
17883
19619
20384
20459
19371
18169
16222
14240
12499
10837
9562
7382
5542
3553
1751
-1164
-3782
-6678
-9675
-13019
-15703
-17433
-19022
-20135
-20429
-20171
-19820
-19510
-19524
-19982
-21706
-22149
-22907
-22555
-21969
-18827
-16421
-14233
-10716
-6506
-1633
1346
5624
7920
10224
11882
12740
13605
15479
16904
17104
17275
19114
19667
17806
16730
14547
11091
5538
1057
-2920
-7667
-12472
-16269
-19286
-21650
-22756
-22683
-21580
-20082
-18465
-16251
-13319
-9578
-5245
-883
4546
9812
15391
21232
25731
29217
31380
32470
31802
29650
26818
23496
18990
13550
8572
3933
-80
-4106
-7253
-9410
-11812
-13999
-15534
-15616
-15550
-15222
-13540
-10591
-7788
-4681
-37
4634
9011
12413
15887
18468
19909
20352
20142
19283
17487
15408
13334
11428
9378
7268
4931
2688
305
-1907
-4213
-6605
-9000
-10880
-12839
-14601
-15830
-17024
-18056
-19311
-19886
-20794
-21745
-23874
-24904
-25233
-25231
-23877
-20990
-16597
-14130
-10969
-7598
-3341
-273
2465
4913
6367
8427
9541
10971
13363
16634
18459
18750
19647
21110
20061
17610
14784
11125
5842
-321
-5249
-8935
-12525
-16333
-19335
-21233
-22177
-22703
-22307
-21221
-19726
-18407
-16544
-13782
-9923
-5193
-630
4482
9769
15841
21246
25731
29508
31835
32231
30893
29152
26530
22960
18472
13314
8077
3224
-1291
-5731
-9203
-11668
-14093
-16224
-16874
-16124
-15561
-14286
-11665
-8589
-5857
-2562
1544
5201
8287
11421
14472
16874
18743
20182
21036
20833
19642
17993
16162
13704
10807
7777
5023
2144
-658
-2923
-4813
-6626
-8662
-9938
-11076
-12539
-14244
-15538
-16954
-18573
-20344
-21899
-23669
-25250
-26066
-25904
-24264
-21082
-17402
-14852
-11813
-8857
-5282
-1843
1830
5160
7539
9899
10964
13073
15893
18594
20028
20612
20934
20464
19274
17644
15338
11303
6644
1586
-3045
-7333
-11132
-14998
-19071
-22376
-24890
-26131
-25967
-24967
-23800
-21727
-18901
-15211
-10530
-5270
-158
4408
9251
14005
18385
22718
26718
29041
29582
29721
29487
27839
25217
21712
17106
11435
5735
322
-4492
-8479
-11994
-14686
-16544
-17240
-17185
-16259
-14948
-13316
-11332
-8528
-5342
-2274
1321
5164
8770
11889
15162
18026
19500
19873
19753
18663
16578
14534
12569
10621
8315
5936
3879
1865
-102
-2222
-4188
-6213
-8565
-11086
-12935
-14317
-15858
-17354
-18447
-19999
-21946
-22963
-23279
-23478
-22846
-20746
-19119
-17707
-15833
-13226
-10306
-6855
-2361
1743
5657
9385
12430
15042
17894
20667
21931
22094
22019
21212
19514
17785
15419
12402
8849
4932
987
-2894
-6707
-11190
-15712
-19438
-22387
-24609
-25638
-25669
-24828
-23515
-21538
-18439
-14142
-9224
-4311
347
5174
10241
14806
19175
23730
27642
29853
30854
31092
30548
28626
25692
21935
16981
11413
5726
764
-3560
-7255
-10463
-12948
-14397
-15129
-15363
-14993
-14118
-13216
-12050
-10228
-7473
-4128
-624
2857
6478
10004
13268
15746
17498
18244
17858
16493
14835
13356
11885
10248
8497
6742
4723
2635
662
-1389
-3340
-5396
-7425
-9531
-11192
-12570
-13984
-15938
-17923
-19126
-20475
-20902
-20110
-18614
-17669
-16935
-15927
-14920
-12780
-9499
-5987
-2594
1057
4630
7884
11173
14888
18023
19734
20557
20804
20708
20008
18911
17345
15328
12238
8610
5445
1977
-2188
-6913
-11584
-16222
-20386
-23172
-24451
-24978
-24831
-23971
-22631
-20679
-17998
-14775
-11103
-7302
-3737
-137
3611
7880
12216
16720
20671
23933
26196
27839
28652
28050
26687
24049
19790
14498
9752
5306
986
-2947
-6408
-9557
-12581
-14436
-15122
-15010
-14786
-14660
-14017
-12702
-10702
-8007
-4826
-1682
640
2711
5355
7929
9997
11418
12461
12524
12308
12339
12620
12605
11684
10116
7791
5235
2606
376
-1912
-4203
-6251
-8117
-9609
-11046
-12097
-12913
-13743
-14411
-14376
-13791
-13363
-13550
-13967
-14565
-14866
-14016
-11546
-7763
-3807
-310
2784
5765
8727
11665
14780
17366
18498
17647
16540
15648
15041
14612
14303
13683
11904
9591
6724
3742
347
-3415
-7451
-11470
-15382
-18459
-20862
-22271
-22495
-22247
-21026
-19357
-17185
-14736
-12145
-9431
-6358
-2917
552
3688
6580
9185
10901
12614
14406
16312
17788
18788
19006
18210
16622
14779
12626
10058
7303
3908
183
-3556
-6973
-9804
-11973
-13532
-14276
-14635
-14391
-13901
-12643
-10490
-8320
-5750
-3396
-1381
78
1182
2723
3989
5249
6719
8406
10019
11370
12628
14030
14822
14823
14424
13424
12132
10378
8850
7431
6211
5149
4252
3758
3262
2694
1959
926
-571
-2211
-3813
-5563
-7371
-9262
-11045
-12309
-13355
-13561
-13252
-12642
-11641
-10640
-9592
-8407
-7112
-5925
-4636
-3806
-3173
-2459
-1749
-520
574
1916
3228
4330
5213
5579
5933
5762
5083
3804
2261
596
-726
-1670
-2500
-3141
-3740
-4088
-4517
-4688
-4408
-3538
-2686
-2070
-1371
-400
546
1099
1836
2800
3669
4401
5079
6257
7111
7326
7366
7334
7104
6186
5052
3650
1736
-730
-3020
-4988
-6589
-7963
-9049
-9469
-9710
-9426
-8443
-6956
-5332
-3943
-2333
-855
179
1291
2887
4469
5763
7173
8623
10049
10950
11755
12515
12835
12778
12443
11786
11044
10239
8678
7032
5579
4064
2650
1535
966
94
-1090
-2003
-2868
-3726
-4689
-5573
-6747
-7687
-8450
-9047
-9095
-8794
-8077
-7718
-7007
-6130
-5184
-4281
-3273
-2017
-1059
-88
774
1679
2543
3320
4049
4540
4720
4767
4579
4289
3715
3057
2207
1261
131
-987
-2007
-3112
-4115
-5023
-5583
-6151
-6636
-6831
-6839
-6803
-6458
-5726
-5050
-3885
-2606
-1259
168
1579
3316
4841
6121
7078
7699
7778
7490
6855
6139
5232
3847
2174
336
-1443
-3397
-5124
-6540
-7686
-8689
-9412
-9471
-9325
-8837
-8147
-7278
-6172
-5000
-3657
-2201
-767
844
2536
4363
6315
7971
9476
10865
11790
12430
12768
12939
12681
11849
10599
9260
7853
6122
4687
3522
2299
1103
61
-771
-1549
-2453
-3241
-3730
-4191
-4568
-4870
-5077
-5006
-4646
-4029
-3162
-2237
-1601
-1188
-706
-249
91
507
1107
1462
1485
1527
1667
1787
1756
1599
1564
1399
767
300
-298
-1222
-2723
-4205
-5450
-6810
-8080
-9084
-9733
-10464
-10700
-10252
-9656
-9022
-8569
-8060
-7583
-6994
-5999
-4714
-2836
-1262
370
2146
3820
5239
6220
7067
7463
7635
7508
7366
7155
6695
5895
4952
3692
1954
-244
-2453
-4404
-6300
-7671
-8255
-8327
-8185
-7790
-7123
-6667
-6234
-5722
-5211
-4483
-3695
-2708
-1428
125
1779
3610
5423
7023
8160
9078
9853
10151
10884
11580
12273
12019
11771
11086
9952
8426
6725
6000
4960
3863
2550
1762
1133
349
-837
-1473
-2081
-2663
-3517
-3635
-3330
-2993
-2864
-2994
-2791
-2834
-2814
-2876
-2689
-2625
-2570
-2473
-2312
-2038
-1622
-1192
-799
-317
357
801
1215
1297
943
266
-981
-2124
-3069
-3723
-4214
-4690
-5163
-5797
-6453
-6966
-6909
-6525
-6277
-5893
-5393
-4566
-3681
-2348
-433
1399
2613
3512
4066
3910
3732
3725
4191
5081
5749
6129
6008
5469
4421
3153
2272
1391
224
-1190
-2965
-4522
-5637
-6171
-5925
-5642
-5694
-5975
-6408
-6615
-6543
-5864
-4881
-3854
-3121
-2196
-1038
211
1699
3151
4735
5621
6222
6610
7121
7702
8000
8333
8356
7828
6811
5827
4454
3141
1780
431
-958
-2490
-3855
-5449
-6861
-8076
-9120
-10225
-11079
-11848
-12368
-12694
-12136
-10585
-8408
-6210
-4606
-3485
-3579
-3529
-2780
-1128
1567
4421
6758
8736
10520
12800
15068
17286
18959
19264
18294
16696
15418
14014
12918
11610
9750
6972
3832
962
-2125
-4988
-7780
-10286
-12108
-13480
-13901
-13525
-13035
-12399
-11372
-9949
-8411
-6549
-4338
-2111
-221
2159
5030
7885
10348
12352
13573
13767
13470
13085
12501
11534
10423
8923
6718
4262
2148
412
-1372
-3415
-5586
-7853
-9890
-11538
-12600
-12986
-12643
-12211
-11719
-10832
-9734
-8600
-7220
-5503
-3894
-2365
-818
625
1790
2901
3813
4040
3818
3225
2399
1210
-112
-1262
-2336
-3603
-4846
-5905
-6590
-6897
-6965
-6934
-6767
-6762
-7074
-7136
-6520
-5318
-3214
-261
2551
4973
7096
9142
10711
12388
13861
14801
14853
14557
14240
13826
13367
12658
11310
9518
7488
5330
3504
1729
59
-1976
-3985
-5713
-7245
-8487
-9254
-10027
-10731
-11226
-11107
-10372
-9028
-7087
-4885
-2567
-386
1732
3499
5108
6422
7804
9140
10700
12333
13544
14116
14022
13454
12359
10856
9159
7364
5447
3286
1494
-179
-1595
-2915
-4461
-5987
-7417
-8788
-10073
-11028
-11575
-11801
-11842
-11458
-10789
-9928
-9120
-8425
-7898
-7418
-7080
-6660
-6032
-5327
-4563
-4133
-3690
-3475
-3551
-4030
-4663
-5231
-5979
-6740
-7250
-7085
-6845
-6593
-6196
-5690
-5123
-4827
-3860
-2403
-533
1810
4120
6299
7919
9656
11304
12725
14036
15016
15229
14943
14424
13812
13073
12094
11107
9691
7785
5422
2971
521
-1818
-4137
-6226
-7676
-8780
-9227
-8893
-8039
-7231
-6323
-5539
-4511
-3405
-1806
97
1847
4013
6084
7874
9444
10927
11772
12052
12120
11948
11633
11114
10530
9514
8210
7063
5862
4606
3622
2566
1209
-488
-1961
-3287
-4491
-5199
-5524
-5743
-5962
-5897
-5682
-5586
-5536
-5228
-5050
-5072
-5291
-5757
-6303
-6969
-7485
-7893
-8320
-8492
-8761
-9231
-9582
-9857
-10123
-10257
-10466
-10872
-11191
-11411
-11644
-11747
-11718
-11372
-10783
-9942
-8557
-7038
-5426
-4066
-2860
-1413
289
2504
4976
7534
9587
10873
11818
12600
13190
13530
13601
13048
11868
10447
9127
8040
6948
6073
5059
3888
2660
1256
-196
-1778
-3398
-4800
-6060
-6772
-7067
-6683
-5770
-4469
-2712
-687
1696
3988
6056
7937
9608
11130
12424
13465
14013
14279
14401
14239
14043
13371
12157
10411
8270
6011
4076
2486
928
-507
-1870
-3405
-4788
-5778
-6378
-6800
-6889
-6805
-6435
-5764
-4773
-3598
-2602
-1673
-1073
-764
-853
-734
-601
-605
-832
-1470
-2110
-3180
-4407
-5365
-6525
-7838
-9260
-10700
-12166
-13300
-14108
-14606
-14813
-14959
-15033
-15054
-14609
-13790
-12381
-10466
-8282
-5942
-3680
-1747
28
1796
3481
5246
6876
8263
8991
9594
10279
10978
11680
12345
12479
11794
10781
9310
7611
6002
4602
3341
2151
1080
288
-368
-894
-1196
-1330
-1195
-774
-238
188
582
1052
1858
2653
3724
4780
5779
6492
7064
7978
9026
10140
11001
11606
11707
11357
10490
9501
8385
7003
5343
3453
1514
-355
-2026
-3504
-4443
-5297
-6017
-6717
-7097
-7301
-7344
-7045
-6680
-6214
-5740
-5165
-4467
-3347
-2194
-1101
-86
729
1310
1515
1392
1333
1051
271
-553
-1613
-2823
-4296
-5598
-6786
-8016
-9145
-10416
-11666
-12643
-13241
-13422
-13299
-12823
-12135
-11476
-10651
-9592
-8192
-6555
-4811
-2985
-1138
557
2199
3844
5583
7035
8143
9013
9597
9981
10195
10108
9778
9391
8766
8167
7562
7033
6475
5769
5023
4303
3591
2721
1979
1232
546
170
-25
34
380
971
1602
2124
2583
3027
3352
3695
4127
4556
4755
4780
4772
4852
5068
5178
5028
4860
4534
3890
3242
2760
2214
1439
363
-596
-1388
-2071
-2421
-2371
-1932
-1654
-1665
-1781
-2054
-2440
-2601
-2560
-2382
-2110
-1886
-1615
-1399
-1429
-1335
-1342
-1528
-1878
-2256
-2649
-3115
-3641
-4422
-5056
-5610
-6166
-6857
-7536
-8196
-8690
-9242
-9643
-9741
-9692
-9552
-9320
-8908
-8190
-7244
-6191
-5097
-4150
-3541
-3041
-2288
-1294
-168
1154
2444
3328
3912
4306
4694
5074
5430
5570
5292
5058
4705
4534
4701
4496
4109
3384
2707
2153
1753
1742
1723
1644
1460
1496
1522
1531
1820
1963
1745
1498
1581
1936
2511
3186
3621
3810
3692
3369
3123
2778
2470
1988
1411
881
650
659
785
744
626
364
8
-583
-1276
-1744
-2237
-2632
-2870
-2798
-2343
-1710
-1030
-221
252
293
69
-25
-100
-1
106
239
259
62
-418
-951
-1280
-1921
-2537
-3076
-3529
-3859
-3961
-3669
-3324
-2908
-2656
-2496
-2628
-2764
-3070
-3329
-3459
-3617
-3502
-3308
-2888
-2504
-2025
-1683
-1541
-1427
-1212
-1005
-836
-583
-250
295
645
1048
1413
1385
1391
1072
976
1178
1545
2072
2472
2757
2914
2932
2929
3306
3622
3801
3885
3968
4401
4920
5479
6001
6103
5765
5214
4384
3553
2819
2169
1479
891
661
593
689
702
252
-332
-1077
-1768
-2171
-2544
-2953
-3276
-3362
-3236
-2899
-2406
-1763
-1319
-1037
-1050
-820
-514
-224
350
726
952
1025
1073
1251
1437
1593
1569
1424
978
609
284
38
-87
-325
-799
-1433
-1926
-2548
-2842
-3057
-3103
-3018
-2954
-2795
-2386
-1818
-1312
-843
-268
214
535
967
1440
1907
2167
2293
2306
2205
1809
1459
918
374
121
-81
-179
-338
-413
-580
-730
-713
-567
-431
-276
-242
-294
-289
-64
259
546
1073
1648
1935
2114
2508
2832
2932
3207
3555
3825
3983
4107
4047
4033
4029
3770
3317
2623
1863
1150
541
90
-218
-577
-914
-1149
-1447
-1553
-1776
-2190
-2579
-3126
-3452
-3550
-3400
-2850
-2472
-2134
-1714
-1369
-872
-528
-137
169
393
467
702
1276
1663
1823
1827
1818
1549
1004
728
403
117
-109
-204
-224
-317
-437
-845
-1168
-1695
-2115
-2250
-2123
-1793
-1316
-820
-96
710
1432
2103
2818
3233
3256
3274
3322
3356
3424
3506
3583
3553
3387
2932
2457
1952
1297
752
184
-211
-720
-1149
-1464
-2136
-2566
-2954
-3276
-3579
-3786
-3745
-3627
-3307
-2877
-2338
-1805
-1278
-1099
-838
-721
-565
-429
-176
122
292
410
317
317
40
-339
-586
-982
-1358
-1639
-2003
-2281
-2636
-2798
-3032
-3421
-3684
-4018
-4315
-4454
-4432
-4208
-3840
-3510
-3319
-3248
-2976
-2810
-2518
-2008
-1533
-957
-382
474
1145
1830
2472
2947
3303
3414
3576
3577
3239
2778
2301
1816
1434
1193
1233
1249
1001
833
805
741
653
583
434
252
193
247
420
745
1017
1220
1450
1779
2126
2636
3042
3442
3843
3992
4183
4299
4340
4095
3835
3489
2920
2351
1767
1376
773
255
-153
-637
-1186
-1683
-2279
-2790
-3323
-3638
-3881
-4136
-4260
-4188
-3910
-3710
-3543
-3346
-3033
-2759
-2455
-2170
-1875
-1609
-1464
-1294
-1163
-1075
-1075
-984
-896
-1000
-1096
-1096
-1258
-1302
-1386
-1522
-1621
-1910
-2301
-2653
-2870
-2964
-2905
-2776
-2480
-2327
-2153
-1836
-1489
-1224
-843
-429
-110
22
192
554
936
1342
1945
2526
2928
3344
3512
3679
3750
3838
3818
3718
3549
3478
3376
3278
3068
2733
2299
1821
1489
1323
1324
1502
1850
2219
2655
2965
3282
3396
3462
3498
3416
3372
3514
3814
4053
4332
4533
4736
4833
4685
4223
3720
3096
2451
1871
1218
505
-104
-810
-1523
-2120
-2744
-3335
-3982
-4331
-4589
-4756
-4710
-4553
-4410
-4163
-3884
-3529
-3199
-2774
-2372
-2025
-1613
-1347
-1178
-955
-783
-576
-499
-493
-743
-1311
-1686
-2027
-2140
-2335
-2340
-2258
-2480
-2642
-2749
-2747
-2694
-2752
-2865
-2943
-3182
-3213
-2905
-2456
-1880
-1375
-848
-486
-52
415
1033
1435
1828
2173
2361
2722
2783
2920
2988
2910
2852
2881
2897
2918
2884
2928
2963
3013
3049
2739
2481
2288
2038
1882
1881
1912
1928
2034
2301
2475
2771
3115
3348
3401
3536
3568
3342
3208
3080
3082
3128
2970
2852
2629
2409
2191
1933
1576
1187
670
1
-549
-1174
-1663
-2192
-2622
-3083
-3530
-3956
-4365
-4548
-4549
-4490
-4460
-4239
-4014
-3740
-3290
-2825
-2475
-2131
-1848
-1633
-1481
-1298
-1063
-858
-853
-1074
-1210
-1530
-1740
-2015
-2303
-2559
-2858
-3085
-3305
-3349
-3574
-3718
-3838
-3995
-3900
-3773
-3587
-3398
-3227
-2801
-2612
-2326
-1900
-1643
-1522
-1228
-911
-774
-318
51
519
849
1140
1353
1384
1368
1337
1378
1296
1241
1168
1183
1380
1580
1751
1924
1899
1862
1810
1829
1760
1790
2037
2145
2433
2673
2727
2867
2812
2788
2758
2813
2838
2867
2659
2553
2507
2347
2100
1975
1845
1545
1389
1155
1061
817
420
36
-462
-887
-1264
-1545
-1764
-2002
-2228
-2483
-2798
-2863
-2852
-2718
-2382
-2184
-1918
-1597
-1271
-860
-514
-250
-63
146
156
153
173
108
-44
-206
-295
-468
-630
-735
-962
-1228
-1570
-1863
-2097
-2301
-2538
-2646
-2658
-2722
-2690
-2566
-2328
-2147
-1917
-1539
-1283
-998
-782
-566
-396
-259
-54
150
252
351
648
925
1069
1153
1128
984
777
450
308
370
374
422
595
767
939
1131
1273
1468
1628
1572
1549
1623
1707
1985
2282
2324
2352
2336
2205
2082
1769
1435
1093
808
422
145
-67
-177
-216
-282
-291
-506
-574
-730
-737
-870
-930
-757
-511
-357
-136
169
339
628
735
1047
1174
1248
1441
1425
1509
1686
1825
1807
1788
1664
1615
1492
1320
1285
1230
1061
577
207
-105
-500
-575
-617
-715
-838
-1119
-1264
-1467
-1645
-1634
-1572
-1479
-1382
-1362
-1461
-1527
-1494
-1436
-1374
-1244
-1115
-1041
-874
-871
-750
-662
-559
-499
-490
-387
-263
-65
87
301
388
344
215
87
78
49
-38
-109
-102
-118
-34
79
117
244
236
183
240
182
94
76
140
138
70
0
-101
-190
-310
-384
-579
-757
-1019
-1237
-1342
-1474
-1365
-1301
-1146
-1052
-992
-763
-588
-233
29
447
760
1021
1277
1586
1950
2189
2563
2863
3161
3457
3693
3949
4072
4260
4231
4083
3763
3375
3047
2558
2307
1775
1430
1122
841
601
370
271
-86
-406
-642
-772
-884
-963
-926
-810
-669
-294
-16
114
144
26
-54
-281
-417
-500
-570
-542
-676
-797
-843
-1075
-1268
-1470
-1698
-2006
-2283
-2427
-2564
-2400
-2179
-2028
-1774
-1613
-1500
-1441
-1433
-1326
-1241
-1201
-969
-747
-597
-444
-279
-167
-65
-63
-142
-228
-427
-537
-558
-607
-594
-518
-522
-507
-529
-604
-697
-833
-1083
-1453
-1554
-1698
-1781
-1898
-1943
-1860
-1955
-1869
-1693
-1378
-999
-593
-49
248
569
908
1264
1496
1729
2035
2324
2656
3098
3399
3767
3980
4048
3931
3815
3642
3484
3335
3098
2877
2701
2539
2264
1973
1621
1403
1079
745
576
326
175
245
233
307
200
232
115
-23
7
-67
-33
-28
-80
-170
-258
-398
-529
-709
-966
-1217
-1444
-1796
-2078
-2382
-2511
-2556
-2573
-2454
-2318
-2143
-2000
-1813
-1645
-1499
-1379
-1194
-1042
-836
-729
-618
-427
-264
-145
-22
-69
-24
-149
-348
-429
-520
-823
-1001
-1152
-1392
-1467
-1606
-1762
-1914
-1845
-1816
-1771
-1660
-1662
-1579
-1685
-1624
-1583
-1474
-1380
-1221
-915
-531
-134
141
604
917
1128
1370
1632
1734
1902
2081
2256
2305
2340
2526
2539
2528
2533
2588
2662
2684
2787
2818
2796
2764
2668
2507
2481
2384
2160
2072
1938
1721
1485
1351
1232
1117
1003
1021
849
696
577
268
70
-125
-275
-349
-529
-672
-786
-879
-1011
-1120
-1220
-1297
-1469
-1723
-1859
-2137
-2295
-2474
-2662
-2742
-2791
-2833
-2719
-2763
-2759
-2603
-2421
-2261
-2041
-1794
-1585
-1357
-1009
-813
-736
-683
-765
-904
-1022
-1075
-1119
-1142
-1186
-1253
-1375
-1496
-1649
-1893
-2158
-2328
-2493
-2496
-2524
-2393
-2180
-1993
-1877
-1664
-1347
-1052
-817
-474
-42
382
674
1135
1516
1988
2352
2643
2925
3006
3124
3125
3315
3178
3207
3338
3363
3359
3367
3387
3343
3328
3190
3035
2848
2703
2566
2532
2411
2448
2290
2067
1846
1513
1384
1029
789
501
116
-26
-204
-264
-348
-319
-267
-295
-295
-321
-129
-215
-168
-167
-214
-237
-252
-391
-415
-392
-556
-597
-693
-807
-918
-1007
-1125
-1227
-1411
-1482
-1639
-1700
-1705
-1715
-1618
-1613
-1383
-1217
-1125
-989
-866
-739
-654
-578
-553
-572
-531
-382
-189
17
-12
20
-187
-319
-405
-562
-599
-538
-397
-323
-313
-133
15
173
284
379
531
499
569
630
745
906
1126
1268
1342
1328
1332
1342
1371
1337
1388
1470
1508
1679
1713
1706
1643
1619
1554
1438
1353
1189
1069
896
771
729
726
716
622
538
400
348
276
356
198
99
-70
-332
-462
-658
-600
-657
-742
-672
-614
-500
-455
-312
-231
-196
-233
-349
-597
-573
-611
-690
-653
-756
-899
-1228
-1333
-1502
-1549
-1669
-1778
-1963
-2100
-2104
-2193
-2147
-1946
-1840
-1609
-1384
-1147
-1032
-941
-746
-526
-210
-15
254
388
634
857
1097
1195
1099
1012
874
655
396
279
100
43
19
-159
-164
-212
-352
-348
-324
-341
-418
-481
-488
-496
-336
-171
-175
-146
-247
-359
-355
-239
-322
-242
-144
-150
-39
-10
-27
-79
17
65
131
172
205
198
218
269
275
322
424
580
610
623
621
669
837
918
877
786
711
593
442
211
10
-266
-398
-551
-600
-596
-638
-796
-900
-994
-1125
-1281
-1354
-1274
-1207
-1189
-1002
-902
-724
-473
-402
-431
-340
-433
-432
-449
-528
-454
-318
-100
-33
183
105
25
102
4
-5
-88
-98
-10
11
85
169
259
417
465
578
502
358
283
72
30
-110
-255
-285
-286
-338
-322
-300
-185
-162
-174
-235
-236
-45
108
266
376
315
316
421
535
498
472
426
237
-11
-187
-193
-200
-169
-252
-259
-324
-411
-488
-462
-392
-332
-203
-256
-178
-17
-8
134
251
308
450
544
645
811
907
902
817
770
586
489
448
390
354
270
221
97
20
41
91
-23
-85
-214
-331
-310
-224
-37
218
355
537
667
837
922
970
1170
1062
1181
1124
1104
1132
1249
1281
1423
1378
1072
920
707
627
460
392
540
583
687
811
801
1023
1108
1139
1275
1202
1215
1357
1353
1303
1270
1164
1083
998
1004
899
752
584
356
331
121
156
17
-54
-132
-137
-99
-94
-61
-178
-284
-587
-801
-965
-1139
-1229
-1368
-1466
-1375
-1472
-1352
-1281
-1265
-1075
-968
-805
-678
-677
-584
-422
-296
-178
-127
22
42
69
101
24
-21
-47
-86
-101
-169
-123
-46
-149
-234
-163
-268
-303
-217
-227
-292
-383
-283
-288
-204
-92
34
314
427
685
881
1036
1128
1314
1457
1509
1651
1685
1729
1685
1772
1799
1727
1579
1367
1130
852
670
490
387
323
307
241
195
146
163
157
111
-6
64
254
327
353
518
686
782
885
748
712
484
222
-29
-266
-312
-512
-711
-927
-1018
-1091
-1249
-1429
-1559
-1800
-1956
-2086
-2161
-2160
-2415
-2383
-2453
-2628
-2668
-2760
-2767
-2719
-2522
-2447
-2450
-2381
-2191
-1936
-1691
-1468
-1324
-1089
-946
-684
-441
-321
-105
-128
-168
-162
-39
192
312
424
555
621
660
638
615
539
549
627
499
283
300
291
430
557
724
959
1041
1144
1190
1353
1547
1563
1757
1845
1917
1950
1966
1997
1995
2025
1914
1811
1726
1565
1501
1480
1431
1361
1355
1379
1359
1310
1083
872
738
608
548
473
403
428
411
328
256
187
6
-130
-217
-286
-350
-624
-718
-797
-913
-945
-1109
-1311
-1731
-2019
-2188
-2210
-2084
-2126
-2167
-2177
-2237
-2259
-2191
-2165
-1998
-1795
-1718
-1634
-1530
-1539
-1522
-1406
-1519
-1533
-1595
-1601
-1355
-1265
-1166
-1078
-937
-818
-687
-577
-398
-243
-74
13
157
183
280
431
520
540
484
324
260
331
314
342
306
286
298
237
230
242
233
199
303
477
586
807
898
1077
1234
1250
1344
1208
1321
1301
1377
1505
1614
1688
1638
1689
1608
1595
1511
1438
1213
1115
893
798
712
721
725
658
630
379
157
43
28
-30
-23
-71
-26
-25
-95
-151
-200
-56
-69
-159
-241
-245
-144
-165
-223
-187
-373
-479
-610
-742
-823
-857
-923
-884
-850
-944
-981
-977
-994
-982
-901
-964
-872
-850
-936
-954
-983
-1176
-1297
-1405
-1524
-1440
-1384
-1316
-1209
-1124
-934
-861
-628
-496
-306
-218
-144
-54
-81
11
46
285
363
573
601
511
472
397
391
360
390
496
577
755
907
966
936
956
857
904
934
1011
1082
1042
1178
1154
1327
1416
1545
1515
1268
1160
1105
1122
1029
1164
1332
1397
1435
1391
1402
1379
1255
1196
1169
1007
781
700
453
355
66
-122
-131
-198
-123
-301
-242
-215
-193
-275
-370
-407
-522
-668
-684
-621
-664
-693
-751
-755
-811
-884
-929
-952
-939
-1030
-1144
-1076
-1144
-1131
-1205
-1341
-1411
-1389
-1316
-1339
-1412
-1453
-1456
-1360
-1225
-1063
-848
-795
-722
-653
-626
-649
-633
-459
-384
-370
-125
42
217
334
421
526
471
508
515
596
694
718
645
404
233
78
42
3
-32
98
262
359
490
603
654
819
1090
1144
1239
1237
1202
1108
1062
1175
1131
1067
1008
952
1009
942
1025
1031
1087
1145
1125
1100
974
870
776
778
673
480
463
416
279
222
80
86
15
-89
-181
-339
-440
-440
-499
-500
-378
-583
-562
-489
-420
-355
-380
-359
-487
-500
-514
-441
-382
-418
-617
-643
-816
-1082
-1097
-1213
-1273
-1343
-1342
-1339
-1509
-1423
-1396
-1309
-1256
-1282
-1220
-1159
-1041
-927
-974
-932
-870
-918
-883
-921
-745
-646
-531
-352
-230
33
138
125
189
192
122
-2
-90
-238
-304
-303
-409
-450
-612
-707
-737
-874
-775
-655
-528
-564
-674
-798
-898
-811
-858
-861
-898
-981
-940
-875
-800
-651
-480
-431
-251
-212
9
45
-49
66
194
295
333
462
591
787
739
643
625
620
503
354
284
119
-67
-112
-70
-125
-185
-208
-244
-329
-288
-206
-3
127
33
55
141
204
158
85
52
61
62
-38
118
232
385
459
430
495
401
422
482
392
395
350
214
221
114
99
174
270
240
115
98
222
212
149
11
-89
-39
-7
126
113
156
13
-214
-112
-44
85
104
50
-23
-44
-1
83
37
-137
-293
-445
-637
-724
-691
-736
-554
-596
-637
-604
-587
-515
-439
-288
-164
-133
-130
-129
-98
55
173
219
357
552
801
986
1076
1108
1262
1350
1305
1416
1512
1730
1861
1993
1947
1914
1812
1610
1396
1226
1173
1123
1036
901
793
552
449
309
149
-98
-161
-71
-135
-200
-142
-95
-53
295
428
456
607
743
795
824
1001
1089
965
821
719
566
415
408
388
377
210
232
191
-30
-148
-195
-331
-406
-495
-612
-603
-630
-611
-667
-731
-726
-729
-750
-741
-672
-569
-592
-506
-446
-519
-433
-510
-470
-494
-394
-353
-233
-144
-293
-345
-591
-610
-693
-874
-927
-1017
-1120
-1323
-1331
-1285
-1226
-1003
-1075
-1078
-1012
-738
-581
-382
-54
58
300
489
514
539
720
794
814
858
825
780
812
911
1015
906
906
969
895
1009
1022
940
894
821
797
828
669
518
390
391
326
336
307
211
231
174
29
129
23
-132
46
86
229
359
472
454
559
507
341
225
60
11
-57
-97
-161
-407
-526
-679
-649
-620
-471
-416
-439
-388
-320
-243
-225
-200
-213
-188
-139
-127
-297
-414
-666
-829
-980
-1054
-1099
-1264
-1322
-1448
-1588
-1656
-1704
-1729
-1843
-1831
-1685
-1524
-1477
-1370
-1275
-1412
-1540
-1491
-1495
-1670
-1516
-1495
-1333
-1135
-1122
-1052
-1157
-1182
-1116
-932
-737
-524
-281
-143
-63
-109
-35
-69
-118
-253
-254
-155
-136
-113
29
36
64
-123
-46
-45
-127
79
74
154
165
251
226
227
277
432
534
675
679
629
620
561
535
425
311
250
352
332
275
169
131
178
217
149
227
246
246
186
194
274
126
34
-43
-13
-68
-18
-117
-157
-22
110
329
418
491
437
496
461
406
357
439
473
199
-75
-276
-344
-229
-233
-325
-470
-638
-957
-1044
-1166
-1101
-914
-713
-682
-800
-795
-761
-789
-848
-739
-880
-983
-895
-861
-847
-609
-401
-276
-231
-260
-140
37
56
301
542
708
847
866
854
1084
1325
1400
1469
1378
1224
1035
916
678
640
752
723
557
364
537
676
686
751
789
761
709
722
837
949
1006
1049
990
844
768
723
810
818
843
792
807
841
958
1031
917
962
820
557
593
661
682
698
794
796
698
605
565
422
307
208
219
84
-63
188
255
252
191
83
139
187
201
239
97
18
-139
-286
-443
-756
-784
-748
-678
-781
-961
-1182
-1226
-1320
-1415
-1347
-1307
-1365
-1441
-1439
-1371
-1230
-1237
-1212
-1124
-1072
-936
-782
-846
-911
-911
-981
-1004
-898
-675
-590
-528
-613
-770
-858
-828
-682
-424
-262
-144
93
100
96
27
34
67
246
380
358
328
511
518
522
652
585
471
353
416
469
643
753
979
950
649
600
520
411
432
381
322
215
386
537
631
815
867
860
827
943
1029
1244
1375
1423
1373
1275
1351
1155
1007
1014
992
946
874
837
900
1150
1219
1077
940
771
362
195
191
168
127
144
74
-55
-66
-54
-79
-98
4
-143
-343
-561
-660
-777
-871
-804
-863
-967
-839
-547
-354
-163
-111
-176
-211
-320
-475
-787
-1054
-1099
-1228
-1369
-1309
-1189
-1064
-932
-749
-633
-644
-589
-572
-658
-534
-308
-123
-10
-93
72
-60
-333
-338
-185
-105
73
245
253
226
248
307
267
262
175
154
10
21
91
231
286
327
319
111
61
80
30
-86
88
173
225
165
190
226
122
-5
58
-36
-33
185
195
275
218
220
353
415
181
281
437
636
694
626
502
399
290
69
-44
-103
7
-151
-159
-196
-242
-238
-328
-346
-445
-477
-550
-276
-85
-37
-20
-167
-167
-345
-441
-366
-307
-415
-492
-627
-719
-671
-603
-545
-208
-186
-304
-185
-201
-37
43
87
14
-68
-77
-119
-187
-325
-312
-208
-173
-102
146
167
113
-51
-23
11
93
421
409
493
545
343
204
274
344
347
356
353
407
489
699
801
854
895
786
635
614
470
415
618
760
865
997
1009
955
756
777
695
654
615
528
664
626
806
869
828
773
748
586
496
484
551
550
549
506
599
847
971
1174
1169
1110
991
1039
964
787
633
403
273
148
222
332
470
589
503
569
643
721
613
572
464
442
399
275
115
15
-215
-509
-676
-773
-769
-761
-660
-627
-593
-424
-257
-137
-125
-128
-288
-375
-297
-162
-64
-104
-321
-519
-665
-686
-689
-763
-805
-870
-929
-953
-796
-937
-995
-886
-957
-971
-848
-685
-570
-603
-363
-277
-53
-22
60
123
201
234
273
382
340
470
442
511
546
579
492
541
457
398
389
353
475
426
531
597
750
780
699
697
638
689
634
730
924
945
835
719
612
502
444
530
690
850
861
1025
1098
1054
1034
933
921
915
1000
979
851
938
748
691
517
353
226
-22
26
-88
-135
-101
-5
116
123
101
-50
-248
-316
-259
-270
-328
-351
-336
-329
-93
-98
-115
-209
-338
-419
-533
-380
-323
-236
-230
-247
-339
-463
-505
-681
-691
-781
-836
-675
-560
-351
-357
-272
-225
-237
-292
-376
-363
-289
-217
-182
-141
-17
53
120
114
1
-92
-185
-333
-398
-330
-228
-88
-142
-227
-327
-411
-345
-411
-382
-419
-375
-389
-313
-385
-303
-156
-259
-65
-154
-94
-48
116
352
401
438
318
209
267
275
320
239
227
287
324
367
417
461
370
184
78
-115
-216
-158
-122
-109
-245
-348
-484
-655
-723
-671
-586
-626
-645
-708
-702
-612
-504
-331
-181
-73
-122
-204
-229
-201
-95
-111
-255
-445
-550
-521
-282
-155
-120
-270
-335
-445
-624
-534
-572
-543
-485
-459
-538
-579
-526
-428
-520
-605
-510
-359
-196
-64
145
299
362
276
413
528
631
613
684
425
364
348
317
417
397
587
287
275
240
153
213
130
142
214
239
210
251
231
338
258
224
302
351
398
501
623
571
573
611
603
514
424
278
212
182
206
342
352
444
555
473
536
673
771
788
737
775
835
815
648
723
648
436
236
150
245
209
195
206
146
141
213
101
239
236
249
369
385
411
436
414
332
178
45
-120
-160
-106
-191
-230
-265
-290
-304
-335
-292
-411
-618
-678
-686
-782
-774
-704
-664
-669
-774
-815
-964
-979
-880
-730
-594
-585
-573
-598
-738
-862
-1006
-898
-646
-525
-422
-325
-177
-224
-330
-188
-158
-52
-63
-24
-97
-187
-174
-361
-304
-367
-330
-391
-558
-586
-441
-346
-213
42
268
295
242
182
259
339
404
516
511
407
392
498
442
458
526
424
274
184
26
97
240
370
359
456
516
461
454
596
548
440
517
478
361
207
261
269
56
-146
-206
-343
-413
-342
-265
-294
-253
-181
-72
104
278
264
303
404
666
587
578
716
713
775
648
658
468
465
371
273
296
303
381
373
430
307
233
223
170
123
51
26
178
172
187
318
348
305
80
99
75
136
253
232
250
14
-62
-46
100
74
114
196
104
41
65
292
245
212
75
-18
-106
-134
-229
-478
-366
-315
-136
-59
-48
14
-103
-212
-123
-140
-100
-8
-133
-244
-251
-385
-554
-629
-739
-749
-784
-798
-801
-643
-485
-444
-332
-331
-281
-275
-166
-97
-213
-328
-472
-433
-492
-466
-545
-699
-646
-811
-939
-986
-964
-863
-863
-859
-743
-725
-762
-685
-673
-780
-737
-752
-568
-537
-618
-650
-789
-834
-805
-794
-885
-925
-995
-945
-929
-925
-990
-914
-650
-575
-245
-106
23
113
34
100
115
100
89
137
29
-68
-133
-252
-393
-409
-480
-466
-190
-196
-140
-247
-399
-415
-445
-427
-472
-377
-354
-262
-356
-304
-286
-346
-140
-159
-109
-39
-78
72
112
-15
-75
-136
-245
-250
-58
88
150
55
-85
-123
-152
-160
-177
28
-9
-159
-140
-259
-219
-289
-160
-84
-73
90
264
597
653
671
697
601
555
501
537
688
561
457
295
152
37
-108
-258
-219
-49
-225
-153
4
45
2
40
0
-82
-129
-184
-158
-305
-304
-365
-469
-568
-892
-1030
-1048
-1027
-933
-813
-796
-691
-827
-762
-605
-582
-480
-469
-456
-333
-341
-400
-397
-244
-280
-337
-403
-578
-570
-670
-691
-725
-741
-786
-696
-674
-650
-610
-611
-661
-538
-395
-475
-422
-276
-180
-252
-166
-146
-203
-198
-121
-35
-26
-62
-210
-173
-213
-222
-136
-17
198
374
408
271
150
126
-127
-349
-271
-254
-117
-199
-226
-193
-25
-46
-72
-96
-190
-30
129
292
419
501
491
394
438
505
450
513
427
330
247
402
534
472
470
312
189
1
136
169
195
210
242
214
180
156
268
481
388
415
490
523
588
575
551
484
486
449
399
515
692
754
671
743
820
838
919
1022
1010
898
658
593
531
466
441
457
317
257
170
91
55
13
-75
-141
-101
-119
-88
42
38
-6
-92
-232
-236
-296
-278
-106
10
70
187
215
155
122
188
79
-12
-68
-112
65
218
446
633
723
557
453
414
234
199
357
426
381
444
448
304
375
324
357
350
353
286
296
254
132
126
50
54
-2
-138
-230
-259
-205
-122
-53
-82
-123
-225
-241
-257
-343
-375
-359
-348
-339
-313
-407
-544
-720
-751
-909
-873
-875
-923
-886
-991
-907
-1019
-925
-850
-1014
-893
-852
-793
-533
-440
-326
-246
-186
-55
-194
-404
-566
-681
-906
-1011
-972
-907
-970
-964
-937
-1041
-1090
-955
-806
-779
-616
-539
-305
-42
142
203
237
312
229
138
106
163
223
384
376
508
588
469
490
316
396
484
399
371
337
392
475
526
506
411
461
452
432
592
759
828
971
896
937
877
875
842
872
924
829
852
803
713
667
804
603
445
458
405
318
299
288
205
216
215
213
7
75
27
-140
12
-34
-71
54
88
-14
10
-19
3
-270
-308
-400
-634
-602
-538
-580
-452
-409
-438
-449
-430
-389
-383
-173
-75
-49
-237
-304
-183
-146
57
63
-54
-109
-390
-458
-342
-182
-93
-159
-155
-212
-189
-184
-76
19
27
7
-53
33
119
221
143
59
15
-93
-109
-230
-359
-261
-359
-418
-412
-512
-511
-611
-654
-582
-455
-388
-131
75
26
14
80
36
76
79
119
246
144
33
79
50
18
-42
-8
103
61
9
-165
82
306
446
538
328
160
43
-6
18
94
106
260
337
118
119
42
141
270
184
160
15
62
-8
24
181
265
183
140
98
115
155
153
184
137
189
133
234
280
540
663
576
571
553
638
633
611
721
775
839
895
717
727
643
611
645
531
618
622
586
674
723
679
619
604
615
590
501
407
399
516
578
530
527
521
460
470
434
354
344
505
619
641
655
634
542
644
739
585
516
634
694
730
709
776
718
631
635
452
500
675
530
303
373
435
242
190
148
176
18
71
45
-105
-104
-145
113
136
309
308
208
150
12
60
98
97
190
252
360
326
320
453
351
305
286
187
76
129
155
148
127
104
190
-29
-162
-116
-170
-177
-241
-44
99
178
36
-157
-213
-374
-371
-282
-207
-51
87
28
-119
-276
-252
-252
-155
-189
-271
-364
-371
-496
-552
-509
-540
-511
-630
-637
-694
-774
-684
-658
-681
-586
-613
-542
-628
-563
-497
-543
-623
-497
-425
-432
-480
-512
-463
-348
-294
-170
-136
-258
-345
-416
-275
-76
82
310
150
193
184
84
254
253
228
250
73
-97
-205
-228
-102
-150
-139
-121
-52
89
166
209
181
199
110
106
172
248
451
519
555
436
316
158
-34
18
99
210
294
171
41
-66
-24
-11
-59
-38
-215
-287
-350
-413
-479
-495
-368
-423
-373
-396
-545
-403
-228
-71
-16
242
325
346
417
340
443
358
364
225
46
-124
-239
-296
-134
-21
-31
-84
-262
-427
-389
-324
-176
-55
-167
-205
-161
-168
-270
-65
-131
-241
-434
-724
-852
-781
-640
-550
-278
-120
-133
-88
-109
-58
-100
22
-64
-79
-81
-129
-59
52
1
-45
-63
-116
-89
-289
-380
-430
-374
-353
-415
-365
-298
-306
-302
-139
-195
-82
0
124
40
33
230
340
437
385
283
230
96
87
194
144
184
148
109
171
237
428
456
576
586
508
515
713
776
786
831
774
618
580
562
493
628
635
599
613
539
523
554
457
268
123
148
102
216
256
219
280
364
363
339
481
543
641
481
305
319
493
579
643
727
473
230
252
219
168
166
292
319
256
244
188
194
166
184
-72
-286
-265
-320
-347
-333
-336
-338
-306
-230
-235
-188
-179
-191
-227
-297
-176
-46
153
307
372
365
316
390
356
476
498
597
530
434
350
235
260
235
348
413
410
301
334
198
101
107
87
145
238
307
354
394
235
179
71
167
242
283
270
146
76
84
-11
87
408
496
506
593
506
325
339
175
143
229
188
70
142
92
-38
-63
-126
-216
-291
-363
-376
-296
-200
-108
-87
-23
58
140
185
213
215
177
2
-138
-184
-335
-325
-385
-346
-289
-231
-319
-251
-282
-224
-275
-436
-428
-640
-611
-690
-586
-561
-519
-492
-427
-498
-463
-378
-346
-222
-274
-187
-213
-217
-171
-129
-14
-77
-34
-8
-87
-204
-159
-29
-78
69
-70
-38
140
111
172
297
369
297
344
369
494
505
615
736
630
624
498
554
592
870
908
913
845
741
708
494
446
408
400
209
188
-43
-34
-53
-48
-104
-82
-152
-227
-116
-136
86
178
294
226
163
155
45
54
-71
-200
-132
-302
-301
-231
-301
-267
-267
-346
-298
-334
-281
-269
-428
-435
-450
-470
-524
-524
-567
-555
-435
-530
-486
-311
-306
-282
-202
-197
-76
12
140
101
37
-141
-118
-101
-94
-54
-292
-14
-35
-85
-138
-261
-150
-205
-254
-301
-413
-626
-723
-726
-601
-619
-451
-375
-451
-426
-346
-351
-247
-206
-241
-248
-217
-180
-125
-121
-142
-139
-148
-193
-296
-279
-136
-54
-108
-37
-17
54
-15
-181
-270
-373
-392
-620
-495
0
0
0
0
0
0
0
0
0
0
0
0
0
0
0
0
0
0
0
0
0
0
0
0
0
0
0
0
0
0
0
0
0
0
0
0
1
0
0
0
0
-1
0
0
0
0
0
0
0
0
0
0
0
0
0
0
0
0
0
0
0
0
0
0
0
0
0
0
0
0
1
0
0
0
0
0
0
0
0
0
0
0
0
0
0
0
0
0
0
0
0
0
0
0
0
0
1
1
0
0
0
-1
1
1
0
0
0
0
0
0
0
0
0
0
0
1
0
0
0
0
0
0
0
0
0
0
0
0
0
0
0
0
0
0
0
0
0
0
0
0
0
0
0
0
0
0
0
1
0
1
0
0
0
0
0
0
1
0
0
1
-1
0
0
0
0
0
0
0
0
0
0
0
-1
0
-1
0
0
0
0
0
-1
0
0
0
0
0
0
0
0
0
0
0
0
0
0
0
-1
0
0
0
0
0
0
1
0
0
0
0
0
0
0
0
0
0
0
0
0
0
0
1
0
1
0
0
0
0
1
0
0
0
-1
0
0
0
0
0
0
0
0
0
0
0
0
0
0
0
0
0
0
0
0
0
0
0
0
0
0
0
0
0
0
0
0
0
0
0
0
0
0
0
0
0
0