0
0
0
0
0
0
0
0
0
0
0
0
0
0
0
0
0
0
0
0
0
0
0
0
0
0
0
0
0
0
0
0
0
0
0
0
1
0
0
0
0
-1
0
0
0
0
0
0
0
0
0
0
0
0
0
0
0
0
0
0
0
0
0
0
0
0
0
0
0
0
1
0
0
0
0
0
0
0
0
0
0
0
0
0
0
0
0
0
0
0
0
0
0
0
0
0
1
1
0
0
0
-1
1
1
0
0
0
0
0
0
0
0
0
0
0
1
0
0
0
0
0
0
0
0
0
0
0
0
0
0
0
0
0
0
0
0
0
0
0
0
0
0
0
0
0
0
0
1
0
1
0
0
0
0
0
0
1
0
0
1
-1
0
0
0
0
0
0
0
0
0
0
0
-1
0
-1
0
0
0
0
0
-1
0
0
0
0
0
0
0
0
0
0
0
0
0
0
0
-1
0
0
0
0
0
0
1
0
0
0
0
0
0
0
0
0
0
0
0
0
0
0
1
0
1
0
0
0
0
1
0
0
0
-1
0
0
0
0
0
0
0
0
0
0
0
0
0
0
0
0
0
0
0
0
0
0
0
0
0
0
0
0
0
0
0
0
0
0
0
0
0
0
0
0
0
0
429
492
401
478
578
620
817
856
782
668
798
729
656
629
590
463
489
597
588
387
-82
-321
-474
-527
-378
-350
-229
-131
-39
181
244
422
516
518
363
290
342
162
-106
-251
-317
-329
-232
-201
12
100
-6
107
294
696
1098
1323
1490
1417
1361
1278
1014
633
407
144
-151
-357
-371
-405
-342
-431
-417
-366
-435
-258
-195
-105
-58
-71
28
114
232
278
175
32
86
68
290
399
263
333
193
245
208
166
47
-183
-419
-585
-661
-838
-861
-904
-951
-978
-953
-774
-607
-438
-434
-557
-578
-505
-371
-94
54
67
64
-106
-101
-184
54
273
374
420
190
225
378
547
506
491
436
341
43
-326
-408
-648
-906
-930
-798
-825
-619
-498
-589
-613
-619
-557
-626
-473
-392
-272
-324
-371
-559
-821
-875
-882
-716
-543
-352
-365
-276
-227
-70
124
297
342
449
747
723
561
196
-40
-431
-887
-1129
-1467
-1524
-1677
-1679
-1615
-1656
-1382
-1168
-970
-935
-817
-686
-571
-314
-192
-108
-99
-110
-320
-610
-705
-758
-775
-730
-540
-458
-554
-588
-678
-641
-667
-771
-665
-522
-532
-532
-525
-767
-972
-1037
-930
-810
-703
-600
-468
-426
-307
-229
-252
-97
-127
76
394
563
615
654
657
605
673
735
825
898
948
933
796
692
694
644
444
266
78
61
36
21
50
97
-46
-12
-25
-152
22
15
111
257
199
5
-37
-48
-109
-35
-62
153
222
177
249
398
545
706
892
1032
1001
791
631
282
29
-113
-155
-102
-135
-92
-12
-95
-44
171
207
542
674
834
832
728
828
739
813
792
688
659
709
494
376
215
132
91
116
383
681
920
1078
1127
1199
1115
1164
1024
984
947
851
819
661
463
401
434
456
458
414
299
244
532
543
456
448
462
375
252
108
30
2
-100
-173
-355
-429
-609
-573
-656
-686
-611
-791
-893
-960
-872
-997
-1026
-895
-727
-650
-601
-268
-313
-450
-604
-759
-886
-839
-812
-1016
-956
-965
-1060
-858
-778
-668
-483
-446
-291
-171
-134
-223
-168
-179
-133
-225
-317
-170
-130
-356
-388
-285
-370
-118
-105
16
283
461
551
629
803
772
665
583
693
677
735
1033
1165
1177
1232
1117
1031
900
601
465
461
561
704
674
553
329
164
-169
-146
-200
-175
-34
1
-24
-82
-152
-127
20
7
314
501
804
854
875
803
701
524
539
622
642
598
287
334
225
195
351
322
355
435
472
311
361
258
-11
-89
-473
-646
-697
-679
-600
-604
-727
-738
-728
-604
-417
-392
-282
-154
-43
-50
55
117
46
56
95
222
194
182
23
-173
-258
-378
-509
-474
-587
-860
-862
-973
-942
-898
-990
-853
-783
-693
-757
-852
-849
-943
-1012
-939
-813
-904
-761
-570
-392
-388
-262
-102
-55
169
242
277
163
65
-146
-132
-209
-169
-254
-290
-124
-380
-522
-724
-882
-911
-902
-884
-960
-850
-930
-1065
-915
-843
-718
-603
-565
-575
-409
-453
-362
-382
-347
-230
-212
-49
37
-158
-374
-475
-626
-602
-460
-412
-373
-426
-393
-558
-601
-562
-445
-312
-318
-344
-449
-587
-784
-818
-812
-827
-717
-669
-724
-650
-564
-564
-542
-300
-85
181
513
652
779
957
1005
1141
1019
1138
1293
1095
998
627
325
159
-160
-268
-371
-385
-385
-466
-385
-316
-68
169
417
536
739
819
845
985
896
912
965
908
747
778
637
533
455
248
419
373
419
758
868
950
894
812
886
744
706
759
679
493
322
289
258
102
-65
-90
-154
-270
-68
179
351
601
736
1016
1205
1176
1220
1088
1104
949
796
755
506
451
337
310
153
8
-249
-308
-300
-275
15
111
194
428
542
505
380
236
-16
-268
-304
-467
-278
-209
-360
-572
-837
-979
-1058
-1181
-1126
-926
-807
-562
-377
-366
-120
44
-33
-41
-35
6
-430
-576
-586
-781
-828
-816
-853
-864
-932
-1142
-1207
-1257
-1085
-883
-479
-82
98
384
327
190
407
431
355
308
320
169
-20
-120
-299
-385
-339
-282
-207
9
10
91
279
338
435
465
429
406
284
253
160
-173
-323
-427
-231
104
350
706
885
754
763
956
962
934
1042
1118
1100
1138
975
947
908
794
822
754
627
578
404
184
24
22
94
180
270
488
463
413
202
-156
-110
-145
39
360
484
587
706
673
607
461
458
424
458
537
395
181
27
-108
-332
-231
-18
143
276
423
389
251
2
-119
-122
-308
-170
-124
-238
-488
-706
-1034
-1060
-996
-873
-782
-736
-654
-775
-788
-658
-559
-553
-394
-195
188
211
148
60
-135
-321
-431
-644
-797
-760
-857
-956
-1135
-1215
-1241
-1228
-1097
-1045
-902
-790
-823
-969
-1198
-1233
-1145
-1122
-1063
-941
-748
-549
-253
-72
220
261
256
252
140
-95
-403
-613
-840
-913
-1022
-1017
-906
-673
-487
-396
-271
-253
-177
-52
-100
-170
-377
-377
-526
-753
-1035
-1222
-1201
-1101
-731
-412
-117
211
423
444
361
422
255
-22
10
-5
3
-1
1
0
0
0
0
1
-1
0
-1
1
-1
1
-1
0
0
1
0
0
0
0
-1
0
0
0
-1
0
0
1
0
-1
0
0
0
0
1
1
1
0
0
-1
0
0
-1
0
0
0
0
-1
0
0
0
0
0
0
1
0
0
0
0
0
1
0
0
0
0
0
0
0
-1
1
-1
0
-1
0
0
0
0
-1
0
0
0
0
0
0
0
0
0
1
0
0
0
0
0
0
0
0
0
0
0
0
0
0
-1
0
0
0
1
0
0
0
0
-1
0
-1
0
1
0
0
1
0
0
0
0
0
0
0
0
0
0
1
-1
0
-1
0
0
-1
0
0
0
0
-1
0
-1
0
-1
2
-2
4
-5
6
-10
14
-23
45
-215
-607
-629
-505
-452
-366
-354
-337
-208
-94
-20
-188
-189
-107
-18
79
140
292
407
581
882
1100
1326
1466
1538
1547
1444
1263
1191
1255
1139
854
678
504
271
219
184
339
485
634
861
856
987
1153
1355
1480
1407
1471
1398
1365
1366
1330
1227
1161
1035
993
1047
1072
979
823
817
847
901
975
1040
1072
917
817
649
767
746
654
756
604
380
147
20
-51
-12
-111
-68
-108
-68
-56
-26
113
238
267
347
354
444
549
591
623
575
450
412
335
366
362
243
284
132
80
19
172
68
-179
-275
-125
35
353
540
479
445
373
298
245
348
293
393
407
375
497
373
388
375
57
65
-3
28
-69
47
78
23
-15
57
45
7
-24
-121
-224
-443
-525
-604
-651
-605
-627
-710
-754
-917
-781
-673
-669
-466
-477
-633
-694
-620
-493
-402
-52
-2
92
152
341
329
260
207
-16
-257
-580
-672
-753
-819
-974
-1085
-1279
-1474
-1316
-1217
-1030
-975
-1110
-995
-1001
-870
-646
-573
-497
-469
-296
-173
-260
-92
-282
-438
-512
-743
-672
-620
-500
-361
-451
-516
-587
-719
-700
-749
-779
-701
-722
-655
-646
-591
-529
-609
-463
-321
-239
-132
-181
-39
-118
-115
129
230
483
525
714
664
706
648
568
563
328
152
27
-162
-36
101
238
345
389
350
470
506
392
430
652
864
898
868
769
659
639
761
735
738
696
795
773
918
854
841
979
977
1217
1446
1584
1651
1336
920
783
750
681
680
461
282
335
165
292
78
115
-62
-128
205
75
115
81
333
405
547
719
468
357
209
145
167
103
-55
-54
-194
-136
-95
-134
-222
-465
-519
-690
-569
-318
-509
-541
-776
-625
-612
-707
-564
-645
-689
-952
-1000
-1104
-955
-743
-793
-571
-667
-495
-525
-558
-266
-183
189
418
523
705
457
508
476
455
529
509
466
23
131
-6
79
73
91
120
-20
79
-111
-143
4
-4
278
224
460
588
579
541
364
396
537
580
846
930
1026
927
917
1032
875
937
785
840
719
624
531
667
650
657
686
712
757
668
661
616
519
286
204
26
-98
-76
-236
-18
63
82
127
186
236
307
406
499
638
542
437
639
691
681
454
384
244
-172
-103
-315
-104
116
126
185
111
141
0
163
285
538
511
536
572
406
343
217
250
175
175
154
-44
84
76
202
395
610
659
652
597
401
409
332
310
254
37
-237
-306
-273
-394
-604
-827
-1124
-1108
-998
-908
-654
-555
-498
-624
-741
-715
-485
-267
-194
30
-86
-84
-23
9
-64
-79
-106
-96
13
-61
-110
-330
-370
-347
-533
-548
-606
-551
-421
-210
-173
-310
-514
-619
-534
-639
-479
-493
-598
-546
-646
-835
-642
-551
-571
-514
-678
-595
-547
-409
-363
-221
157
-73
154
13
-57
-84
-416
-314
-602
-505
-353
-377
-528
-673
-835
-1138
-1164
-1137
-999
-847
-853
-1063
-1128
-1022
-853
-745
-523
-464
-433
-520
-791
-881
-1033
-975
-1133
-1233
-1275
-1313
-1144
-1122
-1009
-923
-820
-615
-638
-599
-715
-742
-845
-1056
-1047
-1111
-856
-896
-881
-772
-831
-840
-881
-556
-322
-19
202
209
338
393
449
301
200
61
166
-36
-183
-115
-105
-102
16
135
341
402
591
673
805
1054
1001
865
668
656
497
589
568
540
424
379
244
31
138
175
368
750
882
899
921
1094
1012
1134
1103
1130
1246
1040
1130
759
658
565
469
540
531
451
365
146
40
-117
-202
-245
-327
-116
-216
-312
-285
-200
-85
208
298
428
490
338
333
159
168
-27
38
-9
-169
-42
-206
-275
-513
-493
-451
-293
-189
-270
-260
-364
-330
-478
-337
-612
-490
-489
-267
176
44
274
161
327
170
17
-104
-189
-239
-359
-226
-112
4
-42
59
-43
-71
-56
-216
75
76
73
-41
-403
-731
-923
-1009
-945
-668
-686
-634
-693
-759
-755
-778
-733
-753
-694
-516
-384
-220
21
25
-113
-121
-69
-81
-131
-41
-105
-104
115
118
171
277
113
275
329
445
834
838
1274
1206
1170
1271
980
692
378
363
336
405
497
566
594
754
783
822
908
857
955
913
1091
1226
1072
900
642
516
494
545
502
398
488
533
616
615
589
601
689
556
506
504
396
427
344
342
197
66
-54
-110
-72
38
28
96
259
219
240
292
310
464
361
267
204
162
149
-41
20
-65
86
33
76
101
47
250
117
294
213
249
231
196
276
-76
-146
-181
-271
-238
-394
-214
-320
-89
16
138
149
191
401
462
560
492
682
532
424
198
49
-80
-204
-163
-246
-201
-311
-431
-510
-665
-657
-897
-849
-820
-876
-591
-435
-464
-295
-285
-427
-498
-469
-355
-212
-71
-180
-271
-375
-358
-24
-192
70
201
57
25
143
203
-89
129
-85
-106
-153
-107
-5
-114
-176
-230
-222
-274
-258
-240
-375
-418
-523
-765
-790
-835
-839
-887
-701
-972
-771
-782
-661
-437
-537
-137
-125
-84
-184
-233
-193
-396
-516
-746
-903
-853
-774
-789
-665
-573
-428
-413
-421
-320
-453
-386
-314
-204
-163
29
23
-47
-122
-80
58
326
527
701
616
636
737
858
1195
1117
1209
1133
1114
1215
1216
1360
1151
1058
1020
775
747
514
508
512
620
540
682
840
707
773
776
786
913
669
644
528
322
587
363
615
615
680
683
760
1078
784
913
963
854
1011
887
906
769
335
292
29
212
202
5
361
-44
62
-57
-245
-92
-204
-57
-227
-92
79
-49
-113
-207
-125
-60
105
-37
-99
-525
-761
-844
-1074
-1079
-1070
-975
-961
-576
-616
-684
-524
-582
-530
-661
-793
-976
-844
-966
-966
-955
-1044
-1038
-1079
-921
-1183
-904
-754
-774
-334
-302
-176
-103
-173
-35
14
179
119
201
-72
-100
-191
-152
-235
-313
-237
-374
-385
-486
-368
-361
-417
-54
106
170
319
-6
-60
-261
-356
-339
-351
-235
-207
-176
-237
-251
-257
-26
-83
166
367
441
516
529
455
388
408
194
-60
-81
-356
-277
-409
-719
-751
-629
-215
-231
148
-100
297
211
309
696
481
608
-71
-45
-296
-316
-230
-466
-331
-352
-407
-164
-81
135
344
504
874
902
1042
946
923
773
777
507
608
410
349
465
322
442
266
153
147
270
195
463
346
573
720
919
1136
1110
976
1136
766
866
654
568
576
511
427
602
739
460
740
233
625
323
315
253
-189
-58
-276
-546
-322
-633
-534
-622
-519
-109
-122
205
-15
-112
66
-108
96
-181
-373
-195
-603
-425
-608
-784
-732
-1073
-797
-943
-554
-494
-528
-470
-588
-478
-343
-525
-266
-343
4
-271
-276
-278
-509
-413
-680
-724
-867
-963
-803
-1042
-935
-787
-923
-872
-732
-627
-679
-235
-355
-64
-318
-112
-6
-77
121
-143
247
-88
114
-162
-320
-414
-367
-434
-503
-349
-585
-4
-458
-58
-41
-101
486
-15
453
72
63
47
-263
-29
-471
-8
-151
382
-90
496
152
279
341
136
505
41
313
-11
607
57
864
352
758
595
244
634
-94
310
-221
-106
77
-12
-35
-314
-357
-724
-220
-373
-128
-126
-331
-328
-686
-435
-646
-491
-281
-379
-151
-368
-184
-279
-454
-363
-162
-465
-76
-145
-156
193
-207
170
-180
138
-322
-306
-270
-336
-59
-50
-41
27
227
67
251
188
298
-136
-14
80
84
350
385
628
470
330
496
81
273
-6
-455
-194
-644
-155
-570
-480
-287
-575
-92
-339
-240
-422
-417
-289
-161
58
-38
137
408
264
745
268
222
-301
-301
-68
-276
-28
-580
-389
-940
-566
-629
-103
18
86
-192
-24
-309
-389
-396
-816
-213
-979
-285
-282
-646
-305
-1000
-770
-1013
-1207
-774
-1036
-159
-680
-312
-829
-241
151
197
744
25
569
-96
106
-61
-67
-85
-326
-345
8
-382
103
-411
-201
-180
-406
116
-364
-45
-576
-695
-376
-540
206
-49
250
289
5
571
-148
745
386
116
-81
-624
385
-722
-92
-532
-258
-360
-592
-45
-176
469
27
1180
2012
2505
2908
2583
2335
2250
1602
1377
1799
1368
1645
879
871
577
120
-414
-984
-1156
-1596
-1630
-1912
-1872
-1821
-1637
-1396
-1228
-1407
-1541
-1237
-1342
-332
-135
398
1217
1221
2221
2145
2638
2802
2919
2726
2166
2447
2011
1833
867
638
75
250
233
64
103
-450
-699
-1572
-858
-1354
-1087
-884
-613
-13
-425
-283
-448
5
151
295
572
-245
276
-773
-214
299
339
716
259
314
377
-211
-374
-554
-434
119
-51
996
285
783
-13
-32
602
-99
707
97
791
678
129
325
-93
266
365
-95
1
-644
-680
-599
-433
336
208
238
184
-313
315
-473
154
-284
-255
-47
-745
-413
-719
-658
-662
-901
-257
-495
-979
-1009
-1426
-1266
-1550
-1321
-1496
-1266
-508
-176
-6
304
-97
259
-179
-280
254
-162
329
190
860
1436
1121
1074
825
-59
-49
-692
-602
-734
-626
-817
-500
-148
-294
93
-482
-449
349
230
676
820
458
579
164
1042
1182
1209
763
584
545
475
151
-235
-156
-328
-383
-117
97
237
-36
-306
-233
0
11
26
788
458
740
783
926
1538
1281
1252
1145
1413
843
701
696
468
-41
-311
-244
-197
191
-39
-205
-754
-988
-836
-1098
-827
-1089
-1018
-1040
-936
-75
78
575
-7
-47
359
46
871
451
1075
1080
882
794
6
74
-542
-765
-1087
-1329
-1354
-1094
-698
-455
-359
-426
-536
-455
-608
-1180
-945
-1019
-788
-695
-737
-616
-669
-705
-700
-655
-830
-814
-1197
-1179
-1493
-1241
-841
-540
-122
-366
-365
-408
-499
-162
-496
-231
-106
221
756
705
486
257
76
-48
-109
-282
99
-276
-184
-481
204
621
492
1052
862
905
436
324
215
190
161
251
421
574
284
346
367
510
259
-208
-956
-1540
-1906
-2312
-2357
-2339
-2533
-2808
-3021
-2916
-3017
-3340
-3364
-3268
-2884
-2598
-1865
-1136
-582
-440
144
444
1018
1194
1846
2464
2684
2737
2788
2961
2740
2452
2023
1615
815
712
123
-251
-453
-664
-476
-836
-623
-472
-785
-492
-583
-203
199
396
477
609
1164
1434
1848
2279
2833
3281
3229
2912
2952
2514
2285
2068
1886
1855
1464
1481
1031
924
998
745
884
769
541
282
30
-19
-43
86
78
475
343
456
212
11
-30
-183
-271
-487
-522
-499
-321
-405
-612
-669
-889
-1216
-1326
-1852
-2189
-2631
-2871
-2997
-2982
-2727
-2756
-2720
-3182
-3485
-3927
-4277
-4145
-4129
-3846
-3371
-2841
-2614
-2220
-2081
-1744
-1492
-1239
-838
-765
-774
-844
-1093
-1077
-1456
-1151
-1127
-949
-760
-709
-421
-211
243
500
820
1375
1894
2310
2803
2831
3051
2934
3127
3601
4059
4855
5592
6303
7012
7396
8444
8984
9539
9864
9937
10306
10462
10273
9839
9098
8583
8001
7170
6510
5805
5234
4279
3676
2900
2125
1460
767
306
-106
-591
-783
-1261
-1662
-2142
-2060
-2154
-2239
-2498
-2704
-2950
-3200
-3428
-3895
-4095
-4634
-4854
-5587
-6020
-6673
-6809
-7394
-7638
-8304
-9140
-10157
-11232
-11925
-12988
-13645
-14596
-14997
-15533
-15997
-16398
-16904
-17127
-16988
-17594
-16158
-14906
-12856
-12793
-11450
-7019
-4968
-1648
-225
4793
7684
9475
12722
16230
19375
19501
21082
24180
25412
25918
25091
26259
26099
24665
22592
20821
18985
14929
10800
6694
4432
-119
-3989
-8044
-10269
-12846
-15967
-17999
-18993
-18547
-18259
-17038
-14658
-12011
-9254
-6282
-2313
1387
4912
7987
11158
15038
18457
21085
22333
24605
26142
26989
26712
26119
25224
22639
20119
17633
14439
10089
5361
1326
-3109
-7122
-11346
-14468
-17785
-20569
-22200
-24001
-25043
-25792
-25489
-24869
-23598
-21867
-20651
-18672
-16763
-14314
-12025
-10541
-8493
-7195
-6020
-5397
-4896
-4550
-5126
-5870
-6834
-7727
-9323
-10736
-11562
-11896
-12670
-13243
-12199
-11333
-9751
-9008
-6340
-3753
-1488
1003
4118
7468
9600
11626
14768
17536
19964
21465
23427
24882
25880
25948
25458
24630
22109
19455
15432
12157
8125
3560
-912
-4695
-8116
-11727
-14941
-17009
-18256
-18716
-18957
-17974
-16948
-15344
-13453
-11506
-8640
-5715
-2715
625
4469
8716
12676
16706
21190
24470
28169
30236
31879
32458
32440
31834
30107
27959
25466
21994
18069
13542
9327
5055
347
-4165
-8358
-11814
-14909
-18062
-20570
-22018
-23753
-24680
-25259
-24899
-24189
-23561
-21701
-19508
-16918
-14631
-12505
-9899
-7600
-5686
-4617
-3091
-1992
-1987
-2181
-3434
-4667
-7135
-9630
-11822
-14509
-17310
-19486
-20107
-20671
-21605
-21252
-18730
-16764
-14945
-12853
-8426
-5057
-2773
732
6038
10129
13147
16708
21743
25415
27054
28390
30708
32274
32195
31183
30266
28445
24590
19919
14817
10066
4094
-1588
-7252
-11597
-15168
-18521
-21308
-22103
-22260
-21722
-21242
-19425
-16564
-13717
-10924
-7787
-3354
212
3652
7425
11856
16057
18982
21497
24518
26872
28302
29488
31427
32451
31835
30252
28805
26184
22407
18261
14766
10623
6107
1571
-2363
-5740
-9253
-12461
-15226
-17206
-18620
-19945
-20472
-20750
-20585
-20488
-20119
-18654
-17265
-16009
-14684
-12424
-10012
-8255
-6382
-4159
-2372
-1510
-1186
-659
-1477
-2412
-3935
-4781
-6796
-9068
-11968
-14248
-16586
-19271
-20676
-21492
-21244
-22632
-20921
-18199
-14907
-12997
-10061
-4962
-1158
1844
5891
11060
15132
17626
21391
25436
28013
28656
29374
30988
30620
29221
26741
25552
22676
19015
14552
10575
5900
460
-4660
-9258
-13096
-16532
-19538
-21089
-21553
-21348
-20561
-19242
-16787
-13589
-10069
-6857
-2522
1497
5457
8339
11550
14577
16856
18264
19530
21439
22700
22968
23070
23745
24367
22974
21741
20749
18731
15258
11940
8927
4846
268
-4055
-7173
-10205
-13242
-15778
-17472
-18610
-19234
-19208
-18774
-17926
-16893
-15793
-14134
-12744
-11196
-10371
-9306
-7775
-6684
-5396
-4268
-2937
-2009
-1658
-1237
-951
-1386
-2127
-3129
-4183
-5720
-7826
-10315
-13111
-15155
-17969
-20925
-22474
-23400
-23702
-25105
-21882
-18604
-14793
-12369
-7552
-1091
2642
6636
11484
17015
20050
21980
25733
29200
30307
30039
30545
32020
30764
28707
26367
25313
21996
18235
13946
10538
6135
422
-4558
-9019
-13250
-17644
-21430
-23332
-24573
-24998
-24666
-23269
-20645
-17799
-14431
-11205
-6508
-2483
1506
4854
8651
11988
13497
14471
15778
17100
17575
17345
18019
18501
18376
17205
16328
15855
14121
11897
9653
8059
5019
1811
-1703
-4099
-6975
-10523
-12871
-14618
-15370
-16569
-16711
-16042
-14726
-13032
-11461
-9165
-7232
-5650
-4682
-3464
-1921
-1105
-685
-396
247
401
161
-605
-645
-592
-1034
-1895
-2274
-2971
-4885
-7303
-9523
-11716
-14853
-18360
-21711
-23020
-25130
-25662
-27785
-25635
-22595
-19539
-15569
-11262
-3931
951
5704
11277
18190
22313
24055
26732
30307
31620
31081
30900
32355
31398
29652
26927
26060
22958
18879
14638
11022
7294
1205
-4657
-9543
-14540
-19628
-24672
-28323
-29829
-31461
-31578
-30943
-28145
-25421
-21212
-17198
-11201
-5579
-725
3968
8806
13675
16675
18346
20227
21797
22853
22932
23490
23698
23360
22072
21234
20801
18875
16842
13856
11297
7593
3639
-421
-4589
-8088
-12294
-15355
-17903
-19842
-20884
-21359
-19763
-18023
-15761
-13449
-10109
-7037
-4132
-1318
1230
3539
5035
6136
7429
8221
8712
8405
8195
8453
8000
7157
6001
5131
2982
290
-2180
-4915
-8448
-12995
-17088
-20691
-25175
-27468
-29886
-30262
-32189
-30681
-27071
-23327
-19048
-14712
-7104
-1339
4225
10227
16857
20995
23592
26787
30669
31862
31847
31524
32487
31371
29310
26690
25067
21867
17452
12673
7887
3127
-3320
-9607
-14800
-19114
-23220
-27060
-30179
-31320
-32509
-32100
-31380
-28662
-25064
-20573
-15977
-10664
-4859
581
5447
9795
14364
17789
19508
21414
23179
24687
24516
24281
24188
23287
21585
19601
18092
15650
12480
9215
6422
2699
-1122
-5135
-8733
-11954
-15060
-17474
-19100
-19670
-19363
-18506
-16686
-14322
-11372
-8427
-4627
-958
2423
5182
7944
10474
12506
13543
14000
14217
13902
13035
11958
11247
10148
8729
6522
4676
2235
-1076
-4636
-7818
-11193
-15194
-19359
-23012
-26274
-29619
-31200
-32447
-31959
-32103
-28803
-24896
-20226
-15668
-9996
-2810
3169
9103
14759
20084
23783
26585
29260
31808
32241
32211
31590
31748
29695
27062
23272
20222
15748
10873
5554
780
-4765
-10827
-16437
-20416
-24007
-27462
-30465
-32061
-32195
-32120
-30162
-28075
-24024
-19658
-14410
-9359
-3783
1888
7065
11773
16048
20023
22958
24526
26093
26942
27568
26494
25372
23894
22010
19531
16526
13767
10547
7023
3105
-526
-3840
-7424
-10796
-13495
-15358
-16671
-17756
-18020
-17513
-16373
-14803
-12535
-9582
-6055
-2360
1341
4718
8194
10778
13084
14520
15996
16634
16714
16022
15177
13979
11715
9479
7009
4436
1104
-2274
-5366
-8576
-11820
-15429
-18384
-21472
-24738
-27498
-29936
-31180
-31130
-31106
-29682
-28618
-24502
-20276
-15789
-11058
-5545
1183
6392
11913
17203
22136
25063
27286
29847
32027
31911
30987
29868
29118
26478
22728
18392
14831
9793
4608
-791
-5493
-10561
-15970
-20879
-24213
-27162
-29710
-31593
-32442
-31294
-29870
-27002
-24107
-19311
-14303
-8821
-3820
1934
7547
12387
16586
20642
24522
26738
27586
28337
28555
28048
26015
24181
22225
19461
16054
12274
9027
4778
927
-2899
-5900
-9399
-11927
-13946
-15973
-17186
-17690
-17475
-17108
-15748
-13349
-10421
-8015
-4619
-909
3107
6090
9114
12279
14738
16440
17400
18566
18696
17904
16411
14592
12397
9602
6701
3328
421
-3237
-6941
-10369
-13319
-16159
-19756
-22332
-24486
-26338
-28870
-30035
-30968
-30171
-29628
-28097
-26192
-22856
-17985
-14039
-8940
-3817
2559
7689
12989
18341
23977
26603
28345
30107
32164
31990
30235
28430
27262
24249
19770
15140
11788
7111
1524
-3772
-7704
-11831
-16538
-20415
-22946
-24667
-27349
-28401
-28867
-27167
-25921
-23504
-20008
-15322
-10650
-5809
-716
4747
9620
13934
17641
21638
24624
26772
27382
28090
27768
26569
24222
21697
19508
16263
12842
9031
5993
1919
-1938
-5593
-7958
-10720
-13071
-14729
-15616
-16171
-16370
-16053
-14925
-13423
-11286
-8682
-5605
-2479
889
4048
7462
10213
12775
14828
16569
17634
17872
17664
16729
15246
12616
10070
6941
3632
-33
-3335
-6607
-10132
-13030
-15747
-18380
-21170
-23133
-24676
-26131
-27547
-27800
-28259
-27494
-26402
-24706
-22877
-20064
-15001
-10855
-5831
-1023
5631
10791
15701
20361
25429
27950
29411
30707
32278
31854
29689
27235
25286
22122
17423
12754
8835
4503
-601
-5626
-9568
-13346
-17247
-20853
-23314
-24523
-26513
-26901
-27121
-25294
-23871
-21500
-18429
-14273
-9782
-4983
-180
5130
10176
14671
18243
21748
24568
26788
27371
27609
27257
26150
23785
20572
17901
14422
10670
6485
3173
-408
-3804
-7238
-9416
-11680
-13582
-15674
-16242
-16413
-16159
-15911
-14549
-12840
-10665
-8383
-5560
-2640
576
3645
7011
9944
12764
15048
16519
17657
17775
17622
16413
14831
12462
9894
6581
2940
-727
-4156
-7810
-11122
-14083
-16454
-18680
-20603
-22320
-23505
-24518
-25619
-26297
-26753
-26568
-25422
-24378
-22125
-20347
-16091
-11849
-7418
-2740
2658
8536
13226
17764
22452
26429
28227
29389
30268
30826
28842
26203
23507
21030
16904
12187
7862
4373
-264
-4780
-8683
-11564
-14976
-18400
-21211
-22522
-24334
-25402
-25777
-25063
-23456
-21676
-18355
-14980
-10713
-6227
-985
4065
9332
14184
18527
22204
25303
27677
28721
28267
27466
25896
23764
20288
17035
13331
9514
5426
1725
-1659
-5245
-8563
-11064
-12925
-14750
-15981
-16757
-17113
-16831
-16424
-15381
-13961
-11664
-8833
-5696
-2519
958
4485
8072
11499
14337
17215
18938
20248
20473
20462
19238
17136
14372
11386
7875
4127
386
-3057
-6498
-9927
-12829
-15011
-17187
-19424
-21213
-22295
-23249
-24564
-25572
-25695
-26015
-25218
-24419
-22440
-20726
-17649
-12846
-8505
-3380
1505
7799
13106
17969
22643
27311
29492
30837
31523
32356
30699
27631
24450
21782
17906
13227
8582
4803
316
-4362
-8554
-11607
-15012
-18512
-21509
-23266
-24646
-26382
-26660
-26593
-24750
-22986
-19795
-15977
-11483
-6525
-965
4502
10038
14998
19479
23054
26129
28380
29523
28783
27743
25925
23502
19885
15909
12125
8187
4089
310
-2965
-6387
-9573
-12198
-13620
-15216
-16685
-17525
-17429
-16655
-16105
-14894
-13255
-10775
-8144
-4908
-1286
2396
6141
9488
13587
16748
19444
20799
22153
22600
22145
20611
18402
15763
12480
8486
4425
453
-3582
-7698
-11268
-14280
-17020
-19667
-22077
-23741
-25366
-26514
-27832
-28190
-28765
-27917
-26814
-24869
-23135
-20430
-15467
-11079
-6114
-1300
5416
11062
16262
21039
26205
28891
30274
31066
32302
31893
29340
26246
23645
20354
15480
10281
6189
1610
-3520
-8414
-12114
-15179
-19122
-22192
-24307
-25135
-26923
-27133
-27023
-24899
-23188
-20464
-16910
-12645
-7924
-2913
2489
8002
13130
17685
21569
24973
27446
28832
28907
28270
26816
24401
21405
17553
13723
9103
4978
768
-2775
-6530
-9546
-12504
-14219
-15784
-16884
-17702
-17995
-17265
-16293
-14798
-12689
-10299
-7411
-4138
-402
3370
6958
10413
14125
17486
20313
22255
23513
23938
23586
22263
19994
17193
13381
9409
4943
784
-3816
-8244
-12334
-15777
-18894
-21777
-23606
-25105
-26199
-27083
-27564
-27610
-27688
-27525
-25682
-24188
-21878
-20428
-16111
-11458
-7046
-2989
2323
8885
14032
18391
23325
27952
30063
30989
31703
32447
30455
27277
23920
21205
16755
11334
5968
1877
-2987
-8134
-12957
-15984
-19336
-22437
-25398
-26273
-27008
-27781
-27821
-26701
-23897
-21484
-18323
-14150
-8878
-3525
1282
6561
12220
17203
21171
24410
27539
29573
30103
29117
28183
26175
23175
19038
15288
11195
6779
1944
-1781
-5213
-8445
-11926
-14424
-15824
-16798
-17696
-18216
-17835
-16831
-15630
-13871
-11335
-8192
-5079
-1693
2330
6556
10297
13623
17123
20316
22775
23842
24613
24668
23759
21490
18754
15242
11275
6401
2035
-2253
-6732
-11252
-15135
-18352
-21209
-23646
-25663
-26993
-27940
-28586
-28923
-28609
-28106
-26355
-25159
-22762
-20852
-16726
-12337
-7713
-3089
2111
8272
13352
18186
22938
27003
28910
30649
31772
32394
30676
28265
25455
22500
17880
12663
7369
2879
-2172
-7126
-12137
-15589
-19214
-22335
-25233
-26554
-27536
-28126
-27956
-26716
-23985
-21431
-18032
-14092
-8882
-3495
1854
6789
12386
17481
21946
25272
28389
30454
31267
30498
29641
27797
24917
20764
16861
12869
8560
3464
-916
-4699
-8449
-12111
-15372
-17340
-19151
-20168
-20819
-20443
-19619
-18150
-15927
-13123
-9718
-6108
-2411
1887
6168
10327
13935
17611
20537
23067
24440
25235
24857
23875
21901
19286
15964
12008
7446
2692
-1772
-6528
-10848
-15268
-18839
-22122
-24757
-26919
-28483
-29588
-30106
-30641
-30204
-29861
-27935
-25859
-23482
-20882
-17127
-11439
-7188
-2088
2567
9114
13844
18746
23018
27181
28764
30027
31179
32312
31016
28208
25622
23149
19283
13938
8701
4205
-1102
-6558
-11600
-15638
-19696
-23635
-26421
-28335
-29083
-30157
-29581
-28544
-25457
-22211
-18089
-13804
-8597
-2961
2857
7929
13213
18190
22722
26005
28785
30931
31923
30989
29858
28144
25761
21635
17380
13495
9177
4378
-555
-4405
-8844
-12466
-16189
-18288
-20906
-21919
-22300
-21878
-21067
-19345
-16661
-13990
-10495
-6512
-2046
2001
6321
10504
14707
18121
20823
23010
24600
25295
24854
23966
22323
19946
16717
12908
8940
4326
-223
-5238
-9458
-13641
-17618
-21415
-24325
-26646
-28654
-30220
-31009
-31331
-31050
-30319
-28523
-25580
-22778
-19756
-16200
-9913
-4804
170
4490
10976
15907
19711
23168
27521
29778
30514
31013
32128
31406
28454
25340
22843
19461
14158
8527
3793
-949
-6677
-12112
-16743
-20439
-25031
-28268
-30670
-30929
-31748
-31080
-29770
-26148
-22146
-17740
-13081
-7471
-1381
4667
10269
15768
20890
25077
28107
30187
31886
32301
31237
29419
27775
25395
21653
17049
12925
8558
3616
-1758
-6192
-10712
-14838
-19027
-21688
-23746
-25234
-26369
-26092
-24394
-22284
-19707
-16014
-11419
-6655
-2001
3071
8177
12684
16385
19917
22980
25011
25716
25948
25711
24580
22268
19388
16307
12454
8166
3377
-1146
-5679
-10419
-14881
-18742
-21856
-25072
-27709
-29522
-30880
-31673
-32162
-31679
-30725
-28882
-25594
-22357
-18838
-15335
-9203
-3380
1709
6131
11809
17575
21302
24480
28192
31122
31393
31433
31716
31892
28773
25132
22193
19692
14953
9223
4214
-193
-5826
-11765
-16885
-20652
-25103
-28781
-31330
-31714
-32055
-31905
-30504
-27234
-22460
-17669
-12309
-6632
-15
6459
12246
17203
22141
26028
28766
30361
31730
32249
31001
28626
26709
24214
20600
15685
11532
7201
2499
-2823
-7367
-11652
-15949
-19812
-22987
-24837
-26643
-26974
-26806
-24940
-22523
-19442
-15634
-11062
-5952
-958
4358
9233
14014
17637
21423
23943
25758
26578
26479
25761
24030
21765
18739
15306
11254
6925
2481
-1934
-6415
-11069
-15191
-19254
-22655
-25815
-28407
-30321
-31851
-32306
-32471
-31598
-30581
-27636
-24313
-20326
-17044
-11898
-5132
407
5406
10250
16625
20867
24004
26951
30530
31297
30927
30863
31582
29988
26210
23326
21089
17542
12005
6697
2439
-3087
-9302
-15203
-19237
-23282
-27472
-30705
-32031
-32206
-32413
-31412
-29224
-24653
-19915
-14583
-9020
-2886
3520
9471
14634
19380
23701
26670
28558
29889
31032
30631
28315
26300
24214
21753
17305
13241
9294
5296
116
-4954
-9293
-13396
-17536
-21345
-23539
-25255
-26160
-26652
-25267
-22954
-19969
-16681
-12367
-7381
-2269
2485
7378
12384
16492
19611
22203
24421
25725
25712
25240
24196
22350
19569
16425
12995
9216
5078
777
-3446
-7406
-11539
-15710
-19145
-22222
-24961
-27573
-29080
-29744
-30310
-30350
-29338
-26746
-23890
-20641
-17126
-12442
-5954
-779
4565
9349
15538
19421
22588
25433
28951
29912
29526
29423
30192
29227
25718
22800
20671
17931
12639
7351
3542
-1126
-7195
-13177
-17277
-21112
-26101
-30150
-32010
-32003
-32526
-31843
-30007
-25512
-21103
-16142
-10674
-4197
2172
7888
13174
18551
23076
25676
27588
29068
30427
30006
27985
26185
24439
21968
17872
13771
9975
5676
540
-4543
-8368
-12530
-17035
-21204
-23199
-25051
-26598
-27469
-26204
-23901
-21470
-18412
-14105
-9136
-4487
99
5096
10373
14433
17591
20496
23115
24716
24557
23936
23305
21837
19162
15931
13058
9553
5289
993
-2658
-6523
-10728
-14720
-17826
-20693
-23779
-26469
-28121
-28967
-30042
-30270
-29677
-26800
-24288
-21211
-17957
-12536
-6139
-1299
3652
8837
15024
18702
21572
24523
28249
28733
28275
27976
29060
27808
24320
21628
20272
17561
12478
7505
4262
-299
-6197
-12353
-16334
-20178
-24956
-29391
-31365
-31727
-32272
-32157
-30424
-25874
-21506
-16571
-11410
-4680
1994
7708
12538
17876
22681
25673
27135
28494
30103
29968
27611
25563
23841
21700
17123
13089
9594
5900
517
-4732
-8445
-12252
-16581
-20867
-22656
-24042
-24994
-25999
-24635
-22592
-20060
-17516
-13625
-8798
-4159
42
4460
9714
13887
16857
19186
21960
23898
24001
23222
22611
21554
19053
15719
12740
9911
5789
1202
-2408
-5526
-9346
-13657
-16468
-18856
-21588
-25137
-26809
-27943
-28716
-29902
-28343
-26024
-23265
-21598
-16727
-10338
-4859
-499
4800
11713
16446
19931
22698
26702
27961
28438
27912
28653
27678
25161
22138
20364
17820
14041
9214
5593
1398
-3150
-8917
-13381
-17651
-21756
-26359
-29235
-30551
-31190
-31572
-31028
-27688
-23812
-19104
-14777
-8738
-2462
3797
8851
14121
19028
23109
25353
27206
28980
29592
28215
26696
25305
23493
19752
15862
12252
8765
3934
-1008
-5317
-9042
-13179
-17254
-20029
-22068
-23532
-24920
-24374
-23003
-20852
-18951
-15844
-11772
-7158
-3286
920
5419
9899
13256
16012
18636
20750
21756
21803
21239
20248
18433
16082
13186
10516
7330
3634
-159
-3435
-6609
-10089
-13370
-16051
-18258
-21105
-23383
-24882
-25734
-26740
-26274
-25056
-22572
-20989
-16480
-11807
-6474
-2279
3114
8793
13684
17520
21096
24535
26344
27340
27440
28247
26949
24883
22371
20450
17454
13555
9589
6148
1908
-2540
-7615
-11635
-15667
-19109
-23072
-25453
-27054
-27457
-28331
-27425
-25032
-21849
-18191
-14206
-8628
-3079
2321
7012
12584
17400
21326
23604
25967
27934
28526
27683
26318
24866
22674
19287
15740
11821
8328
3859
-397
-4838
-7783
-11168
-14421
-17288
-18857
-19743
-21258
-21512
-21067
-19255
-18329
-16112
-13196
-9196
-6338
-2945
1369
5997
9227
11670
14387
16897
18098
18212
17846
17255
15582
13198
10807
8374
5151
1694
-1244
-3604
-6167
-9332
-11684
-13769
-15687
-18480
-20142
-21689
-22340
-23182
-22763
-22021
-20728
-17430
-14253
-9883
-6433
-1258
3258
7781
11698
15969
19308
21332
23168
24770
25896
24633
23272
22081
20673
17250
13489
10796
7359
3126
-1680
-5130
-8582
-12750
-16495
-18994
-20179
-22104
-23020
-23352
-22067
-21121
-19196
-16396
-13109
-9705
-5926
-1075
3155
7519
11369
15472
18621
21586
23729
24900
25163
24601
23863
21756
19030
15232
11888
8185
4359
388
-2824
-5840
-8644
-10833
-12380
-14307
-15880
-16432
-16450
-16527
-16343
-15456
-14417
-12866
-10799
-8084
-5426
-2590
514
4208
7418
9782
11294
12943
13870
13865
13223
12125
10278
8597
6572
4471
2037
-154
-2484
-4595
-6420
-7953
-9831
-12061
-13897
-15426
-16612
-16922
-17086
-17088
-17500
-14930
-12354
-9200
-7592
-4252
-238
3077
6268
9231
12947
14666
16526
18287
20989
20948
20139
19150
19314
17835
14915
11734
8393
5150
991
-3168
-6398
-9619
-12483
-15399
-16457
-17139
-17079
-17651
-17226
-15868
-13678
-11890
-10585
-8187
-5516
-2505
-353
2856
5920
8959
11332
14312
17270
19183
19654
19458
19452
18724
16556
13353
10260
7607
4336
1430
-1194
-3057
-5587
-6743
-7950
-8470
-9443
-10266
-10973
-11191
-10840
-11259
-11323
-10858
-9323
-8154
-6543
-5072
-2804
-682
1536
3155
4747
5706
5742
5562
5542
4867
3693
2947
2110
1088
-140
-1154
-2336
-3433
-4618
-5850
-7283
-8416
-9914
-10907
-10701
-9802
-9361
-9864
-7558
-5495
-2598
-1960
467
2262
3963
4674
6154
8603
9625
9961
10885
13770
14770
14726
13868
14882
14110
12167
9482
6766
3655
-569
-4413
-6955
-8949
-10913
-13061
-13064
-12172
-10644
-10322
-9423
-7833
-5560
-4336
-3648
-2137
-578
1021
1778
4388
6552
8415
9203
11541
13910
15128
14599
13712
13325
12109
9800
6662
4353
2280
318
-1253
-2379
-2656
-3448
-3846
-3722
-3281
-3359
-4636
-5275
-5275
-4625
-5310
-5767
-5285
-3835
-3283
-2322
-1188
-203
-228
-244
222
-167
-1485
-3005
-3653
-3895
-4291
-4837
-5019
-4944
-4788
-4821
-4622
-5105
-5669
-6783
-7214
-7802
-7972
-8948
-7828
-6483
-4217
-3424
-1305
2164
4439
6449
6975
9221
8551
8287
7289
8099
8185
7408
7266
8365
10418
10023
9495
8907
8890
6590
3537
851
-1886
-4996
-9288
-11143
-12292
-12082
-12946
-12342
-9868
-7131
-5093
-4330
-2179
-509
1125
1528
2754
4048
5544
6608
8164
10845
12302
13310
13476
14626
14472
12792
10170
7446
5259
2129
-536
-2859
-4372
-5387
-5787
-5600
-5730
-5392
-5321
-5034
-5068
-4748
-4670
-4713
-3952
-2723
-815
517
2311
3523
4977
5516
5700
4843
3385
1527
-445
-2432
-4528
-6390
-7971
-8855
-9315
-9300
-9546
-9665
-9705
-10058
-10848
-11305
-12284
-12902
-13683
-12894
-12404
-10954
-7987
-4125
-1086
758
5221
8998
12192
12098
13631
14634
14796
13750
13507
14564
14091
12960
12715
14223
13848
11937
9145
7490
4806
1089
-3172
-6882
-9482
-12762
-15178
-16348
-15890
-15150
-15081
-13507
-11450
-8619
-7133
-5545
-3700
-675
2102
4156
6692
9872
13216
15142
17258
18775
19732
18761
16993
15362
13400
10800
7052
3994
1778
94
-2017
-4028
-5952
-7176
-8488
-9859
-11084
-11616
-12099
-12664
-12273
-10358
-8197
-6629
-4206
-639
3105
5397
7385
8901
10110
9795
9082
7757
6240
3808
1674
-79
-1713
-3563
-5935
-7797
-9598
-11327
-13236
-15061
-16715
-18090
-18915
-19185
-19327
-19167
-18357
-16668
-14712
-11547
-7847
-4059
-2152
1185
5210
9215
11228
12494
14776
16234
17774
18057
19640
20197
20226
19231
19383
18956
17078
13649
10080
6749
2734
-962
-5544
-9079
-12713
-15219
-17322
-18244
-18275
-18260
-17644
-16697
-14730
-12349
-9963
-7997
-5479
-1483
2769
6455
9510
13410
16854
19501
20962
22135
22344
21170
19361
17341
15245
11830
8557
5296
3418
1162
-950
-3598
-5905
-7930
-9212
-10503
-12241
-13502
-13951
-13377
-12616
-10618
-8521
-6369
-4143
-882
2203
4646
5866
6936
7650
8207
8033
7087
5959
4787
4098
2752
1361
-842
-2781
-5107
-7357
-9608
-12017
-14540
-16864
-18173
-19397
-20208
-20716
-20145
-19375
-17124
-13847
-10180
-7415
-4547
-527
3388
6900
9072
11102
12400
14328
16179
18157
19452
20075
20729
21015
20901
19682
17789
14757
11221
7519
4452
1067
-2392
-5998
-8915
-11214
-12662
-13653
-14827
-15710
-15939
-15465
-14378
-12970
-11281
-9008
-6070
-2765
964
5371
9197
11930
14178
16857
18689
19189
18637
18060
16980
15472
14027
12491
10289
7511
4909
2755
473
-2272
-5034
-7410
-9265
-10463
-10851
-10894
-11230
-10918
-9667
-7651
-5666
-4163
-2842
-1491
400
2434
3797
4281
4095
4116
4488
4392
3447
1782
361
-1025
-2039
-3065
-4696
-6648
-8189
-9043
-9994
-11623
-13344
-14705
-15908
-16636
-16915
-16664
-15219
-12942
-9983
-7429
-4530
-1652
1475
4109
6373
7951
9195
10108
11590
13951
15743
16345
16532
17165
17226
16323
14629
12427
9141
5869
3339
1277
-890
-3380
-5753
-7780
-9035
-9137
-9283
-10071
-11305
-11418
-10032
-8133
-6796
-5118
-2753
-84
2380
5156
7845
9474
10448
11194
12073
12558
12949
12927
12486
11803
11263
10324
8780
6721
4560
2010
-923
-3664
-5506
-6692
-7835
-8833
-9120
-8284
-7360
-6646
-6086
-5505
-4685
-3633
-2160
-251
1677
3082
4175
5151
5958
5673
4479
2703
733
-1486
-3671
-5252
-6860
-8393
-10059
-11078
-11967
-12573
-13245
-13741
-14489
-15277
-15274
-14722
-13245
-11073
-8023
-4927
-1913
407
2482
4692
6847
8356
8648
8868
9428
10489
11441
12755
14028
14370
13659
11996
10214
8058
5741
3246
1245
-765
-2576
-4424
-5960
-7091
-7876
-8283
-9073
-9615
-9891
-9555
-8990
-7467
-5277
-2754
-151
2422
4949
6920
8690
10015
10962
11594
11924
12195
11819
11031
10383
9953
9091
7447
5296
2984
547
-1976
-4363
-6098
-7014
-7784
-8254
-8553
-8436
-8233
-7764
-7305
-6678
-6106
-5227
-4027
-2317
-268
1415
3031
4326
5825
6837
7329
6784
5470
4138
3236
2322
951
-689
-2465
-4214
-6130
-7674
-9069
-10123
-11067
-11342
-10851
-10050
-8948
-7377
-4990
-2621
-334
2075
4416
6387
8207
9949
11486
12324
12482
12240
11492
10372
8675
6404
3700
1349
-255
-1855
-3944
-6453
-8502
-10431
-12209
-13754
-14839
-15506
-15640
-14847
-13232
-11310
-9709
-7855
-5464
-2288
732
3569
6242
9171
11876
14230
15971
16950
17465
17500
17531
17371
16935
15702
14147
12730
11124
8898
6052
3035
-164
-3136
-5734
-8035
-10148
-11979
-13203
-13824
-13791
-13526
-13218
-12594
-11235
-9550
-7821
-6041
-3846
-1493
816
3032
5333
7123
8373
9443
10563
11356
11482
11054
10023
8925
7459
6132
4173
1990
-508
-2529
-4358
-6008
-7459
-8937
-10223
-11468
-12112
-12455
-12407
-12104
-11104
-9818
-8092
-6101
-3758
-1131
1686
4695
7234
9130
10227
11072
11584
11919
11883
11306
10392
8968
7471
5688
3908
1859
-342
-2781
-4850
-6813
-9117
-11787
-14015
-15136
-16002
-16257
-15723
-14510
-13232
-11378
-8597
-5460
-2428
485
3498
6485
9037
10931
12579
14069
15260
16047
16764
17154
16594
15441
14148
12752
10637
8101
5362
2855
483
-1760
-3699
-5690
-7694
-9455
-10503
-10993
-11253
-11502
-11275
-10773
-10186
-9582
-8620
-7205
-5638
-3965
-1976
97
2308
3904
5256
6578
7834
8393
8328
7877
7096
5980
4644
3493
2494
1533
222
-823
-1712
-2498
-3833
-5332
-6484
-7384
-8330
-9149
-9237
-8892
-8416
-7751
-6509
-4778
-2871
-825
1227
3026
4593
5995
6984
7872
8564
9058
9106
8858
8732
8618
7922
6910
5872
4743
3250
1582
149
-1388
-3052
-5021
-6678
-8203
-9343
-10050
-10227
-10114
-9788
-8985
-7575
-5866
-4283
-2728
-1219
308
1769
3414
5027
6335
7480
8586
9477
9938
9867
9089
8266
7301
6076
4381
2906
1516
144
-1188
-2448
-3574
-4706
-5519
-6294
-6785
-7504
-7912
-8315
-8454
-8323
-7917
-7212
-6490
-5576
-4311
-2740
-1293
38
1149
2138
2699
3169
3509
3560
3185
2802
2731
2775
2652
2452
2367
2152
1878
1205
598
-283
-1341
-2158
-2491
-2916
-3721
-4366
-4508
-4274
-3953
-3179
-2265
-1498
-948
-177
794
1623
2241
2961
3955
4809
5243
5609
6054
6331
6260
6187
6002
5536
4924
4400
3880
3267
2597
2011
1392
534
-337
-1059
-1795
-2528
-3255
-3685
-4245
-4615
-4684
-4470
-4234
-4028
-3590
-3033
-2292
-1808
-1160
-709
-114
389
865
1107
1185
1346
1461
1767
1725
1560
1322
1172
1003
770
484
200
-76
-383
-815
-1502
-2182
-2930
-3580
-3924
-4151
-4162
-4060
-3639
-3222
-2809
-2416
-2090
-1676
-1276
-837
-765
-768
-760
-632
-501
-363
-168
-49
390
1014
1625
1840
1861
1948
1882
1542
1088
640
213
136
201
259
282
227
175
185
284
228
169
222
417
626
961
1451
1957
2615
3209
4146
4692
5042
5151
4957
4749
4337
4156
4012
4121
4248
4142
3777
3183
2421
1883
1261
771
591
386
265
-364
-1018
-2138
-3589
-4703
-5146
-4734
-4553
-4545
-4289
-3941
-3650
-3242
-2778
-2617
-2778
-2806
-2521
-1762
-767
118
1128
1982
2492
2508
2253
2197
2259
2904
3676
4127
3861
2650
1068
-195
-916
-959
-885
-627
-157
-907
-1780
-3260
-4195
-4622
-4798
-4272
-3712
-3261
-3560
-4010
-4027
-3789
-3432
-3032
-2398
-1391
-648
-168
369
609
1022
1052
1141
1891
2675
3482
3975
4566
4868
4586
3742
3017
2505
2198
1795
1483
1284
1072
718
647
376
-67
-577
-993
-1143
-1193
-989
-495
-85
207
492
783
848
614
640
827
1278
1327
1100
1228
1402
1622
2037
2248
2322
1905
1407
1337
1457
1556
1525
1336
852
108
-617
-1499
-2425
-3233
-3809
-3926
-3917
-3810
-3399
-3221
-2748
-2028
-1335
-1064
-1378
-1616
-1784
-1670
-1343
-764
179
1038
1646
1917
1820
1748
1524
1358
1250
854
288
-373
-817
-927
-1276
-1602
-1681
-1628
-1677
-1843
-2031
-2421
-2856
-3193
-3228
-3182
-2835
-2534
-1866
-1307
-756
-386
-49
407
816
1062
1251
1599
1945
2438
2805
3392
3589
3646
3569
3680
3507
2999
2517
2091
1801
1432
844
-59
-1296
-2556
-3412
-3973
-3873
-3728
-3531
-3414
-3330
-3290
-3317
-2969
-2521
-2000
-1271
-654
-228
291
911
1678
2318
3050
3922
4825
5323
5533
5278
4453
3512
2860
2354
1679
1021
463
185
-245
-756
-1382
-2383
-3614
-4338
-4424
-4094
-3772
-3511
-3283
-2866
-2533
-1856
-916
141
1033
1831
2535
3016
3350
3604
3784
3954
4310
4513
4549
4264
4172
3965
3505
2899
2290
1464
363
-580
-1562
-2412
-3113
-3788
-4350
-4605
-4741
-4685
-4638
-4402
-3907
-3597
-3118
-2583
-1800
-1052
-257
765
1656
2271
2751
3332
3673
4004
4292
4536
4512
4308
4067
3646
2913
1863
933
-300
-1521
-2717
-3862
-4882
-5856
-6630
-7442
-8157
-8653
-8812
-8831
-8665
-8326
-7811
-7289
-6590
-5721
-4696
-3525
-2349
-843
865
2526
3945
4977
5945
6808
7575
8075
8579
8927
8846
8772
8575
8435
7779
6974
5807
4518
3262
2080
821
-344
-1130
-1495
-1732
-1987
-2020
-2010
-1919
-2082
-1829
-1315
-558
-76
489
1336
2076
2847
3467
4019
4503
4949
5120
5058
5000
4792
4318
3794
3136
2426
1452
299
-827
-2279
-3650
-4776
-5657
-6321
-6687
-6699
-6599
-6271
-5892
-5383
-4925
-4427
-3809
-3179
-2464
-1733
-764
182
1106
1930
2692
3137
3382
3548
3602
3475
3000
2389
1478
616
-545
-1648
-2864
-4322
-5888
-7439
-8692
-9883
-10778
-11610
-11713
-11491
-10924
-9831
-8333
-6743
-5395
-3928
-2221
-219
1864
3834
5519
7127
8534
9836
10899
11923
12814
13300
13501
13228
12509
11244
9682
8142
6745
5388
4118
2771
1049
-624
-2306
-3725
-5009
-5923
-6481
-6667
-6552
-6142
-5206
-4090
-2799
-1649
-665
198
1106
2021
3093
4089
5123
6223
7045
7447
7336
7149
6630
5823
4845
3792
2642
1382
101
-1229
-2505
-3796
-5131
-6224
-7058
-7864
-8727
-9296
-9518
-9508
-8849
-7675
-6231
-4802
-3579
-2363
-1259
-339
383
1144
1712
2317
2719
3167
3497
3562
3592
3405
3013
2188
1207
40
-1284
-2555
-3231
-3756
-4395
-5135
-5961
-6800
-7682
-8293
-8491
-8102
-7274
-6325
-5177
-3965
-2839
-1878
-805
480
1955
3576
5206
6877
8231
9275
9964
10466
10707
10605
10156
9583
9114
8453
7576
6625
5496
4093
2781
1548
576
-286
-1149
-2083
-2965
-3573
-4213
-4453
-4509
-4202
-3800
-3169
-2360
-1454
-561
235
1173
1849
2422
2643
2846
2898
2950
3139
3400
3535
3208
2807
1933
985
191
-362
-682
-1068
-1654
-2206
-2748
-3495
-4055
-4619
-4835
-5014
-5058
-4992
-4945
-4563
-4101
-3537
-3161
-2862
-2457
-2089
-1796
-1292
-648
-314
-232
-436
-539
-688
-813
-861
-731
-610
-875
-1259
-1691
-2214
-2771
-2946
-2807
-2646
-2390
-2153
-1857
-1630
-1631
-1408
-1389
-1328
-1084
-566
134
899
1776
2609
3507
4071
4329
4455
4577
4499
4488
4519
4588
4451
4137
3946
3716
3234
2885
2536
2224
1843
1436
1231
950
888
852
818
732
619
592
511
475
454
369
356
380
608
822
954
1100
1245
1240
1100
788
348
-165
-619
-943
-1039
-1252
-1487
-1540
-1537
-1758
-2073
-2237
-2445
-2674
-2872
-2968
-3004
-2983
-2891
-2490
-2146
-1840
-1688
-1818
-1927
-2323
-2586
-2800
-2712
-2545
-2550
-2555
-2749
-2846
-2832
-2774
-2644
-2630
-2766
-2850
-2831
-2896
-2905
-2686
-2269
-1891
-1443
-936
-394
108
614
1206
1750
2364
2921
3473
4085
4514
4757
4760
4620
4242
3886
3449
3076
2840
2650
2589
2518
2270
1954
1520
1193
822
485
271
52
126
307
631
1075
1369
1622
1985
2194
2616
2910
3096
3188
3152
3144
2943
3022
3067
2926
2537
2003
1257
366
-525
-1430
-1947
-2392
-2874
-3473
-3912
-4317
-4591
-4843
-4962
-5038
-5121
-5197
-5162
-5092
-4900
-4514
-4020
-3510
-3066
-2497
-1816
-977
-344
243
672
848
869
946
932
810
663
328
-110
-607
-1172
-1570
-1970
-2268
-2455
-2410
-2385
-2228
-2294
-2350
-2198
-1964
-1736
-1499
-1027
-587
8
834
1962
3050
3860
4656
5409
6001
6409
6739
6980
7084
7096
6838
6740
6463
6009
5278
4462
3724
2913
1913
1052
266
-485
-837
-1081
-1270
-1729
-1900
-2083
-2097
-1875
-1510
-877
-298
267
732
1115
1467
1751
2209
2832
3572
3919
4219
4320
4161
3695
2881
2113
1212
328
-798
-1745
-2478
-3233
-3861
-4530
-5155
-5715
-6244
-6456
-6623
-6594
-6383
-6211
-5986
-5658
-5367
-4965
-4427
-3465
-2411
-1542
-703
96
790
1140
1602
2158
2419
2488
2611
2690
2443
1991
1447
923
325
-241
-709
-985
-1234
-1615
-2002
-2405
-2691
-2870
-3007
-2848
-2401
-1768
-943
-165
673
1384
2144
2990
3952
4859
5682
6400
6968
7354
7617
7745
7500
7060
6230
5438
4681
3871
3095
2309
1318
352
-568
-1291
-1997
-2523
-2994
-3381
-3660
-3633
-3629
-3695
-3724
-3688
-3496
-3382
-3263
-2918
-2429
-1860
-1094
-85
812
1291
1586
1741
2019
2290
2364
2301
2061
1696
1163
503
-71
-730
-1529
-2408
-3145
-3770
-4361
-4946
-5488
-5874
-6000
-5918
-5811
-5643
-5444
-5202
-4735
-4193
-3642
-2949
-2327
-1644
-1013
-321
395
1079
1824
2633
3088
3229
3026
2795
2465
2171
1977
1715
1574
1260
914
550
216
-187
-546
-881
-1200
-1477
-1357
-1140
-900
-433
-140
197
547
973
1664
2465
3221
3898
4510
4969
5319
5647
5767
5868
5745
5395
4860
4225
3625
3073
2641
2140
1339
486
-330
-1287
-1984
-2578
-2983
-3299
-3678
-4015
-4355
-4559
-4591
-4300
-4050
-3831
-3569
-3257
-2917
-2472
-2021
-1427
-818
-297
443
1037
1451
1717
1841
1778
1596
1429
1183
969
760
522
214
-297
-834
-1428
-1951
-2309
-2638
-2884
-3081
-3395
-3515
-3519
-3440
-3263
-3020
-2696
-2405
-2015
-1421
-696
-1
735
1396
1897
2528
2991
3239
3390
3691
3934
4045
3976
3826
3490
3067
2663
2234
1912
1489
1001
507
126
-216
-458
-698
-706
-673
-587
-386
-269
-96
237
658
1053
1445
1956
2330
2605
2778
3001
3116
3223
3251
3076
2893
2631
2231
1815
1388
925
350
-169
-534
-788
-1153
-1506
-1891
-2403
-2714
-2867
-2830
-3093
-3259
-3388
-3419
-3536
-3716
-3617
-3564
-3283
-2826
-2328
-1839
-1393
-1020
-576
-6
407
687
786
959
1046
1332
1663
1907
1920
1711
1403
1037
912
775
550
325
231
112
-170
-382
-618
-856
-1106
-1332
-1397
-1431
-1426
-1125
-659
-74
547
937
1224
1392
1689
2123
2508
2703
2867
2835
2638
2419
2209
2133
2152
2135
2127
2011
1897
1619
1411
1312
1371
1485
1468
1287
1089
849
663
621
503
331
257
96
38
13
156
160
90
-84
-198
-99
-30
62
107
73
14
-89
-234
-328
-456
-729
-1054
-1228
-1370
-1470
-1656
-1821
-2103
-2328
-2623
-2854
-3163
-3446
-3706
-3777
-3555
-3430
-3317
-3146
-2861
-2578
-2286
-2044
-1919
-1845
-1624
-1267
-907
-503
-151
102
421
699
939
1216
1349
1358
1416
1457
1424
1388
1450
1429
1112
958
828
501
235
-123
-396
-569
-581
-517
-353
-178
17
260
418
536
789
1011
1204
1495
1818
2000
2067
2210
2266
2295
2318
2394
2404
2339
2176
2126
2258
2355
2212
1974
1633
1255
1049
761
580
407
225
56
-172
-375
-514
-752
-978
-962
-934
-1031
-1415
-1663
-1759
-1768
-1693
-1528
-1425
-1310
-1365
-1395
-1164
-1079
-1134
-1220
-1170
-1215
-1348
-1398
-1359
-1475
-1587
-1755
-1929
-2029
-2228
-2210
-2184
-2144
-2142
-2242
-2368
-2396
-2261
-2185
-1966
-1773
-1452
-1146
-952
-753
-526
-204
93
316
503
804
1224
1738
2097
2365
2489
2545
2557
2750
2781
2700
2600
2467
2259
2163
1877
1591
1298
1070
845
574
130
-251
-417
-463
-501
-516
-460
-503
-334
121
759
1085
1353
1571
1772
2185
2520
2793
2848
2696
2392
1940
1600
1450
1398
1204
1082
940
651
375
200
46
-230
-545
-993
-1482
-1997
-2327
-2661
-2960
-3134
-3094
-3146
-3204
-3133
-3053
-2973
-2808
-2513
-2183
-1865
-1624
-1105
-819
-693
-537
-376
-92
44
-89
-270
-524
-788
-1092
-1173
-1109
-1185
-1259
-1466
-1653
-1681
-1771
-1876
-2136
-2333
-2440
-2551
-2426
-2187
-1699
-1310
-928
-379
204
704
992
1287
1817
2368
2811
3147
3279
3298
3171
2962
2770
2756
2794
2675
2692
2649
2499
2390
2060
1672
1316
826
303
-241
-802
-1195
-1384
-1443
-1442
-1296
-1089
-898
-548
10
675
1296
1716
2090
2307
2537
2695
2675
2518
2217
1811
1424
1186
1082
1035
1033
1088
966
725
578
536
620
513
278
36
-389
-793
-1176
-1469
-1520
-1738
-1930
-2107
-2226
-2209
-2088
-1793
-1458
-1134
-881
-599
-303
-150
56
194
275
288
305
244
292
336
294
297
246
149
56
-52
-162
-327
-703
-956
-1174
-1172
-1163
-1052
-880
-828
-752
-609
-378
-26
203
546
763
873
844
843
942
1135
1438
1482
1451
1224
949
655
571
484
318
225
104
73
46
-44
-175
-370
-597
-855
-1062
-1340
-1570
-1598
-1536
-1462
-1358
-1242
-1071
-784
-552
-225
55
327
602
888
1271
1439
1587
1770
1779
1726
1448
1194
993
857
673
582
408
164
-9
-126
-317
-561
-711
-870
-1200
-1343
-1413
-1510
-1628
-1670
-1645
-1542
-1357
-1363
-1272
-1002
-838
-607
-158
228
507
673
992
1250
1547
1800
1969
2127
2255
2218
1873
1492
1283
1130
925
737
491
113
-347
-450
-471
-670
-936
-1311
-1456
-1559
-1574
-1388
-1332
-1241
-1088
-1082
-830
-556
-266
49
219
345
204
157
306
507
549
641
663
752
736
567
446
212
5
-69
-205
-274
-306
-308
-500
-881
-1414
-1885
-2119
-2228
-2220
-2134
-2135
-2086
-2137
-2094
-1777
-1399
-1054
-803
-458
-241
-22
342
821
1430
1710
1787
1744
1632
1628
1708
1737
1643
1490
1202
891
508
290
-14
-156
-495
-719
-888
-1100
-1308
-1508
-1422
-1319
-1290
-1037
-791
-704
-608
-401
19
218
516
861
1059
1364
1580
1568
1518
1587
1693
1782
1871
1767
1415
1036
761
656
524
294
-57
-386
-908
-1357
-1572
-1710
-1876
-1986
-2183
-2179
-2267
-2295
-2245
-2090
-1918
-1697
-1223
-773
-497
-347
-165
-85
11
64
208
212
144
-44
-262
-395
-642
-850
-857
-882
-955
-1115
-1216
-1382
-1518
-1543
-1589
-1574
-1633
-1862
-2175
-2326
-2333
-2092
-1923
-1630
-1333
-862
-264
330
1064
1587
1982
2461
2804
3017
3105
2950
2777
2548
2432
2321
2215
2077
1795
1538
1374
1257
1254
1233
1225
1089
881
588
495
532
735
992
1090
1149
1094
1075
1099
1383
1669
2056
2448
2721
2893
2835
2874
2984
3035
2917
2704
2421
2042
1682
1432
1093
879
657
428
329
95
-113
-496
-746
-926
-1163
-1147
-1136
-1146
-1245
-1432
-1460
-1552
-1531
-1219
-886
-654
-365
-211
-75
2
154
494
595
488
397
238
-95
-422
-686
-886
-1242
-1463
-1638
-1808
-2114
-2238
-2285
-2234
-2175
-2097
-2037
-2103
-1960
-1829
-1554
-1245
-984
-746
-646
-484
-302
-228
58
424
817
1283
1405
1550
1692
1649
1662
1563
1567
1537
1398
1310
1237
1020
832
776
763
863
836
799
750
600
203
-49
-84
-39
34
101
187
222
268
359
647
955
1199
1363
1414
1380
1321
1262
1242
1250
1254
1084
634
122
-313
-542
-744
-803
-905
-1115
-1168
-1231
-1218
-962
-719
-681
-700
-624
-469
-439
-530
-676
-946
-1086
-1153
-1134
-1069
-988
-1008
-1001
-902
-753
-470
-156
73
127
55
-296
-460
-550
-574
-611
-754
-972
-1276
-1566
-1590
-1575
-1381
-1160
-863
-752
-823
-639
-274
30
368
569
679
696
724
765
760
793
589
409
268
290
285
249
339
408
431
433
616
637
704
623
368
167
-33
51
150
146
239
57
-275
-304
-226
-101
-25
145
268
63
-190
-275
-345
-280
-61
67
129
125
42
-23
17
124
330
343
365
335
219
175
131
27
71
-66
-218
-356
-442
-582
-826
-808
-467
-276
-426
-305
-259
-421
-462
-483
-483
-522
-729
-926
-1089
-1458
-1644
-1796
-1688
-1585
-1525
-1452
-1446
-1480
-1462
-1250
-1035
-737
-656
-435
-173
-220
-143
-181
-330
-287
-162
73
80
119
-10
-284
-430
-323
-90
-87
-125
-170
-324
-480
-422
-207
-10
94
-193
-414
-508
-708
-658
-346
121
408
569
500
475
361
534
792
1026
1313
1271
1130
1118
1346
1511
1569
1527
1551
1322
1174
1053
947
716
305
-19
-170
-99
-112
-256
-419
-548
-600
-541
-238
124
358
427
394
382
540
733
943
977
979
960
717
667
878
1108
1200
1139
1110
796
671
723
838
855
893
640
333
92
51
33
-52
-167
-391
-507
-592
-532
-292
-231
-208
-220
-162
169
559
902
1153
1130
1159
1192
1229
1279
1165
1282
1164
1044
964
728
611
451
334
73
-200
-385
-520
-676
-582
-385
-196
-243
-525
-764
-904
-781
-309
-109
97
130
207
394
596
699
645
729
547
494
543
640
643
314
51
-248
-442
-538
-775
-913
-1182
-1404
-1529
-1665
-1699
-1787
-1949
-1988
-2067
-2271
-2196
-2031
-1774
-1611
-1294
-987
-757
-417
-104
199
453
774
854
835
898
967
999
948
821
734
518
362
327
133
-207
-361
-415
-505
-527
-508
-313
-78
198
115
3
58
8
164
378
582
502
446
472
554
680
1156
1535
1705
1905
1979
2026
2084
2181
2352
2109
1803
1477
1051
702
362
255
-162
-568
-912
-1060
-1188
-1195
-966
-724
-675
-600
-527
-530
-509
-442
-346
-308
-190
-124
19
238
379
484
566
537
534
466
431
468
311
118
-104
-395
-482
-665
-712
-780
-902
-939
-1089
-1111
-1016
-1076
-1066
-1169
-1244
-1427
-1583
-1491
-1371
-1185
-1165
-952
-782
-665
-341
-10
297
700
929
1000
1101
1250
1268
1069
947
846
494
213
90
45
-59
-206
-287
-252
-234
-93
-87
217
463
508
644
784
1081
1223
1099
1030
901
642
602
665
760
820
797
748
597
441
296
73
-76
-250
-470
-709
-958
-1207
-1432
-1712
-1807
-1858
-1863
-1887
-1951
-1976
-1862
-1658
-1559
-1385
-1393
-1412
-1540
-1473
-1284
-1207
-874
-623
-496
-542
-511
-454
-339
-218
-72
24
-124
-228
-292
-140
-336
-497
-540
-683
-892
-906
-914
-974
-1094
-1140
-1209
-1180
-1098
-949
-697
-552
-291
-91
163
403
408
641
658
516
572
513
495
532
747
1014
1084
1018
914
848
1026
1418
1548
1481
1432
1229
967
1011
1153
1200
1044
894
695
549
555
691
632
616
655
724
981
1119
1144
1053
725
558
533
438
306
193
74
-82
-344
-361
-303
-432
-447
-383
-380
-391
-500
-465
-286
-67
132
239
132
-106
-401
-419
-339
-185
63
31
-334
-515
-449
-318
-261
-147
-229
-448
-478
-442
-349
-334
-346
-370
-272
-222
-302
-463
-558
-736
-651
-457
-493
-515
-735
-808
-881
-803
-440
-282
-121
37
119
194
383
371
319
295
347
291
324
326
240
250
162
119
162
219
129
-18
-128
-153
-31
137
399
527
659
697
743
877
854
859
997
1202
1357
1394
1282
1189
951
701
704
807
826
799
782
593
368
210
236
352
313
228
135
-89
-333
-479
-532
-535
-482
-333
-172
-178
-145
-206
-299
-156
47
147
98
0
1
-92
44
99
97
111
-74
-292
-534
-548
-443
-497
-405
-365
-336
-368
-495
-618
-722
-631
-561
-747
-812
-670
-682
-722
-562
-360
-118
-27
240
494
488
559
824
849
898
958
1034
1031
960
871
710
524
435
530
444
354
364
242
300
309
206
44
28
103
-49
-83
1
6
187
260
425
653
811
957
990
1100
1309
1365
1506
1462
1314
1022
516
356
215
30
141
144
3
-104
-118
-279
-449
-428
-496
-556
-612
-720
-903
-1102
-1244
-1269
-1259
-1253
-1208
-1161
-1161
-1074
-843
-743
-490
-319
-255
-224
-274
-196
-282
-334
-441
-434
-410
-420
-435
-576
-757
-742
-654
-708
-737
-840
-920
-1054
-1176
-1233
-1254
-1307
-1305
-1198
-1094
-942
-945
-827
-569
-310
-127
117
257
347
305
350
415
546
652
628
440
333
233
187
-10
-127
-279
-355
-317
-278
-126
-166
-194
-104
-78
-48
59
179
264
232
317
249
263
436
349
401
510
334
190
-137
-92
-60
-187
-138
-94
-332
-455
-506
-475
-453
-465
-372
-488
-614
-688
-627
-490
-449
-396
-358
-369
-435
-322
-270
-235
-344
-291
-134
-106
-93
-24
144
63
-22
90
71
-13
-24
70
14
-239
-293
-491
-479
-380
-399
-515
-613
-650
-782
-586
-363
-261
-181
-268
-230
-123
-113
-11
333
613
754
799
826
958
1069
1251
1346
1378
1504
1408
1164
919
677
496
392
470
471
483
291
3
-176
-418
-499
-151
-95
-117
-190
-223
-445
-575
-563
-517
-550
-429
-287
-380
-415
-381
-256
-140
43
49
-49
-28
-5
153
246
373
421
384
285
142
95
156
249
183
209
163
39
-171
-296
-416
-568
-587
-415
-255
-136
-161
-120
-70
-43
209
305
361
460
283
60
-93
-121
11
70
-14
-58
-217
-424
-510
-544
-527
-427
-289
-281
-251
76
353
543
540
525
383
157
234
383
447
407
321
267
322
388
369
392
354
311
438
424
447
530
492
278
129
230
225
158
283
296
274
229
68
-36
34
-155
-244
-145
-78
49
34
249
219
298
381
316
411
377
380
557
521
541
321
286
124
75
264
74
-63
-210
-124
-110
24
274
234
141
121
60
70
122
136
71
40
-36
-137
4
148
142
297
308
278
230
278
417
598
692
675
610
521
460
335
183
51
-141
-260
-318
-111
-10
137
147
180
145
141
197
369
505
586
655
620
608
596
507
478
418
323
305
240
140
264
256
223
284
157
-134
-274
-281
-366
-366
-441
-479
-469
-562
-374
-212
97
215
178
331
400
489
479
487
441
258
102
12
16
-111
-163
-254
-527
-755
-699
-573
-388
-358
-484
-529
-625
-584
-623
-676
-743
-773
-794
-1010
-1182
-1187
-1212
-1216
-1041
-1076
-865
-618
-381
-202
181
372
449
562
597
380
227
287
149
88
-22
-43
-183
-312
-251
-282
-428
-630
-727
-593
-532
-488
-400
-423
-474
-357
-117
44
73
58
88
224
388
482
549
579
716
943
1194
1163
1241
1251
1067
1059
1083
1174
1027
812
720
468
378
226
136
38
-108
-312
-419
-587
-727
-663
-677
-658
-693
-718
-750
-776
-691
-500
-394
-319
-231
-326
-285
-241
-74
123
219
163
91
67
106
189
95
-87
-180
-270
-412
-439
-560
-586
-747
-842
-742
-695
-635
-598
-689
-810
-791
-662
-583
-534
-470
-568
-692
-676
-692
-646
-505
-395
-378
-275
-128
-96
137
312
457
633
624
543
416
375
310
219
213
212
-52
-117
-33
135
226
371
550
589
612
726
828
860
749
760
813
657
656
676
534
406
287
293
284
261
197
214
146
26
159
196
19
-153
-373
-433
-540
-531
-449
-499
-500
-453
-421
-350
-321
-369
-215
-138
52
227
310
294
319
305
434
435
405
301
272
200
112
127
69
158
77
-60
42
54
-54
-131
-214
-267
-174
-74
-89
17
-105
-88
-64
-27
-68
18
1
-11
243
246
377
392
415
499
480
459
533
465
414
574
715
600
579
600
451
292
378
561
712
738
777
812
850
871
863
908
837
709
589
491
418
531
669
797
855
883
866
935
960
939
897
840
806
678
606
564
447
442
256
94
-23
14
186
216
262
275
368
389
539
721
815
738
681
557
480
558
507
472
387
232
108
150
249
272
431
434
348
307
269
325
278
405
414
396
291
179
131
50
70
22
-200
-258
-312
-265
-171
-226
-279
-219
-197
-40
121
333
459
333
375
395
455
412
326
74
-227
-533
-709
-731
-689
-659
-625
-610
-506
-389
-228
-106
-9
-130
-271
-326
-465
-539
-677
-703
-862
-1030
-1044
-1055
-1036
-816
-770
-663
-547
-340
-329
-186
-15
-75
-39
-46
5
-103
-312
-360
-463
-654
-791
-844
-864
-938
-1066
-1145
-1061
-868
-847
-561
-349
-91
6
109
133
-97
-73
-127
-161
-165
-364
-527
-664
-637
-603
-501
-376
-419
-378
-271
-63
139
215
96
-73
-159
-200
-182
-296
-484
-589
-744
-720
-586
-676
-672
-749
-816
-738
-631
-570
-549
-602
-700
-703
-675
-758
-764
-696
-734
-560
-478
-364
-231
-245
-170
-105
-134
34
54
-92
-149
-296
-583
-570
-640
-656
-628
-417
-192
-168
-46
34
172
175
218
250
58
47
-143
-295
-449
-509
-534
-603
-500
-406
-235
-170
-86
108
128
87
135
202
94
23
71
-6
-12
-9
-45
-68
96
186
185
191
375
302
302
307
130
90
-196
-496
-668
-694
-641
-650
-620
-647
-600
-403
-429
-285
-94
-53
-191
-330
-401
-462
-454
-478
-423
-313
-433
-494
-422
-346
-229
-222
-146
11
145
419
437
367
341
456
469
422
353
325
132
25
74
163
45
-119
-183
-306
-425
-301
-225
-165
-78
-11
34
-2
-42
-164
-193
-201
-190
-204
-30
61
-38
-45
93
94
182
225
315
435
494
687
747
850
901
720
709
741
620
606
675
478
443
485
571
650
700
741
803
833
928
939
927
957
1021
1096
1123
1127
1053
936
792
834
723
624
710
758
840
960
1106
1108
986
932
1006
991
948
922
806
816
782
887
779
826
687
488
436
361
440
394
460
400
328
260
101
84
46
169
390
517
492
578
408
311
405
322
386
260
92
59
-62
-153
-170
-147
-199
-164
-22
-1
99
159
77
112
113
247
324
152
131
76
-8
-133
-177
-116
-353
-586
-626
-693
-644
-582
-456
-324
-211
-42
13
43
126
207
137
144
92
-205
-234
-314
-360
-482
-615
-585
-582
-438
-322
-149
-186
-88
-168
-216
-311
-359
-199
-262
-386
-466
-474
-479
-433
-399
-309
-283
-228
-32
-58
-76
-103
-112
-61
54
-144
-278
-360
-396
-591
-509
-437
-392
-262
-158
-67
-4
163
334
295
331
262
219
255
173
63
14
-32
31
59
61
-182
-138
-50
-22
185
125
68
-108
-276
-426
-385
-455
-433
-508
-667
-811
-728
-658
-557
-564
-655
-694
-828
-803
-722
-817
-885
-886
-862
-956
-1017
-930
-726
-583
-351
-257
-269
-91
99
113
146
167
-34
-305
-453
-343
-171
-242
-294
-322
-492
-588
-468
-316
-221
-271
-265
-223
-82
113
102
80
-12
-290
-509
-608
-734
-818
-699
-702
-559
-623
-632
-493
-495
-366
-207
-72
83
283
367
402
383
229
-44
-227
-300
-149
-59
-85
-114
19
73
188
369
545
558
545
452
330
341
251
-42
-155
-168
-231
-249
-228
-381
-337
-234
-172
-34
28
280
331
366
433
339
282
235
140
7
-63
-212
-184
-196
-353
-308
-246
-161
-162
-81
22
234
416
488
492
496
353
247
267
234
138
46
-29
-105
-166
-90
-16
-49
153
95
9
-52
-20
-187
-184
-210
-262
-230
-311
-256
-109
76
70
-19
-139
-63
-92
-7
-10
-87
9
0
133
362
429
475
356
303
323
453
679
787
961
1011
975
883
917
929
769
603
509
531
574
559
571
573
536
432
407
558
481
327
285
196
302
385
496
547
478
333
355
243
124
145
275
326
381
385
464
443
389
451
569
599
506
517
521
277
388
492
468
586
412
468
326
194
145
143
175
229
124
89
60
121
242
91
21
-148
-350
-433
-487
-338
-164
-137
0
-91
-108
-136
-254
-354
-381
-466
-498
-364
-250
-185
-137
-214
-359
-422
-374
-149
-189
-8
141
104
84
196
238
137
54
-38
-152
-317
-205
-38
-32
-72
-22
25
-41
-45
-6
113
220
180
323
271
66
-30
-50
-132
-139
-206
-283
-284
-180
-93
78
260
165
249
386
510
516
411
161
-7
-58
-9
144
115
98
82
-33
-36
166
301
438
526
574
417
317
298
302
244
163
-49
-132
-171
-306
-278
-171
-75
-20
-74
-110
35
7
6
23
-107
-268
-540
-759
-843
-972
-1101
-1148
-1268
-1249
-1077
-934
-667
-514
-472
-335
-223
-107
-92
-99
-105
-209
-170
-278
-413
-560
-545
-529
-507
-386
-219
-79
55
267
493
584
650
637
530
345
359
427
313
46
-212
-410
-402
-393
-189
-164
-123
-135
-167
-11
36
182
300
540
561
505
441
393
258
138
79
91
114
-26
-14
-42
-7
183
244
383
465
533
581
574
632
633
659
666
616
600
459
499
410
263
72
-66
-75
-163
-108
-86
-216
-357
-422
-424
-219
-84
-69
37
-100
-327
-418
-396
-362
-307
-316
-413
-509
-625
-666
-773
-779
-829
-768
-572
-412
-365
-304
-307
-280
-313
-183
-108
-79
31
-43
-43
-153
-304
-295
-438
-543
-530
-511
-535
-563
-473
-434
-410
-319
-147
-229
-91
-182
-167
-58
-78
52
-55
-268
-196
-156
-182
-190
-291
-188
-187
-203
-30
73
295
497
675
791
966
1036
930
933
934
800
753
435
321
346
240
287
373
339
274
295
320
531
754
795
892
729
671
566
411
458
516
517
367
176
176
73
28
43
3
-31
79
231
310
345
408
359
239
215
-52
-245
-320
-281
-24
1
-243
-411
-517
-473
-412
-391
-417
-476
-687
-591
-573
-303
-43
193
264
164
75
-75
-66
30
159
339
518
525
556
352
179
20
50
-25
-9
163
76
79
15
17
-23
-83
-82
-18
4
105
89
-33
-140
-323
-337
-348
-219
-247
-260
-242
-260
-81
187
369
512
604
568
492
465
370
419
458
397
425
463
281
214
344
332
460
556
699
739
786
735
703
723
503
420
320
114
74
4
29
-18
55
-71
20
260
387
459
403
393
267
257
397
353
284
318
94
-93
-288
-338
-353
-436
-302
-137
169
476
632
651
581
416
224
264
270
251
252
213
47
-24
-193
-256
-372
-388
-270
-250
-280
-435
-480
-498
-605
-580
-606
-626
-698
-715
-911
-929
-745
-911
-854
-721
-656
-628
-722
-687
-646
-598
-429
-179
-116
-155
-180
-92
-180
-207
-73
-61
-1
-105
-117
-88
-67
-190
-232
-171
-198
-275
-499
-552
-607
-574
-576
-493
-356
-243
-198
-152
-244
-319
-400
-446
-359
-226
-20
163
199
184
183
240
408
624
824
894
915
1054
1100
1002
772
575
530
452
525
500
638
728
650
429
222
-59
-251
-203
-76
-8
-192
-354
-244
-222
-111
-100
-109
-283
-430
-533
-471
-341
-331
-512
-577
-682
-754
-519
-340
-240
-191
-157
-106
7
123
157
25
-140
-129
-284
-276
-280
-517
-634
-771
-822
-839
-785
-761
-770
-690
-668
-707
-585
-566
-594
-589
-676
-711
-751
-828
-808
-912
-1023
-1076
-1146
-1056
-1036
-931
-734
-559
-508
-501
-541
-495
-405
-284
-234
-81
-32
-78
-31
-179
-153
-58
-47
7
2
-143
-251
-397
-439
-416
-394
-317
-170
-1
188
234
318
298
198
-15
-48
67
-35
-25
-8
-26
-306
-402
-487
-606
-642
-596
-486
-442
-158
75
256
383
354
322
221
118
109
53
-56
-77
-126
-189
-377
-422
-457
-485
-298
-224
110
325
353
411
526
732
708
700
703
408
214
64
-119
-117
-237
-351
-428
-330
-349
-267
-237
-91
18
158
344
461
396
165
-33
-114
-266
-507
-598
-652
-665
-767
-781
-633
-414
-172
161
337
475
513
448
502
415
369
366
434
276
274
259
296
427
458
481
512
554
578
661
706
807
802
847
833
801
686
638
725
655
514
505
454
406
445
357
319
351
277
379
314
193
210
270
291
343
338
326
300
279
301
273
280
259
282
392
346
155
241
404
437
469
487
464
366
172
162
114
99
174
208
236
148
102
-129
-231
-346
-415
-436
-405
-320
-451
-594
-704
-599
-550
-454
-547
-640
-557
-186
26
64
62
30
12
102
147
56
-72
-108
-165
-183
61
157
258
344
329
200
164
127
206
366
398
656
579
513
618
606
565
469
409
381
319
276
247
329
353
309
298
239
300
281
304
500
0
0
0
0
0
0
0
0
0
0
0
0
0
0
0
0
0
0
0
0
0
0
0
0
0
0
0
0
0
0
0
0
0
0
0
0
1
0
0
0
0
-1
0
0
0
0
0
0
0
0
0
0
0
0
0
0
0
0
0
0
0
0
0
0
0
0
0
0
0
0
1
0
0
0
0
0
0
0
0
0
0
0
0
0
0
0
0
0
0
0
0
0
0
0
0
0
1
1
0
0
0
-1
1
1
0
0
0
0
0
0
0
0
0
0
0
1
0
0
0
0
0
0
0
0
0
0
0
0
0
0
0
0
0
0
0
0
0
0
0
0
0
0
0
0
0
0
0
1
0
1
0
0
0
0
0
0
1
0
0
1
-1
0
0
0
0
0
0
0
0
0
0
0
-1
0
-1
0
0
0
0
0
-1
0
0
0
0
0
0
0
0
0
0
0
0
0
0
0
-1
0
0
0
0
0
0
1
0
0
0
0
0
0
0
0
0
0
0
0
0
0
0
1
0
1
0
0
0
0
1
0
0
0
-1
0
0
0
0
0
0
0
0
0
0
0
0
0
0
0
0
0
0
0
0
0
0
0
0
0
0
0
0
0
0
0
0
0
0
0
0
0
0
0
0
0
0