
0
0
0
0
0
0
0
0
0
0
0
0
0
0
0
0
0
0
0
0
0
0
0
0
0
0
0
0
0
0
0
0
0
0
0
0
1
0
0
0
0
-1
0
0
0
0
0
0
0
0
0
0
0
0
0
0
0
0
0
0
0
0
0
0
0
0
0
0
0
0
1
0
0
0
0
0
0
0
0
0
0
0
0
0
0
0
0
0
0
0
0
0
0
0
0
0
1
1
0
0
0
-1
1
1
0
0
0
0
0
0
0
0
0
0
0
1
0
0
0
0
0
0
0
0
0
0
0
0
0
0
0
0
0
0
0
0
0
0
0
0
0
0
0
0
0
0
0
1
0
1
0
0
0
0
0
0
1
0
0
1
-1
0
0
0
0
0
0
0
0
0
0
0
-1
0
-1
0
0
0
0
0
-1
0
0
0
0
0
0
0
0
0
0
0
0
0
0
0
-1
0
0
0
0
0
0
1
0
0
0
0
0
0
0
0
0
0
0
0
0
0
0
1
0
1
0
0
0
0
1
0
0
0
-1
0
0
0
0
0
0
0
0
0
0
0
0
0
0
0
0
0
0
0
0
0
0
0
0
0
0
0
0
0
0
0
0
0
0
0
0
0
0
0
0
0
0
-1132
-1084
-962
-1023
-872
-744
-1007
-840
-842
-749
-797
-855
-1000
-1094
-1060
-916
-847
-936
-901
-888
-1001
-944
-982
-889
-810
-796
-639
-724
-837
-774
-821
-759
-723
-674
-673
-589
-454
-354
-251
-388
-351
-300
-222
-272
-473
-529
-653
-811
-645
-812
-822
-787
-881
-841
-956
-934
-851
-659
-689
-833
-918
-835
-870
-1073
-970
-848
-966
-812
-736
-671
-661
-711
-684
-836
-650
-439
-438
-414
-336
-308
-388
-415
-392
-423
-477
-636
-717
-785
-633
-635
-540
-303
-107
118
14
69
139
10
-50
-6
52
85
45
47
106
107
268
321
364
352
291
266
276
285
322
328
211
211
294
304
276
214
120
169
215
103
298
315
134
208
207
161
312
183
22
133
50
-3
-134
-74
-42
32
28
12
-60
-53
104
53
-65
-138
-72
-85
-67
-182
-274
-338
-564
-748
-748
-698
-684
-586
-611
-341
-298
-222
-230
-340
-233
-375
-224
-43
30
185
353
427
506
389
263
76
-142
-57
-124
74
201
271
304
171
206
-32
-117
-290
-427
-565
-926
-894
-738
-766
-622
-67
338
782
1053
1155
868
599
647
514
128
-42
-106
-539
-468
-225
-161
-239
60
109
131
64
380
320
126
408
640
801
1054
1211
560
248
-159
-554
-787
-990
-514
-267
113
649
1043
1501
1499
1748
1455
1257
1379
1163
1077
965
782
623
542
630
769
863
954
711
753
458
240
-74
-159
-223
-12
204
338
704
792
888
611
536
450
460
1
80
-226
-353
185
368
722
937
949
1117
991
1166
1273
778
626
477
-192
-337
-105
78
-264
-231
310
253
293
368
228
248
211
258
371
217
664
400
952
748
-76
-153
-531
-797
-850
-574
-298
160
501
645
1115
1266
1220
663
212
-616
-1143
-1088
-1617
-1127
-859
-665
-16
351
644
315
271
-258
-333
-399
-572
-489
-600
-341
-470
-209
-338
-746
-814
-819
-645
-587
-1010
-587
-456
-80
278
382
361
152
92
188
5
-81
-202
-226
-282
-97
260
-92
-141
-3
-175
-67
-96
-420
-476
-575
-834
-812
-891
-1028
-934
-754
-515
-899
-774
-734
-512
-535
-611
-465
-487
-544
-536
-494
-587
-783
-1109
-1173
-1293
-1196
-933
-861
-684
-615
-285
45
-132
8
63
-296
-129
404
567
667
614
398
494
166
454
658
517
800
672
126
364
500
371
546
628
578
723
796
689
725
747
526
413
456
301
-95
-555
-519
-778
-495
220
482
696
848
1206
1215
1434
1471
1195
1343
1064
965
974
741
685
453
355
339
148
43
298
289
328
532
193
55
267
16
59
226
248
410
671
679
760
702
257
-117
-149
-383
-571
-976
-1189
-1087
-1490
-1381
-1857
-1850
-1886
-1779
-1147
-621
-366
-205
-402
-364
-321
-731
-747
-937
-1102
-1313
-999
-1103
-1315
-1060
-1361
-1286
-1065
-374
-190
219
490
123
108
-125
-595
-785
-779
-822
-1038
-1283
-1458
-1370
-1148
-1033
-864
-1498
-1319
-1296
-1199
-982
-973
-590
-431
-616
-682
-716
-836
-681
-652
-262
-289
-339
-255
-293
428
-42
-219
366
168
29
414
181
72
39
-10
21
181
177
-353
-328
-357
-502
-489
-597
-785
-902
-1117
-838
-745
-714
-777
-691
-438
-308
-922
-726
-1006
-1145
-975
-870
-186
-540
-364
192
402
208
91
-327
-592
-843
-761
-557
-626
-471
-440
-66
41
273
270
257
328
-123
-119
185
239
-18
108
683
864
648
431
1057
999
779
786
921
1292
1374
1760
2929
3033
2509
2271
1940
1535
565
104
208
243
65
392
778
419
609
347
328
-21
-248
-28
-150
25
96
474
375
433
205
-324
-681
-570
-52
-255
-84
137
98
-91
32
-106
-375
-326
-361
-533
-518
-254
-120
91
-165
20
533
697
832
1136
801
774
604
218
-52
-451
-664
-747
-659
-111
-16
273
-54
60
329
247
250
595
642
286
165
467
180
-168
-107
-103
-174
18
361
616
565
515
703
1207
1477
885
663
63
-293
-192
-89
-172
-400
-184
-100
-61
98
394
686
751
551
515
322
298
217
430
362
58
-118
-425
-980
-992
-791
-817
-917
-544
-313
-508
-596
-808
-796
-943
-1452
-865
-264
-412
-580
-791
-864
-753
-805
-391
35
-574
-647
-472
-668
-793
-51
685
590
1064
1250
1548
1689
1191
1283
1044
1026
1486
1558
1191
845
835
1088
1483
1604
1280
1763
1626
1532
1484
975
617
637
835
899
1189
1578
1392
703
503
416
13
-86
76
287
357
-188
32
441
132
-22
-205
-468
-778
-710
-719
-898
-733
-658
-409
-160
-19
178
210
216
-522
-1258
-1539
-1540
-1558
-1381
-1093
-933
-623
-427
-128
-58
-159
-543
-914
-744
-716
-913
-1516
-1846
-1656
-1569
-1291
-1087
-1062
-1443
-1027
-529
-658
-397
-509
-1290
-1336
-1264
-1509
-1196
-1161
-1494
-1619
-1913
-2039
-2007
-1449
-1399
-1657
-1853
-2295
-2428
-2037
-1375
-1372
-1224
-1704
-2116
-2714
-2401
-2253
-2110
-1704
-2209
-2631
-2580
-1865
-1045
-440
-553
-706
-564
-592
-743
-517
-728
-1166
-1042
-387
-41
265
272
237
-27
-162
-391
-956
-1088
-894
-850
-491
-285
-73
-111
-324
-388
-339
-167
-797
-1399
-1696
-1407
-896
-828
-469
-446
-551
-467
-668
-824
-625
-282
-139
132
422
126
91
212
185
-87
111
198
122
-6
-231
-77
249
600
434
541
341
529
387
116
-150
-513
-413
68
421
604
647
476
941
964
1082
1317
1114
1100
832
739
839
946
1179
755
850
922
867
1082
1253
1194
738
895
1074
1319
1940
2172
1792
1150
1301
971
573
661
641
391
669
619
1086
938
718
644
-51
64
-15
172
498
1000
987
1309
1250
1022
1216
1064
1043
976
931
684
772
552
469
189
304
921
1003
1149
1473
1646
1254
1169
873
951
978
839
1608
1958
1588
1313
984
852
1096
1471
1427
1348
1218
938
779
656
801
901
1176
1218
865
622
550
394
466
670
913
1285
1631
1764
1875
1612
1666
1472
1543
1386
1050
1201
880
794
914
840
522
706
658
1022
1481
951
658
564
387
365
308
232
160
54
359
339
599
405
-73
-137
191
558
888
1052
757
334
111
282
135
28
-22
-450
-591
-430
-15
228
417
303
93
66
245
343
59
-82
-247
98
398
669
626
564
515
214
35
44
193
447
636
742
586
481
394
671
1039
935
778
-24
-323
-256
78
292
18
-441
-789
-172
256
327
349
24
-423
-809
-607
-339
-407
-679
-667
-505
-449
-168
-389
-616
-709
-623
-393
-248
152
-44
-440
-701
-880
-907
-722
-752
-888
-1193
-1627
-1399
-1331
-1358
-1394
-1462
-1285
-1131
-724
-1159
-1329
-1187
-1325
-1449
-1460
-1603
-1978
-2168
-2171
-1741
-1444
-1645
-2085
-2177
-1935
-1312
-1212
-841
-750
-825
-624
-1123
-1222
-1036
-1413
-1541
-1520
-1538
-1719
-1652
-1455
-1107
-740
-598
-503
-446
-359
-528
-766
-627
-922
-1085
-794
-805
-944
-922
-920
-650
-481
-426
-672
-1065
-1263
-1488
-1305
-1147
-1187
-862
-965
-1116
-615
-85
405
872
886
775
709
449
349
-183
-434
-812
-1025
-846
-505
-456
-674
-342
42
148
216
392
337
302
457
450
95
-72
-186
-414
-760
-611
-428
-357
-260
-375
-678
-681
-891
-688
-425
-143
-142
-596
-480
-150
17
7
394
71
103
300
268
381
434
423
406
535
465
532
530
317
437
630
636
785
840
936
513
463
564
822
979
1317
1479
1522
1766
1400
1236
1289
950
695
635
632
631
569
398
468
591
597
679
605
435
435
649
598
408
770
744
605
1015
1421
1421
1563
1565
958
882
1027
1100
990
947
1322
1399
1560
1476
1086
1159
1256
1270
1066
1285
1362
1088
1010
1048
1036
819
1118
1049
1229
1008
463
252
136
246
163
464
705
910
865
645
542
504
598
715
570
532
316
216
24
-109
-267
-199
-351
-75
426
539
490
269
270
18
223
460
431
521
313
378
473
596
791
881
695
828
504
436
488
314
556
499
415
200
239
420
766
835
594
450
550
548
1083
1503
698
434
425
228
236
395
217
-213
-455
-489
-434
-364
-706
-1183
-962
-538
-140
143
124
-108
5
-303
-268
-94
-204
-374
-565
-380
-222
108
5
-45
201
353
818
1228
1054
563
15
413
722
451
383
466
400
613
1075
1510
1236
663
100
-22
655
636
648
959
1106
901
651
282
108
-148
-252
29
446
452
224
48
40
-69
-311
-188
-246
-494
-774
-1103
-1041
-741
-968
-1045
-1024
-785
-533
-374
-369
-579
-696
-606
-511
-426
-273
-440
-786
-822
-945
-1076
-951
-1283
-1263
-1375
-1011
-313
-176
-320
-466
-864
-1157
-1144
-1290
-1243
-1028
-918
-1051
-1405
-1549
-1729
-1648
-1436
-1370
-1439
-1531
-1408
-1198
-1223
-1259
-1428
-1668
-1839
-1771
-1256
-929
-1197
-1397
-1174
-905
-856
-636
-436
-509
-677
-707
-754
-844
-715
-1233
-1374
-1146
-1007
-1089
-992
-871
-396
-103
-165
99
3
-77
-239
-220
41
78
-166
-268
-429
-439
102
225
160
386
353
214
502
846
935
453
26
-211
1
69
239
550
625
1153
1038
1218
1260
929
761
669
757
852
492
266
186
-61
122
206
256
-36
-133
93
20
321
83
-18
-192
-168
25
86
115
9
87
-32
18
-127
-119
-462
-577
-217
55
286
399
-85
-554
-509
-282
-249
-315
-666
-1059
-795
-410
14
558
614
468
818
1137
1282
1306
1308
929
659
738
870
1158
1284
1364
1072
893
901
864
775
772
791
639
1195
1673
1846
1808
1405
947
744
938
902
806
670
684
254
320
609
853
889
354
379
265
124
77
45
208
-5
-53
-151
-172
10
141
541
839
727
579
520
408
264
170
135
202
200
286
320
409
392
-65
-30
10
83
254
10
-32
468
593
800
799
791
1043
694
608
470
313
95
-81
-314
-294
-98
-81
270
236
193
312
-49
-154
-334
-696
-930
-903
-695
-399
17
-208
-519
-774
-787
-870
-856
-853
-810
-828
-557
-247
-205
29
-373
-709
-799
-822
-867
-796
-832
-1053
-1116
-606
-247
-102
-216
-418
-726
-847
-763
-835
-671
-996
-1122
-1155
-873
-993
-1007
-874
-1149
-1179
-1196
-830
-566
-508
-649
-455
-15
43
21
160
332
113
82
220
130
140
98
118
217
491
477
275
-50
-209
-365
-650
-311
-472
-561
-266
-185
-154
-340
-524
-466
-412
-489
-528
-446
-267
-10
332
402
289
162
191
221
421
635
763
1058
1013
1293
1152
776
465
306
599
440
471
721
376
451
364
348
476
685
834
593
553
609
633
531
366
443
146
-12
-36
43
232
236
156
184
-111
-15
145
97
177
180
369
334
78
-291
-483
-421
-255
-331
-275
-348
-700
-972
-1042
-508
-288
-108
84
197
262
-116
-144
16
-100
-167
-378
-516
-729
-819
-578
-536
-271
-375
-216
-360
-109
168
69
59
-338
-352
-440
-503
-473
-270
-433
-642
-591
-140
-89
135
270
-77
112
410
571
585
457
211
86
246
514
276
207
22
-81
47
84
147
189
195
374
436
481
488
486
521
386
400
270
275
479
520
305
143
149
127
68
15
19
-197
-466
-686
-805
-474
-292
-321
-543
-859
-858
-754
-651
-454
-693
-955
-1328
-1218
-710
-562
-766
-1185
-1073
-1086
-879
-1020
-1481
-1660
-1574
-1349
-944
-657
-517
-399
-535
-638
-884
-1113
-1343
-1403
-1604
-1454
-1323
-1247
-846
-716
-727
-977
-1275
-1351
-1394
-1312
-1174
-1286
-1099
-1044
-832
-774
-907
-758
-914
-658
-670
-773
-676
-721
-847
-691
-688
-382
-106
-158
18
103
115
-187
-360
-460
-501
-455
-135
49
83
40
-239
-378
-377
-383
-473
-729
-704
-798
-568
-262
-430
-322
-181
-5
204
388
294
275
180
159
154
111
231
374
43
-397
-514
-395
-430
-635
-673
-614
-751
-917
-862
-751
-701
-842
-769
-914
-974
-1103
-1322
-1127
-1097
-1089
-1076
-1230
-1212
-908
-534
-371
-400
-505
-520
-230
-224
-145
-36
-186
-55
133
166
196
54
249
217
128
362
473
365
411
559
629
773
895
683
764
442
155
213
324
594
654
556
493
476
355
436
577
465
406
628
607
632
365
497
736
487
499
454
270
27
74
405
641
415
318
391
371
889
1189
1204
1034
907
1191
1433
1303
1253
887
550
511
764
1195
1112
971
749
665
684
718
839
789
796
748
996
1291
1445
1449
1482
1432
926
1092
1408
1342
1391
1311
1236
1063
1089
1148
1268
1140
1260
1590
1712
1695
1644
1425
1104
1110
1084
1175
1576
1569
1466
1464
1506
1324
1097
1211
1209
1085
896
986
1051
1025
847
675
646
268
187
269
318
296
343
402
768
718
420
568
330
346
232
331
509
533
507
321
502
458
357
508
522
223
123
324
187
286
328
171
-47
-132
-142
-114
-7
85
-353
-594
-320
-308
-338
-150
-262
-392
-657
-669
-781
-1058
-951
-809
-680
-891
-869
-1220
-1339
-1381
-1381
-1260
-1356
-1666
-1531
-1418
-1343
-1242
-1104
-990
-1295
-894
-573
-585
-893
-773
-482
-245
84
-67
114
307
510
630
534
370
-5
-84
127
192
508
809
517
396
576
477
151
-88
7
-30
-28
227
42
55
132
200
210
-21
-500
-300
-267
-204
80
308
259
-79
-179
-253
-389
-151
-483
-1027
-628
-343
-598
-659
-373
-788
-795
-626
-796
-1389
-1603
-1360
-1484
-1400
-1038
-744
-1133
-1317
-1366
-1679
-1619
-1448
-1408
-1464
-1319
-1213
-1305
-1264
-1253
-1299
-1168
-986
-909
-669
-418
-214
-317
-124
-12
-128
-68
-137
202
283
184
281
550
403
556
960
1122
1043
1102
1434
1184
994
1222
1217
793
593
890
1218
1289
1007
832
871
554
449
631
587
429
377
593
382
309
563
311
554
514
178
486
302
86
173
301
191
144
380
273
416
338
437
338
361
187
20
37
-446
-352
-240
-625
-574
-83
-220
-160
-51
-225
-426
-318
-236
-225
-489
-320
-48
-353
-448
-148
-23
-294
153
177
-135
-38
286
473
532
825
794
632
556
675
466
281
719
865
508
469
519
357
377
350
296
612
630
244
509
734
486
742
895
739
892
999
717
830
1109
1155
1038
980
1102
1253
1314
1343
1592
1484
1337
1443
1634
1662
1500
1147
1188
1432
1250
1058
1320
1448
764
877
1114
979
949
1048
816
353
320
493
505
214
466
784
701
402
691
925
393
516
679
364
734
1185
968
938
1086
1081
1006
339
259
264
-201
-438
-534
-102
26
-444
8
420
-241
-297
297
287
-306
43
479
518
443
513
848
407
308
391
754
641
635
816
429
760
872
712
501
917
940
591
421
478
504
260
456
503
253
-82
-218
227
-94
-725
-154
-23
-412
-604
-66
-164
-717
-354
106
-156
-745
-384
-531
-835
-493
-488
-583
-881
-618
-597
-788
-177
-248
-410
-341
-444
-808
-826
-480
-279
-210
78
-60
-298
-241
-199
-171
-228
-14
-132
-785
-957
-649
-709
-599
-601
-581
-695
-1090
-617
-136
-305
-12
485
153
-113
306
235
222
93
162
126
56
241
-46
194
99
117
-18
-30
32
-137
-311
-417
-333
-718
-1105
-1003
-564
-796
-873
-728
-1001
-1328
-1052
-875
-1076
-1167
-1057
-915
-1445
-1555
-1160
-1534
-1929
-1746
-1556
-1242
-1415
-982
-723
-914
-1373
-1507
-1141
-1068
-1265
-1283
-851
-882
-1115
-962
-936
-934
-689
-412
-709
-558
-320
-1101
-773
-126
-799
-940
-315
-811
-1117
-526
-562
-794
-687
-721
-645
-522
-519
-762
-592
-349
-565
-150
-154
-258
-125
-266
-243
306
-60
-224
350
-288
-418
-104
-705
-828
-566
-684
-766
-707
-274
-681
-952
-192
-399
-723
-507
-96
-496
-937
-426
-610
-852
-412
-380
-784
-165
-130
-851
-267
-278
-562
-810
-561
-245
-600
-676
-448
-336
-524
-499
-722
-528
-775
-598
-217
-545
66
-469
-760
-373
-689
-689
-408
-525
-526
-596
-857
-589
-455
-821
-675
-374
-96
-161
47
292
-375
-158
-281
-403
-378
-278
-500
-577
-576
-607
-105
-414
-133
-241
-49
-298
-369
-12
-331
-541
-775
-713
-1045
-946
-781
-726
-481
-584
-1013
-1079
-933
-1407
-756
-199
-201
-185
130
-280
-690
-139
-146
-122
-96
-69
-193
76
56
55
274
-221
-130
406
861
567
521
540
869
540
442
1329
1123
689
750
1250
473
536
772
644
430
735
904
1013
832
664
1043
656
622
437
936
948
904
1168
1390
1209
540
1055
1502
1010
1068
1167
1113
1016
849
1159
1518
1404
1045
1236
1337
1196
914
952
732
1036
933
1138
1328
834
628
1221
1310
430
993
1341
495
1454
1872
1030
1281
1581
964
1004
1451
794
675
1284
574
249
974
222
349
925
408
656
1213
871
516
1233
1065
669
854
794
160
216
376
98
459
648
186
14
239
-329
-318
16
-334
-339
208
-62
-398
622
265
-470
105
-26
-491
-314
144
-574
-221
-41
-664
-87
159
-395
-232
499
-484
-272
312
-537
-125
111
-484
-533
45
-323
-504
-124
-548
-245
-216
-579
-586
-100
-591
-788
-300
-832
-751
-372
-587
-265
-377
-638
-49
-158
57
-266
195
67
-365
184
-403
-537
-313
-469
248
-4
-599
318
690
-205
139
7
-189
-144
-520
-118
-572
120
-424
-663
-379
-532
-769
-562
-455
-728
-286
-934
-522
-593
-476
-753
-1293
-378
-709
-1317
-722
-449
-902
-687
-349
-954
-480
-1038
-1288
-697
-557
-1115
-449
241
-1026
-295
-260
-979
-467
-388
-851
-465
-113
-759
-540
292
-290
-1014
-300
-477
-1158
-478
-1002
-771
-39
-908
-441
423
-324
-397
404
-4
-523
-727
-534
-799
-819
-592
-893
-485
-353
-1006
-84
89
-441
-367
138
-79
-718
383
269
-1048
-523
249
-684
-270
-142
-442
-350
-232
-573
-558
-428
-645
-393
-350
-715
-385
-282
-623
-15
-181
147
248
112
342
147
-95
125
-167
-294
-58
-224
-237
-272
-247
-139
-671
85
-205
-388
548
-9
-467
-182
-342
-641
63
38
160
133
407
33
91
283
2
-168
-157
-177
-484
73
14
-111
-165
305
-77
-580
19
-83
-431
-52
-452
-356
20
-431
-533
459
161
-897
171
993
-417
-85
497
-118
143
628
581
793
364
-166
908
856
351
1042
714
919
1353
793
1284
1398
1825
968
1541
1914
1046
1805
1337
730
1176
1138
131
947
486
783
2010
1411
1596
1706
1535
761
1117
1491
125
1092
2180
1517
733
2014
2737
1116
1479
2717
1588
1000
2289
1765
1002
2112
2250
1302
2281
2042
1064
1400
1914
854
1184
2146
1360
1493
1644
1801
1564
2113
2209
1711
1405
1321
1602
554
1110
1537
788
486
1459
952
792
1387
1218
1447
1407
852
739
1136
832
149
653
1010
150
959
678
110
597
-168
173
135
-789
-515
475
348
-96
769
615
14
44
-418
-841
-725
-387
-746
-401
58
-100
-499
-558
-33
-793
-1147
-514
-334
-674
-738
-94
-720
-1032
-539
-430
-215
-420
-4
-403
-856
-890
-946
-928
-540
-200
-350
-664
-492
-962
-609
-673
-1325
-457
-166
-1598
-503
173
-1459
-1389
-400
-772
-1019
-711
-217
-778
-1277
-1755
-1384
-845
-1485
-1293
-629
-981
-1761
-1050
-1310
-1733
-1092
-821
-997
-831
-212
-1099
-1249
-442
-514
-963
-121
5
-941
-670
140
-214
-748
-156
415
-524
-382
17
-502
-387
-159
-135
-415
155
-104
121
420
-164
-390
-635
-477
153
-10
106
428
-379
-70
-221
-555
-477
-1101
-720
-1222
-1403
-791
-867
-1031
-1462
-611
-528
-1226
-392
-349
-793
-373
-279
-868
-177
-616
-1389
-259
-47
-1182
-223
92
-1117
-430
435
-162
-263
904
493
-756
-449
-232
-752
-891
369
328
-138
-310
-117
-350
-757
272
720
-87
-606
239
404
-1170
-744
326
199
-77
-351
231
191
-696
270
123
-38
294
-145
575
890
455
-99
514
231
93
-437
187
900
-467
82
-245
533
-208
-419
-436
-1242
-456
-674
-809
-362
282
-758
-16
60
-855
-626
-1035
-1804
-493
915
-458
157
297
-565
-873
-261
-42
366
12
-7
612
-155
200
399
131
22
250
582
-683
-609
163
-235
-769
796
1181
303
765
869
651
-525
-58
520
732
866
380
570
-53
-1248
-535
-443
-344
-394
-293
-176
-588
-270
-471
360
429
-267
-67
199
-487
-667
-112
120
-595
1105
759
-129
688
206
-216
534
1156
-135
859
1684
1207
1213
1785
1021
63
562
694
686
1253
1055
989
1589
1345
1012
1286
1459
676
24
253
255
5
296
658
427
182
961
-213
-140
678
-286
-131
744
275
196
821
747
347
151
687
408
-225
768
948
264
1662
953
327
919
483
-17
1155
1100
-402
24
214
-4
-407
-130
642
465
184
321
634
-189
-558
-454
-312
-311
-416
535
-101
-322
149
647
702
201
-779
-141
422
-363
158
568
294
-864
-1531
-826
-497
-492
45
-9
34
-368
-1253
-772
-357
-55
997
690
40
-30
-901
-1527
-836
-285
-774
-179
325
-177
-1000
-748
124
-412
-279
878
917
-138
-853
-1145
-1285
-508
-246
214
804
-159
-667
-797
-928
-1119
238
1324
1319
1063
263
-758
-880
-880
-941
129
630
-380
-1325
-1067
-492
-920
-339
529
714
230
-313
-734
-1413
-1068
-931
304
773
293
-202
-253
-691
-1424
-217
15
456
988
666
46
106
162
-483
602
1844
1240
1381
1431
826
-85
16
1572
1583
867
1337
1429
222
-315
476
35
-512
455
413
-391
14
76
-591
261
780
280
832
761
-223
-1026
-535
-326
-628
-84
322
51
-171
-497
-307
-576
-336
179
259
868
261
-602
-530
-564
-567
-368
326
907
395
482
-51
-819
-1122
-569
413
503
384
635
841
27
-881
-572
-273
-485
-430
-656
-888
-1214
-1244
-716
229
438
397
161
-560
-1122
-2018
-1613
-1039
-524
378
720
201
-1119
-1668
-1669
-1740
-1368
-279
646
536
-304
-196
-1117
-2256
-1499
-583
84
523
768
-565
-1737
-1328
-1647
-1385
759
1543
1000
276
-585
-1203
-1440
-1079
182
972
452
-55
-115
-1227
-2534
-1962
-612
-284
-165
-1
-131
-1135
-2396
-2789
-2229
-1343
-911
-650
-420
-1835
-2413
-3111
-3529
-2302
-1664
-925
-587
-295
-1234
-2978
-2971
-2410
-2423
-1861
-275
-191
-1262
-1751
-2635
-2880
-2452
-1457
-538
456
736
41
-960
-1543
-1501
-644
-143
296
752
559
365
-783
-1065
-262
231
195
624
1228
914
306
-219
619
937
377
1316
2642
2299
1727
2368
2889
2317
2770
3414
3876
4298
4341
4310
4179
4013
3927
3797
4487
5596
5850
5596
4973
4916
4535
3438
3704
4801
4572
3931
3706
3416
2423
935
485
786
310
392
950
610
-823
-1785
-2520
-3873
-4621
-4738
-4216
-4507
-4919
-4817
-5807
-6667
-6626
-6492
-7201
-7435
-7769
-8016
-8578
-9741
-10019
-10426
-10714
-11990
-12365
-11393
-9925
-8008
-7859
-9935
-10562
-9869
-7582
-3562
593
4071
4410
3560
4132
5327
7163
11936
15944
17467
17942
17462
16102
14297
13436
13811
14013
13557
12273
10165
7080
3494
540
-1579
-1657
-479
137
-1354
-4373
-6693
-8852
-9021
-7363
-4605
-2822
-2218
-2165
-1907
-1711
-718
1549
4086
6749
8791
10294
10912
11641
11193
11133
12889
13902
14076
14527
14010
11642
8728
7723
6916
5586
4788
3201
656
-2007
-4478
-6462
-8068
-8546
-8760
-10344
-11432
-12165
-13476
-14281
-13558
-13620
-14217
-14737
-13301
-13313
-14925
-14791
-13828
-15260
-17097
-15797
-13684
-12299
-11257
-10363
-11485
-13300
-13310
-9615
-4821
-775
3049
3882
3910
3829
5634
8555
13170
18775
20777
20256
19067
17756
17640
17387
17754
19011
18567
15648
11828
8974
5066
1907
90
86
1058
83
-2892
-7028
-10351
-12566
-13113
-10343
-7239
-6378
-6749
-7616
-8448
-9239
-7416
-3589
46
2613
3950
4127
3243
3725
5536
8935
13907
17852
17759
16368
15172
14052
13778
16438
18850
18730
17681
15596
10841
6267
5466
5735
4814
4076
2586
-2135
-7714
-10401
-11355
-11415
-9975
-9675
-11589
-14417
-14560
-14513
-15055
-15476
-14251
-13434
-13605
-13210
-13496
-14916
-16290
-16679
-17067
-17285
-17706
-15432
-12313
-11099
-13782
-17785
-18000
-15178
-10969
-4652
832
1742
232
-132
965
4600
10856
18660
22116
21156
20120
18255
16170
15665
19072
21447
19846
16247
11542
6045
574
-1786
-1962
-2420
-2488
-3060
-6733
-11870
-15311
-17429
-17780
-14572
-9581
-6249
-7652
-9984
-11836
-11944
-9485
-3854
2592
6171
7728
8084
7236
6703
8483
11852
15256
18346
20969
21125
18921
15955
13493
13406
15751
18784
20073
18694
14314
7474
3698
3776
4613
4141
3405
646
-4592
-9681
-12545
-12353
-10909
-8867
-10139
-13115
-14803
-14394
-14669
-15439
-12844
-9417
-9887
-11877
-11408
-10465
-12002
-14172
-13957
-12364
-12351
-13745
-15879
-17245
-15004
-12142
-12235
-16038
-17673
-17892
-16516
-11516
-3873
402
-1169
-1703
643
3569
7128
14421
21180
21060
18086
18351
20927
22210
21208
20599
20830
19581
16207
11708
9378
7493
3763
809
1097
2135
-1300
-7406
-12256
-13581
-13466
-11133
-6501
-4145
-5677
-10435
-12163
-9203
-3671
778
4312
7830
8153
4776
3978
7380
12105
14828
16943
18467
17856
15032
12283
11642
13509
15331
15551
15183
13871
9833
5560
3964
4977
7085
7232
4562
603
-3447
-6591
-6757
-4659
-3121
-4435
-6686
-9633
-13633
-15132
-12016
-8874
-8796
-9100
-8248
-9793
-13265
-13665
-11545
-10605
-10884
-10526
-11075
-12582
-13880
-15420
-18561
-19700
-15993
-10027
-8138
-13505
-20474
-24498
-22944
-14577
-2131
5585
3459
-976
-917
109
2606
12608
25594
30014
25820
23138
22954
20633
18199
21730
28619
31027
26295
18761
12073
6775
2662
1445
3774
7389
5981
-2220
-11466
-15876
-17068
-14287
-6413
460
-1178
-7637
-11324
-11422
-7828
-1439
5427
7777
5810
2757
1649
4628
9462
13945
14999
13465
12543
12187
11061
10451
12173
12737
10799
9846
10548
8541
4390
1551
1870
2322
2400
1807
-284
-2894
-5578
-7840
-6979
-4762
-6314
-8825
-9022
-10536
-14183
-13947
-8766
-7066
-9483
-10247
-9482
-11108
-13137
-10272
-6492
-5289
-5732
-7068
-9195
-12570
-13464
-12669
-12445
-13889
-12679
-9413
-8493
-13816
-21773
-23736
-18340
-9851
-4036
-37
258
-1835
-5248
-4807
3770
16766
26170
26644
23998
21492
18146
16724
21267
28850
32495
30302
23905
17139
12157
9078
9051
10198
10381
8112
3583
-3431
-11084
-14776
-13208
-9307
-5044
-3284
-6561
-13700
-18415
-16797
-10039
-2774
-39
-2195
-5567
-7315
-6283
-2537
2601
6711
6545
3204
1825
2810
4068
4883
6716
8370
8998
8608
7685
5537
3115
3029
4576
6001
6072
4780
1387
-3155
-5322
-3898
-2019
-3307
-6090
-6908
-7224
-10065
-13707
-11966
-5957
-5237
-11115
-12797
-9087
-9232
-11575
-7594
-956
-1678
-7633
-9359
-7016
-8379
-10657
-8717
-6295
-10967
-17699
-16853
-10983
-10685
-18172
-21414
-17141
-12377
-11235
-7992
-1181
-214
-4424
-5193
1857
10851
17916
23016
24594
21890
16892
16214
22503
29739
32542
30200
24936
16820
10349
8650
10917
13123
11034
6870
2758
-3025
-10297
-14069
-12239
-8108
-4338
-3094
-6479
-12993
-18905
-19360
-13572
-5628
-1272
-2352
-6985
-10730
-11118
-6002
1949
7807
7792
4186
1569
1951
4235
7746
11485
12012
10602
9827
8877
7798
7039
8462
8698
7827
7686
7393
4421
-483
-1774
-224
-255
-3930
-6231
-5728
-5440
-7468
-10380
-10881
-7087
-5261
-8561
-9994
-6395
-5491
-8903
-7686
-1481
-565
-5907
-8681
-6707
-6261
-8755
-8345
-6608
-10147
-17461
-17290
-10102
-5869
-10672
-17091
-17559
-15356
-13609
-9125
474
4474
-483
-5068
-2108
5239
13758
22204
25696
21802
16136
15283
19726
25268
30523
32288
26649
17363
12379
13228
13524
12937
12238
10418
4891
-1597
-5744
-7440
-8357
-8853
-6487
-3732
-5753
-11666
-17090
-17841
-14133
-7575
-2342
-2128
-6762
-12023
-12785
-6617
2591
8910
8002
2291
-1087
10
3609
7659
11747
12855
9507
6525
7046
8281
7978
7955
8891
8838
7877
5975
3188
50
-361
1940
2305
-434
-4399
-7174
-8510
-7110
-5755
-6464
-6577
-5524
-7291
-10574
-9000
-5797
-6066
-6303
-2535
-528
-4050
-7981
-7448
-5743
-7182
-6878
-4097
-5610
-13864
-18187
-12369
-4642
-3754
-10183
-14764
-16599
-16812
-11997
-988
7303
3485
-3510
-4492
897
8513
18395
26603
25789
18425
12422
14400
21881
29241
32427
29477
22368
14234
9586
10539
15087
16526
11445
4235
-397
-3765
-8022
-9745
-7962
-5954
-6249
-7973
-11290
-15590
-18714
-17584
-11734
-4771
-2829
-6834
-12508
-14576
-10805
-3556
3052
5726
3583
-1917
-5483
-3104
2346
7710
10664
9584
5777
2968
3441
6232
9423
10591
9164
6740
4548
2655
1198
1375
3300
3187
-405
-4059
-6654
-7691
-5976
-3454
-4626
-6748
-6092
-6011
-9039
-9206
-4163
-2645
-5733
-6163
-2256
-1988
-5201
-5759
-3815
-5243
-8129
-6588
-4643
-8290
-13895
-14388
-10511
-5960
-5001
-11181
-18499
-20367
-16805
-9372
-250
5280
1381
-5997
-8307
-3296
6659
18878
25570
20898
11725
7838
11302
18940
27379
32071
26842
14770
6734
7535
12451
15923
14930
8837
1028
-4211
-6560
-6635
-4944
-3594
-5156
-8503
-11555
-13869
-15416
-15515
-12866
-9096
-6396
-7290
-11625
-15395
-14986
-10462
-3129
3788
5049
-1658
-9187
-9606
-3750
3185
9525
11968
6960
-652
-2262
2643
8232
11953
13628
11987
7981
4089
2742
4454
7690
10600
10072
6312
952
-4077
-5104
-583
4468
3673
-469
-2809
-4148
-6469
-5641
-378
1097
-3089
-4601
-1683
-2020
-5664
-6173
-4367
-4841
-6191
-4804
-4818
-8859
-13932
-15369
-12993
-8033
-5082
-9352
-17851
-22949
-21247
-14128
-3192
4395
1579
-9115
-14789
-9330
3639
15908
21983
20636
13300
5980
5150
14222
27206
32364
25633
16314
11870
10147
9894
14208
19492
17042
6910
-462
-1527
-1106
-1842
-685
16
-3655
-9800
-12583
-11154
-10156
-10693
-10304
-7697
-7327
-10596
-13389
-12345
-8683
-5001
-2172
-2302
-5039
-7770
-7400
-4633
195
4996
5041
832
-1485
983
4094
7360
12453
15469
11874
5922
4342
6852
10078
13696
16871
15245
8584
1145
-1883
651
6545
11673
10176
3029
-5306
-8503
-6345
-1422
2900
2819
-365
-5144
-8537
-9819
-7417
-4050
-3635
-6054
-7902
-7311
-7993
-10715
-12653
-11116
-9387
-10776
-12804
-11721
-9360
-12267
-18158
-17803
-12336
-9642
-9103
-5904
-3726
-6771
-6900
-1771
2600
4155
8433
12849
11582
10021
12807
16455
17347
19125
21211
19244
15170
14059
15400
15942
15602
14204
9648
4960
3386
4176
4986
5375
3096
-3517
-9255
-9097
-6136
-3802
-2632
-4129
-10837
-17151
-16632
-10657
-5535
-4189
-6631
-11138
-14713
-15056
-11265
-6254
-3052
-3894
-6366
-5727
-1815
1384
2006
3733
6953
9069
9311
10856
12661
12734
12769
14019
16367
16824
14359
9590
7034
7896
10168
11864
11043
6655
-1317
-6078
-3827
784
1482
363
-1987
-7805
-13702
-12643
-6443
-2994
-4052
-6785
-9770
-11972
-11375
-8311
-5334
-3719
-5123
-9347
-12466
-11118
-8840
-9436
-8701
-5300
-4888
-11825
-17474
-16179
-10788
-6803
-4829
-2952
-5129
-9465
-11925
-6699
3812
12446
13579
9459
7045
5482
6282
12765
22518
25856
19459
12513
10267
11610
14683
19228
20004
13229
5822
4952
8685
8773
4492
-564
-3107
-3648
-4025
-4599
-5931
-8308
-12164
-15081
-13815
-10219
-9103
-12703
-17291
-17875
-14578
-11944
-10508
-9340
-8106
-9076
-10115
-7142
-1286
2295
2702
4716
7850
8917
9072
11492
14581
15271
15608
16576
16757
16155
16212
16033
14673
13806
12128
9684
8083
7432
4702
-314
-1963
-117
-181
-4907
-7385
-6692
-7645
-9684
-7885
-3854
-5198
-10276
-12003
-9012
-6055
-4826
-4562
-6287
-8625
-9502
-7046
-3619
-2352
-4412
-7563
-9807
-11735
-11238
-7454
-4382
-6187
-10551
-13709
-16093
-13809
-7116
-866
-1167
-4673
-6066
-6529
-4436
2426
11429
12993
8378
4547
4687
8354
13617
17865
17372
14827
11853
10478
10987
12543
12230
9172
7800
8043
5457
-433
-3761
-2932
-1526
-1571
-2220
-3605
-7239
-12083
-14639
-10818
-4070
-2910
-8455
-13065
-12359
-10917
-8730
-3142
2074
-498
-6485
-6335
-1967
1175
4150
8836
9985
5633
2264
2708
6381
10935
15080
15801
11904
6906
4377
6296
10886
13827
11771
6642
1404
-2681
-3066
1055
5686
4090
-2130
-6947
-7665
-6190
-2587
1110
175
-4728
-7693
-7113
-5392
-3311
-1758
-2244
-4447
-5831
-5067
-3719
-3460
-4766
-6533
-6817
-6266
-6394
-6949
-6420
-7693
-10554
-10182
-5740
-3705
-6781
-8836
-8116
-8213
-8898
-5082
1156
1499
-3328
-5649
-3133
176
2832
5461
6972
5206
2182
2281
5235
8921
10053
9397
8720
8351
6335
3808
4115
6142
6740
4987
3523
1786
-600
-2618
-2761
-242
1818
116
-4868
-7207
-5705
-4647
-4370
-1933
1175
-71
-3062
-2362
230
1014
1333
4310
7075
7369
5330
3290
2678
4731
8517
11021
11163
8659
4623
2044
3617
7740
11878
12658
8765
2443
-1170
31
3214
4895
4417
2576
-343
-3111
-3655
-1759
-661
-610
-49
-529
-3015
-4441
-3008
-1953
-2927
-2802
-873
-512
-3287
-5365
-4643
-3235
-3237
-3590
-2660
-2119
-4307
-6791
-5129
-422
1336
-1409
-4235
-4260
-3524
-2737
454
3439
1895
-2705
-4975
-3674
-793
2196
3868
2307
-1782
-4190
-2508
450
2191
2501
2328
1208
-857
-2251
-917
1396
1431
224
327
835
-861
-2592
-1871
673
1615
772
503
642
491
-202
235
1914
3315
3015
2286
3233
3684
3112
3306
5127
5565
4585
4832
5111
4046
2985
3666
5027
5595
5420
4185
2556
1678
2306
2881
3407
4533
4379
1480
-1136
-1440
-539
-517
-798
-815
-1464
-2884
-4681
-5923
-4990
-2037
-354
-1271
-2453
-2835
-3728
-4703
-2422
1809
2846
148
-2312
-2315
-1830
-1259
285
1934
2199
111
-1896
-1106
1170
1619
540
707
1427
440
-534
1754
3287
936
-1648
-333
1069
7
-77
1712
737
-3934
-5443
-2748
-821
-2106
-3902
-4484
-5408
-6808
-7183
-4649
-2434
-3366
-6213
-7348
-6205
-4787
-3661
-2921
-2900
-4147
-5546
-5550
-3879
-1027
534
-490
-2208
-1676
-172
3
623
2657
3068
547
-545
1925
4778
4658
3416
3037
2632
2037
2606
5027
6405
5245
2407
1059
1717
2812
3579
3987
3556
1647
-339
-525
551
911
-229
-1295
-1135
-932
-2416
-4664
-5668
-5451
-4761
-3872
-2084
-1363
-2850
-5107
-5125
-3087
-1254
-956
-1291
-869
-895
-1894
-2225
-277
1675
1553
1281
3030
4823
4335
3069
3527
5551
6606
6038
6503
7929
6883
3762
3116
5747
6581
4316
2749
3788
2999
496
-432
930
914
-1432
-2841
-2938
-3604
-5893
-6965
-5541
-4136
-5027
-7581
-8742
-7952
-6763
-6281
-5587
-4333
-4246
-5985
-7367
-5871
-3059
-2207
-2543
-2261
-902
-730
-1402
-100
2422
2720
132
-272
2207
3875
3389
3265
4025
3663
3113
4520
6909
6883
4830
3332
3676
4693
5677
6379
6538
4208
813
-79
1989
2934
1348
-265
-831
-1570
-2984
-3732
-3582
-4117
-5480
-5458
-3783
-3176
-4371
-5441
-6270
-5976
-4021
-958
769
-168
-2794
-4549
-3477
-661
2449
4504
4852
2969
1268
2316
5316
8131
9688
10869
9974
7543
7156
9519
11122
10940
10862
11004
9247
6671
6224
7575
7755
6136
4179
2938
2422
1130
-208
-443
11
-1265
-3898
-5224
-4494
-4091
-5675
-7067
-6905
-6887
-8332
-7904
-4546
-2866
-5262
-8046
-7311
-4988
-3554
-3073
-2605
-2770
-3922
-4143
-1977
1354
1950
-518
-2333
-1193
452
1568
3077
3763
2097
-69
506
2965
4653
4533
3233
2716
3119
4007
4449
5230
5409
3469
1390
1900
3310
2614
930
402
149
-1769
-3616
-3505
-3100
-3998
-4707
-4896
-6022
-7606
-8074
-7255
-6883
-7088
-6517
-5996
-6123
-6783
-6107
-4405
-3430
-3301
-2605
-1474
-822
258
1695
2546
2137
2692
4929
7569
8976
9516
9238
8073
7336
8827
11583
12284
10674
8310
7016
6731
7376
8072
7776
5528
2274
631
1139
2157
1585
-364
-2480
-4238
-5311
-5535
-5091
-4446
-5670
-7964
-8914
-7971
-7317
-7583
-7593
-7419
-7978
-8437
-7276
-5728
-5856
-7011
-6864
-5631
-4485
-4503
-5025
-5054
-4883
-4307
-2482
-333
-620
-2679
-3191
-1230
624
1444
2225
2157
1190
460
1992
4272
5120
4456
3464
3289
3652
3795
3590
3780
3770
2981
1799
1066
118
-1119
-1553
-991
-1173
-2587
-4012
-5171
-6545
-6883
-5272
-3234
-3638
-5694
-7072
-7582
-7162
-5321
-3248
-2481
-2943
-3320
-2526
-1484
-563
777
2438
3421
4067
4632
5184
5468
5485
6397
8570
9981
9345
8056
7436
7581
8002
9116
10250
9627
7077
4510
3650
4200
4733
4881
4307
2449
-341
-2360
-2249
-1459
-1207
-1981
-2931
-3368
-4338
-5787
-6384
-6004
-5734
-6056
-6141
-5702
-5714
-6548
-7324
-6305
-4590
-4318
-5230
-5362
-4598
-4612
-5092
-4131
-1891
-1586
-3333
-3632
-1742
-136
16
1140
2837
2984
1553
1136
2800
4278
4410
4225
4846
4441
2146
1112
3354
5685
5241
3538
2755
1189
-764
-1014
774
1657
229
-1865
-3381
-4106
-4336
-3575
-2925
-3140
-4250
-5134
-5028
-4146
-3662
-3601
-3336
-3080
-2978
-2503
-1573
-1008
-1207
-1145
-137
906
2257
3537
3195
1974
2110
3723
4568
4471
5596
6498
5605
4114
4380
5677
5783
5511
6237
6968
6085
3727
2483
2908
3361
3192
3410
3494
1446
-1343
-1938
-410
367
-274
-1353
-2291
-3562
-5063
-5419
-4383
-3584
-4203
-5498
-5995
-5948
-5724
-5346
-4540
-3853
-4388
-5086
-4822
-3775
-3322
-3908
-4128
-3025
-1451
-636
-204
610
838
684
1057
2594
3923
3926
3398
3124
3484
3620
3774
4159
4619
4098
2292
1242
1718
2217
1661
787
262
-899
-2166
-1763
-727
-1163
-2551
-2804
-2276
-2008
-1784
-1200
-887
-1430
-1655
-899
224
394
367
438
260
-307
-223
926
2282
2548
2174
1896
1113
600
1318
2748
3149
2815
2301
1672
486
631
2211
3059
2532
1902
2451
2620
1672
1267
2669
3656
2623
1591
1950
2307
1484
743
1495
1665
-185
-1971
-1943
-784
-1151
-2319
-2725
-2417
-3128
-4837
-5212
-4520
-4531
-5219
-4833
-3678
-3871
-5225
-5520
-4666
-3658
-3277
-3260
-3444
-3274
-2897
-2092
-291
1656
1554
-100
-708
677
2126
2698
3178
3619
2850
1778
2085
3485
4280
3649
2740
1618
577
207
488
1027
1198
276
-1627
-2474
-2122
-1734
-1516
-703
-175
-994
-1845
-1635
-274
900
909
388
183
371
1018
1863
2905
3221
2505
1426
1593
2720
3818
3874
2670
1467
748
761
1300
2347
2526
985
-609
-883
-243
363
485
652
127
-956
-1151
-50
1271
1069
216
-561
-882
-964
-331
669
1148
676
-323
-758
-395
627
1343
1018
-142
-1477
-2176
-2392
-2019
-1287
-1577
-2616
-3430
-3295
-2723
-2580
-2828
-2603
-2508
-2736
-2546
-1842
-1066
-981
-1166
-960
-325
14
601
1455
1967
1772
1408
1822
2488
2695
2545
2626
2565
2473
2119
1954
2028
1826
903
243
969
1519
1235
88
-486
-938
-1506
-1428
-674
-365
-1387
-2727
-3068
-2768
-2105
-1232
-1298
-2007
-2423
-2408
-1875
-881
-84
209
-399
-663
-495
-364
-133
-173
-429
-957
-1218
-833
-322
-383
-852
-1540
-2304
-2511
-2219
-1493
-1276
-1626
-1831
-1565
-1559
-2042
-1870
-1075
-968
-1746
-1782
-856
-413
-555
-973
-1129
-1381
-1333
-702
136
286
-353
-1238
-1661
-1680
-1394
-976
-1044
-1423
-2366
-3031
-2837
-2098
-1588
-1757
-2066
-2574
-3165
-3279
-2672
-1721
-1087
-812
-963
-1452
-1393
-617
59
467
1090
1635
1433
1194
1370
1627
1958
2233
2581
2657
2071
1577
1156
1262
2014
2455
1520
385
306
586
648
770
1333
1156
-255
-662
480
1249
731
105
-62
-150
-227
246
1163
1166
269
-167
679
1658
1594
1126
873
629
-8
69
1004
1403
796
81
-23
-190
123
532
381
29
-773
-947
-774
-246
-70
-284
-95
-182
-373
-389
160
730
985
777
727
879
1140
1825
2122
1900
1944
2428
2238
1716
2193
2757
2344
1960
2500
2479
1431
202
386
1032
1143
801
472
489
-45
-822
-830
239
668
-115
-765
-294
223
-314
-1019
-540
456
170
-112
338
1040
1011
405
855
1651
1807
1461
1250
1550
1344
411
-30
445
781
489
209
839
1314
394
60
682
1470
1044
840
1317
774
-203
-74
1346
2059
1868
1491
868
608
542
997
1726
2175
1546
-209
-1251
-516
747
940
873
466
-288
-1349
-1451
-195
871
535
179
-333
-360
-223
-928
-794
-297
33
-633
-434
248
25
-1156
-891
170
188
213
-195
-11
254
506
618
529
940
803
-198
-200
920
1297
1746
1315
769
600
-41
108
544
730
5
-1075
-1261
-1533
-1229
-463
-322
-662
-617
-1008
-1873
-1462
-95
165
-393
-325
110
-486
-686
396
1183
890
726
578
150
803
305
-152
497
1202
474
-365
469
895
128
237
763
34
-132
153
379
15
-771
-632
121
345
651
123
-434
-473
-379
-298
96
765
413
-598
-1041
-582
-1010
-1317
-1098
-796
-971
-1579
-1789
-1584
-1819
-2193
-1908
-1868
-1406
-1830
-2569
-2162
-2110
-1607
-1626
-1477
-1507
-2211
-2250
-1830
-1251
-948
-1276
-2031
-1271
-803
-900
-327
-337
-902
-844
15
1099
1307
872
283
238
574
417
751
1320
768
49
313
150
-204
197
66
-856
-883
-514
-1512
-1725
-1504
-857
-1105
-1628
-846
-1541
-1847
-1747
-1147
-595
-367
189
-232
-510
-289
150
782
994
736
325
-908
-1720
79
902
396
55
-48
-1215
-1633
284
1455
715
-499
-1027
-474
247
1077
2069
1769
684
158
632
1539
2509
1998
1600
1031
674
1357
1721
2047
2163
1457
346
668
1538
1233
746
901
537
-123
-57
919
1443
1008
283
92
897
976
416
480
1222
1005
681
1119
1351
1653
1471
1526
1068
1428
1160
355
2023
2128
1040
1106
1619
1739
2072
2704
2464
2530
1513
750
909
1456
1493
1542
1909
903
325
785
334
498
658
805
702
-374
-58
647
423
227
635
784
418
439
333
621
740
587
528
1225
1446
228
424
238
618
1192
378
321
717
77
-787
209
1001
449
-198
-553
-452
-837
314
858
141
-253
-230
-592
-243
720
-367
-1235
37
-362
-926
14
190
-10
-409
-150
553
936
379
20
700
603
-141
481
1353
878
311
203
692
670
-63
-219
-271
-189
-257
-447
-293
-141
-471
-750
172
145
166
580
460
-106
-122
723
-209
380
1207
708
4
-305
-237
-304
-214
169
261
-197
-468
-444
-894
-579
-786
-780
-655
-639
-1309
-1766
-1565
-1816
-1371
-991
-1121
-782
-1151
-1838
-839
467
-217
-318
595
372
1009
1538
1499
983
1421
1617
1217
2416
2629
2262
1462
920
1314
1680
1115
1096
1272
405
549
403
522
494
-527
-564
-954
-801
-689
-320
51
-542
-464
-1193
-1140
-282
-636
-1094
-597
-252
-595
-889
-547
72
-328
-566
-281
-86
-351
-53
-399
-343
70
-610
-506
-716
-495
-1402
-1306
-956
-1656
-1476
-1324
-1577
-1735
-1349
-1606
-1374
-1086
-885
-883
-1201
-1129
-894
-531
-721
-595
-407
-377
-493
-421
-221
-818
-1129
-848
-541
-374
-240
-379
-271
-616
-1063
-1278
-910
-497
-564
-323
-119
-455
-1211
-838
-40
457
28
-398
213
-674
-1158
-680
-87
-524
-540
-254
-847
-703
-169
-450
-123
-241
131
-109
-1024
-578
-510
-431
-609
-129
-880
-1251
-1508
-2046
-1286
-741
-1123
-1592
-1386
-1942
-2114
-1471
-868
-424
-486
-1009
-1625
-1058
-851
-693
119
-256
-856
-432
-296
318
1128
1039
1074
1106
1294
906
1366
1672
900
1130
896
1028
1138
1332
1651
1152
1099
1085
739
1098
1532
1493
842
426
1084
381
418
1339
1347
1442
1199
222
738
1013
-237
950
1539
797
575
743
572
-123
239
479
122
367
441
-458
-109
120
-545
-858
-186
595
-589
-840
-104
-722
-397
321
-14
316
448
-416
-660
-391
-126
88
97
301
354
605
747
270
518
563
403
714
1164
1532
1057
587
0
63
201
836
645
101
-205
-1144
-1147
-232
-204
-396
-586
-1527
-1459
-1454
-1154
-1087
-721
-914
-1268
-1243
-1181
-620
-427
-52
-515
-117
59
87
-152
343
1066
126
438
493
625
579
496
983
296
453
336
-106
985
949
0
518
533
252
935
839
-208
192
127
-611
-1249
-524
-606
-1172
-1050
-1349
-1221
-1184
-1811
-1966
-1341
-1749
-2004
-1359
-1902
-2060
-1997
-1735
-1354
-1285
-807
-1277
-1703
-1389
-943
-929
-585
-349
-72
-970
-776
-389
-383
274
821
637
383
356
934
1021
989
1124
585
566
858
1024
1093
1414
1221
811
650
423
960
1160
1099
627
266
-75
-29
45
-165
18
-281
-934
-1243
-718
-912
-964
-416
-485
-1020
-657
-611
-718
-73
293
-252
-155
9
-141
-10
991
961
1021
1006
882
878
1448
1026
900
1476
1101
829
1135
1816
1250
890
1221
661
146
538
581
688
628
228
-272
-4
299
-5
-222
418
-182
-1300
-683
-1284
-1127
-1096
-898
-800
-1464
-1674
-1258
-1224
-1635
-441
-315
-924
-402
-528
-857
-438
-188
-110
352
350
-356
-267
-181
-161
519
731
159
427
381
-379
352
687
388
804
711
560
334
115
78
124
261
413
406
334
-84
-702
-506
-427
-201
73
-631
-1481
-1229
-1458
-1775
-1154
-1024
-1887
-1865
-1630
-1723
-1913
-1269
-1628
-1994
-1323
-1550
-1904
-1471
-1618
-1975
-1645
-1236
-642
-408
-577
-880
-779
-671
120
309
403
716
157
-61
85
1016
751
1366
1044
410
382
591
183
880
1272
423
185
108
57
25
313
185
-216
-368
-664
-929
-522
-583
-584
-266
-573
-865
-784
-471
-199
-649
473
-70
-612
35
-303
180
681
591
502
384
419
1228
828
1365
1574
1208
1328
1457
1910
1293
1732
1836
1011
1524
1924
1014
1392
1639
1285
737
1051
905
159
-196
39
-385
265
641
-32
-55
-557
-712
-192
303
289
204
-446
-592
-862
-52
588
428
597
-50
-497
-439
-228
-20
-57
-227
-307
-391
232
173
-364
18
-396
-88
433
531
533
485
-209
-781
-112
674
621
249
145
-503
-872
-783
-28
123
-267
-171
-897
-426
-340
-458
61
-508
-925
-1329
-1082
-1306
-1576
-1436
-1926
-1937
-1617
-1782
-1575
-1470
-1877
-1806
-956
-1456
-1354
-943
-1523
-937
-360
-61
192
124
356
490
411
1043
1020
867
1595
1356
1147
2203
2068
1417
2087
1820
1738
1797
2282
1667
1811
2500
1611
1470
1664
1322
1148
1380
1404
1036
758
651
678
305
635
865
494
263
236
-44
74
608
777
494
1066
994
641
942
1327
1485
996
1326
987
872
943
1586
1318
1017
1521
925
826
1382
1044
1173
965
914
1306
916
987
1087
1193
954
969
1360
1006
1107
997
666
798
855
594
672
498
109
-21
-135
375
500
21
669
2
-80
-141
-304
146
-238
-223
-6
138
-175
280
307
-278
-444
209
-129
-128
466
609
-11
748
740
215
834
833
528
915
945
669
774
839
1209
855
558
1133
1079
633
1163
886
400
909
932
840
791
624
241
-502
-144
-454
-718
-159
-203
-1061
-639
-458
-511
-631
-372
-550
-587
-213
-569
-332
-248
-573
-715
-641
-370
-974
-520
-770
-747
-190
-230
-175
327
117
-257
-65
386
356
206
275
139
-73
-362
-514
-51
-606
-809
-695
-881
-1245
-1140
-1232
-1497
-1461
-1456
-1427
-1568
-1115
-1738
-1665
-1822
-2305
-2038
-1563
-1566
-1987
-1927
-1931
-2257
-1783
-1706
-1191
-1278
-1060
-935
-1129
-833
-911
-770
-737
-553
-537
-541
-743
-651
-749
-467
-340
-360
-157
-473
-429
-395
-205
-320
-206
-496
-485
-186
-337
-476
-186
-339
-268
-493
52
-392
-339
161
-161
-232
-320
-118
-302
-637
-132
317
-673
-80
-329
-287
-393
-133
300
246
30
243
-31
-440
632
-282
73
998
434
76
514
633
587
629
1091
814
340
473
522
638
618
1070
877
699
456
477
350
455
777
208
258
244
-36
-98
-150
-308
-614
-519
-676
-433
-1311
-1018
-947
-1671
-1352
-1240
-1663
-1593
-1534
-1150
-1590
-1456
-633
-584
-1196
-475
-1099
-1242
-597
-416
-179
-171
-67
-665
-644
-435
153
609
-25
-95
-322
-766
-227
38
259
334
159
-132
135
414
542
624
446
479
630
226
509
1062
487
-291
75
-446
-609
-128
-541
-265
14
-289
-186
270
458
317
393
113
246
33
88
-37
441
20
-11
-1
292
255
217
357
258
297
515
396
586
631
489
782
863
1141
980
1290
1318
1147
1322
1461
984
1624
1604
1493
1786
1438
1849
1734
1659
1358
1430
1842
1557
1362
1824
1368
676
1078
1048
1288
791
1054
1046
463
405
688
626
923
1659
1013
1019
1223
1233
908
1207
1068
518
385
738
650
414
584
316
236
-245
348
145
-29
46
185
203
154
132
396
-58
391
359
344
372
-62
-302
11
-132
-381
345
199
-637
236
115
-627
549
74
-203
-305
-232
-486
-334
-42
-39
-203
-30
-110
-102
347
244
269
115
-60
72
-82
-20
202
144
-280
-288
-734
-320
432
240
302
586
439
208
242
208
571
644
564
298
120
400
295
-121
80
316
-480
-541
-219
-523
-562
-842
-606
-716
-817
-934
-728
-984
-914
-1094
-952
-981
-860
-1146
-1292
-796
-1520
-1365
-1074
-1206
-1358
-1525
-1245
-1734
-1333
-1198
-1814
-1784
-1376
-1978
-1633
-1669
-1765
-2199
-2121
-1626
-2354
-1673
-1487
-1623
-1369
-1558
-1328
-1679
-1667
-1297
-1522
-1223
-1036
-1079
-1130
-887
-788
-781
-630
-268
-946
-414
-304
-551
-400
-197
-50
-507
-92
-147
-286
-650
-192
-520
-513
23
-299
228
164
850
-231
453
662
-235
98
255
-20
180
483
32
190
324
128
140
725
913
635
988
1306
827
906
1226
1430
1139
959
1344
706
755
1129
875
147
741
595
173
324
345
101
142
53
-100
129
219
-167
-441
-138
-908
-667
-435
-439
-864
-341
-462
-380
124
-179
-178
-456
-404
-725
-490
-52
-309
-162
-134
-8
207
-284
184
61
-524
-214
-232
-35
58
67
615
447
495
1042
290
384
632
503
647
262
581
-113
-270
-100
37
-186
259
-320
-505
-397
-722
-35
-110
-142
-267
-248
-387
-244
-274
-160
-149
-653
-469
-602
-662
-459
-474
-405
-126
123
308
535
340
232
147
334
500
-16
889
493
213
795
542
511
567
475
339
499
521
714
628
800
922
759
1257
1003
818
885
710
1111
806
985
883
1051
837
858
1099
955
799
917
699
615
686
918
728
478
981
493
480
370
38
512
193
178
424
442
23
453
554
180
782
345
341
258
99
74
-123
-7
22
-288
-100
131
-20
195
-251
167
19
-21
324
248
396
291
253
-82
-273
252
221
20
-163
-65
-56
-723
-275
-158
-353
-414
-151
-24
-115
-56
218
-31
31
31
136
198
312
216
270
3
82
-401
-376
-93
-466
27
-23
-157
44
142
47
-172
-201
58
-687
-421
-521
-1056
-650
-669
-645
-490
-947
-788
-664
-1204
-829
-653
-1077
-527
-492
-586
-616
-723
-808
-1107
-800
-1012
-1062
-903
-886
-1004
-754
-1046
-746
-1314
-659
-489
-915
-314
-822
-801
-659
-938
-825
-801
-1212
-948
-1262
-1251
-1652
-1228
-1262
-1429
-964
-946
-925
-899
-909
-735
-892
-982
-442
-691
-395
-53
-475
-233
-253
-463
-360
-348
-387
-278
-550
-33
-537
-782
-562
-563
-750
-832
-226
-451
-831
-479
-298
-607
-794
-305
-295
-608
-316
-469
-102
-349
208
296
299
620
498
643
727
658
672
1077
704
994
472
910
967
614
705
842
822
557
1252
784
793
791
509
501
972
769
815
497
375
-66
-176
307
386
551
912
651
336
1086
310
823
875
912
1152
442
963
969
954
961
898
1062
1221
1184
1192
1120
827
502
362
362
501
628
650
120
459
191
-440
280
-472
-343
-321
144
-366
-340
-157
-621
-593
-493
-227
-521
-760
-429
-189
-860
-108
304
-378
-99
128
379
-34
564
306
197
40
598
143
-8
461
161
250
7
-221
-617
-617
-749
-820
-1110
-704
-766
-986
-883
-468
-607
-525
-791
-37
-825
-676
-127
-618
-553
-753
-375
-532
-556
-331
-181
-402
-399
40
14
-238
227
-191
-82
-454
-669
-545
-434
-567
-432
-517
-559
-394
-573
-462
-830
-438
34
-410
-482
155
-162
-205
155
58
186
-236
-152
11
-305
220
-43
259
225
53
-549
-129
-83
-207
-120
318
198
-69
361
319
306
17
-27
253
-697
-687
-413
-628
-750
-210
-203
-309
-350
-175
153
80
281
465
419
-156
-231
-285
126
77
336
83
-271
-260
-148
-262
-140
48
239
-321
180
242
-103
-3
-115
-54
-370
-421
-319
-408
-264
-506
-359
-40
-208
-43
-61
17
-187
-333
-384
-79
-512
-45
-366
-296
105
542
318
685
884
385
838
1354
619
593
1235
939
645
1368
1289
777
1061
1466
1543
1299
1903
1573
1369
1155
1298
1258
1288
1126
1278
1129
1111
1233
1041
964
647
1066
641
773
482
700
466
211
368
54
593
-57
446
272
180
-233
248
367
-119
482
475
86
-225
291
-227
-237
-255
-72
-192
-117
-246
-244
54
-235
-58
159
26
-453
-183
-6
-387
-290
-140
-564
-942
-641
-1021
-945
-830
-426
-772
-640
-513
-737
-566
-443
-479
-326
-97
-720
63
-194
-530
-174
-39
-176
-88
300
170
567
263
799
280
358
316
442
650
561
1316
705
936
796
714
1193
1069
1146
1313
1471
957
1452
1133
927
1164
1111
885
1264
914
572
598
756
564
159
466
281
-332
-231
32
-299
-283
176
-126
314
-371
140
-48
-236
-311
-95
97
-127
254
171
271
65
207
83
-81
-244
-215
-338
-106
-271
-277
76
-282
337
79
-7
168
78
41
-207
-44
-88
-75
-311
-117
-259
-412
-601
-417
-620
-766
-198
-654
-322
-361
-620
-531
-89
-368
-443
-192
-259
-614
-312
-358
-737
-265
-305
-374
-379
-512
120
-246
-347
-153
-197
-455
-310
-717
-393
-501
-583
-465
-757
-429
-872
-196
-369
168
176
-263
-8
-476
-612
-143
-269
-287
20
-205
-206
-307
-233
-619
-286
-269
-295
-275
-254
-225
-731
-164
-420
-553
-296
-326
-949
-941
-369
-920
-617
-320
-730
-546
-423
-917
-452
-530
-669
-524
-196
-471
-1160
-626
-336
-665
0
204
-124
-244
552
131
151
205
680
232
231
681
432
733
364
777
529
430
412
540
-324
329
431
23
558
401
578
-146
191
-51
-449
-392
-457
-726
-137
-224
-557
-160
-53
-158
-268
487
196
110
304
582
271
435
1252
854
911
1002
801
325
1033
1019
527
1011
714
405
497
686
259
422
788
634
635
817
615
590
392
384
633
384
441
444
422
362
121
393
686
71
647
337
25
470
516
425
210
417
145
122
350
423
294
597
496
214
473
605
258
379
661
40
345
543
398
368
175
105
15
164
348
465
15
-156
128
-290
-303
-235
-123
-529
-569
-236
-274
-301
202
636
166
1141
971
413
673
583
398
140
767
356
514
738
403
394
156
165
55
-169
-145
189
-2
126
483
420
630
415
539
634
371
393
498
377
68
159
214
183
-404
124
5
167
214
198
441
158
35
78
-20
69
209
331
-4
369
353
-3
258
-21
-113
43
13
-87
-203
-201
-414
-223
-488
21
-404
-492
-584
-1014
-952
-860
-943
-976
-775
-959
-697
-324
-420
-422
-77
-305
-759
-330
-339
-649
-468
-64
-310
-177
125
113
-126
-197
285
-196
-259
32
-70
-578
118
63
-571
145
-30
-533
-271
-217
-396
-595
-392
45
-163
73
624
264
450
625
820
340
451
981
610
735
682
959
844
784
988
784
652
703
792
647
860
930
1073
1166
788
834
925
117
277
87
-8
60
-135
47
-569
-174
-743
-597
-25
-550
-624
-418
-417
-949
-982
-828
-1089
-1269
-990
-1276
-1309
-1051
-1224
-1093
-1045
-1107
-987
-765
-1112
-663
-557
-449
-383
-472
-79
-508
-554
-226
-377
-728
-376
-410
22
-254
-36
433
-163
563
549
133
138
326
300
-89
-235
261
195
19
107
709
426
316
315
402
182
-86
-221
-254
117
-125
-274
121
300
-273
-200
352
89
108
76
-97
265
-67
64
14
112
-176
-43
-29
-314
-319
87
-12
122
75
-457
-19
-201
-301
-94
22
-347
-99
-45
-151
-119
-60
222
-225
-400
-259
-627
-382
-232
-829
-783
-773
-1215
-996
-1482
-1284
-1643
-1543
-1302
-1342
-901
-1197
-840
-1033
-965
-854
-307
-409
-401
236
-50
-338
-119
274
-366
-112
193
-267
145
1
208
89
448
56
98
224
425
376
369
660
437
868
723
784
1223
700
552
1123
751
663
805
686
257
406
920
-397
-1033
-139
-846
663
1875
1912
2589
1794
431
-371
-899
-1546
-1836
-783
164
657
1691
1900
1487
1218
634
-510
-742
-1000
-1274
-833
-774
-834
-424
-128
-83
441
439
43
-589
-524
-1525
-1277
-857
-1138
-495
-686
-313
-853
-667
-701
-1243
-829
-591
-528
-335
211
-28
143
416
-216
-83
631
158
77
388
-48
-583
-656
-543
-590
163
502
404
511
504
283
416
380
184
-14
152
1014
977
1476
1984
1416
1255
1619
904
382
498
332
402
365
1116
1514
1771
1843
2094
1934
1207
1128
1004
794
586
871
709
337
693
855
961
1986
1904
1356
1599
974
-82
-216
-440
-1120
70
425
299
792
1246
753
-158
355
-368
-780
-607
-544
-701
-460
-24
26
33
677
601
408
375
-898
-1172
-792
-988
-486
334
593
871
1149
1050
632
138
272
320
155
668
1065
834
1229
1317
909
1564
668
508
816
438
337
363
789
-74
52
0
0
0
0
0
0
0
0
0
0
0
0
0
0
0
0
0
0
0
0
0
0
0
0
0
0
0
0
0
0
0
0
0
0
0
0
1
0
0
0
0
-1
0
0
0
0
0
0
0
0
0
0
0
0
0
0
0
0
0
0
0
0
0
0
0
0
0
0
0
0
1
0
0
0
0
0
0
0
0
0
0
0
0
0
0
0
0
0
0
0
0
0
0
0
0
0
1
1
0
0
0
-1
1
1
0
0
0
0
0
0
0
0
0
0
0
1
0
0
0
0
0
0
0
0
0
0
0
0
0
0
0
0
0
0
0
0
0
0
0
0
0
0
0
0
0
0
0
1
0
1
0
0
0
0
0
0
1
0
0
1
-1
0
0
0
0
0
0
0
0
0
0
0
-1
0
-1
0
0
0
0
0
-1
0
0
0
0
0
0
0
0
0
0
0
0
0
0
0
-1
0
0
0
0
0
0
1
0
0
0
0
0
0
0
0
0
0
0
0
0
0
0
1
0
1
0
0
0
0
1
0
0
0
-1
0
0
0
0
0
0
0
0
0
0
0
0
0
0
0
0
0
0
0
0
0
0
0
0
0
0
0
0
0
0
0
0
0
0
0
0
0
0
0
0
0
0
