0
0
0
0
0
0
0
0
0
0
0
0
0
0
0
0
0
0
0
0
0
0
0
0
0
0
0
0
0
0
0
0
0
0
0
0
1
0
0
0
0
-1
0
0
0
0
0
0
0
0
0
0
0
0
0
0
0
0
0
0
0
0
0
0
0
0
0
0
0
0
1
0
0
0
0
0
0
0
0
0
0
0
0
0
0
0
0
0
0
0
0
0
0
0
0
0
1
1
0
0
0
-1
1
1
0
0
0
0
0
0
0
0
0
0
0
1
0
0
0
0
0
0
0
0
0
0
0
0
0
0
0
0
0
0
0
0
0
0
0
0
0
0
0
0
0
0
0
1
0
1
0
0
0
0
0
0
1
0
0
1
-1
0
0
0
0
0
0
0
0
0
0
0
-1
0
-1
0
0
0
0
0
-1
0
0
0
0
0
0
0
0
0
0
0
0
0
0
0
-1
0
0
0
0
0
0
1
0
0
0
0
0
0
0
0
0
0
0
0
0
0
0
1
0
1
0
0
0
0
1
0
0
0
-1
0
0
0
0
0
0
0
0
0
0
0
0
0
0
0
0
0
0
0
0
0
0
0
0
0
0
0
0
0
0
0
0
0
0
0
0
0
0
0
0
0
0
-397
-481
-671
-602
-479
-535
-287
-338
-401
-277
-128
-1
-194
-311
-406
-396
-464
-532
-617
-602
-698
-898
-897
-971
-813
-842
-855
-775
-800
-789
-671
-691
-781
-836
-782
-896
-982
-958
-1076
-976
-929
-807
-781
-724
-648
-540
-491
-502
-544
-615
-520
-618
-727
-904
-807
-925
-1032
-1140
-1180
-1005
-1236
-1232
-1219
-1086
-1069
-1213
-1181
-936
-870
-977
-1040
-1031
-1071
-907
-881
-869
-812
-911
-702
-662
-607
-505
-449
-349
-367
-355
-452
-558
-530
-616
-681
-592
-681
-578
-502
-479
-414
-343
-327
-308
-197
-97
36
170
443
533
730
681
645
816
829
671
688
722
832
844
688
891
891
842
854
796
596
597
656
549
639
651
638
733
692
595
378
361
469
428
302
330
320
353
422
407
408
367
402
278
273
90
-78
-224
-237
-69
-171
-139
-94
-231
-257
-269
-291
-258
-132
-11
-31
-42
-7
-100
-59
-135
-282
-298
-245
-135
-98
-235
-175
-279
-283
-235
-124
-54
76
212
60
115
8
162
205
220
254
195
452
579
626
619
528
627
668
717
797
602
576
550
401
208
150
109
22
23
-6
175
208
199
144
248
208
225
196
218
283
327
456
394
459
406
412
593
678
559
519
320
248
233
179
152
195
237
240
258
295
165
185
373
407
503
547
542
447
334
357
500
402
292
91
44
-11
-186
-68
16
135
22
-7
7
181
207
204
399
421
464
384
277
358
361
412
451
466
599
773
860
731
409
667
713
550
578
505
629
701
543
475
535
452
474
434
444
395
543
507
470
585
470
429
544
407
386
442
425
393
375
534
480
660
625
613
559
245
362
384
283
174
57
-58
-72
3
47
185
151
-3
50
5
-118
-66
16
135
346
326
176
130
-68
-152
-161
-309
-327
-370
-313
-422
-538
-465
-377
-233
-172
-123
30
-69
-41
81
-19
-2
71
190
266
325
106
78
120
-38
138
-43
-102
-8
-123
-165
-276
-171
-139
-181
-303
-216
-283
-323
-453
-485
-583
-713
-669
-762
-799
-834
-885
-1072
-1170
-1312
-1244
-1259
-1381
-1236
-1269
-1247
-1247
-1116
-1243
-1423
-1353
-1353
-1190
-1184
-1151
-1182
-1388
-1280
-1269
-1280
-1186
-1085
-1100
-925
-931
-1140
-1055
-1008
-852
-728
-565
-492
-460
-392
-424
-382
-372
-218
-184
-94
-106
-232
-131
-201
-115
-191
-195
-125
-124
-47
-90
-169
-171
-113
-95
46
3
28
105
78
-27
-58
-93
-73
20
102
181
221
330
283
251
282
401
394
476
629
556
547
425
496
458
439
528
571
611
616
731
653
561
493
533
501
369
382
314
302
294
240
265
308
361
304
353
210
194
213
154
134
65
43
111
26
-24
108
192
266
302
197
-18
-236
-366
-439
-262
-267
-204
117
314
276
252
490
562
588
489
602
544
398
382
351
296
323
521
513
276
255
57
24
-146
-109
-1
113
393
226
174
22
238
372
393
453
403
352
155
251
204
401
538
281
53
-84
256
356
521
746
851
748
523
525
338
233
0
179
265
246
390
303
50
-583
-1018
-942
-706
-301
110
202
241
168
143
-78
-224
-165
-196
-104
-240
-276
-104
-212
-96
55
55
53
10
42
-97
-136
-303
-150
8
283
514
870
1210
1181
998
842
895
624
519
687
885
1060
1140
1250
1274
1159
943
712
686
713
686
828
1172
1342
1456
1229
1088
885
763
642
589
737
939
1224
1309
1329
1269
1150
889
759
518
500
522
522
612
616
533
418
254
433
440
306
344
447
404
408
470
333
425
205
93
134
151
54
16
103
165
294
316
432
519
531
292
57
60
123
164
270
468
562
522
369
273
136
317
382
567
609
544
495
368
485
571
709
739
797
394
243
128
81
128
103
42
28
41
-14
-24
-202
-298
-598
-627
-494
-298
2
-2
-163
-321
-317
-420
-462
-439
-427
-293
-356
-379
-278
-378
-531
-839
-973
-1107
-1305
-1129
-1026
-930
-1043
-1134
-974
-1078
-1141
-979
-977
-899
-541
-455
-561
-487
-560
-554
-462
-509
-289
-243
-331
-751
-848
-650
-726
-459
-409
-258
-247
-205
-25
-103
-11
-68
-136
-155
82
215
188
173
62
-13
-311
-296
-217
-428
-316
-265
-265
-136
-12
45
-15
35
-40
-186
-387
-179
-122
66
129
-69
23
-7
35
-201
-497
-536
-512
-487
-568
-432
-506
-539
-441
-329
-308
-262
-392
-467
-510
-506
-627
-654
-528
-530
-429
-482
-405
-492
-672
-549
-398
-422
-347
-405
-384
-262
-167
-198
99
342
479
555
508
472
426
523
597
641
678
440
374
449
511
552
446
319
114
-187
-380
-433
-603
-611
-654
-632
-539
-421
-203
-286
-314
-393
-384
-375
-528
-683
-657
-562
-550
-487
-440
-302
-61
-208
-72
-72
-143
-36
-98
-47
174
268
365
459
298
185
76
-107
-56
-98
-223
-75
-304
-304
-400
-712
-818
-869
-676
-800
-847
-793
-725
-545
-611
-625
-585
-569
-542
-397
-366
-430
-501
-554
-572
-545
-428
-325
-8
208
273
92
179
101
-73
-293
-302
-228
-209
-11
-19
82
125
114
91
29
89
155
51
28
171
191
336
410
380
325
333
226
177
339
401
420
322
360
479
675
741
602
553
545
755
779
745
707
652
599
759
663
539
504
395
290
65
-18
97
483
612
717
972
916
780
741
496
454
496
416
433
605
1000
1218
1224
1052
947
1029
1052
1205
1222
1062
1027
1101
1054
1103
938
721
654
557
735
1004
1087
1104
1113
828
718
665
695
801
684
513
364
235
222
63
-8
66
255
386
276
442
463
251
-33
-85
-154
78
88
54
28
2
18
-241
-320
-432
-558
-569
-733
-767
-847
-759
-669
-702
-628
-658
-607
-680
-894
-972
-1129
-1244
-1041
-1023
-878
-789
-1014
-1036
-1068
-1187
-1148
-989
-701
-635
-757
-714
-565
-508
-333
-361
-341
-306
-382
-503
-519
-552
-345
-115
-247
28
33
-40
-79
-80
-9
-118
-45
135
111
140
-52
-293
-212
-67
-15
-125
-305
-576
-617
-565
-523
-542
-472
-419
-676
-548
-370
-9
140
-187
-314
-308
-404
-695
-699
-948
-1192
-1197
-1259
-1299
-1115
-1042
-1193
-1266
-1130
-951
-928
-683
-178
-222
-500
-730
-730
-750
-623
-393
-157
-147
-91
-253
-1
-37
-360
-370
-623
-514
-363
37
228
441
451
282
245
182
149
158
83
4
-106
-240
-40
45
-67
-372
-626
-517
-355
-188
-134
-192
-171
-351
-431
-571
-768
-786
-713
-592
-412
-121
-19
-62
-296
-446
-339
-195
-139
84
163
135
33
-75
-213
-351
-251
-341
-361
-433
-548
-557
-587
-567
-645
-644
-330
-206
-356
-187
-170
-451
-616
-722
-484
-429
-535
-693
-792
-641
-655
-650
-728
-765
-693
-704
-518
-358
-149
63
48
79
-37
25
-292
-228
-123
-412
-123
131
360
443
361
255
-197
-511
-447
-430
-562
-526
-418
-383
-323
-227
-364
-381
-76
179
304
306
311
47
-200
-290
-404
-506
-488
-265
-284
-245
32
107
-141
-6
160
174
170
-27
0
-126
-182
-144
-168
-55
-21
-237
-343
-290
-382
-529
-473
-298
-209
-151
103
81
217
320
169
333
711
1012
795
1007
1287
1175
1173
917
745
598
619
695
650
746
896
921
848
701
638
663
764
889
799
876
754
423
273
254
257
402
580
840
838
847
924
634
774
895
739
854
1085
1191
1198
791
819
513
-138
168
244
311
677
780
760
720
648
962
1003
919
765
671
533
442
427
617
675
493
393
312
488
414
492
396
104
30
11
159
259
205
323
504
560
376
371
476
209
256
494
474
275
301
136
48
11
-98
42
-32
-43
81
162
340
524
449
500
671
448
295
112
-23
-152
-408
-461
-618
-541
-588
-787
-854
-989
-931
-873
-916
-861
-805
-716
-754
-877
-647
-401
-521
-496
-567
-845
-666
-131
16
-73
9
-367
-584
-445
103
-76
-22
83
-43
-156
-30
52
-362
-258
-385
-408
-462
-152
-227
-221
59
-190
-218
-218
-279
-424
-318
-560
-763
-521
-383
-247
-184
-573
-849
-1017
-1059
-885
-802
-293
-230
-156
-101
-337
31
-294
-475
-526
-367
-317
-486
-579
-718
-488
-337
-222
54
245
491
125
123
-7
-204
273
83
361
279
237
625
240
72
77
-217
-347
-376
-179
-104
-56
32
-9
86
47
183
350
218
-65
-163
-119
-553
-587
-680
-719
-365
-439
-256
-448
-521
-347
-648
-518
-761
-874
-675
-475
-424
-309
-276
-238
-111
-59
-142
-254
-6
29
378
443
404
348
515
403
172
-29
-211
-28
-164
-232
9
-209
-4
396
298
334
547
392
153
104
-443
-71
-340
-315
-294
-516
-94
-193
294
-12
-106
136
-80
136
-198
-94
43
-413
-269
37
-193
-18
-221
-557
-387
-112
163
109
165
67
598
743
661
1089
1202
1065
871
845
419
-208
-31
68
-19
-304
-132
-198
-187
64
72
-120
236
238
1000
996
353
489
95
10
-518
-519
-226
-412
-56
286
675
359
141
177
-159
-268
-518
-46
-19
-73
601
509
187
182
-125
6
216
-160
322
704
917
1206
852
1197
555
141
-123
-66
-75
-161
56
-217
683
-54
409
427
111
686
424
733
379
713
648
289
873
537
593
286
93
253
-158
-284
-162
-137
-43
-77
-261
-5
-286
-299
144
101
78
446
288
156
519
502
751
936
1304
1644
1319
1537
995
1111
1076
703
874
417
637
692
631
564
500
740
769
791
958
841
715
388
-1
212
54
-202
-143
-472
66
-229
-253
-236
-132
-173
-266
-402
-363
-437
-757
-441
-165
-324
-574
-700
-569
-444
-319
-440
-868
-375
-409
-311
12
-136
-179
161
-365
-550
-458
-848
-571
-316
136
157
769
929
727
756
546
365
212
262
532
112
427
380
52
149
325
-195
-330
126
-378
-491
-636
-818
-460
-30
74
-15
319
505
449
239
196
42
300
255
338
156
328
785
893
759
756
213
293
66
-62
-15
393
273
28
364
251
-85
-226
70
-120
-444
-589
-355
-345
-242
-394
-446
-412
-338
-468
-545
-197
-716
-722
-330
-314
-352
-85
234
27
482
800
375
189
344
622
-266
65
83
-189
-166
354
608
952
839
486
817
851
257
-365
135
-305
-547
-291
-223
266
210
424
477
280
529
441
348
199
235
335
-260
490
777
466
680
493
558
246
154
471
264
573
911
862
872
671
675
824
325
29
313
262
248
95
361
246
-19
-27
42
-171
-295
202
128
-68
-255
393
29
102
265
95
433
648
249
735
265
19
-104
107
174
224
-32
313
401
214
80
-147
210
-773
-181
-416
-173
-43
-944
-451
-464
-332
246
-219
-380
339
-196
-435
-366
-94
-808
-1032
-277
-1096
-165
-947
-168
529
195
-281
-114
-478
-232
-157
142
760
-231
101
-546
361
-889
-1188
-856
-947
-1140
-516
-512
-1057
-919
-311
409
-1129
-359
-1097
-1070
-1059
-1184
-1255
-778
-1228
-1103
-706
-1377
-231
-1492
-924
-1028
-1076
-1122
-374
-682
344
63
359
-586
-423
473
-590
-18
691
184
-37
354
-188
1181
22
232
397
766
415
54
476
1060
707
1352
1313
1184
750
819
1066
698
1572
848
888
1056
1239
382
700
977
1040
938
720
465
1062
660
-238
83
148
375
-456
463
265
293
684
684
1023
545
-219
526
-159
120
-415
-484
-135
-168
256
509
-37
-443
88
122
-57
-76
172
-258
328
54
574
748
65
-90
964
670
703
507
971
663
533
26
340
934
-483
586
306
875
-409
252
348
112
-378
583
-301
-237
329
714
967
8
1190
92
1035
941
274
561
713
-530
366
377
241
542
1659
1258
701
2034
1314
696
1015
1086
178
-33
720
352
61
439
-566
856
-590
-985
-401
-788
-921
-462
-307
-110
-606
66
266
-767
-30
-876
108
-43
-1150
111
-258
-431
-604
439
1158
-831
35
118
683
-661
228
-577
225
371
-338
1613
493
605
468
-3
417
137
-189
199
410
221
316
309
745
-340
117
-69
110
177
40
-159
211
119
214
821
1007
1183
905
807
1298
855
427
1228
747
1087
1013
283
897
-16
-41
348
-11
1356
-281
606
394
875
59
738
631
289
280
438
871
-14
169
-162
-95
128
-1334
-255
-408
-730
444
-374
29
50
118
29
199
253
27
358
539
-282
-19
812
-739
-141
-343
-394
-834
-763
-991
-824
-591
-1502
-1474
-1100
93
-1937
-733
-22
-1063
-1004
-357
86
-473
152
-280
-1059
1946
362
-2087
1265
-323
-980
-669
-228
83
-1362
1524
-1010
546
1905
-1387
1164
463
-278
540
-366
786
-599
69
460
-195
-2
-1221
66
-149
-1840
500
441
-1151
-396
475
-580
-1047
-850
-49
-1881
884
-650
-697
74
-357
-654
-1131
661
-937
-2007
-163
-1481
-1777
-699
-1090
-1365
-1200
-669
-1355
-2708
-594
-2155
-1994
-1684
-2164
-1794
-2258
-2048
-1860
-1867
-551
-1755
-704
-421
-1815
-937
-1206
-7
-925
-1217
320
-802
-1125
197
-581
-1342
-469
-258
-803
-6
833
-261
-698
1079
-648
-1564
-501
-814
-913
-1632
349
-750
-222
-498
-1281
-771
1075
-2208
-1907
600
-691
-2563
-362
771
-2284
510
-670
-1123
-177
1006
-2551
17
1205
-1309
-846
1340
-98
-894
688
-389
133
-52
1113
-861
854
284
1057
-393
1581
157
-544
1783
-35
-188
-183
1430
-1770
319
910
-586
-883
611
-715
-141
1103
-737
-391
327
950
-1704
755
1346
308
-821
1969
-211
910
1328
56
-469
3132
-125
-641
1240
1798
-63
-562
2564
974
247
-255
1291
302
1084
-24
803
385
1168
-992
-782
1330
-570
-1618
-313
965
-937
-39
-142
899
-546
-360
732
-109
-814
1329
-687
-892
426
150
-344
-714
2269
-1204
-18
436
-310
-592
-828
446
-362
-153
390
528
-520
788
-721
-155
-81
1694
-1942
354
2170
-538
-458
1829
1606
-900
1433
652
1385
416
962
24
1176
2158
366
368
3278
1399
-609
964
1860
424
-1316
1445
1275
-21
372
-359
-494
473
-469
-740
636
469
-157
-2191
1019
471
-865
-967
-19
108
-1738
-870
-647
-108
-2188
-888
-472
-910
32
-666
-1701
1356
-1268
-647
3
-637
-565
813
-250
-747
331
785
-1532
-686
2682
-1594
748
-299
733
981
-542
-336
1777
984
-104
748
1474
1235
513
1916
-538
951
1277
-1795
-897
577
-1224
-1707
-52
1221
-1315
-22
1100
-974
712
1382
-594
-1104
56
1224
-1243
384
135
-770
675
-691
-781
426
-1711
-1364
-1366
417
548
-398
-471
259
1570
-410
-1938
960
-92
-2045
-407
15
87
-295
-1504
110
446
-739
-1846
-492
-263
-653
-1287
-1241
323
-306
-2064
-1120
1920
-2040
-2390
182
-439
-637
-1386
-1148
98
-523
-1766
-2038
-663
-864
-2934
-1061
176
-1714
-2149
-1515
-17
-638
-1828
-397
-512
-1398
-160
-601
-1324
-1901
-438
-1805
-1834
277
-576
-1328
272
501
-905
272
-1242
-1024
-304
-1162
-2107
-740
-717
-1729
-1449
-782
-1020
-1388
-261
-433
-337
-713
-513
-401
-181
-31
-1186
-42
1458
-1740
-583
1715
-565
-1199
1720
601
-874
-481
823
-76
623
-174
-355
1164
344
-747
399
397
-323
194
-670
1657
761
-328
92
600
474
-655
-581
458
173
61
-717
404
2336
-705
775
991
1555
156
-33
1915
1130
-449
1750
1408
226
913
214
645
-715
1584
-645
11
1591
331
779
2128
1105
1492
1538
730
141
455
1607
-1213
506
1094
866
16
837
1181
495
533
875
978
1485
1150
409
1164
1717
906
-147
1509
841
309
1136
1302
1675
1202
1950
634
794
956
593
-62
1210
792
783
235
1054
2290
-331
543
1277
691
-884
275
618
-40
-999
-459
116
331
-39
-1486
516
-83
-1988
133
1075
-941
-978
223
310
554
-305
435
182
561
-289
-39
1564
69
-1161
856
1491
-198
-942
-596
1901
-1120
-726
1098
96
-268
-616
-651
864
-754
-643
-588
905
-411
-1595
-8
396
-954
-995
207
-469
-371
-341
-226
-427
1081
-511
-388
668
538
-886
-519
998
79
-795
-265
321
-657
-1210
271
-370
-899
157
107
-1646
701
-231
-2378
1220
279
-1196
674
-212
-881
-639
1050
807
-203
996
-261
-404
940
-419
813
-10
118
-405
-58
-880
-407
-311
160
-106
1472
618
-1312
-941
102
355
161
-195
757
-42
-896
-1602
636
477
-1896
-1441
1253
398
-1854
-1671
1196
-217
-569
1526
564
196
-1535
75
1579
2357
-253
-201
1141
1603
-446
814
1575
-454
588
1094
803
579
63
-847
1858
1620
-373
-157
1357
-85
-3
569
-394
792
-532
246
347
619
-853
-637
47
49
-567
-918
-969
-98
808
-636
400
-226
-10
-539
-420
-18
-128
-1011
-937
-379
511
204
-1620
-354
-10
-1106
-408
-233
-748
-478
-870
-1014
-462
-835
-1169
-1020
211
-1139
-1476
-663
-73
-523
-479
-856
-732
-762
-883
-702
-1358
-1471
-1298
-324
-269
-937
-1597
-320
-359
-729
395
-39
-554
-955
-212
-25
218
-482
105
919
311
-820
-175
770
-234
-1114
336
1222
-95
-299
-853
-348
-465
184
-193
-107
-490
-1599
-133
978
480
-30
-147
543
442
-181
-1361
-321
621
1069
538
342
-537
67
412
1020
1305
558
425
132
138
626
387
-58
814
1454
592
21
535
540
950
681
196
864
507
-67
313
294
-190
-141
-141
-403
-228
-226
-109
-367
498
574
214
511
312
975
936
1441
1681
912
-657
464
735
429
685
603
1111
704
715
950
1766
782
141
701
1031
839
-51
1108
780
19
689
1063
1398
360
283
916
984
1616
1047
834
1485
1136
1298
928
788
1230
1101
1222
1656
1796
1164
870
900
397
424
128
97
314
-400
-591
-1173
84
196
-467
239
-229
-1059
-1369
-698
-317
-661
-750
-804
-1939
-1373
-1141
-1449
-1156
-808
-24
460
-850
-1317
-844
-1595
-889
-122
492
-433
-1166
-1240
-1218
-928
-1051
-130
-86
-395
-1064
-1166
-1320
-1575
-739
-465
-85
-485
-1029
-1047
-1156
-1014
48
226
-123
-579
-1178
-752
-1033
-799
-185
708
300
-419
-277
344
541
241
539
1026
632
133
608
494
1090
1293
1635
1571
1113
1333
1168
1676
2438
3403
3420
2842
3671
3642
3586
4961
5344
4506
4550
4899
4414
4482
5074
5303
4876
5266
5418
5236
5112
4785
4071
4073
3223
2158
1585
335
331
280
26
-703
-1255
-2486
-3188
-2950
-2258
-3095
-4169
-5400
-6613
-5981
-5601
-6556
-7770
-8747
-9149
-9217
-9423
-9882
-10554
-11769
-12690
-12940
-14448
-16335
-18017
-18490
-12910
-4336
-603
-6220
-14204
-15521
-11907
-6543
-991
3977
3616
-3296
-5817
1004
10044
9899
5728
8589
14350
14431
12559
17377
20842
18037
13971
15912
20035
18695
13791
10818
12354
12194
8730
5926
6533
5689
1951
634
2015
2213
-2552
-8895
-10184
-6296
-2146
-1237
-1429
-2515
-3334
-2508
599
4968
8813
8197
5151
6867
10534
13072
12482
12068
13905
16377
16625
14156
13469
13248
12503
10964
11945
11960
9648
6958
4261
1587
-1203
-4506
-6885
-7052
-6999
-8375
-11538
-15408
-18091
-18073
-15977
-14128
-15230
-17874
-22186
-25010
-24435
-20542
-18073
-19974
-24245
-28117
-31497
-30553
-17218
-595
1577
-13439
-27046
-26020
-17423
-8047
779
8256
2595
-12209
-14706
-675
10965
6128
2234
8914
15981
11249
7262
14916
21193
17533
12998
17832
24270
20001
10614
8523
15070
17529
13868
8532
7672
5477
-289
-1299
4135
7219
-3102
-15150
-16999
-8820
-2985
-4659
-7570
-10379
-13692
-16192
-11067
462
6616
2916
-4009
-3113
4215
10159
11659
14089
18172
17669
13329
12958
18160
20518
18692
16580
17352
18872
17413
15313
14551
15304
13665
11476
10966
10441
8622
5103
1639
-997
-1958
-2770
-5238
-8718
-12124
-15250
-16694
-15761
-13410
-12827
-15844
-19263
-21483
-21332
-19950
-18444
-18522
-21759
-25806
-29408
-31346
-32244
-30589
-17659
-563
1155
-16996
-31848
-27891
-15384
-6337
-804
3877
-2736
-18672
-21636
-1956
16296
9565
-2048
2085
11929
10009
7462
18366
29217
23838
11204
13342
24177
24790
15981
11406
16899
19477
12787
4582
5552
6743
660
-2701
1661
5415
-5573
-21439
-23047
-10150
-1290
-3881
-8110
-11106
-14341
-16486
-10799
2183
10583
6319
-4621
-6988
1487
12022
16643
17329
17109
14086
11195
13991
23617
28866
23889
15941
15069
20387
23105
19623
12393
9190
10782
13336
14373
12050
5526
-1292
-2848
247
4690
3945
-1450
-8222
-12660
-13381
-12547
-11892
-9977
-8259
-10519
-15336
-19118
-20243
-18191
-14441
-11956
-11966
-16095
-23421
-28066
-28517
-25947
-25890
-22434
-9372
1131
-6306
-25694
-32109
-20673
-6300
-163
623
-548
-11043
-21568
-15661
7345
19105
7274
-6191
-2159
8460
8692
9436
19583
26910
18392
6332
10644
21137
21154
11965
11579
19703
20521
9895
1857
5050
7389
4928
4542
8711
5760
-9064
-20345
-15864
-2535
3252
-569
-6560
-11035
-13242
-13450
-7564
2042
6768
1450
-6417
-5631
2358
7502
7350
8953
11456
11038
8637
10308
16378
20076
18281
15161
15317
16818
16031
11599
8960
11132
14082
13432
9788
5714
1401
-1485
-755
3639
6678
3312
-3940
-10435
-11989
-9434
-6398
-5751
-7155
-9760
-13522
-15930
-14962
-12384
-10633
-10796
-11314
-13358
-16391
-19276
-20487
-18908
-17315
-16822
-20212
-20350
-10946
-1269
-7874
-23162
-25806
-14124
-3553
-2410
-3595
-5223
-12530
-17586
-6247
14457
15474
-3350
-12810
1307
15648
14807
13679
21550
24054
12538
5474
16833
29478
25505
13628
13884
20978
18246
6378
3404
10975
12375
5745
3491
6261
-811
-16699
-22660
-11080
3327
2731
-7692
-16264
-18986
-19273
-16089
-4953
6098
5063
-8140
-16227
-11241
-290
6575
8930
10373
8395
1868
-2656
3006
15610
23785
21191
13157
9129
8852
7773
8784
14679
19657
15946
6109
-510
404
3758
4401
5290
6539
3373
-4967
-10803
-9523
-5154
-2490
-3722
-6740
-10418
-14088
-14836
-11395
-6286
-4795
-8192
-12610
-14499
-12394
-9601
-8396
-9937
-12123
-14895
-17788
-20352
-21266
-12437
3226
6157
-12856
-29789
-25212
-9440
-1506
-927
1642
-1190
-15585
-22570
-3300
18788
12035
-6570
-3177
15334
16384
5895
11158
27820
27968
12408
9812
23235
27662
16831
11334
19609
23857
13295
2336
6277
14068
9530
294
486
3355
-6373
-20469
-19602
-4776
3033
-4727
-15730
-20756
-20865
-19460
-12960
-1450
4760
-2681
-16146
-19110
-8249
4832
9776
9228
6389
1080
-3218
-94
11330
20959
21918
15647
9012
6926
9512
13777
16808
19351
18366
12078
4107
1502
5376
10509
12210
9251
4108
-2754
-8148
-7726
-1743
2577
819
-4419
-9586
-12191
-12238
-8978
-4508
-2666
-5026
-9833
-12132
-10514
-7591
-7295
-8529
-8897
-10425
-13686
-16201
-15119
-16155
-17100
-7476
6196
1679
-20474
-31577
-20314
-4507
868
1794
228
-12998
-27682
-18810
10441
22974
6580
-8901
-3026
6229
4437
8368
24787
32573
17444
186
4709
21224
26415
19891
18849
22119
15768
2513
449
11830
16121
7315
589
2527
-1691
-15836
-21746
-9985
3458
880
-10505
-18283
-19900
-19373
-15851
-6018
4652
5044
-8179
-20601
-18249
-4629
6690
11077
12067
7477
-2661
-9394
-1299
17214
29582
26373
13405
3472
2452
8557
17099
24160
24473
15859
4069
-1242
2909
11009
15311
12542
5514
-1397
-5323
-4742
-530
2624
857
-3512
-6837
-8443
-9371
-8243
-5180
-2934
-3163
-5403
-7454
-8340
-7544
-6076
-5138
-5705
-7590
-10559
-13219
-14933
-15468
-16903
-16654
-7594
4620
272
-20532
-31531
-21296
-5611
-602
-1467
-2776
-11899
-25105
-21156
4079
19727
7002
-9659
-5378
5814
3958
4319
20505
32656
19737
394
2332
18205
24596
19344
18749
21549
14126
31
-2288
10897
17817
9394
576
1668
-976
-13503
-19111
-8142
3953
89
-11494
-17952
-19234
-20748
-18925
-7814
3983
3100
-11837
-24985
-22582
-8107
5770
11298
11555
3842
-10165
-16513
-2115
21748
31488
22612
7440
-3004
-4424
6445
23022
32385
26012
8470
-4056
-2757
7942
17730
21677
16843
4996
-4854
-5513
584
6314
8143
4370
-1735
-6154
-7036
-5965
-4246
-1513
759
104
-4496
-8915
-9094
-7039
-5186
-4351
-3443
-5160
-10295
-16183
-16622
-12125
-9996
-13847
-18660
-13238
-2782
-3612
-18478
-25747
-18044
-8382
-6289
-5775
-3226
-9816
-22073
-20066
1817
17686
8277
-6350
-6092
1671
2224
6916
22359
29968
15350
-2875
-13
16453
25951
23050
18797
16000
7357
-1897
-444
12796
19877
13975
4007
-1880
-6883
-13106
-12125
-2375
6674
2679
-10086
-19491
-20982
-15742
-8181
130
3854
-1111
-12452
-19699
-14212
-598
10896
12738
7088
-2078
-8815
-6467
5719
19994
24766
17441
3612
-6175
-3344
11383
25640
27965
18177
3571
-5863
-3154
10235
22506
24012
14091
145
-7704
-4051
6950
15160
14740
6688
-3547
-9053
-6978
205
5880
5827
173
-6087
-9331
-9774
-8029
-5234
-2992
-4239
-8729
-13827
-16416
-15319
-11594
-9507
-11353
-15889
-18901
-20208
-20024
-14379
-5042
-3250
-13894
-23051
-20270
-10428
-5069
-3175
-2450
-8604
-17830
-15286
1333
9941
2018
-6138
-3791
4
-1234
3740
14786
18140
8105
-265
3869
11936
14252
12247
12897
11791
6202
1570
4578
12713
14804
10031
4311
2433
-2
-2063
993
7140
9034
2056
-5299
-7116
-4970
-1581
2769
7014
4755
-2016
-6994
-4676
1471
5123
5519
4225
3529
492
-2490
-949
5461
9507
6095
2073
1543
2819
3251
5553
8755
7800
3547
967
3432
6377
8000
8137
6715
4231
1893
3161
5643
7244
6803
5463
3840
1773
879
1386
3354
4001
2388
-200
-2372
-4210
-5612
-4415
-1947
-1669
-5555
-9906
-10728
-8574
-6724
-6483
-6540
-7595
-10503
-13303
-11900
-7097
-3828
-5059
-9521
-11139
-7932
-3503
-3663
-5103
-5039
-5636
-9454
-10922
-5444
-67
-2103
-7721
-8639
-6182
-5548
-4320
-442
2319
-1550
-6293
-5147
1253
5255
4336
2074
1274
1579
2286
4605
8100
9434
6907
3685
4319
7803
9766
9055
8132
7895
6638
4683
4222
5725
6325
5678
5646
4940
2058
-752
159
2887
3861
3669
2689
254
-3447
-4843
-1782
2277
4063
1186
-4090
-7599
-6266
-2696
200
2529
2295
-3129
-9385
-7928
-181
5106
4695
2044
-587
-2844
-1028
5109
10272
10880
7239
2842
1553
6145
12640
14314
10111
5048
2992
2977
5292
8360
8583
4148
-1958
-4184
-1849
911
374
-2468
-4769
-6173
-6755
-5910
-4614
-5227
-6725
-7140
-5885
-4589
-5767
-8130
-9289
-8822
-8037
-6585
-5101
-5517
-8431
-11477
-12012
-9757
-7362
-6147
-6234
-8071
-10618
-12236
-10613
-6686
-3248
-2403
-3902
-6269
-7972
-6158
-1426
2895
4044
2382
-57
-1094
696
4585
7694
8122
7004
6590
6790
7057
6629
6044
6500
8319
10297
9714
6554
3059
1861
3083
5993
9415
10107
5141
-1563
-3109
463
4214
5836
5233
1472
-4928
-7981
-4495
2149
4636
1375
-3813
-7578
-7366
-2973
2441
4746
3275
61
-2527
-1386
3247
7678
8471
6757
6303
6531
6484
7787
10596
11666
9806
7479
7961
9741
9630
7066
4508
3651
4131
4498
3517
1145
-1528
-3418
-4068
-3540
-3517
-4231
-6079
-8561
-9780
-9379
-8089
-7440
-7688
-8910
-10092
-10177
-9188
-8041
-7607
-7147
-6599
-7334
-8693
-8759
-7608
-6742
-6474
-6097
-5953
-6442
-6444
-5453
-4878
-4287
-2994
-1718
-2341
-3716
-3564
-1803
-127
685
897
407
537
1175
2270
3429
4582
5111
4129
3384
3484
4273
4711
5064
4574
3235
2666
3500
4636
4343
4177
4712
3699
1519
695
2500
4497
4324
2122
5
-563
-740
-577
163
1409
1044
-1686
-4272
-3491
419
2656
1616
206
811
1788
1896
2513
4202
5022
4895
4790
6078
8680
9805
9098
7634
7604
9691
11458
11278
10451
10261
9323
6704
5590
7624
8772
5830
1792
656
923
-357
-1999
-1748
-1640
-3526
-6075
-6764
-5455
-4943
-6356
-8363
-8999
-7746
-6986
-8074
-9042
-8120
-6943
-7152
-8026
-7847
-6716
-6333
-6580
-6820
-6088
-4834
-4380
-5192
-5813
-4733
-3077
-2182
-2634
-3480
-3755
-3633
-3664
-3614
-2204
-563
-337
-1749
-2859
-2318
-967
161
1178
1716
460
-1364
-1793
-327
1624
2858
2906
1019
-1684
-2191
109
2739
2982
1410
-267
-947
-892
-503
297
1177
872
-594
-754
373
701
-661
-1341
439
2239
2010
906
951
1685
2149
3001
4704
5918
5349
4126
3572
5531
8284
9148
8118
7134
7583
8469
9690
10812
11173
9819
7697
6536
7153
8719
8952
7422
4704
2684
1861
1300
927
811
270
-1695
-4181
-5183
-4712
-4515
-5521
-5847
-6053
-6987
-7919
-7835
-6925
-6416
-6409
-6492
-6546
-7073
-7025
-6103
-4797
-3870
-3619
-4443
-5259
-4414
-2744
-1972
-2125
-2181
-1741
-1847
-2010
-1390
-1134
-1945
-1990
-826
107
-167
-863
-1001
-790
-622
-551
94
297
-678
-1975
-2502
-1852
-565
289
986
650
-852
-2588
-2894
-1193
816
1048
-135
-1259
-2170
-2605
-2203
-879
306
184
-823
-1694
-2316
-2476
-1775
73
1944
1325
-685
-1703
-1023
434
1954
3809
4212
2791
852
386
2222
4777
6227
6179
4825
3329
2692
3630
6019
7736
6931
4876
4004
4283
4327
4312
5070
5755
4450
2191
1310
1539
1250
607
903
1222
42
-2492
-4402
-4048
-2279
-1483
-2349
-3687
-4395
-5205
-6330
-6154
-4042
-2636
-3639
-5534
-6350
-5289
-3811
-2349
-1345
-1249
-2287
-4041
-4122
-2095
5
778
69
-652
-1384
-1987
-1303
949
2863
2371
27
-1409
-1185
-816
-314
558
686
-677
-2373
-2506
-1338
-197
55
-709
-1862
-1856
-1186
-1061
-1143
-1553
-1803
-1791
-1005
3
-210
-1501
-2293
-2020
-1556
-477
1252
1557
-674
-2463
-1431
989
2136
1744
416
-844
-1194
-290
1387
2899
2919
1274
-231
475
2637
4104
4687
4739
3789
2375
2186
3507
5452
6172
6028
5055
3920
3579
3915
4704
5154
4810
3485
2653
2832
2813
1999
1172
1271
1419
1017
538
333
-772
-2286
-2175
-424
934
662
-1035
-2733
-3031
-1931
-984
-693
-576
-538
-1181
-2211
-1813
-311
590
352
-383
-681
-829
-587
144
788
837
123
-533
-549
-404
-700
-631
-209
-256
-1112
-2072
-2560
-2804
-2798
-2467
-1866
-1559
-1861
-2673
-3726
-3888
-2593
-1245
-1180
-2153
-2820
-2441
-1936
-1556
-1144
-35
324
-818
-1591
-639
448
32
-928
-421
1495
2061
898
-383
-359
-124
-79
926
2235
1750
-782
-2348
-1272
978
1541
775
588
488
-166
-361
792
2401
3015
2495
2078
2519
3093
3124
3120
3323
3665
3150
2081
1690
2020
1821
1063
568
929
1385
857
-216
-620
-122
-414
-1031
-1312
-749
-416
-916
-1305
-962
-476
-346
-180
-328
-485
-679
-188
650
1164
1091
675
369
620
1481
1784
882
-320
-271
276
333
733
1320
843
-443
-1107
-435
446
164
-636
-1576
-2002
-1792
-1606
-1871
-2125
-1790
-1421
-1959
-2628
-2347
-1812
-1793
-1875
-1423
-996
-1582
-2921
-2843
-1006
556
367
-400
-451
-306
-283
-75
1007
1731
1105
-245
-218
1109
1528
615
176
924
1450
826
356
643
533
-202
-547
280
1518
1003
-718
-1593
-540
731
598
292
465
339
-812
-1475
-329
1416
1296
-328
-1180
-801
-874
-1502
-948
272
194
-1727
-3028
-2013
-37
528
-339
-1599
-2314
-1929
-1189
287
1272
782
-868
-1823
-356
1904
2940
2561
1915
1296
1134
1794
2829
3199
2436
1618
1164
1409
1436
1429
1629
1597
1017
40
63
727
921
320
-186
-137
-512
-1748
-2910
-2697
-2290
-2285
-2428
-2461
-2653
-3773
-4270
-3553
-1934
-741
-775
-1817
-3486
-4207
-3406
-1522
-464
-462
-1115
-2160
-2490
-1352
590
1292
565
-435
-1048
-1018
-214
980
1750
1366
618
496
551
827
1179
1174
920
524
353
531
982
900
429
305
578
857
634
226
136
374
604
582
802
909
392
-721
-1176
-257
551
287
-550
-1176
-1699
-2151
-1959
-987
-24
-321
-1667
-2590
-2305
-1100
-277
169
239
-82
-741
-772
687
2019
1749
1202
1584
1914
1622
1338
1970
2790
2773
2379
2469
2536
2112
1565
1522
1922
2163
1872
1361
1066
442
-400
-493
425
1315
768
-839
-2300
-2701
-1854
-567
192
-211
-1465
-2629
-2609
-1100
873
1478
165
-1994
-3171
-2076
63
1464
1724
811
-795
-1397
-465
1208
2658
3074
1926
181
-725
173
1947
2778
2583
2084
1373
751
1011
1782
2336
2289
1483
858
899
1540
1879
1036
539
1010
1117
586
219
518
761
305
-195
-56
568
686
140
-642
-880
-711
-761
-755
-648
-658
-1612
-2979
-3359
-2234
-998
-747
-1295
-1793
-1665
-1061
-323
304
769
539
44
-164
21
643
900
934
682
375
232
742
1123
1027
772
719
670
338
411
898
1168
700
320
450
734
735
708
519
336
522
731
736
488
170
104
359
829
1437
1617
1084
487
332
776
1216
1626
1808
1312
394
-60
81
416
934
1210
1163
402
172
245
314
672
756
1085
653
-64
-295
-82
74
-104
500
978
590
65
-9
70
-77
210
771
699
-132
-660
-650
-918
-991
-778
-754
-820
-944
-1269
-1646
-2160
-2142
-1969
-1525
-1058
-1294
-2142
-3065
-2935
-2582
-2454
-2117
-1628
-1434
-2318
-2739
-2120
-1002
-319
-728
-761
-620
-402
-334
-233
409
609
471
540
1040
1534
1412
927
725
668
719
746
883
879
253
-45
65
71
-49
-32
501
742
581
-153
-781
-450
217
822
806
503
-158
-860
-744
32
838
700
-48
-264
-463
-549
-297
-12
155
-189
-469
-172
87
55
-87
204
438
269
96
-306
-353
-326
-86
-142
-442
-663
-1330
-1926
-1801
-1143
-872
-552
-387
-946
-1819
-1977
-1125
-123
-82
-702
-1145
-1302
-1247
-1027
-695
-271
-409
-969
-1812
-2309
-1662
-1174
-1111
-1089
-743
-998
-1446
-1029
-128
196
-425
-957
-1334
-1301
-1510
-1482
-1136
-729
71
661
817
583
337
534
960
1578
2359
2300
1679
1239
1594
2273
2629
2814
2479
1485
525
120
802
1521
1124
180
-553
-647
-177
246
128
-331
-929
-1524
-1515
-747
173
462
-136
-809
-995
-686
-70
249
320
114
-83
-67
256
558
773
1319
1289
816
445
291
309
396
914
1212
1258
913
490
543
786
1271
1496
1122
406
-60
-11
256
579
485
102
-147
-575
-551
17
213
203
-31
-311
-174
-259
-146
-119
7
440
135
-315
-576
2
248
198
341
389
297
-685
-902
-528
40
490
316
-110
-392
-380
-335
-101
160
105
58
398
689
802
949
1002
1315
1545
1831
2125
1831
1498
1383
1586
2025
2556
2492
1605
586
-4
453
1152
1536
1108
-186
-1120
-1418
-1205
-871
-617
-1060
-1788
-2302
-2621
-2508
-1695
-1166
-1186
-1681
-2161
-1728
-1405
-860
-274
-25
-388
-1299
-1597
-1383
-381
231
764
1019
485
372
82
91
619
1372
1216
312
-281
-382
-266
48
65
53
-322
-1439
-1494
-771
113
307
-215
-690
-1340
-1668
-1293
-371
167
-286
-1007
-1548
-1264
-739
121
802
820
228
-839
-1369
-1013
-29
633
561
245
-287
-917
-686
323
1094
1074
684
97
-304
-194
251
835
1042
663
-97
-458
-391
127
528
1158
1337
1299
936
622
1076
1725
1989
1792
1698
1223
1093
1126
1615
1965
1500
876
381
-68
-284
-376
-786
-1151
-1943
-2353
-2123
-1940
-1588
-1450
-1846
-2476
-2306
-2473
-2266
-1699
-1577
-2080
-2620
-2549
-2352
-1976
-1268
-1086
-1035
-1678
-2185
-1587
-701
-209
-383
-429
-782
-863
-179
460
684
191
-372
-467
-6
702
1460
1064
647
28
644
1413
1407
2003
1599
784
-477
-1139
-874
-874
-1032
-794
83
404
791
631
625
870
696
-145
-697
-36
176
236
257
285
114
-451
-822
-633
33
1088
1984
3200
3403
2989
2103
1120
504
-244
-853
-845
-632
186
986
1534
2440
3158
3060
2455
2158
2386
1815
1277
227
-695
-1784
-2018
-1349
-583
-388
-536
-490
-663
-346
-404
-422
-608
-869
-1517
-1545
-1034
-926
-1109
-1727
-1739
-1769
-1935
-2213
-2318
-1770
-1123
-962
-1382
-1224
-911
-1173
-1155
-1592
-2040
-2062
-3133
-2958
-1303
60
406
282
677
181
-175
-786
-1307
-669
-375
-979
-360
482
910
905
1047
1451
2006
1960
1440
1324
1505
1575
997
1333
1657
1183
725
1117
590
957
1814
1352
1154
665
179
-429
-990
-693
-440
-99
-1052
-1601
-853
-637
-869
-527
-265
365
-155
-303
1209
1317
752
1102
1693
1650
1660
1563
1514
1308
2022
2128
2939
3048
1458
1647
982
640
1152
2277
1866
864
1419
482
208
602
-420
-574
-441
-1179
-533
-259
-296
-515
-851
-1639
-2104
-1867
-1478
-2078
-1668
-1052
-771
-575
-1236
-1728
-1264
-1596
-2414
-589
-44
-515
-1604
-440
-739
-652
367
-315
-81
-457
-1444
-363
-527
429
-227
-351
-50
-1143
476
-540
339
245
363
-353
-336
-600
-428
-1082
291
372
-41
1203
-309
935
1389
946
640
669
1148
996
-62
801
88
612
148
-52
806
-209
-1055
-445
-518
-462
79
-189
234
-175
492
-497
551
1012
-182
227
934
868
481
2268
1755
1145
1385
1659
1698
1249
1874
1047
629
984
1192
1057
1524
941
530
1288
31
346
326
4
-149
175
458
-560
-367
463
-121
-91
-136
-136
-45
-631
2
-82
-272
-1128
-949
-576
-277
-1120
-1667
-586
-709
-1574
-1477
249
-891
-1364
-207
-567
-1158
-1343
-1003
-1225
-986
-621
-919
-1016
-76
-732
137
102
-571
-628
-888
-387
-516
-17
280
-296
-828
-2040
-930
-975
-1057
-106
535
-520
-13
-363
429
875
1413
801
105
1015
-1089
1083
1464
749
540
807
719
859
459
951
949
985
1062
-36
256
584
19
412
256
333
622
-415
563
409
794
267
87
379
769
-462
-44
558
230
-138
187
-110
572
749
-603
174
595
702
170
990
633
143
-57
396
-664
-93
354
-222
1349
1569
353
663
-673
-151
734
59
-145
-981
-571
-1135
-1361
-598
-767
-805
-1041
-1384
-1492
-1622
-1620
-1427
-877
-1094
-1731
-1425
-1891
-750
-855
-567
-296
-1427
-531
-571
-398
339
805
267
153
-289
156
793
288
-157
-459
27
-797
-1291
143
18
-746
-509
601
373
136
-106
-1306
-189
-614
-1071
467
109
42
-1111
-1021
-342
-892
370
602
580
282
100
-810
1298
528
656
400
180
-329
-636
1290
1402
276
723
528
240
-206
243
479
-53
249
-341
895
1509
742
-250
1022
999
-283
1269
1547
1267
98
503
837
1537
1204
1525
1749
1220
1385
1270
2255
1177
1262
1805
1524
1367
1532
1484
1129
898
1178
575
713
926
268
-34
-162
-499
-193
307
-650
-533
-341
-1288
-1322
-1358
-601
-511
-1990
-1148
-979
-1122
-530
195
110
-734
-513
-850
-1151
-796
-256
-991
-183
-1547
-1831
-1056
-197
-905
-724
80
-1076
-1762
-660
-1151
-1307
-799
-968
-855
-1188
-1228
-1850
-384
-711
-38
-377
-309
216
-491
249
787
774
939
-184
1431
696
1331
2082
475
1850
1639
1106
1635
2353
1887
1717
958
1482
1149
1429
617
1285
1488
888
1350
789
1674
1415
1113
828
2144
1923
1349
1708
1997
1363
2185
2415
2066
2229
1943
1163
1380
1874
2402
1869
1861
1352
766
1022
730
1138
746
802
409
-1561
-834
-109
-564
-1056
-24
-1269
-2144
-1650
-1261
-1814
-492
-341
-1616
-860
-1746
-2079
-1206
-1438
-1552
-947
-1267
-1409
-1843
78
-1498
-1044
-751
-425
-1229
-471
-444
-10
-462
-222
352
-381
819
-1107
-733
141
-1063
157
290
246
9
-400
-170
417
-408
224
-72
-481
-423
-385
-41
-962
-1210
-157
74
-884
1002
552
448
1010
273
413
1025
715
1019
-182
572
400
-484
597
147
1276
388
-264
1397
625
1055
1963
726
1098
892
1042
487
1199
1357
226
1916
1265
1339
1708
1388
1423
1536
408
1080
981
909
251
499
615
-549
47
616
-874
-177
-472
-1166
-485
-1075
-917
-1242
-1104
-2111
-2176
-1460
-2080
-2714
-2371
-2444
-2830
-3189
-2028
-1514
-2793
-1973
-1802
-2222
-2147
-2106
-2476
-1930
-2780
-1705
-2817
-639
-2007
-2376
-626
-1459
-1201
-1777
-610
-894
-2303
-1068
-478
-2165
-781
-912
-1087
-1561
234
-785
-367
-101
-126
-1503
591
-1392
-150
-28
-414
-2
-900
694
-586
281
77
-315
-96
276
-63
1518
381
1157
86
30
519
1152
361
-215
986
441
-433
838
956
219
1207
801
665
1723
1229
759
2650
2520
1406
2211
2011
1387
1774
2111
2123
2399
1575
1261
958
1684
735
1645
1388
926
760
879
-217
825
331
22
280
-634
-313
-508
-251
-428
-438
-91
-1033
-484
-651
-1775
-840
-527
-1004
-1301
-938
-695
-1795
-109
-1556
-240
-533
-1103
-624
-653
-774
-256
-1592
589
-403
-1364
-224
-1070
-476
-993
198
-668
-977
-283
386
-1723
861
-445
458
-887
685
595
-82
1020
244
-91
574
-55
280
248
495
435
-1125
980
-328
-19
-854
32
-394
-656
-833
514
-981
-432
415
-692
-416
474
352
-1152
1269
-55
-598
1572
136
72
1303
510
458
1304
1585
804
512
1898
312
1065
2046
1521
1276
927
2179
666
1225
2427
1729
1187
1968
984
824
1180
138
1229
994
1921
19
990
1114
185
575
812
895
-370
-361
-69
43
-881
575
51
-792
-2
-1111
-1121
-1046
-677
-1404
-553
-1073
-1710
-834
-1152
-940
-950
-522
-1047
-1575
-248
-81
-464
-357
683
120
-115
-718
-549
1391
-1758
818
-205
-18
-921
-605
-1488
366
-135
-668
-82
-438
-261
-1670
-106
-1261
-797
-211
-1270
-1077
118
-1247
-954
-417
-1395
-219
-792
-1836
371
-883
-982
-41
255
284
-15
574
383
-964
1555
399
-298
1508
-449
250
438
1095
613
348
2585
-11
1373
2676
1018
2101
1674
1771
1736
970
1921
2365
619
2778
905
2143
1715
1899
1146
1583
1720
1104
801
2461
1156
-76
929
873
-423
427
506
-499
-419
-313
-798
-741
-194
-1303
-1270
-536
-1234
-2790
-550
-2901
-2269
-2464
-2170
-2348
-2146
-2297
-2555
-1716
-3064
-1364
-1401
-1884
-2206
-1577
-2227
-1939
-2303
-1252
-1928
-2775
-1743
-2020
-1581
-1869
-2033
-1011
-1402
-2980
-813
-1670
-2328
-930
-1839
-1291
-1441
-1672
-1897
-910
-482
-1204
-1915
10
-1077
-1232
-468
-644
-182
-287
-1458
-27
-972
-435
-176
-1205
951
-439
-620
296
557
266
437
-559
786
1990
-1174
1587
1279
173
760
1165
1558
820
2563
2154
162
4041
1282
1385
3404
1298
1065
2807
740
1767
835
1711
1285
495
2487
-253
1817
1902
-652
1722
1153
-239
847
-23
-60
121
290
-391
97
-195
-543
-699
112
-142
-732
105
-543
837
-530
-1036
583
-1010
-252
-720
96
-377
-893
-158
-146
-662
163
-128
-230
489
-989
222
-581
-82
69
-826
1268
-1589
-1259
408
-561
-1201
540
-640
-1590
-757
-362
-1863
-301
265
-2374
329
-1368
-673
-1612
-76
-638
-1396
-473
-223
-979
-1022
-473
-1027
-458
-1905
28
-296
-1582
534
82
-988
2273
-570
492
1336
238
510
471
1992
344
451
2638
144
767
2935
278
1814
1188
1115
844
937
1857
582
1016
2432
-291
1658
739
868
1242
1775
793
1111
1265
408
1207
1010
1916
516
1000
230
1115
-466
1137
545
265
96
228
-786
411
-1069
-295
-751
688
-1169
-1694
1507
-1293
-381
579
-69
246
119
-717
865
-846
-544
514
-1419
500
-1132
-156
244
-715
569
-1586
583
-312
-1743
1159
543
-1113
106
1007
-281
-970
318
910
-2030
1717
-590
-543
977
186
-343
1208
-130
-1048
582
-462
-211
155
930
-1470
1602
-271
-338
993
648
-70
738
1279
458
1092
1265
1538
-330
2139
1072
1454
1952
839
1379
1520
1108
1714
1272
1452
999
549
1167
443
1794
1026
502
2564
444
-41
1980
447
578
619
206
1512
-491
533
1643
576
507
205
1078
-570
419
-333
-272
496
-618
-610
-492
540
-1318
173
-1376
695
-1505
-705
105
-477
-950
222
-719
-635
-321
-1287
58
-872
-365
-1555
26
-1434
-1457
-988
-892
-1109
-1811
-124
-1828
-1023
-1204
-334
-1879
594
-1974
-258
-1644
-1465
-1717
-1990
-215
-1829
-1355
-528
-598
-1978
-110
-822
-385
-1798
-629
-504
-1916
-264
-1546
-1266
-641
-1692
-1015
-290
-630
-1310
77
-533
-1681
350
-791
-725
204
-962
-499
367
-796
-109
809
-194
140
819
-1035
149
1010
21
71
1199
808
-144
907
858
-47
1010
874
8
1089
649
575
725
628
574
128
11
656
-21
96
292
753
48
-826
946
620
250
173
558
1212
-123
438
-335
665
538
-1497
385
565
-769
1542
-160
-470
1463
-755
804
387
429
436
-537
545
-278
-146
258
-294
473
-804
-574
480
-1778
762
-544
-629
-628
-232
-506
-720
-180
319
-1210
-782
-454
-1454
-615
-933
-1014
-1306
18
-803
-1138
-50
101
-569
-135
-758
178
-337
-1292
347
47
-161
59
-904
1150
-349
-340
122
206
270
-618
542
283
-691
285
166
-914
1065
-1035
-9
257
-930
-522
-568
748
-494
-270
556
-429
-169
-464
345
565
-804
956
376
-161
2051
-12
1117
622
966
27
76
1099
-164
-651
1191
352
80
1281
588
493
280
456
554
-234
1628
-454
918
860
-148
1425
578
298
606
557
354
882
121
1081
552
1264
-86
839
1625
-383
1209
766
-139
375
277
-318
573
298
-120
-125
171
-503
-483
144
-1357
-757
-691
-1228
-791
-785
-941
-440
-1342
-227
-447
-319
-236
-333
-68
225
-521
700
-91
292
76
-735
844
108
864
149
1199
1436
332
628
1684
1098
1005
1997
1782
1567
1607
1971
1592
1862
2370
829
2818
1402
1463
1962
1867
1934
1363
2647
1608
1707
1510
1605
1031
1314
1263
1268
1379
731
1573
684
863
838
541
208
1050
-985
181
411
-311
191
404
-13
-369
-42
531
-10
60
-264
238
-488
-508
-338
131
-582
-630
-565
-363
-185
-1067
28
-610
292
-482
-799
400
-6
-1145
68
-496
-610
-101
-761
-523
-995
93
-1296
-837
196
-1213
-856
-403
-1107
-957
-805
-960
-1509
-940
-586
-1936
-1113
-336
-1719
-859
-1072
-734
-1677
-1475
-459
-1526
-1535
38
-1655
-392
-1259
-1225
-422
-1326
172
-1635
-82
-603
-921
316
1076
-882
691
316
-516
-128
351
189
-128
698
-359
451
873
859
590
1633
576
958
214
654
852
1297
691
378
1936
-81
756
1624
327
1631
787
-180
542
184
238
180
960
856
439
808
1333
97
1223
844
287
783
866
736
681
1155
839
785
170
1120
-421
390
-27
-274
216
-567
0
-688
-1391
-956
-1230
-1447
-360
-1097
-1268
-120
-1507
-526
-250
-896
-142
-1242
-485
-1458
-520
-1181
-1059
-981
-464
-1448
-489
-920
-636
-993
-756
-364
-1030
-907
-738
-763
-732
-500
-921
-478
-588
120
-1454
386
-335
-642
19
252
303
552
263
622
858
97
914
-114
675
-57
-388
799
-326
393
-170
658
201
-123
503
7
66
-418
-351
100
-203
41
-18
-603
-35
104
-1317
333
-218
-432
-357
-619
-630
-532
-193
-564
-45
-99
-932
-950
-456
-477
-593
-29
-294
98
-186
9
253
88
-377
-26
-252
-249
96
-137
236
59
119
-208
-9
-346
-522
-685
-294
-587
-82
-962
542
-26
-520
136
322
-86
-131
380
662
215
421
355
18
679
910
-341
1368
208
-91
408
60
851
-351
985
289
906
-7
910
-57
584
-52
617
-208
624
-168
279
155
-60
566
-21
-23
162
-593
1124
123
205
1071
368
986
315
1202
1392
149
160
1086
-4
1090
-47
727
1098
-150
748
1299
1077
1061
1160
1102
1254
1078
1177
1096
1888
1105
1297
987
2069
938
1032
735
1318
-193
505
957
334
652
967
546
579
784
374
796
337
942
115
714
54
339
928
-16
569
516
250
186
-356
111
503
-843
273
478
-580
654
223
-9
639
-77
382
208
-531
742
-441
98
371
469
-382
-127
202
-192
-397
175
414
-803
-236
12
-283
-97
-151
-1160
-512
-1011
-1259
-781
-1014
-1479
-1787
-1344
-1008
-2326
-1251
-894
-1440
-1456
-1547
-893
-1200
-1883
-1300
-1540
-1693
-1531
-1748
-1383
-974
-829
-1815
-731
-520
-2031
-1745
-53
-1171
-1044
-450
-726
-826
-1058
-286
-668
-679
-463
-142
-830
380
-351
-58
410
264
810
376
1183
409
559
980
1451
130
819
576
23
355
268
640
152
189
140
84
226
-103
-327
-13
-192
-819
-29
-179
-491
-431
234
-1011
-103
-723
-603
-164
-803
-176
-54
231
44
-586
650
-454
-438
841
-1052
-417
164
-754
-389
71
-254
-168
-603
577
-378
-470
-556
-601
-470
-496
-473
-553
-241
-484
-1108
-1248
-92
-1093
-1298
-350
-666
-722
-1558
-56
83
-987
-71
-520
-562
-690
-1336
-373
-1111
-757
-954
-635
-1188
166
-780
-756
-13
94
-2238
-109
446
-1640
-796
274
-601
-368
-399
-457
154
-854
431
-1174
1135
675
-534
788
536
393
434
128
1142
1238
-620
515
319
-212
-60
-410
234
337
-631
66
-790
798
-1168
-344
-788
-663
-464
-923
-1110
-384
-430
-915
-657
-1353
-750
-2066
-1374
-1021
-1234
-1281
274
-1244
-625
-493
-836
128
-672
-413
-622
-769
-81
-597
-418
393
-88
-563
-445
-828
257
-1449
-328
110
-1372
368
-1010
-609
-320
-557
-230
-722
-313
118
-554
-258
200
-534
-181
-258
121
-402
-284
136
71
-445
599
-735
-306
-7
-622
-138
-914
804
-807
29
88
272
683
1131
333
1293
1323
1003
321
1973
1944
748
1743
2213
1897
1319
1285
2246
1942
546
2191
1652
1734
1302
1222
1841
1576
284
1644
1401
841
1785
1152
2296
898
1221
1535
320
695
1035
150
1327
227
897
474
534
891
67
665
711
-1046
210
779
-647
-55
-544
266
-1228
-751
-786
-338
-1256
-204
-791
-287
347
-1282
425
-209
-174
-840
145
38
-156
-701
-227
455
-517
-587
572
-287
-376
-166
343
191
329
-287
403
237
-487
-103
148
526
-422
-223
1121
-610
15
115
94
160
-428
1406
-230
1
582
-3
303
391
-247
835
420
504
-32
831
751
392
481
1082
684
1208
370
605
1768
186
-261
1257
1015
-807
657
902
-223
-289
-517
-64
-930
-497
-151
-327
-122
-302
271
-571
-364
19
-518
-1481
197
-1156
-1304
-1315
-225
-1502
-467
218
-1165
-927
610
-1330
-1092
352
-915
-934
-721
-1000
-490
-750
-575
-612
-963
-649
-915
-605
-1188
-123
163
-723
-842
1139
-777
-539
266
499
-961
38
1070
-298
296
856
-521
1075
655
-127
188
1144
266
515
112
951
1062
-269
-206
193
-190
-1330
-185
-704
-184
-1366
-674
-1201
-864
-595
-790
-1153
-679
66
-1434
-379
185
-1054
-359
-647
-391
-662
-790
-147
-224
92
-408
235
-269
-1
-789
75
92
-1128
-24
-51
-73
-29
-465
-46
-647
117
-375
241
-141
115
-610
81
63
239
-394
537
-839
238
-241
-728
-153
-514
31
-1029
-208
118
73
-771
5
-131
250
-971
668
37
-388
528
-681
-127
282
-502
-484
-712
35
110
-1061
778
602
-489
-441
101
86
29
728
-147
328
811
-275
713
620
946
-820
1148
50
-251
788
247
-435
155
902
-88
0
-60
-405
-300
-1094
-1315
-134
-1121
-434
-825
245
-1086
810
-568
-643
758
-210
-775
-36
532
-667
656
-55
262
386
434
531
175
696
244
-15
175
804
467
879
155
478
1204
14
105
694
850
531
254
1402
1530
-234
976
1097
577
983
584
1878
929
378
1432
1007
154
1201
781
699
735
1125
1113
450
1755
720
56
1970
532
-71
1045
933
469
-215
1152
867
663
-154
1341
-29
146
551
889
495
1383
1116
1094
616
1292
1263
39
1318
952
250
1024
663
589
1382
-425
474
393
368
67
-883
966
-348
-1923
941
-104
-1428
116
29
-840
-102
-528
-292
-1086
-136
21
-833
-350
513
-1136
-1049
121
-311
-950
-122
723
-732
-646
152
-244
-1931
168
-214
-1456
235
-57
-870
-79
156
-217
3
482
-85
-124
202
225
144
426
648
16
505
1017
-67
111
686
470
117
737
1539
518
731
1461
954
548
1555
163
241
929
142
707
-517
1134
-58
-787
-105
185
-463
-918
430
-863
339
364
13
-49
355
961
-864
657
1365
-473
199
1361
284
605
1135
1124
-79
1002
1312
-54
431
719
657
-660
723
497
25
159
-134
-24
-767
-92
-1064
-257
-1096
-698
51
-1453
-162
-88
-762
-852
-438
-210
-854
-200
636
-640
183
-307
-229
-498
294
-701
-980
1119
-178
-21
941
357
961
252
55
524
-297
540
-442
-178
125
-1078
-627
-599
-1100
-395
-1048
-451
156
-271
186
289
509
-197
-210
1090
-1155
62
1082
-1611
-516
544
-1576
-38
690
-705
-341
1234
94
-1096
1336
943
-633
264
1284
529
-252
901
498
-240
632
-173
-95
-554
39
-185
-660
-634
452
-133
-799
797
-16
-472
-365
32
-244
-830
-492
-306
-1363
-495
-103
-737
-807
-498
-74
-2183
-1581
-801
-1609
-1346
-907
-424
-1117
-890
-929
-894
-1246
-625
-1874
-904
-1566
-1508
-1066
-835
-1296
-1639
-889
-428
-2178
-641
-735
-1741
-872
-1380
-1345
-1209
-522
-1865
-1567
-327
-938
-2115
502
-338
-1430
789
453
-364
10
350
-269
-715
729
466
-90
1402
911
406
941
458
1236
651
715
1528
1057
1546
581
1780
1389
547
952
680
339
405
-216
506
213
-575
911
402
475
119
642
477
-148
236
208
431
132
835
620
605
0
0
0
0
0
0
0
0
0
0
0
0
0
0
0
0
0
0
0
0
0
0
0
0
0
0
0
0
0
0
0
0
0
0
0
0
1
0
0
0
0
-1
0
0
0
0
0
0
0
0
0
0
0
0
0
0
0
0
0
0
0
0
0
0
0
0
0
0
0
0
1
0
0
0
0
0
0
0
0
0
0
0
0
0
0
0
0
0
0
0
0
0
0
0
0
0
1
1
0
0
0
-1
1
1
0
0
0
0
0
0
0
0
0
0
0
1
0
0
0
0
0
0
0
0
0
0
0
0
0
0
0
0
0
0
0
0
0
0
0
0
0
0
0
0
0
0
0
1
0
1
0
0
0
0
0
0
1
0
0
1
-1
0
0
0
0
0
0
0
0
0
0
0
-1
0
-1
0
0
0
0
0
-1
0
0
0
0
0
0
0
0
0
0
0
0
0
0
0
-1
0
0
0
0
0
0
1
0
0
0
0
0
0
0
0
0
0
0
0
0
0
0
1
0
1
0
0
0
0
1
0
0
0
-1
0
0
0
0
0
0
0
0
0
0
0
0
0
0
0
0
0
0
0
0
0
0
0
0
0
0
0
0
0
0
0
0
0
0
0
0
0
0
0
0
0
0