0
0
0
0
0
0
0
0
0
0
0
0
0
0
0
0
0
0
0
0
0
0
0
0
0
0
0
0
0
0
0
0
0
0
0
0
1
0
0
0
0
-1
0
0
0
0
0
0
0
0
0
0
0
0
0
0
0
0
0
0
0
0
0
0
0
0
0
0
0
0
1
0
0
0
0
0
0
0
0
0
0
0
0
0
0
0
0
0
0
0
0
0
0
0
0
0
1
1
0
0
0
-1
1
1
0
0
0
0
0
0
0
0
0
0
0
1
0
0
0
0
0
0
0
0
0
0
0
0
0
0
0
0
0
0
0
0
0
0
0
0
0
0
0
0
0
0
0
1
0
1
0
0
0
0
0
0
1
0
0
1
-1
0
0
0
0
0
0
0
0
0
0
0
-1
0
-1
0
0
0
0
0
-1
0
0
0
0
0
0
0
0
0
0
0
0
0
0
0
-1
0
0
0
0
0
0
1
0
0
0
0
0
0
0
0
0
0
0
0
0
0
0
1
0
1
0
0
0
0
1
0
0
0
-1
0
0
0
0
0
0
0
0
0
0
0
0
0
0
0
0
0
0
0
0
0
0
0
0
0
0
0
0
0
0
0
0
0
0
0
0
0
0
0
0
0
0
-552
-503
-287
-166
-162
28
-49
-5
-63
-435
-418
-237
-144
-167
-71
-7
-53
-84
-57
-188
-14
182
239
122
61
306
509
590
744
1101
1072
1187
1170
1218
1056
817
1107
1203
1138
1101
1023
778
605
801
910
660
721
882
693
687
1013
1175
1210
1015
1252
1468
1322
1336
1504
1810
1685
1562
1567
1367
1175
1085
1364
1422
1551
1711
1708
1233
748
604
504
485
481
245
257
706
591
340
341
289
488
547
220
27
-336
-516
-576
-532
-778
-1027
-1006
-1037
-994
-1103
-1003
-695
-438
-449
-491
-856
-1246
-977
-709
-627
-545
-301
-542
-508
-233
-253
-197
-47
5
-18
104
62
-180
-17
161
197
2
-190
-432
-552
-56
107
302
336
483
543
488
333
309
461
328
420
609
505
299
456
510
431
483
625
623
727
987
1257
1405
959
983
1210
1233
974
1185
1367
1035
810
773
359
305
465
94
184
366
326
180
372
423
334
366
231
225
194
209
126
7
-19
-123
74
143
102
-210
-444
-434
-379
-243
-218
-548
-700
-668
-690
-802
-792
-970
-627
-150
-66
293
290
247
-32
123
161
17
-62
-313
-343
-507
-624
-770
-848
-813
-881
-688
-636
-378
-642
-604
-690
-855
-609
-531
-53
70
44
92
-1
-286
-422
-629
-764
-709
-825
-625
-627
-428
-320
-503
-332
-683
-348
-394
-418
-382
-408
-450
-907
-890
-894
-997
-1166
-986
-805
-1190
-1115
-1552
-1606
-1740
-1807
-1758
-1687
-1709
-1797
-1453
-1449
-1485
-1085
-1211
-1582
-1411
-1511
-1601
-1428
-1228
-1018
-951
-828
-911
-66
-38
125
627
735
778
735
1135
555
541
202
253
111
517
884
1063
991
433
1212
1153
1337
1045
1008
965
876
1066
828
970
982
637
551
672
700
1053
693
523
456
323
199
85
405
176
262
23
-153
-147
-357
-140
-106
-375
-182
-237
-342
-384
-669
-716
-952
-877
-965
-1215
-1186
-1173
-1275
-1331
-1226
-843
-793
-622
-516
-442
-223
-321
-76
28
15
111
237
226
259
537
422
535
41
150
345
323
629
475
639
507
604
680
338
773
689
888
1151
746
827
694
737
815
874
952
1015
833
692
755
1309
1151
1361
994
781
625
682
1116
805
1213
826
1147
952
1303
1315
1135
1457
1325
1583
1093
1481
1334
1361
992
934
997
846
1134
1068
1122
911
1157
1043
1074
1158
1217
1010
832
649
686
755
340
234
63
71
-594
-14
-190
-240
120
-242
-87
38
258
-115
157
168
-70
349
346
350
539
393
-89
180
177
-109
84
185
-224
-205
90
-377
-234
-315
-467
-513
-280
-259
-108
-29
-370
-266
-423
-495
-309
94
-238
109
390
235
-66
-97
-275
-682
-449
-396
-351
-33
-440
-43
-119
-308
-623
-415
-124
-342
46
124
207
-291
-49
-78
-70
-272
-214
-335
-393
-668
-422
-439
-536
-310
39
-66
311
404
514
207
872
517
771
1066
683
1258
831
841
275
890
363
703
602
655
854
653
367
304
702
408
785
738
597
951
825
732
665
646
222
182
680
643
750
671
710
441
391
366
793
168
670
728
883
749
1130
1230
990
1041
1339
1129
1071
435
651
553
-98
-31
-294
-258
-641
-138
-666
-702
-707
-57
-603
-640
-747
-1162
-885
-1406
-540
-1027
-1024
-926
-869
-1609
-955
-1134
-1537
-1546
-1336
-1226
-2220
-672
-1634
-1214
-953
-1640
-954
-1096
-1157
-1068
-691
-1541
-1065
-773
-1474
-1226
-874
-758
-887
-178
-714
125
-477
-648
-209
373
-97
72
383
-688
-259
-175
-68
281
280
66
448
236
715
729
935
104
762
113
290
485
487
199
133
634
257
414
235
612
622
507
40
185
-28
-690
-59
-99
74
375
135
-205
64
57
-233
123
-261
-319
-259
173
-471
-178
142
163
-499
-348
-325
-420
-773
-935
-1069
-1453
-1022
-1203
-514
-1065
-490
-512
-300
-763
-833
-385
-967
-45
-466
113
651
460
-136
630
485
-562
588
-396
-165
-570
532
-337
867
529
25
434
331
192
417
723
-543
327
355
186
611
818
101
668
665
-217
664
367
252
371
1097
626
277
1034
334
580
403
-89
-135
45
-601
-333
188
-996
-491
181
-850
-758
-430
-1208
-1039
-695
-861
-939
-816
-169
-935
224
-446
-157
412
163
431
268
359
-804
294
-703
-587
95
-1029
-345
-760
-292
-412
-147
-193
-107
427
-949
-98
148
-252
302
-112
-210
-537
20
-476
-345
490
-438
367
165
476
130
1088
700
700
1383
462
1087
744
458
507
689
-9
445
342
-193
126
110
412
-524
429
-193
-173
348
251
-41
-288
-61
-257
184
-156
-363
23
-33
-447
-523
-741
-1011
-861
-1006
-1412
-1313
-1342
-982
-1178
-1505
-828
-658
-1028
-483
-163
-328
-494
-855
-528
-1155
457
161
160
215
16
42
-681
-114
20
-307
332
-492
-104
-206
42
-6
153
182
334
51
1184
655
876
937
391
870
271
1199
460
1585
1176
1462
1202
1019
1860
954
1839
1286
1911
1490
950
1647
761
978
745
894
89
1117
866
339
703
1046
247
-18
733
212
170
756
167
125
516
91
9
536
-842
144
-448
-338
-598
-107
-281
-731
-209
-1090
-230
-682
-616
-539
-482
-848
-1271
593
-1167
269
-131
-628
86
-321
-231
10
-129
299
-376
231
-548
-1200
370
-1895
266
-1868
-269
-865
-1173
-199
-1237
30
-1720
-409
-823
-1812
-1210
-1483
-1575
-1099
-554
-148
-326
-344
6
-880
-64
-317
-268
154
-159
571
-225
279
-452
-406
345
-1000
158
-608
-391
-632
257
-533
-404
-79
-871
-472
-393
-256
-948
-161
-1048
-1124
-492
-962
-1262
-1403
-1348
-1683
-957
-1027
-1674
-732
-1781
-630
-1367
-1126
-761
-1759
-1223
-1420
-1037
-1675
-1345
-842
-1673
-121
-514
-1010
-853
-388
-897
-1051
203
-471
-846
443
-555
-455
-469
-536
114
-899
-21
-230
-23
-230
53
459
-625
-203
191
15
-432
619
448
-159
160
-192
370
-346
259
-291
-111
153
-339
83
340
-245
-124
375
-336
196
-106
648
-740
118
-145
-148
-33
-35
-45
-167
-270
-89
259
-339
-229
259
-344
-539
-2
206
-766
14
196
-713
637
19
-32
-78
618
-225
-274
490
-270
513
-125
99
8
450
54
-435
1240
-1100
196
1285
-48
482
843
825
-517
1174
1097
-339
835
1312
604
378
1022
975
1214
173
997
449
1046
-312
991
635
163
1292
527
860
378
1417
572
836
863
1511
308
1689
141
194
1174
-598
309
-134
491
-365
-547
-353
-606
-851
-528
-719
-582
-1368
336
-1454
-1277
-222
-824
-837
-1744
166
-1925
-738
-1329
-1041
-435
164
-1689
437
-494
-992
184
-828
-102
-500
380
-1293
587
666
-271
243
1037
226
668
1333
-121
1787
958
898
1070
1547
166
1194
1571
1016
1199
1002
2381
-266
2632
887
2497
1038
2258
2022
1202
2056
1941
2073
2500
1308
2475
2311
1247
1446
2310
2108
249
2858
1311
785
2313
1435
690
2268
179
1727
110
1300
-359
2240
3
555
1036
-176
392
-297
270
-432
1379
-1738
933
-660
-65
671
389
597
-516
2387
-2399
1652
-213
-8
680
591
721
534
2125
-1500
2110
90
827
-1137
2802
-1664
1387
693
-863
961
-314
1314
-1961
1707
-138
-197
-664
315
-407
437
-711
196
209
-764
-566
14
-122
-289
172
541
-1752
457
-638
-279
162
-161
376
-499
47
-561
-311
-345
-829
448
-1261
-200
-816
-920
-236
-2387
153
-1603
-440
-2437
-357
-2045
-1394
-1553
-1720
-759
-1883
-1452
-1424
-1273
-1177
-1489
-821
-1432
-1212
334
-1362
376
-305
-254
-560
417
441
345
323
956
-514
316
269
1236
-336
613
945
35
-767
1465
844
-228
1345
442
1250
-554
1618
-1244
1241
-2186
1337
-18
-699
-165
-559
1006
-3514
386
1134
-484
-1564
-693
-228
-2049
-1666
-58
653
-1056
-466
-748
-139
-1158
-54
1318
370
-1942
1079
-110
-2038
-304
336
-277
-1248
-1840
-128
-1339
-2646
933
-1387
-231
-2896
5
-967
-2460
-157
-1129
610
-2867
210
-665
196
-1350
-906
1314
-1973
260
803
-247
1398
1163
-758
1523
-160
815
487
1468
1173
45
3381
-1360
1790
726
854
-114
1448
302
-607
1998
156
-928
2504
648
-204
1041
796
-220
-499
1408
-1228
1684
112
316
547
642
-50
1837
-83
1581
-645
2854
-207
104
553
1061
-430
-336
454
1305
-695
-868
1068
-344
48
-641
1597
-1227
-1292
1046
-1011
-1797
-429
1498
-1954
-1366
-842
-434
-1495
-2700
-511
-65
-1923
-1772
-477
-2969
-113
-1804
142
-1309
466
-314
67
-173
-844
535
-857
-785
-282
273
365
-859
1465
-779
1119
645
-534
908
-1243
42
-787
977
-550
-84
9
42
-325
129
50
1740
-874
1504
-388
888
242
252
750
-67
244
1034
544
1170
337
1592
2561
-951
3409
-448
2648
-653
2600
981
1914
1340
680
1870
221
1461
39
2103
-1187
1660
903
638
-592
1347
-419
-285
1828
-572
1923
1011
794
-1114
3001
-514
1409
-718
2615
-621
724
2450
-942
3619
-620
1454
1806
1022
280
1638
1991
104
642
3749
-968
2203
1556
1635
1959
1146
2398
1067
2183
-331
3181
2134
-388
2251
1834
1686
-122
3109
940
-143
1458
-206
547
696
479
-50
1419
-502
210
587
110
266
1077
897
-112
510
-148
-530
253
-839
406
54
25
-835
-429
-899
-494
-1880
-210
-363
-2137
-1086
-1901
-246
-2591
-227
-1442
537
-1691
-1412
743
-2518
62
-2082
1537
-2469
50
-560
-1915
-420
-1866
399
-960
-396
-681
-100
-988
-1674
-250
-1166
-487
148
-1103
578
-319
-857
-308
-47
-531
-49
91
-314
-518
-316
-908
108
-588
84
652
-139
-481
-204
-378
-250
-398
-905
241
-403
-2267
-259
-1973
-934
-1068
-870
75
-1351
-237
-618
-288
-1718
310
252
-1157
-45
161
-1332
-521
-297
-1388
-459
473
-985
-258
-193
-984
246
-1169
-287
106
-266
-360
-683
341
-1297
-246
-938
253
83
-1410
479
-1302
-1460
-353
-128
-1460
-969
682
-1104
-666
-405
35
-862
-384
505
-2
-449
260
-630
-970
263
-620
-989
-996
-164
-566
-1357
-702
-827
-650
-462
-487
431
-777
201
-1876
-18
545
-1143
-360
422
-1282
-1498
183
-893
-1239
280
-86
-1515
-234
-656
-906
-1060
-826
-69
-188
346
-746
-71
-160
185
55
-61
1049
-1004
-179
-964
-715
-1191
844
-174
-1088
-684
87
30
-646
-62
669
-505
-1462
-267
-516
-987
-1205
153
-816
212
-723
-869
-1064
-1134
-911
-914
-1118
-1451
-1566
-1075
-1940
-415
-722
-289
-243
-587
-20
-669
-631
-703
-203
-365
-466
74
-634
-386
-861
-421
-564
-899
-224
-784
-1312
-24
-980
-831
260
-404
-1128
-706
-780
-1241
-92
-623
-35
646
-227
-347
1106
-48
-765
1070
586
-182
874
709
120
437
-447
761
969
1104
344
1153
639
-51
1214
866
1006
1038
994
1355
1352
363
384
-165
298
721
755
216
383
-256
-325
799
1018
2099
1475
1278
1788
503
857
1675
1431
1986
3278
2529
2098
2388
1747
1485
2282
2471
2550
2853
1932
1604
2092
1091
1589
1152
1568
1744
901
603
1439
381
281
1500
1078
1241
837
631
244
429
556
1049
1553
746
1004
-319
-953
-687
-730
-158
92
734
26
-437
-1295
-1959
-840
-861
-802
214
-275
-1392
-1731
-1351
-107
-1340
-512
206
-760
-1415
-884
-882
-1753
-827
-1040
-653
-906
-1335
-1536
-2005
-1701
-1788
-962
-1106
-1169
-1237
-1459
-1984
-1463
-1404
-734
-1432
-1313
-1218
-1625
-1170
-685
-345
-359
-572
-933
-258
-685
-120
612
723
530
944
1193
1745
2240
2740
2634
3003
2895
3411
4066
3789
4819
5550
5912
6325
6031
6529
6238
6307
6818
7852
7687
6719
6636
6108
5510
5972
6392
6660
5277
3855
3440
1984
1666
1685
1568
682
-990
-1642
-2528
-3372
-3686
-2968
-3664
-4097
-4525
-6031
-6330
-6847
-6598
-6960
-6616
-7131
-8495
-8407
-8872
-9470
-9247
-9700
-10493
-11202
-11023
-12388
-13238
-14111
-15355
-16889
-17200
-18503
-17459
-12428
-8207
-8554
-13115
-14605
-15750
-13989
-8691
1013
6410
2707
-3488
-5126
-608
7148
16114
21621
20968
17147
14129
14807
20892
27142
29778
26150
21557
19270
17529
15079
14372
15790
14889
11548
8617
6302
223
-7448
-10259
-7620
-5257
-5313
-6441
-9541
-14420
-17503
-16278
-10502
-4558
-601
1380
2472
958
-568
2216
8380
14947
19769
22733
21654
16573
13929
15905
19393
22850
25020
23176
16384
9958
6595
5273
4114
4001
3361
-1377
-9094
-13374
-16375
-18893
-19271
-17327
-17086
-20443
-24742
-26794
-27726
-27960
-25148
-21936
-21608
-23911
-25346
-24962
-24612
-24043
-22333
-22188
-22730
-17103
-7512
-5731
-11544
-15318
-15091
-14577
-8312
2940
12936
8079
-3651
-10465
-4196
7491
17677
24222
22501
16362
10225
10698
18109
28439
32767
28348
20481
16882
16135
13605
10525
13081
15839
12914
7759
6168
1629
-9472
-16248
-11484
-3543
-1850
-5528
-10906
-18088
-24027
-22940
-14298
-4624
-548
-1675
-5946
-8540
-6455
-621
6861
16048
21875
22928
20244
18340
18065
19280
24736
29889
32252
29735
25133
18391
13846
14732
18518
20491
18151
12977
4736
-3085
-6530
-5128
-3007
-3989
-7272
-12507
-19146
-23947
-23362
-20505
-17816
-17144
-17845
-20852
-25249
-25509
-22000
-18812
-17835
-17163
-17659
-21687
-24470
-23881
-22784
-22396
-18370
-7324
-1332
-6068
-17360
-19328
-18988
-11925
-372
13973
14688
360
-14923
-15125
1310
18846
30076
28151
17772
6715
5567
12987
24915
32235
29099
17705
9920
9544
12818
12111
11479
13279
11861
5981
889
-1874
-7356
-14466
-13290
-4428
1174
-3479
-12528
-20031
-23596
-20694
-11413
-1367
1317
-3236
-9628
-11225
-7117
1478
8649
14393
16759
17065
14843
13686
13912
17295
22298
26600
29539
27236
20102
12380
11187
14959
20905
23508
19696
11308
2678
-794
1816
5666
6525
2528
-5024
-12295
-14941
-14721
-13587
-13334
-13979
-16107
-17844
-19361
-20125
-19795
-18329
-15954
-14483
-15399
-19052
-21977
-23535
-21491
-17696
-15608
-17758
-22513
-20790
-10265
-1616
-4605
-14340
-18931
-17970
-11791
-210
12648
11302
-5902
-21336
-15664
5938
23758
27759
19168
7104
197
3851
16129
28636
31748
22148
8277
3739
10047
15263
12997
10625
11687
10210
4225
681
-263
-5345
-11740
-8826
970
3854
-4362
-15325
-20555
-18777
-11419
-2352
2918
412
-7050
-11662
-9351
-1485
6804
11335
11962
10714
9332
9474
12586
17313
20310
20117
19882
18634
17007
14666
15696
16082
15275
13402
11622
9507
6972
5618
3488
1887
178
-1464
-3747
-5371
-6119
-7989
-10960
-13542
-13012
-12981
-14179
-14607
-13295
-13629
-16300
-16661
-15536
-15114
-16003
-14712
-13829
-15590
-17938
-18414
-18499
-19319
-18383
-17395
-11699
-3052
-832
-11969
-21563
-19074
-10638
-1969
7609
14127
3656
-15748
-22861
-4866
19831
31620
25894
11153
-64
-983
8946
22610
31976
28690
14393
1449
1426
12385
18211
15087
12709
12591
7572
-569
-2186
-362
-3211
-6468
-1842
4039
-184
-12270
-20011
-18319
-10945
-3495
605
-1194
-8328
-14556
-13275
-4465
5091
9926
8547
4502
1882
2342
6033
11181
14763
15608
15297
14143
9999
5917
6436
10584
13446
14367
12236
5755
-1606
-3496
863
5416
6639
2484
-5415
-11679
-10803
-5712
-3010
-4355
-7774
-11900
-15448
-14862
-10035
-7591
-10000
-12472
-11998
-11652
-12271
-11964
-10215
-9679
-10868
-10488
-10539
-12159
-13994
-13204
-11993
-10094
-2445
3990
-1242
-14758
-17517
-10115
-1250
4281
9814
8629
-4471
-18520
-15433
6534
25120
27894
15498
1934
-3668
1238
13201
26324
32615
24039
6455
-3656
3452
16128
18956
15694
14585
11570
2326
-3816
-227
3508
389
-2085
1423
1939
-6486
-16405
-18434
-11931
-3813
-243
-2043
-8184
-14625
-16894
-11093
-384
7315
6499
-88
-4365
-3581
942
6696
11524
12662
8969
4259
3661
7702
10630
10381
9972
9250
6999
5504
6319
6560
4693
2999
1949
1407
1166
513
-1450
-3648
-4384
-4731
-4885
-4883
-5245
-6945
-8692
-8651
-8079
-7938
-8351
-8212
-7963
-8183
-8840
-8439
-7647
-7869
-7656
-6269
-6110
-7893
-9052
-8559
-9222
-5913
2707
5034
-5719
-15572
-13152
-6021
780
6345
9317
799
-12677
-17360
-3910
15476
25064
18792
3762
-6434
-4534
7686
22175
30828
26799
10856
-3895
-2787
12068
22599
20469
14813
10964
3884
-3115
-1204
6078
5245
-2075
-4042
-2346
-6224
-14726
-17318
-12345
-6102
-4022
-6480
-11190
-15960
-17347
-13145
-3756
4586
4289
-2954
-8255
-6386
-131
6643
12024
13713
9834
3585
2420
7263
14547
18631
17227
11460
6484
5293
6989
10471
12661
10892
3940
-2075
-3610
-373
3101
3046
-876
-6250
-9744
-10074
-6777
-3958
-4250
-7009
-9726
-11302
-11566
-9327
-6908
-6060
-6611
-6360
-5760
-5997
-5218
-4792
-5118
-5592
-4111
-3825
-5895
-9326
-7992
-496
4606
-1372
-12313
-14880
-10909
-4033
2302
8684
4701
-9462
-20345
-13221
8024
23001
20820
4962
-7178
-7044
3975
19087
30403
29980
14681
-1784
-2635
12502
25257
24344
17275
11511
4733
-1357
612
7935
7246
-1196
-5931
-5546
-7782
-13235
-14594
-11811
-9370
-9547
-11794
-14441
-16953
-16831
-12940
-6048
-790
-2073
-7149
-9573
-5799
252
6118
10571
11193
7418
2534
2622
8661
16239
19420
15973
9529
5562
5326
7331
11074
14002
10714
1886
-3967
-2827
1537
3358
1598
-2318
-7273
-10301
-9240
-5124
-2837
-4971
-9413
-12192
-11759
-9024
-6181
-4954
-5739
-6985
-7259
-6165
-4142
-2376
-2988
-5103
-5599
-4536
-4933
-7004
-8062
-8562
-4561
2305
3103
-8505
-17687
-15475
-7176
350
5986
7169
-4574
-19936
-22476
-3539
18301
24694
12593
-5054
-12713
-5600
11272
27399
32676
21999
2605
-7800
1143
19959
28754
23335
13793
4785
-3100
-4285
4666
12683
7724
-3404
-9562
-10112
-10627
-10748
-9011
-8283
-9883
-13020
-14975
-14743
-13918
-12742
-10477
-5952
-2908
-4506
-7910
-7758
-2766
3117
8370
10990
9378
4621
2003
6031
13210
18847
18673
13226
6781
4550
7600
12591
16152
13868
6667
-942
-2126
2405
7557
7276
1577
-4890
-8113
-7203
-3457
50
-1621
-7390
-11472
-10113
-6636
-4740
-4483
-5098
-6046
-6187
-4642
-2772
-2360
-3531
-4696
-3803
-2373
-2237
-4677
-6195
-7512
-7077
-928
5638
1515
-12462
-17264
-11189
-1350
3741
6322
2090
-10762
-20917
-15155
6111
21824
19538
2521
-11217
-10621
2378
19612
30327
28157
12640
-4152
-6369
8593
26029
28826
18890
6944
-2185
-6046
-183
12236
15746
4220
-9076
-13728
-12049
-9977
-7150
-5120
-7400
-13658
-19136
-18163
-13649
-10159
-8684
-7195
-5578
-7944
-10972
-9148
-1763
4841
7677
8513
7115
3699
2246
6540
15237
20815
19595
13065
8761
8118
9338
14908
19525
18353
10003
2946
-109
3743
9458
9508
3340
-3206
-5549
-5765
-3371
-783
-1956
-8003
-12466
-10740
-6467
-4817
-6944
-9054
-9253
-8256
-6740
-4231
-3160
-5296
-7661
-6899
-4608
-3550
-3682
-5314
-7670
-9635
-8088
-1533
3188
-1475
-13127
-15615
-10871
-4154
-851
2395
-54
-11041
-19872
-13820
4650
16353
14401
1330
-9645
-9629
2268
19155
28648
25177
10335
-3734
-4300
11386
28149
29238
17743
5380
-1890
-2123
6530
17383
15524
273
-12009
-12745
-7714
-3788
-2053
-4972
-12913
-20015
-19713
-12780
-7875
-8532
-11247
-12513
-12030
-10747
-7745
-2947
1286
2733
1882
1828
3518
6017
8256
11608
15586
17098
14246
10667
10721
12936
15081
17381
17958
12921
6037
2358
4474
9514
11585
6673
-1796
-6781
-6818
-3682
-211
82
-6131
-14152
-15645
-10718
-6575
-6956
-9483
-11813
-12824
-11831
-7897
-4356
-4478
-7763
-9208
-6824
-3984
-3146
-4381
-5772
-7217
-7567
-7826
-3294
1676
89
-11165
-15436
-10189
-4030
-1629
-796
-264
-8486
-16562
-15425
-649
12355
14787
5097
-7154
-9386
602
16176
25721
25315
15979
2535
-3416
6842
25222
31911
22213
8805
363
-1743
4378
15153
17821
4903
-9083
-13266
-10547
-6434
-2976
-2919
-10745
-19663
-21283
-16634
-12180
-10528
-9093
-10380
-13552
-14633
-11024
-3905
804
2441
1309
497
1947
4755
9187
13260
15997
14992
12300
11106
12987
16100
17269
17211
16082
12914
9481
7890
8923
10813
9628
5109
73
-1721
-1124
-414
-1217
-3809
-6670
-9464
-9705
-8633
-7701
-8838
-11147
-11884
-10591
-8390
-6875
-5926
-6793
-8077
-8117
-5887
-3355
-2509
-3087
-5142
-6759
-7056
-6097
-6574
-3069
1671
522
-8547
-12849
-9804
-6615
-3114
656
3271
-4688
-13777
-15089
-3680
9812
15827
9541
-3408
-8505
-740
14007
23895
25247
18046
4889
-2507
6064
22814
28610
19570
8159
1643
-190
4785
12547
13228
2421
-7510
-10901
-10111
-6567
-3310
-4468
-12059
-16998
-16184
-13813
-11633
-8128
-5362
-9409
-13756
-10854
-3881
-162
-51
1311
1588
1099
3063
7706
9979
10225
10175
10889
10993
11974
12708
12409
11388
11363
11853
10304
9026
7064
5366
4118
4330
3995
1934
-197
-1781
-3408
-5171
-4994
-4256
-5403
-7423
-8937
-9607
-9709
-9534
-8965
-8696
-8008
-6838
-6921
-8240
-8315
-5975
-4018
-3075
-2171
-2432
-4249
-6341
-4607
-2146
-2617
-5692
-5391
-151
2153
-1687
-7941
-7966
-6911
-2459
1633
5336
227
-8967
-12173
-4732
7902
12607
9154
-577
-4611
-1646
7059
16181
20286
16758
5090
-2751
1195
13058
18992
16458
10596
4216
-2154
-2226
5426
11094
6720
-2697
-8346
-10177
-7063
-1911
463
-3598
-9809
-12338
-12293
-8736
-3550
-61
-2488
-6920
-8038
-7141
-4250
-152
4275
5138
2648
628
340
1973
5210
8605
9809
8361
6321
4567
4161
5947
8222
9618
7737
5231
3142
2393
2718
4167
5962
4236
386
-2415
-2295
-1491
-1298
-1195
-2642
-5703
-8066
-7439
-5271
-3910
-4620
-6026
-6952
-6782
-5867
-4579
-2858
-1572
-1881
-3260
-3031
-1380
-284
-286
8
-363
-1180
-1559
-492
-485
-1514
298
2157
1117
-3902
-4838
-3829
-1400
25
2421
1493
-4685
-9570
-7726
928
6105
5649
125
-4031
-4804
-715
6122
10286
9620
3672
-1937
-2240
3486
8762
9464
6647
3552
-88
-1761
1103
5672
6302
1911
-1876
-3510
-2169
-393
1155
437
-2695
-4381
-4091
-1838
-295
-112
-2090
-4038
-3397
-527
1728
1516
18
-857
-1414
-749
1912
3937
2909
99
118
1837
2675
2136
1740
1979
1158
493
540
1713
1659
-650
-2002
-1059
729
420
-913
-1828
-2182
-1990
-1735
-1145
-891
-1846
-2642
-1898
419
403
-1456
-1678
315
1982
2040
2679
2983
2250
1070
1054
2088
2961
3560
2762
1678
1185
688
125
203
1559
1457
-1255
-4217
-4024
-1100
361
-1339
-4405
-6664
-7397
-5956
-3552
-1729
-2327
-4917
-8119
-7836
-4006
-358
-337
-2558
-4015
-4689
-3711
-1737
1068
2398
1164
-1053
-2315
-1044
1302
3175
3414
2752
1601
189
154
1799
3048
2686
2221
2441
1289
-452
-198
2043
3634
2925
2216
2013
1231
-115
444
2522
3352
2502
1496
760
343
644
1800
2077
799
-524
-760
-752
-316
604
294
-2059
-4455
-3684
-1080
100
-982
-2185
-2910
-3304
-2725
-423
1614
1157
-928
-1995
-565
2037
3158
1969
822
1827
3815
4574
4203
4208
3951
2970
2992
4512
5492
4296
2188
1587
2167
2587
2779
2829
2024
51
-1741
-2008
-228
1633
1102
-1950
-5321
-5944
-4460
-2495
-1397
-1713
-4415
-7820
-8306
-5083
-1448
-771
-2863
-5082
-6161
-5885
-4708
-3247
-1766
-1534
-2855
-4987
-5070
-3079
-952
-286
-114
-328
-1760
-2562
-646
2082
2316
951
1346
2739
2029
327
1276
4149
5265
4064
3398
3923
4018
3620
4287
5350
5227
4387
4062
4088
3739
3431
2883
1837
1582
1770
1485
251
-171
-171
-1137
-1956
-1665
-929
-1280
-1973
-2453
-2460
-2119
-1712
-919
-490
-531
-1112
-1371
-66
1907
3367
3006
2051
1865
3135
4780
5594
5949
5906
5571
4707
4132
4759
5747
5713
4510
3795
3560
2718
2100
2666
3296
1914
183
148
1213
1220
-406
-1806
-2462
-2380
-2259
-1996
-2276
-3660
-5118
-5919
-5169
-3635
-2364
-3117
-5398
-6654
-6166
-4594
-3455
-3077
-3813
-5185
-5525
-5241
-4443
-3738
-2759
-2384
-2580
-2509
-2485
-2062
-1697
-853
134
697
1524
1656
918
-423
-125
2183
4307
4705
3238
1605
643
1756
3972
5384
5408
4171
2494
794
892
2887
4372
3617
1570
102
-369
-279
291
727
59
-1478
-2283
-2501
-2558
-2274
-1800
-1972
-3049
-3274
-2040
-718
-750
-1569
-1978
-1585
-636
635
1676
1695
1023
681
1045
2213
3492
4457
4602
3854
2654
2262
3239
4622
5128
4637
3391
1954
1475
2473
3868
3630
2795
1932
1106
295
19
780
767
-245
-1655
-2211
-2576
-3425
-3866
-3873
-3778
-4148
-4479
-5181
-6235
-6389
-5578
-4846
-5087
-5564
-5884
-5974
-5300
-4447
-3621
-3143
-2850
-2846
-3082
-2645
-1544
-274
768
1269
753
144
746
1846
2287
2395
2880
2860
1956
1723
2659
3240
2642
1953
1727
1475
1467
1854
1492
95
-715
-341
188
169
-187
-1061
-2034
-2222
-1617
-1162
-1453
-1946
-2594
-3516
-3823
-3194
-2571
-2523
-2794
-3222
-3186
-2291
-1068
-907
-1153
-729
-321
-238
176
1175
1867
2254
2514
2935
2978
3224
3859
4322
4491
4934
5329
5258
4768
4351
4237
4230
4546
4832
4457
3159
2297
2179
2336
2760
2570
1498
-267
-1053
-880
-793
-1013
-1300
-2000
-3437
-4528
-4727
-4224
-3685
-3888
-4755
-5601
-6029
-5739
-4899
-3680
-2721
-2907
-3695
-3905
-2800
-1468
-118
747
553
-262
-304
1259
2645
3102
3602
4022
3109
1789
2349
3706
4098
3601
3396
3316
2424
1396
1162
1346
1632
1795
1609
887
-360
-1183
-1150
-407
490
397
-1037
-2498
-2530
-1831
-1501
-1202
-1106
-1973
-3561
-4151
-3143
-1876
-1447
-1941
-3071
-3719
-2974
-1517
-527
-128
-573
-1485
-2069
-1034
1100
2476
2263
1218
527
915
2842
4774
4886
3448
2639
3146
3960
5072
5896
5448
3990
3245
4291
5614
5844
4861
3849
3202
3181
3753
4108
3453
1749
354
83
604
754
316
-698
-2310
-3485
-3440
-2792
-2816
-3546
-4101
-4366
-4665
-4713
-4229
-3721
-3822
-4009
-3262
-2206
-1876
-2212
-1881
-736
371
785
1181
1519
1219
1112
1597
2485
3020
3294
2961
1936
1171
1435
2294
2766
2368
1395
-18
-990
-491
560
700
-263
-1459
-2533
-2943
-2253
-1142
-863
-1986
-3184
-3559
-2750
-1385
-663
-869
-2029
-2912
-3133
-2170
-586
300
-304
-1695
-2009
-1235
-137
875
1181
592
-696
-1241
-289
1449
2182
1544
598
109
337
711
1137
1763
1913
1494
657
536
1457
2282
2375
1653
1296
1692
2348
2598
2519
2397
2010
1423
1121
1465
1837
1568
648
-77
-421
-592
-913
-1340
-1655
-2102
-2850
-3345
-3399
-3756
-4198
-4173
-3818
-3773
-4283
-4458
-4088
-3361
-2600
-2054
-1715
-1622
-1657
-1450
-555
693
1310
1434
1490
1521
911
869
2184
3365
2779
1466
1105
1340
1378
1322
1406
973
-70
-492
-12
18
-1034
-2150
-2200
-2252
-2432
-2323
-2026
-2376
-3070
-3063
-2497
-1675
-1565
-1760
-1745
-1395
-1045
-529
138
238
-208
-544
183
1060
1436
1434
1079
424
-110
382
1351
1877
1415
277
-584
-453
919
1651
937
12
-157
-120
-364
314
1511
1478
102
-635
126
942
1399
1680
1606
783
125
259
872
1398
1373
674
-241
-414
-3
83
-336
-767
-977
-1803
-2481
-2281
-1794
-2031
-2620
-2690
-2536
-2634
-2831
-2775
-2462
-2056
-1575
-1434
-1357
-953
-417
135
712
1246
1144
1010
1611
2658
3045
2368
1830
2007
2413
2405
2460
2560
2044
919
295
748
1244
1066
378
-605
-1531
-2146
-2011
-1546
-1384
-1939
-2853
-3274
-3065
-2479
-2014
-1532
-1181
-1500
-1996
-1758
-721
348
628
622
465
424
716
1449
2354
2797
2507
1628
954
1218
2401
3074
2683
1513
624
574
1305
2085
1707
671
126
38
33
174
692
714
-169
-599
25
571
485
234
-58
-229
72
876
1334
921
167
-309
-443
-47
868
1295
444
-874
-1674
-1758
-1343
-470
-122
-1056
-2528
-2981
-2044
-1322
-1187
-1468
-1507
-1580
-1596
-843
110
590
345
402
1103
1803
1883
1913
2435
3023
3212
3233
3379
3480
3170
2578
2522
2726
2628
1961
1282
1025
902
530
68
-179
-531
-1026
-1537
-1634
-1309
-1490
-2450
-2813
-2398
-2017
-1830
-1466
-1176
-1922
-2609
-1981
-502
210
17
-99
-250
-279
15
948
1918
2035
1293
315
33
751
1736
1988
1678
1226
449
134
805
1887
1932
1167
570
207
107
267
724
926
640
341
76
-33
76
396
533
220
-31
-158
-418
-728
-613
-305
-410
-857
-1187
-1306
-1469
-1771
-2367
-2658
-2430
-2319
-2501
-2700
-2840
-3286
-3659
-3319
-2507
-2080
-2337
-2553
-2566
-2353
-1695
-656
212
306
16
21
503
1434
2547
3233
3254
2767
2165
2103
2599
3339
3624
3344
2463
1305
566
773
1453
1815
1373
223
-1002
-1693
-1746
-1141
-264
-360
-1554
-2709
-2992
-2575
-1857
-1092
-816
-1425
-2079
-1741
-834
-176
150
118
-392
-641
-335
473
1037
900
507
95
-35
298
1086
1406
1238
850
355
311
784
1208
1004
464
293
415
387
424
686
747
703
867
967
673
333
510
927
1074
1074
719
260
107
437
742
456
-37
-377
-577
-731
-778
-831
-889
-1392
-2033
-2258
-1925
-1679
-1846
-2163
-2252
-2335
-2596
-2546
-2202
-1771
-1659
-1843
-1606
-809
156
609
467
384
593
1117
1765
2661
3201
2666
1735
1502
2370
3402
3759
3139
2023
843
464
1165
2040
2120
1207
-196
-1246
-1244
-508
244
351
-267
-1068
-1788
-2102
-1410
-405
31
-324
-862
-1106
-1275
-951
147
938
567
-596
-1204
-834
-47
637
994
654
-431
-1062
-718
156
726
601
-223
-914
-1095
-759
-218
208
427
235
-340
-670
-257
213
665
714
625
279
29
-38
217
575
622
533
200
269
318
288
88
-102
-102
-160
-208
-369
-636
-1029
-1378
-1471
-1315
-1113
-1417
-1786
-2057
-2270
-2148
-1623
-1117
-1009
-1277
-1497
-1219
-686
154
773
815
647
600
995
1565
2175
2551
2489
2272
2015
2097
2397
2719
2971
2707
1965
1031
658
1030
1235
975
304
-447
-1342
-1807
-1374
-619
-503
-1293
-1885
-1912
-1702
-1526
-1103
-559
-449
-669
-748
-419
177
595
817
723
444
380
749
1307
1676
1604
993
351
240
946
1484
1313
842
376
140
174
356
750
974
583
-48
-159
75
317
618
944
1044
650
170
67
342
710
993
1206
960
247
-94
179
685
993
881
626
106
-355
-401
-226
-39
23
-166
-828
-1335
-1650
-1579
-1436
-1215
-1103
-1232
-1493
-1647
-1677
-1693
-1206
-456
-156
-255
-416
-566
-473
181
1039
1327
1293
1184
1128
971
1177
1739
2005
1910
1896
1799
1129
441
440
820
848
535
101
-564
-1314
-1571
-1317
-1052
-1016
-1296
-1662
-2007
-2128
-1846
-1262
-760
-603
-835
-734
-585
-264
61
171
247
398
748
1026
1191
1294
1257
685
482
1007
1451
1361
737
314
248
261
388
851
1078
757
216
-216
-162
103
609
1007
1001
533
-102
-303
94
768
1143
1068
804
456
245
193
623
1145
1066
346
-220
-154
33
172
236
322
57
-566
-882
-620
-252
-491
-901
-959
-899
-897
-975
-1153
-1196
-1073
-765
-344
-195
-319
-512
-149
643
1073
939
731
819
975
1084
1474
1888
1831
1298
1021
1115
1269
1325
1225
960
374
-103
-212
-325
-460
-658
-893
-1295
-1596
-1439
-1318
-1399
-1608
-1364
-1190
-1242
-1155
-836
-732
-945
-1019
-726
-390
-354
-269
-242
-339
-418
-173
187
285
11
-185
-251
-249
91
392
266
-127
-457
-348
-109
98
44
-332
-730
-741
-230
122
20
-302
-607
-706
-474
-191
42
-66
-384
-696
-971
-1103
-836
-363
-310
-630
-1058
-1039
-848
-673
-502
-296
-393
-859
-1258
-1203
-756
-569
-671
-837
-1081
-1121
-768
-572
-536
-512
-256
31
111
-38
-298
-59
409
786
870
670
486
272
381
857
1366
1495
1094
535
177
156
342
617
546
189
-105
-404
-516
-378
-330
-626
-985
-957
-866
-943
-1045
-1040
-1061
-1082
-1137
-1013
-543
-390
-560
-655
-515
-324
-144
176
463
452
255
379
685
802
897
981
1096
1037
932
855
870
1000
1059
1192
1163
1161
1358
1474
1841
1882
1676
1301
813
672
710
1013
1232
1087
815
648
679
690
388
48
-299
-575
-634
-698
-850
-805
-577
-428
-143
118
-37
-363
-322
152
362
170
-196
-249
-593
-478
-48
633
685
449
716
938
1016
933
713
358
165
192
496
924
960
628
477
649
1218
1484
1436
965
576
662
980
1703
1881
1391
644
141
54
230
305
57
-744
-1505
-1610
-1384
-779
-431
-533
-1334
-1898
-2214
-2111
-1711
-1526
-1416
-1571
-1678
-1135
-453
-160
71
-15
-123
554
717
382
643
626
266
132
552
1056
957
998
969
528
996
775
950
1159
285
441
594
126
947
1186
840
1199
723
878
551
513
801
-433
-106
78
-579
162
-291
-795
-707
-780
-991
-622
-1135
-1336
-1219
-1929
-1363
-1327
-1314
-1132
-1328
-785
-944
-1075
-60
-582
-290
46
-105
302
193
399
1123
615
918
1077
1323
1113
1228
1228
1598
1526
1487
1546
1897
987
2128
1820
1002
1670
1074
519
251
570
447
269
-48
-378
-883
-1054
-1249
-867
-912
-1310
-738
-1741
-2014
-1710
-564
-1934
-1116
-646
-2282
-1356
-1119
-1000
-589
-668
-856
-351
-1216
18
-494
-359
-631
-143
-285
-1351
-1
-462
-648
-370
-400
-794
-576
-139
-516
-1233
-391
-1188
-195
-145
-1073
-140
-1132
-1622
-154
-867
-310
49
-936
-802
-1203
-724
-904
-1355
-681
-1056
-1718
-387
-1695
-1254
-1206
-1603
-1201
-964
-1229
-1008
-1076
-1402
-612
-916
-395
-659
-1207
-380
-1006
-771
123
-142
143
583
-580
440
480
373
599
511
449
456
111
576
-7
261
420
-371
848
348
40
449
0
450
923
135
522
494
-950
-506
-153
-455
77
-115
-766
-970
-1138
-738
-376
245
103
-515
-1064
-661
-669
-105
131
124
-148
-490
-206
3
347
870
438
443
14
217
360
-162
643
128
47
44
429
326
414
-379
86
113
109
974
199
-296
251
-436
0
874
455
401
3
240
-15
-51
389
232
-259
121
-391
356
600
17
486
-169
-137
509
404
851
477
749
744
217
1199
1038
-96
1294
360
475
798
956
900
1022
856
1074
500
1199
811
556
1332
641
1210
1011
679
1247
911
345
1939
602
1072
1399
199
1553
829
826
1488
286
935
582
-444
1196
396
316
1173
-215
500
491
-152
1115
168
60
553
-835
-349
473
-14
201
-56
-129
-329
-39
147
783
263
-194
57
-595
214
175
-49
-509
-735
-266
-589
-398
420
-656
-437
-1144
-921
-269
-769
-811
-577
-1364
-861
-540
-976
-150
-561
-902
-138
-1361
-263
-508
-525
-145
-322
272
235
-280
-134
-122
-620
517
-388
85
-203
-299
127
-264
209
500
112
14
-322
-458
626
14
378
813
-301
375
226
-64
377
804
102
887
-642
575
674
301
1264
411
739
759
297
402
850
-171
1421
130
391
1045
-281
257
795
257
697
311
184
901
-93
540
84
640
-21
609
-469
225
83
484
701
-441
662
-255
-479
430
704
426
291
-126
-525
-499
269
201
130
333
-693
-405
-545
-267
503
-696
140
-886
-863
-233
-425
-491
-127
-1649
-408
-959
-1186
-611
-548
-1303
-1180
-838
-1346
-158
-940
-631
156
-1118
209
-271
-1071
478
-911
393
347
-521
796
-757
-112
452
-620
1123
-379
11
-286
-1037
507
-533
-506
-140
-1673
-395
-665
-495
454
-437
-793
244
-1566
-196
990
-1308
-5
-651
-1955
733
-1389
-336
1048
-2089
1209
-163
-806
1309
-397
-253
751
-848
914
-23
-762
1385
-927
281
640
-153
1270
66
602
752
221
692
876
-108
601
-419
467
175
-493
814
-381
-626
317
-296
-756
93
-857
426
-1112
-422
9
-1651
-692
-932
-1545
-718
-1390
-961
-1182
-1362
-779
-953
-952
-870
-739
-490
-438
-617
276
-1123
-296
-231
-564
-110
-80
194
122
240
407
353
-40
674
705
832
722
814
503
361
867
377
868
349
204
844
-276
433
479
67
519
-290
428
-386
-304
480
-477
-383
177
-606
606
-698
-55
-95
-98
232
-262
148
187
-888
459
-222
-632
912
-475
432
480
357
670
341
-28
1147
444
513
1034
1159
363
664
1227
913
1136
1183
1133
1008
970
533
1074
570
1022
1211
205
865
426
272
298
813
822
388
-10
169
11
-519
-257
267
-592
-591
-297
-1215
243
-1527
-512
-437
-1939
378
-648
-822
269
-496
-634
163
-524
406
-85
-278
-63
-86
-84
531
338
238
27
-295
328
-172
259
1196
-24
252
351
-548
514
-116
376
621
-270
238
223
-703
1106
-581
509
437
-674
1262
-649
280
885
-755
983
-234
-262
748
-680
-89
81
-550
361
-143
45
75
517
94
17
559
-18
269
410
125
685
961
1164
1120
1329
1239
1011
1165
1000
1478
1998
1512
1174
2543
537
2045
2289
746
2845
1801
1107
2957
1025
1362
2967
-344
1819
1571
-460
2312
-46
212
1334
-410
622
820
-627
954
-616
-761
407
-1053
298
-734
-1029
-394
-990
-521
-532
-760
-775
20
-1612
-487
102
-679
123
-376
-678
518
-354
-222
914
-70
677
298
258
391
804
514
704
444
-132
161
-645
-13
84
-536
545
-406
-478
438
-879
13
299
-813
718
-996
-527
708
-1257
553
-104
-830
320
-1183
-258
-139
-897
335
-918
-616
-166
-1188
-403
-65
-673
421
-438
-775
439
-873
78
227
-466
341
-474
172
542
222
788
905
-170
1205
-224
869
524
513
929
530
234
1175
-56
710
136
-382
182
-812
-46
-120
-693
-292
-1070
-1031
-1107
-1164
-746
-1606
-1514
-1939
-1320
-1533
-1421
-980
-1360
-1709
-1087
-1578
-1071
-1021
-724
-1974
-1168
-566
-1473
40
-661
-831
307
-968
356
18
136
940
-173
443
558
-246
1374
336
321
1129
-615
630
369
-7
904
-139
740
-100
-419
1204
-710
429
859
-1617
514
-1403
-720
229
-1764
211
-1004
-1618
-54
-1377
-631
-389
-1304
-974
-952
-1421
-495
-819
-1239
-639
-1014
-1069
-355
-723
324
179
48
525
-630
578
448
631
541
799
516
208
510
469
551
1004
270
706
1098
630
1110
1103
988
950
454
721
103
199
814
220
115
320
-293
145
-137
125
871
-906
560
2
-1007
364
-530
-929
377
-1159
-32
130
-1208
587
-225
-1050
711
-740
-257
227
-429
16
68
-145
-143
83
-32
-37
-23
-313
126
-185
-531
-241
-493
-385
348
-912
-186
-250
-926
-290
-351
-795
-499
-457
-882
-273
-1158
-1025
-485
-1525
-767
-228
-1447
-772
-245
-1888
64
-821
-172
-588
-448
-583
144
-130
-100
735
-433
235
-9
-30
439
738
446
777
367
663
901
403
1186
1122
587
1285
451
802
1621
553
1503
1388
903
1450
916
1073
1159
1266
963
1389
962
808
862
830
383
389
752
-212
336
-459
-475
-120
-296
-576
-140
-517
-387
-1022
-431
-935
-373
-692
-161
-320
-535
-213
-305
-252
749
-596
810
-153
518
653
22
1488
418
-172
1674
-751
826
1089
-415
1452
116
-180
1403
-387
802
833
-254
942
154
457
254
342
138
316
-530
576
66
-173
1034
-686
391
710
-915
750
27
-1048
564
-510
136
-64
-25
11
-194
280
-573
688
-38
-452
952
-167
346
899
-105
1207
153
239
1124
611
192
638
236
-605
865
-212
545
141
-25
588
193
211
477
24
29
232
331
542
189
797
326
-334
-122
209
-556
-172
-121
-787
-719
-693
-545
-584
-559
-693
-921
-471
-1092
-124
-1008
-808
-692
-1517
-741
-784
-1342
-149
-1537
-832
-229
-1089
-155
-370
-941
119
-1217
-675
218
-956
-185
225
-1103
-77
-452
-1191
-196
-526
-461
-413
-822
-857
-421
-1352
-323
-961
-955
-697
-724
-760
-320
-693
-264
-685
-22
-828
-102
-136
-460
-24
-280
-403
-578
-569
-478
-497
-171
-1311
43
-192
-1484
700
-505
-1150
1379
-1457
160
229
-926
439
-609
-276
279
250
-592
224
542
-694
802
203
113
1021
-251
793
853
-479
1592
431
287
1200
275
80
1110
-558
622
56
-610
586
-942
-376
225
-824
-423
-674
-850
-930
-666
-1053
194
-1254
-447
-835
-1208
-429
-206
-618
-184
-892
-477
-209
-946
507
-1298
143
-581
-1271
121
-715
-576
538
-1879
176
-690
-1144
472
-923
-767
421
-1482
-188
-210
-1415
252
-531
-1395
677
-1063
-314
744
-1471
737
307
-1080
624
-501
-225
507
-565
-41
22
-857
341
-37
-372
198
-224
-793
636
-315
134
563
307
199
507
-69
77
935
-16
316
754
-345
314
411
4
693
917
-359
830
425
32
1099
662
440
1079
359
716
800
169
1026
582
154
914
886
-298
1433
-418
207
233
93
329
76
-236
525
-588
-112
88
-401
714
-315
271
224
-87
586
466
-233
360
-163
98
395
469
787
-36
391
7
166
520
468
377
782
-292
521
496
-336
1486
-563
634
-145
260
573
595
904
274
715
898
243
1511
654
1205
1309
486
1121
1382
518
1005
1436
555
352
1430
-30
668
513
677
380
392
-227
854
-182
157
863
-351
289
605
-403
455
-73
277
1008
-726
491
1065
-1111
797
655
-765
801
-187
-115
589
-636
762
270
-810
870
28
-181
459
475
-313
-325
-30
-128
-640
387
-221
-90
-726
-456
-132
-620
-46
361
-728
97
-693
-499
-70
-907
226
-586
-591
338
-392
384
-180
53
350
-66
619
752
-71
1077
294
150
1152
-166
669
867
-548
836
247
-251
953
-214
77
241
-467
-130
-238
-430
-109
8
-826
-49
-271
-1422
161
-694
-979
-33
-1412
-367
-556
-1855
-109
-1885
-1221
-822
-2011
-978
-1221
-1448
-1048
-1191
-1296
-579
-2024
-1081
-915
-1358
-1005
-633
-842
-296
-791
-638
-1044
-462
-902
-483
-33
-356
-535
262
-643
-56
616
-468
923
689
142
725
477
333
1191
337
903
702
423
94
940
225
415
947
-49
609
185
-357
919
-145
-4
346
-1078
-363
-65
-1200
481
-461
-977
386
-1400
-76
234
-1064
191
-197
-655
158
-861
148
269
-879
265
233
-321
437
107
263
5
141
723
-249
192
-73
46
-595
-265
373
-690
160
-286
-32
-183
-271
122
-87
-1130
1033
-1019
32
540
-1071
405
-334
-974
1111
-1240
-151
500
-1937
50
-640
-896
320
-661
-1190
293
-1400
-377
-110
-1037
161
-538
-1138
569
-1358
260
-60
-786
321
86
-845
574
-323
133
427
-562
902
-349
247
1131
66
1023
369
342
759
-184
1244
433
493
1392
-198
513
668
188
1168
446
302
1027
-275
222
734
-133
869
257
343
113
76
-63
657
261
878
-120
287
246
-362
72
-17
18
-191
-41
-260
-121
322
560
-477
722
-656
-46
429
-849
122
-291
-750
240
-577
-798
261
-700
538
-540
22
303
-472
738
-81
-133
802
253
87
650
-97
533
-121
372
179
-52
312
-96
371
331
-96
880
-86
592
485
-37
1246
515
798
459
615
771
592
870
854
736
1256
558
540
1105
81
1545
819
1094
1247
820
822
0
0
0
0
0
0
0
0
0
0
0
0
0
0
0
0
0
0
0
0
0
0
0
0
0
0
0
0
0
0
0
0
0
0
0
0
1
0
0
0
0
-1
0
0
0
0
0
0
0
0
0
0
0
0
0
0
0
0
0
0
0
0
0
0
0
0
0
0
0
0
1
0
0
0
0
0
0
0
0
0
0
0
0
0
0
0
0
0
0
0
0
0
0
0
0
0
1
1
0
0
0
-1
1
1
0
0
0
0
0
0
0
0
0
0
0
1
0
0
0
0
0
0
0
0
0
0
0
0
0
0
0
0
0
0
0
0
0
0
0
0
0
0
0
0
0
0
0
1
0
1
0
0
0
0
0
0
1
0
0
1
-1
0
0
0
0
0
0
0
0
0
0
0
-1
0
-1
0
0
0
0
0
-1
0
0
0
0
0
0
0
0
0
0
0
0
0
0
0
-1
0
0
0
0
0
0
1
0
0
0
0
0
0
0
0
0
0
0
0
0
0
0
1
0
1
0
0
0
0
1
0
0
0
-1
0
0
0
0
0
0
0
0
0
0
0
0
0
0
0
0
0
0
0
0
0
0
0
0
0
0
0
0
0
0
0
0
0
0
0
0
0
0
0
0
0
0
