0
0
0
0
0
0
0
0
0
0
0
0
0
0
0
0
0
0
0
0
0
0
0
0
0
0
0
0
0
0
0
0
0
0
0
0
1
0
0
0
0
-1
0
0
0
0
0
0
0
0
0
0
0
0
0
0
0
0
0
0
0
0
0
0
0
0
0
0
0
0
1
0
0
0
0
0
0
0
0
0
0
0
0
0
0
0
0
0
0
0
0
0
0
0
0
0
1
1
0
0
0
-1
1
1
0
0
0
0
0
0
0
0
0
0
0
1
0
0
0
0
0
0
0
0
0
0
0
0
0
0
0
0
0
0
0
0
0
0
0
0
0
0
0
0
0
0
0
1
0
1
0
0
0
0
0
0
1
0
0
1
-1
0
0
0
0
0
0
0
0
0
0
0
-1
0
-1
0
0
0
0
0
-1
0
0
0
0
0
0
0
0
0
0
0
0
0
0
0
-1
0
0
0
0
0
0
1
0
0
0
0
0
0
0
0
0
0
0
0
0
0
0
1
0
1
0
0
0
0
1
0
0
0
-1
0
0
0
0
0
0
0
0
0
0
0
0
0
0
0
0
0
0
0
0
0
0
0
0
0
0
0
0
0
0
0
0
0
0
0
0
0
0
0
0
0
0
-932
-928
-958
-885
-998
-1314
-1499
-1426
-1445
-1442
-1552
-1733
-1735
-1684
-1591
-1627
-1513
-1482
-1618
-1651
-1630
-1603
-1581
-1578
-1737
-1665
-1592
-1628
-1540
-1417
-1119
-1186
-758
-530
-404
-191
-258
-178
-53
153
232
409
508
570
647
687
921
951
977
944
835
955
997
1173
1171
1119
1087
1111
996
865
909
836
811
683
544
513
444
323
165
121
103
10
68
75
182
281
246
206
176
134
189
322
406
485
421
562
635
505
377
238
227
52
-10
-117
-192
-31
121
151
147
427
553
847
839
855
881
953
968
977
1082
897
814
725
612
503
467
422
495
715
805
880
776
802
928
975
1036
905
842
678
658
450
457
424
288
375
316
281
184
112
-199
-317
-415
-492
-538
-790
-959
-1034
-984
-1064
-1198
-1062
-1076
-1073
-1026
-957
-956
-958
-809
-776
-820
-1072
-1084
-1139
-1256
-1009
-924
-767
-583
-449
-276
-245
-227
-230
-235
-69
48
198
310
246
235
379
358
109
102
-36
58
-5
-76
119
238
466
595
632
752
1118
1316
1412
1238
1398
1368
1296
1471
1500
1379
1275
1365
1323
1261
1214
1308
1567
1442
1320
1419
1508
1659
1729
1825
1683
1618
1531
1191
911
790
608
665
619
469
440
366
131
8
-28
-119
-103
-114
-291
-225
-417
-433
-601
-899
-984
-1205
-1236
-1308
-1399
-1566
-1736
-1834
-2034
-2085
-2198
-2521
-2557
-2576
-2550
-2449
-2353
-2118
-2108
-1947
-1739
-1679
-1514
-1349
-1200
-1196
-1291
-1205
-1191
-1268
-1294
-1292
-1358
-1298
-1206
-1146
-999
-920
-833
-776
-751
-512
-417
-342
-140
-61
-59
-187
-303
-351
-604
-700
-699
-706
-552
-358
-197
8
354
601
834
862
815
670
503
372
341
393
404
398
373
299
106
98
191
108
-14
4
-204
-152
-239
-327
-240
-241
-100
-184
-202
-263
-474
-334
-372
-121
-180
-416
-380
-464
-659
-834
-881
-1029
-1096
-1002
-1010
-948
-952
-902
-650
-657
-541
-546
-679
-600
-849
-881
-917
-1069
-946
-891
-785
-668
-544
-530
-613
-491
-479
-591
-456
-326
-179
-91
-60
-36
-38
-230
-256
-235
-232
-124
-42
-57
-76
7
-198
125
197
202
290
196
138
272
429
377
387
445
354
415
629
572
801
710
516
454
389
255
119
-74
-208
-199
-128
-60
-156
-96
305
388
415
520
495
514
494
689
493
422
416
371
474
652
763
793
935
989
1084
1249
1485
1700
1814
1879
1711
1676
1788
1877
1854
1775
1791
1803
2078
2069
2097
1989
1960
1961
1911
1667
1592
1551
1296
1356
1010
942
960
937
1074
1032
820
754
659
643
810
812
789
746
557
414
245
225
199
179
318
374
357
228
188
193
-69
-203
-398
-586
-768
-961
-856
-955
-992
-1158
-1336
-1344
-1302
-1045
-709
-531
-512
-420
-461
-251
-117
-237
-472
-481
-424
-575
-390
-521
-467
-519
-406
-69
6
288
463
517
494
496
439
335
349
415
460
464
459
420
481
613
864
1109
1274
1362
1271
1226
1086
1126
1084
1042
1021
1009
1173
1151
1151
1330
1595
1698
1606
1658
1486
1293
1192
879
854
830
830
861
735
502
571
598
568
712
587
510
348
279
60
-218
-237
-348
-320
-487
-460
-490
-583
-487
-401
-270
-200
55
154
152
64
90
89
152
267
147
104
204
273
191
146
128
34
52
-30
-163
-188
-270
-159
-174
-398
-361
-258
-276
-220
-115
-133
-10
-69
-79
-89
67
104
-42
-11
-132
-345
-410
-420
-459
-327
-410
-460
-667
-650
-511
-340
-130
-43
60
-135
-180
-198
-159
-107
-197
-338
-413
-483
-443
-325
-437
-496
-383
-368
-137
-140
-255
-315
-579
-790
-861
-1032
-1092
-980
-819
-864
-757
-712
-600
-505
-453
-372
-554
-509
-630
-611
-538
-587
-712
-861
-741
-595
-633
-647
-452
-430
-340
-429
-369
-100
-274
-268
-173
-104
-53
49
110
306
408
436
438
412
514
667
770
733
723
533
349
315
217
272
245
377
351
237
205
47
268
243
207
95
-65
-216
-315
-286
-313
-334
-400
-423
-444
-564
-757
-812
-842
-878
-810
-818
-760
-790
-944
-991
-1086
-1140
-1115
-1100
-1054
-864
-860
-793
-799
-719
-717
-770
-752
-893
-950
-1127
-1199
-1131
-991
-829
-699
-607
-633
-339
-87
-76
12
305
379
476
474
522
597
374
424
450
538
490
582
531
415
467
566
680
719
869
1034
1020
902
865
624
552
674
693
661
607
432
584
663
442
282
213
169
-20
-198
-327
-374
-494
-510
-235
-197
-104
30
-256
-16
69
99
14
-50
-123
-290
-189
-233
-438
-602
-607
-731
-604
-706
-558
-448
-331
-224
-208
-306
-205
-230
-190
-87
-147
-311
-375
-216
-270
-170
-192
-118
-62
-144
32
122
287
337
184
392
680
757
714
595
537
504
564
474
579
572
605
662
668
806
714
657
770
758
750
901
922
997
985
1085
1034
982
1095
995
917
810
689
631
435
287
286
133
28
-132
-33
-183
-16
162
319
600
719
573
404
361
302
384
255
261
-25
75
-8
-183
-89
-203
-52
-117
-160
-233
-100
223
423
554
610
682
775
825
907
1123
970
821
689
723
693
725
740
790
785
768
774
702
703
758
904
870
884
973
915
888
885
934
893
988
1186
1291
1482
1512
1648
1504
1346
1173
1251
1158
1087
1238
1202
1184
855
904
1050
955
813
709
540
486
460
136
42
87
-12
-112
-156
-172
-250
-349
-518
-451
-247
-393
-393
-419
-503
-743
-751
-647
-497
-489
-346
-328
-304
-297
-515
-570
-785
-835
-883
-830
-897
-915
-846
-914
-776
-597
-562
-707
-651
-810
-843
-948
-990
-777
-767
-739
-783
-834
-820
-692
-592
-438
-351
-125
-278
-255
-124
111
486
376
333
-217
-348
-426
-60
206
-122
68
-1
-225
-84
-61
62
-40
-416
-570
-469
-342
-207
41
130
83
87
-87
-73
131
-64
-20
-13
-327
-524
-563
-617
-506
-595
-861
-845
-994
-1045
-1086
-1030
-1009
-918
-800
-762
-698
-627
-593
-608
-675
-770
-747
-839
-918
-954
-1010
-922
-874
-848
-699
-607
-426
-526
-558
-207
-173
-259
-383
-269
-185
-286
-356
-275
-126
-346
-261
-482
-354
-463
-446
-202
-251
-190
-213
-142
-346
-258
-270
-392
-539
-449
-243
-221
-190
-182
-238
-220
-244
-160
-5
-121
-48
131
230
143
227
-101
-197
-320
-338
-442
-364
-230
-426
-679
-700
-650
-877
-731
-761
-478
-674
-872
-356
-384
-468
-309
-55
-197
-237
209
208
155
246
527
-106
-89
-139
-301
-211
-113
-202
-268
-348
-467
-155
-297
-79
95
-41
-235
-98
107
-8
230
197
-241
-417
-317
-247
231
209
327
419
263
282
-138
553
575
378
322
14
215
-78
333
453
579
637
570
541
185
265
371
513
301
-122
269
89
-97
140
248
345
382
353
361
478
352
101
280
118
-222
-229
-319
-297
-408
-435
-795
-446
-470
-557
-54
11
-422
-324
181
295
212
218
943
363
379
157
309
-19
-182
337
268
653
279
684
433
53
376
706
111
58
885
811
318
443
1166
1226
999
1141
1337
1577
1076
1097
2047
1233
1375
1566
1948
1567
2110
2090
1380
1492
1923
1557
1203
1700
1833
1760
1362
1149
1659
1200
682
1474
1112
415
492
860
253
659
476
7
155
660
-103
-741
551
-106
-445
-264
430
-328
-762
-534
-508
-881
-1013
-1031
-752
-614
-1114
-499
-627
-30
-1115
-790
-248
-1066
-1242
-645
-374
-627
-583
-513
-5
-349
-501
-592
143
-555
-751
-326
-661
-849
-528
-357
-604
-211
-534
-577
-8
8
-700
-505
104
-481
-1076
-645
-60
-551
-1237
-656
-567
-981
-1381
-788
-1059
-1009
-1542
-975
-1234
-1500
-1265
-357
-818
-1654
-1181
-485
-1207
-1795
-971
-714
-1381
-1902
-1377
-799
-1622
-1438
-285
-515
-1288
-800
-125
-1345
-937
-266
-432
-552
-1252
-525
-302
-541
-1293
-250
218
-1119
-673
163
-307
-643
49
860
-230
-471
735
372
-249
-15
817
683
-434
689
262
190
165
-26
174
-468
-2
-857
-693
-641
-857
-753
-725
-1196
-700
-731
-1331
-1256
-858
-1078
-1242
-1162
-634
-1214
-1059
-1372
-1258
-1120
-1640
-1580
-894
-635
-1308
-607
-646
-1320
-1181
3
-737
-1053
97
-146
-1046
-732
-62
-929
-452
192
-131
-499
155
84
-373
-76
-69
-420
-193
20
-584
-403
244
-287
-245
423
-12
63
87
695
77
203
742
609
805
-84
1043
674
-179
988
411
566
-155
957
368
-426
1436
208
734
630
809
703
1054
832
-43
1828
198
632
7
1270
184
356
1399
-414
758
528
-62
557
476
880
-127
1112
559
-514
1356
494
821
-59
893
1269
570
386
719
1123
469
588
417
1501
-345
1402
1028
-321
653
801
96
-491
304
685
-991
-317
-681
-660
376
-613
-338
-358
-113
-909
-196
-24
266
-468
-153
25
-693
173
-1041
488
-635
-481
914
-286
268
-57
469
-693
-208
714
235
53
1273
33
233
1292
57
683
555
976
337
793
477
1136
1634
850
374
2315
1145
-220
1541
1450
112
1286
1457
686
1160
1569
1224
510
2173
797
1345
1385
1749
1262
826
1883
723
1926
1470
1513
1135
2159
1876
770
1220
1583
1115
1477
1457
1379
1153
1831
1001
848
1544
1331
1454
1483
687
1562
2067
636
968
995
625
852
1101
-314
571
1160
574
733
2
783
145
415
1213
-350
1059
280
711
135
412
380
346
203
-492
125
61
-1009
128
-396
-1028
-248
-288
-656
-229
-1381
-475
-209
-1231
-724
-1304
-830
-1116
-1046
-1569
-790
-1799
-1037
-1555
-1536
-1170
-1793
-82
-2880
-1459
-2070
-375
-2507
-1851
200
-2428
-1051
-2089
-1306
-973
-2227
-345
-1246
-448
-1700
-411
-71
-1959
-247
-1233
-518
-774
-948
-439
-441
-5
-619
436
412
38
922
-187
144
138
85
237
-113
154
-188
669
355
450
16
878
1333
-370
862
1202
1920
-147
1122
1240
1101
158
995
1465
-427
1524
629
264
797
1746
526
1417
970
694
509
1300
383
375
1127
-62
370
-391
-298
22
191
-1194
270
454
521
-1701
743
-924
-985
-851
-1268
263
-2479
595
-2346
-674
-1713
-226
-80
-2275
988
-1146
-504
-1009
-1408
-1070
-571
-754
-2178
-463
46
-1984
-1460
290
-1028
-905
-634
143
-854
-574
30
-802
-336
-1514
214
-578
-1470
-638
537
-512
-1279
-280
304
-559
-942
32
125
-307
-1506
1061
-1113
-1026
-420
300
-1611
-410
47
-297
-280
-292
312
192
457
-371
897
854
-214
718
1183
1563
211
957
1432
1738
412
809
1780
992
-597
1213
846
-160
-409
1040
-51
-1527
1696
-1464
1311
-1148
904
263
-167
440
-359
1212
42
-489
1321
-646
-283
566
-368
-132
35
448
-1309
595
-437
244
-494
596
-35
-1002
844
-2022
903
-1456
569
-1044
-933
1268
-1659
-931
46
-443
-1754
-329
-429
-1021
-571
342
-1193
-791
553
-960
-874
-377
90
-1621
-479
426
-2118
897
-1329
693
-1032
-466
-292
-1054
-904
-879
-206
-613
-1825
1307
-1681
-417
48
-496
641
-1517
1400
-1176
671
-383
509
1013
-832
1282
831
-101
482
1768
531
56
1676
2201
262
1356
2841
1044
1337
1602
2603
600
1239
2889
10
1511
556
3180
-776
1728
2632
1616
1355
676
3478
940
1777
1584
3101
1697
954
2332
1816
2250
886
3514
693
2460
118
2144
942
1123
1609
305
1971
-138
568
1467
546
385
357
55
1603
-1757
257
271
455
-1255
398
-378
-1109
-351
42
-1365
443
-473
-1127
473
-722
-644
-599
1171
-2322
-177
190
-795
-1094
-97
701
-1593
80
-266
-1566
-1166
-484
-597
-2469
-261
-860
-1779
-1264
-1711
-444
-2766
-442
-1124
-1452
-1353
-560
-1439
-1627
-618
-300
-1149
-1593
711
-1015
-557
-1819
1459
-2225
-167
217
-1212
921
-2167
2349
-1654
37
417
-173
891
-2149
1700
-524
86
556
57
521
-358
958
3
-102
-150
816
-1230
-275
-387
1189
-885
-920
1977
-1517
1197
-925
2138
-264
-795
2588
-1242
1112
1453
1093
998
-449
3817
-520
463
3055
23
1960
252
2278
770
79
1988
-493
556
-609
381
853
-1310
-442
552
256
-1540
555
1146
-730
-599
1435
-520
710
-353
1074
-22
-222
659
-729
1961
-1961
1339
-65
-509
-1096
855
276
-2087
1601
-1004
425
-97
-417
-761
132
-1391
-953
218
-1782
-106
-1811
-378
-2282
336
-1358
-135
-680
-1712
-835
-870
-1089
-2961
1772
-3225
741
-2242
-1858
-484
-1513
-931
-2560
1759
-2894
-248
-127
-240
-1649
-280
1804
-1902
-379
-517
210
-1977
-1632
1185
-1208
-1486
1121
1299
-1452
-1190
2179
-208
-2044
453
1322
23
-2397
1114
1126
-1452
-944
807
1572
-2181
21
1847
325
-2004
1208
1985
-1598
-190
952
-61
-1029
-1283
1080
-1241
-779
-575
-117
169
-2369
553
490
-2096
-704
178
-1207
-1461
-605
263
-2396
-165
-1019
697
-2409
193
-1095
-912
-1666
-1000
-262
-2994
1098
-2399
-109
-1261
-493
26
-843
-722
-1128
963
-1800
-460
344
-1936
598
-1992
-157
-227
-923
-593
-882
-795
-2476
1044
-1992
-1156
110
-480
-895
-1066
137
-769
-601
-162
-79
-459
-1056
1092
-761
-804
927
842
-1237
-837
2495
-1829
-1053
1455
-822
-1335
118
-162
-97
665
-1649
743
1230
-2833
1446
258
1122
-1256
939
2119
-1794
1692
49
2955
-784
511
2679
135
911
681
3162
315
214
2145
684
839
550
1501
444
1140
-667
2640
204
348
620
2056
466
317
1796
1130
533
-359
3055
-668
454
978
-166
1359
-1304
1751
616
554
-539
293
3180
-2600
1729
306
2166
-2436
1158
1644
-1675
1940
-1580
3849
-3263
3126
-1620
1040
24
-509
1533
-500
1228
-1549
2312
-2058
861
-218
1391
-2206
2131
-805
-551
1409
-1213
1802
-1378
431
-710
-153
-30
-851
854
-175
-1117
413
-1062
658
-48
-908
508
233
-1233
199
1577
-1228
113
1177
831
-1813
661
1049
-395
84
-1345
2798
-1126
-217
2266
-192
1158
-1405
3091
-154
-1101
1977
465
806
-3014
1864
919
-1367
1232
1278
817
-624
2222
416
179
3283
-241
636
2032
1246
560
2183
1988
515
1045
2180
1705
969
2031
1841
761
721
430
1965
1265
176
1508
217
165
-542
729
275
1604
-15
-440
481
-29
-1053
-399
1070
-427
-374
-103
-719
-1363
72
-1604
-587
-595
-265
-2240
-1075
-869
-3107
-875
267
-1468
-1015
553
-1724
-2077
-538
-782
-1689
-72
-188
215
-1801
-1280
-1256
-1287
-1402
-803
-444
-1510
-3328
-946
-1738
-2646
-485
-58
-1574
-622
493
-3244
13
-1707
-366
-655
628
-2537
-433
-804
-2452
-1674
-647
1019
-2123
335
-1466
364
-899
-1173
-891
737
-817
-467
398
-2084
-579
-1144
-1827
-2490
324
1376
-1516
-797
-625
-1479
-2873
1916
122
-1016
517
-2224
-1398
-3611
483
-1159
340
-789
-1934
615
-2195
-2424
-305
-227
-176
-582
48
-1545
-2139
-1452
-2377
-440
-697
250
-261
-563
-2327
-3353
-581
-1296
167
1310
20
-2309
-2322
-1930
-1514
78
24
599
-882
-1629
-2143
-686
-1697
290
641
-318
853
-1353
-1571
-1650
-776
221
-798
694
-1559
-276
-1589
-2502
-176
-1596
634
833
-611
-2002
-18
-625
-3124
967
1780
-459
638
-279
-967
-413
8
36
121
1913
-109
252
-32
-949
227
1658
1444
1413
1687
133
517
799
-139
1292
2809
1404
910
2389
244
333
1568
594
871
2336
1851
831
830
449
1275
974
1193
2034
2772
1426
1799
1449
-124
1225
2483
2546
2183
3285
862
469
517
968
2637
2184
2711
3085
1351
995
773
345
508
2605
2917
1296
1290
-218
-672
-329
2498
1506
3206
1673
640
226
-333
1309
718
2840
2103
2404
616
110
288
1276
883
2890
3465
1256
1187
930
845
-143
444
2609
2100
1437
491
625
-1805
-1142
413
1107
870
1108
554
-1192
-991
-1712
807
118
1145
263
804
-665
-985
-104
-376
1150
1251
1005
771
-567
-712
-822
111
-343
1834
2885
562
-852
-1067
-1680
-1442
332
1723
1650
-623
-92
-1448
-596
-725
1968
1330
467
884
182
501
-527
1376
2170
1368
2110
2383
1002
294
1057
1434
982
1996
2507
2356
415
503
724
459
676
2415
2332
319
827
-350
-241
45
92
1371
517
-275
-565
-1145
-1447
-764
-654
341
-81
-352
-1202
-952
-1897
-1192
261
-786
-395
-1294
-1464
-2017
-923
-983
-1195
-349
-1123
-1823
-1376
-1531
-1715
-1342
-1664
-2056
-2432
-1891
-2846
-2642
-2095
-2240
-1951
-2568
-1942
-2391
-3027
-3090
-3571
-2523
-2134
-1645
-2014
-2926
-3265
-3151
-2450
-1585
-1525
-1917
-1762
-2933
-3512
-2311
-1186
-1751
-637
374
-885
-1189
-307
-119
248
786
1726
2312
2099
1973
2485
2690
4121
5770
5847
6698
6441
5766
5881
7102
7974
8632
9174
8957
8836
8258
8189
8388
8933
8298
8329
7685
7103
6454
5326
4979
4887
3799
3450
4076
2659
1359
1191
236
-1151
-1558
-1767
-2360
-3364
-2926
-3701
-4703
-4841
-5859
-7098
-6436
-6557
-6071
-6327
-7554
-8698
-8738
-10139
-9418
-8541
-9506
-10694
-11962
-12956
-14283
-12926
-13427
-13565
-15040
-16737
-18551
-19881
-20378
-20928
-20063
-14880
-8980
-10605
-17124
-18276
-16945
-13140
-7395
1940
6747
922
-5203
-5903
3877
11171
19576
23471
21940
18877
17399
21376
24574
29485
32647
29734
24689
20979
20439
18378
17281
18042
18483
15522
8240
3792
-1473
-5399
-6697
-4491
-3573
-7039
-10824
-14774
-16534
-16778
-13263
-8813
-7255
-8240
-7071
-4942
-3186
711
5188
8994
11604
14351
16992
18577
18971
20843
22919
23720
24786
24923
23040
19820
17821
16314
14120
11654
9422
5827
1100
-2472
-4757
-6940
-10315
-12382
-15611
-17979
-19185
-19801
-20671
-20635
-22254
-22688
-22908
-21950
-19987
-18858
-17521
-17242
-16535
-16831
-16015
-15527
-14336
-13326
-12856
-12835
-15482
-16713
-16900
-12910
-6347
-3161
-6231
-16557
-15816
-14472
-6444
-1829
6617
5333
-5746
-9358
-6012
8698
12963
20309
19699
16656
13306
15855
24483
27571
31701
31478
27146
23064
18802
21695
18429
18156
17507
17648
13161
4807
293
-5335
-6880
-7336
-5602
-6015
-12540
-19080
-23074
-22721
-20113
-16112
-11676
-11641
-11695
-11899
-7707
-3547
714
6132
11959
17553
19644
21812
21246
22348
23523
28327
32036
32100
28462
24255
22089
21371
22861
23329
20724
14941
8472
4253
1367
-287
-2119
-5742
-10170
-14869
-18229
-20871
-22184
-23191
-23386
-23809
-24229
-24256
-24063
-24143
-23802
-21181
-19403
-17643
-17519
-17153
-17202
-17419
-15640
-13999
-13267
-14607
-16827
-18142
-15971
-10454
-3551
-3686
-10281
-19448
-16493
-13064
-4302
-321
3754
-3438
-12852
-13057
-4272
9929
14024
16921
12306
9836
9961
17152
24378
28900
31624
28804
21878
18772
19991
22410
20121
21558
21381
18492
10483
3786
537
-2730
-2750
-1134
-29
-5217
-14012
-19740
-20461
-17314
-12474
-8830
-8446
-12109
-13379
-10902
-5560
94
6529
10435
10608
12144
15147
18342
20188
25518
29486
30193
28885
27043
25057
24419
25701
26310
24669
21414
16531
11121
7888
7307
6139
2904
-1627
-6771
-10957
-14066
-15367
-15823
-17040
-20217
-23730
-24714
-25231
-25040
-23989
-21583
-20200
-20966
-21984
-21895
-20539
-19497
-16929
-14767
-14810
-16695
-18590
-18699
-19093
-17447
-16973
-18683
-18899
-10402
-5183
-10164
-22189
-21472
-18504
-13768
-6259
1495
1703
-13595
-18124
-13567
5722
15685
22272
17939
9466
6390
11113
22266
28392
32767
30046
20856
14698
15505
22718
22677
21902
20907
18325
10882
3488
2319
-352
-2311
-2807
-817
-4266
-13774
-20361
-21100
-16725
-12612
-9809
-9382
-13698
-16850
-15604
-7877
-485
3288
3460
3176
5065
7599
12353
16444
20077
21244
21296
21738
20660
20003
19705
21230
21774
19979
16889
11934
8230
5151
5731
5474
3300
-1038
-5880
-9656
-12575
-11760
-11312
-12769
-16453
-19409
-20479
-20546
-18851
-16748
-15975
-17414
-18203
-16328
-14318
-12752
-11399
-9062
-8359
-9499
-10059
-9056
-9587
-9862
-9789
-8858
-11704
-14712
-14602
-5696
-538
-4327
-16749
-20288
-17755
-10673
-3060
2948
1998
-12085
-19521
-15600
4939
16527
20677
14177
7097
4358
9138
20761
29402
32643
26971
18379
14253
15718
22263
24159
23798
20116
16473
10615
4777
2389
385
-702
-1910
-1833
-5390
-14007
-21329
-22215
-18140
-13674
-11342
-12216
-18014
-21841
-19242
-9772
-2485
-499
-1285
-3218
-2505
1497
9404
15001
17176
17009
15436
15360
17154
19725
21620
21801
21656
19040
15124
11684
10380
9660
9192
8695
5584
1051
-3446
-6162
-7027
-6133
-4899
-6949
-11524
-15768
-16293
-14808
-12445
-10745
-11404
-13497
-15004
-13038
-9138
-5734
-4373
-4385
-5014
-6014
-5762
-3660
-2020
-2925
-5015
-6885
-8739
-11476
-13067
-11793
-4579
-468
-4741
-17393
-22022
-18848
-11027
-3207
338
-1266
-13783
-19745
-16209
1070
12978
17529
11895
3318
1470
8757
22005
30552
32561
28439
18812
13574
15803
24685
27426
23836
18970
14050
8648
2998
1872
895
-1843
-4164
-5253
-9234
-18154
-23849
-22763
-17832
-14121
-13595
-16135
-22818
-24891
-18472
-6775
-585
-1201
-3424
-4513
-1543
5142
14682
19632
18716
16459
15923
18392
19969
22753
24408
24745
22774
18206
14039
10788
10985
11026
11149
8852
4292
-2422
-7557
-7735
-4721
-2313
-4038
-8506
-13680
-16321
-15458
-11172
-6741
-6487
-9515
-12705
-12375
-8874
-3851
-93
682
-584
-2753
-3218
-1452
1147
2246
1223
-1764
-5449
-8662
-10969
-11724
-12489
-13610
-8808
-5157
-8971
-23096
-28007
-23140
-13654
-8231
-5818
-6864
-17261
-23369
-19659
-697
12311
16002
8635
1165
806
10305
24388
31868
31589
25749
18190
14161
16658
24251
26185
21523
15181
11459
7076
1453
-1702
-2947
-5259
-8387
-10424
-14160
-21511
-26656
-25199
-19616
-16490
-17823
-21136
-24400
-22692
-15759
-6691
-1960
-2008
-3695
-3965
876
9355
16947
18375
16615
15755
16849
18995
21256
23255
23405
21475
18533
16221
13477
10378
8499
9367
8524
4327
-1099
-5196
-7464
-7186
-4298
-2884
-5555
-11288
-14852
-14494
-10181
-5717
-3961
-6086
-9856
-11038
-8322
-2491
2745
4683
2188
-688
-1383
372
3666
6277
5888
2036
-2268
-5015
-7405
-8823
-10293
-11553
-15218
-14548
-9155
-7130
-16899
-28148
-26975
-19758
-10139
-6841
-5169
-12706
-20698
-22245
-10902
7390
17836
16481
4443
-1305
5578
20235
30241
32517
30383
22668
13159
10751
18615
26872
24914
16394
9030
5385
1178
-2165
-4094
-5647
-8654
-11759
-14349
-18550
-23770
-25821
-23259
-18427
-16271
-17829
-21188
-21785
-16901
-8201
-876
1362
-103
-1620
1774
9886
18186
22593
21637
18935
17684
19732
22802
25960
26843
24487
20103
15006
12028
10280
11172
10993
9407
4442
-1858
-6169
-7516
-5196
-2988
-2963
-6134
-11146
-14578
-15060
-10809
-5820
-3264
-5109
-8690
-10431
-8306
-2425
3356
5798
3748
690
-765
722
3820
6926
7012
3306
-2229
-6549
-8342
-8128
-8150
-9950
-14357
-13364
-9190
-8294
-18429
-26250
-23796
-16293
-8846
-6795
-5558
-13030
-19994
-21022
-6964
10442
18700
13367
834
-2762
7262
23331
31930
31336
25821
16583
9173
10114
21043
28221
22669
10552
3366
2091
524
-2193
-3885
-5281
-9233
-14233
-17530
-20462
-22413
-22149
-19650
-17418
-16597
-17824
-20350
-19577
-12831
-3322
1874
790
-831
227
5475
12567
19726
21742
20126
17564
17418
20458
23549
25693
23856
22079
17220
14955
12213
11039
9871
9368
7672
1999
-2474
-5963
-5853
-5656
-4502
-4650
-6894
-10454
-13932
-13314
-9884
-5472
-4185
-5500
-8211
-9036
-6661
-1948
2790
4012
2763
377
-487
-198
1870
4029
3396
-204
-4781
-8306
-10042
-11503
-11908
-13828
-9901
-4929
-5687
-18919
-28486
-24197
-13326
-4167
-4309
-5339
-13923
-21003
-22081
-6378
13639
20861
12084
-3020
-5251
6361
22585
31855
31612
25091
13955
6322
8659
20021
27603
23175
11678
3419
835
358
-873
-2316
-3460
-6139
-10317
-16161
-20106
-19991
-17591
-15414
-14264
-13721
-15510
-19657
-19055
-11230
-533
4143
1789
-1614
-1556
4142
12580
19673
21243
17555
13826
14211
18163
22383
22867
20781
16149
13252
12142
11126
10516
8891
6229
1672
-678
-2240
-4344
-6236
-7075
-7187
-7783
-9297
-11170
-12016
-11527
-9928
-7971
-6485
-6556
-7606
-7971
-6567
-2397
1338
2076
-258
-1728
-422
1195
1799
1581
949
-1031
-4774
-6991
-7610
-8591
-11844
-13894
-7265
-1193
-3820
-18921
-24775
-19371
-7837
-1360
-1813
-4671
-14276
-20390
-17993
567
17242
18987
5943
-7507
-5137
9797
26042
31426
27607
19097
8115
4004
10530
23888
27193
17462
5079
347
867
2169
2419
705
-4300
-10111
-12982
-13738
-15101
-15796
-15055
-14047
-14282
-14561
-15160
-16876
-15316
-8667
369
2771
-493
-3908
-1877
5281
14213
19162
19025
14210
11769
12561
17576
21958
22682
19919
12732
11426
10031
11838
9769
9003
5621
944
-1418
-3512
-2982
-5230
-5974
-6847
-7171
-8858
-11238
-11165
-11189
-9998
-9274
-7731
-7782
-7913
-7975
-6146
-3536
-1387
-828
-1972
-1731
-431
1292
1491
459
-660
-2809
-4526
-5613
-6244
-8186
-12219
-7959
-977
-289
-13671
-22266
-18160
-8557
-1736
-1538
-2122
-11515
-20309
-20496
-4040
13320
15856
4370
-9601
-9860
2807
19553
27795
25880
17455
5762
1224
9357
25259
30680
19429
3998
-1231
2923
7977
9596
6766
-547
-9269
-13186
-10876
-6955
-6198
-9292
-13373
-15812
-15459
-13084
-11501
-10349
-8588
-4356
-1835
-3266
-5197
-2765
4514
11632
15891
15245
11679
7596
9412
15347
22718
23238
17937
10958
7450
9456
12556
15947
12678
5961
-1435
-3043
-321
1078
-123
-4745
-8617
-11330
-10913
-8803
-8195
-9825
-12044
-12225
-11345
-9605
-8314
-7739
-7547
-6419
-4491
-3180
-2435
-2018
-1021
-415
418
1219
624
-1478
-3698
-3787
-3545
-5120
-3839
938
2500
-6196
-16837
-14488
-5625
1328
-613
-1687
-5691
-14620
-19146
-9660
10596
17436
8055
-8327
-12397
-1912
13286
23883
24533
19042
7068
-1026
3405
20195
32285
26034
9657
-760
1110
7105
12921
14157
9012
-3060
-13020
-12893
-6723
-1435
-2593
-8073
-15342
-19020
-16261
-10602
-6993
-7953
-8533
-7704
-7107
-6929
-4549
1647
6050
6945
6218
8267
10773
11737
12427
15134
16798
16372
14334
12968
13337
13435
13612
11268
9042
5776
3915
2955
2348
2051
-1231
-5538
-9762
-9531
-6934
-6102
-8592
-12336
-13473
-13015
-11197
-9164
-7119
-7441
-9382
-10256
-7881
-3932
-1546
-1028
-2004
-2621
-2569
-928
871
1110
182
-2115
-4378
-5272
657
6070
2893
-9796
-14514
-8096
-693
1354
-603
-987
-10004
-17979
-15975
1444
14007
9492
-4103
-13578
-8156
2841
14444
19358
17524
8617
-2662
-2550
10650
26529
26669
13600
1864
12
4580
10695
14959
12444
2092
-8860
-10503
-5387
-471
-1729
-6505
-12676
-17218
-16049
-11057
-6393
-7494
-11919
-14151
-12150
-7251
-3180
-1176
-207
-403
639
1815
5911
10140
13130
12291
9115
9149
11108
14087
14485
15139
13540
10324
6968
6944
8874
8840
6405
2481
128
-2365
-4364
-6240
-5980
-5693
-7199
-9966
-12167
-12009
-11875
-10808
-9969
-8858
-9115
-9812
-9817
-8117
-5838
-3742
-2315
-2334
-3434
-3365
-851
1016
1353
418
47
-1066
2800
5809
4850
-4513
-8114
-3487
1826
3984
1604
1640
-7793
-13737
-11895
2821
11601
6819
-3804
-12266
-8312
-188
10546
14785
12706
4495
-4909
-4000
8490
21727
20821
9778
1566
1956
4485
9641
14169
12796
2475
-7392
-6176
-342
3873
1256
-3834
-10232
-14052
-11622
-6882
-3424
-5076
-9228
-12674
-13160
-8077
-2832
-1219
-3448
-4543
-2509
-38
2901
5078
6295
5150
5321
7278
10211
10783
10031
8167
8405
9913
9572
8775
7749
7506
4744
2584
1956
2999
2257
-2191
-4265
-4947
-5445
-7670
-8224
-7830
-8351
-10516
-12055
-11257
-9853
-8895
-8575
-7546
-6920
-6072
-5134
-3664
-2344
-1007
126
1028
1873
3092
3608
3616
2175
4174
6612
6867
2344
-2225
-117
2332
3965
1710
3075
-581
-6459
-8972
-2011
6108
3054
-2662
-7501
-6955
-5255
137
5497
7281
3121
-2867
-3260
1202
9925
12954
9865
3500
798
1432
5275
10846
12328
7338
-1409
-3936
500
6806
6786
2478
-3106
-7199
-6874
-2483
1763
333
-3960
-7382
-6215
-4123
-1736
-301
-274
-2040
-3095
-2258
-508
1674
1922
1813
1075
2182
3483
4573
5370
5287
4364
3120
4047
5099
4848
3187
1280
504
-351
-743
-860
-859
-619
-1926
-4197
-6571
-6379
-4571
-3595
-3812
-4885
-6089
-7065
-6558
-3503
-619
-70
-1038
-1822
-1204
-113
1621
3815
4786
3798
2751
3377
4210
4610
4732
4624
4114
2655
2262
2029
801
-112
-913
-556
-1827
-2428
-3515
-4327
-5277
-5054
-3009
-2063
-3161
-6316
-6644
-5239
-2437
-1193
-49
-913
-1875
-1784
299
3441
4308
4293
3062
2253
2825
5276
6146
4243
2317
3161
4468
3086
1229
2079
2866
1522
1219
2480
2274
-644
-2428
-23
2236
137
-2182
-1674
-783
-1945
-2172
-57
1377
831
-870
-459
911
1148
1017
969
1229
341
-626
-966
186
1522
992
-273
-651
-693
-1782
-2383
-617
762
-612
-2080
-2989
-3928
-5236
-4438
-1482
-574
-2783
-5242
-4959
-3178
-1700
-241
599
194
-980
-1131
283
1603
2721
3478
3237
2481
2204
2887
3259
3253
2920
2430
2398
2272
1915
332
-959
-107
228
-374
-1534
-1970
-3214
-4911
-3995
-2356
-2817
-5809
-7551
-6945
-5264
-4190
-3535
-3274
-3754
-4400
-4018
-2300
-808
-446
-1475
-1768
-76
1474
848
-557
1058
4344
5339
3912
2430
2821
3424
4330
5322
5379
3030
-30
-252
1820
3394
3063
2681
2675
1071
-1348
-1690
952
2961
2115
235
-884
-1702
-2717
-2105
911
2862
761
-2354
-3163
-1814
-1040
175
1589
713
-2672
-4662
-2942
-155
749
2
-806
-2166
-3840
-3622
-1047
52
-1177
-2679
-2846
-2507
-2287
-1322
362
1009
2
-208
1133
1798
1479
1864
2851
2927
2518
2457
2416
2723
3419
3329
3570
4047
3670
2243
1640
1820
1740
1472
1543
1061
-998
-2209
-1563
45
157
-877
-2413
-4353
-5252
-4200
-2946
-3995
-5038
-5122
-5049
-4904
-4237
-3040
-3095
-3794
-2994
-1762
-1796
-3036
-3592
-2623
-407
474
22
-20
516
868
2108
4321
5053
3100
1062
1465
3040
3476
3017
3139
3147
1110
-983
-826
1143
2207
1853
1419
857
-539
-2392
-1964
1091
3173
2173
-248
-2079
-2080
-1218
116
1091
582
-939
-2202
-1135
816
1635
1361
925
226
-370
577
1595
924
-805
-1241
-104
702
1197
1773
1444
-156
-25
2540
4407
3669
2351
2342
2822
3521
4548
5234
4552
3704
3490
4080
4969
5628
4949
2895
1877
2537
3131
3031
2817
2488
1651
820
808
1228
750
-1065
-2554
-3154
-3022
-3024
-3540
-3992
-4468
-4763
-4390
-3855
-3260
-3727
-4892
-5640
-5554
-4221
-3283
-3453
-4135
-3658
-2561
-1769
-853
295
908
422
615
1717
2458
2505
2183
2015
2288
2513
2502
2381
2495
2055
1216
786
571
597
809
856
250
-305
-726
-1069
-556
190
82
-963
-1647
-1334
-1092
-1239
-1451
-1501
-995
-64
630
630
77
-1087
-1812
-854
831
1397
-196
-2046
-2018
-1280
-1025
-116
1918
2057
-198
-2049
-1197
1288
2823
2801
2097
1350
1255
1964
3621
4984
4453
3038
2539
3375
3903
4000
3929
3334
3110
3113
3006
2949
2736
1752
778
751
951
1277
655
-1659
-3570
-3562
-2374
-1701
-2082
-3467
-5440
-6524
-6273
-4684
-3705
-4504
-6072
-7238
-7252
-6312
-4646
-3919
-3957
-3843
-3798
-3492
-2987
-1632
133
996
949
796
957
1497
2400
3370
3854
3299
2604
2394
1939
1508
1941
2753
2366
1231
536
366
496
853
712
-68
-773
-1218
-1862
-1864
-1194
-513
-262
-1377
-2934
-2923
-1048
348
417
155
-866
-2275
-2918
-1458
767
974
-1037
-2199
-1299
-514
-722
-568
684
948
-1124
-2175
-693
635
517
684
1953
2115
1404
1775
2950
4073
4116
3329
2642
2572
3353
3832
3628
3546
3929
3776
3578
4019
4668
4119
2218
830
1356
2264
2046
952
-751
-2461
-2624
-1620
-1014
-1725
-3355
-5718
-7274
-7006
-5273
-4296
-5725
-7293
-7424
-6824
-6094
-5097
-3994
-3750
-4173
-4593
-4262
-2693
-643
975
1248
769
453
1348
3049
4906
5333
4418
3842
3529
2735
1948
2969
3849
2844
715
-301
77
445
534
668
244
-1470
-2632
-1963
-1327
-1667
-2166
-2679
-3217
-3268
-2658
-2086
-1695
-1195
-471
-57
-189
67
975
1258
16
-911
-98
893
177
-1002
-1047
-272
352
803
1609
1973
1588
949
1041
2151
3004
2609
1788
1826
2345
2280
2534
3299
3993
4177
3939
3882
3996
4236
4189
3932
4165
4248
3568
2800
3037
3476
3262
2950
2905
2540
1135
-146
-894
-1146
-1285
-1537
-2748
-4423
-4969
-4564
-4419
-4853
-4912
-4703
-5000
-5333
-5097
-4130
-3570
-3796
-3701
-2662
-1423
-809
-368
380
998
1199
1744
3106
4352
4661
4141
3682
3846
3967
3608
3599
3822
3253
2020
787
589
930
813
114
-710
-1441
-2079
-2123
-2077
-2000
-2965
-3516
-3188
-2558
-2077
-2461
-2769
-2825
-2450
-1762
-767
41
-326
-1196
-1838
-1323
162
808
118
-629
-921
-812
-444
34
790
733
100
-127
397
862
1188
1052
480
332
379
588
648
648
1188
1625
1583
1765
2390
2288
1571
1699
2179
2369
2179
1958
2021
2018
1551
1386
1329
1177
939
340
-596
-1648
-2029
-1732
-1858
-2701
-3291
-3564
-4049
-4090
-3637
-3200
-3612
-4215
-4129
-3610
-3576
-3282
-2451
-1582
-846
-504
194
886
2004
2679
3108
3848
4594
4651
4231
4521
4947
4995
4802
3923
3007
2688
2936
2907
1923
909
78
-750
-1416
-1288
-883
-1437
-2829
-4026
-4297
-3575
-2902
-2826
-3511
-4254
-4452
-3858
-2962
-1943
-816
-911
-1948
-2273
-1241
217
1039
863
113
-396
-299
572
1716
2208
1403
144
-7
630
1782
2489
1798
592
-354
120
862
1828
2036
990
-58
-413
849
2245
2195
1317
975
804
852
1806
2701
2690
1743
1058
1242
1569
1344
752
265
-241
-749
-1292
-1575
-1441
-1713
-2191
-2365
-2568
-3229
-3785
-3955
-3848
-3597
-3384
-3573
-3975
-3762
-3012
-2138
-1393
-889
-232
39
330
846
1689
2850
3507
3524
3409
3680
4255
5066
5543
5064
4075
3258
2771
2662
2618
2060
834
-675
-1774
-2000
-1237
-857
-1843
-3257
-4092
-4220
-4017
-3822
-3790
-4183
-4911
-5352
-4592
-3123
-2172
-2166
-2592
-2863
-2226
-845
354
587
83
-266
-357
364
1598
2488
2409
1437
475
396
1630
2898
2885
1583
277
-216
-312
566
1712
1965
1172
-197
-148
978
1711
1461
1207
875
369
470
1605
2232
1688
973
715
1188
1418
1287
958
721
167
-558
-499
-439
-441
-570
-1012
-1600
-1925
-1686
-1428
-2154
-3000
-3395
-3323
-3605
-3809
-3233
-2564
-2167
-1835
-899
88
877
1483
2005
2681
3094
3456
3435
3017
3045
3592
3838
3857
3805
4122
4358
4008
3310
2915
2821
2236
1415
287
-779
-1308
-1930
-2647
-2807
-3031
-3530
-4021
-3961
-3560
-3284
-3251
-3088
-2762
-2431
-1941
-1741
-1821
-1590
-809
29
729
857
512
392
1060
1905
2369
2628
2459
1851
1042
793
1309
1974
1415
386
247
219
96
174
600
369
-252
-361
393
1008
651
123
-280
-168
156
595
865
642
-49
-360
214
716
1070
1081
733
183
-191
-382
-447
-503
-1287
-1913
-2543
-3037
-2976
-2274
-2468
-3342
-3491
-2941
-2481
-2681
-2545
-2148
-2208
-2704
-2397
-1241
-486
-95
159
413
734
1460
2593
3232
3463
3573
3827
4012
4323
4967
5450
5417
4347
3415
2856
2904
2673
2139
1391
381
-515
-1065
-792
-666
-907
-1760
-2781
-2876
-2436
-1897
-1610
-1801
-2149
-2217
-1952
-1256
-656
-565
-1036
-1259
-728
64
435
381
1029
1741
1466
1519
2141
2333
1689
1530
1947
1624
719
203
520
526
301
547
792
330
-376
-67
608
720
373
110
-116
-533
-349
490
1085
813
373
473
587
489
620
1136
693
-428
-562
58
139
-718
-1165
-1202
-1364
-1933
-2338
-2309
-2332
-2806
-2913
-2564
-2563
-2879
-2627
-2194
-2158
-2374
-2703
-2295
-1746
-1671
-1635
-1434
-1164
-396
461
1194
1947
2465
2620
2342
2134
2422
3028
3026
2368
1479
999
856
854
972
509
-357
-853
-883
-659
-816
-1338
-2009
-2706
-2949
-2773
-2260
-2303
-2960
-3325
-3023
-2521
-2025
-1234
-1268
-1656
-1349
-597
-43
194
376
619
703
682
703
1032
1263
1379
1494
1221
714
597
857
498
-237
-348
-25
-215
-898
-1308
-1158
-1137
-1034
-777
-594
-1051
-1513
-1155
-789
-729
-866
-786
-792
-946
-815
-357
110
-44
-287
35
322
31
-352
-535
-340
-141
-275
-711
-1135
-1520
-1690
-1605
-1573
-1733
-2236
-2469
-2360
-2308
-1987
-1830
-1800
-1549
-1265
-522
-123
31
168
340
553
1198
2140
2418
2287
1965
1983
2654
3227
3403
2910
2423
2416
2284
1977
1818
1805
1297
425
289
666
573
-313
-1053
-1069
-877
-1021
-945
-713
-819
-891
-481
-7
80
12
132
655
961
1160
1311
1188
1192
1252
1511
1949
2141
1855
1444
1361
1630
2004
2329
2101
1067
115
34
550
682
-1
-640
-571
-629
-876
-584
-523
-1065
-1539
-1208
-625
-743
-1068
-1071
-741
-625
-539
-511
-665
-880
-948
-723
-399
-346
-618
-731
-703
-520
-339
-329
-437
-590
-981
-1466
-1556
-1306
-1488
-1437
-1340
-1446
-1634
-1416
-1194
-916
-434
63
703
809
760
609
880
1357
1739
2283
2514
2398
2244
2523
3241
3849
3568
2963
2707
2334
2204
2122
1892
1386
691
173
-209
-229
-104
-220
-380
-544
-819
-626
-188
233
170
123
1192
1667
2109
2258
2584
1868
927
257
493
1554
2303
3130
3173
2722
1891
1984
1586
1171
765
188
-773
-1191
-1237
-864
-709
-1142
-1419
-1883
-2047
-2036
-1573
-1570
-1580
-1535
-1535
-1352
-1428
-1578
-1880
-2019
-1797
-791
328
964
949
421
351
206
155
167
29
-290
-524
-524
-454
-327
-93
-333
-679
-1431
-1765
-1629
-1658
-1598
-1810
-1633
-1773
-1142
-829
-361
-192
-423
-444
-765
-377
-417
-46
-223
465
875
1395
1765
1758
1950
1741
2000
2077
2682
2352
1940
1163
845
867
1209
1343
681
125
144
551
736
1004
711
332
-437
-173
-151
-78
53
315
142
62
951
1040
1507
1224
833
809
863
853
724
978
83
92
-101
-1118
-1243
-1017
-1343
-1344
-698
-949
-1116
-1003
-1817
-1774
-1732
-2288
-2399
-1937
-2494
-2691
-2283
-2659
-2051
-1337
-1578
-2308
-1441
-1257
-881
-698
-279
45
-802
-594
-743
-835
-1001
-502
-700
-567
-528
-571
153
156
-479
-423
-253
-554
-744
-127
-624
-1361
-2086
-2065
-1129
-721
-554
-279
-605
-962
-364
210
-395
145
250
248
504
820
1167
1636
2113
1567
1906
2169
1783
1858
1871
1824
733
1957
877
1015
1233
584
1013
68
1197
155
1112
29
-165
-20
-670
134
-677
1042
-125
-631
1316
647
1631
1258
2530
926
799
1437
1810
1502
1236
1354
1251
1143
755
1262
1174
942
363
888
-424
135
484
-409
-195
-310
-1093
-1494
-570
-1597
-2089
-550
-1396
-1227
-1507
-522
-2344
-1373
-698
-1446
-723
-763
-244
-954
107
-629
-255
64
85
288
-82
668
160
-375
-304
-118
-195
146
95
-366
-714
-1251
-830
-272
-578
-510
-1117
-674
-701
100
-456
515
-6
-409
685
426
805
997
767
1124
2228
2569
1803
3175
2167
1641
1999
2479
1786
1472
2353
-89
845
993
724
685
337
-244
-1050
237
-207
-483
562
58
-198
131
721
-570
1253
927
-383
809
1180
-317
612
976
46
1086
524
-37
-88
1627
121
1501
875
138
-281
-293
262
-479
309
-1128
-1051
-1859
-1096
-661
-1067
-645
-1316
-1024
-1379
-561
-75
14
186
-1170
-527
-1138
-437
149
-798
283
722
484
207
995
533
-204
1637
32
1373
1021
514
368
204
1131
254
996
-473
-482
-416
-606
270
174
-602
-580
-91
-359
-260
445
-472
-50
-122
28
-477
505
95
55
665
622
1509
1418
1446
177
1036
1718
1348
1909
658
691
-63
503
-77
123
706
-1659
-261
-621
-156
958
980
-487
-590
-96
-867
-309
366
-149
-308
-140
-793
620
785
968
405
388
-721
-119
709
238
335
498
-671
-401
-842
-522
-286
-180
-857
-1083
-963
-1257
-1091
-821
-1020
-1147
-974
-1579
-1511
-1397
-1050
-1075
-472
-1331
-767
-1295
-652
-685
-280
-221
256
461
242
858
18
17
-72
41
396
960
983
600
300
91
938
958
934
410
-708
-536
-113
-289
4
-68
-754
-641
-83
260
190
242
162
-775
-748
-143
-269
-344
-456
-484
61
534
-67
165
147
-123
-137
214
-147
-262
-845
-946
-1101
-892
-353
-1199
-1162
-954
-812
-675
-179
-354
-1093
-957
-837
-825
-159
-12
-393
-497
-612
-113
183
966
313
322
-556
99
575
80
791
781
11
-285
-253
406
495
-137
859
-288
208
-609
-152
-494
-403
-448
-1031
-489
-1536
-621
-652
-270
-740
-908
-332
-818
193
-154
-10
-83
-254
-309
267
83
-129
-56
-559
109
5
939
-161
490
9
-51
304
442
170
116
-231
-696
-313
-526
-461
-376
-476
-1352
-242
-631
-124
-507
-105
-804
-366
113
-227
-465
-297
-252
-352
100
-312
326
-308
303
336
1206
456
490
214
-545
124
214
-369
-952
-64
-1169
-608
138
-253
113
429
-169
-422
595
-284
161
-130
301
-449
311
460
761
660
445
535
680
579
549
1124
777
249
760
934
193
877
228
33
164
190
-175
309
244
-707
328
-663
-528
-476
-44
-397
-539
-83
-1180
-482
-438
-101
-420
-713
-927
-559
-99
-606
158
108
-49
-438
374
654
1152
724
469
1562
695
1152
1596
735
741
532
362
417
1071
272
140
690
-133
387
789
924
-58
649
122
-752
590
-41
-403
-56
294
255
430
1046
18
892
201
505
577
159
576
-428
-281
-188
352
134
175
350
41
-273
1229
96
145
909
-613
491
-100
964
428
1423
1086
1063
2526
769
2095
1667
1307
1654
1790
1474
1290
2066
1043
1448
1639
1554
1525
1610
1330
1533
701
1491
-39
649
231
-199
-486
-521
-558
-613
251
-503
412
-669
-754
-1073
-163
-453
-293
-204
-1066
-539
-834
310
-855
626
-982
96
-151
178
229
389
716
-335
1121
17
759
330
-18
441
-24
98
-444
299
-742
-363
-237
-418
-244
-431
-452
-1147
-735
-819
-1057
-675
-888
-1576
-760
-935
-1050
-693
-1020
-1782
-842
-1053
-1256
-280
-1070
-1138
-1122
-1299
-917
-961
-419
-1422
-1031
-1286
-387
-1109
-346
-235
-686
-665
-334
-65
-924
1037
-320
595
745
92
398
114
1304
385
974
998
508
1265
-55
1615
873
1261
1325
821
1144
1089
382
861
259
219
-793
472
-1494
-540
-145
-1642
-294
-981
-117
-1178
-614
-885
-1112
7
-918
-887
-796
-935
-1008
-722
83
-543
-289
-367
-592
-594
83
-218
56
-35
177
-73
-48
152
-171
658
-856
237
-80
-8
-184
-607
-701
-912
-1428
-296
-1260
-1102
-1230
-838
-935
-1655
-817
-2167
-1470
-2041
-1155
-1841
-1459
-1609
-1399
-2025
-593
-1511
-1239
-1769
-1753
-1035
-1335
-617
-1595
-318
-1133
-1140
-552
-186
-543
-259
-38
123
561
870
679
139
1295
365
1220
875
885
576
851
520
835
1523
1218
1149
1289
1910
736
1460
1248
1241
106
1014
170
1040
98
286
221
-141
-390
-405
-56
-1574
126
-1270
-330
-647
-640
-555
-1012
-581
-1682
-491
-1124
-282
-1145
-804
-188
-761
118
-522
688
-332
711
7
927
-331
587
429
651
1042
495
1216
32
1642
-76
1636
-87
732
785
-762
1240
-658
1724
-971
808
292
-262
620
-655
666
-1219
1096
-750
174
283
-261
-40
-836
1043
-1549
745
-1075
-34
-844
437
-57
-744
1731
-1398
779
275
192
99
444
320
-936
1581
-276
312
1052
332
518
-108
1102
539
1153
1325
956
853
839
1184
1646
629
1855
1162
1459
660
2238
1068
848
1262
194
1754
108
1227
331
1022
-188
33
-249
-799
-311
-396
-1068
-787
-246
-921
-517
-382
-800
-516
127
-1437
423
-775
-93
-320
491
-450
81
496
344
1085
361
1296
881
911
305
1774
637
748
693
513
439
1269
519
401
1341
164
527
1109
247
904
161
377
221
-599
483
-909
269
-915
-1
-1076
-434
117
-1401
-510
-89
-1164
-594
-90
-1646
63
-544
-1075
-1176
-443
-1597
-1048
-207
-1572
-420
-1274
-1009
-1200
-972
-279
-1103
-513
-691
-111
-729
145
-231
-160
69
-502
-18
-361
152
3
65
213
-185
108
228
-12
43
-70
-406
-232
286
-589
-157
-1086
-95
-1276
-981
-616
-957
-723
-343
-805
-1236
146
-1453
-29
-686
-25
-990
-713
486
-1157
20
-645
633
-1591
1141
-571
823
416
1072
734
43
1088
-30
881
-391
1175
-486
299
633
573
487
534
799
-35
1028
115
1181
734
189
1101
810
-2
599
587
-988
724
-452
-840
405
20
-379
6
422
128
-548
947
-1076
59
-469
-814
-970
-722
-1149
-469
201
-1378
-289
-651
-921
-1110
-176
-588
-450
-395
-344
-776
-234
103
-324
-7
261
125
393
84
769
509
816
535
904
230
1292
1208
604
1163
1119
277
52
1072
-641
75
-12
-705
-831
-353
-342
-244
-431
-764
-1149
-644
-1890
219
-1293
-692
-412
-828
73
-612
814
-816
814
-953
96
49
-608
187
-231
489
-769
651
62
505
204
609
-71
1035
306
850
753
87
225
161
970
-296
1357
873
440
322
1497
545
573
1508
31
974
94
77
105
251
8
39
699
-545
14
109
-122
-235
-318
-195
-460
-251
-162
-631
-359
-377
-1399
236
-1083
210
-1190
779
-311
-518
859
-575
1048
-127
752
152
787
61
390
472
-97
865
551
653
489
579
1461
815
1201
1046
1180
169
1043
180
-78
1214
112
519
227
-44
-343
186
-54
-259
0
-564
-20
-725
-96
131
-287
-955
251
-453
-251
-181
-407
-278
-260
-59
-375
885
129
308
305
1113
-358
702
1195
-233
364
675
385
-362
1470
781
-532
1566
364
1017
640
1747
578
628
1116
640
1317
327
785
759
675
-377
1199
-420
1303
-515
1257
-323
-216
354
148
323
-445
946
-515
-230
120
-628
-185
395
-721
-77
-50
-30
-726
-70
-451
35
108
74
54
121
877
325
232
592
779
-199
132
371
501
-167
1194
-126
1686
437
234
838
22
242
400
298
-653
547
-572
-554
-493
-243
-419
-294
-24
-1150
29
-1434
-795
-768
-533
65
-1272
55
-786
-326
-821
-359
-27
-1023
-42
-506
-516
-236
-236
237
-312
-289
703
-352
174
-1044
748
-472
52
702
-272
609
-1176
315
-1130
148
-523
13
-816
-213
-395
-405
-712
102
-559
275
194
216
-749
484
-235
-1253
-373
-263
-77
-998
295
-80
-672
796
-253
432
-324
92
-248
-206
-348
157
-202
-432
145
-453
294
-1131
506
-1146
128
-298
417
-694
182
1011
-858
450
615
55
-1087
1568
4
272
959
1052
-615
301
188
-1080
1427
-1511
725
-609
231
-1294
1053
151
-921
1115
-753
218
-1286
996
-1601
453
-439
-770
-133
-1161
194
-1088
492
-864
-528
-189
-650
-875
-364
-483
-1325
-339
-1003
-39
-1455
-164
-462
-1011
-99
-1449
-82
-1585
-551
-1368
-90
-511
-807
179
-874
-602
-490
-140
-123
-59
605
-491
-147
-687
-416
-376
1
-385
777
-323
-440
957
-766
1158
67
273
149
1523
-504
505
50
110
-633
909
-81
-434
1067
-680
246
53
883
-1112
169
643
-836
496
644
-157
-150
861
0
-427
463
782
-317
871
889
392
1025
-100
820
239
640
-516
747
613
-469
557
960
316
-505
994
-794
-90
345
110
-181
263
-151
-664
223
-499
-346
833
-557
686
-216
292
78
477
-107
1047
626
-683
1305
-548
23
340
644
35
656
941
-728
1081
-130
-562
376
151
-710
402
-210
924
-408
704
-447
1178
140
409
2127
130
170
433
839
-647
775
288
506
-105
1166
-203
1023
832
823
537
358
421
-257
390
-373
148
-145
271
1
-319
337
-217
603
385
600
535
420
1441
55
1438
-284
1249
-224
31
87
-707
793
-358
1111
151
1561
885
999
1277
926
772
1274
567
507
637
357
577
-11
1881
-1177
1745
-130
283
-442
450
-591
-591
758
-1150
173
222
-352
-744
988
-433
-372
354
-331
-569
357
-155
78
-3
-517
171
-170
-77
-741
602
-874
-1046
-5
-413
-671
278
-274
-248
-876
-632
-596
-293
-666
-404
236
-1188
-369
371
-4
-1131
-19
423
-892
-770
341
301
-726
347
330
-192
-767
233
-527
-195
59
58
197
-217
528
-146
468
-888
-180
-865
-537
-995
-1092
-306
-923
-755
-1188
-284
-718
-929
50
-246
-405
64
-286
-421
-329
-707
425
-608
95
-500
826
-323
625
1390
1023
926
498
1728
23
976
369
1012
-200
295
230
-21
-604
407
149
-357
410
182
481
59
689
322
-244
193
71
-105
-187
164
-526
-640
-333
-417
164
-1566
852
-1491
-526
-1116
186
-708
-1151
-176
-973
-800
-985
503
-1309
422
-497
-383
225
240
-1057
245
260
-1270
-17
-652
258
-1684
255
-428
-494
218
16
1088
-1104
986
-193
514
-301
-169
802
-111
-127
-29
870
-1171
-365
757
-301
-630
768
4
-245
107
-483
783
-985
658
-839
1434
-484
-547
1460
-864
104
-864
867
-1378
885
-817
1082
25
782
338
839
782
429
1026
427
565
274
1243
-1157
769
-290
-206
-424
-108
-68
-626
549
-1109
619
-1035
413
-1688
-555
-399
-1927
-29
-1978
-2
-1961
631
-1681
-418
-251
-1152
-820
-418
-661
-510
-547
85
-870
-776
-505
-1060
24
-1686
-420
-688
-1446
-953
-767
-743
-824
-91
-701
-439
-300
-438
-353
-440
-200
-134
646
-1006
375
-93
-398
-808
640
-779
2
96
355
410
-388
531
-209
154
-49
-12
351
-325
25
135
-87
901
-639
1056
451
90
377
745
481
-39
1577
762
612
990
311
766
131
231
377
675
143
629
898
523
373
725
776
-342
759
240
-255
-441
582
60
6
-114
504
110
-52
275
-419
400
-384
95
-1093
135
-552
-465
-943
407
-453
-443
490
-975
675
-302
198
-115
-385
-2
77
-324
192
742
249
583
427
646
332
688
572
401
791
40
1089
276
1002
346
173
766
218
886
16
1367
149
761
132
1033
-84
478
568
440
924
-17
895
-422
993
-270
-30
509
-440
711
-473
624
-289
-216
89
-420
-45
-529
-118
-1476
324
-1474
-948
-659
-772
-1370
-494
-716
-1078
-773
-547
-424
-792
-122
-1458
92
-1624
-495
-789
-804
-925
-347
-556
-686
-797
-235
-603
-68
-532
-314
-55
-1154
385
-546
102
-162
278
13
288
246
-120
679
937
52
1214
1066
847
1228
1261
440
919
865
601
1075
1298
442
1138
835
105
457
1297
-180
728
1150
214
827
707
411
256
654
-587
528
-354
-330
6
278
-482
14
589
-252
157
23
-174
-417
13
102
-155
272
-167
-361
-608
-521
-431
-746
80
-705
-594
-253
-873
-272
-365
-383
33
-768
-178
-955
-71
-1014
38
-731
-651
-302
-320
-281
-1280
578
-1102
-138
-374
632
-497
105
-560
-524
-186
-408
-364
-644
369
-428
-246
400
-628
-409
449
-105
-572
607
371
-320
352
234
-282
-452
-441
-755
72
-973
322
-539
313
-957
352
-48
-587
731
-999
795
-467
193
-172
620
-132
74
168
-349
172
-117
-368
-722
324
-715
-391
-557
19
-1058
-449
-355
-1066
290
-1149
-148
-1241
-421
52
-1277
700
-1048
-158
-211
-1000
-175
-838
187
-1924
633
-620
-1256
-24
-956
-659
-1393
159
-1106
-18
39
-664
-244
408
-731
-866
446
-672
-379
314
-843
-751
-29
-145
-927
1030
-263
-868
783
-1821
-375
226
-951
-631
409
222
-1728
1435
-781
-378
881
-376
441
58
1037
-1147
1426
-48
-928
1518
-760
-280
429
630
-846
957
467
-620
1188
-446
970
442
856
483
997
1261
558
1599
969
957
1128
1477
916
387
1919
511
1255
1182
812
1145
688
1095
341
1256
-235
872
958
-205
955
634
33
-168
765
629
522
1121
974
1078
326
592
599
375
392
307
1094
255
1033
383
545
962
510
1417
378
1183
961
206
824
273
717
-38
1160
114
77
937
-340
502
310
-342
-125
251
6
-601
637
457
-576
538
-512
464
360
-115
265
737
1107
-1094
1283
824
-42
584
696
241
8
1789
-1214
792
937
-86
452
213
71
-392
1544
-1032
597
1707
-928
415
191
-173
-78
661
-408
208
1107
-1196
736
6
-51
190
678
-1040
47
377
-1078
638
-57
-412
976
301
-404
1002
307
-722
133
-10
-1539
1064
42
-535
874
-169
-380
-783
533
-1458
55
908
-1140
152
86
173
-107
-526
1120
-555
434
655
330
156
-39
1428
-706
344
1076
-225
197
668
652
-698
1687
47
-395
1016
247
-319
706
416
-224
971
726
-628
739
500
-1081
776
21
-334
562
641
-533
902
987
-895
1650
1128
-536
1596
709
-20
471
1456
412
-72
2015
-368
373
130
-223
126
-294
419
-953
814
-312
-388
-370
-243
-830
-304
27
-966
283
-8
-335
-1093
494
-981
-1195
640
-1484
321
-550
327
-1651
336
-460
-1504
-993
-1017
-953
-1618
-372
-1426
-1160
-441
-1529
-1660
-696
-1479
-1117
-1487
-883
-1617
-393
-1028
-1336
327
-1147
-878
-279
-1236
-1374
-23
-874
-1424
745
-288
-1270
338
-155
-546
-85
33
-884
240
864
-1044
1165
-129
-457
-88
92
-298
-535
1376
-833
195
515
329
-66
522
949
-456
585
305
266
385
603
-21
489
125
-174
1138
10
650
852
545
416
-208
1526
-25
-238
600
342
-140
-1198
433
227
-967
293
-57
-437
-1102
-365
-60
-1301
-905
539
-485
-488
425
-345
-511
130
-649
116
-5
446
200
261
718
-1082
1988
-1259
644
1012
365
579
438
1107
-719
1495
-442
-484
1695
-4
-653
886
526
-663
1341
356
-861
1309
64
-621
837
426
-322
1137
452
-123
844
850
-51
689
350
678
680
413
103
834
220
115
486
526
434
204
751
239
-258
871
913
-516
198
612
475
-1504
1150
-197
-883
632
-47
-443
479
1070
-1077
954
1128
132
733
1317
474
750
1040
548
524
1057
247
237
1080
359
886
1557
-225
695
672
359
-23
517
653
-477
569
-366
-1169
187
-462
-1270
-765
-422
-1123
-709
-659
-1535
-582
-1218
-525
-1264
-736
-702
-1112
-1197
-1027
-429
-876
-772
-1158
-662
-840
-1325
-189
-916
-815
-398
-390
-822
-778
378
-1146
-875
542
-703
-610
81
-852
-396
-394
-656
-621
234
-889
-618
627
-836
-521
931
-437
-1184
309
-101
-264
320
1222
437
417
1088
169
335
1083
34
985
630
-127
930
752
-294
720
1223
-367
838
585
795
32
889
670
-664
1272
247
385
896
338
851
547
338
94
1323
-176
87
1292
-397
-192
771
-172
27
238
335
127
-249
-143
-80
852
-1095
161
570
-951
-477
606
166
-311
947
494
-117
527
317
650
517
-57
492
504
-322
-457
815
-223
-410
873
114
-204
-63
559
-1515
17
110
-993
278
-142
-236
-40
-181
-762
113
-187
-898
-134
427
-1014
212
349
-664
49
965
107
-475
707
-122
-394
168
359
-806
508
-140
-391
214
123
-666
157
330
-1387
500
516
-1238
218
528
-1023
-591
-194
-952
-936
54
-636
4
-272
-156
-224
-755
-348
-337
-531
-661
171
-109
-227
245
-293
-160
379
-748
-169
-80
-680
-751
-399
0
0
0
0
0
0
0
0
0
0
0
0
0
0
0
0
0
0
0
0
0
0
0
0
0
0
0
0
0
0
0
0
0
0
0
0
1
0
0
0
0
-1
0
0
0
0
0
0
0
0
0
0
0
0
0
0
0
0
0
0
0
0
0
0
0
0
0
0
0
0
1
0
0
0
0
0
0
0
0
0
0
0
0
0
0
0
0
0
0
0
0
0
0
0
0
0
1
1
0
0
0
-1
1
1
0
0
0
0
0
0
0
0
0
0
0
1
0
0
0
0
0
0
0
0
0
0
0
0
0
0
0
0
0
0
0
0
0
0
0
0
0
0
0
0
0
0
0
1
0
1
0
0
0
0
0
0
1
0
0
1
-1
0
0
0
0
0
0
0
0
0
0
0
-1
0
-1
0
0
0
0
0
-1
0
0
0
0
0
0
0
0
0
0
0
0
0
0
0
-1
0
0
0
0
0
0
1
0
0
0
0
0
0
0
0
0
0
0
0
0
0
0
1
0
1
0
0
0
0
1
0
0
0
-1
0
0
0
0
0
0
0
0
0
0
0
0
0
0
0
0
0
0
0
0
0
0
0
0
0
0
0
0
0
0
0
0
0
0
0
0
0
0
0
0
0
0
