-57.585596
-96.347709
-129.014167
-152.458994
-176.841613
-179.342395
-174.966027
-126.044489
-83.687503
-3.506196
-17.104196
11.185895
-63.837550
-48.676562
-368.151398
-825.012917
-1211.227359
-1340.173905
-1054.928516
-830.952273
-423.012292
-257.179219
-250.458369
-399.411166
-344.081376
-277.966965
-90.877250
13.999274
260.795148
299.400962
213.280300
92.773891
64.171203
220.313748
293.617905
447.415967
582.614467
556.199962
427.722313
299.557261
167.015842
92.930190
-102.287065
-185.438050
-142.143270
-128.076374
-188.876624
-239.986346
-199.661245
-282.499632
-373.934455
-421.761901
-401.599350
-330.170779
-353.771904
-291.252367
-241.393036
-261.086690
-319.386159
-358.929766
-260.617794
-186.375843
-226.388347
-105.881939
-28.045115
-133.703133
-263.274874
-274.684689
-149.020419
-86.344583
7.434723
109.028971
189.366577
236.099931
201.401588
185.928002
212.029909
221.876736
272.673860
296.274985
343.320937
337.068984
315.656042
363.170890
301.589146
206.715748
150.604463
117.469109
136.537568
75.581019
49.322813
90.742006
23.220906
69.797961
54.636974
57.294054
32.755136
24.471297
86.521938
115.593523
120.438787
123.408465
142.789521
169.672922
134.818280
35.724814
40.413779
-3.349897
-13.665621
154.511935
-63.524952
-370.652179
-357.679375
49.635411
408.810153
360.357511
208.747633
64.796398
-48.989160
-211.696256
-65.713136
122.626970
302.370640
369.735442
486.490678
466.797024
204.996461
-30.702195
0.870171
232.505057
278.925814
269.078987
396.775142
267.672297
-14.134517
-121.668122
9.466608
186.865795
63.858605
-134.484627
-129.014167
-159.648741
-68.682814
-64.619044
-148.864120
-226.388347
-284.375218
-261.868184
-183.093567
-58.679688
-190.908509
-254.522139
-186.688441
-262.805977
-332.358963
-304.381470
-164.494005
53.542882
230.785770
283.458480
276.893929
128.566327
-132.921638
-113.384283
-141.674374
-75.403664
-104.162651
-67.745021
-62.587159
-161.055430
-167.307384
-152.146396
-141.049178
-129.951960
-140.736581
-188.407728
-320.011354
-565.087940
-626.982282
-636.203914
-488.345208
-417.229235
-360.023858
-311.258619
-352.208916
-492.721576
-511.633736
-473.809416
-507.413667
-576.185158
-494.128266
-365.181720
-336.891629
-333.296756
-156.991660
-120.886628
-184.187659
-145.269247
-124.481501
-185.281751
-235.922576
-198.254555
-129.483064
80.113685
96.212466
89.960512
177.018968
129.191522
83.239662
178.581956
371.298430
469.923000
294.399399
189.835473
114.655729
-113.540582
-256.241426
-221.543083
-304.850366
-377.060432
-193.409291
-40.236424
-40.549022
-232.015105
-397.535580
-256.241426
-135.109822
-87.594974
-22.574655
-126.044489
-318.448366
-287.813792
-76.341457
124.658855
197.494116
336.912685
135.130878
-18.198287
-40.549022
-127.451179
-57.898194
103.402213
208.747633
214.374392
184.208715
162.170578
261.264045
358.794523
345.978018
301.901744
280.645101
229.066483
356.137442
505.246539
550.573204
519.782332
558.544445
654.668233
833.630409
908.184957
1005.559137
882.083050
650.135567
475.862357
406.778268
441.476611
418.656980
371.142131
379.738568
343.008340
266.265608
111.217155
72.455042
68.391272
-86.344583
-119.323639
-67.588722
118.406902
349.260293
575.268421
574.174329
441.476611
145.915498
-102.287065
-209.195474
-76.497756
113.717936
268.297493
398.650728
351.135880
74.330628
-104.318950
-127.920075
-27.419919
136.537568
265.171516
256.262482
259.232160
31.661044
-136.203914
35.099618
185.615404
544.477549
838.006777
878.644476
604.652603
290.023032
132.161200
271.110872
578.394398
857.544132
989.772954
1041.195273
1074.486927
820.032410
632.786395
378.800775
375.674798
403.808590
503.839849
806.278111
913.030221
870.985833
655.449728
570.423157
413.342819
332.692616
375.987396
590.898305
805.965514
900.526314
661.389084
339.100869
148.259981
216.406277
439.288427
617.625407
655.137130
420.219968
123.095867
-4.287690
143.727314
309.872985
558.700744
700.620093
647.791084
358.325626
126.221844
81.520375
153.261544
313.780456
508.685114
585.271547
459.138380
393.805464
373.486614
440.226220
571.517249
809.560387
822.845789
768.922688
543.070859
470.548196
528.378768
539.319687
663.420969
755.637286
823.470984
712.186208
661.545382
625.596648
684.833910
849.885489
1036.975204
1075.112122
859.419718
697.337818
657.012716
650.135567
818.156824
890.523188
874.737005
825.502869
725.784207
621.063982
497.275298
412.873923
483.833598
670.454417
878.800775
936.318749
784.239975
563.546008
490.867045
611.373454
753.761700
955.074610
914.436911
640.445039
467.734817
422.095554
534.943319
717.812966
680.926439
650.760762
640.288740
590.273110
682.020531
748.760137
719.688552
616.062419
658.732003
691.867358
771.267171
784.083676
637.944257
594.962075
510.716999
487.428471
485.709184
356.137442
311.435973
341.757949
392.867671
312.061169
169.985520
19.469734
-226.544646
-423.012292
-380.030110
-254.991035
-167.151085
-116.979156
20.876423
-45.237987
-250.614668
-355.803789
-356.897881
-104.475249
172.486302
384.583832
481.020218
384.427533
112.780143
-170.745959
-383.937581
-433.640613
-338.610916
-193.252992
-93.534330
-56.178906
-135.891316
-310.789722
-488.345208
-647.144833
-578.685940
-395.503695
-353.303008
-439.736268
-546.488378
-734.359588
-989.595599
-1083.062307
-968.495255
-713.728141
-524.450241
-410.352085
-430.670935
-549.301757
-749.364277
-831.890066
-791.408666
-524.450241
-149.176718
89.335317
133.255292
-42.112010
-284.062620
-434.422107
-402.224546
-219.823795
-107.913824
-92.909135
-133.390535
-394.409603
-752.959150
-986.157025
-1025.075437
-1006.475874
-957.241739
-772.340207
-616.666559
-663.399913
-898.785971
-1097.441801
-1228.889128
-1252.646553
-1151.208603
-1097.441801
-1059.148584
-1107.132329
-1096.660307
-1092.127640
-1005.381782
-812.040113
-743.893817
-771.089816
-687.938831
-508.820357
-394.409603
-340.955399
-300.473999
-238.735955
-228.263933
-172.152648
-48.207665
-18.198287
-156.679063
-334.234549
-483.499944
-627.763777
-807.663745
-913.321764
-953.334267
-852.677812
-649.176718
-453.646865
-475.372404
-618.854743
-726.544646
-730.295818
-624.637800
-496.629047
-278.592161
-112.446490
-114.322076
-153.396787
-143.237362
-109.945708
-27.732517
-42.893505
-37.110447
-110.102007
-178.404602
-185.594349
-197.785658
-181.374280
-335.328641
-439.736268
-406.444614
-339.079813
-246.082001
-289.376781
-330.170779
-449.114199
-591.033548
-618.854743
-490.377093
-376.904133
-362.837237
-387.063558
-475.528703
-542.580907
-516.791598
-439.579969
-335.641238
-274.528391
-246.082001
-137.610604
-74.934768
-18.823483
-63.212354
-120.417731
-114.478375
-22.574655
139.663544
161.545382
31.192147
-152.458994
-295.159838
-257.804414
-204.506509
-173.403039
-198.254555
-329.701882
-413.321764
-449.270497
-418.479625
-449.739394
-485.062933
-456.460244
-358.460869
-287.032298
-308.601538
-438.173280
-508.351460
-473.027922
-449.895693
-400.192661
-355.647490
-432.702820
-475.997600
-455.366152
-505.381782
-575.091066
-508.507759
-398.160776
-314.853492
-247.332392
-360.023858
-495.378656
-571.339894
-541.174217
-351.427422
-161.680626
-74.153273
-80.092629
-186.375843
-340.486502
-425.669372
-426.138269
-266.244552
-18.823483
172.017405
148.103682
11.811091
-189.032923
-297.504321
-329.389285
-229.983220
-8.038863
-33.671873
-141.674374
-166.994786
-164.650304
-345.488065
-530.858494
-616.510260
-583.687503
-465.838175
-298.754711
-135.109822
-117.135455
-157.616856
-239.986346
-304.850366
-395.034799
-419.417418
-286.250804
-103.224858
51.354698
162.170578
122.470672
-5.850679
-148.082626
-281.092942
-320.480251
-242.018231
-78.842239
92.304995
184.052416
72.767639
-138.860995
-352.365215
-395.191098
-268.589035
-67.276124
144.665107
261.264045
79.801087
-252.021357
-505.381782
-580.561526
-402.224546
-117.916950
169.829221
241.414091
18.531941
-401.286753
-691.064808
-730.764714
-585.406790
-223.887565
115.280925
249.229034
147.009590
-135.266121
-342.362089
-370.652179
-192.315199
77.456605
259.701056
397.556636
322.376892
64.796398
-233.734392
-359.711260
-307.038550
-125.106696
14.780769
99.338443
61.670422
-154.490879
-347.207353
-457.554336
-477.404289
-455.991348
-366.901007
-143.081063
13.842975
79.801087
-20.386471
-183.875061
-349.239238
-402.380844
-350.645927
-215.603727
8.372516
234.224345
340.351259
162.014279
-59.773780
-130.889754
-66.963527
-7.257368
94.805776
172.486302
170.767014
87.928627
77.612904
135.912372
120.282488
-0.223920
-125.575593
-49.770654
10.248102
11.811091
31.661044
30.723251
-28.045115
-131.202351
-64.931642
34.161825
-13.353023
-90.408353
-61.493067
52.292491
107.934879
167.953635
235.943632
178.113060
111.373454
140.757636
223.908621
268.766389
283.458480
269.547883
230.629471
138.100556
132.317499
140.913935
99.025845
84.958949
125.127752
279.238412
407.403463
495.868608
413.342819
256.887677
118.250603
-31.639988
13.530378
242.508183
576.049915
723.752322
623.408465
429.754198
199.057105
-10.695943
-83.843802
146.696992
433.036473
655.606026
807.215905
713.436598
514.624470
320.970203
239.851103
269.391584
290.023032
305.340318
350.510684
289.710434
154.668233
50.260606
-68.526515
-152.302695
-117.291754
0.870171
54.011778
59.794835
4.465045
-46.800976
-144.487753
-252.646553
-194.190785
-48.363964
132.004901
282.364388
346.915811
295.337192
128.253729
-75.247365
-170.433361
-114.009478
-20.230172
195.931128
384.583832
390.523188
229.222782
51.667296
23.533504
131.692303
270.016780
405.527877
456.481300
322.064295
186.553197
154.668233
201.557886
220.470046
261.889240
287.834848
238.444413
143.102119
50.260606
57.294054
36.662607
119.188396
162.483176
139.194648
94.649478
32.129940
77.144007
83.083363
108.716373
125.909246
132.317499
83.864857
-7.101070
-36.797850
-20.073874
27.128377
39.163388
18.688240
-26.325827
-82.749710
-35.234861
88.866420
113.405339
55.887364
-75.091066
-224.512761
-335.953836
-333.296756
-70.714699
159.357199
206.872047
88.397524
-109.164214
-170.589660
-119.167340
25.096492
213.905495
271.736067
145.446602
27.909871
61.514123
160.138693
244.540068
258.606964
240.007402
163.889865
32.598837
-0.223920
74.643226
202.183082
194.680737
108.560075
33.692929
21.189021
34.787020
58.544445
99.182144
160.451291
95.743569
-27.732517
-99.004789
-153.709385
-219.980094
-192.940394
-45.081688
111.686051
209.372829
193.899243
170.454417
39.944882
-25.856931
33.380331
229.066483
361.607902
362.389396
269.704182
182.489427
171.704807
221.095242
321.439099
374.580706
385.365326
329.097743
295.024595
311.592272
281.426595
263.608527
333.786708
441.164013
581.989271
568.391272
475.393460
332.848915
252.198712
231.879862
265.796711
295.962388
210.466920
26.659481
-125.575593
-127.451179
8.528815
71.048352
-10.539644
-16.947897
21.501619
90.585708
213.124001
337.225282
292.367514
87.303432
-50.708447
-56.022608
117.469109
331.285926
410.529440
379.425970
223.752322
61.983019
38.850790
89.960512
138.413154
222.189334
281.739193
321.126502
245.790459
174.987083
87.928627
101.839224
187.178393
326.909559
479.769828
502.433160
446.478174
336.912685
141.851728
-150.114511
-360.336456
-337.047928
-45.863183
272.830159
478.519437
459.138380
180.926439
-122.762214
-317.041676
-282.030735
-4.287690
365.046477
583.083363
511.967389
295.493491
28.222469
-187.938831
-241.861932
-115.259869
168.578830
473.986770
692.492553
712.498805
586.365639
391.304682
147.165889
104.652603
283.771078
559.325939
732.505057
697.025220
503.839849
220.470046
35.568515
36.975204
195.618530
368.172453
458.669484
405.371578
325.190272
177.175267
41.820468
-27.732517
-119.167340
-202.318325
-274.840988
-284.375218
-261.399288
-272.809103
-302.662182
-353.459306
-378.310823
-394.253305
-429.733142
-393.002914
-356.585283
-304.694067
-245.769403
-188.720326
-164.962901
-175.747522
-251.708759
-186.844739
-31.014793
29.472860
2.276861
-89.939457
-153.865683
-139.329891
-112.446490
-64.150147
-20.542770
-58.992286
-126.200788
-234.828484
-283.593723
-305.944458
-270.620919
-167.776281
-103.693755
-58.523389
-175.747522
-362.055743
-469.276749
-461.461807
-352.208916
-251.239863
-108.226421
-35.860057
-61.336768
-144.800351
-208.882876
-197.473061
-269.214230
-307.194849
-74.309572
207.497242
378.019281
332.380018
175.612278
160.294992
320.813904
524.627596
675.455980
765.953010
691.085864
541.195273
428.347508
322.376892
349.885489
454.136817
574.643226
670.141819
571.829846
446.321875
463.514748
564.014904
615.906120
600.588834
568.860168
561.357824
681.551634
820.188709
869.110246
812.686364
538.069296
338.944570
477.894241
822.845789
978.988333
895.681050
690.304370
461.795461
304.402525
310.498180
371.298430
328.628846
306.121813
242.039287
162.639474
149.041475
114.186833
63.858605
51.979893
-8.664058
-60.242676
-116.041363
-107.288628
-42.112010
-62.430860
-149.020419
-239.673749
-376.122639
-421.761901
-359.711260
-222.480876
-144.956649
-144.487753
-242.956024
-370.652179
-434.265809
-497.723139
-436.766590
-360.805352
-291.252367
-262.649678
-261.399288
-283.906321
-359.867559
-449.895693
-535.234861
-560.242676
-555.084814
-533.984471
-528.201413
-581.030422
-800.473999
-932.546521
-932.077625
-863.775030
-806.257056
-851.427422
-963.806290
-1126.669685
-1202.318325
-1200.599038
-1115.728766
-1018.979782
-1003.193598
-1023.512448
-1073.684377
-1078.529641
-1013.353023
-922.230798
-848.926640
-816.260182
-798.911010
-783.124827
-745.925702
-661.211729
-564.150147
-493.503070
-476.153899
-516.010104
-533.828172
-538.048241
-489.595599
-423.012292
-357.679375
-353.771904
-393.471810
-407.226109
-435.047303
-443.800038
-445.363026
-450.364589
-410.820982
-418.010729
-469.589347
-532.421482
-617.135455
-672.465246
-662.462120
-652.771592
-617.760651
-565.713136
-537.110447
-524.137643
-496.003852
-465.369278
-438.798475
-405.975718
-434.891004
-497.410541
-515.541207
-549.145458
-519.761276
-437.391785
-417.854430
-428.951648
-445.519325
-442.080751
-458.648428
-419.573717
-369.714386
-293.753148
-252.646553
-236.860369
-242.487128
-285.313011
-317.666871
-321.105446
-298.911010
-264.056368
-194.659682
-174.966027
-203.099819
-257.335518
-288.595286
-296.410229
-305.006665
-330.952273
-336.891629
-353.615605
-321.730641
-279.373655
-245.144208
-250.458369
-300.317700
-320.323952
-350.020732
-331.421170
-465.056681
-736.860369
-777.810666
-622.918512
-335.484940
-254.522139
-198.254555
-239.361151
-280.936643
-382.687190
-437.391785
-362.524639
-237.641864
-122.762214
-118.854743
-166.369591
-267.963839
-360.180157
-644.644052
-830.639675
-864.400226
-490.377093
-138.392098
-32.890379
-290.314574
-696.535268
-936.141395
-910.508384
-640.580282
-424.418981
-295.316137
-311.883814
-428.013855
-529.451804
-566.025734
-641.986971
-687.782533
-721.699382
-583.374905
-255.616231
145.759199
318.469421
76.518812
-274.528391
-578.842239
-521.011667
-163.868809
252.511309
565.577893
578.550697
296.431284
-29.764402
-280.936643
-383.156087
-269.995724
18.688240
324.565076
491.335942
437.256542
166.859543
-193.721889
-496.472748
-643.706259
-535.234861
-403.943833
-303.599975
-191.221107
-122.449616
-139.955086
-257.491817
-382.687190
-467.713761
-396.597787
-204.975405
11.654792
136.068671
218.907058
164.671359
54.480675
-21.636862
-113.540582
-26.482126
-13.040426
26.034285
33.536630
-23.825046
-62.899757
-169.182970
-194.347084
-190.752211
-232.484002
-223.887565
-239.830047
-231.858806
-207.788784
-304.225171
-454.740957
-591.502445
-598.535893
-512.415230
-400.036362
-352.521513
-340.799100
-318.135768
-350.333330
-402.224546
-380.186409
-330.483377
-229.670623
-127.607478
-98.692192
-33.515574
-46.488378
-109.945708
-124.637800
-93.690629
-7.882564
60.576330
179.050853
274.862044
337.068984
377.862982
275.799837
115.124626
-15.228609
-33.984471
115.593523
269.704182
312.061169
244.852666
129.504120
55.418468
-21.167965
-79.780032
-153.865683
-70.714699
130.285614
345.821719
510.873297
569.954260
459.450978
204.058668
-48.676562
-121.199225
13.842975
208.435035
320.188709
373.642913
375.518499
241.414091
159.044601
73.080237
102.308121
167.641037
273.924251
420.376267
469.297805
441.789209
363.796086
331.754823
341.445351
349.885489
387.553510
469.297805
480.863920
494.774517
403.808590
399.744820
484.771391
445.696680
393.180268
422.251853
559.013341
783.458480
908.497555
931.317186
846.759512
698.119312
649.041475
620.282488
673.111497
830.817030
1104.496305
1233.286552
1108.403776
875.831097
694.680737
687.334692
877.706683
1155.137130
1322.064295
1347.072110
1321.751697
1300.963951
1291.273422
1217.187771
1122.939568
1199.526001
1386.303119
1575.424720
1760.482550
1838.475673
1767.359699
1643.258418
1588.866420
1582.458168
1685.771703
1833.943007
1974.455667
2063.233410
2144.039912
2062.451916
1916.312497
1893.805464
1857.544132
1860.826408
1775.799837
1750.792022
1758.763263
1762.045539
1654.668233
1379.269671
1042.289365
699.057105
497.744195
433.817968
491.648540
496.493804
325.659168
81.676674
-125.888191
-305.631860
-414.728453
-423.012292
-362.837237
-265.306759
-312.665308
-403.318638
-442.862245
-460.055118
-470.683439
-518.198287
-486.625921
-387.845052
-219.667497
-42.893505
40.570078
71.517249
-36.016356
-131.514949
-112.446490
19.782332
191.711059
296.587583
268.453791
89.647915
-25.544333
-73.371779
-129.170466
-188.876624
-241.549335
-301.099194
-461.149210
-566.182032
-622.137018
-738.892254
-928.639050
-1140.423983
-1334.390848
-1414.728453
-1423.481188
-1338.767215
-1187.469935
-1116.353961
-1198.410854
-1316.729078
-1384.406477
-1424.731579
-1341.111698
-1135.578719
-965.056681
-921.918200
-866.744708
-780.155149
-619.948834
-515.072311
-424.418981
-401.286753
-326.732204
-159.492442
-7.257368
149.979268
210.466920
275.643538
318.938318
309.560387
245.790459
245.008965
480.707621
744.227471
854.105558
752.355010
490.241850
322.533191
316.437536
518.219343
801.589146
1019.469734
1039.163388
972.423782
812.061169
660.294992
671.079612
772.830159
1000.088677
1262.358136
1574.174329
1807.528502
1851.292178
1661.545382
1403.808590
1185.146508
1049.948008
853.167764
758.294367
819.094617
983.521000
1025.565389
871.611028
562.608215
106.371891
-342.205790
-568.526515
-443.487440
-176.372717
-83.062307
-261.399288
-543.049804
-879.404914
-1163.868809
-1261.868184
-1134.172029
-946.926015
-873.621857
-900.974155
-922.855993
-900.974155
-907.382407
-872.996662
-840.486502
-757.804414
-576.028859
-348.457744
-48.051367
157.950509
170.298118
36.193710
-133.390535
-201.693130
-108.226421
90.429409
293.774204
444.915186
414.280612
198.431910
-91.658744
-277.810666
-331.264871
-309.539331
-259.992598
-249.833173
-271.089816
-403.787534
-598.692192
-733.890691
-879.092317
-1142.612167
-1474.590910
-1637.766903
-1490.377093
-1164.181407
-890.971029
-942.549647
-1302.349585
-1787.657493
-2063.056055
-1929.889441
-1422.074499
-883.624983
-635.422420
-716.541520
-1074.778469
-1403.474936
-1432.546521
-1105.881939
-698.098256
-400.192661
-302.662182
-369.558087
-325.638112
-279.998850
-324.387722
-412.696568
-411.446177
-333.765652
-89.939457
138.882050
245.946758
214.686989
-17.885690
-263.431173
-312.040113
-288.907884
-172.152648
57.606652
255.480987
347.697305
308.622594
305.340318
287.522250
336.756386
324.408777
401.776705
507.903619
637.475361
833.786708
888.960200
912.248727
862.858293
781.270297
833.005214
1056.043663
1335.349696
1478.206839
1488.209965
1418.344382
1392.086176
1490.710747
1571.048352
1458.825783
1107.153385
724.533816
587.303432
719.688552
973.830472
1108.560075
915.062106
459.450978
-60.711573
-337.516824
-295.785033
-67.276124
64.014904
-117.760651
-477.716887
-841.893192
-974.434611
-865.025421
-668.245177
-575.872561
-713.571842
-912.696568
-967.870060
-905.506821
-797.504321
-712.790347
-727.795036
-820.636549
-850.958525
-721.699382
-406.757212
-89.157962
37.912997
-56.335205
-257.648115
-359.086065
-288.595286
-101.661870
108.716373
247.197149
245.321563
148.103682
6.965826
-58.367090
-103.224858
-157.147959
-118.229547
-86.813480
-216.697819
-570.089503
-926.763464
-1016.010104
-907.538706
-772.183908
-803.131079
-1003.349897
-1216.072623
-1374.090754
-1398.317075
-1335.484940
-1237.798162
-1179.342395
-1271.246115
-1347.988847
-1331.264871
-1239.830047
-1074.153273
-940.830360
-865.963214
-933.015418
-996.003852
-943.800038
-777.966965
-591.658744
-475.841301
-327.044802
-205.913198
-116.041363
-117.448053
-57.429297
4.777643
-3.037300
14.780769
129.035223
295.962388
483.989896
529.472860
443.821094
312.686364
260.638849
468.516311
720.313748
914.280612
964.765139
938.038036
941.789209
1014.311872
1194.524438
1422.877049
1689.522875
1917.562888
2090.898305
2260.326251
2373.017718
2254.074298
2024.940193
1958.669484
1864.421281
1649.666670
1428.503807
1453.980518
1655.606026
1677.800462
1378.488177
859.732316
350.041788
-46.800976
-190.439613
-68.682814
101.839224
-1.630610
-434.265809
-967.713761
-1404.412729
-1680.280188
-1733.265496
-1568.213917
-1336.110135
-1257.179219
-1335.641238
-1376.435236
-1419.730016
-1406.757212
-1323.449929
-1122.137018
-731.858806
-345.488065
-48.363964
209.841725
400.682613
456.950196
464.608840
505.559137
701.714185
991.335942
1186.865795
1278.769515
1234.224345
1126.221844
945.384082
796.587583
715.468483
633.411591
491.179643
357.387833
179.207152
-37.110447
-319.386159
-643.237362
-890.658431
-1059.617481
-1134.640926
-1135.735018
-1188.720326
-1364.869122
-1567.432423
-1681.061682
-1720.917887
-1759.680000
-1903.318638
-1967.557462
-1835.484940
-1565.087940
-1304.694067
-1197.629360
-1235.297381
-1371.902570
-1477.247990
-1420.980407
-1070.714699
-643.862558
-318.760963
-224.356462
-315.947584
-482.562151
-617.760651
-557.741895
-329.545583
-78.373342
56.043663
65.108996
5.715436
-130.889754
-284.062620
-343.768778
-243.268622
-53.834424
71.673548
124.346258
141.851728
112.623844
69.329065
75.268421
171.704807
294.243101
420.688865
581.676674
774.862044
903.183394
975.237161
1071.048352
1249.697930
1568.234973
1928.191209
2286.428158
2573.392835
2826.753260
3113.561638
3458.044288
3647.478487
3416.468796
2726.096805
1867.234660
1488.522563
1963.045851
2795.337192
3174.205589
2661.076486
1401.464107
-3.037300
-941.611854
-1034.765965
-481.155462
50.885801
-38.360838
-833.453055
-1904.412729
-2742.956024
-3105.569341
-2997.254242
-2608.851617
-2255.147334
-2052.896631
-1991.002289
-1983.343645
-2077.279250
-2203.881313
-2211.852554
-1871.589972
-1220.605290
-443.800038
183.114623
564.014904
700.307496
617.156511
689.835473
1001.964263
1518.531941
2003.370953
2221.407839
2254.855792
2127.941131
1929.285301
1709.529127
1563.546008
1482.739506
1390.679487
1254.699493
1029.472860
712.342507
204.683863
-351.114824
-802.662182
-1037.423045
-1129.483064
-1170.902257
-1249.520576
-1426.763464
-1734.046990
-2086.969779
-2329.389285
-2338.610916
-2146.050741
-1983.656243
-1953.334267
-2050.239550
-2093.690629
-1892.377718
-1558.367090
-1214.353336
-973.653117
-943.800038
-955.991348
-827.201101
-596.972904
-275.153586
1.964263
178.738255
241.101494
189.991772
151.698555
128.878924
177.800462
193.430347
192.179956
245.790459
251.104620
156.700118
-8.038863
-182.937268
-307.820044
-323.293630
-224.981657
-70.245802
95.899868
130.441913
110.123063
77.769202
91.210903
188.116186
345.978018
586.209340
896.306245
1178.581956
1359.107121
1551.979893
1746.103057
1978.519437
2321.282800
2810.341881
3318.469421
3821.126502
4137.944257
4091.992397
3564.171203
2494.149321
1707.340944
1960.232472
3028.535067
3789.397836
3406.465670
2067.922375
575.893616
-425.200476
-748.426484
-411.133580
21.814216
-14.447115
-679.654993
-1738.892254
-2606.194536
-3077.122951
-3191.064808
-2926.607165
-2512.258931
-2194.659682
-2133.703133
-2229.045427
-2370.652179
-2464.431485
-2440.048866
-1991.002289
-1121.199225
-289.689378
257.825470
456.481300
509.310309
533.067733
774.705745
1243.445976
1909.591647
2406.778268
2524.158699
2378.800775
2154.043038
2043.070859
1981.801713
1964.608840
1875.518499
1699.526001
1417.250290
1088.397524
705.777955
240.945195
-188.876624
-497.566840
-656.991660
-793.440551
-1035.703758
-1355.178594
-1779.686252
-2179.029797
-2366.275812
-2374.403352
-2290.158275
-2264.837862
-2250.302070
-2207.319888
-2251.083564
-2323.137331
-2241.236737
-1969.901945
-1568.995412
-1218.104508
-962.399600
-769.683126
-723.262370
-699.661245
-573.371779
-256.710322
134.974579
390.210590
504.777643
476.331253
386.772016
327.691053
322.533191
469.454104
574.174329
506.809528
408.184957
317.687927
190.148071
39.475986
-39.298631
-22.887253
1.339068
-50.552148
-111.508697
-94.472123
-148.864120
-217.948209
-197.473061
-53.521826
171.235911
373.642913
576.049915
719.844851
840.351259
1075.424720
1466.015529
1961.639162
2387.240912
2798.306870
3232.036161
3719.844851
4070.892053
4125.752947
3978.519437
3434.443163
2615.593523
2287.834848
2903.964889
3802.214342
3793.461606
2638.413154
1139.819843
138.413154
-135.735018
79.644789
424.596336
269.704182
-611.039800
-1780.467747
-2661.680626
-2969.120451
-2902.224546
-2686.375843
-2454.897256
-2398.473373
-2595.722514
-2862.212042
-2879.873811
-2735.922576
-2582.124514
-2247.019794
-1614.634674
-843.612479
-338.142020
-190.127015
-94.941020
126.847039
549.791709
1225.315311
1955.543507
2397.712935
2360.201212
2029.316561
1796.274985
1902.089302
2240.476298
2498.056792
2508.841412
2150.604463
1621.845476
1141.695429
832.536317
658.419406
425.690428
88.397524
-376.278938
-793.909447
-1071.965090
-1343.456181
-1582.749710
-1820.167653
-2101.349272
-2380.342708
-2548.051367
-2539.611229
-2551.802539
-2555.397412
-2589.626859
-2483.656243
-2212.790347
-1875.028547
-1691.533705
-1764.368966
-1856.428985
-1764.525265
-1304.694067
-715.603727
-276.872873
-158.554649
-234.359588
-262.805977
-89.783158
232.348759
530.254354
612.467546
550.573204
365.671672
186.865795
80.895179
57.919249
106.684488
126.690740
139.663544
57.919249
-85.094192
-345.488065
-555.397412
-650.896005
-554.772217
-323.137331
-174.497131
-150.739707
-239.204852
-247.644990
-93.221732
192.648852
550.573204
851.448477
1069.954260
1284.239975
1454.918312
1679.519749
2009.935504
2512.592585
3144.977705
3801.276548
4308.778893
4377.394085
4003.527252
3263.608527
2345.352822
2024.471297
2939.288427
4244.383769
4437.881738
3008.372516
1096.368765
-130.108259
-308.132642
151.698555
774.862044
922.564451
-67.745021
-1674.028234
-2916.447740
-3218.104508
-2908.007603
-2504.756587
-2224.512761
-2240.142645
-2657.929453
-3227.326140
-3430.670935
-3187.157337
-2804.537769
-2237.954461
-1451.927578
-785.781907
-661.524327
-932.546521
-968.182658
-503.975093
320.345007
1220.001150
2025.409090
2419.125876
2172.642600
1672.955198
1515.249665
1939.132128
2616.375017
3005.246539
2941.320312
2396.775142
1629.660418
1074.643226
882.239349
964.921437
943.195898
650.604463
124.815154
-523.825046
-1180.123889
-1747.019794
-2133.077937
-2180.592786
-1967.088566
-1899.880063
-2221.230485
-2754.678437
-3192.315199
-3244.987909
-2883.781282
-2476.153899
-2184.031360
-2043.987597
-2059.773780
-2069.308009
-2046.957275
-1920.667809
-1565.400538
-1059.930079
-532.421482
-228.107634
-226.388347
-441.768153
-579.154836
-409.257994
9.466608
517.594148
772.204964
619.657292
192.492553
-202.787221
-288.438988
-78.373342
220.313748
362.389396
210.779518
-194.659682
-606.350835
-807.038550
-760.461495
-516.479000
-230.608416
-73.215480
-170.902257
-381.593098
-496.003852
-312.352711
76.987708
461.795461
799.088365
1032.598837
1164.046164
1272.517561
1485.240287
1811.904870
2301.120250
2916.625095
3461.013966
3931.942382
4271.579768
4334.255604
4169.360325
3726.096805
3023.377205
2846.134317
3650.604463
4532.129940
4174.674485
2588.241225
1046.353135
325.659168
422.251853
887.240912
1171.079612
699.369703
-640.736581
-2009.758150
-2709.039175
-2703.881313
-2446.613417
-2359.242364
-2490.533392
-2908.789097
-3367.995099
-3599.161088
-3362.055743
-2932.702820
-2584.468997
-2160.430235
-1633.390535
-1277.029172
-1268.589035
-1265.619357
-905.350522
-230.921013
568.547571
1326.753260
1807.215905
1859.576017
1586.521938
1491.961137
1825.659168
2463.358449
2952.261231
2981.801713
2547.447227
1874.580706
1372.548821
1338.944570
1553.855479
1600.745132
1243.602275
584.177455
-110.414605
-687.001038
-992.408978
-1095.722514
-1156.053867
-1286.250804
-1647.457431
-2146.832236
-2612.290191
-2919.261120
-3001.161713
-2865.025421
-2624.950397
-2508.820357
-2555.553711
-2559.617481
-2400.974155
-2137.141707
-1819.542457
-1555.710010
-1309.383033
-1083.374905
-913.009166
-803.912573
-703.256118
-521.480563
-276.716574
-52.584033
98.556949
164.046164
173.267796
192.023657
195.462231
234.536942
261.264045
239.538505
147.947383
-1.161713
-168.088878
-297.035424
-362.368341
-429.733142
-467.713761
-510.070748
-528.670310
-533.046678
-537.735643
-524.762839
-431.921326
-303.756274
-175.434924
6.965826
171.704807
373.017718
636.224970
964.765139
1349.729190
1725.471609
2078.550697
2404.902682
2786.740756
3247.822344
3879.269671
4341.914248
4390.679487
3921.782957
2867.859856
2120.907683
2840.194960
4381.926752
4836.443788
3459.138380
1550.573204
441.476611
343.946133
820.970203
1318.938318
1139.507246
-148.864120
-1630.889754
-2404.881626
-2470.214543
-2339.861307
-2258.742207
-2258.585909
-2540.392723
-3103.537456
-3491.002289
-3403.943833
-3045.237987
-2777.966965
-2434.265809
-1880.967903
-1566.807228
-1632.765340
-1746.550898
-1389.720638
-628.545271
221.095242
987.428471
1468.828909
1373.799212
1089.491616
1248.134942
1859.419718
2591.210903
3154.980831
3231.567264
2772.204964
2068.703870
1681.864232
1875.831097
2208.903932
2187.959887
1697.337818
971.642288
258.919562
-288.751585
-568.839113
-662.462120
-830.795974
-1160.430235
-1694.659682
-2213.571842
-2571.183595
-2690.283314
-2657.147959
-2550.708447
-2555.397412
-2682.780970
-2863.149835
-2899.254868
-2689.658119
-2478.029485
-2271.871310
-2083.218606
-1827.357400
-1511.790035
-1237.641864
-1075.716262
-947.394911
-813.915699
-520.542770
-82.280813
235.631034
287.209653
201.870484
148.416280
247.353447
455.543507
580.269984
591.210903
447.259668
184.833910
80.738880
122.001775
159.357199
71.673548
-119.011041
-299.067309
-335.797537
-300.317700
-313.603101
-390.502132
-523.825046
-551.021045
-440.986659
-277.498069
-114.009478
61.514123
298.150572
611.529753
926.315623
1213.905495
1529.003963
1909.904245
2321.126502
2748.760137
3349.572891
4025.877986
4384.740131
4274.705745
3549.010215
2551.823594
2544.946445
3855.199649
5000.401275
4432.254979
2499.150884
931.786083
518.063044
1027.284676
1743.914873
1856.762638
849.260293
-857.835674
-2055.866309
-2282.030735
-2066.963527
-1929.107947
-2012.571529
-2406.444614
-3132.765340
-3751.865058
-3742.956024
-3293.753148
-2994.597162
-2870.339582
-2558.679688
-2167.463683
-2022.887253
-2072.433986
-1801.880688
-1087.907572
-191.690004
569.016467
1052.136192
1104.183707
923.502244
1058.075548
1702.026783
2556.043663
3179.676048
3343.477236
2977.269046
2348.635098
1956.168702
2154.043038
2645.602900
2808.309996
2376.768890
1611.686051
858.638224
334.255604
77.769202
-1.474311
-157.616856
-631.046052
-1306.725952
-2000.536518
-2498.660932
-2734.672186
-2703.725015
-2583.843802
-2694.815980
-3056.022608
-3404.725327
-3478.810979
-3280.467747
-2888.001351
-2443.174843
-2263.118575
-2281.405540
-2262.493380
-2113.853180
-1734.359588
-1253.896943
-820.949147
-475.841301
-339.079813
-316.260182
-272.496506
-96.035111
220.938943
593.086489
819.563513
794.555698
605.902994
383.489740
384.271234
497.431597
557.919249
520.407527
320.032410
-30.233298
-295.472436
-379.404914
-287.032298
-171.371154
-262.180782
-455.835049
-613.540582
-678.717200
-589.157962
-348.457744
-68.057618
217.031472
418.031784
517.906745
638.725751
964.296242
1563.389709
2309.247789
2828.159950
3088.084926
3281.895492
3471.017092
3699.526001
3489.772954
2774.705745
2801.120250
3953.824220
4888.647602
4324.721375
2672.798899
1444.602588
1217.812966
1656.856417
2218.125564
2232.036161
1060.576330
-614.478375
-1570.245802
-1649.020419
-1467.088566
-1440.517762
-1684.187659
-2303.599975
-3295.785033
-3881.593098
-3546.175780
-2925.669372
-2743.893817
-2861.117950
-2776.403977
-2610.258306
-2556.178906
-2442.393348
-1923.950085
-1173.715637
-519.604977
-75.716262
231.879862
295.806089
396.931441
868.641350
1570.110559
2154.199337
2481.645414
2559.169640
2375.205901
2038.538193
1915.531003
2270.798274
2662.795773
2609.341569
2071.986145
1348.947696
799.557261
507.903619
352.229971
209.685426
-0.380219
-394.253305
-989.908197
-1641.049178
-2074.153273
-2174.809728
-2153.084189
-2216.072623
-2488.032611
-2848.614042
-3232.484002
-3368.932892
-3140.111385
-2838.767215
-2619.792536
-2567.745021
-2580.248928
-2500.536518
-2339.079813
-2051.021045
-1581.030422
-1142.768466
-857.210479
-674.028234
-561.961964
-474.122014
-244.987909
89.491616
461.170265
645.759199
566.515686
434.755761
383.020844
445.227783
636.068671
731.879862
650.760762
446.321875
169.204026
55.105870
78.550697
133.567890
91.367202
-44.925390
-234.828484
-442.237050
-461.461807
-303.756274
-112.133892
6.340631
115.124626
267.359699
361.451603
569.172766
939.913623
1366.453166
1812.686364
2275.018343
2861.451603
3277.050228
3339.413466
3288.616342
3077.144007
2560.576330
2627.784832
3808.309996
4790.804526
4243.914873
2514.624470
1280.176205
1289.085239
2007.747321
2626.534442
2472.580081
1170.923313
-545.706884
-1474.903508
-1380.030110
-963.962589
-931.608728
-1415.978844
-2271.246115
-3156.522764
-3585.094192
-3338.298319
-2930.983533
-2865.650616
-3002.568403
-2925.200476
-2749.364277
-2625.731892
-2491.158588
-2055.553711
-1385.969466
-787.813792
-345.956962
-95.409916
2.276861
152.792647
678.269359
1402.714498
1990.085551
2158.732003
2096.681362
1866.453166
1675.768577
1817.844226
2294.555698
2699.213404
2608.560075
2070.266858
1427.566014
1043.227158
969.297805
938.975829
754.543194
406.621969
-105.413042
-676.997912
-1245.456806
-1634.953523
-1872.684064
-1991.314886
-2094.159525
-2283.124827
-2570.402101
-2869.089191
-2931.608728
-2811.571216
-2581.186721
-2368.776593
-2328.451492
-2366.744708
-2441.611854
-2329.232986
-1885.969466
-1367.213605
-1043.362401
-1013.196724
-1105.569341
-1061.961964
-724.356462
-305.788159
97.150259
354.261856
365.202775
281.426595
253.761700
370.048040
489.772954
587.928627
542.445664
383.020844
186.240600
12.905182
-14.447115
49.479112
116.062419
60.420031
-144.487753
-426.763464
-563.837550
-455.366152
-189.970716
37.912997
120.282488
118.875798
129.191522
267.828596
541.820468
840.038662
1095.430972
1445.540381
1895.524751
2389.272797
2860.513810
3249.854229
3460.232472
3500.088677
3513.999274
3225.784207
2831.911122
3322.064295
4420.063669
4611.373454
3355.043351
1837.068984
1308.622594
1633.567890
2090.898305
2142.789521
1456.793898
-44.456493
-1245.456806
-1492.096381
-1175.122326
-1075.559963
-1426.294568
-2221.386784
-3075.403664
-3533.202976
-3454.740957
-3045.550585
-2852.208916
-2919.417418
-2971.777531
-2918.323326
-2828.607790
-2627.763777
-2309.070435
-1708.101382
-1017.260494
-488.032611
-212.946646
-92.909135
46.353135
396.618843
1036.506308
1712.342507
2157.325314
2236.568827
2078.550697
1929.910497
1960.076173
2222.814529
2565.890490
2598.088052
2227.503494
1619.500994
1176.550071
1044.477549
1079.488490
936.006151
503.058355
16.812653
-425.044177
-818.135768
-1157.929453
-1411.446177
-1589.314261
-1757.960713
-2019.292379
-2329.389285
-2605.881939
-2805.631860
-2933.953211
-2989.439300
-2890.189535
-2623.231110
-2487.094818
-2568.526515
-2657.616856
-2459.898819
-1947.238613
-1391.127328
-1051.958838
-961.774405
-1001.630610
-876.122639
-506.319575
-86.500882
223.752322
308.778893
241.101494
242.351885
413.342819
683.114623
822.376892
778.613216
646.071797
495.868608
448.822657
414.280612
329.566639
200.151197
94.805776
13.686677
-67.432423
-156.679063
-175.122326
-179.342395
-175.434924
-193.721889
-197.004164
-102.599663
68.703870
301.432847
570.266858
876.612591
1235.005839
1586.053041
1899.744820
2201.870484
2627.941131
3024.783895
3214.374392
3312.998962
3068.078674
2518.844538
2685.146508
3775.956136
4407.872360
3646.071797
2145.446602
1509.779206
1775.330940
2250.792022
2379.113372
1858.169327
626.065545
-562.118262
-1076.028859
-1024.762839
-893.940707
-1111.196099
-1813.603101
-2552.271435
-2931.765027
-3030.077000
-2957.866934
-2926.450866
-2954.428359
-3021.167965
-2958.804727
-2866.744708
-2734.984783
-2592.909135
-2196.378969
-1571.027296
-1124.325202
-900.817856
-676.216418
-466.463370
-196.222670
376.456292
1083.083363
1620.907683
1733.755448
1665.921750
1673.424095
1838.944570
2118.719499
2448.353760
2569.641663
2285.334066
1847.384707
1515.405964
1469.141506
1496.181206
1333.943007
908.341256
332.380018
-210.602164
-497.879438
-651.364902
-937.391785
-1388.470247
-1807.820044
-2030.545896
-2110.727203
-2294.690941
-2623.231110
-2907.538706
-2996.629047
-2902.380844
-2828.920388
-2906.288316
-3010.852242
-2857.210479
-2512.571529
-2145.112948
-1994.753461
-1938.798475
-1864.712823
-1593.378031
-1159.805040
-780.624045
-544.769091
-445.206728
-333.921951
-71.496193
248.603838
499.150884
605.121500
518.375642
495.243413
597.619156
734.536942
812.061169
716.406277
509.310309
396.931441
410.998337
413.655417
365.359074
277.206527
222.033035
223.752322
150.917061
3.214654
-77.591848
18.688240
291.742319
589.647915
762.670734
737.194023
787.053354
1027.597274
1498.056792
2166.078049
2792.211216
3045.727940
2899.275923
2886.928315
2903.027096
2679.988646
2811.904870
3709.841725
4345.821719
3713.124001
2257.981769
1485.083988
1768.297493
2382.083050
2615.749821
2267.047102
1214.843288
-92.440238
-800.317700
-725.606853
-362.368341
-443.643739
-1189.814417
-2167.151085
-2861.117950
-3121.668122
-2931.139832
-2572.590285
-2483.031048
-2816.416481
-3124.637800
-3237.329266
-3145.738144
-2892.846615
-2375.028547
-1747.488691
-1372.684064
-1244.831610
-1124.637800
-817.666871
-362.680938
263.764826
942.883301
1341.289052
1375.987396
1347.228408
1523.064607
1946.947071
2392.555073
2686.553197
2744.383769
2443.039599
1980.863920
1764.077424
1877.862982
1996.806402
1837.381581
1453.199024
987.584770
519.626033
105.590397
-125.106696
-283.593723
-572.121388
-971.464933
-1455.678750
-1936.141395
-2266.869747
-2407.226109
-2399.880063
-2429.264246
-2580.717825
-2863.775030
-3106.350835
-3090.408353
-2780.936643
-2477.247990
-2352.990410
-2354.240801
-2316.103883
-2006.944771
-1558.210791
-1177.466809
-945.519325
-804.068872
-633.703133
-371.121076
-97.754399
143.102119
321.751697
478.519437
592.773891
708.591334
735.162138
713.749196
696.087427
600.276236
506.340631
454.449415
382.551947
303.621031
190.148071
82.770765
89.647915
128.253729
109.185270
-23.981345
-136.360213
-134.172029
40.882675
331.129628
469.454104
528.691366
631.379706
974.455667
1436.631347
1799.088365
2165.140256
2633.724188
2973.986770
3099.807339
3148.885176
2890.054292
2454.605714
2830.660731
4119.813591
4714.061794
3790.023032
2156.856417
1411.310934
1767.047102
2634.349384
3073.080237
2462.889553
792.680112
-754.365840
-1040.549022
-399.411166
76.675111
-340.173905
-1467.401163
-2625.106696
-3164.962901
-2994.284564
-2421.136706
-2268.901632
-2689.501820
-3290.470873
-3443.018544
-3251.083564
-2950.677187
-2560.711573
-2094.472123
-1679.342395
-1507.569966
-1258.585909
-975.216105
-694.972279
-238.423358
483.364701
1164.983957
1495.556011
1534.787020
1626.534442
1859.732316
2147.634785
2512.748884
2762.827033
2677.175267
2342.226845
2122.470672
2140.288740
2208.278737
2143.258418
1876.612591
1290.804526
584.958949
194.993335
171.235911
63.858605
-440.361463
-1020.542770
-1521.480563
-1911.289879
-2146.988534
-2349.082939
-2515.072311
-2652.927890
-2913.946959
-3224.981657
-3434.891004
-3468.182658
-3202.474624
-2893.159213
-2781.405540
-2789.845677
-2737.954461
-2491.471185
-2015.853805
-1554.928516
-1251.239863
-1116.510260
-1037.579344
-814.853492
-341.736893
82.614467
317.531628
470.391897
526.659481
568.860168
679.832347
819.563513
877.706683
814.405651
722.658230
751.573516
819.250915
817.844226
715.312185
554.324376
375.362200
312.686364
319.094617
263.295930
161.076486
121.220281
104.496305
175.924876
284.083676
436.475048
617.312810
800.495054
1045.415342
1371.298430
1718.438161
2117.469109
2516.343757
2623.564764
2686.084301
2753.136505
2494.618218
2272.361262
3040.570078
4017.281550
3892.242475
2633.411591
1656.231222
1794.868296
2435.224657
2777.362825
2441.476611
1473.361575
158.575704
-438.173280
-200.755337
203.277174
-16.479000
-900.817856
-1913.009166
-2446.457118
-2440.361463
-2214.353336
-2146.207040
-2491.158588
-2972.559025
-3151.364902
-2970.214543
-2761.711885
-2520.230172
-2237.016668
-1953.646865
-1802.505884
-1651.052304
-1365.338019
-1017.573092
-683.406165
-172.152648
426.628221
752.980206
871.767327
1004.152447
1331.754823
1683.583519
1970.704495
2154.043038
2236.568827
2138.256855
2006.340631
1999.932378
1997.275298
1881.926752
1608.091178
1315.343444
1060.420031
770.173079
477.112747
207.809840
-71.027296
-378.936018
-769.214230
-1210.758462
-1634.640926
-1955.835049
-2177.779407
-2269.214230
-2396.441488
-2693.409291
-2956.616543
-3017.104196
-2895.191098
-2751.865058
-2760.305196
-2810.633423
-2747.488691
-2579.623733
-2314.853492
-2032.108884
-1840.642801
-1599.786284
-1329.076687
-1023.981345
-688.564027
-409.101695
-211.383658
16.187458
258.919562
472.736380
634.036786
691.242163
762.670734
900.838912
990.398149
981.489115
910.842038
738.444413
668.109934
647.634785
639.663544
650.604463
667.172141
603.245914
444.915186
360.201212
331.911122
405.058980
533.224032
586.990834
623.877361
733.599149
877.237786
1070.423157
1246.884551
1520.094929
1949.135254
2411.623532
2582.927064
2632.473798
2509.466608
2023.689803
1981.645414
3059.169640
4036.975204
3594.649478
2107.622282
1298.463169
1646.853291
2378.488177
2822.689490
2528.066170
1379.113372
-16.635299
-502.412104
-96.347709
338.631972
53.855479
-815.478688
-1794.222045
-2305.788159
-2305.162964
-2027.419919
-1926.763464
-2267.338644
-2714.978531
-2918.792223
-2880.655305
-2762.337081
-2538.360838
-2247.957587
-1964.744083
-1795.941332
-1640.892879
-1365.025421
-1041.017919
-675.591223
-72.277687
485.709184
735.474735
796.900181
928.347508
1215.781081
1554.949571
1864.108684
2100.276236
2163.420969
2046.509434
1957.731691
1993.680425
2054.168077
2037.912997
1818.938318
1415.218405
1115.749821
961.482863
751.573516
338.631972
-156.991660
-469.120451
-678.560901
-953.021670
-1341.893192
-1715.447428
-2053.209228
-2460.367715
-2723.887565
-2798.442114
-2939.579969
-3103.693755
-3049.770654
-2952.865371
-2941.299256
-2937.860682
-2803.131079
-2568.370216
-2299.536206
-2116.197662
-1912.227672
-1706.850991
-1546.644677
-1136.203914
-643.862558
-267.963839
-7.413667
90.429409
189.522875
396.775142
587.303432
798.932066
992.430034
1042.289365
1052.917686
1152.323751
1189.991772
1211.092116
1212.967702
1099.807339
953.980518
895.524751
898.963326
899.275923
861.607902
725.471609
627.472235
561.357824
545.102744
589.022719
695.462231
862.858293
1025.409090
1142.945820
1299.244663
1526.659481
1925.690428
2306.121813
2440.069921
2470.704495
2200.932691
1792.523813
2207.809840
3477.581644
3904.277486
2929.754198
1679.050853
1492.898930
2027.597274
2524.940193
2655.762325
2161.857980
975.080862
-53.834424
-100.255180
313.155261
362.076799
-215.447428
-1147.613730
-1949.739394
-2212.165152
-2086.969779
-1864.400226
-2056.804102
-2558.835987
-2936.766590
-2964.275186
-2877.060432
-2727.326140
-2458.023233
-2196.847865
-2024.293942
-1946.300819
-1727.169841
-1432.546521
-1153.709385
-728.732829
-137.141707
304.558824
532.442538
722.814529
1040.570078
1309.560387
1571.360950
1884.583832
2071.360950
2049.322813
1922.564451
1977.581644
2098.088052
2127.628533
2043.696055
1777.206527
1387.866108
1119.344695
995.556011
765.327814
327.847352
-91.033548
-323.137331
-498.035737
-791.408666
-1114.478375
-1441.455555
-1828.451492
-2136.047615
-2298.754711
-2412.227672
-2606.663433
-2711.071060
-2700.130141
-2725.919450
-2881.593098
-2996.316449
-2900.974155
-2630.420857
-2273.746896
-2031.014793
-1967.870060
-1936.610291
-1716.541520
-1239.517450
-741.705633
-464.744083
-321.105446
-179.654993
83.239662
444.602588
853.011466
1072.923938
1082.770765
988.053666
937.725439
1096.993960
1248.916436
1296.587583
1189.991772
953.824220
760.482550
710.466920
753.761700
777.831722
646.071797
456.793898
310.498180
255.637286
336.756386
491.492241
614.968327
587.459731
618.875798
844.883926
1187.959887
1604.652603
1907.559762
1906.153072
1839.257167
1980.238724
1892.242475
1667.641037
2355.981144
3554.011778
3529.785457
2314.874548
1511.967389
1998.056792
2642.320625
2811.904870
2608.403776
1984.771391
748.760137
29.941756
392.086176
793.461606
442.101806
-384.093880
-1223.418669
-1840.173905
-1960.836612
-1730.452117
-1559.148584
-1955.678750
-2547.738769
-2893.315512
-2942.862245
-2847.676249
-2638.392098
-2349.864433
-2183.093567
-2131.202351
-2021.011667
-1718.104508
-1401.130454
-1094.941020
-713.415543
-254.053242
-7.569966
134.036786
423.502244
875.518499
1259.075861
1515.093366
1684.365014
1808.309996
1821.595398
1837.381581
1988.835161
2119.032097
2098.088052
1904.277486
1674.361888
1478.519437
1361.920500
1205.621656
885.521625
394.274360
-57.429297
-343.925077
-561.024171
-789.689378
-1095.722514
-1526.951023
-1951.302382
-2288.751585
-2644.800351
-2826.888503
-2737.485565
-2716.541520
-2922.387096
-3296.566527
-3471.152336
-3180.123889
-2721.543083
-2437.860682
-2260.148897
-2381.124202
-2480.686565
-2166.525890
-1513.665621
-966.932267
-639.955086
-577.435549
-514.759713
-180.749085
291.273422
759.544757
1039.632285
1023.220906
1035.568515
1168.422532
1282.833285
1447.103369
1532.911434
1480.395023
1344.258730
1204.840162
1056.512560
991.961137
926.003025
911.310934
879.269671
683.896117
380.051166
236.099931
293.774204
546.822031
780.488802
778.925814
742.351885
880.207464
1286.897055
1789.241538
2091.679799
1902.558199
1886.459418
2049.166514
1794.086802
1542.133066
2475.549759
3617.312810
3273.924251
1823.783582
1179.832347
1807.997399
2446.634473
2673.892991
2466.797024
1644.508809
187.178393
-327.826296
323.939881
787.834848
245.477861
-654.803477
-1426.763464
-1852.521513
-1845.644364
-1552.896631
-1480.217668
-2006.788472
-2603.068559
-2813.603101
-2722.011979
-2652.771592
-2429.889441
-2155.584971
-2048.207665
-2054.928516
-1938.642176
-1661.055430
-1409.257994
-1036.954149
-477.873186
-17.104196
51.354698
123.095867
437.569140
900.682613
1252.198712
1461.013966
1596.525064
1635.912372
1668.109934
1827.691053
2099.182144
2160.763888
1978.519437
1707.497242
1536.506308
1375.049603
1212.811403
1022.439412
756.262482
429.441600
87.459731
-218.260807
-576.185158
-969.433048
-1294.690941
-1531.014793
-1800.942895
-2175.122326
-2547.113573
-2739.830047
-2745.456806
-2717.791910
-2901.911948
-3238.892254
-3491.471185
-3279.686252
-2800.942895
-2392.690316
-2280.780344
-2332.046365
-2288.907884
-2018.041989
-1449.739394
-912.696568
-656.835362
-559.304883
-355.178594
14.155573
494.149321
828.159950
932.880175
925.377830
977.894241
1092.304995
1278.300618
1403.027096
1448.041162
1374.737005
1207.497242
1056.043663
957.106495
919.125876
840.976455
757.512872
581.832972
363.952385
220.313748
183.114623
222.345633
378.644476
502.276861
560.263732
592.148696
775.018343
1115.280925
1501.339068
1838.788271
1985.240287
2044.477549
2237.037724
2104.652603
1601.214029
2016.812653
3395.368452
3834.880800
2702.183082
1480.395023
1601.214029
2354.261856
2771.736067
2617.625407
2058.388146
771.579768
-210.289566
138.882050
799.557261
612.154948
-321.574342
-1213.102945
-1827.982595
-1880.499006
-1623.231110
-1535.391160
-2040.549022
-2682.312073
-2970.214543
-2849.551835
-2707.632486
-2511.321138
-2304.850366
-2299.692504
-2300.786596
-2166.525890
-1833.921951
-1518.667184
-1177.154211
-739.830047
-310.477125
-164.650304
-120.730329
140.913935
706.559449
1236.881425
1491.492241
1589.022719
1596.837661
1625.752947
1789.554135
2041.507871
2135.130878
2008.372516
1757.981769
1604.965201
1465.077736
1302.058043
1144.039912
855.512247
480.082425
143.883613
-162.931016
-514.916012
-880.030110
-1167.932579
-1403.006040
-1723.887565
-2170.589660
-2627.920075
-2778.123264
-2647.926327
-2667.151085
-2977.716887
-3343.612479
-3433.796912
-3081.343020
-2691.846302
-2468.338956
-2397.379281
-2495.534955
-2424.262683
-2002.255805
-1440.986659
-1088.063870
-952.865371
-897.066684
-698.254555
-252.646553
242.820781
565.265295
713.436598
734.693241
809.560387
1010.873297
1177.175267
1294.086802
1426.315623
1415.374704
1299.557261
1212.342507
1137.319062
1119.500994
1083.864857
985.396586
823.002088
558.075548
361.295304
375.205901
509.310309
562.920812
497.431597
466.953322
520.251228
676.237474
960.857668
1286.897055
1632.004901
1832.223719
1890.210590
2056.512560
2309.716686
2160.607589
1705.934254
2070.423157
3351.292178
3671.235911
2564.327502
1391.304682
1482.114310
2148.416280
2608.403776
2600.119937
2005.246539
678.113060
-258.273311
98.088052
755.793585
601.995523
-303.756274
-1292.659056
-1917.698131
-1856.428985
-1520.855368
-1362.212042
-1885.031673
-2606.507134
-2924.418981
-2782.030735
-2534.922264
-2290.001976
-2149.020419
-2211.696256
-2277.498069
-2095.722514
-1740.767840
-1423.012292
-1152.927890
-829.076687
-470.839738
-305.162964
-195.910072
169.672922
678.269359
1084.646352
1251.260919
1291.742319
1353.792960
1518.688240
1695.149634
1823.314685
1848.635098
1716.875173
1517.594148
1314.093054
1158.575704
1104.027408
1067.453479
822.533191
445.227783
105.746695
-131.983845
-388.782845
-634.015730
-913.009166
-1209.351773
-1636.672811
-2146.988534
-2401.755649
-2345.800663
-2309.383033
-2592.596537
-3053.834424
-3346.582157
-3215.916324
-2905.819419
-2656.679063
-2570.870998
-2620.886628
-2644.331454
-2368.307697
-1840.330204
-1362.524639
-1104.006352
-1040.549022
-913.946959
-524.293942
40.570078
501.651666
773.767952
869.110246
875.987396
1019.313435
1159.669796
1293.774204
1491.335942
1558.231847
1539.163388
1446.947071
1328.316248
1224.221219
1167.797336
1083.239662
984.146195
833.161513
580.582582
348.478799
272.361262
385.365326
406.934567
263.921125
72.767639
162.795773
458.044288
775.487239
982.739506
1140.445039
1380.832660
1618.094304
1728.753885
2012.592585
2325.346570
2017.281550
1632.942694
2389.897993
3577.925501
3435.849853
2115.906120
1348.947696
1807.215905
2332.848915
2482.583207
2299.400962
1620.907683
353.011466
-54.615918
531.504745
843.633535
182.645726
-740.767840
-1441.768153
-1781.718137
-1704.819106
-1506.163276
-1617.604352
-2220.136393
-2736.235174
-2804.381470
-2625.106696
-2588.220169
-2470.839738
-2376.591535
-2390.345834
-2359.242364
-2146.050741
-1805.475562
-1486.000726
-1152.146396
-780.624045
-397.848178
-213.884439
-6.475874
384.583832
861.607902
1173.424095
1296.587583
1418.500681
1514.468171
1643.883613
1789.085239
1999.932378
2066.984582
1940.382519
1697.963013
1520.563826
1503.839849
1465.077736
1296.900181
963.358449
492.898930
73.861731
-194.972279
-390.345834
-684.656556
-1076.654055
-1524.293942
-2077.122951
-2325.794411
-2302.662182
-2354.553398
-2637.923201
-3008.038863
-3225.606853
-3260.617794
-3098.066996
-2839.705008
-2645.894442
-2613.853180
-2600.098881
-2357.366778
-1947.707509
-1563.368653
-1167.307384
-915.822545
-770.464621
-495.534955
-149.801914
203.746070
525.877986
741.570390
875.205901
997.431597
1057.762950
1185.146508
1379.894867
1439.913623
1411.779831
1306.747008
1130.129315
1007.122125
944.758887
898.494429
835.662294
656.074923
380.832660
198.431910
160.607589
243.133379
362.701994
308.778893
209.060231
153.105245
250.479424
479.144632
734.068046
907.090865
1091.992397
1338.006777
1522.752010
1682.645726
2146.540694
2475.706058
2106.840787
1641.070234
2363.483488
3505.871734
3389.272797
2367.703557
1829.566639
2122.001775
2355.199649
2528.691366
2381.614154
1673.736692
499.307183
157.012716
571.048352
770.173079
207.184645
-595.878813
-1282.968528
-1655.741270
-1599.629985
-1524.606540
-1757.179219
-2337.204227
-2632.452742
-2628.701570
-2530.858494
-2548.207665
-2526.013230
-2429.733142
-2370.495880
-2241.861932
-2014.290816
-1765.775655
-1593.221732
-1253.115449
-796.722826
-351.583720
-152.927890
-11.633736
378.957074
854.261856
1225.002713
1358.794523
1340.351259
1346.446914
1577.612904
1842.539443
1976.174954
1912.405026
1743.758574
1569.954260
1465.390334
1386.928315
1311.279674
1123.721062
785.177768
402.870797
55.887364
-181.217981
-469.901945
-761.868184
-1121.980719
-1530.545896
-1881.436799
-2053.834424
-2291.408666
-2554.303320
-2571.339894
-2631.983845
-2746.082001
-2927.076062
-2978.185784
-2826.888503
-2563.212354
-2374.090754
-2169.808166
-2016.010104
-1959.586221
-1603.068559
-1116.822858
-714.197037
-442.862245
-336.266434
-240.142645
135.912372
527.597274
830.973329
1024.314998
1059.951134
1090.898305
1202.495679
1292.680112
1345.821719
1416.156198
1310.498180
1150.135567
1053.386583
991.961137
956.012403
872.236223
733.755448
586.678236
422.564451
270.485676
220.626345
239.069609
171.704807
79.488490
52.292491
191.867358
428.816405
654.043038
814.561950
1006.028033
1325.971766
1622.783269
1734.849540
1972.580081
2366.453166
2206.872047
1786.115561
2298.932066
3384.271234
3380.832660
2443.664795
1835.193397
2120.595086
2463.983644
2652.792647
2534.005526
1951.948633
862.389396
296.118687
592.930190
823.314685
395.993648
-434.891004
-1240.924139
-1709.195474
-1614.634674
-1472.402726
-1541.486815
-2080.405227
-2624.637800
-2859.398663
-2798.598412
-2659.336143
-2525.544333
-2370.495880
-2399.880063
-2366.275812
-2173.403039
-1768.589035
-1413.946959
-1112.290191
-722.949772
-346.894755
-128.232673
19.157136
469.297805
1015.562263
1393.336567
1484.927689
1523.220906
1576.831409
1767.359699
1922.877049
2060.420031
2024.471297
1795.180894
1598.244351
1424.440037
1306.278111
1166.390647
902.245601
487.897367
105.590397
-193.721889
-348.301445
-556.335205
-908.163902
-1367.369904
-1674.340832
-1871.433673
-2205.600601
-2580.405227
-2761.868184
-2823.606227
-2934.109510
-3052.740332
-3102.755962
-3007.569966
-2865.025421
-2695.441176
-2399.567465
-2102.130766
-2067.432423
-2008.195161
-1692.784095
-1243.112323
-825.012917
-518.823483
-396.597787
-266.869747
-15.072311
292.836411
622.314373
803.464732
863.639787
875.362200
942.414404
1069.641663
1257.669171
1308.309996
1153.417843
944.915186
767.203401
698.900806
692.023657
682.176830
622.001775
464.139943
215.155886
37.444101
31.661044
134.661981
213.905495
113.092741
-28.357712
-11.164839
224.221219
564.952697
873.174016
1027.753573
1225.002713
1526.346883
1830.660731
2073.705432
2472.111184
2655.762325
2190.616967
1885.521625
2696.712622
3631.692303
3309.091491
2270.485676
1855.668546
2133.880487
2367.547258
2513.686677
2385.834223
1658.419406
558.231847
300.963951
632.004901
673.736692
95.743569
-600.255180
-1262.649678
-1659.336143
-1661.055430
-1582.124514
-1802.036987
-2315.322389
-2510.852242
-2524.450241
-2510.227046
-2474.747209
-2325.169216
-2247.019794
-2309.695630
-2161.055430
-1869.714386
-1626.825984
-1499.755024
-1154.021982
-713.884439
-340.173905
-176.060119
60.888927
473.674173
843.164638
1115.124626
1224.064920
1319.563513
1365.515373
1464.296242
1581.364076
1670.767014
1609.028971
1506.028033
1340.820156
1121.376580
928.347508
781.582894
645.134004
407.090865
116.531316
-229.514324
-610.258306
-1002.568403
-1306.882251
-1461.774405
-1595.722514
-1954.897256
-2328.607790
-2484.125140
-2532.265183
-2531.639988
-2540.861620
-2551.333642
-2702.162026
-2726.075749
-2596.816606
-2265.463058
-1990.845990
-1863.931329
-1770.620919
-1600.411479
-1313.603101
-890.971029
-450.051992
-286.407103
-185.125452
-97.754399
134.661981
466.015529
742.039287
854.887052
865.359074
837.537880
871.454729
1032.129940
1125.284051
1161.076486
1120.126189
1038.225595
894.274360
738.444413
617.000212
507.903619
420.688865
268.297493
171.392210
93.555386
63.702307
80.113685
139.507246
153.105245
195.774829
316.906433
468.828909
674.518186
892.398774
1172.642600
1484.771391
1745.790459
1929.597899
2105.902994
2454.605714
2645.915498
2333.474110
2038.225595
2611.998649
3387.397211
3158.575704
2270.173079
1815.812341
1942.883301
2131.223407
2373.330315
2253.449102
1522.283113
504.621344
199.682300
437.256542
476.643851
-3.506196
-636.829110
-1296.410229
-1717.948209
-1702.787221
-1563.368653
-1772.183908
-2237.172967
-2543.674999
-2616.510260
-2555.553711
-2508.195161
-2377.841926
-2324.544020
-2292.346459
-2091.971342
-1806.569653
-1545.706884
-1321.730641
-979.279875
-572.277687
-253.115449
-88.689066
120.595086
532.129940
886.146820
1108.403776
1207.028346
1310.654479
1383.020844
1517.906745
1706.246852
1825.346570
1833.630409
1671.548508
1443.664795
1252.198712
1137.006464
1093.399087
952.261231
634.349384
279.394710
-38.673436
-306.100757
-546.957275
-831.733767
-1173.403039
-1559.930079
-1849.082939
-1931.452429
-2008.507759
-2179.811291
-2351.896318
-2445.363026
-2516.479000
-2567.588722
-2482.093255
-2308.445240
-2125.106696
-1962.243301
-1829.076687
-1698.410854
-1556.960401
-1298.754711
-947.394911
-637.766903
-457.710635
-368.463995
-285.313011
-58.679688
220.626345
450.698243
562.295617
551.510997
566.828283
709.216530
838.631972
952.730128
949.291553
806.747008
633.411591
511.498493
508.841412
539.007089
520.876423
381.770453
232.348759
142.320625
172.955198
228.128690
245.946758
183.739818
148.259981
249.229034
418.969578
596.837661
731.254667
965.859231
1228.441287
1477.894241
1621.376580
1723.283426
1930.535692
2290.491928
2574.330628
2340.820156
1931.160887
2168.891428
2974.143069
3202.495679
2682.802025
1974.768265
1724.221219
1708.747633
1916.625095
2070.110559
1727.659793
799.088365
74.955823
101.682925
257.512872
88.553823
-402.693442
-971.621232
-1496.785346
-1694.034486
-1662.305821
-1653.396787
-1920.355211
-2247.801288
-2360.805352
-2305.162964
-2288.438988
-2173.090441
-2030.702195
-1973.653117
-1851.583720
-1658.398350
-1430.202039
-1236.860369
-953.490566
-574.465871
-241.236737
-100.411479
4.777643
242.664482
515.249665
759.388458
888.491303
926.315623
986.646977
1052.605089
1158.419406
1277.206527
1304.089928
1185.771703
1015.249665
899.119624
823.470984
770.641975
658.419406
389.897993
60.732628
-257.804414
-496.003852
-601.505571
-642.924764
-896.754086
-1465.212980
-1932.390222
-1940.205165
-1670.902257
-1618.542145
-1892.690316
-2305.475562
-2554.772217
-2445.519325
-2071.652492
-1795.472436
-1905.194224
-2165.275499
-2146.363339
-1767.963839
-1293.596849
-974.122014
-923.481188
-928.326452
-811.102320
-524.762839
-219.980094
-0.067622
99.338443
170.141819
293.305307
420.063669
557.919249
665.609152
753.292804
769.860481
825.815467
810.185583
687.959887
570.735754
505.871734
559.169640
552.761387
411.936130
213.280300
117.938005
151.229659
239.069609
243.602275
143.727314
67.609778
98.244351
287.053354
417.562888
511.029596
643.414717
784.083676
974.455667
1254.230597
1520.720125
1702.964576
1823.158387
2099.651040
2345.196523
2086.209340
1674.518186
2052.448790
2944.133691
3054.011778
2346.915811
1702.339381
1696.400025
1822.376892
2060.732628
2092.461294
1664.046164
698.431910
98.869546
310.967077
501.026470
224.846414
-301.099194
-835.953836
-1309.695630
-1349.551835
-1231.546209
-1251.708759
-1588.220169
-1869.401789
-1983.499944
-2015.228609
-2030.702195
-1885.813167
-1673.871935
-1666.994786
-1621.824421
-1472.246427
-1285.625608
-1180.123889
-944.581532
-577.748147
-349.708134
-300.630297
-255.303633
41.038974
437.256542
723.283426
833.161513
880.988959
859.888615
958.669484
1107.778580
1207.184645
1181.551634
1095.743569
991.961137
888.803901
821.439099
725.627908
584.958949
306.278111
133.567890
-20.230172
-293.596849
-597.285502
-876.904133
-1081.186721
-1367.213605
-1629.795662
-1762.180782
-1756.241426
-1844.862870
-2095.566215
-2242.956024
-2302.036987
-2178.873498
-2073.684377
-1978.967278
-1987.094818
-1891.127328
-1800.942895
-1630.577156
-1422.230798
-1283.437425
-1085.406790
-910.352085
-743.112323
-541.017919
-325.638112
-232.952898
-58.210791
105.434098
232.973954
285.802963
292.211216
308.153698
392.242475
516.812653
629.816717
656.387521
566.203088
515.874860
508.685114
549.948008
577.925501
534.474423
477.269046
488.678862
529.941756
519.313435
511.811091
520.251228
539.319687
485.396586
499.307183
637.944257
869.735442
974.924563
977.894241
1057.606652
1262.670734
1540.570078
1807.215905
1956.793898
2096.837661
2310.498180
2236.099931
1868.485051
1928.660106
2662.170578
2974.924563
2503.996148
1892.867671
1748.134942
1754.543194
1867.547258
2069.641663
1958.356886
1220.001150
442.727002
386.615717
590.116811
436.318749
26.659481
-433.953211
-897.691879
-1144.956649
-1113.853180
-1079.623733
-1327.513698
-1670.902257
-1886.438362
-1902.224546
-1918.948522
-1940.205165
-1863.618731
-1833.296756
-1774.840988
-1571.183595
-1365.806915
-1211.696256
-1027.107321
-743.893817
-498.192035
-411.602476
-361.274249
-161.524327
146.853291
436.787646
616.218718
701.245289
735.787333
764.233723
865.046477
991.804839
1081.364076
1038.694492
917.875486
839.413466
863.639787
911.936130
784.708871
503.839849
192.805151
-26.794724
-75.247365
-126.513386
-408.320201
-818.604664
-1173.403039
-1346.738456
-1295.159838
-1254.365840
-1466.775968
-1854.084502
-2154.647178
-2140.423983
-1915.353648
-1780.311448
-1909.570591
-2071.965090
-2103.224858
-1923.637487
-1565.713136
-1378.154524
-1398.473373
-1406.444614
-1222.168278
-893.784408
-573.371779
-433.171717
-346.894755
-243.893817
-42.893505
195.149634
407.247164
570.423157
608.403776
635.756073
660.451291
710.310622
780.176205
817.062732
850.979581
922.720750
915.374704
832.536317
703.120875
656.856417
674.987083
650.760762
562.139318
476.487552
413.968015
366.922063
387.397211
486.490678
606.840787
612.154948
629.660418
724.846414
885.052729
1061.201525
1272.673860
1403.964889
1501.182769
1672.642600
1953.667921
2267.984895
2125.596648
1682.802025
1724.846414
2405.527877
2651.698555
2333.786708
1885.209027
1770.173079
1696.243726
1790.023032
1928.972704
1714.061794
1052.605089
451.948633
424.752635
527.909871
370.829534
-83.062307
-568.370216
-1067.119825
-1170.589660
-1138.704696
-1231.077312
-1518.198287
-1792.346459
-1962.243301
-2070.402101
-2079.936331
-2110.258306
-2078.529641
-2067.901320
-2026.169528
-1872.840363
-1697.316762
-1523.043552
-1296.722826
-948.489003
-626.357087
-445.831923
-371.121076
-175.434924
110.748258
369.735442
523.533504
634.349384
722.814529
831.754823
1024.158699
1188.116186
1222.345633
1130.285614
1021.657918
986.803276
963.045851
822.533191
599.494742
400.682613
237.194023
109.966764
-45.863183
-270.308322
-571.965090
-860.180157
-986.625921
-1076.185158
-1294.690941
-1547.113573
-1727.482439
-1855.491191
-1872.684064
-1902.068247
-1962.087003
-2081.499319
-2136.516512
-2052.271435
-1881.905696
-1738.735955
-1666.213292
-1555.866309
-1457.241739
-1297.816918
-1061.024171
-786.407103
-638.548397
-491.783783
-332.984158
-137.298006
86.365639
222.658230
282.364388
340.976455
436.787646
556.512560
689.835473
752.042413
864.421281
907.716061
859.107121
818.313122
718.907058
629.035223
587.147133
554.636974
513.061481
421.626658
365.515373
361.920500
357.075236
354.418155
343.320937
365.984270
380.988959
406.778268
510.404401
636.693866
750.010528
865.515373
1028.378768
1227.816092
1371.923626
1454.918312
1627.628533
1922.720750
2030.566952
1732.661356
1443.352197
1891.773579
2591.054604
2505.090240
1828.472547
1501.651666
1685.928002
1801.589146
1839.569765
1786.271859
1425.065232
661.545382
324.096180
487.272172
526.034285
146.384395
-306.257056
-674.184533
-943.643739
-1069.620607
-1164.806603
-1331.421170
-1645.581845
-1840.799100
-1868.620294
-1857.991973
-1895.503695
-1844.081376
-1743.424921
-1675.903820
-1667.619982
-1591.033548
-1504.756587
-1394.097006
-1154.021982
-767.494943
-510.070748
-484.281438
-416.135143
-160.742833
153.105245
314.718249
378.644476
507.122125
612.936442
736.881425
899.432222
1039.163388
1019.157136
885.052729
753.449102
664.358762
634.505683
516.812653
342.539443
142.476924
-54.928516
-252.490254
-356.585283
-455.835049
-754.053242
-1166.838487
-1425.669372
-1443.174843
-1475.372404
-1650.270810
-1939.267372
-2076.654055
-2011.164839
-1890.814730
-1801.099194
-1856.116387
-1956.929141
-1951.614980
-1790.470873
-1584.156399
-1367.526202
-1251.396162
-1133.234236
-918.010729
-678.092004
-440.986659
-319.542457
-252.490254
-121.042926
83.239662
250.479424
393.336567
486.334379
586.678236
691.867358
750.323126
814.874548
797.837974
765.015217
769.078987
800.651353
762.201838
611.060856
429.910497
331.442225
356.137442
371.923626
322.845789
224.846414
160.451291
194.055542
260.795148
307.215905
325.815467
384.896430
468.516311
557.294054
689.991772
761.576642
813.311559
930.066795
1155.137130
1366.296867
1556.825157
1722.501931
1855.824845
1852.698868
1645.134004
1601.839224
2038.538193
2536.975204
2390.835786
1841.289052
1521.032722
1581.051478
1703.589771
1815.499743
1761.420343
1368.328752
669.985520
355.355948
446.634473
433.505370
3.214654
-385.656868
-755.772529
-1140.423983
-1278.592161
-1213.884439
-1250.927265
-1570.558400
-1753.740644
-1834.547146
-1822.512136
-1849.239238
-1758.898506
-1673.403039
-1641.830673
-1591.346146
-1462.555899
-1280.467747
-1124.012604
-949.739394
-747.176093
-572.433986
-463.181095
-292.502758
13.530378
305.652916
483.052103
543.383457
550.260606
545.727940
597.619156
704.996461
823.627283
750.479424
605.746695
519.000837
490.554448
447.884864
312.061169
146.384395
-118.073248
-321.105446
-446.769716
-525.075437
-725.606853
-911.758775
-1059.930079
-1144.331454
-1256.397725
-1388.001351
-1581.968216
-1739.986346
-1842.830985
-1874.559650
-1823.918825
-1791.877562
-1778.279563
-1746.550898
-1594.472123
-1485.219231
-1345.331767
-1261.086690
-1191.064808
-1030.858494
-807.507447
-627.451179
-409.257994
-217.635612
-92.752836
55.731065
208.278737
355.824845
498.838287
570.735754
612.936442
665.452854
692.179956
707.966139
728.910184
731.098368
717.656667
740.163701
777.831722
753.605401
681.551634
580.582582
487.115873
419.125876
382.239349
362.389396
348.478799
339.100869
379.269671
483.052103
545.727940
557.450353
519.938630
583.395961
787.991147
983.989896
1062.764513
1084.802650
1164.515060
1348.635098
1633.255292
1912.248727
2012.905182
1948.978955
1780.332503
1712.498805
2043.852353
2529.472860
2536.818905
2018.688240
1559.169640
1614.343132
1825.190272
1853.011466
1667.328440
1322.220593
819.407214
472.736380
471.173391
515.093366
255.793585
-175.434924
-536.485252
-770.308322
-875.810041
-1005.850679
-1181.843176
-1445.050429
-1636.360213
-1741.549335
-1799.379907
-1883.624983
-1930.983533
-1918.323326
-1867.995099
-1787.344896
-1599.786284
-1387.376156
-1248.895380
-1118.542145
-923.481188
-708.257681
-573.996975
-475.372404
-304.537769
-95.253617
66.515686
180.613841
259.075861
291.429721
388.960200
492.898930
581.832972
615.280925
500.713873
322.376892
208.435035
243.289678
257.200275
148.416280
-112.915387
-402.849741
-578.373342
-679.498694
-714.665934
-710.133267
-824.387722
-1122.918512
-1400.348960
-1503.506196
-1461.930704
-1394.409603
-1438.329578
-1592.752836
-1676.997912
-1692.784095
-1543.987597
-1308.445240
-1203.568716
-1166.056993
-1102.599663
-1004.756587
-821.730641
-616.197662
-441.142958
-255.928828
-102.599663
-32.577781
96.368765
221.251541
364.733879
545.884238
656.074923
693.899243
700.307496
785.802963
874.580706
923.971141
956.793898
887.709809
776.425032
647.009590
512.279987
473.830472
462.420656
412.405026
323.939881
256.106183
247.040850
271.267171
220.313748
152.792647
91.054604
84.958949
109.810465
186.396899
279.551009
335.193397
350.666983
433.349071
592.773891
771.267171
917.719187
1018.219343
1161.545382
1341.445351
1561.514123
1763.139631
1781.739193
1598.869546
1524.940193
1872.861419
2289.397836
2149.354073
1635.287177
1416.312497
1531.973641
1617.000212
1645.602900
1519.938630
1167.641037
675.455980
530.410653
693.430347
646.384395
205.152760
-276.560276
-544.925390
-712.321451
-774.840988
-847.051054
-1021.324264
-1325.950710
-1475.841301
-1524.450241
-1559.304883
-1594.003226
-1642.299569
-1627.920075
-1602.287065
-1520.073874
-1375.028547
-1281.561839
-1247.957587
-1121.668122
-906.757212
-677.466809
-498.660932
-309.695630
-36.172654
105.121500
133.724188
157.950509
291.898618
365.359074
355.355948
352.542569
441.632910
531.817342
517.594148
456.325001
392.242475
293.305307
180.301244
74.486927
-88.063870
-230.452117
-432.546521
-573.996975
-641.986971
-727.638738
-856.428985
-980.373967
-1112.915387
-1212.321451
-1273.590598
-1370.652179
-1471.777531
-1578.998538
-1588.845365
-1493.503070
-1380.499006
-1320.949147
-1263.274874
-1222.480876
-1158.398350
-1049.458056
-929.420544
-720.917887
-483.343645
-314.228297
-170.745959
-14.290816
88.553823
241.257793
464.139943
603.089615
663.577267
711.248415
758.763263
821.751697
840.820156
855.981144
839.257167
771.892366
747.353447
704.371266
669.360325
649.822969
560.888927
435.068358
336.443788
303.777330
306.590709
332.223719
285.802963
196.556323
199.526001
197.650415
187.647289
215.937380
324.252478
428.816405
575.893616
726.878299
879.425970
1008.841412
1142.633222
1259.701056
1322.845789
1372.392522
1545.727940
1705.934254
1652.323751
1596.368765
1835.505995
2073.080237
1908.028658
1575.737317
1531.504745
1672.173704
1645.759199
1559.013341
1499.776080
1255.012091
788.616342
612.623844
632.473798
561.045226
230.160575
-60.555274
-312.977906
-528.514011
-677.623108
-798.598412
-956.460244
-1186.219544
-1326.732204
-1380.186409
-1438.016981
-1559.617481
-1611.039800
-1627.451179
-1639.329891
-1534.297068
-1374.247053
-1231.233611
-1173.559338
-1053.678125
-812.509010
-645.738144
-585.563089
-465.838175
-259.367403
-110.570904
36.506308
176.081175
226.565701
276.893929
368.953948
505.090240
665.296555
670.767014
571.986145
433.661669
318.469421
254.230597
207.028346
93.711684
-54.147021
-257.804414
-463.493692
-626.513386
-706.069497
-803.912573
-927.388659
-1103.224858
-1256.241426
-1313.603101
-1312.040113
-1237.954461
-1277.498069
-1360.805352
-1417.072936
-1380.186409
-1282.499632
-1063.993849
-935.985096
-826.888503
-736.078875
-637.766903
-462.868497
-247.957587
-43.518700
84.646352
186.396899
237.350322
367.078362
536.975204
683.270922
793.617905
839.257167
898.025533
913.811716
949.291553
1002.902056
986.959574
951.323438
819.407214
730.004276
669.672922
663.264670
634.818280
541.664170
423.502244
317.062732
281.739193
273.299055
274.549446
241.101494
194.680737
134.818280
81.989271
117.938005
211.092116
282.520687
381.926752
494.774517
606.528190
719.375955
866.922063
989.616655
1101.214029
1210.154323
1374.268108
1615.124626
1714.374392
1650.917061
1699.526001
1844.727627
1892.867671
1767.359699
1625.752947
1602.464420
1562.451916
1462.108058
1370.048040
1221.251541
981.489115
694.680737
514.624470
356.137442
128.097430
-92.596537
-302.818481
-538.829735
-735.453680
-841.424296
-957.085440
-1142.143270
-1276.560276
-1333.453055
-1374.872248
-1437.704383
-1490.220794
-1477.716887
-1483.499944
-1452.396474
-1316.729078
-1168.245177
-1078.217043
-988.032611
-835.016043
-671.527453
-623.543708
-566.494630
-398.004477
-169.808166
-19.917575
24.314998
99.807339
230.004276
320.501306
391.148383
380.051166
349.103995
308.466295
277.519124
211.873610
109.497868
-42.424608
-175.747522
-302.193286
-412.696568
-484.594036
-590.408353
-794.222045
-972.090129
-1079.311135
-1194.972279
-1274.840988
-1377.685627
-1449.895693
-1445.363026
-1377.216731
-1377.373030
-1359.867559
-1345.644364
-1325.012917
-1232.952898
-1020.073874
-779.998850
-609.789410
-474.434611
-376.278938
-247.957587
-76.028859
62.295617
190.929565
345.352822
479.769828
637.319062
776.425032
859.576017
944.758887
978.050540
975.237161
923.033347
869.110246
819.250915
803.464732
830.191834
798.619468
722.501931
640.913935
554.011778
466.640725
413.968015
386.146820
377.706683
362.076799
337.850478
330.817030
310.341881
286.584457
327.691053
371.298430
389.897993
418.656980
446.790772
510.091803
565.577893
700.932691
860.201212
976.331253
1084.958949
1138.413154
1135.130878
1084.490053
1173.580393
1361.451603
1488.522563
1479.769828
1369.891741
1315.187146
1252.511309
1242.195586
1267.515998
1202.339381
998.525689
745.321563
583.239662
492.117436
380.363763
245.165264
85.115248
-111.196099
-330.639675
-521.949460
-705.600601
-905.037925
-1085.875687
-1239.204852
-1315.322389
-1405.506821
-1481.468059
-1453.334267
-1463.024796
-1478.185784
-1448.489003
-1382.530891
-1335.016043
-1301.099194
-1172.152648
-1030.858494
-901.911948
-774.372092
-560.867872
-403.631235
-348.145146
-350.177031
-301.255493
-113.540582
86.834535
260.326251
292.992710
218.907058
200.151197
247.353447
290.648227
287.053354
223.596023
103.871109
-35.391160
-152.302695
-198.723452
-272.340207
-425.356774
-606.350835
-720.605290
-788.751585
-880.811604
-960.992911
-1067.432423
-1129.014167
-1193.878187
-1206.850991
-1193.721889
-1164.806603
-1132.765340
-1087.907572
-1063.524952
-1037.735643
-959.273623
-874.403352
-748.113886
-544.456493
-336.110135
-172.152648
-30.233298
97.150259
235.474735
365.202775
468.672610
563.389709
618.250603
690.616967
753.136505
851.604776
943.508496
984.458793
998.838287
991.648540
939.913623
821.595398
696.712622
637.162763
639.663544
607.309684
580.895179
538.381894
456.793898
375.362200
276.268734
212.811403
201.245289
142.945820
92.617593
10.716999
-16.479000
31.192147
128.722625
193.742944
235.631034
298.619468
403.339693
545.884238
610.123063
689.210278
801.276548
916.937693
1028.066170
1075.424720
1192.805151
1423.345945
1570.266858
1511.185895
1348.478799
1284.083676
1304.871422
1330.504432
1307.841100
1236.725126
1057.606652
846.290615
714.374392
630.129315
516.968952
281.582894
46.353135
-193.878187
-363.306134
-486.938519
-599.004789
-717.635612
-828.607790
-948.957900
-1053.521826
-1159.648741
-1259.367403
-1277.185471
-1302.505884
-1279.061057
-1205.756899
-1098.535893
-1028.201413
-950.364589
-841.267997
-773.903195
-710.445865
-633.234236
-523.512448
-316.260182
-116.197662
-11.633736
43.070859
98.713247
181.239037
316.750134
422.564451
424.440037
390.523188
307.215905
238.757011
196.243726
174.518186
98.556949
-20.542770
-160.742833
-267.807540
-376.904133
-513.040426
-640.111385
-790.001976
-927.701257
-1057.272998
-1183.406165
-1261.399288
-1308.757837
-1342.987284
-1353.771904
-1353.928203
-1316.103883
-1271.402414
-1210.914761
-1162.149522
-1075.559963
-920.824108
-786.875999
-666.213292
-518.041989
-340.486502
-210.133267
-104.475249
29.472860
243.445976
455.699806
600.901431
737.975517
831.285926
917.719187
1009.622907
1038.694492
1018.688240
978.050540
969.141506
963.202150
928.503807
885.052729
813.936755
776.737630
685.771703
634.193085
576.362513
475.862357
352.229971
239.069609
133.255292
98.244351
88.710121
63.702307
21.345320
-58.835987
-69.151710
-6.319575
121.532879
224.846414
289.554135
330.191834
398.963326
515.874860
618.094304
751.729815
836.131191
909.904245
957.731691
1012.592585
1117.156511
1233.130253
1273.924251
1224.221219
1207.809840
1256.731378
1278.613216
1224.846414
1121.220281
959.919875
826.596961
727.972391
616.375017
453.355323
290.179331
157.637911
19.938630
-115.103570
-311.258619
-533.984471
-726.388347
-874.090754
-939.736268
-1019.917575
-1118.542145
-1233.578094
-1302.662182
-1339.079813
-1340.486502
-1286.094505
-1253.896943
-1200.442739
-1151.208603
-1106.194536
-1015.853805
-863.775030
-722.637175
-592.909135
-457.085440
-370.183283
-261.868184
-133.234236
14.468171
104.183707
137.944257
151.385958
167.172141
203.277174
176.862669
140.132441
69.329065
76.518812
55.731065
22.439412
-18.354586
-156.053867
-273.278000
-353.615605
-450.520888
-553.052929
-624.950397
-740.455243
-814.228297
-813.759400
-846.582157
-898.942270
-998.192035
-1050.395849
-1036.954149
-966.775968
-918.323326
-908.320201
-885.969466
-831.264871
-704.506509
-582.749710
-490.377093
-414.415855
-341.424296
-247.644990
-139.486190
-23.199850
96.056167
188.116186
305.027721
405.371578
502.745758
558.075548
571.048352
581.364076
562.920812
524.783895
505.559137
479.144632
450.229346
456.012403
453.980518
398.963326
310.341881
206.559449
135.443476
90.898305
62.764513
41.195273
33.849227
-48.676562
-93.221732
-101.036674
-96.504008
-67.432423
-10.695943
91.992397
136.381269
199.213404
255.480987
312.998962
363.170890
416.156198
438.975829
489.147758
579.801087
671.392210
784.552572
825.502869
850.198086
910.842038
949.291553
957.262794
930.535692
828.941444
737.662919
708.903932
710.466920
709.841725
654.199337
510.248102
379.425970
303.308433
214.999587
140.445039
4.152447
-162.149522
-287.032298
-352.677812
-402.068247
-470.839738
-563.993849
-661.368028
-728.576531
-789.533080
-805.006665
-824.856618
-825.012917
-858.148272
-833.453055
-787.970091
-750.145771
-700.599038
-648.238925
-602.130766
-520.699069
-447.394911
-394.878500
-294.690941
-264.368966
-209.820669
-141.830673
-101.036674
-46.957275
-44.143895
-43.362401
-11.477437
26.190584
23.064607
-31.327390
-83.531204
-123.387409
-167.932579
-214.353336
-262.180782
-372.215168
-483.343645
-590.252054
-661.680626
-720.292692
-764.212667
-783.593723
-782.812229
-790.314574
-788.751585
-780.155149
-799.536206
-823.449929
-863.462432
-854.397100
-806.725952
-708.726578
-591.815043
-490.689691
-380.342708
-300.005102
-181.999475
-103.693755
-47.269872
-21.167965
54.480675
160.920187
273.611653
334.568202
355.512247
419.907371
451.167139
492.117436
478.988333
471.017092
450.854542
420.845164
460.857668
537.600400
576.518812
560.107433
498.681988
399.744820
291.742319
240.945195
208.435035
216.562575
178.113060
125.284051
115.906120
111.842350
153.417843
141.226533
153.730440
176.706370
175.299681
151.854854
101.526627
92.461294
101.839224
182.489427
286.740756
357.544132
380.363763
386.459418
446.321875
543.070859
625.440350
624.815154
554.324376
487.897367
478.675736
519.157136
540.413779
541.664170
508.528815
495.868608
486.178080
457.106495
443.821094
345.352822
205.309059
138.256855
133.880487
147.478487
117.156511
43.852353
-12.571529
-25.700632
-53.678125
-94.315824
-148.238925
-276.872873
-388.313949
-449.583095
-453.959463
-435.359900
-404.881626
-379.092317
-368.307697
-350.489628
-341.893192
-327.982595
-374.247053
-430.670935
-481.468059
-501.318012
-432.546521
-356.897881
-326.732204
-339.861307
-373.465558
-352.365215
-324.387722
-297.816918
-303.756274
-311.571216
-285.938206
-265.463058
-278.592161
-317.041676
-330.639675
-379.092317
-411.446177
-425.513073
-474.903508
-520.542770
-520.542770
-489.908197
-428.326452
-410.352085
-409.570591
-446.300819
-457.710635
-453.490566
-435.516199
-381.905696
-340.017606
-336.735330
-272.183908
-222.168278
-144.800351
-98.066996
-59.461182
-19.136080
-2.412104
81.989271
133.724188
138.100556
150.760762
184.052416
215.155886
278.300618
303.308433
319.250915
315.968640
296.587583
311.123376
313.624157
314.405651
287.365951
261.420343
219.532253
207.184645
219.688552
230.785770
246.415654
252.667608
264.233723
250.010528
240.320000
202.183082
181.239037
238.444413
313.624157
360.357511
358.638224
280.332503
191.711059
180.144945
260.482550
312.530065
375.049603
392.867671
337.694179
355.043351
360.044914
415.999900
486.959574
536.506308
511.967389
448.197461
477.581644
547.447227
587.616030
580.269984
556.668859
485.083988
428.191209
420.376267
440.226220
413.186520
374.111809
265.171516
179.363451
125.127752
87.928627
38.538193
-21.167965
-86.657181
-187.001038
-239.361151
-268.745333
-258.429610
-231.546209
-257.335518
-308.288941
-353.771904
-374.872248
-359.554961
-339.705008
-302.662182
-270.308322
-240.767840
-224.981657
-204.037612
-157.929453
-103.850054
-61.649366
-62.587159
-76.810354
-112.133892
-86.500882
-85.875687
-50.083251
-36.485252
-47.582470
-41.174217
-74.309572
-74.778469
-123.543708
-183.875061
-170.589660
-138.548397
-125.888191
-124.481501
-198.410854
-257.491817
-303.287378
-310.164527
-329.389285
-357.835674
-406.444614
-447.082314
-459.273623
-510.852242
-538.204539
-536.954149
-525.856931
-563.837550
-581.655618
-624.481501
-667.619982
-684.500257
-707.163589
-681.530579
-618.073248
-536.797850
-443.174843
-361.586846
-290.001976
-209.664371
-115.885065
-17.573092
52.448790
96.368765
119.657292
94.962075
90.273110
107.778580
122.626970
141.851728
159.044601
192.492553
210.310622
209.060231
204.214967
170.298118
163.420969
151.229659
142.164326
149.041475
114.499431
132.786395
170.298118
179.050853
179.988646
181.707933
188.116186
197.806714
230.629471
235.631034
199.213404
165.296555
171.392210
195.305933
265.171516
324.252478
321.439099
296.743882
280.019906
306.121813
369.110246
450.541944
481.489115
484.146195
435.380956
318.938318
264.390021
237.037724
265.796711
271.736067
259.232160
291.429721
296.118687
297.681675
254.855792
221.407839
206.246852
184.365014
161.389084
122.626970
62.764513
38.381894
20.251228
5.871734
-5.381782
-32.421482
-95.097318
-169.495568
-209.508072
-227.482439
-253.271748
-264.056368
-234.359588
-237.954461
-234.359588
-249.676874
-217.166715
-175.278625
-202.162026
-262.180782
-292.971654
-285.781907
-232.484002
-146.363339
-41.330516
16.656355
44.633848
45.727940
12.123688
-18.354586
-80.405227
-112.602789
-144.956649
-117.291754
-93.378031
-52.427734
-32.890379
-102.287065
-153.709385
-170.120763
-196.378969
-234.828484
-253.896943
-307.507447
-363.618731
-414.572154
-413.321764
-382.687190
-357.991973
-337.985721
-331.264871
-326.732204
-338.923514
-354.709697
-400.348960
-418.323326
-458.961026
-457.866934
-409.257994
-350.489628
-289.845677
-256.085127
-243.112323
-241.236737
-227.951335
-170.902257
-89.314261
-54.459619
6.809528
9.466608
2.120562
-10.383345
12.279987
49.479112
145.602900
229.535379
281.113998
365.827971
398.650728
420.063669
376.925189
305.809215
264.390021
175.455980
125.127752
94.336880
49.479112
25.096492
48.697618
91.054604
113.249040
100.432535
78.863294
39.007089
10.716999
57.919249
72.142444
97.931753
112.467546
144.665107
199.213404
269.078987
317.375329
385.365326
412.092428
366.609465
313.780456
279.082113
320.813904
378.644476
467.109621
515.093366
472.892679
373.486614
281.895492
217.969265
210.154323
216.249978
203.433473
192.336255
151.542256
87.147133
42.601963
-23.199850
-62.587159
-130.889754
-222.324577
-325.012917
-370.808478
-372.215168
-337.829422
-309.695630
-328.138894
-365.806915
-380.967903
-347.832548
-269.057931
-196.378969
-142.768466
-88.845365
-55.241113
-47.738769
-56.647803
-23.825046
19.157136
76.362513
118.094304
93.399087
78.081800
48.228721
26.190584
66.671985
98.088052
151.542256
155.762325
142.320625
101.370328
79.488490
88.866420
61.045226
45.727940
19.313435
-11.008541
-11.164839
-10.852242
-44.925390
-129.326765
-197.160463
-235.609979
-269.057931
-271.871310
-244.987909
-223.106071
-194.659682
-172.152648
-177.310510
-182.468372
-166.213292
-137.923201
-100.255180
-72.277687
-46.800976
1.495367
39.319687
95.899868
124.346258
159.044601
141.539131
108.560075
78.394398
90.585708
120.907683
130.754510
159.044601
156.387521
149.041475
