158.792572
63.401095
-60.174227
-187.001531
-291.064960
-392.495832
-492.378142
-624.625416
-741.077349
-881.686863
-955.243602
-974.910352
-937.589985
-905.379876
-935.576853
-910.335277
-855.825862
-783.507973
-746.187606
-753.310996
-738.444792
-741.851630
-731.166546
-685.948508
-624.005991
-497.952968
-357.188597
-215.495089
-98.423731
-37.565208
-7.368231
17.563632
2.232859
-20.066447
-29.202968
-19.447022
-5.509955
2.232859
-21.305297
-96.255743
-136.673236
-166.560500
-214.565951
-284.715852
-373.293652
-435.081313
-518.858568
-569.341719
-562.218330
-550.913820
-492.068429
-480.299351
-503.682651
-547.197269
-565.160599
-533.415059
-468.065703
-356.569172
-230.516149
-118.245337
-1.793404
115.277954
204.010610
291.504415
321.236824
329.444207
385.811898
448.993266
516.975179
579.537121
675.548023
751.582463
829.630035
911.549014
917.433553
913.407290
863.698419
822.816358
767.377805
723.243761
723.088905
733.928846
753.750451
747.865912
807.330729
869.737815
970.084693
1018.090144
1042.092869
1053.861948
1016.077012
1033.575773
1072.134990
1123.856992
1184.870372
1213.673642
1190.445198
1130.360957
1009.418191
887.391432
745.078499
555.689252
340.284148
149.965763
-40.662334
-222.928191
-401.942066
-633.607081
-790.476506
-881.841719
-967.941818
-974.755495
-1005.881610
-1031.123186
-1066.275565
-1090.433147
-1027.716348
-953.695039
-869.143503
-793.728488
-716.455198
-669.069172
-632.523087
-562.837755
-478.905644
-382.275317
-258.235426
-126.297864
35.991531
193.944951
305.751194
369.242275
411.208330
398.045545
446.360709
446.515565
391.386725
369.861700
274.160511
240.866408
205.868885
163.747973
103.199163
25.151591
-95.326605
-199.080322
-278.366744
-392.650689
-542.396724
-719.862036
-856.600144
-986.060005
-1071.230966
-1143.393999
-1217.260451
-1300.882849
-1373.975020
-1412.689093
-1434.059261
-1443.815208
-1400.920015
-1292.056040
-1118.462136
-939.448260
-797.135327
-669.843454
-578.168528
-443.288697
-300.511194
-122.736169
53.335436
176.136477
285.465020
422.977408
524.563137
607.256398
619.335188
592.545050
574.891432
521.466011
432.268786
394.328994
321.701393
295.530679
319.688261
343.536130
347.097825
303.428350
256.506893
153.062889
61.078251
3.316853
8.891680
38.314376
105.522007
165.761105
201.842622
249.848073
296.769529
356.698915
434.436774
528.434544
611.747230
668.424633
733.309420
819.564376
908.142176
1068.573296
1243.251194
1401.049757
1533.297032
1605.924633
1658.575773
1705.342374
1755.515813
1785.248221
1787.261353
1746.689004
1658.730630
1538.407290
1414.212542
1239.689500
1028.310659
820.648370
586.815367
351.743514
93.288360
-189.169519
-504.147220
-772.977745
-1039.020857
-1223.919271
-1345.636318
-1420.122195
-1448.460897
-1478.038449
-1509.319420
-1573.739638
-1600.529777
-1580.553315
-1522.017636
-1440.098657
-1285.706932
-1140.606586
-934.647715
-710.570659
-498.107824
-264.894247
-51.037705
157.553722
328.979638
531.067101
744.923642
916.194703
1025.832959
1102.641680
1106.513087
1072.289847
1000.591383
894.050253
791.535387
680.813137
524.717993
387.979886
248.454366
140.519529
35.526963
-110.347666
-296.020362
-501.204950
-714.132354
-898.566199
-1052.957924
-1180.869222
-1325.659856
-1490.736665
-1613.692562
-1745.784980
-1818.257725
-1843.344445
-1843.034732
-1750.120956
-1638.934138
-1479.587012
-1296.546873
-1103.131363
-910.644990
-717.694048
-543.325862
-405.658617
-231.600144
-66.213622
117.755654
293.362691
430.565367
561.573791
635.130530
646.125327
652.319579
668.889202
696.763335
720.301492
710.545545
629.555704
557.547527
469.898865
347.407537
247.989797
146.713781
111.871115
39.553226
-68.691323
-172.754752
-212.862532
-219.676209
-219.056784
-148.442314
-80.924970
-38.494346
-1.173979
74.395892
150.740045
242.569827
351.898370
482.751938
629.400848
746.007636
797.574782
903.031918
1035.743761
1247.432314
1472.128796
1654.239797
1806.928102
1891.015070
1956.519282
2051.291333
2152.412493
2178.892919
2161.703870
2081.333454
1958.222701
1840.222205
1642.161006
1399.810907
1062.379044
679.264574
326.811650
-63.116496
-381.191323
-648.937854
-919.471799
-1198.677696
-1430.807279
-1632.585030
-1818.257725
-1931.612532
-2032.423979
-2039.547369
-1987.515654
-1898.163573
-1780.782502
-1665.569420
-1531.773583
-1352.914564
-1125.120956
-874.408617
-644.137309
-438.333295
-214.875664
53.954861
301.570075
559.250947
818.015813
1004.153077
1171.707587
1232.101541
1285.062394
1287.540094
1288.624088
1281.655555
1221.571313
1109.610213
980.150352
856.110461
696.453623
555.224683
376.830233
175.671908
-46.546873
-239.652671
-419.285971
-577.084534
-761.053811
-953.540183
-1130.695783
-1302.276556
-1500.182899
-1691.120708
-1841.331313
-1973.114019
-2063.550094
-2090.185376
-2052.555297
-1997.736169
-1884.226506
-1726.582800
-1548.962631
-1291.591472
-1019.508964
-791.870213
-594.118726
-464.813721
-363.847418
-210.849400
-16.040183
173.194207
358.712047
508.922651
632.962542
713.797527
763.661254
828.391185
810.118142
760.873841
657.120124
538.809916
443.883008
310.087171
197.816358
79.351294
-78.137557
-209.455694
-332.101878
-410.149450
-452.580074
-479.834782
-487.887309
-467.136566
-437.404157
-445.456685
-399.619222
-302.834038
-190.872938
-82.473533
-11.084782
101.186031
199.674633
354.376071
562.812641
834.275724
1068.418439
1203.607983
1292.030927
1403.682314
1581.457339
1746.534148
1920.592622
2014.125823
2064.144406
2171.304961
2283.266061
2394.143167
2438.277210
2402.350550
2332.200649
2151.328499
1956.054713
1632.714772
1197.568588
799.897627
406.717498
44.663484
-344.800094
-711.190084
-1055.280768
-1418.728488
-1706.451481
-1915.662334
-2022.977745
-2094.211640
-2186.815703
-2244.886814
-2268.734683
-2180.931164
-1980.082552
-1752.908369
-1558.254009
-1414.392512
-1250.554554
-1043.047121
-763.531511
-445.456685
-135.898954
218.567101
535.867646
801.910758
1043.022007
1233.959817
1362.955109
1443.015813
1493.344108
1503.100055
1472.903077
1415.296536
1328.886725
1227.765565
1080.497230
847.748221
589.757636
324.643662
56.432562
-135.898954
-314.448260
-514.367735
-722.030025
-955.863028
-1213.698756
-1399.371452
-1566.925961
-1757.863771
-2015.854356
-2248.603365
-2416.312730
-2472.680421
-2394.477993
-2295.834534
-2164.671254
-2076.093454
-1968.313474
-1814.696031
-1581.637309
-1319.155892
-1014.398706
-736.896229
-454.902919
-163.773087
67.272503
323.095099
564.051492
721.385486
811.047280
859.517299
854.561898
817.396388
817.706100
822.661502
769.236080
678.025724
565.909767
421.428846
266.107983
95.611204
-129.549846
-361.679430
-535.273335
-656.216100
-712.738647
-735.347666
-770.190332
-782.578835
-768.022344
-715.680917
-674.953711
-591.795882
-491.758716
-324.823632
-129.549846
57.981125
315.042572
573.497726
835.824287
1068.573296
1236.902086
1362.025971
1471.199658
1619.397131
1856.482116
2078.700897
2278.155803
2417.061898
2493.096338
2567.582215
2704.320322
2794.911254
2897.426120
2933.197924
2811.171165
2603.663732
2302.932810
1980.057438
1586.412741
1129.586675
643.647627
203.391185
-269.385079
-747.891026
-1193.722294
-1612.918280
-1989.064217
-2287.317438
-2489.095188
-2581.389539
-2612.980223
-2613.599648
-2555.993107
-2465.711888
-2339.968578
-2143.146229
-1918.140035
-1646.057527
-1314.355347
-983.427448
-627.103117
-287.967834
18.337914
365.061155
717.514078
1078.793811
1385.718984
1637.825030
1801.353276
1884.820818
1949.395892
1961.939252
1955.590144
1853.694703
1693.883008
1481.265317
1184.405803
843.721958
539.739054
261.152582
-83.247814
-394.508964
-701.588994
-921.175218
-1157.795634
-1380.324128
-1617.563969
-1845.047864
-2006.562978
-2148.101630
-2265.018132
-2364.590728
-2445.735426
-2523.782998
-2529.667537
-2458.588498
-2342.755991
-2182.324871
-1936.258221
-1681.364762
-1362.515654
-1050.170510
-701.588994
-311.041422
77.957587
433.352780
706.209569
883.674881
1002.139946
1097.221710
1119.830729
1140.271759
1149.717993
1157.305952
1146.001442
1096.911997
1013.444455
884.758875
648.448172
368.467993
86.939252
-184.059261
-406.587755
-641.814465
-883.545139
-1091.052572
-1284.777795
-1406.185129
-1443.970064
-1442.731214
-1353.379133
-1250.554554
-1075.102373
-846.534484
-577.394247
-344.025813
-152.623434
88.952384
374.817101
689.949658
1012.360461
1336.164970
1615.990293
1850.442721
2030.385734
2208.315615
2314.701888
2438.277210
2554.883999
2701.378053
2844.929837
2912.756893
2970.982859
2970.208578
2981.822800
2999.166705
2999.940986
2873.113682
2611.096834
2250.901095
1827.988558
1408.482859
886.462295
308.074039
-315.841967
-969.645238
-1596.348657
-2134.783989
-2499.470560
-2735.006982
-2938.643008
-3099.693553
-3173.095436
-3140.885327
-2992.378142
-2769.849648
-2515.111045
-2277.561491
-1988.135079
-1600.994346
-1188.612036
-834.765406
-487.887309
-148.287458
203.391185
633.272255
1069.967002
1594.929837
2059.498717
2433.476665
2679.388459
2857.473196
2978.725674
3025.801987
2968.814871
2749.693216
2379.431819
1916.566358
1453.236328
993.313137
493.901591
-45.617735
-585.446774
-1081.141769
-1494.298360
-1821.354851
-2066.027795
-2289.175713
-2534.003513
-2722.773335
-2892.186120
-3003.527795
-3019.787705
-3037.131610
-2988.042165
-2899.774078
-2742.904653
-2521.615010
-2226.613771
-1869.205446
-1468.282502
-1100.189093
-683.935376
-291.529529
88.952384
490.185040
845.115664
1087.156051
1225.752433
1302.406298
1344.836923
1351.031175
1310.458826
1209.802235
1026.142671
829.630035
595.487319
399.594108
173.813632
-34.158369
-202.487160
-406.123186
-579.717091
-772.358320
-1013.314712
-1223.299846
-1397.048607
-1523.101630
-1584.889291
-1611.679430
-1603.162334
-1564.757973
-1407.114266
-1180.404653
-896.088498
-570.580570
-243.059509
87.094108
354.376071
622.742027
831.643167
1006.166209
1175.733851
1329.661006
1503.254911
1638.289599
1768.059173
1860.663236
1930.038855
1954.970719
1991.052235
2014.280679
1967.668935
1933.910263
1942.582215
2054.853028
2127.170917
2160.310164
2160.774733
2104.561898
2086.288855
2115.556695
2191.745991
2334.368637
2362.707339
2182.764326
1890.705357
1571.856249
1193.852037
650.151591
-15.265902
-724.662582
-1429.258716
-2111.090976
-2674.148459
-3033.569916
-3207.318677
-3266.628637
-3235.812235
-3091.331313
-2824.204207
-2438.457180
-1987.670510
-1599.445783
-1243.431164
-951.991620
-645.221303
-297.723781
49.928598
374.352532
738.574534
1135.780927
1477.548766
1858.340392
2255.546784
2615.123097
2831.767052
2929.791085
2942.024733
2853.756645
2626.582463
2328.019529
1886.369381
1300.548023
621.967745
-44.998310
-652.654405
-1260.000788
-1824.297121
-2298.002522
-2629.549846
-2815.532255
-2898.844940
-2899.928934
-2823.429925
-2736.090976
-2667.799351
-2658.817686
-2600.591719
-2485.378637
-2341.362284
-2166.529529
-1924.798855
-1637.075862
-1280.132106
-855.825862
-353.936615
183.105010
739.348816
1172.791581
1503.719480
1741.733603
1816.529192
1783.854515
1669.880283
1492.879539
1195.245743
810.737567
412.137468
89.881521
-202.332304
-421.144247
-645.376159
-848.547616
-999.687359
-1125.430669
-1177.307527
-1278.118974
-1379.549846
-1540.755248
-1708.154901
-1769.323137
-1792.861293
-1764.367735
-1642.495832
-1504.209162
-1358.024821
-1131.315208
-818.040926
-474.724524
-63.735922
316.436279
614.224931
870.357240
1087.465763
1257.807686
1428.459321
1498.454366
1462.837418
1392.997230
1319.905060
1327.028449
1404.456596
1544.756398
1695.896140
1781.376814
1826.594852
1851.681571
1882.652830
1823.497726
1764.962047
1733.216507
1751.954118
1819.471462
1892.873345
2051.136477
2235.570322
2491.083206
2761.152582
3055.844108
3198.931323
3035.712790
2653.062889
2107.659024
1468.412245
663.624088
-326.681908
-1286.171501
-2164.516397
-2934.307032
-3488.692562
-3786.016645
-3859.108815
-3811.877646
-3652.840233
-3370.072641
-2990.674722
-2527.964118
-1994.793900
-1495.072641
-1125.120956
-919.936368
-663.029777
-278.676457
155.385734
558.941234
985.105753
1453.081472
1857.566110
2225.504663
2675.362195
3150.616160
3501.675377
3604.964524
3393.275971
3009.542076
2444.316606
1800.888707
1052.158528
228.477904
-681.147963
-1576.372195
-2318.908122
-2895.902671
-3304.723285
-3561.320163
-3648.039688
-3604.834782
-3462.831561
-3123.386566
-2728.503018
-2352.511937
-2010.279529
-1855.268379
-1677.183642
-1464.720808
-1178.546377
-824.390035
-471.937111
-104.927696
244.118390
591.461056
1007.095347
1453.546041
1806.153821
2022.023494
2056.246735
1922.605753
1624.042820
1192.458330
716.739797
162.199410
-407.671749
-920.091224
-1350.436863
-1597.897220
-1674.860798
-1675.015654
-1609.976011
-1530.379876
-1464.411095
-1353.998558
-1239.714613
-1102.202225
-952.301333
-885.713127
-891.133097
-901.043900
-821.912334
-659.622938
-427.183642
-193.505495
9.511105
204.475179
411.053474
595.177607
823.590639
940.507141
924.711799
780.076021
578.143414
416.783157
339.974435
302.034643
284.226170
322.475674
374.352532
504.276963
645.351046
882.590887
1159.319083
1376.892176
1555.441482
1713.085188
1867.322057
2036.734842
2142.191977
2229.685783
2370.450154
2516.324782
2631.228152
2727.393910
2846.323543
2993.127309
3204.196437
3391.882265
3539.305456
3498.113682
3066.374336
2315.011601
1388.816110
402.381521
-691.058766
-1895.995585
-3029.543652
-3925.697022
-4610.626407
-4960.446774
-4922.352126
-4492.006486
-3882.956685
-3192.142760
-2492.966595
-1767.464861
-1004.642760
-277.437606
339.045297
664.398370
729.128300
787.509123
1038.531175
1421.026219
1793.300748
2148.231373
2457.634247
2669.632513
2862.273742
3073.652582
3296.955357
3317.241531
2944.502433
2262.979886
1402.598320
418.176863
-561.134336
-1527.127894
-2508.452225
-3471.038944
-4226.582800
-4624.718330
-4637.106833
-4400.796130
-4011.177696
-3467.786962
-2855.640035
-2224.910352
-1566.771105
-864.497814
-197.067190
270.289103
460.762344
493.746735
497.927854
545.933305
685.768538
859.517299
1063.927607
1169.694455
1232.875823
1320.524485
1403.527458
1394.855506
1138.103771
657.584693
19.886477
-574.606833
-1165.693305
-1642.495832
-1997.116744
-2320.301828
-2536.636070
-2522.234435
-2226.923483
-1744.236417
-1162.441323
-627.412829
-221.999053
99.172899
336.257884
482.906794
569.161749
540.358479
367.538855
124.414475
-87.893503
-192.731214
-213.481957
-181.116992
-125.988151
-194.899202
-334.424722
-494.391273
-610.378637
-666.281759
-722.959162
-743.555049
-757.646972
-728.533989
-680.063969
-519.787705
-240.426952
107.225426
531.067101
923.008380
1303.490293
1694.502433
2022.023494
2309.901343
2491.392919
2544.353771
2509.820818
2435.644653
2358.371363
2244.551987
2112.459569
1942.582215
1768.678598
1608.092622
1529.580481
1515.643414
1579.753920
1646.496982
1712.930332
1815.135486
1995.697924
2201.347081
2382.219232
2378.502681
1922.296041
1104.035387
201.223196
-623.231709
-1420.431908
-2274.309509
-3088.234187
-3656.556784
-3927.090728
-3798.560005
-3209.486665
-2375.585525
-1607.343454
-1032.052324
-592.415307
-202.796873
136.338409
383.179341
504.276963
349.265813
-7.987656
-216.114514
-39.888052
451.161254
1030.478647
1549.556943
1982.689995
2272.116408
2458.563385
2580.280431
2626.582463
2407.151095
1752.728400
737.955109
-406.278042
-1434.988399
-2260.991868
-2850.065208
-3304.878142
-3714.318181
-3923.374177
-3826.124425
-3338.946526
-2609.108815
-1865.798607
-1246.528290
-826.558023
-526.291670
-322.810500
-139.615505
-7.058518
4.710560
-137.912086
-277.282750
-259.319420
-5.664812
427.468241
857.659024
1163.964772
1340.655803
1379.679589
1317.582215
1172.636725
834.430580
327.585932
-316.616249
-1016.721551
-1609.356586
-1950.350144
-1991.696774
-1848.919271
-1631.036467
-1417.334782
-1148.968825
-818.660352
-437.868726
-91.455198
130.144158
114.503672
-124.284732
-411.543156
-631.439093
-757.646972
-857.993850
-943.939093
-1030.503761
-1072.624673
-1036.543156
-877.350887
-681.612532
-535.737904
-489.900441
-550.758964
-645.066447
-660.706932
-560.979480
-323.120213
-10.310500
308.538608
601.217002
892.346834
1237.521512
1540.110709
1810.644653
1976.650600
2062.131274
2000.653325
1919.973196
1822.104019
1707.665218
1592.142423
1411.425129
1255.329985
1115.804465
1067.953870
1065.631026
1096.757141
1123.547280
1078.019529
1011.586180
1052.932810
1199.272007
1426.446189
1634.263335
1851.836427
2063.215268
2315.166457
2631.847577
2938.927607
2953.329242
2383.303226
1422.729638
362.738310
-650.796130
-1623.758221
-2579.840976
-3390.668528
-3927.090728
-4115.705694
-3850.282007
-3155.751531
-2235.750292
-1414.857081
-833.836268
-403.335773
-42.056040
259.913732
542.526467
680.348568
579.691977
320.462542
179.233603
437.533900
1023.355258
1635.811898
2126.396635
2446.020025
2536.146388
2470.022750
2314.082463
2051.136477
1510.688013
553.211551
-747.581313
-2087.243107
-3192.607329
-3880.014415
-4195.301828
-4255.231214
-4189.572146
-3885.589242
-3259.350391
-2402.065951
-1454.964861
-639.646477
-17.743602
364.751442
523.014574
579.691977
686.852532
778.527458
792.309668
724.637468
630.175129
636.988806
756.383008
928.892919
1100.009123
1109.765070
894.979391
498.082711
60.303969
-383.823880
-902.902175
-1449.390035
-1951.124425
-2346.007973
-2532.454950
-2475.003265
-2130.757725
-1655.348905
-1157.176209
-793.109063
-450.876655
-109.108815
139.745248
245.202384
197.351789
75.789599
-91.300342
-186.846675
-211.313969
-162.379380
-136.518379
-160.985674
-256.686863
-421.453959
-596.906140
-738.289935
-762.912086
-798.838746
-858.922988
-905.534732
-882.306288
-699.885575
-407.826605
4.245991
428.397379
782.863434
1032.491779
1172.791581
1306.742275
1397.642919
1415.451393
1386.183553
1350.566606
1376.582463
1455.714029
1552.499212
1637.050748
1674.371115
1626.520520
1505.577755
1366.516804
1240.773494
1083.284643
908.297032
720.301492
541.132760
470.053722
558.166953
787.354267
1117.353028
1450.758628
1751.334693
2024.656051
2275.368390
2564.175377
2931.649361
3276.514326
3456.302483
3159.133256
2273.974683
1081.581224
-75.040431
-1057.448756
-2011.518379
-2920.215109
-3621.094693
-3982.838994
-3859.418528
-3258.885822
-2271.212383
-1305.373682
-601.706685
-109.263672
196.267795
413.066606
563.896635
696.453623
646.899609
312.100302
-102.140282
-237.484683
104.128300
711.784396
1288.004663
1639.373593
1757.993514
1680.565367
1406.779440
1011.741036
468.350302
-334.115010
-1430.032998
-2499.780272
-3316.182651
-3696.509707
-3606.073632
-3167.210897
-2595.171749
-2116.510946
-1509.938845
-700.969569
159.876566
869.273246
1309.219975
1447.816358
1380.144158
1176.817845
979.066358
918.517547
884.604019
735.012840
480.274237
237.614425
97.004911
57.361700
-7.523087
-168.418776
-540.228736
-1052.803067
-1602.388052
-2009.350391
-2241.325119
-2357.157626
-2439.231462
-2457.969073
-2303.732205
-1949.266149
-1396.429182
-746.652175
-207.597418
72.537617
176.755902
247.370372
385.966754
604.468984
770.784643
803.614178
677.716011
528.899113
425.455109
376.985089
314.113434
94.991779
-284.870708
-792.334782
-1305.683394
-1654.884336
-1788.215604
-1785.118479
-1697.934385
-1552.988895
-1288.029777
-857.684138
-324.359063
212.063137
667.960065
930.751194
1043.641432
1061.604762
1067.179589
1114.565615
1143.368885
1136.710065
1102.951393
1166.442473
1313.401095
1491.795545
1638.909024
1633.489054
1435.118142
1127.418687
801.910758
512.174633
278.341631
64.485089
-59.554802
-63.890778
53.800005
344.155555
759.480134
1205.001690
1677.313385
2087.372850
2436.883504
2711.598568
2951.006398
3236.406546
3574.148122
3884.634990
3994.428102
3618.437022
2627.666457
1321.298766
69.440491
-1024.774078
-2116.665803
-3172.011442
-3952.177448
-4227.047369
-3991.510946
-3269.416050
-2180.466595
-1151.756239
-436.784732
-61.567933
143.926368
252.945198
291.659272
218.567101
-99.817438
-648.473285
-1159.963622
-1179.010946
-593.189589
262.081720
917.123841
1301.322304
1445.803226
1428.304465
1318.511353
1127.573543
715.810659
-61.877646
-1074.018379
-2020.345188
-2558.161095
-2536.016645
-2096.844197
-1509.164564
-992.099400
-604.958667
-112.205941
542.681323
1170.778449
1430.162741
1230.552978
750.498469
203.236328
-232.064712
-450.876655
-464.349152
-512.354603
-646.305297
-871.311491
-1036.543156
-990.860550
-813.550094
-722.494593
-850.405892
-1219.893008
-1655.503761
-1989.528786
-2030.255991
-1827.703959
-1584.889291
-1304.444544
-1020.438102
-694.775317
-285.025565
112.955109
467.421165
652.474435
610.508380
400.368390
283.761601
333.935040
458.594356
577.214277
566.838905
503.347825
356.853771
212.992275
73.466754
-206.358568
-677.895981
-1295.927448
-1883.297369
-2258.514167
-2346.317686
-2125.492611
-1722.091967
-1284.468082
-900.579331
-523.968825
-80.460401
365.216011
698.621611
834.895149
797.265070
668.889202
574.581720
607.875823
797.729638
1052.158528
1273.448172
1389.900104
1408.482859
1422.574782
1361.096834
1181.153821
853.168191
416.938013
-32.454950
-280.844445
-308.718578
-165.941075
158.328003
591.461056
1103.415962
1646.496982
2164.336427
2529.952136
2709.585436
2707.107736
2543.424633
2299.835684
2118.189252
2076.378053
2212.961303
2472.810164
2841.677854
3208.377557
3526.762096
3583.904069
3052.746982
1928.180580
397.271264
-1223.919271
-2650.920015
-3848.578588
-4705.398459
-5000.244841
-4797.228241
-4111.214861
-3012.044891
-1721.937111
-519.787705
323.404812
846.199658
1018.864425
872.370372
517.749460
62.626814
-341.548112
-678.515406
-810.762681
-561.444048
97.469480
878.100055
1528.031918
2002.511601
2183.383751
2052.375327
1667.867151
1100.473692
319.533405
-546.732701
-1369.793900
-1895.221303
-2013.531511
-1723.950243
-1147.729975
-518.239143
15.395644
380.391928
602.146140
675.393167
582.169678
227.858479
-288.896972
-785.985674
-1129.302076
-1238.940332
-1168.325862
-944.403662
-663.804058
-432.448756
-310.731709
-235.626407
-251.266893
-351.149202
-557.727497
-859.542413
-1175.604108
-1449.080322
-1476.025317
-1247.767141
-796.051333
-278.211888
184.189004
537.880778
804.853028
879.184049
865.556695
740.742522
443.883008
95.920917
-255.912582
-464.039440
-399.774078
-194.124921
20.970471
154.921165
138.041829
-15.111045
-291.684385
-671.392017
-1135.960897
-1598.516645
-2005.169271
-2292.892264
-2355.609063
-2181.550590
-1793.635575
-1286.790926
-756.408122
-272.327349
148.881769
537.571066
838.301987
1090.408033
1186.418935
1136.864921
1015.457587
963.890441
1012.050748
1115.030184
1257.188261
1283.204118
1197.413732
1018.245000
773.417200
530.137964
297.079242
89.107240
-54.599400
-92.229480
2.078003
272.147379
736.251690
1208.718241
1564.113434
1762.019777
1835.111948
1789.893910
1634.882760
1439.608974
1175.424138
910.929589
754.989301
793.083950
1038.221462
1418.548519
1856.946685
2285.434049
2630.608727
2834.554465
2878.223940
2735.446437
2267.161006
1214.447924
-285.180421
-1797.042413
-2956.296625
-3660.118479
-4023.566199
-4011.022839
-3607.931908
-2885.527299
-1854.339242
-710.106090
363.357736
1069.812146
1264.621363
1122.308429
767.377805
397.271264
152.288608
65.878796
24.067597
-39.423483
64.949658
526.111700
1188.741779
1743.437022
1901.545297
1626.985089
1094.744009
403.930084
-311.351135
-968.251531
-1594.025813
-2118.833791
-2439.386318
-2423.281263
-2024.061739
-1379.704703
-634.536219
-66.213622
150.120620
82.138707
-79.531263
-222.463622
-404.110054
-672.011442
-964.844693
-1118.307279
-1010.682155
-686.258221
-218.592215
264.094852
543.455605
537.571066
331.767052
50.238310
-263.965109
-622.612284
-961.747567
-1270.840728
-1417.179925
-1308.780520
-990.395981
-472.866249
3.007141
311.790590
377.914227
279.580481
73.002186
-194.589489
-441.740134
-675.263424
-822.686615
-851.954455
-751.917289
-473.950243
-131.562978
128.440739
218.412245
116.052235
-140.080074
-494.081561
-899.650193
-1298.095436
-1672.073384
-1996.652175
-2148.411343
-2007.337259
-1594.180669
-1040.259707
-500.585525
-60.638796
247.060659
478.570818
646.280184
781.005159
862.924138
916.349559
924.711799
908.761601
996.410263
1125.870124
1213.983355
1200.046289
1051.848816
783.018291
496.534148
295.375823
141.448667
54.419430
3.316853
88.952384
267.191977
553.830976
879.338905
1072.134990
1145.846586
1005.391928
809.653573
588.828499
449.922404
433.043068
464.478895
565.600055
712.248964
895.908528
1241.547775
1604.221214
1895.660758
2048.968489
2061.976417
2019.081224
1945.369629
1872.432314
1786.796784
1517.191977
865.401839
-79.995832
-994.577101
-1564.448260
-1854.184385
-2113.723533
-2310.391026
-2241.944544
-1893.053315
-1283.074375
-471.162829
271.218241
709.306695
789.677111
685.303969
569.006893
448.373841
344.155555
284.381026
174.123345
-57.541670
-189.479232
-17.433890
356.234346
636.679093
635.285387
379.617646
35.217250
-363.227993
-692.762185
-916.374673
-1115.674722
-1265.730471
-1271.769866
-1057.913325
-686.413077
-191.956932
285.774733
516.665466
428.397379
143.926368
-99.198013
-146.584038
-189.014663
-350.374921
-539.609311
-595.667289
-469.923979
-201.248310
134.480134
357.318340
314.423147
-41.591472
-516.535723
-922.568925
-1194.651432
-1366.851630
-1490.891521
-1565.841967
-1552.059757
-1387.912086
-1065.501283
-659.777795
-381.655892
-346.038944
-532.795634
-734.108815
-830.274574
-888.345684
-813.704950
-667.365753
-563.921749
-444.372691
-283.477002
-10.620213
260.533157
353.756645
225.225922
-104.772839
-554.165803
-927.524326
-1130.076358
-1197.903414
-1171.577844
-1105.299351
-979.710897
-721.100887
-374.997071
3.471710
319.997973
463.085188
458.284643
370.790838
329.289351
415.544306
577.988558
717.204366
781.934297
812.440986
848.212790
911.549014
955.218489
888.320570
680.813137
424.371115
177.530184
24.687022
7.652830
12.143662
33.513831
82.603276
197.816358
384.882760
644.112195
845.580233
945.772255
957.696189
912.942721
938.958578
1031.872354
1263.847081
1536.394158
1676.693960
1689.392176
1677.777954
1767.439747
1968.598073
2151.793068
2282.491779
2365.185040
2359.145644
2322.909272
2346.911997
2378.347825
2266.851294
1645.567845
493.746735
-709.331809
-1573.894494
-2128.280025
-2462.924475
-2521.460153
-2364.281016
-1947.098161
-1307.386814
-522.265406
211.753424
578.298271
517.594604
162.199410
-285.954703
-643.517884
-777.933147
-737.051085
-688.735922
-688.271353
-556.178934
-114.219073
522.859718
1013.134742
1135.780927
982.318340
631.723692
214.850550
-106.166546
-297.259212
-383.514167
-407.362036
-338.760699
-174.458171
69.750203
336.567597
475.163979
366.764574
-54.134831
-615.798607
-1005.881610
-1128.063226
-1120.320411
-1126.204950
-1073.708667
-913.277547
-638.872195
-329.469321
-51.192562
67.272503
-77.363275
-486.493602
-963.450986
-1217.415307
-1232.591224
-1106.847914
-923.188350
-828.880867
-826.403166
-821.912334
-728.843702
-610.688350
-624.625416
-722.339737
-848.547616
-855.980718
-717.539192
-493.616992
-174.922740
122.091631
270.443960
319.843117
309.312889
289.646140
166.380530
-102.759707
-465.123434
-871.930917
-1119.391273
-1121.714118
-946.107081
-681.612532
-447.314960
-266.907378
-104.772839
50.702879
152.288608
174.278201
105.212295
-59.554802
-239.188102
-235.936120
-53.670262
194.409520
389.993018
499.476417
553.211551
547.327012
535.712790
488.326764
436.914475
317.984842
197.506645
131.073296
235.756150
424.216259
580.466259
744.613930
802.065615
812.905555
795.251938
811.356992
858.743018
886.926863
952.895644
1029.084941
1132.683801
1253.626566
1394.545793
1549.866655
1605.924633
1554.202631
1417.464524
1331.054713
1395.474931
1570.617399
1796.862443
2027.908033
2217.606992
2284.814624
2296.273989
2286.827755
2116.640689
1514.869133
411.208330
-810.452968
-1699.637805
-2108.303563
-2214.225267
-2083.061987
-1765.606586
-1310.019370
-816.802076
-298.033493
198.590639
427.623097
261.462295
-158.972542
-603.100391
-849.631610
-796.515902
-497.023830
-110.037953
168.858231
337.187022
548.256150
793.238806
883.674881
711.784396
357.937765
-96.720312
-477.202225
-708.092958
-666.281759
-453.818925
-226.799598
-47.321154
52.870867
132.312146
110.322552
12.143662
-291.529529
-780.565703
-1318.536467
-1599.445783
-1550.046625
-1294.378885
-987.298855
-716.455198
-473.795386
-259.938845
-98.733444
-8.761937
-43.604603
-265.513672
-577.858815
-836.004257
-912.348409
-834.920262
-722.959162
-625.089985
-549.829826
-600.777547
-705.460401
-795.431908
-808.284980
-803.484435
-839.101382
-809.833543
-693.536467
-472.091967
-243.678934
-68.846179
66.188509
29.487567
-123.510451
-288.587259
-426.873929
-509.567190
-534.963622
-532.021353
-550.913820
-531.866496
-419.750540
-300.356338
-237.174970
-277.282750
-347.742364
-427.338498
-429.351630
-396.831809
-283.322146
-160.830817
-86.964366
-11.704207
80.590144
183.569579
248.918935
281.593613
304.822057
351.278945
410.588905
437.069331
432.113930
472.531422
501.334693
530.292820
540.823048
542.991036
558.631521
531.221958
435.985337
329.908776
249.383504
252.635486
363.357736
538.500203
779.766308
1017.780431
1229.314128
1396.404069
1458.346586
1497.680084
1506.661749
1444.719232
1331.828994
1194.316606
1048.441977
947.165962
959.554465
1091.182314
1284.752681
1449.210065
1554.976913
1606.234346
1623.887964
1568.759123
1400.120620
930.751194
193.480382
-615.488895
-1209.672492
-1458.681412
-1489.962383
-1327.518132
-1002.319916
-580.181660
-187.001531
144.081224
356.698915
375.281670
119.923642
-209.455694
-468.375416
-536.976754
-369.577101
-69.775317
184.808429
319.378548
361.189747
386.741036
406.872354
276.328499
39.243514
-266.287953
-502.288944
-665.197765
-680.528538
-570.425713
-449.947517
-342.012681
-298.188350
-317.855099
-410.304306
-502.908369
-626.019123
-759.505248
-883.080570
-992.099400
-955.088746
-710.415803
-382.430173
-126.917289
34.442968
100.566606
112.955109
56.742275
-67.142760
-264.894247
-503.837507
-708.247814
-846.379628
-851.025317
-818.505495
-830.584286
-958.340728
-1107.777051
-1213.234187
-1212.769618
-1116.913573
-938.209410
-755.014415
-650.331561
-584.517636
-567.018875
-479.370213
-416.033989
-423.312235
-405.813474
-411.078588
-361.524574
-285.335277
-244.298360
-226.335030
-285.799846
-354.401184
-410.149450
-426.099648
-377.010203
-328.075614
-283.322146
-241.201234
-214.720808
-107.560253
5.175129
83.842126
121.781918
156.624584
159.102285
152.443464
180.162741
255.113186
320.307686
321.081967
311.945446
346.323543
419.880283
432.888211
454.103523
479.964524
487.242770
509.851789
554.140689
626.303722
645.815615
614.844356
540.823048
462.620620
464.014326
559.096090
705.745000
858.897874
1005.856497
1156.841383
1323.621611
1421.645644
1495.512096
1499.383504
1392.997230
1236.437518
1132.064376
1165.823048
1304.264574
1505.732612
1609.021759
1634.882760
1598.336675
1554.202631
1552.189500
1492.569827
1341.894653
915.420421
161.115416
-646.924722
-1167.706437
-1360.037953
-1350.282007
-1201.929678
-848.547616
-434.771600
-72.872443
159.257141
249.848073
103.508875
-282.393008
-681.767388
-924.427200
-949.823632
-708.402671
-343.561244
-70.085030
5.484842
-96.410599
-199.235178
-307.479727
-484.325614
-667.210897
-770.035476
-786.759955
-704.686120
-488.816447
-197.996328
16.944207
44.353771
-57.541670
-211.313969
-324.513920
-361.060005
-356.724029
-385.062730
-496.868974
-597.525565
-568.877150
-383.359311
-194.279777
-192.421501
-313.519123
-424.396229
-465.742859
-404.574623
-324.359063
-283.941571
-349.445783
-546.887557
-692.297616
-811.227250
-939.138548
-1015.482701
-1069.837259
-1126.050094
-1133.173483
-1004.023335
-779.791422
-551.842958
-445.921254
-433.223037
-429.971055
-404.419767
-374.997071
-318.784237
-281.618726
-265.513672
-284.560996
-328.849896
-361.214861
-350.839489
-312.899698
-322.036219
-371.280520
-491.139291
-607.900936
-681.612532
-685.329083
-630.200243
-519.013424
-430.590480
-348.361789
-250.647468
-123.820163
-7.058518
77.183305
105.986576
91.275228
87.868390
76.563880
142.222949
235.446437
386.276467
479.964524
507.219232
545.313880
597.035882
657.739549
687.162245
681.122850
625.529440
561.418935
519.298023
472.531422
472.376566
445.586427
403.155803
409.659767
491.423890
683.755407
897.921660
1054.945942
1132.683801
1186.109222
1209.492522
1212.125079
1209.027954
1165.048766
1103.261105
1067.799014
1118.746735
1253.626566
1388.506398
1442.551244
1373.330481
1255.020273
1096.911997
994.706844
942.829985
890.798271
716.739797
272.302235
-351.768627
-859.077844
-1041.498558
-1049.396229
-973.671501
-822.531759
-619.050590
-504.456932
-411.388300
-363.073137
-350.839489
-441.120708
-584.982205
-648.163573
-577.703959
-276.818181
100.721462
379.153077
343.845843
59.684544
-221.069916
-361.214861
-338.915555
-311.815703
-234.542413
-103.379133
31.965268
215.315119
333.935040
393.864425
307.919183
60.768538
-213.017388
-379.797616
-419.905396
-429.971055
-454.128637
-559.585773
-783.043404
-934.338003
-906.463870
-796.206189
-763.066942
-803.639291
-852.883592
-848.237904
-781.339985
-678.360550
-573.213127
-582.969073
-698.027299
-850.560748
-1010.372443
-1173.590976
-1190.005743
-1122.023830
-1005.571898
-830.429430
-621.218578
-406.897468
-285.799846
-297.414068
-372.519370
-525.827101
-663.029777
-730.082552
-710.570659
-573.832552
-447.779529
-392.186120
-378.558766
-471.162829
-583.588498
-648.318429
-652.499549
-647.699004
-608.984930
-573.213127
-499.656387
-416.808270
-425.170510
-392.186120
-361.834286
-299.891769
-210.075119
-88.977497
73.466754
159.566853
227.239054
276.638211
315.816853
315.971710
318.913979
348.801244
381.321066
429.171660
437.843613
432.888211
436.295050
472.066853
494.521016
565.600055
594.403325
571.174881
558.786378
544.384742
571.020025
625.064871
722.469480
828.391185
952.276219
1109.919926
1280.881274
1472.438509
1625.901095
1681.184792
1594.000699
1441.157537
1316.033652
1257.652830
1235.663236
1209.802235
1221.261601
1203.917696
1212.744505
1196.639450
1180.069827
1181.463533
1160.867646
1107.132513
1000.901095
696.298766
61.542820
-669.843454
-1134.876903
-1308.625664
-1297.321154
-1087.645733
-715.371204
-348.981214
-159.127398
-114.219073
-142.712631
-205.429430
-317.700243
-389.863275
-321.726506
-135.279529
147.178350
485.229638
620.419183
416.163732
42.030927
-298.498062
-455.212631
-501.669519
-431.829331
-244.143503
-47.476011
-29.202968
-102.759707
-186.691818
-256.686863
-352.542909
-465.278290
-530.472790
-555.714366
-491.913573
-361.214861
-314.293404
-489.745585
-779.171997
-943.939093
-929.847170
-843.747071
-726.830570
-578.013672
-402.561491
-288.432403
-192.421501
-105.701977
-126.762433
-243.678934
-447.005248
-615.953464
-639.027051
-588.853612
-510.031759
-439.107577
-483.241620
-635.775069
-757.027547
-748.510451
-627.567686
-473.021105
-367.718825
-352.542909
-399.619222
-444.217834
-465.897715
-414.330570
-340.464118
-353.162334
-374.687359
-364.621700
-346.503513
-291.529529
-251.576605
-293.232948
-442.204703
-576.000540
-590.866744
-427.028786
-201.403166
10.285387
139.435535
104.128300
57.206844
69.440491
91.584941
115.587666
116.207091
166.535387
263.939995
349.575525
402.691234
409.814624
337.496735
188.524980
41.411502
32.584693
174.123345
383.953623
575.201145
685.768538
718.907785
699.241036
720.920917
788.593117
839.076269
870.976665
921.304961
991.919430
1089.788608
1184.870372
1220.332463
1185.334941
1131.754663
1128.192968
1177.437270
1258.736824
1347.624336
1399.965763
1412.818836
1333.377557
1193.697181
1117.353028
1139.497478
1189.670917
1222.190739
1261.988806
1284.442968
1270.351046
1220.332463
992.848568
447.289847
-298.033493
-809.523830
-947.345931
-826.558023
-568.257725
-272.482205
-57.231957
-46.856586
-191.027795
-335.199004
-374.222790
-411.852869
-430.435624
-339.844693
-171.670758
34.442968
241.795545
372.649113
205.559173
-254.518875
-638.717339
-722.649450
-487.887309
-126.452720
168.548519
303.892919
233.278449
81.983851
-101.830570
-215.959658
-249.718330
-243.988647
-177.710153
-73.182155
30.261849
132.931571
132.002433
-120.877894
-513.593454
-871.156635
-969.180669
-841.114514
-655.286962
-504.456932
-452.270362
-500.585525
-587.769618
-662.720064
-685.174227
-688.890778
-693.071898
-738.444792
-754.240134
-708.867240
-677.431412
-641.969321
-732.405396
-910.954703
-1018.734683
-939.757973
-672.166298
-333.340728
-132.337259
-137.292661
-245.227497
-385.217587
-419.750540
-328.385327
-176.006734
-17.279034
39.862939
4.400848
-81.389539
-151.849152
-180.032998
-265.668528
-374.532502
-510.806040
-525.827101
-405.039192
-211.933394
-113.754504
-156.804554
-284.096427
-409.530025
-369.886814
-247.395485
-76.743850
65.259371
148.726913
216.089401
223.367646
228.323048
278.341631
334.554465
393.864425
454.258380
554.140689
656.655555
707.758132
707.448419
638.072800
548.565862
523.479143
619.954614
794.787369
959.554465
1050.764822
1088.549757
1064.392176
1048.441977
1018.245000
1004.462790
1034.814624
1021.806695
1001.985089
1003.998221
1033.420917
1097.995991
1193.387468
1227.610709
1220.022750
1175.269282
1089.014326
1044.880283
1086.226913
1117.662741
1136.245496
1097.686279
1037.756893
984.950897
847.128796
497.927854
-20.840728
-448.553811
-646.460153
-557.882354
-308.408865
-124.439589
-145.500044
-356.878885
-587.150193
-665.817190
-640.575614
-577.394247
-491.139291
-362.143999
-160.366249
39.862939
158.173147
150.430332
-32.764663
-258.390282
-374.532502
-286.109559
-34.932651
273.695942
433.352780
360.725179
118.220223
-181.581561
-428.267636
-585.911343
-615.179182
-558.966348
-487.577596
-424.086516
-380.417041
-370.661095
-392.650689
-524.433394
-710.725515
-880.602869
-932.944296
-809.368974
-614.250044
-450.876655
-397.915803
-416.963127
-487.113028
-545.648706
-548.281263
-484.790183
-372.829083
-355.020609
-381.191323
-445.766397
-546.887557
-665.662334
-744.639043
-764.925218
-726.520857
-707.628389
-669.069172
-621.373434
-588.389043
-536.821898
-538.215604
-530.163077
-480.299351
-414.640282
-314.757973
-224.321898
-197.841472
-245.382354
-269.075367
-267.526804
-216.424227
-143.951481
-95.791174
-136.518379
-243.214366
-343.251531
-393.734683
-397.141521
-413.556288
-392.960401
-354.710897
-301.595188
-231.755000
-146.584038
-96.255743
-60.329083
-50.727993
-55.063969
11.679093
48.689747
100.256893
162.818836
185.118142
232.349311
264.094852
291.039847
361.654316
472.531422
552.901839
637.608231
690.414227
714.881521
726.186031
712.868390
708.067845
713.332959
723.708330
734.393414
715.500947
682.826269
657.584693
608.650104
554.914970
512.948915
513.413484
538.500203
575.665714
634.820818
667.185783
714.881521
781.005159
849.761353
897.766804
918.672404
944.843117
1011.431323
1120.295297
1218.319331
1306.277706
1334.461551
1298.999460
1189.051492
1019.638707
824.829490
665.792076
573.652582
569.781175
577.988558
500.560411
320.462542
112.490540
-106.940827
-279.450738
-366.634831
-387.540431
-358.272592
-347.277795
-333.805297
-330.243602
-372.519370
-504.302076
-655.596675
-739.683642
-711.964366
-625.399698
-495.320411
-407.207180
-406.278042
-551.997814
-758.111541
-865.426952
-846.379628
-667.675466
-500.895238
-406.742611
-384.443305
-406.587755
-478.750788
-570.580570
-686.258221
-787.069668
-891.597666
-898.411343
-760.898954
-626.173979
-479.989638
-419.905396
-446.076110
-449.947517
-422.692810
-335.663573
-253.899450
-209.765406
-226.180173
-313.983692
-393.889539
-425.325367
-412.782007
-400.238647
-416.498558
-446.230966
-440.656140
-415.414564
-404.574623
-455.212631
-572.903414
-721.255743
-814.479232
-803.639291
-743.400193
-663.184633
-612.082056
-622.302572
-672.630867
-651.725267
-576.619965
-481.228488
-394.044395
-377.165059
-352.697765
-296.639787
-218.747071
-126.452720
-56.457676
-22.544147
55.193712
128.595595
191.157537
281.129044
312.100302
305.441482
253.100055
249.073791
247.525228
231.110461
219.031670
162.509123
95.611204
58.445694
92.514078
183.724435
266.107983
294.601541
276.018786
253.409767
256.197181
336.567597
476.247973
616.547775
763.816110
857.813880
837.837418
786.425129
750.963038
711.319827
664.398370
631.568836
658.204118
702.647874
760.409272
860.756150
976.278945
1076.161254
1150.027706
1220.487319
1267.099064
1318.666209
1365.742522
1401.359470
1449.055208
1405.540590
1296.986328
1120.605010
892.191977
662.540094
481.048519
431.959074
461.072057
452.090392
415.234594
303.892919
98.708330
-142.248062
-340.928687
-472.866249
-603.410104
-688.426209
-732.715109
-735.967091
-737.205941
-741.851630
-808.439836
-889.894247
-921.949499
-858.148706
-686.567933
-487.267884
-352.542909
-357.188597
-444.062978
-557.108072
-579.562235
-522.420262
-389.863275
-275.424475
-168.573632
-110.037953
-105.701977
-147.822889
-218.592215
-370.041670
-540.848161
-638.097914
-736.741372
-755.943553
-786.605099
-829.500292
-857.838994
-867.285228
-835.384831
-775.610302
-716.455198
-687.806784
-652.809261
-659.003513
-651.570411
-614.095188
-581.265654
-572.593702
-608.830074
-621.373434
-595.357577
-531.092215
-515.761442
-508.947765
-529.543652
-597.835277
-602.016397
-584.827349
-582.504504
-587.459906
-561.444048
-525.672245
-452.889787
-378.868479
-346.658369
-342.012681
-395.128389
-437.094445
-452.580074
-419.750540
-314.448260
-261.022839
-232.064712
-201.248310
-225.715604
-244.298360
-221.534484
-169.038201
-97.184881
-28.738399
27.939004
43.734346
6.723692
-60.483939
-119.793900
-121.652175
-77.053563
13.537369
102.579738
193.480382
244.118390
219.805952
197.196933
162.354267
183.724435
274.779936
307.144901
373.423395
457.820075
573.497726
719.217498
822.196933
883.210312
864.162988
900.399361
921.150104
908.761601
924.247230
929.357488
914.336427
902.257636
864.937270
863.853276
886.617151
896.992522
962.961303
1055.255654
1183.012096
1275.771016
1298.380035
1327.957587
1285.062394
1207.789103
1098.615416
955.837914
814.454118
700.015317
636.988806
597.655307
528.899113
413.376318
197.661502
-23.318429
-209.300837
-377.165059
-472.246823
-533.260203
-638.252770
-794.812482
-906.309014
-968.096675
-969.645238
-965.928687
-940.222542
-919.781511
-863.413820
-758.730966
-651.105842
-554.320659
-501.050094
-504.302076
-504.147220
-489.900441
-473.795386
-428.112780
-368.647963
-328.385327
-338.915555
-331.017884
-307.944296
-341.238399
-416.808270
-484.015902
-503.218082
-488.971303
-448.708667
-435.236169
-494.081561
-576.619965
-668.604603
-668.294891
-613.320907
-543.635575
-510.031759
-518.084286
-527.375664
-540.848161
-472.556536
-432.448756
-458.309757
-524.123682
-620.599152
-625.089985
-554.475515
-441.430421
-371.125664
-373.758221
-439.881858
-480.763920
-463.574871
-376.390778
-238.878389
-159.746823
-145.035476
-182.046130
-224.631610
-292.458667
-382.585030
-441.430421
-445.611541
-432.293900
-379.487904
-265.049103
-152.158865
-92.229480
-111.431660
-156.649698
-180.962136
-163.618231
-70.859311
59.065119
188.370124
256.661749
272.611948
260.378300
210.669430
184.963286
167.309668
163.438261
185.892423
213.766556
258.829738
253.100055
213.766556
118.684792
58.135981
97.934049
180.782166
306.370620
447.134990
543.920174
609.888955
632.343117
648.603028
657.429837
671.057190
696.763335
751.427607
809.498717
822.042076
831.488310
801.136477
777.753177
750.653325
752.356744
801.910758
898.076517
1033.730630
1193.387468
1286.920669
1315.723940
1305.503424
1295.282909
1277.784148
1224.668439
1095.363434
880.268043
713.023246
622.277458
580.466259
588.209074
498.392423
317.520273
92.823791
-117.780768
-215.959658
-253.125168
-292.148954
-320.023087
-382.120461
-460.632601
-490.674722
-521.181412
-537.751036
-588.234187
-607.746080
-508.483196
-381.346179
-246.776060
-202.642017
-247.550342
-377.474772
-520.716843
-605.732948
-594.583295
-496.714118
-392.805545
-338.450986
-332.256734
-321.726506
-332.721303
-329.933890
-355.640035
-390.327844
-395.283246
-361.369717
-318.009955
-247.085773
-251.421749
-293.852373
-372.674227
-443.753265
-453.044643
-447.934385
-407.981462
-412.162582
-411.698013
-472.401680
-512.819172
-513.283741
-504.302076
-473.330817
-428.112780
-381.036467
-361.060005
-380.726754
-449.947517
-471.627398
-561.134336
-613.630619
-608.984930
-579.562235
-542.087012
-474.105099
-392.960401
-336.282998
-292.458667
-279.141026
-247.550342
-232.374425
-207.287705
-219.521353
-220.760203
-219.211640
-200.474029
-183.284980
-144.261194
-110.192810
-100.901432
-99.198013
-100.282007
-133.111541
-156.339985
-118.090480
-78.447269
-51.347418
-13.872195
10.595099
30.881274
115.897379
177.220471
264.094852
308.074039
319.843117
324.179093
370.171412
432.268786
468.040590
505.515813
512.174633
559.715516
588.673642
632.188261
689.639946
741.671660
767.687518
815.228400
859.052731
903.031918
987.428598
1049.061403
1028.465516
1018.709569
1000.126814
1030.788360
1085.917200
1132.528945
1153.434544
1205.621115
1258.427111
1305.813137
1390.829242
1496.750947
1573.869381
1617.229143
1587.806447
1423.039351
1202.678846
1008.489054
885.223444
810.118142
760.564128
617.476913
404.549510
202.926616
21.125327
-102.140282
-161.450243
-221.069916
-339.999549
-467.291422
-600.312978
-635.000788
-661.945783
-741.232205
-826.558023
-931.240877
-931.860302
-851.180173
-692.917041
-517.464861
-397.296377
-371.435376
-396.522096
-405.968330
-340.618974
-256.996576
-201.248310
-174.922740
-196.912334
-213.636814
-207.907131
-213.327101
-246.466348
-289.516397
-374.377646
-385.682155
-331.792165
-257.616001
-216.114514
-271.707924
-383.204455
-472.556536
-514.058023
-517.000292
-509.722046
-508.792909
-559.276060
-640.730471
-709.176952
-687.187359
-584.672492
-484.325614
-424.396229
-412.782007
-389.708419
-369.577101
-339.380124
-301.130619
-304.227745
-327.301333
-356.569172
-401.477497
-402.871204
-381.655892
-379.023335
-381.501036
-322.810500
-242.130371
-176.161591
-148.442314
-195.828340
-270.469073
-316.306536
-296.794643
-254.983444
-234.542413
-262.571402
-321.261937
-342.786962
-280.689589
-154.326853
-69.775317
16.634495
66.188509
105.676863
170.251938
207.727161
250.312641
227.393910
214.695694
204.165466
247.060659
313.494009
372.494257
419.415714
419.106001
411.827755
434.746487
486.933058
523.788855
511.864921
517.439747
519.762592
513.568340
577.988558
614.999212
698.931323
760.718984
804.233603
842.637964
870.047527
910.774733
990.680580
1076.780679
1182.392671
1220.951888
1218.474187
1221.416457
1201.749708
1178.830976
1214.757636
1284.907537
1313.710808
1339.726665
1378.440739
1346.230630
1282.894406
1170.159024
1019.793563
914.181571
801.291333
681.897131
546.707587
345.394406
125.033900
-59.245089
-177.555297
-236.555545
-322.036219
-423.312235
-516.690580
-643.517884
-726.056288
-776.229727
-824.544891
-877.660599
-974.445783
-985.595436
-894.385079
-704.686120
-520.252274
-390.482701
-372.209658
-427.338498
-458.619470
-420.215109
-338.605842
-264.584534
-206.358568
-254.054306
-280.225020
-290.910104
-273.256486
-222.928191
-219.521353
-231.755000
-222.153910
-219.521353
-232.684138
-261.797121
-276.198756
-280.689589
-262.881115
-241.820659
-236.245832
-263.500540
-296.949499
-364.002274
-432.448756
-464.039440
-492.997567
-539.609311
-601.706685
-637.943057
-660.397220
-616.108320
-566.864019
-529.698508
-477.821650
-471.627398
-468.065703
-426.099648
-429.971055
-414.020857
-408.291174
-406.742611
-353.162334
-303.298607
-270.159361
-210.694544
-251.731462
-289.671254
-293.542661
-294.936368
-241.510946
-188.240381
-111.896229
-80.305545
-78.292413
-71.478736
-58.625664
-45.462879
-5.819668
-28.583543
-31.061244
-30.441818
14.156794
60.923395
91.584941
120.697924
101.805456
68.975922
45.128053
57.361700
88.642671
104.747726
51.322304
3.316853
-30.286962
-18.672740
62.162245
154.146883
251.706348
323.249956
370.016556
438.927607
486.468489
524.872850
586.350798
682.671412
763.970966
862.459569
939.887716
969.310411
984.796041
986.964029
1036.363186
1101.867399
1143.523742
1146.775724
1133.612939
1146.311155
1183.012096
1243.870620
1291.101789
1296.212047
1253.007141
1156.686526
975.659520
828.546041
719.836923
637.608231
582.014822
524.872850
413.840887
295.066110
152.133751
-16.814465
-132.492116
-182.820411
-202.642017
-304.692314
-397.606090
-503.218082
-560.979480
-585.756486
-620.444296
-653.273830
-712.583791
-746.961888
-651.260699
-516.071154
-409.375168
-372.054802
-448.553811
-496.404405
-522.729975
-462.645733
-387.540431
-336.437854
-295.400936
-280.225020
-239.962383
-127.536714
-63.116496
-73.027299
-184.214118
-286.883840
-298.962631
-290.135822
-232.219569
-218.437359
-276.663325
-340.773830
-430.280768
-508.173483
-543.945287
-568.412582
-590.557032
-645.221303
-711.499797
-744.639043
-742.935624
-735.812235
-747.426457
-777.468578
-794.502770
-784.437111
-747.736169
-676.811987
-578.168528
-528.459658
-477.821650
-447.160104
-422.537953
-376.235922
-346.348657
-297.104356
-221.069916
-124.439589
-70.549598
-54.289688
-98.888300
-143.332056
-156.959410
-195.518627
-220.760203
-229.122443
-234.387557
-183.904405
-97.959162
-77.672988
-27.499549
-46.856586
-68.071898
-81.234683
-100.127150
-85.880371
-90.371204
-88.667785
-90.990629
-72.098161
-34.777795
29.952136
106.451145
177.685040
206.952879
208.036873
176.446189
185.272998
226.309916
291.194703
370.326269
404.239797
444.347577
484.300501
533.699658
554.605258
598.429589
680.658281
759.015565
796.645644
819.874088
853.477904
870.357240
921.924386
963.890441
952.431075
935.551740
927.808925
933.383751
995.171412
1054.016804
1115.804465
1134.232364
1105.429093
1088.085188
1056.959074
1077.709817
1050.764822
935.706596
749.104762
593.629044
477.177111
390.302731
311.326021
192.241531
29.487567
-125.988151
-255.293156
-305.931164
-284.406140
-310.576853
-343.716100
-423.621947
-492.532998
-499.191818
-461.871452
-473.795386
-481.538201
-523.968825
-557.108072
-555.714366
-537.441323
-490.365010
-490.674722
-475.653662
-470.388548
-418.511690
-392.650689
-372.209658
-382.275317
-418.201977
-439.107577
-442.049846
-422.537953
-402.096923
-401.632354
-417.272839
-464.504009
-473.950243
-455.522344
-453.818925
-463.729727
-514.212879
-581.110798
-608.984930
-544.874425
-487.267884
-419.595684
-412.782007
-457.380619
-508.638052
-547.816695
-561.134336
-575.381115
-586.530768
-605.578092
-617.037458
-654.977250
-666.126903
-653.893256
-628.651680
-567.638300
-511.115753
-500.275813
-497.333543
-454.438350
-378.868479
-292.148954
-214.875664
-194.124921
-229.896724
-262.106833
-281.928439
-247.860054
-222.153910
-188.240381
-142.557775
-118.864762
-81.389539
-2.722542
35.991531
19.112195
-2.257973
-21.769866
30.571561
37.385238
2.697428
-48.095436
-128.930421
-163.618231
-81.234683
9.820818
70.679341
101.340887
52.561155
-29.202968
-46.546873
-18.053315
22.364178
44.663484
64.794802
104.902582
175.671908
271.837666
368.467993
463.394901
455.342374
455.032661
453.174386
484.765070
529.983107
543.765317
621.193464
686.078251
782.089153
807.795297
807.175872
775.894901
706.674138
666.566358
710.545545
820.803226
887.701145
944.997973
953.669926
920.530679
869.118390
849.761353
845.580233
823.126071
776.204614
692.582215
586.505654
516.975179
436.140193
385.037617
345.239549
255.113186
159.876566
81.054713
56.587418
17.873345
-65.439341
-150.455446
-265.049103
-372.829083
-419.905396
-433.842463
-401.167785
-435.391026
-513.903166
-559.276060
-547.661838
-512.509460
-456.141769
-427.957924
-418.976258
-418.511690
-440.965852
-482.312482
-513.283741
-519.632849
-504.456932
-450.102373
-397.296377
-324.823632
-241.820659
-189.943801
-205.739143
-268.301085
-396.212383
-473.640530
-520.407131
-517.619717
-511.580322
-510.031759
-524.278538
-523.659113
-497.178687
-475.189093
-471.472542
-506.315208
-510.496328
-573.058270
-565.625168
-573.213127
-617.656883
-633.297369
-622.302572
-575.381115
-535.118479
-474.879380
-411.698013
-391.566695
-415.104851
-420.524821
-430.435624
-416.653414
-355.020609
-314.448260
-284.406140
-222.773335
-186.382106
-158.507973
-139.925218
-171.361045
-217.508221
-241.046377
-212.552819
-198.925466
-168.883345
-181.271848
-154.791422
-109.883097
-85.260946
-32.300094
-7.832800
0.064871
-30.132106
-67.762185
-49.953711
-9.226506
67.582215
113.729391
134.325278
151.669183
164.057686
177.994752
222.903077
274.625079
305.906051
357.318340
410.434049
442.179589
425.919678
366.454861
284.535882
219.651095
199.984346
321.701393
457.355506
557.392671
617.322057
630.484842
642.718489
702.802731
785.031422
872.370372
906.283900
883.829738
839.850550
810.118142
810.737567
867.260114
907.058182
880.577755
846.354515
828.546041
875.312641
879.338905
890.023989
825.913484
774.191482
769.545793
745.388211
716.584941
611.282661
485.539351
329.134495
202.616903
106.915714
53.335436
22.828746
-34.777795
-76.743850
-115.457924
-136.053811
-142.712631
-154.946278
-221.379628
-332.721303
-424.086516
-449.018379
-447.005248
-401.942066
-367.099400
-354.710897
-319.248806
-306.086021
-283.941571
-297.104356
-334.269866
-381.346179
-402.561491
-374.222790
-297.878637
-272.637061
-283.477002
-311.505991
-347.432651
-362.918280
-346.503513
-364.776556
-406.278042
-453.044643
-489.126159
-458.000044
-427.648211
-402.716348
-422.228241
-509.257478
-549.829826
-573.367983
-576.155396
-542.396724
-501.669519
-446.230966
-409.220312
-431.364762
-471.937111
-517.619717
-559.895485
-575.071402
-567.018875
-521.026556
-450.721799
-405.658617
-403.800342
-406.742611
-387.385575
-390.327844
-384.907874
-284.560996
-194.279777
-130.169271
-97.959162
-100.591719
-81.854108
-62.497071
12.763087
52.561155
64.794802
71.453623
46.986328
48.689747
68.975922
68.356497
73.311898
75.479886
75.170174
119.923642
136.028697
120.543068
83.222701
63.091383
58.445694
94.217498
168.703375
188.679837
197.971214
229.716754
288.252433
322.165962
348.801244
367.229143
357.937765
374.817101
407.646635
486.158776
536.022503
533.080233
521.156298
531.376814
606.791829
664.708082
730.986576
811.821561
808.259866
796.800501
768.306943
766.913236
780.076021
745.697924
731.141432
695.369629
665.637220
678.800005
718.907785
727.115169
714.262096
685.303969
640.395644
599.049014
579.691977
578.453127
590.841631
630.175129
659.752681
660.217250
606.946685
572.878300
480.429093
387.360461
291.659272
228.323048
184.653573
104.438013
35.991531
-63.735922
-145.809757
-237.329826
-329.314465
-414.175713
-467.910847
-532.950490
-584.982205
-574.916546
-552.926952
-514.212879
-442.669271
-406.897468
-426.409361
-440.036714
-453.664068
-463.110302
-463.574871
-426.254504
-348.671501
-317.235674
-294.316942
-278.521600
-261.642264
-279.915307
-332.566447
-363.227993
-433.842463
-466.826853
-501.514663
-532.176209
-549.365258
-567.793156
-594.273583
-549.520114
-511.115753
-541.312730
-599.693553
-643.363028
-680.063969
-703.447269
-641.814465
-578.633097
-495.939836
-461.097170
-475.343949
-501.979232
-528.459658
-524.278538
-492.223285
-480.763920
-474.259955
-457.845188
-426.409361
-418.511690
-417.892264
-389.708419
-394.973533
-370.351382
-331.482453
-302.988895
-301.440332
-303.918033
-285.025565
-267.681660
-197.222046
-148.597170
-153.088003
-127.227002
-84.022096
-65.439341
-70.085030
-102.759707
-125.368726
-91.764911
21.280184
137.886972
206.798023
270.753672
305.751194
330.063632
355.924633
374.817101
345.704118
301.570075
248.299510
223.832215
212.063137
227.084197
251.241779
225.690491
250.467498
242.105258
277.412493
321.081967
372.184544
464.633751
512.639202
486.778201
470.053722
418.641432
387.205605
389.063880
389.993018
433.662493
455.032661
482.751938
517.594604
525.182562
528.434544
508.458082
457.974931
361.499460
295.375823
283.916457
289.491284
351.743514
409.659767
420.189995
417.867151
369.706844
347.407537
333.470471
326.037369
310.706596
295.995248
313.494009
321.081967
366.300005
414.460312
402.691234
285.310164
153.217745
23.912741
-72.407874
-152.623434
-144.261194
-129.704703
-121.807032
-94.242611
-101.675713
-168.883345
-233.303563
-322.191075
-379.178191
-411.543156
-457.535476
-450.257230
-466.517141
-431.055049
-406.587755
-355.640035
-318.474524
-316.616249
-334.115010
-382.585030
-447.469816
-482.157626
-510.960897
-511.890035
-517.000292
-498.262681
-439.262433
-447.160104
-442.669271
-480.144494
-553.236665
-594.118726
-672.011442
-735.812235
-742.316199
-740.148211
-733.489390
-714.132354
-723.578588
-728.533989
-727.759707
-731.476258
-678.515406
-604.648954
-527.375664
-445.921254
-389.088994
-388.779281
-361.214861
-341.548112
-345.264663
-326.836764
-336.747567
-310.576853
-259.164564
-161.140530
-87.893503
-25.641273
0.064871
-46.237160
-89.906635
-93.778042
-77.053563
-29.048112
28.403573
96.075773
159.257141
162.818836
148.417200
153.682314
181.866160
175.671908
185.427854
186.047280
173.194207
165.141680
125.808182
105.831720
69.750203
61.542820
107.535139
136.957835
181.866160
212.992275
226.464772
279.580481
389.528449
466.801740
514.342622
524.563137
486.313632
447.289847
432.888211
435.520768
451.006398
480.429093
485.539351
474.854267
460.452631
459.988063
468.350302
441.869876
404.239797
368.932562
320.617399
296.769529
295.220966
334.554465
381.011353
401.142671
362.428598
262.236576
221.354515
204.320322
212.372850
264.714277
321.081967
364.132017
316.126566
226.464772
175.362195
157.398865
186.202136
218.567101
207.572304
193.325525
167.154812
151.049757
167.774237
192.706100
194.409520
196.267795
196.732364
190.073543
151.049757
120.852780
86.629539
55.813137
67.891928
32.429837
3.471710
-42.520609
-107.715109
-156.030272
-188.550094
-207.907131
-257.151432
-294.007230
-370.196526
-423.931660
-421.453959
-405.658617
-406.897468
-403.955198
-375.771353
-364.931412
-323.120213
-290.600391
-282.083295
-303.143751
-351.149202
-406.123186
-422.383097
-416.498558
-389.398706
-311.970560
-247.240629
-241.665803
-277.592463
-326.836764
-363.692562
-325.752770
-282.083295
-263.810253
-199.390035
-176.006734
-191.337507
-196.602621
-235.781263
-237.949252
-250.647468
-289.671254
-337.366992
-351.304058
-362.918280
-369.422245
-362.298855
-390.482701
-409.530025
-435.081313
-400.083791
-320.177943
-257.616001
-249.098905
-237.174970
-233.303563
-196.447765
-129.859559
-78.137557
2.387716
19.267052
48.689747
36.456100
21.280184
34.907537
50.548023
45.128053
47.296041
70.059916
122.556199
174.278201
206.952879
232.349311
222.903077
220.735089
206.023742
190.383256
232.659024
311.790590
377.759371
385.657042
408.575773
423.287121
426.384247
443.263583
396.651839
358.092622
314.423147
263.939995
287.323296
314.113434
362.893167
457.045793
490.030184
508.458082
480.583950
438.617894
373.578251
274.005654
253.100055
276.793068
320.307686
400.987815
427.623097
428.707091
379.153077
311.635734
257.436031
204.939747
149.036626
147.333206
115.587666
123.485337
87.713533
49.618885
38.933801
0.994009
21.125327
14.466507
13.382513
-7.832800
-18.827596
-34.932651
-25.021848
9.046536
49.928598
79.815862
66.188509
33.668687
-53.515406
-143.796625
-208.526556
-229.122443
-208.216843
-196.447765
-169.038201
-132.646972
-140.389787
-140.854356
-170.277051
-205.119717
-300.201481
-415.104851
-489.435872
-504.611789
-481.073632
-456.916050
-410.768875
-439.262433
-493.307279
-514.677448
-513.903166
-469.769123
-406.587755
-402.561491
-394.199252
-419.750540
-422.228241
-424.860798
-405.658617
-396.986665
-419.285971
-395.283246
-406.278042
-408.446031
-390.018132
-390.172988
-386.301581
-380.417041
-378.558766
-370.196526
-385.217587
-428.577349
-421.144247
-376.235922
-251.266893
-128.310996
-53.670262
-50.727993
-62.961640
-58.161095
-102.449995
-98.733444
-71.169024
-10.155644
66.498221
108.619133
127.666457
92.049510
36.146388
25.461303
21.125327
68.356497
99.327755
137.577260
131.228152
115.277954
115.123097
94.372354
124.724187
167.309668
182.330729
150.585188
140.984098
130.299014
148.417200
173.658776
129.989301
99.947181
112.025971
136.957835
177.839896
195.958082
211.753424
198.745496
136.802978
132.312146
149.191482
160.186279
172.574782
181.246735
195.338657
222.903077
257.745743
267.811403
279.580481
275.863930
234.672156
188.524980
153.217745
174.278201
214.695694
298.472949
320.772255
310.706596
267.037121
182.795297
123.795050
124.259619
129.060164
129.989301
130.144158
95.301492
109.703127
112.800253
76.254168
59.994257
48.225179
59.839401
122.865912
143.926368
156.005159
143.152086
98.863186
89.881521
108.154564
89.571809
54.264574
-2.103117
-52.121700
-68.071898
-10.000788
62.162245
104.592869
117.910511
64.020520
7.497973
-32.454950
-60.638796
-114.064217
-166.870213
-212.088251
-237.639539
-248.944048
-248.324623
-227.109311
-236.710401
-243.833791
-265.049103
-302.524326
-305.002027
-388.624425
-426.409361
-399.309509
-356.569172
-325.907626
-338.605842
