250.623520
209.093499
207.407779
209.553241
254.301456
319.125068
361.421326
413.678658
359.735605
301.348380
279.740509
312.382186
342.725154
409.081239
413.218917
436.665755
476.050314
497.198443
536.429754
573.975345
624.546958
638.032721
642.630140
615.045624
545.011604
469.460680
410.000723
351.766745
308.091262
296.750961
305.486057
272.537886
180.129757
62.589070
9.105759
-43.764563
-81.310154
-147.512993
-270.570583
-360.833249
-363.898195
-343.056561
-376.004733
-422.285420
-494.311656
-511.781850
-512.548086
-527.413075
-517.298753
-524.807871
-530.784516
-427.189334
-269.804346
-157.014326
-132.801251
-155.635100
-123.606412
-3.000779
88.028124
83.277457
32.705845
-42.538585
-90.351746
-95.408907
-102.305036
-142.302584
-231.032777
-297.695357
-314.552561
-313.020088
-329.724045
-400.524302
-453.394624
-460.137506
-444.046538
-446.345248
-514.540301
-605.109462
-637.291397
-592.696430
-545.802753
-538.293634
-575.532731
-618.135483
-548.561204
-504.885721
-434.238711
-347.194238
-259.230282
-142.915573
-79.471187
-13.268349
-0.548822
-41.312606
-14.341080
53.394231
163.425800
263.649541
304.413326
301.195133
284.950918
279.587262
230.548122
201.737628
200.511650
186.259650
216.449370
205.109069
184.573929
173.540123
172.620639
183.347951
218.441585
237.903993
199.132424
185.799908
207.561026
325.867950
461.798314
614.432635
661.939302
642.323646
611.980678
620.409280
720.479774
794.344978
825.760676
781.165709
665.157495
519.266055
384.561669
333.377068
295.984724
262.423563
176.298575
39.142232
-14.954069
-26.294370
9.412253
33.778576
-73.801036
-275.627744
-419.067227
-492.012947
-495.997377
-484.350581
-491.399957
-465.501162
-499.062323
-531.857247
-523.581893
-487.415527
-450.329678
-408.186668
-333.861722
-254.632863
-165.749423
-103.224520
-91.424477
-44.224305
79.906016
201.277886
316.366616
317.592595
236.524768
181.968725
162.046575
162.353069
94.004769
-33.956736
-163.757208
-203.908003
-199.923573
-170.040347
-200.076820
-257.084820
-308.116174
-338.305894
-317.617507
-327.272088
-385.046324
-439.755614
-459.064775
-460.597248
-454.620603
-477.301205
-459.524517
-478.220689
-534.922194
-551.472903
-535.841677
-500.288301
-462.129721
-407.573679
-350.565679
-299.381077
-267.965379
-148.279229
-42.845080
25.043479
75.615092
79.752769
82.817715
33.165586
-59.089294
-160.998756
-202.069035
-211.263874
-207.126196
-180.307917
-159.313036
-136.019444
-132.341509
-112.112864
-152.876648
-204.520992
-219.539229
-181.074154
-102.764778
-69.816606
-38.707402
6.040813
84.350188
135.381543
198.979176
243.420897
285.563907
327.860165
426.704680
501.489367
533.977797
542.099905
549.609023
616.118356
703.775817
848.288031
968.740417
1155.242394
1285.809103
1320.749489
1250.868716
1000.462610
734.578527
494.286744
345.636853
281.272982
258.592380
130.477629
-63.686714
-257.851056
-320.375959
-262.601723
-241.913336
-357.461808
-590.091225
-734.296945
-741.806063
-603.730236
-533.236473
-579.670408
-706.712429
-831.302492
-875.744212
-829.770019
-782.263353
-787.014019
-807.242664
-768.777589
-555.917075
-403.129507
-357.921550
-330.796776
-214.788562
69.638446
317.132853
482.333454
540.567432
490.149066
435.593024
391.917540
301.041885
212.158445
98.142446
-6.831962
-43.458069
-95.102412
-212.796347
-369.108604
-526.340344
-578.597677
-527.413075
-398.991829
-339.991615
-353.017636
-422.591915
-495.231140
-474.389506
-461.516732
-442.054323
-406.960689
-362.978711
-313.633077
-288.194024
-311.794109
-391.789206
-447.877721
-406.500947
-315.165550
-217.700261
-156.554584
-158.853294
-107.515445
-18.172263
67.339737
124.960725
116.838618
80.365758
18.453845
23.204511
-36.715187
-91.271230
-159.159788
-173.565035
-148.738971
-134.793466
-132.494756
-193.946928
-265.666669
-334.168217
-317.770755
-296.622626
-271.336819
-219.079487
-180.614412
-160.692261
-162.531229
-170.806584
-135.406455
-12.042370
129.864639
253.994961
315.447132
364.639519
409.234486
484.172421
603.092334
695.960204
798.635902
863.919257
990.501535
1208.725705
1426.490134
1603.031035
1752.140668
1847.000754
1808.688926
1613.758347
1317.837790
997.704159
763.695516
669.908162
673.432850
572.289625
304.873068
-22.156693
-190.422240
-193.180691
-141.383100
-221.684691
-490.786968
-733.224213
-771.689288
-675.143483
-571.241806
-623.958881
-801.725761
-940.721072
-986.695265
-917.580728
-873.598750
-888.310492
-936.583394
-881.261115
-693.073418
-449.563442
-279.765422
-179.848175
-29.052822
205.875305
459.039862
663.625022
729.981107
701.477108
684.926398
707.913495
657.035388
479.575002
184.727177
-97.707617
-180.767659
-129.889552
-110.580391
-179.848175
-311.794109
-438.836130
-518.371484
-541.358581
-570.935312
-642.808300
-739.507353
-769.390579
-722.037160
-683.878579
-695.218880
-735.829418
-697.517590
-680.353891
-611.392602
-594.075655
-633.766709
-641.888816
-640.509591
-540.439097
-370.487829
-189.196261
-76.559488
26.575952
183.501198
319.278315
385.174659
380.117497
331.231605
261.044337
183.194703
90.020339
-17.406026
-154.255874
-220.765207
-226.435358
-221.378196
-216.474282
-299.227830
-379.069679
-425.810108
-464.888173
-457.532302
-470.098581
-526.187097
-553.311871
-546.875484
-502.893506
-511.475355
-503.812990
-448.030969
-335.240948
-194.406670
-69.663359
66.726747
146.108854
261.810574
371.382401
509.611475
632.975560
757.565623
888.745321
1051.800459
1200.756845
1319.830006
1433.079768
1555.064627
1664.023465
1827.231851
1961.170000
1925.463377
1713.522346
1333.622263
983.911901
716.342097
531.679088
460.419088
298.283434
39.295479
-253.866626
-425.043872
-435.617936
-349.339701
-368.648862
-637.444644
-910.837846
-999.721286
-863.637675
-742.878794
-767.398364
-876.663696
-960.030233
-958.191265
-826.245331
-686.483784
-593.615913
-571.395053
-557.602796
-427.036087
-181.380648
56.765672
223.039004
380.577239
673.279602
1023.909449
1248.570006
1285.655855
1186.504845
1064.213492
953.722181
871.888117
741.781150
516.354357
257.979391
59.217629
-74.567273
-187.817035
-258.617293
-325.892862
-395.160646
-444.199786
-470.711570
-505.805205
-638.517375
-772.608772
-875.131223
-830.229761
-713.915052
-624.418623
-616.143268
-653.075870
-637.904386
-606.948430
-549.633935
-484.503828
-379.529421
-262.295228
-87.133552
118.830833
290.314574
382.722702
342.418659
340.273197
380.883734
410.920207
377.205799
321.883519
262.270316
188.864854
58.144898
-98.320606
-228.580820
-330.643529
-380.448905
-429.794539
-497.836344
-629.935526
-773.834751
-874.518234
-882.793588
-841.263567
-775.673718
-741.806063
-729.852773
-730.619009
-753.299611
-789.159482
-810.614105
-738.894364
-573.387269
-374.778754
-148.125982
34.544812
171.394661
333.070573
488.923088
609.068979
704.542054
777.641021
839.093192
914.490869
1068.197922
1293.318221
1469.552628
1643.488325
1851.444926
2023.848150
2168.820106
2199.316321
2050.666429
1697.431379
1217.767297
847.675042
605.084549
387.473368
231.007864
30.560382
-268.118626
-573.387269
-726.174837
-618.748472
-393.474926
-342.443572
-545.496258
-774.600987
-848.006449
-794.063396
-733.683955
-784.715310
-888.310492
-929.993760
-884.019567
-765.406149
-650.470666
-554.384602
-517.452000
-433.012732
-224.596390
71.630661
322.343261
462.104809
648.760033
951.423471
1319.063769
1518.591767
1512.461875
1362.586005
1207.959469
1036.628976
832.197063
589.913066
189.937585
-219.079487
-496.457119
-632.847225
-722.956644
-811.686836
-927.695050
-939.954835
-911.910577
-872.985761
-828.237546
-860.112986
-906.700169
-942.713287
-849.538922
-747.169719
-766.325632
-832.681718
-823.333632
-735.522923
-578.444430
-451.249162
-359.300776
-328.344819
-283.749852
-122.227186
136.760768
350.234272
449.385282
491.528292
489.995819
536.889496
539.801195
538.268722
501.336120
406.322788
264.875520
127.872424
-19.551488
-214.482067
-423.817893
-593.156172
-730.465762
-854.136341
-953.747093
-1053.051350
-1082.628081
-1035.121415
-981.331609
-898.731309
-811.073847
-755.598321
-661.657719
-575.839225
-487.722022
-349.952690
-208.811917
-57.403574
96.609973
221.506531
304.873068
411.992938
532.445324
656.422398
729.061624
825.607429
991.880761
1141.450136
1279.525963
1406.414736
1458.825316
1545.103552
1659.885788
1830.909786
2072.734042
2284.828320
2364.976663
2227.973568
1908.912667
1462.809746
1004.753535
571.829883
187.025886
-102.151789
-256.471830
-400.064560
-593.002924
-744.564514
-780.730880
-651.236902
-513.314323
-618.748472
-821.954406
-860.266234
-706.865676
-489.867484
-394.700904
-452.934882
-556.223570
-577.371699
-534.462452
-396.999614
-266.892647
-236.856175
-216.014540
-90.811488
218.748080
554.819431
748.064290
846.449063
994.179471
1286.881834
1533.610004
1603.337530
1423.731682
1117.237061
824.228203
541.486915
226.257198
-120.234971
-517.452000
-826.398578
-994.664125
-1100.864511
-1157.106274
-1207.677887
-1226.067564
-1221.929887
-1180.246618
-1027.152555
-871.146793
-824.866105
-825.172600
-802.338750
-669.779827
-572.927527
-522.815656
-473.010280
-394.700904
-285.588819
-168.354627
-64.606198
15.235651
135.994532
305.945799
515.588120
710.825194
834.036031
847.215300
825.913924
771.051387
695.040721
560.642829
354.678444
115.765887
-148.738971
-435.311442
-621.813419
-781.956858
-910.224857
-1019.643437
-1140.862059
-1233.729929
-1245.070230
-1205.992166
-1135.191909
-1108.833371
-1098.412554
-1019.030447
-917.120986
-747.322966
-584.421075
-403.282754
-192.874197
12.477200
152.085499
254.454703
296.444466
343.031648
451.071002
574.894829
703.009581
821.622999
887.979085
961.231299
1066.512201
1188.343813
1334.388500
1430.781058
1509.396929
1565.485444
1641.036368
1751.987421
1838.572152
1930.827033
2049.133956
2141.388837
2171.425310
1950.902430
1449.630478
897.633665
384.561669
1.749888
-346.428002
-593.309419
-761.728213
-949.456168
-1139.482834
-1199.249285
-1012.134318
-723.722880
-581.356129
-661.810967
-811.686836
-849.079180
-711.309848
-588.099010
-594.535397
-609.093892
-560.361247
-477.147958
-355.622840
-223.523659
-133.107745
-80.237423
15.848640
286.176896
702.243344
1147.580029
1429.248585
1556.597100
1711.836626
1870.447592
1835.507205
1570.389358
1118.309792
643.396377
284.337928
-82.995875
-497.989592
-955.432814
-1361.078445
-1562.751905
-1608.879346
-1537.006357
-1485.055519
-1437.089111
-1359.545971
-1301.465241
-1203.540209
-962.022448
-748.242450
-634.379698
-543.963785
-463.968689
-354.703356
-300.300561
-267.812131
-135.866197
82.817715
317.899089
473.598357
509.458228
516.507604
519.725797
564.780507
615.352119
645.388592
673.432850
611.061194
530.299862
459.806099
349.927777
160.820596
-127.131100
-474.083011
-782.263353
-958.651007
-1084.926791
-1179.173887
-1252.426101
-1259.168983
-1239.246833
-1181.012855
-1099.485285
-991.905674
-905.627438
-863.944169
-728.320299
-562.966451
-369.415098
-239.308132
-125.905122
65.654016
339.200466
601.713108
766.300720
845.069838
866.984203
900.851859
863.459515
807.524246
768.905924
717.261581
733.505796
778.713752
880.929708
994.179471
1069.577147
1147.733276
1228.801103
1354.617145
1456.526607
1619.428498
1795.969399
2020.016967
2324.672621
2617.374984
2696.297349
2414.628792
1736.509443
948.205278
306.558788
-130.196047
-593.002924
-1047.381200
-1311.732811
-1467.278831
-1675.082184
-1812.545021
-1565.357109
-1016.271996
-495.384387
-333.248733
-418.913980
-465.194667
-358.534539
-211.570368
-206.972949
-342.596819
-426.269850
-404.048990
-341.677335
-222.910669
-4.839747
186.566144
367.244723
574.128593
906.215514
1362.892500
1670.000110
1823.707162
1899.717829
1961.782989
1891.442474
1574.680283
1032.491298
419.655304
-149.198713
-738.128127
-1378.548638
-2031.382181
-2517.329402
-2689.732627
-2607.285574
-2379.253576
-2065.249836
-1671.097754
-1297.021069
-996.656340
-787.167267
-584.267828
-355.163098
-234.097723
-164.216949
-53.725639
160.514102
359.429111
432.681325
513.136163
616.118356
761.243559
833.423042
823.768461
762.622785
717.261581
654.736678
573.822098
469.154185
277.901541
-49.741208
-401.290539
-585.800301
-710.390364
-867.622105
-1101.630748
-1355.408294
-1484.136035
-1463.600895
-1387.130487
-1262.693671
-1151.742618
-1025.466835
-923.097631
-859.040255
-751.154149
-678.208429
-529.558538
-380.448905
-199.463831
19.833070
225.950703
282.039219
249.550789
255.527434
259.205369
247.865069
181.968725
116.072381
62.742317
57.838403
23.511006
42.820167
64.581285
82.204726
79.599522
174.766101
327.400423
451.530744
604.318313
760.170828
982.072933
1320.289747
1706.932712
2013.274086
2234.103460
2535.234425
2943.025518
3348.058160
3605.360394
3404.146676
2614.616532
1447.944757
388.239605
-368.648862
-1074.659221
-1801.664462
-2298.492243
-2495.874779
-2580.773789
-2625.828498
-2398.562737
-1814.843731
-1103.469716
-676.829203
-487.875269
-298.921335
33.012339
400.499390
621.941753
735.804505
748.217537
728.448634
656.728893
633.588549
733.505796
902.077837
1028.047126
1105.743513
1309.715683
1625.558390
1867.382646
1883.320366
1673.065056
1371.934091
1062.834266
647.074312
-46.523015
-883.406578
-1627.115776
-2214.359469
-2645.903896
-2925.120496
-3003.276624
-2801.296669
-2369.752242
-1827.869752
-1255.797542
-676.522708
-143.988304
258.898875
543.632378
789.747558
1011.189922
1111.260416
1021.304245
885.373880
852.885450
856.869880
699.484893
529.227131
438.657970
442.489153
436.819002
248.478058
-45.450284
-283.290110
-493.545420
-679.740902
-829.003782
-1029.298017
-1246.449456
-1431.418960
-1497.928293
-1323.992595
-1055.196813
-898.731309
-833.294707
-749.008686
-570.475570
-343.363055
-127.437595
36.690275
60.596855
-5.299488
-92.037466
-147.972735
-223.983401
-274.708260
-309.188905
-307.043443
-249.728949
-206.972949
-195.479401
-325.739615
-474.389506
-527.259828
-530.324774
-526.493591
-586.566537
-632.387483
-568.176860
-461.056990
-294.477163
-32.117768
266.867735
566.159732
807.217752
1035.096503
1319.983253
1619.581745
1899.564581
2157.020063
2365.436405
2487.574512
2574.772231
2614.769779
2687.102510
2900.422766
3190.673172
3390.967407
3033.441432
1861.406001
256.753413
-979.799136
-1648.110657
-2420.783597
-3405.244319
-3887.820100
-3727.216919
-3328.160922
-3000.211678
-2357.339210
-1188.521973
170.321929
1127.044889
1475.529273
1659.426046
1864.164452
2050.359935
2086.526300
1919.793226
1630.309057
1295.157189
877.251773
497.964679
377.512293
484.785411
497.198443
338.587476
302.574358
563.248034
834.955515
672.053624
161.127091
-210.344390
-322.368174
-512.854581
-1084.313802
-1807.641107
-2325.310522
-2498.633230
-2447.295381
-2203.019168
-1767.030570
-1142.701027
-472.090796
156.376424
772.430612
1316.611812
1570.082864
1457.599338
1111.873405
775.189064
545.624593
250.470273
-225.362626
-699.356558
-775.213976
-580.743139
-502.127269
-547.948215
-503.966237
-306.430454
-161.764992
-271.336819
-470.558323
-602.197763
-642.348558
-623.805634
-555.610580
-394.087915
-226.282110
-141.383100
13.549931
272.997627
599.414399
871.121880
897.633665
706.994011
466.855475
279.893756
43.126662
-287.581034
-729.086536
-1132.586705
-1421.151390
-1601.216980
-1629.720980
-1516.471217
-1280.470359
-1019.796684
-719.585203
-449.563442
-301.679787
-280.531658
-347.807227
-374.625507
-334.474711
-285.435572
-218.619745
-116.250541
109.942489
366.171992
582.403947
816.412591
1047.816029
1266.806436
1453.155166
1565.178950
1586.173831
1501.428068
1355.383382
1273.396070
1280.138952
1394.308198
1510.316412
1641.802605
1791.678475
2004.845484
2325.438857
2707.331155
2854.601820
2253.872363
811.048935
-698.743569
-1524.133583
-2048.699127
-3004.349355
-3992.028271
-4066.506464
-3277.742557
-2411.742005
-1752.625323
-817.050492
499.037410
1871.980065
2692.159671
2887.090250
2747.941692
2526.039587
2176.175977
1591.537487
902.997321
209.706488
-479.446667
-1072.207264
-1305.602918
-1000.794018
-483.584345
-247.276992
-218.926239
37.763006
582.863689
937.477966
601.406614
-92.343961
-582.428860
-850.764901
-1166.914102
-1682.131560
-2065.709578
-2093.140847
-1807.334613
-1365.982358
-828.850535
-238.082153
279.893756
590.066313
738.103215
851.352977
839.399687
453.522959
-229.500304
-895.819610
-1286.906746
-1402.761713
-1523.673841
-1780.976075
-1807.181365
-1417.166960
-801.266019
-309.495400
-10.509897
306.099047
581.944205
599.414399
338.127734
-18.019015
-360.373507
-664.722666
-855.668814
-741.193074
-419.067227
-149.505208
17.074619
235.452036
525.855690
583.323431
316.060122
-29.512564
-370.794324
-725.408601
-1128.908769
-1486.128250
-1783.581280
-1905.566139
-1753.544807
-1429.733240
-1020.103179
-689.548730
-431.480259
-270.417336
-143.068821
3.129114
-4.992994
-259.843271
-608.327655
-778.432170
-683.878579
-533.389720
-410.178883
-167.128648
258.898875
771.664376
1203.975039
1428.175854
1460.204542
1376.225016
1201.982824
991.574266
783.157924
658.108119
574.128593
580.411732
686.458871
962.763772
1345.269059
1764.093959
2218.472234
2771.235283
3426.214288
4064.949079
4532.353376
4318.266883
2788.398982
290.467821
-1641.674270
-2397.490006
-3010.479248
-4256.533129
-4970.359102
-4248.717516
-2697.088498
-1310.047090
-277.926454
974.563815
2500.140791
3757.994716
4022.346326
3386.829730
2373.098771
1431.547295
625.619689
-86.214068
-699.663052
-1154.654317
-1576.697410
-1855.454268
-1520.302400
-492.012947
575.967560
878.937493
728.295387
737.643473
868.210181
563.248034
-335.240948
-1275.413198
-1766.724075
-1818.828161
-1769.022785
-1633.092421
-1354.642057
-811.073847
-134.486971
535.050528
1089.499298
1415.916069
1406.874478
921.386998
196.680467
-428.721807
-986.235523
-1738.220076
-2545.680155
-2941.977700
-2632.264885
-1898.363515
-1201.241500
-692.920171
-72.881552
672.053624
1190.795770
1247.957017
997.550912
658.721108
267.020982
-213.102841
-655.527827
-975.508211
-1148.371178
-1130.747737
-848.312944
-320.069464
239.742961
537.502485
607.536506
623.167732
531.985582
143.810145
-456.919313
-1014.586275
-1440.460551
-1633.705410
-1647.191173
-1465.133368
-1118.487952
-690.008472
-279.765422
138.446489
442.948895
521.105023
345.636853
-14.341080
-419.526969
-763.260686
-1095.194361
-1351.730359
-1400.309756
-1087.991737
-470.251829
164.345284
682.167947
1057.470610
1389.097790
1549.700971
1417.601790
1066.358954
598.035173
147.488080
-213.102841
-349.492948
-307.656432
-171.572820
136.301026
680.175731
1453.155166
2219.085224
2766.944359
3082.327324
3278.483881
3627.887749
4192.450841
4401.173678
3462.687148
1065.132975
-1775.918914
-3244.181396
-3546.998082
-4033.251798
-4853.891146
-4679.035964
-3122.809526
-1139.942575
351.919992
1438.749918
2478.992662
3543.295234
4066.021810
3633.711147
2475.467974
1137.925448
149.633542
-505.805205
-815.671266
-995.430362
-1003.552469
-1041.404555
-878.042922
-165.596175
884.607644
1487.942305
1134.860502
439.424207
32.552597
-236.702927
-714.834536
-1411.496810
-1892.233623
-1838.597064
-1303.150961
-541.052086
167.103736
693.814742
1177.463254
1576.519251
1839.798130
1753.366647
1275.081791
410.153970
-685.564300
-1533.788163
-1872.617967
-1959.509192
-2148.003384
-2320.253361
-2048.699127
-1156.186790
-47.595746
724.770699
1004.906782
1057.470610
1086.740846
986.517105
631.443087
122.968510
-457.685549
-910.684599
-1098.872296
-954.819824
-678.361676
-465.041420
-324.053894
-27.060607
401.265626
571.216894
305.026315
-237.622411
-665.795397
-894.133889
-1125.537328
-1473.715218
-1670.791259
-1512.486787
-1099.791780
-594.228903
-147.972735
261.963821
484.938658
388.086358
138.906231
-118.242756
-510.249377
-1049.526662
-1499.767261
-1663.895130
-1409.044853
-973.209502
-587.026279
-176.783229
393.296766
1001.995084
1307.416973
1310.175425
1118.463040
863.766009
627.458657
309.163993
-8.977424
-240.840605
-319.762970
-201.915788
129.864639
624.240463
1117.390308
1490.854004
1804.244754
2097.560106
2409.418383
2607.720403
2665.494639
2825.331584
3160.330205
3327.216526
2610.785349
646.001581
-1924.722053
-3561.403329
-3816.713348
-3961.685304
-4608.082460
-4411.925902
-2768.042002
-697.364343
748.524032
1719.345744
2685.263542
3588.962932
3976.065639
3507.895105
2344.441524
916.636332
-234.710712
-853.676599
-1060.407221
-1082.474834
-1035.734404
-1072.973501
-1022.248641
-555.763828
317.899089
810.895687
377.665541
-527.106581
-960.949717
-956.199050
-1054.583824
-1259.935220
-1249.974144
-850.918148
-87.899789
752.814957
1362.279511
1628.316842
1633.833745
1473.077316
1226.808888
752.048720
9.412253
-904.401459
-1814.537236
-2410.516027
-2382.165274
-1931.618182
-1631.406700
-1552.944077
-1250.740381
-434.698452
520.645281
1046.590051
1026.667901
756.799387
512.676421
282.498961
-8.977424
-275.934239
-497.989592
-614.457548
-494.924646
-124.372649
327.553670
490.608808
271.465154
-6.065725
16.768124
70.711178
-334.014969
-1030.983738
-1494.556852
-1509.421841
-1273.420983
-1049.833157
-804.484213
-423.664646
67.339737
503.175088
762.776032
682.780936
300.122401
-260.916002
-806.629675
-1227.293542
-1424.829326
-1548.193411
-1651.482098
-1454.559304
-802.951740
-27.520348
442.029411
608.915732
733.505796
901.005106
889.051816
626.079431
310.849713
69.025457
-75.027015
-51.120434
132.010102
346.556336
513.749152
702.396591
947.132546
1259.910307
1494.531940
1585.560842
1572.228326
1677.202734
2051.892408
2548.873436
3025.932313
3468.663793
3941.891488
3921.662843
2767.710595
271.465154
-2444.690177
-3769.666424
-3988.503583
-4398.593386
-4936.951188
-4176.844528
-2103.714911
98.908683
1552.459423
2550.865651
3356.333515
4029.089208
4063.110111
3216.112226
1741.413357
275.143090
-776.746450
-1328.896509
-1449.961885
-1240.319564
-946.544470
-894.440384
-802.338750
-304.591486
512.829668
708.526484
-19.398241
-934.284685
-1163.695909
-893.520900
-788.239998
-887.850750
-693.839655
15.848640
918.935041
1591.843982
1897.878861
1857.115076
1564.412713
1067.278438
390.078573
-415.389291
-1260.701456
-2138.961793
-2835.624066
-3067.946989
-2553.802262
-1661.902915
-1032.362963
-733.990450
-330.030539
478.962013
1168.268415
1247.957017
805.378784
282.039219
-92.956950
-417.994496
-660.278494
-713.915052
-683.112343
-537.220903
-181.533896
309.163993
608.762485
510.530959
95.690489
-360.833249
-697.057848
-1006.770663
-1452.107347
-1909.397322
-2090.075901
-1752.625323
-1003.705716
-288.040776
147.947822
454.442443
768.905924
892.423257
666.383474
86.342403
-616.143268
-1282.462574
-1767.183817
-1880.740074
-1694.084850
-1373.644724
-983.170577
-458.298538
160.820596
593.744248
729.061624
632.209323
499.497152
415.977368
252.615735
73.469629
-106.136219
-61.847746
208.327262
614.739130
946.672804
1138.844932
1189.569792
1113.252631
1077.546008
1083.829147
1102.831814
1162.291770
1298.988371
1712.296368
2443.592533
3242.470763
3892.086112
4363.474840
4528.675440
3797.226027
1753.826389
-1282.462574
-3642.624403
-4454.988396
-4536.209471
-4854.810630
-4468.627407
-2658.623423
-203.448261
1827.538345
3025.779066
3695.623060
3967.637037
3904.039403
3169.984785
1866.769657
271.005412
-992.518663
-1663.588635
-1671.710743
-1208.290876
-559.135269
-226.588605
-270.417336
-219.385981
210.625972
552.214227
65.041027
-1064.851393
-1815.456720
-1811.319043
-1402.914960
-904.554707
-293.404432
544.858356
1507.251466
2346.586986
2811.845821
2684.803800
1968.832366
861.314052
-320.988948
-1353.109584
-2128.540976
-2630.579165
-2971.247936
-2991.783076
-2338.643038
-1058.261759
36.383780
528.154399
588.840334
678.490011
819.937279
781.931946
364.026530
-242.832820
-752.839869
-1047.534447
-1011.521329
-575.072989
-16.026800
398.200680
662.399043
832.043816
916.942826
574.741582
-262.141981
-1226.987048
-1761.820162
-1819.287903
-1791.550140
-1738.986312
-1500.380250
-899.191051
-22.003445
759.557838
1120.148760
1004.753535
648.147044
224.264983
-232.718497
-787.473761
-1344.680982
-1734.388893
-1895.758311
-1778.524118
-1352.496595
-833.141460
-404.355485
-37.328176
314.527649
573.668851
474.517841
53.394231
-365.430668
-494.464904
-315.165550
-7.751445
264.722273
492.294529
729.827860
1038.161449
1251.021963
1219.759512
955.407901
665.310742
497.198443
510.684206
723.084978
1088.120072
1555.524369
2131.121267
2880.500616
3724.586802
4437.799785
4718.395611
4190.611873
2532.629221
-402.823012
-3461.639330
-4895.880909
-4915.036823
-4888.065296
-4664.783964
-3062.889828
-454.773850
1917.801011
3300.704741
3896.990026
3872.317209
3579.155104
2813.531541
1583.568627
33.931823
-1217.179220
-1724.581065
-1556.009023
-827.318062
91.093070
759.864333
654.276936
148.867306
-58.016563
-13.115101
-504.885721
-1695.004334
-2725.592497
-2774.171895
-1981.423557
-859.193503
281.732724
1393.695209
2498.914813
3417.632439
3699.300996
3182.091323
1963.162215
432.068336
-1064.851393
-2284.853232
-2955.156968
-3050.170301
-2874.089141
-2537.251553
-1785.420247
-417.534754
916.176590
1531.771036
1292.092242
743.466871
373.987605
94.464511
-316.391529
-763.107439
-902.715739
-675.449977
-234.250970
318.358831
867.443945
1170.107383
1114.478609
799.708634
442.182658
-65.525681
-814.751783
-1724.121323
-2270.447985
-2209.915297
-1730.251216
-1088.144985
-503.966237
60.903350
586.848119
871.581622
854.111429
631.443087
137.373758
-505.498710
-1072.513759
-1339.010832
-1276.945671
-1142.547780
-1062.552684
-875.437718
-540.898839
-214.328820
-109.507660
-221.378196
-351.331916
-410.485377
-456.612818
-571.854795
-592.083440
-444.966022
-191.801465
107.337285
420.421540
754.807172
1038.774438
1080.610954
869.895902
586.848119
336.288767
87.261887
-24.148908
158.368639
647.074312
1260.216802
1849.759205
2401.143028
2999.727023
3553.103062
4045.793165
4366.539786
4255.435486
3277.411150
1143.135857
-1941.579257
-4438.437687
-4936.338199
-4232.320054
-3762.463800
-3117.905612
-1435.403390
836.794483
2575.078726
3287.678720
3167.379581
2548.413694
1886.078818
1084.748631
104.272339
-930.913244
-1443.985240
-1271.735262
-583.348344
339.047218
1194.933447
1320.136500
488.156851
-674.070752
-1275.872940
-1388.969455
-1794.461839
-2615.407681
-2986.266172
-2296.653275
-912.370319
550.835001
1757.810819
2587.645005
3094.127367
3188.680957
2703.653219
1677.509228
354.984939
-965.240641
-2015.904202
-2576.329617
-2522.693058
-1954.605278
-1384.372036
-976.580942
-410.025636
461.951561
1081.223943
928.742869
148.254317
-599.439311
-876.050707
-737.361891
-526.187097
-313.020088
2.669372
367.397971
697.032936
961.231299
1056.704373
799.555386
195.301241
-446.651743
-879.728642
-1121.859393
-1364.603133
-1597.845539
-1421.304638
-868.541589
-191.801465
286.789885
370.769412
136.760768
-69.663359
-99.393337
-126.518111
-335.547443
-610.779612
-751.767138
-695.065633
-517.145506
-361.139743
-326.659099
-463.662194
-680.966880
-798.354320
-800.499783
-882.333846
-934.284685
-864.710406
-569.556086
-92.650455
341.958917
601.713108
675.425065
734.272032
871.275128
949.278009
842.617881
580.258485
304.413326
193.002531
222.732510
324.028982
413.985153
535.050528
833.729537
1307.723468
1856.042345
2342.602556
2707.790897
3001.412744
3368.746547
3707.116609
3752.937554
3169.525043
1613.758347
-1188.675220
-3986.051626
-4924.538156
-4191.709517
-3461.792577
-2953.930990
-1643.513238
369.236938
2200.695546
3070.833775
3130.753474
2489.719974
1747.083507
1035.402997
347.016078
-402.363270
-820.728428
-748.855439
-269.038110
557.271388
1473.843553
1853.896883
1116.011083
-316.851271
-1385.444767
-1581.141582
-1699.142012
-2225.240028
-2610.657014
-2110.917535
-816.131008
676.651043
1978.486946
2746.255972
2945.937217
2719.744187
2176.788966
1308.029963
87.108640
-1090.137200
-1995.828805
-2448.214865
-2285.159727
-1549.112895
-834.980428
-589.478236
-556.836559
-180.920906
258.285886
244.033886
-338.152647
-1004.471953
-1183.924554
-808.621890
-269.344604
174.153112
503.021841
649.526269
626.079431
539.647948
416.743605
60.596855
-504.119484
-1107.760640
-1445.824207
-1365.982358
-1028.685028
-909.152126
-1045.235738
-921.718405
-354.703356
127.412682
228.402660
14.162920
-323.900647
-556.683312
-521.129936
-284.362841
-171.419573
-309.495400
-475.308990
-448.490710
-298.461593
-241.147099
-455.080345
-862.718191
-1236.948123
-1244.916983
-854.749331
-515.000043
-451.095915
-410.025636
-102.458283
371.842143
728.295387
775.648806
575.048076
360.348594
326.174444
509.764722
617.650829
491.068550
267.633972
151.012768
203.883090
387.320121
559.876593
621.635259
661.479560
957.400116
1552.765918
2282.376363
2860.578465
3158.491237
3503.757428
3857.911962
3966.870800
3070.220786
721.399258
-2552.576284
-4765.927189
-4708.612695
-3534.738297
-2816.468152
-2050.231600
-546.262495
1269.258393
2616.302252
3144.852226
2834.832917
1843.629313
793.731989
-6.985209
-419.373721
-669.473332
-596.527612
-278.079701
390.385067
1309.102694
2067.063892
1861.712495
521.718012
-1101.324253
-1978.511859
-2026.171772
-2034.447127
-2233.668631
-2053.296546
-1146.991952
216.755864
1658.353314
2802.957477
3264.385129
2950.381389
2137.864149
1225.736157
283.265197
-599.286064
-1378.701885
-1974.987170
-2134.824115
-1674.162700
-806.323180
-263.061465
-296.162884
-473.010280
-391.635958
-286.814798
-415.236044
-733.683955
-904.861201
-703.800730
-183.832605
460.725583
991.267772
1153.863168
852.272461
377.359046
65.500769
-141.229853
-431.173764
-880.341631
-1295.335348
-1384.372036
-959.110749
-367.729378
-130.962283
-248.502970
-234.404218
-7.904693
96.609973
-50.354198
-388.417765
-797.588084
-944.858749
-622.732902
-134.333724
134.921801
73.929371
-126.977853
-285.435572
-397.459356
-643.421289
-1066.690361
-1598.305281
-1929.625967
-1716.918700
-1127.223049
-574.153505
-269.804346
-116.863530
81.438489
377.972035
561.715560
461.645067
164.805026
-46.216520
79.446274
431.302099
682.321194
655.809409
473.598357
285.410660
283.571692
469.920421
665.770484
766.300720
939.010439
1300.367597
1899.564581
2616.455500
3284.460526
3801.670199
4029.089208
3508.201600
1952.281656
-677.901934
-3605.078812
-4977.714973
-4401.198590
-3324.329739
-2464.305833
-1111.898318
692.742011
2271.649051
2933.064443
2823.492616
2029.824795
919.241536
-141.383100
-880.801373
-1222.849370
-1118.947694
-613.231569
83.277457
937.631213
1839.798130
2304.903717
1614.677831
-1.008564
-1483.369798
-2057.280976
-2120.572115
-2258.494695
-2293.281834
-1716.918700
-465.501162
988.202826
2175.409740
2785.793778
2728.326036
2093.269182
1147.120287
220.740295
-507.797420
-1063.625415
-1469.884035
-1607.806614
-1328.896509
-538.600129
226.563692
327.247175
-102.764778
-495.537635
-624.571870
-717.746235
-921.565158
-1039.412340
-796.055611
-228.734067
461.645067
1099.920115
1538.054176
1546.942520
1002.608073
221.659778
-333.248733
-660.738235
-998.801802
-1378.548638
-1568.575303
-1309.280854
-698.896816
-84.834843
339.047218
446.780078
319.125068
105.498317
-110.580391
-271.796561
-484.810323
-735.216428
-848.159696
-564.192430
-60.775015
273.304122
205.568811
-122.840176
-468.412861
-762.494450
-1020.716168
-1237.407865
-1403.527950
-1452.260594
-1188.675220
-598.366580
82.204726
548.076550
605.850786
379.964250
173.999865
116.532123
102.586618
-12.195617
-93.569939
-34.876219
249.091047
638.339216
920.161020
1009.810696
859.015343
606.617022
433.141067
411.379949
500.416636
697.645925
1009.350954
1534.835982
2218.931976
2954.059325
3546.513427
3834.158629
3287.065731
1459.438305
-1567.196077
-4315.380097
-4938.790156
-3815.180875
-2737.086046
-2034.140632
-724.029375
1043.525105
2410.031372
2776.445692
2349.192190
1289.487038
150.706274
-781.037374
-1212.888295
-1248.748166
-883.253330
-287.427787
380.423992
1202.902308
2029.671548
2201.461783
984.984632
-946.237975
-2379.713317
-2627.207724
-2294.661060
-1993.376848
-1549.879131
-674.836988
560.489582
1703.561271
2540.138339
2813.531541
2384.592319
1370.248371
233.613069
-519.903957
-789.619224
-801.112772
-841.876557
-830.383008
-484.197334
190.703822
575.354571
217.522101
-546.262495
-1058.108512
-1228.519521
-1238.787091
-1121.859393
-767.091869
-194.866412
491.221798
1109.114954
1561.807509
1738.961400
1328.411855
352.379734
-654.301848
-1196.184338
-1287.672983
-1188.368726
-1105.461931
-922.637889
-501.514280
31.939608
355.904422
264.415778
-46.982757
-358.841034
-675.296730
-871.300040
-869.920814
-677.442192
-316.698023
189.171349
654.123689
907.747988
772.124118
250.930015
-447.111485
-1076.191694
-1513.559518
-1687.495216
-1602.749453
-1365.522617
-1046.921458
-627.943311
-163.603960
250.470273
461.338572
345.636853
41.287694
-263.827701
-402.056775
-377.996948
-171.572820
156.989413
566.925969
960.158568
1193.400974
1208.419211
992.800245
640.791173
299.356165
111.934704
178.903779
476.663303
917.862310
1498.976112
2099.552321
2743.344273
3369.512784
3756.768737
3414.567493
1807.922690
-1088.298232
-4050.415497
-4999.476091
-3777.482037
-2285.619469
-1406.439648
-268.884863
1196.159426
2405.740448
2823.799111
2487.727759
1382.967897
-18.785252
-1061.020211
-1387.283735
-1079.256640
-436.230926
234.992294
681.095215
1177.156759
1806.849958
2074.879504
1146.047555
-730.619009
-2297.572759
-2708.888540
-2294.967555
-1702.513452
-999.414792
-130.962283
797.409924
1608.088197
2195.944880
2381.220878
1916.268538
863.919257
-345.661765
-1107.913888
-1121.706146
-630.242021
-210.804132
-77.632219
-0.855316
311.002960
535.663518
175.992080
-654.301848
-1443.372250
-1865.721838
-1815.456720
-1365.369369
-615.377032
223.805241
903.303816
1350.019726
1509.703423
1444.573316
1049.195255
191.010316
-816.131008
-1437.395605
-1513.253024
-1199.555779
-759.276256
-395.926883
-134.333724
61.056597
178.750531
131.856854
-136.785681
-572.774279
-932.139222
-999.874534
-756.977546
-353.783873
85.729414
454.135948
706.227774
768.292935
513.136163
-0.242327
-623.499139
-1203.999951
-1640.295044
-1805.648892
-1615.315733
-1140.555565
-653.842107
-303.059013
-48.668477
158.981628
194.841499
-5.759230
-328.191572
-574.000258
-635.758924
-522.202667
-202.375530
267.940466
707.453753
1011.649664
1111.107169
999.236632
765.687731
509.458228
252.922230
75.461844
115.919134
447.239819
959.698826
1498.976112
2032.736494
2551.478640
3051.984356
3429.892224
3316.642461
2042.544322
-758.356772
-3893.337003
-4996.870886
-3743.307886
-1982.496289
-944.705502
76.074833
1317.531296
2373.558513
2743.650767
2417.846985
1344.809317
-149.045466
-1253.652080
-1583.593539
-1074.659221
-151.037681
695.500463
979.161234
1058.696588
1378.676973
1635.672712
870.815386
-951.295136
-2581.999767
-2960.214130
-2303.855899
-1408.431863
-475.308990
458.886615
1214.549103
1609.773917
1746.777013
1757.504324
1412.238134
572.136378
-514.233807
-1204.919435
-1042.170791
-183.219616
581.944205
700.404376
465.323002
382.262960
309.317240
-183.066369
-996.043351
-1624.817066
-1864.955601
-1766.570828
-1254.571564
-331.869507
651.978226
1271.403855
1417.142048
1256.692114
1035.556245
646.001581
-114.564821
-963.861416
-1347.592681
-1171.511521
-688.935741
-184.292347
163.272553
307.325025
264.415778
14.316167
-372.173550
-813.985546
-1118.794447
-1179.480382
-987.155007
-457.072560
256.140423
788.674827
885.680375
848.747773
725.996677
385.174659
-244.058798
-925.089846
-1368.434315
-1501.299734
-1386.364251
-1094.121630
-673.151268
-354.396862
-203.141766
-199.770325
-245.438024
-337.539658
-475.921979
-604.649720
-626.717333
-395.926883
-27.367101
296.137971
508.079002
634.201538
768.752677
841.545149
773.809838
573.209109
362.494057
202.657112
166.797241
316.979606
654.736678
995.098955
1299.294866
1613.605100
1962.242731
2372.945523
2769.243068
2938.734594
2310.267373
267.940466
-2870.564453
-4895.880909
-4324.268441
-2377.721102
-1055.043565
-326.505851
581.331216
1521.963208
2073.960021
2044.076795
1478.594219
328.166659
-777.206191
-1364.603133
-1128.449027
-297.082368
705.921280
1192.787985
1011.956159
790.207300
854.877665
605.544291
-654.914838
-2199.341233
-2875.315120
-2338.796286
-1295.948338
-290.339486
662.245796
1383.887381
1623.412928
1414.843338
1127.811125
902.997321
589.146829
-9.896908
-661.810967
-800.193288
-188.583272
726.762914
1131.795556
832.350311
321.270530
-65.525681
-555.150839
-1157.259522
-1553.710314
-1528.731002
-1260.394962
-856.588298
-234.250970
532.598571
1186.351598
1347.414521
1020.538008
552.367474
261.810574
8.952511
-445.272517
-864.863653
-884.172814
-484.197334
13.243436
308.551003
331.997842
114.539908
-264.593938
-698.896816
-1135.498403
-1467.278831
-1419.312423
-926.162577
-300.760303
313.608165
721.859000
876.485536
908.054482
809.209967
523.250486
55.846188
-486.036302
-871.759782
-975.048469
-851.224642
-634.532945
-404.202238
-305.204475
-364.970926
-394.854152
-297.235615
-221.531444
-265.360174
-341.064346
-275.014755
-6.372220
259.358617
416.896852
491.375045
507.312765
552.214227
646.767818
704.695301
701.783602
593.744248
423.792981
300.888638
320.504294
480.034744
713.583645
901.464848
1083.982395
1419.594005
1881.174904
2368.348104
2772.461262
2812.918552
1935.884194
-411.864603
-3460.106857
-4874.886027
-3753.575456
-1714.619990
-490.327226
269.166445
1042.452374
1657.433831
1816.198044
1556.750348
853.651687
-220.152218
-1075.731952
-1331.041972
-713.608558
433.907303
1548.168498
1773.288797
1211.177662
616.271603
345.636853
-241.147099
-1524.133583
-2688.506648
-2828.421443
-1927.633751
-753.606106
351.000508
1251.175210
1694.672927
1438.903166
746.072075
210.012983
38.682490
16.614877
-208.505422
-424.430883
-226.282110
509.151733
1227.881619
1276.461017
671.134140
-84.528348
-719.891697
-1377.629154
-1834.306139
-1742.204506
-1179.480382
-595.761376
-130.349294
290.161326
734.885021
1001.841836
830.358096
299.815907
-161.918240
-305.357722
-266.739400
-237.622411
-89.585509
225.184467
449.078787
385.174659
75.461844
-264.900432
-569.862580
-883.100083
-1268.057327
-1578.842873
-1438.928078
-896.892341
-324.513636
91.706059
327.706917
436.665755
477.889282
487.390615
381.956465
134.155564
-233.178239
-526.800086
-665.335655
-644.494021
-591.163957
-632.540730
-806.476428
-1012.747308
-1018.723953
-793.756901
-522.662409
-352.251399
-263.980949
-243.752304
-169.733853
-55.104864
71.324167
162.046575
207.407779
333.223820
584.242915
823.308719
924.758439
879.703730
694.887473
464.097024
298.436681
295.218487
489.382830
756.799387
1043.678352
1378.370478
1809.148668
2267.971116
2688.788230
2951.147626
2686.949263
1501.887810
-948.536685
-3693.962252
-4619.576008
-3217.363117
-1102.703479
286.789885
1019.465277
1401.510822
1435.071983
1107.429233
742.240892
173.999865
-503.659742
-962.788685
-840.344083
21.978533
1262.515511
2229.199546
2136.331676
1213.476372
204.342832
-365.890410
-1027.305802
-1937.135085
-2538.630778
-2291.136372
-1334.260165
-256.625078
690.443301
1295.157189
1342.357360
718.487559
-88.819273
-516.532516
-351.944905
110.402231
425.018959
571.829883
775.342311
1133.174781
1254.393404
842.158139
76.534575
-733.377461
-1362.457670
-1786.799473
-1807.334613
-1226.680553
-364.511184
205.109069
363.260293
269.013197
220.280553
239.896208
163.579048
-33.496994
-104.144004
109.942489
365.252508
539.188206
727.529150
882.921923
728.908376
229.475391
-370.028087
-747.322966
-861.032470
-945.778233
-1107.760640
-1080.176124
-771.842536
-393.015184
-94.336176
47.417586
-44.377553
-258.157551
-250.954927
48.183823
419.502056
521.871260
302.267864
-131.422025
-536.761161
-772.915267
-884.019567
-950.528900
-1089.524210
-1126.303565
-1021.788899
-708.857891
-329.724045
-86.673810
-122.686928
-398.072345
-611.699096
-578.291182
-330.183787
-39.933381
262.730058
557.118141
840.472418
1015.787341
987.436589
732.586312
341.039433
13.703178
-86.060821
137.220510
569.684421
1056.397879
1440.588886
1736.202948
2064.152193
2436.696405
2727.406553
2556.535801
1670.153357
-311.487615
-2974.772624
-4418.668784
-3432.982083
-1111.438576
597.268936
1302.513059
1347.721016
1076.626524
544.092120
118.984080
-226.895099
-621.047182
-734.450192
-471.937549
341.805670
1383.274392
2349.038943
2434.397695
1413.157618
4.968081
-843.868772
-1177.334919
-1571.027260
-1877.521881
-1642.900249
-855.362320
-85.907574
433.907303
642.936635
552.060980
80.519005
-569.709333
-891.835180
-579.823656
314.834143
1189.569792
1569.623122
1452.082435
1208.112716
935.026009
412.912422
-293.557680
-877.889674
-1103.622963
-1162.469930
-1092.435909
-697.670837
-65.372434
286.483391
117.758102
-395.773636
-778.585417
-754.678837
-536.301419
-295.703142
-18.785252
428.390400
780.246225
838.326956
661.326312
414.291648
161.586833
-210.650885
-599.745806
-784.102320
-640.509591
-387.498281
-306.123959
-436.077678
-638.364128
-804.484213
-925.243093
-1007.996641
-849.232427
-448.797205
7.266791
394.369497
662.092549
804.612548
699.638140
297.210703
-351.025421
-927.541803
-1197.563564
-1009.835609
-545.189763
-214.175573
-109.507660
-181.533896
-306.123959
-423.817893
-470.864818
-479.599914
-482.511613
-418.147743
-172.339057
266.867735
761.090311
1067.584932
1062.834266
828.519128
522.790744
321.423778
234.839047
292.153541
441.569669
657.188635
925.524676
1174.551555
1427.103123
1675.363766
1936.037441
2183.531848
2204.373482
1717.966518
564.320765
-1390.961670
-3214.144923
-3438.039244
-1952.919558
-160.079272
755.113666
870.968633
599.720893
230.394875
-142.762326
-364.511184
-577.831441
-605.569204
-278.386196
329.545885
1059.922567
1652.836411
1974.809011
1564.719208
468.694443
-593.615913
-921.411911
-817.356987
-836.512901
-912.830061
-613.844558
-135.712950
-5.912478
-150.731186
-407.113937
-660.125246
-888.310492
-938.115868
-710.696859
-116.403789
763.848763
1409.326435
1391.090005
877.558267
417.203347
106.724296
-248.809465
-649.551182
-736.442407
-480.366151
-274.861508
-225.209379
-201.762541
-212.796347
-459.984259
-910.224857
-1316.943219
-1329.509499
-848.312944
-157.627315
349.008293
535.357023
562.022055
520.032292
334.909541
32.859092
-186.744304
-155.788347
60.443608
260.584595
321.577025
227.483176
-3.000779
-326.659099
-708.244902
-1119.713930
-1336.405628
-1192.506403
-714.681289
-183.219616
209.553241
430.689110
473.904852
445.860594
317.286100
90.939823
-229.500304
-524.348129
-643.574537
-584.727569
-349.952690
-33.037252
78.067048
-189.043014
-648.325203
-953.900341
-863.484427
-525.727355
-173.871530
16.308382
103.965844
222.119520
362.800551
529.840120
666.996463
709.445968
667.149710
571.523388
491.528292
561.409066
815.339859
1057.623857
1152.024201
1162.598265
1231.866049
1402.123811
1599.046605
1888.684022
2141.082343
2016.798774
1165.203469
-624.725118
-2551.656800
-3106.258817
-1891.007644
-168.967616
721.246011
658.414613
177.677800
-217.547014
-410.945119
-463.815441
-565.571656
-568.943096
-241.147099
325.101713
998.470395
1491.160499
1637.818175
1218.533533
374.907089
-467.953119
-814.445288
-589.324989
-215.708046
-85.907574
-136.632434
-46.829510
37.609758
-121.001208
-581.049634
-1062.399436
-1308.361370
-1167.067349
-632.387483
74.235866
748.217537
1169.341147
1141.296889
594.203990
-90.351746
-441.594581
-342.290324
-91.424477
105.191822
267.787219
402.798099
398.047433
172.773886
-207.432691
-708.091654
-1177.488167
-1389.888939
-1160.477715
-696.904601
-200.230067
180.283005
339.966702
214.150660
-88.359531
-285.742067
-308.269421
-267.812131
-145.214283
112.241199
376.899304
501.182873
418.276078
189.477843
-113.798584
-459.831011
-869.767567
-1159.558231
-1167.833586
-882.487094
-391.022969
40.981199
172.620639
35.617543
-207.892433
-375.085249
-398.532087
-358.687786
-326.965593
-306.736948
-266.279658
-197.165121
-86.980305
-18.478757
-165.289681
-533.542968
-804.790707
-772.455525
-431.327012
-47.748993
204.342832
280.813240
230.394875
172.160897
232.846832
407.548766
536.429754
623.627474
699.484893
817.025580
1007.358739
1167.655426
1211.484157
1149.265749
1129.956588
1238.455684
1466.181187
1757.657572
1918.720495
1763.940711
1134.247513
-268.271873
-2083.486266
-2987.645398
-2157.964459
-348.573464
913.724633
941.155901
98.755435
-785.175052
-1039.412340
-747.476213
-554.997591
-606.488688
-374.932001
269.626187
1036.169234
1490.087768
1502.960542
1058.696588
221.353284
-573.693763
-875.897459
-529.558538
150.093284
682.780936
807.830741
565.087001
169.095951
-166.668906
-463.202452
-850.151911
-1323.686101
-1547.580421
-1145.765973
-255.092605
611.520936
992.187256
760.783817
86.495651
-566.184645
-868.541589
-768.317847
-351.025421
217.981843
685.079645
794.038483
594.970227
373.068121
138.293242
-237.775658
-679.587655
-1035.734404
-1024.700598
-620.280946
-29.359316
365.865498
266.561240
-172.185810
-663.190192
-931.526233
-854.136341
-519.290968
-142.455831
125.113973
227.023434
238.363735
237.750746
152.698489
-46.063273
-273.175787
-411.404861
-393.168431
-266.892647
-107.975186
-8.824177
-38.400908
-166.515659
-336.773421
-453.854366
-392.402195
-210.497637
-100.925810
-90.351746
-173.871530
-312.866841
-442.054323
-488.641506
-422.745162
-307.349937
-195.172906
-138.318154
-107.821939
-46.216520
52.474748
121.129543
154.077714
197.906445
262.576810
314.374401
315.447132
301.348380
399.426659
558.957109
762.163043
974.257320
1129.803341
1268.338909
1391.396500
1470.472112
1478.747467
1572.075079
1733.904239
1729.153572
1279.525963
73.163135
-1662.975646
-2714.558691
-2120.878610
-407.726926
984.524890
1059.309578
-12.655359
-1238.940338
-1608.419604
-1033.742189
-374.472259
-283.443357
-290.032991
89.407349
747.911043
1212.710135
1126.125405
558.650614
-217.547014
-724.182622
-760.961977
-411.251614
96.916468
618.417065
984.065148
942.994869
385.174659
-327.731830
-711.463095
-716.520257
-622.886150
-614.304300
-587.332774
-393.474926
29.181156
460.878830
505.933539
7.266791
-675.143483
-955.126319
-685.411052
-156.554584
323.569240
627.152162
705.308290
585.775388
329.086143
16.461630
-242.373078
-366.656647
-318.230497
-175.250756
-29.512564
128.332166
221.966273
120.669801
-248.502970
-761.881460
-1124.771092
-1086.152769
-731.231998
-323.287658
-57.250327
-36.715187
-179.541680
-335.700690
-400.830797
-392.248947
-347.194238
-244.058798
-57.403574
136.147779
286.636638
323.875735
149.173801
-199.157336
-539.059871
-689.855224
-610.932860
-424.277635
-213.869078
-82.689380
-70.123101
-192.720949
-365.430668
-484.044086
-471.937549
-388.724259
-284.975830
-170.193595
-95.562154
-46.369768
-26.600865
29.181156
112.241199
212.005198
340.426444
408.315003
433.294314
433.754056
424.405970
456.281411
524.016722
708.066742
950.197493
1211.790652
1433.846005
1590.005014
1673.678045
1754.286131
1827.231851
1739.574389
1395.380930
708.066742
-331.716260
-1378.548638
-1648.263904
-842.336298
403.870831
1110.800674
730.594097
-545.649505
-1704.965409
-1803.196935
-933.978190
-64.299703
195.147994
49.563049
43.126662
380.423992
756.952634
757.412376
183.194703
-532.776731
-803.717976
-431.786754
197.446703
541.027174
514.362141
352.839476
194.075263
29.794146
-204.674239
-461.823226
-566.950881
-393.168431
-74.720520
173.999865
130.784123
-150.424691
-409.719141
-549.940430
-572.008043
-606.948430
-609.553634
-436.690668
-105.216735
272.231391
496.891948
339.353713
-50.813940
-349.186453
-328.804561
-88.512778
156.682919
292.460036
331.691347
359.735605
292.306789
123.121758
-149.811702
-421.978926
-542.431312
-416.155528
-158.240304
-50.200950
-226.741852
-627.483569
-953.287351
-963.708168
-678.974665
-356.082582
-249.728949
-348.573464
-354.396862
-68.130886
345.790100
543.479130
403.717583
112.854188
-80.697165
-123.453165
-85.294585
-102.918025
-264.287443
-438.376388
-489.560990
-432.399743
-353.937120
-330.183787
-395.007399
-415.236044
-302.292776
-127.437595
-59.089294
-159.772777
-312.407099
-376.004733
-210.957379
96.456726
276.522316
225.797456
83.890446
40.368210
120.976295
231.927348
337.361498
422.107261
613.053409
890.277794
1152.330695
1350.326220
1451.469445
1524.415165
1594.142691
1634.140239
1489.168284
951.883213
0.523909
-880.035137
-983.170577
-117.783014
1037.854954
1526.254133
971.805363
-313.173335
-1453.486573
-1656.692506
-956.199050
-50.813940
419.961798
296.904208
-79.011445
-247.583486
-46.523015
207.407779
126.799693
-196.398885
-391.482711
-200.383315
195.914230
410.307218
333.990057
118.524338
0.983651
8.033028
8.799264
-129.276563
-277.160217
-223.676906
82.817715
500.416636
669.754914
409.234486
-208.045680
-821.954406
-1072.207264
-864.863653
-502.127269
-262.601723
-216.627530
-229.040562
-186.437809
-155.481853
-188.430025
-322.674669
-475.002495
-463.508947
-246.051013
49.869543
250.010531
226.410445
119.137328
-0.855316
-55.411359
-123.759659
-270.570583
-415.082797
-424.430883
-243.905551
0.983651
139.519220
37.303264
-228.274325
-507.490925
-635.299182
-574.306752
-468.412861
-323.747400
-180.767659
-60.775015
5.427823
-65.985423
-227.048347
-349.646195
-333.708475
-206.359960
-61.847746
-21.237209
-156.094842
-367.422883
-533.389720
-567.104129
-504.732473
-450.023184
-384.126840
-294.630411
-144.601294
28.108425
122.508769
78.526790
-67.364649
-175.863745
-135.406455
-10.203402
135.075048
194.535004
188.098617
143.503650
140.285457
286.176896
452.603475
560.949324
589.300076
652.897710
819.017795
995.865191
1090.878524
1163.058007
1187.271082
1163.824243
1110.800674
869.436160
459.193110
177.064811
308.244509
765.227989
1206.733490
1287.035081
856.716633
130.324381
-432.093248
-484.810323
-171.266326
93.545027
56.305930
-206.359960
-429.334797
-454.927097
-340.144862
-267.658884
-284.822583
-361.752733
-369.568346
-275.934239
-149.505208
-79.471187
-159.619530
-306.123959
-402.516517
-348.726711
-202.682024
-71.808821
5.734318
30.713630
114.693156
287.096380
407.242271
333.530315
129.558145
-14.494327
-70.123101
-89.738757
-72.115316
-23.076176
-1.928048
-66.751660
-131.422025
-171.726068
-228.887314
-336.926668
-435.311442
-446.958237
-332.788991
-138.624649
8.952511
3.742103
-126.058369
-234.250970
-262.908217
-239.614626
-216.321035
-213.256089
-270.723830
-330.490281
-300.760303
-210.497637
-172.032562
-181.380648
-192.414455
-191.035229
-178.928691
-189.809250
-230.726282
-293.710927
-296.929120
-207.892433
-66.751660
-43.458069
-183.219616
-347.960475
-379.682668
-244.978282
-60.621768
-21.696951
-155.788347
-326.046109
-433.932216
-450.023184
-406.041205
-340.911098
-263.367959
-181.074154
-87.899789
25.962963
97.989199
84.656683
63.508554
66.113758
83.890446
92.472296
125.113973
190.090832
315.140638
508.845238
728.908376
853.651687
883.841407
890.277794
911.579170
975.023557
999.236632
936.098740
793.885236
565.393496
423.333239
515.741367
835.262010
1162.904760
1276.307769
1120.914996
711.744677
219.361069
-75.640004
-41.619101
173.999865
338.740724
337.514745
185.186919
-34.569725
-215.708046
-399.604818
-692.766923
-943.019781
-910.991094
-576.605462
-170.959831
27.342189
-27.367101
-230.419788
-404.202238
-436.537420
-345.048776
-266.586153
-216.321035
-193.180691
-159.466283
-31.811273
145.802360
234.685800
161.127091
-19.551488
-196.552132
-229.040562
-156.861079
-101.845294
-100.619316
-68.590628
-19.244994
-21.850198
-76.099746
-191.954713
-336.926668
-501.361033
-565.724903
-397.612603
-90.504993
148.560811
177.831048
30.713630
-161.918240
-285.129077
-284.975830
-185.978068
-95.102412
-16.639789
5.581071
-60.008778
-174.484519
-335.087701
-459.677764
-532.929979
-439.602366
-245.744519
-77.325724
-1.468306
-72.115316
-155.941595
-192.261207
-177.242971
-185.518326
-219.998970
-261.528992
-287.121292
-252.947142
-210.804132
-239.308132
-275.780991
-314.859056
-242.219830
-123.299918
-32.577510
-6.218972
-23.076176
-26.600865
-12.348865
-4.686499
-26.294370
-48.055488
-33.803488
86.955392
285.410660
471.759389
556.658399
519.572550
396.208465
290.161326
281.885971
406.782530
609.528721
816.719085
1015.021105
1159.073577
1180.528200
1106.050007
943.148116
704.082312
447.699561
324.028982
465.323002
757.718871
989.888546
1002.454825
761.856548
434.213798
254.454703
266.254746
387.933110
440.956680
366.018745
219.054574
90.326833
52.781242
-43.458069
-219.385981
-483.584345
-725.715095
-776.899697
-597.293849
-348.879959
-241.300347
-334.781206
-447.111485
-473.163527
-425.656861
-336.926668
-261.375744
-255.399099
-309.035658
-280.378411
-160.539014
-17.712521
45.118877
-17.559273
-163.757208
-298.768088
-330.183787
-262.295228
-161.152003
-49.281467
48.183823
91.552812
46.038361
-68.437380
-239.461379
-384.893077
-458.145291
-447.877721
-360.373507
-273.635529
-233.944476
-247.276992
-246.051013
-238.848390
-281.144647
-332.942238
-335.087701
-212.796347
4.968081
149.633542
127.565930
-17.406026
-181.993637
-250.341938
-224.596390
-141.842842
-69.203617
-81.923144
-169.120863
-250.801680
-252.027658
-215.248304
-176.936476
-179.541680
-171.879315
-128.203831
-87.286800
-89.125767
-153.336390
-223.063917
-248.349723
-247.889981
-219.845723
-184.905336
-82.995875
-3.613768
41.440941
76.841070
59.370877
28.414920
10.484985
-9.283919
-23.689166
-14.800822
-25.221639
33.625328
178.597284
387.473368
553.286958
642.630140
639.105452
587.920851
606.463775
699.331645
825.147687
942.075385
1065.745965
1107.888975
1017.473062
857.023128
765.687731
744.233107
796.030698
824.841193
749.137021
581.944205
439.117712
383.488938
400.039648
437.431992
363.566788
259.971606
144.269887
114.386661
105.038575
39.601974
-129.276563
-325.126625
-393.168431
-351.944905
-243.752304
-196.092390
-248.043228
-380.908647
-474.849248
-438.376388
-361.752733
-370.794324
-478.220689
-544.576774
-466.420646
-284.975830
-101.232305
-2.081295
-13.574843
-105.523230
-164.063702
-156.707831
-142.149337
-168.201380
-260.916002
-336.926668
-349.646195
-287.274540
-179.235186
-102.458283
-108.741423
-193.946928
-296.622626
-374.165765
-400.524302
-378.303442
-334.014969
-340.451357
-387.958023
-431.940001
-420.599700
-338.918883
-253.100390
-174.944261
-146.746756
-157.933810
-172.798799
-176.323487
-140.616864
-130.809036
-151.344175
-186.131315
-186.131315
-92.497208
74.848855
184.880424
164.498532
-23.995660
-209.884648
-276.700475
-276.393981
-209.578153
-181.533896
-166.362412
-131.881767
-46.829510
68.872210
116.225629
54.160468
-87.593294
-188.276777
-230.419788
-211.723616
-173.871530
-119.775229
-6.985209
113.160683
266.101498
353.605713
348.088810
294.605498
210.625972
122.508769
104.119091
193.155779
361.727820
558.190872
718.334312
836.487988
853.498440
784.537150
696.573194
646.308076
633.895044
667.609452
731.820075
839.552934
961.844288
1027.740632
962.763772
777.487774
552.520722
412.146185
410.307218
434.520293
391.917540
203.729843
-62.154241
-249.882196
-242.832820
-136.632434
-51.273682
-81.310154
-152.263659
-181.687143
-155.481853
-142.455831
-191.494971
-257.391314
-294.170669
-311.334368
-294.783658
-240.687357
-194.713164
-170.653336
-206.053465
-250.495185
-306.890196
-330.643529
-336.620174
-307.196690
-280.838153
-218.926239
-151.344175
-130.962283
-137.705165
-168.661121
-210.804132
-258.617293
-257.544562
-208.045680
-155.788347
-195.479401
-310.108389
-393.474926
-361.292991
-282.983615
-233.178239
-218.466497
-231.492519
-229.653551
-231.186024
-258.617293
-289.726497
-339.072131
-386.732044
-408.952904
-371.713808
-292.025206
-193.333938
-124.679143
-82.842628
-30.432047
12.783694
9.871995
-58.016563
-136.938928
-156.248089
-91.271230
54.007221
180.283005
183.041456
96.456726
-20.011230
-123.606412
-196.092390
-211.570368
-219.079487
-234.097723
-192.720949
-57.710069
105.038575
208.787004
194.994746
80.825500
-59.242542
-116.403789
-82.842628
5.734318
70.098188
111.781457
177.218058
210.166230
276.982058
347.782315
416.590357
464.863260
518.193324
609.835216
689.677065
718.334312
691.516032
673.279602
650.139259
635.427517
593.131259
587.920851
682.014699
810.742440
928.742869
902.537579
695.193968
387.166874
218.441585
287.249627
484.478916
592.211775
493.980249
305.945799
145.495865
46.957844
-37.634671
-177.396218
-378.916431
-537.527398
-600.358795
-540.132602
-434.698452
-377.843700
-376.311227
-412.171098
-439.142624
-431.786754
-418.300990
-418.760732
-381.368388
-272.256303
-97.554369
77.913801
153.771220
109.635994
-34.876219
-193.640433
-271.796561
-265.666669
-243.139314
-293.864174
-374.012518
-410.945119
-362.059227
-300.760303
-226.741852
-243.445809
-325.586367
-391.022969
-435.617936
-418.913980
-365.737163
-283.136862
-233.331486
-232.412003
-260.149766
-320.222712
-365.583915
-397.306109
-406.347700
-353.017636
-331.869507
-371.407313
-445.272517
-472.550538
-393.168431
-268.731615
-230.419788
-251.567916
-244.365293
-180.307917
-84.528348
-49.434714
-53.725639
-59.855531
-36.255445
-15.107316
22.438275
57.685156
89.867091
127.259435
125.420467
65.807264
-7.291703
-61.234757
-97.401122
-162.990971
-141.689595
-45.143789
74.082618
175.532338
202.503865
221.353284
268.553455
276.522316
274.223606
276.062574
257.366402
319.278315
430.535863
533.364808
561.868808
531.066098
511.450443
536.583002
628.224893
754.807172
849.054268
824.074956
714.043387
593.897496
547.923302
629.450872
740.708419
760.170828
669.141925
526.775174
409.694228
403.411089
433.600809
366.171992
167.869972
-41.465854
-188.889766
-218.772992
-161.611745
-131.422025
-163.297466
-238.695142
-305.051228
-338.459141
-374.319012
-449.103700
-553.158624
-618.441978
-602.197763
-515.000043
-407.420431
-307.962927
-262.448475
-198.544347
-98.014111
-13.881338
51.861758
62.742317
-5.759230
-69.663359
-47.289252
15.235651
33.625328
-10.509897
-68.590628
-104.297251
-113.645337
-135.099960
-244.825035
-404.048990
-515.459785
-535.381935
-457.992044
-355.469593
-290.492733
-318.383744
-404.661980
-480.519398
-478.986925
-425.197119
-419.680216
-428.108818
-431.940001
-429.794539
-384.893077
-362.672217
-374.625507
-384.433335
-364.051442
-314.399314
-247.736734
-214.022325
-222.144433
-252.640648
-256.318583
-231.952261
-185.978068
-160.998756
-181.993637
-166.362412
-152.110412
-121.460950
-112.419358
-146.593509
-169.120863
-95.868649
-11.429381
44.046146
60.443608
70.098188
101.360640
141.817930
210.166230
236.065026
224.877972
192.389542
162.046575
159.441370
216.602617
259.665111
265.795004
249.550789
273.610617
341.192681
425.785196
458.886615
461.951561
479.881497
502.102357
570.450657
601.559861
638.339216
636.959990
584.396162
548.229797
550.528507
596.962442
631.902829
550.681754
398.660422
299.356165
326.940681
398.353927
406.629282
278.361283
108.103521
-28.746327
-49.128219
8.952511
28.108425
-50.354198
-195.172906
-332.635744
-382.441120
-334.474711
-312.100604
-303.059013
-308.269421
-284.516088
-250.801680
-228.121078
-236.549680
-264.593938
-303.059013
-255.399099
-161.764992
-81.463402
-68.897122
-115.331057
-133.414240
-88.053036
50.942275
155.150446
179.363521
74.695608
-76.712735
-224.596390
-291.871959
-297.542110
-265.513422
-181.840390
-140.770111
-181.074154
-250.188691
-328.344819
-356.082582
-341.217593
-304.591486
-299.840819
-375.544991
-475.002495
-523.581893
-448.184216
-383.054109
-365.430668
-412.784087
-479.293420
-474.849248
-387.038539
-270.570583
-200.996304
-199.004089
-209.731401
-197.778110
-160.845509
-119.315487
-148.892218
-173.871530
-168.048132
-143.375315
-68.130886
-32.730757
-32.117768
-89.432262
-152.876648
-194.100175
-173.565035
-116.863530
-48.974972
39.295479
154.537456
263.496294
312.075692
314.527649
280.353498
268.093714
319.891304
370.003175
392.377282
394.522745
403.411089
482.639948
581.944205
671.134140
684.466656
646.308076
608.762485
588.840334
607.843001
661.326312
702.396591
676.804291
567.385711
454.442443
406.169540
461.338572
538.575217
621.941753
600.180635
461.798314
286.176896
170.781671
167.256983
197.599951
183.041456
99.981414
21.825286
-0.242327
-1.621553
-54.185380
-178.622197
-329.417550
-412.171098
-389.950238
-276.240733
-172.032562
-134.793466
-149.811702
-210.957379
-295.090153
-399.758066
-468.412861
-487.415527
-398.072345
-212.796347
-46.063273
16.768124
-59.855531
-227.661336
-324.820131
-329.111056
-262.754970
-182.453379
-143.222068
-104.756993
-66.904907
-2.541037
53.240984
55.999436
-3.154026
-99.393337
-177.549465
-221.837938
-261.835486
-293.864174
-318.077249
-330.950023
-338.918883
-317.924002
-279.765422
-258.310798
-249.575701
-245.438024
-277.006970
-338.918883
-403.589248
-447.724474
-434.698452
-371.100819
-287.734282
-233.791228
-245.438024
-232.258755
-206.819702
-168.201380
-143.222068
-176.783229
-210.191143
-231.186024
-223.217164
-175.557250
-67.058155
26.116210
79.906016
101.667134
66.726747
26.269458
-17.559273
-40.239875
-29.052822
17.381114
92.012554
176.911564
224.111735
240.509198
256.446918
274.070359
311.002960
358.816121
386.860379
435.286529
505.473797
571.676636
629.450872
674.658828
679.715990
685.232893
714.962871
787.908591
832.810053
848.134784
784.383903
659.640592
551.907733
508.232249
554.512937
580.718227
517.120593
368.777197
194.228510
88.028124
85.269672
93.085285
62.589070
-32.117768
-148.585724
-242.219830
-266.586153
-232.565250
-211.876863
-215.248304
-263.061465
-317.157765
-343.516303
-378.150195
-414.163313
-467.186882
-482.205119
-451.249162
-373.706023
-299.687572
-262.754970
-266.739400
-250.801680
-211.263874
-165.902670
-139.697380
-151.650670
-201.456046
-227.508089
-207.279444
-153.183143
-111.959617
-128.203831
-139.390885
-156.401337
-136.938928
-139.850627
-153.489638
-178.468949
-180.767659
-148.432476
-122.533681
-138.164907
-184.292347
-260.762755
-307.503185
-266.126411
-195.785895
-153.949380
-209.578153
-294.936905
-367.729378
-373.859270
-304.897980
-228.734067
-246.510755
-328.651314
-409.565894
-365.277421
-277.466712
-204.061250
-213.869078
-304.744733
-352.404647
-317.770755
-219.079487
-185.824820
-221.684691
-313.786325
-364.204690
-330.950023
-252.487400
-177.855960
-142.149337
-117.323272
-90.658240
-58.629553
-17.559273
5.887565
-12.961854
-8.670929
42.053931
120.516553
218.135090
239.283219
268.400208
301.195133
357.283648
422.720250
477.123045
523.403733
558.344120
599.720893
636.040506
666.996463
678.796506
702.856333
715.116118
701.630355
668.069194
641.863904
557.731130
487.850357
469.767174
514.055647
554.972679
544.705109
445.400852
268.246961
149.633542
113.467177
118.677586
50.022791
-60.928262
-193.027444
-226.741852
-196.552132
-179.694928
-229.500304
-369.721593
-505.805205
-556.223570
-495.690882
-393.015184
-327.731830
-316.391529
-311.181120
-316.851271
-280.531658
-256.625078
-252.334153
-250.648433
-224.902884
-138.777896
-18.938499
82.664468
110.861973
72.090403
31.479866
1.290146
8.799264
7.266791
-11.429381
-28.593080
-41.465854
-29.359316
-18.172263
-25.221639
-39.626886
-87.133552
-160.385767
-207.739186
-218.466497
-219.232734
-210.344390
-213.409336
-222.604175
-216.627530
-227.048347
-236.396433
-242.986067
-216.474282
-184.445594
-156.554584
-180.767659
-213.102841
-239.614626
-211.876863
-160.845509
-150.271444
-178.622197
-215.095057
-222.910669
-224.289895
-213.256089
-181.533896
-154.102627
-181.687143
-239.921121
-296.316131
-293.710927
-246.510755
-144.601294
-41.159359
-16.026800
-88.359531
-151.037681
-144.754541
-40.699617
92.625543
187.945370
202.503865
178.903779
207.101284
241.888423
246.179348
207.407779
179.363521
214.457155
318.665326
459.499604
555.125926
594.357238
597.575431
620.409280
657.341882
716.648591
757.872118
762.929279
770.744892
747.911043
710.058957
655.196420
630.063861
607.689754
569.377926
505.780292
439.270959
344.717369
276.522316
242.501413
191.470058
107.797027
8.952511
-54.338628
-93.723187
-114.564821
-146.133767
-176.016992
-284.516088
-371.713808
-438.223141
-474.542753
-484.657076
-496.916861
-511.322108
-486.496043
-406.500947
-370.334582
-355.469593
-347.500733
-324.053894
-286.048561
-194.253422
-85.447832
-14.494327
-16.333295
-74.873767
-126.364864
-152.416907
-135.712950
-75.640004
-28.593080
-32.271015
-57.097079
-63.380219
-74.567273
-118.089509
-147.819487
-171.419573
-180.767659
-196.552132
-217.700261
-201.915788
-149.351960
-74.414025
-22.616435
-38.860649
-92.650455
-141.383100
-175.250756
-184.292347
-167.435143
-158.700046
-141.383100
-102.918025
-57.097079
-16.026800
-35.182714
-82.536133
-103.224520
-90.198498
-38.400908
-5.299488
-25.987875
-74.567273
-117.629767
-113.645337
-66.751660
-30.125553
-25.374886
-29.052822
-27.826843
-22.003445
-2.387790
-4.533252
0.830404
16.308382
47.570834
74.389113
74.082618
82.817715
107.184037
199.132424
295.831477
361.114831
351.919992
305.639305
269.626187
269.472939
312.841928
372.301885
407.242271
418.582572
453.369712
520.645281
603.092334
689.523817
715.269366
684.466656
615.352119
538.728464
499.497152
536.276507
600.946872
620.715775
596.502700
481.567217
359.275863
254.301456
223.039004
217.675348
184.880424
128.178919
38.222748
-13.421596
-63.073725
-93.110197
-152.570154
-247.583486
-320.988948
-320.222712
-276.547228
-254.479615
-260.456260
-316.391529
-374.778754
-375.391743
-339.378625
-322.061679
-329.111056
-329.417550
-296.316131
-224.136648
-147.972735
-109.047918
-109.660907
-101.692047
-67.824391
-54.338628
-53.878886
-54.645122
-82.689380
-98.780348
-103.837509
-122.840176
-147.512993
-185.211831
-237.315917
-271.796561
-232.718497
-168.814369
-153.336390
-193.793680
-265.053680
-335.240948
-349.033206
-315.472045
-296.162884
-287.887529
-303.825249
-292.025206
-212.489852
-142.302584
-144.754541
-203.295014
-257.697809
-252.180906
-224.902884
-195.172906
-190.881981
-206.359960
-223.830153
-216.780777
-190.881981
-177.089724
-175.250756
-162.377982
-110.427143
-56.330843
-44.071058
-83.149122
-154.562369
-190.422240
-154.562369
-79.011445
-7.444951
-24.608650
-54.951617
-62.460735
-14.187832
49.563049
90.173586
98.448941
86.955392
116.991865
201.431133
318.052337
418.429325
510.990701
585.009152
620.256033
643.396377
633.128807
627.458657
648.606785
689.523817
729.674613
750.363000
710.825194
594.663732
435.439777
344.257627
361.881068
422.413755
460.265841
419.042314
286.636638
151.166016
104.272339
115.612640
158.675134
171.701155
102.893113
15.542146
-43.764563
-88.359531
-133.260993
-235.017207
-396.080130
-511.168860
-523.122151
-464.121936
-398.225593
-371.254066
-386.732044
-406.654195
-407.113937
-401.597033
-402.210023
-397.306109
-337.386410
-253.560131
-183.985852
-138.164907
-118.089509
-112.112864
-134.640219
-153.183143
-184.139100
-217.393766
-196.092390
-163.603960
-123.606412
-32.577510
7.879780
45.425371
74.848855
87.568382
105.498317
116.685371
79.446274
18.913587
-54.185380
-77.325724
-84.528348
-113.951832
-149.045466
-209.424906
-228.734067
-203.754756
-179.694928
-176.476734
-191.494971
-223.830153
-210.957379
-189.809250
-151.344175
-123.912907
-146.440261
-165.289681
-130.655788
-103.224520
-82.076391
-56.790585
-67.364649
-62.154241
-46.982757
-2.234542
15.235651
11.251221
17.534361
65.654016
125.880209
159.901112
138.139994
103.506102
46.191608
48.490318
109.635994
130.477629
168.942704
195.914230
238.823477
271.465154
305.792552
294.452251
260.891090
255.987176
287.556122
328.779648
361.881068
387.626616
386.707132
366.018745
360.195347
385.481153
427.470916
449.998271
435.746271
387.779863
337.208251
318.971821
384.408422
459.806099
481.567217
406.016293
279.740509
157.449155
110.402231
163.425800
214.763649
227.329929
160.514102
71.630661
0.217415
-28.133338
-89.892004
-133.873982
-196.092390
-258.004303
-257.851056
-271.336819
-274.555013
-280.838153
-296.009636
-309.035658
-302.752518
-318.230497
-329.264303
-315.165550
-293.557680
-240.534110
-197.931358
-189.962498
-234.404218
-307.656432
-346.428002
-338.305894
-261.835486
-174.791014
-106.595961
-44.684047
-34.876219
-74.107531
-145.674025
-216.780777
-232.718497
-157.320820
-102.458283
-102.305036
-162.531229
-238.082153
-225.056132
-170.653336
-126.364864
-127.744090
-170.959831
-226.435358
-229.806798
-160.079272
-108.434928
-101.845294
-100.312821
-106.136219
-94.642670
-47.442499
-19.244994
-10.663144
-35.489209
-60.008778
-65.832176
-46.829510
-38.094413
-12.502112
67.186489
190.857069
276.522316
303.647090
265.641757
222.426015
207.714273
183.194703
210.166230
242.041671
255.987176
254.607950
253.841714
240.662445
241.275434
256.906660
242.654660
249.550789
246.026101
260.278101
288.322358
326.480939
355.751175
375.520078
410.307218
425.172207
471.299647
480.034744
440.496938
358.356379
261.810574
222.885757
250.623520
326.634186
362.953799
346.709584
244.033886
159.594618
147.947822
158.675134
148.407564
101.054145
13.243436
-51.733424
-45.910026
-31.198284
-10.816392
-32.424262
-95.102412
-128.816821
-140.310369
-159.466283
-219.232734
-305.357722
-389.184001
-389.490496
-338.612389
-287.274540
-258.617293
-257.084820
-275.627744
-282.370626
-256.931572
-241.300347
-241.147099
-232.105508
-181.533896
-73.494542
20.292812
60.596855
38.222748
-28.593080
-60.008778
-58.629553
-80.084176
-94.949165
-97.094627
-108.128434
-82.842628
-108.894670
-152.723401
-225.362626
-322.674669
-354.856604
-380.142410
-407.267184
-423.204904
-413.856818
-359.607270
-315.778540
-336.773421
-350.412432
-340.298109
-305.817464
-238.082153
-153.489638
-123.759659
-149.811702
-160.845509
-132.341509
-98.933595
-69.663359
-42.998327
-56.637337
-28.746327
-16.486542
10.331737
37.150017
67.339737
115.919134
179.057026
208.327262
166.797241
95.690489
41.594189
96.609973
142.890661
211.545456
209.859736
167.716725
125.573715
86.648898
84.503436
90.326833
93.851521
95.230747
133.389328
162.966058
208.174015
238.976725
242.654660
247.252079
253.688466
293.992509
331.231605
346.862831
371.229153
364.486272
346.709584
309.317240
275.449584
290.621068
318.205584
397.740938
443.561884
412.299433
290.621068
169.555693
135.841285
186.106402
199.898660
163.425800
101.054145
26.729199
8.186275
14.316167
11.404468
-50.660692
-121.767444
-192.874197
-213.562583
-203.601508
-198.544347
-197.931358
-245.284777
-292.025206
-264.287443
-219.692476
-193.180691
-180.001422
-202.375530
-233.484734
-225.056132
-248.043228
-290.799228
-311.794109
-304.284991
-250.341938
-165.749423
-106.136219
-81.463402
-101.538799
-147.206498
-135.099960
-114.258326
-84.834843
-79.471187
-92.956950
-94.642670
-109.354412
-120.081724
-144.601294
-205.133981
-248.656218
-280.838153
-290.032991
-291.258970
-284.669336
-263.827701
-233.331486
-201.302799
-199.923573
-220.305465
-286.201809
-314.705808
-266.126411
-169.427358
-92.497208
-87.746541
-92.497208
-105.369982
-69.663359
4.355092
31.633113
40.827952
33.931823
47.264339
88.641113
94.924253
63.661801
40.368210
21.672038
47.264339
64.734532
103.812597
122.815263
110.555478
144.423134
179.823263
185.799908
137.986747
94.771005
85.116425
148.714059
200.511650
205.262316
191.623306
177.677800
193.922015
244.953370
303.034100
327.860165
334.296552
355.597928
377.972035
410.613712
376.133067
293.379520
232.387090
219.820811
267.940466
308.397756
334.756294
349.314788
354.218702
342.265412
346.403089
315.906874
258.132638
222.119520
200.358402
225.950703
215.376639
107.490532
-52.652907
-166.975401
-199.310584
-192.261207
-219.692476
-264.440691
-278.845938
-253.406884
-213.102841
-203.141766
-284.362841
-436.230926
-518.524731
-508.716903
-424.890625
-343.363055
-322.061679
-329.570797
-338.918883
-309.035658
-265.360174
-244.518540
-260.303013
-266.126411
-209.731401
-166.055917
-153.183143
-160.385767
-172.645552
-124.832391
-61.847746
-6.065725
-10.203402
-14.647574
-28.593080
-54.185380
-73.188047
-132.801251
-166.668906
-156.094842
-85.754326
-27.213854
-12.042370
-32.271015
-73.494542
-100.619316
-89.125767
-55.564606
-44.990542
-38.554155
-26.907359
-5.452736
14.469415
-23.229424
-86.827058
