98.255215
103.557146
41.887317
-34.014011
-129.448769
-180.235688
-210.093931
-254.183673
-308.319179
-323.108776
-334.270736
-330.085001
-281.530475
-268.415172
-333.991687
-420.217828
-467.377110
-446.727483
-356.873705
-301.622003
-212.047274
-147.586954
-71.685626
-90.660958
-190.281452
-318.364943
-414.636848
-464.865669
-513.141146
-478.818119
-485.515295
-424.961661
-362.733734
-330.085001
-323.666874
-302.738199
-250.556036
-185.537619
-79.498998
1.704261
50.816885
56.397865
99.650460
90.441843
16.214809
-133.913553
-292.413386
-334.270736
-366.361371
-327.852609
-241.068370
-147.307905
-119.123956
-82.289488
-52.431245
-13.643434
82.628471
149.321183
204.014787
265.684616
311.727701
378.699461
488.923817
526.037334
491.993356
403.255774
315.913436
246.430235
228.292050
266.242714
310.890554
343.818336
436.741654
557.290822
633.192150
715.790655
820.713079
839.409362
866.198066
940.983199
1026.651242
1077.717209
1088.042022
1040.324643
975.027177
862.570429
817.085442
824.898814
812.341609
824.340716
765.182328
654.957972
615.333014
521.293501
397.953843
193.689974
45.514954
-38.199746
-69.453234
-39.874040
-16.433924
-21.456806
-114.938221
-79.778047
-142.843121
-223.209234
-334.828834
-467.377110
-582.345298
-664.664753
-703.173515
-690.616310
-664.106655
-684.477232
-716.009769
-735.543200
-779.353893
-727.171729
-662.432361
-580.950053
-551.649908
-519.559273
-529.046939
-604.111120
-648.758960
-667.734292
-680.291497
-756.192826
-798.608274
-752.007091
-639.271294
-549.138467
-423.008318
-402.358692
-369.151861
-445.053189
-542.162242
-618.063570
-671.082880
-678.059105
-679.454350
-558.626133
-438.914111
-289.622896
-274.554250
-264.508486
-234.650243
-193.071942
-89.544762
68.955070
184.481357
183.923259
227.733952
271.265596
332.377327
433.672115
426.137792
333.214474
204.572885
146.809742
128.113459
192.573778
309.216260
465.204652
431.439723
334.609719
254.243607
255.359803
345.492630
428.649233
547.524107
693.466735
769.647112
781.088121
817.922589
784.157660
786.669101
841.641754
974.469079
1059.858073
1050.928505
996.234901
1021.070262
1068.787641
1137.991793
1172.593869
1220.311249
1362.347190
1436.295175
1517.498435
1607.073164
1571.354892
1400.576903
1207.195945
1112.319285
1151.107096
1161.710958
1129.620323
1057.346632
928.425993
751.787976
618.402553
517.107766
479.157102
350.236463
243.918794
65.327433
-123.030642
-235.766439
-301.342954
-405.149182
-496.398206
-622.249305
-803.352107
-988.361594
-1091.330676
-1076.262030
-1021.010328
-857.766662
-703.731613
-552.766104
-498.351549
-438.076964
-418.822583
-430.542641
-510.629705
-544.952732
-554.998496
-649.038009
-626.714089
-631.736971
-651.549450
-621.133109
-576.485269
-521.233567
-592.949160
-695.918241
-834.605595
-910.227874
-949.015685
-1022.126524
-1019.336034
-949.852832
-838.233232
-847.162800
-800.282568
-716.567867
-544.115585
-334.549785
-260.322751
-262.555143
-289.343847
-325.341168
-349.618431
-281.809524
-244.696007
-103.218163
2.262359
134.252537
242.244500
303.077182
293.868565
209.037669
175.272740
164.110780
144.577350
133.694439
199.829052
257.592195
252.290264
262.615077
323.447759
404.092921
452.368398
560.081312
663.887541
729.464056
810.388266
850.571322
967.213805
1000.420636
1033.069369
1061.532367
1043.115133
973.910981
945.168934
1021.907409
1136.875597
1242.914218
1314.629811
1335.837535
1231.752258
1079.670552
885.731496
763.228985
721.371635
671.142815
638.215032
515.433472
408.836754
285.218046
166.064123
154.065016
230.524442
285.218046
318.982975
273.497988
246.430235
298.333349
249.499774
268.475106
237.779716
202.898591
216.851041
190.620435
136.484929
141.786860
22.911985
-66.941793
-289.343847
-267.298976
29.051063
-15.317728
7.843339
-6.109111
2.541408
-2.760523
0.309016
-1.086229
-1.086229
-0.249082
-1.365278
-0.249082
-1.365278
-0.249082
-1.365278
-0.249082
-1.365278
0.029967
-1.086229
-0.528131
-1.086229
-0.528131
-0.807180
-0.807180
-0.807180
-0.807180
-0.807180
-0.807180
-0.528131
-0.528131
-0.807180
-0.807180
-1.086229
-0.807180
-1.086229
-1.086229
-0.807180
-0.807180
-0.807180
-0.528131
-0.528131
-0.807180
-1.086229
-0.807180
-0.528131
-0.807180
-0.807180
-0.807180
-0.807180
-0.528131
-0.807180
-0.528131
-1.086229
-0.807180
-0.528131
-0.807180
-0.807180
-0.807180
-1.086229
-0.807180
-0.807180
-0.807180
-0.528131
-0.807180
-1.086229
-0.807180
-1.086229
-1.086229
-0.807180
-0.807180
-0.528131
-0.807180
-0.807180
-0.807180
-0.528131
-0.528131
-0.807180
-0.807180
-0.528131
-0.528131
-1.086229
-0.807180
-1.086229
-0.807180
-0.807180
-0.807180
-0.528131
-0.807180
-0.807180
-0.807180
-0.807180
-1.086229
-0.807180
-0.807180
-1.086229
-0.807180
-0.807180
-1.086229
-1.086229
-0.528131
-0.807180
-0.807180
-0.807180
-0.807180
-1.086229
-0.807180
-0.528131
-0.807180
-0.807180
-0.807180
-1.086229
-0.528131
-0.807180
-0.528131
-0.807180
-0.528131
-1.086229
-0.807180
-0.807180
-0.807180
-1.086229
-0.807180
-0.807180
-0.807180
-0.807180
-0.807180
-0.807180
-0.807180
-0.807180
-0.807180
-0.807180
-0.807180
-0.807180
-0.807180
-0.807180
-0.807180
-0.807180
-0.807180
-0.807180
-0.807180
-0.807180
-0.807180
-0.807180
-0.807180
-0.528131
-1.086229
-0.249082
-1.644327
0.029967
-2.481474
1.146163
-3.597670
2.262359
-4.992915
4.773800
-7.783405
8.680486
-15.317728
25.423426
-109.636290
-344.874598
-316.969698
-341.526010
-419.101632
-536.860311
-549.138467
-534.906968
-530.721233
-527.651694
-527.651694
-532.674576
-495.002961
-489.421981
-491.654373
-498.630598
-479.655266
-366.361371
-205.071049
-37.083550
54.444522
92.674235
114.440058
145.693546
210.991012
332.935425
426.416841
511.805835
596.078633
574.033762
521.014452
517.665864
602.775809
665.282786
654.957972
647.423649
640.168375
564.546096
530.502118
483.342837
472.180877
498.132434
496.458140
492.830503
509.015345
444.555026
336.284013
376.746118
371.165138
459.065574
524.363040
508.736296
494.783846
460.739868
438.974046
449.019810
497.016238
457.949378
343.539287
184.760406
58.909306
19.005299
140.949713
329.028739
427.253988
449.577908
456.554133
467.716093
436.462605
401.581480
335.167817
289.124732
328.470641
404.371970
497.016238
548.919352
560.081312
612.542524
628.448317
636.540738
561.755606
493.109552
417.208224
340.748797
272.939890
86.814206
-37.362599
-94.567644
-231.859753
-310.272522
-418.543534
-556.114692
-583.740543
-626.155991
-599.367287
-561.137574
-489.980079
-438.635062
-421.334024
-357.152754
-265.624682
-174.375659
-135.308798
-150.377444
-228.232116
-294.924827
-357.710852
-376.407135
-323.666874
-248.881742
-245.812203
-305.528689
-282.925720
-275.670446
-232.696900
-231.859753
-225.162577
-300.784856
-472.958090
-602.715875
-647.642764
-627.272187
-621.691207
-695.360143
-821.769341
-934.505137
-970.223409
-840.186575
-717.963112
-519.001175
-355.478460
-309.714424
-305.807738
-371.942351
-412.962554
-502.816333
-577.322416
-606.901610
-645.131323
-575.369073
-447.564630
-316.690649
-203.117706
-133.913553
-74.476116
-30.944472
76.210344
174.435593
173.598446
220.757727
290.799026
399.070039
532.176412
680.909530
752.346074
832.991235
958.284237
978.096716
985.631039
987.026284
903.032534
767.972818
604.729152
535.525000
567.615635
553.663185
557.569871
496.458140
438.694997
383.722343
329.586837
271.823694
268.475106
198.712856
104.952391
136.484929
265.963665
581.847134
821.271177
944.331787
1016.047380
1013.535939
924.519307
774.111896
620.634945
569.289929
491.435258
525.200187
551.151744
592.171947
696.536274
802.295845
815.969246
801.458698
900.242044
959.121384
993.723460
935.402218
786.948150
511.526786
258.150293
45.235905
44.956856
149.042134
282.427556
284.380899
186.992798
94.627578
-38.757844
-254.741771
-444.774140
-469.888551
-441.983650
-496.398206
-563.090917
-554.719447
-504.211578
-494.444863
-500.304892
-473.516188
-370.268057
-320.876384
-361.059440
-301.063905
-270.368515
-346.548892
-522.349763
-638.434147
-696.197290
-688.383918
-641.224637
-556.114692
-540.766997
-470.446649
-476.027629
-610.529247
-726.055533
-781.307236
-808.933087
-812.839773
-711.544985
-630.341726
-534.627919
-536.023164
-617.505472
-686.151526
-660.479018
-635.922706
-710.986887
-798.887323
-859.720005
-841.581820
-804.189254
-662.153312
-543.278438
-433.054082
-388.127193
-337.898373
-196.978628
-23.689198
1.983310
-73.918018
-147.586954
-241.068370
-257.253212
-285.995259
-177.445198
-131.681161
-67.499891
5.610947
44.677807
130.624900
269.033204
363.072717
355.538394
394.047157
339.074503
223.548217
104.952391
5.052849
38.538729
84.302765
67.001727
147.925938
260.382685
363.630815
486.691425
582.963330
732.254546
766.019475
589.381457
539.152637
553.384136
630.680709
694.024833
814.294952
906.939220
963.865217
966.376658
899.404897
824.061667
781.925268
873.174291
887.684839
852.524665
809.830168
729.743105
667.794227
525.479236
424.742547
454.042692
359.166031
138.438272
17.889103
69.513168
214.339600
324.284906
485.854278
612.821573
661.934198
668.352325
652.446531
651.051286
592.450996
486.133327
280.474213
183.365161
12.029074
-60.244617
-92.893350
-80.336145
-132.518308
-146.470758
-102.101967
-47.408363
-82.847586
-195.862432
-335.665981
-549.975614
-672.199076
-726.334582
-698.708731
-770.982423
-892.089689
-880.090582
-849.116143
-888.183003
-939.248970
-967.711968
-1057.286698
-1279.688751
-1360.054864
-1260.713419
-1077.657275
-860.557152
-664.385704
-493.607716
-436.123621
-488.863883
-616.947374
-712.661181
-826.513174
-952.922371
-973.851046
-928.087010
-806.979744
-608.575904
-440.867454
-331.759295
-217.349205
-186.095717
-125.821132
-64.709401
-71.964675
-115.217270
-175.770904
-336.503128
-480.213364
-466.819012
-459.005640
-415.753044
-373.337596
-325.620217
-248.044595
-285.437161
-273.996152
-234.929292
-239.394076
-263.671339
-284.879063
-233.254998
-147.028856
-121.077299
-57.733176
68.955070
119.741989
229.687295
344.097385
430.881625
414.975832
327.075396
185.318504
193.689974
317.587730
442.880732
572.917566
618.123504
625.378778
691.792441
797.831061
888.801035
1020.791213
1087.483924
988.142480
882.661957
796.714865
757.927054
643.516963
512.642982
494.504797
475.808514
562.871802
623.704484
743.416506
839.130313
775.228092
606.682495
497.016238
564.546096
619.239700
628.727366
656.632266
772.158553
886.568643
999.583489
1021.907409
982.840549
846.106538
689.281000
546.128862
443.159781
453.205545
483.621886
539.152637
511.526786
472.180877
382.885196
312.285799
310.890554
308.658162
225.501560
47.468297
-114.380123
-207.861539
-357.152754
-483.841001
-635.643657
-682.244840
-718.521210
-834.605595
-925.296520
-1057.565747
-1087.144941
-1140.722349
-1214.391285
-1142.675692
-997.012113
-780.191040
-600.204434
-443.657944
-411.567309
-497.235353
-523.465959
-661.037116
-688.383918
-658.246626
-664.943802
-591.832964
-466.539963
-378.360478
-311.388718
-301.063905
-301.342954
-341.805059
-481.050511
-635.364608
-723.265043
-779.074844
-831.815105
-786.330118
-733.868906
-631.736971
-465.981865
-335.107883
-296.320072
-371.384253
-462.075179
-579.833857
-670.245733
-718.242161
-749.774699
-745.030866
-667.176194
-590.995817
-414.915897
-301.342954
-303.296297
-291.297190
-316.411600
-312.783963
-309.993473
-269.531368
-93.730497
131.182998
382.048049
593.288143
788.901493
991.770117
1092.785855
1017.721674
898.567750
883.220055
866.198066
844.990342
854.757057
914.473543
1008.234008
1042.557035
1044.789427
1010.187351
933.448875
751.229878
559.802263
483.342837
459.623672
485.854278
535.525000
720.813537
812.620658
888.521986
961.911874
987.863431
940.425101
817.922589
750.113682
783.599562
865.919017
1003.211126
1132.689862
1204.963553
1212.218827
1242.356120
1220.032200
1128.783176
1107.854501
1045.905623
971.399540
803.412041
606.961544
358.328884
104.952391
-122.751593
-241.905517
-304.133444
-479.934315
-605.785414
-644.573225
-725.497435
-702.615417
-660.199969
-629.504579
-620.295962
-646.247519
-547.185124
-462.912326
-440.588405
-525.698351
-666.339047
-895.159228
-1086.028745
-1280.804947
-1346.381463
-1415.864664
-1430.096163
-1370.658726
-1307.035554
-1216.623677
-1226.669441
-1181.463503
-1126.211801
-1134.583271
-1204.624570
-1224.158000
-1144.349986
-1023.800818
-849.674241
-727.171729
-729.683171
-802.235911
-847.441849
-813.955969
-708.754495
-592.670111
-508.118264
-532.116478
-581.508151
-633.690314
-678.617203
-664.106655
-615.831178
-567.555701
-491.933422
-424.961661
-436.681719
-470.446649
-523.186910
-633.690314
-710.986887
-722.706945
-679.454350
-634.806510
-583.461494
-495.840108
-287.111455
-90.381909
51.095934
136.484929
183.086112
159.087898
106.347637
113.323862
181.690867
332.935425
492.272405
581.847134
618.402553
655.516070
627.332121
661.655149
656.074168
578.498546
634.308346
694.861980
854.757057
1098.645884
1342.534711
1508.568867
1599.259792
1631.350427
1582.516852
1561.588177
1485.965897
1449.131429
1410.343618
1389.973041
1441.039008
1559.355785
1666.789650
1744.923370
1842.869570
2082.014564
2387.015122
2734.431128
3130.122611
3146.307453
2533.515847
1491.825926
358.328884
-720.753602
-1704.401331
-2437.742106
-2820.597335
-2793.529582
-2475.134672
-1891.643211
-1094.958313
-288.506700
217.409139
238.616863
78.163687
-183.305227
-304.133444
-300.226758
-275.391397
-252.230330
-42.943579
249.220725
485.017131
608.077740
475.808514
151.832624
-462.912326
-1033.288484
-1412.516076
-1650.265825
-1814.067588
-1946.336815
-1953.313040
-1734.538623
-1451.303887
-1130.397536
-833.768448
-764.564296
-1002.314044
-1410.562733
-1757.420641
-1798.998942
-1717.516634
-1626.825709
-1497.905070
-1230.576127
-904.925943
-580.671004
-345.153647
-193.350991
-247.207448
-482.445756
-901.577355
-1298.664084
-1483.673571
-1583.015016
-1532.507146
-1389.913107
-1190.951169
-978.036781
-746.426111
-524.303106
-361.617538
-294.924827
-340.409814
-462.912326
-464.865669
-341.246961
-220.976842
-69.453234
154.065016
313.122946
537.199294
663.608492
615.612063
484.459033
230.245393
-126.937328
-383.104311
-473.516188
-453.424660
-351.013676
-247.765546
-165.725139
-161.260355
-124.425887
-28.712080
27.655818
141.786860
233.314932
330.423984
601.101515
936.518414
1377.973934
1826.126630
2089.269838
2093.176524
2093.176524
2052.156321
2044.901046
2122.197620
2135.591972
2129.173845
2094.013671
1958.116807
1922.119486
2027.041910
2185.541743
2393.991347
2554.444522
2628.392508
2695.643317
2712.386257
2921.673008
3098.311025
2773.777037
1771.712074
241.965451
-1197.369296
-2275.056538
-2814.179208
-2926.077857
-2577.824704
-1920.664307
-1133.467075
-349.060333
445.950271
1000.420636
1125.434588
663.887541
29.330112
-396.219614
-517.605930
-374.732841
-237.998831
-130.006867
0.867114
157.692653
289.682830
305.588623
148.484036
-257.253212
-853.580927
-1404.702704
-1684.309803
-1635.197179
-1450.745789
-1217.181775
-943.713754
-726.892680
-524.582155
-268.136123
-137.820239
-333.991687
-898.228767
-1635.755277
-2042.329671
-2006.332350
-1589.991241
-1055.054306
-624.202648
-302.459150
-51.315049
93.790431
70.908413
-87.870468
-618.063570
-1495.951727
-2314.681496
-2761.717996
-2672.143267
-2278.405126
-1802.347530
-1401.633165
-1083.238255
-827.908419
-693.964898
-572.299534
-624.481697
-840.465624
-1103.608832
-1109.189812
-733.310808
-125.263034
541.943127
969.446197
1210.544533
1275.004853
1068.787641
783.320513
428.928282
21.516740
-371.663302
-732.752710
-877.579141
-825.676027
-599.367287
-325.341168
-23.410149
209.037669
314.518191
293.868565
201.503346
207.642424
268.475106
418.603469
726.952615
1175.384359
1662.045817
2030.390498
2234.096269
2262.559267
2171.589293
1957.558709
1732.645214
1705.298412
1725.948038
1785.664525
1765.852045
1739.900488
1835.056198
1891.982194
1908.446085
1883.331675
1838.962884
1777.293055
1765.572996
1863.798245
2059.132546
2449.801147
3014.596325
3601.157325
3597.250639
2493.053742
768.251867
-770.703374
-2117.672902
-3227.171729
-3717.739873
-3431.993696
-2632.518308
-1634.360032
-623.365501
402.976725
1006.838763
878.476222
140.949713
-692.011555
-1191.230218
-1289.176418
-1192.904512
-959.898596
-699.824927
-382.546213
-125.821132
75.931295
140.112566
-135.866896
-709.591642
-1406.097949
-1804.300873
-1789.790325
-1350.009100
-775.726256
-242.463615
178.621328
518.223962
756.531809
816.527344
737.277428
297.775251
-633.690314
-1737.887211
-2320.262476
-2158.414056
-1692.681273
-1182.858748
-834.326546
-648.200862
-581.508151
-575.090024
-524.582155
-511.745901
-897.112571
-1574.085448
-2072.187914
-2165.948379
-1814.904735
-1261.550566
-759.262365
-475.748580
-368.035665
-391.754830
-356.873705
-326.457364
-373.058547
-433.333131
-577.322416
-584.856739
-222.651136
306.983868
689.839098
838.293166
781.088121
568.731831
370.886089
235.547324
140.670664
-44.617873
-362.454685
-744.751817
-860.836201
-763.727149
-662.990459
-666.618096
-785.492971
-883.997268
-1014.592201
-876.741994
-450.355121
-9.457699
265.126518
450.694104
627.053072
884.894349
1274.446755
1675.719218
1897.563174
1937.188132
1837.288590
1780.362594
1801.012220
1971.511159
2150.660618
2198.657046
2163.217823
2066.945918
2143.405344
2249.164915
2212.330447
2123.313816
2037.087674
1968.162571
2048.528683
2323.950047
2688.388043
3046.128862
3340.804607
3598.087786
3542.557035
2772.939890
1099.483031
-824.280782
-2440.253547
-3626.490850
-4297.603697
-4136.871473
-3253.960434
-2115.440509
-1070.122952
-247.486497
311.169603
438.974046
-16.992022
-802.235911
-1424.794232
-1614.826602
-1421.724693
-984.454908
-471.283796
28.492965
298.891447
392.930961
328.470641
106.905735
-224.325430
-763.169051
-1293.362153
-1519.949941
-1294.478349
-806.421646
-186.653815
294.426663
535.525000
599.148172
519.619207
424.184449
338.237356
66.722678
-471.283796
-980.269173
-1084.075402
-923.622226
-613.319737
-305.249640
-328.410707
-664.106655
-1256.248635
-1655.009658
-1821.043813
-1865.412605
-1906.432808
-2121.579588
-2316.634839
-2272.824146
-1973.962666
-1567.109223
-1247.598116
-1219.972265
-1443.490515
-1700.773694
-1807.928510
-1670.636402
-1428.979967
-1312.895583
-1242.854283
-1082.401108
-812.281675
-397.614859
-64.151303
60.862649
58.351208
-144.517415
-313.900159
-265.624682
-118.565858
-5.830062
-97.637183
-320.597335
-461.238032
-593.507258
-518.722126
-486.352442
-552.208006
-675.547664
-839.070379
-842.977065
-692.569653
-330.643099
-118.844907
-58.291274
-7.225307
128.950606
408.557705
704.628695
890.754378
968.050952
887.963888
714.395410
627.890219
760.717544
937.076512
1014.094037
974.469079
967.771903
1079.670552
1191.011103
1255.192374
1277.237245
1251.564737
1276.958196
1618.235124
2228.236240
2929.765429
3600.599227
4002.987887
4173.207777
4279.246398
4381.378332
4549.923928
4583.130760
4124.932300
2634.810635
331.540180
-1760.490180
-3046.068928
-3656.349093
-3584.354451
-2825.899266
-1704.401331
-626.155991
143.461154
627.611170
669.468521
114.719107
-746.705160
-1462.465847
-1610.919916
-1063.146727
-206.466294
569.010880
1098.366835
1218.357906
1093.064904
818.759736
522.967795
63.932188
-460.679934
-1024.917014
-1353.078639
-1115.049841
-465.144718
211.549110
584.637624
660.538952
413.022489
65.606482
-165.167041
-169.631825
-159.586061
-349.618431
-652.107548
-795.817784
-722.148847
-465.144718
-249.718889
-244.975056
-371.384253
-641.224637
-849.395192
-946.225195
-952.364273
-1055.612404
-1397.447430
-1948.011109
-2406.488618
-2545.455020
-2479.320407
-2400.070491
-2393.373314
-2428.533489
-2446.392625
-2345.934984
-1939.639639
-1265.178203
-715.172622
-488.305785
-473.516188
-418.264485
-234.371194
-7.783405
74.536050
8.680486
-131.960210
-229.348312
-158.748914
51.374983
206.526228
154.065016
-133.076406
-552.766104
-858.045711
-922.226981
-933.109892
-991.989231
-1095.795460
-1199.043590
-1280.804947
-1234.761862
-1045.845689
-795.259686
-625.597893
-562.532819
-421.892122
-72.522773
414.138685
952.424208
1342.255662
1523.358464
1521.405121
1360.114798
1156.129978
1002.373979
863.686625
718.302096
483.621886
352.468855
537.478343
858.105645
1300.677361
1701.391726
1842.032423
1867.704931
1815.801817
1956.721562
2239.119151
2561.141698
2711.549110
2773.777037
2902.139578
3039.710735
3327.689304
3823.280330
4486.858854
4936.406795
4770.093590
3471.399540
1128.504127
-1409.725586
-3189.221065
-4103.943691
-4178.449774
-3446.225195
-2198.039014
-1041.380905
-279.019034
159.087898
237.500667
-170.468972
-959.340498
-1628.779052
-1624.314268
-848.558045
312.843897
1446.899037
2058.574448
2011.694215
1414.529353
518.782060
-388.406242
-979.711075
-1234.203764
-1270.480134
-1096.074509
-600.762532
113.323862
621.472092
647.144600
244.476892
-400.126300
-1087.423990
-1466.372533
-1341.916679
-895.996375
-595.460601
-529.884086
-525.140253
-380.592870
-117.728711
22.632936
6.727143
-198.931971
-509.792558
-772.377668
-809.770234
-691.453457
-597.972042
-902.414502
-1657.521099
-2478.483260
-2994.165814
-3109.971149
-3022.907861
-2693.071942
-2384.443746
-2102.604255
-1833.601018
-1529.158558
-972.734850
-559.742329
-484.399099
-562.532819
-702.057319
-746.705160
-542.162242
-302.459150
-70.848479
94.906627
97.976166
33.236798
-65.825597
-163.771796
-267.019927
-549.417516
-936.737529
-1328.522327
-1552.319625
-1629.616199
-1596.409368
-1545.064351
-1527.484264
-1470.558268
-1332.429013
-1166.673906
-933.667990
-625.039795
-299.389611
-10.573895
226.338707
596.915780
1041.719888
1451.084772
1612.933193
1424.854166
1122.923147
795.877718
621.193043
618.681602
614.774916
616.449210
724.162125
966.934756
1286.166813
1552.937658
1626.048496
1544.008090
1505.220279
1544.008090
1689.950717
1927.700466
2130.569090
2216.516182
2184.704596
2231.863877
2463.474548
2898.232892
3392.149623
3855.650014
4309.104641
4833.995812
4921.617198
3970.897251
1757.759624
-791.353000
-2806.365836
-3993.161237
-4299.557040
-3605.841224
-2388.629481
-1241.459038
-547.743222
-337.340275
-333.154540
-603.553022
-1106.957420
-1624.872366
-1643.289600
-822.048390
464.925603
1621.304663
2237.165808
2169.356901
1384.392061
373.676579
-536.860311
-883.718219
-821.490292
-573.694779
-367.756616
-130.844014
140.112566
318.424877
259.266489
-236.324537
-849.395192
-1503.765099
-1755.746347
-1413.911321
-626.435040
-0.249082
-16.992022
-473.237139
-945.388048
-1069.285805
-994.500672
-836.837987
-640.108441
-511.745901
-437.239817
-327.573560
-40.711187
240.012108
61.699796
-836.000840
-1843.088685
-2392.815216
-2536.804501
-2245.198295
-1775.000728
-1502.090805
-1423.119938
-1438.467633
-1416.143713
-1093.563068
-715.451671
-516.210685
-549.138467
-614.156884
-519.280224
-186.653815
107.184784
318.145828
353.306002
120.579136
-138.936435
-223.488283
-183.584276
-109.078192
-260.043702
-764.843345
-1290.571663
-1640.220061
-1676.496431
-1543.948155
-1300.896476
-1180.068258
-1075.145834
-1061.193384
-985.850153
-643.736078
-237.998831
131.462047
445.950271
728.068811
1010.745449
1397.786413
1599.817890
1589.214028
1416.203647
1116.225971
853.919910
811.225413
832.712186
987.026284
1064.601906
1098.366835
1171.477673
1132.689862
980.887206
745.090800
513.201080
281.590409
367.537501
713.000165
1326.349869
1943.885308
2298.556588
2454.824029
2439.476334
2384.782730
2524.586279
2917.766322
3511.024498
4035.078522
4441.652916
4783.208893
4999.192820
4927.756276
4066.611059
2018.391391
-770.982423
-3100.204434
-4338.623901
-4398.061338
-3441.481362
-1980.938891
-726.613631
-167.399433
-173.538512
-511.745901
-962.130988
-1380.425441
-1626.267611
-1446.839103
-569.509044
875.964781
2294.091804
3045.012666
2911.348195
2032.622890
938.192708
87.093255
-347.386039
-236.882635
99.650460
330.423984
394.326206
332.935425
229.687295
-103.218163
-674.710517
-1269.922036
-1788.953178
-1917.315719
-1530.553803
-866.417181
-188.607158
120.021038
55.281669
-198.094824
-365.245175
-317.806845
-245.254105
-121.356348
-43.222628
65.606482
177.784181
212.386257
185.318504
-129.169720
-825.955076
-1682.635509
-2289.567086
-2446.113576
-2214.223856
-1911.734739
-1734.817672
-1637.708620
-1776.395973
-2033.679152
-1966.149294
-1713.888997
-1274.944918
-763.727149
-326.457364
49.421640
401.860529
551.988891
625.657827
574.312811
451.252202
456.833182
400.186235
365.584158
435.067360
491.714307
236.942569
-205.071049
-798.329225
-1235.599009
-1375.681608
-1236.994254
-937.574676
-688.104869
-605.785414
-715.451671
-760.657610
-782.423432
-666.897145
-429.147396
-94.567644
192.294729
442.601683
693.187686
875.685732
937.355561
886.847692
738.393624
560.639410
551.430793
804.249188
1059.579024
1299.840214
1345.325201
1333.884192
1324.954624
1294.817332
1236.496091
1133.806058
1056.230436
961.074727
1121.806951
1466.711516
1821.661846
2276.790766
2735.268275
3000.085777
3254.299417
3441.541297
3614.830726
3844.488054
4058.239589
4172.649679
4441.094818
4713.167594
4934.453452
4871.667427
3667.570987
1042.557035
-1894.712750
-3796.431692
-4510.797134
-3967.488729
-2702.838657
-1264.620105
-364.966126
-330.643099
-631.736971
-1175.045376
-1641.894355
-1896.107995
-1783.372198
-1094.121166
203.735738
1831.986659
3083.521428
3306.481580
2428.035325
921.449768
-316.690649
-843.256114
-575.927171
92.953284
772.437602
1189.057760
1005.443518
433.114017
-319.760188
-1203.508374
-2078.047943
-2713.163470
-2929.705494
-2434.114469
-1415.864664
-257.253212
390.698569
204.014787
-458.168493
-1334.940454
-1838.902950
-1749.328220
-1101.097391
-270.368515
434.788311
963.865217
1138.270842
1069.066690
721.371635
21.516740
-856.371417
-1711.935654
-2136.927283
-2043.445867
-1546.459596
-1047.240934
-831.257007
-1067.053413
-1703.843233
-2321.657721
-2637.820239
-2557.454127
-2142.787312
-1403.586508
-762.610953
-162.934649
306.425770
520.735403
606.403446
541.943127
357.491737
273.497988
451.531251
683.700020
975.306226
966.097609
599.985319
-77.545655
-886.508709
-1488.975502
-1803.184677
-1875.179320
-1784.209345
-1690.169832
-1630.453346
-1634.080983
-1564.318733
-1367.031089
-1106.399322
-792.190147
-449.797023
-22.293953
436.183556
832.712186
1127.387931
1216.683611
1123.760294
925.356454
834.386480
875.406683
1129.620323
1405.599785
1555.728148
1534.241375
1316.025056
1057.625681
848.338930
738.951722
672.538060
687.048608
788.343395
1046.184672
1404.762638
1847.334354
2254.187797
2489.426105
2608.859078
2679.458475
2902.139578
3197.094372
3611.203089
4110.700801
4349.287697
4444.164357
4480.161678
4522.298077
4256.085330
3088.544310
887.405790
-1456.047720
-2900.963447
-3279.911991
-2812.504914
-1966.986441
-1278.851604
-1178.673013
-1596.130319
-2188.830397
-2630.006867
-2758.369408
-2528.712080
-1983.729381
-1138.210908
65.606482
1301.235459
2047.133438
2053.830615
1277.237245
212.107208
-415.473995
-149.540297
724.162125
1573.029186
1946.954847
1763.898702
1003.769224
-41.827383
-1106.120273
-1929.593875
-2413.185794
-2587.870468
-2446.113576
-2142.508263
-1634.080983
-1124.258458
-1116.724135
-1699.099400
-2369.096051
-2679.956639
-2203.340945
-1257.085782
-159.027963
776.902386
1344.767103
1523.916562
1263.284795
844.711293
365.863207
-142.005974
-605.785414
-954.596665
-1110.306008
-974.967242
-746.426111
-685.314379
-952.085224
-1462.465847
-2074.978404
-2474.297525
-2344.260690
-1828.857185
-1009.011221
-292.692435
26.539622
-116.333466
-364.408028
-459.284689
-341.805059
-73.359920
128.392508
385.954736
678.119040
821.550226
801.737747
474.413269
-183.305227
-890.973493
-1446.839103
-1682.635509
-1530.832852
-1214.391285
-1098.864999
-1171.975837
-1507.671785
-1878.806957
-1958.894020
-1783.651247
-1406.935096
-982.222516
-638.713196
-246.091252
96.580921
468.274191
835.781725
1002.373979
1084.135336
1122.365049
1295.654479
1564.657716
1924.351878
2078.665976
1872.727813
1416.203647
840.804607
436.462605
400.186235
593.567192
868.709507
1064.043808
964.981413
785.273856
575.149958
403.813872
450.415055
656.632266
989.258676
1326.070820
1680.184002
2024.251420
2237.165808
2228.794338
1975.417845
1685.764982
1398.902609
1367.091023
1535.357571
1909.841330
2405.711405
2639.275419
2785.218046
2900.465284
2978.878053
2899.907186
2315.857626
1140.782283
-429.705494
-1738.724358
-2238.222070
-1879.923153
-1106.957420
-478.818119
-433.333131
-842.418967
-1343.032875
-1692.123175
-1766.629258
-1601.711299
-1332.149964
-872.835308
-176.887100
622.309239
1179.291045
1259.657158
917.822131
264.847469
-281.809524
-462.075179
-159.586061
447.345516
900.800142
836.618872
153.785967
-717.684063
-1351.962443
-1525.809970
-1354.194835
-1114.212694
-894.322081
-772.656717
-669.687635
-558.626133
-552.208006
-687.267722
-940.644215
-1166.673906
-1070.402001
-647.084666
-36.804501
494.225748
813.178756
827.131206
617.286357
293.310467
-50.477902
-294.087680
-492.212471
-715.172622
-1010.406466
-1276.061114
-1570.178762
-1931.547218
-2232.082992
-2539.874040
-2750.276987
-2833.991687
-2613.822025
-2076.094600
-1473.069709
-989.477790
-663.269508
-508.676362
-486.910540
-397.056761
-227.394969
42.166366
359.166031
651.051286
864.523772
1011.582596
969.167148
738.672673
391.814765
39.096827
-133.076406
-174.654708
-148.145052
-118.565858
-203.396755
-480.771462
-768.750031
-1033.846582
-1066.216266
-900.461159
-685.872477
-293.808631
30.446308
354.980296
540.268833
555.895577
513.480129
466.041799
476.924710
605.008201
899.962995
1295.375430
1707.809853
1951.977729
1958.116807
1753.015791
1483.733505
1247.099953
1096.413492
1020.791213
1008.513057
997.351097
943.215591
872.616193
798.668208
761.833740
685.374314
720.255439
849.176077
966.934756
1163.664301
1458.060997
1952.256778
2454.265931
2931.160674
3337.735068
3350.292273
2976.087563
2338.181547
1607.910311
1000.699685
804.528237
941.262248
1193.243495
1220.869347
855.873253
15.377662
-1062.309580
-1922.617650
-2407.046716
-2442.485939
-2129.392960
-1811.835196
-1581.061673
-1497.067923
-1581.340722
-1772.768336
-1883.829839
-1899.456583
-1679.565970
-1185.649238
-514.257342
89.604696
383.722343
366.979403
145.135448
-52.710294
-135.308798
82.349422
488.923817
867.593311
1003.211126
941.541297
623.704484
250.895019
-191.118599
-657.409479
-889.578248
-915.529805
-810.607381
-700.941123
-626.993138
-652.386597
-799.724470
-969.107213
-1168.627249
-1313.732730
-1324.336592
-1231.413274
-956.829057
-643.457029
-424.682612
-416.032093
-546.347977
-796.096833
-1061.472433
-1222.762755
-1319.313710
-1352.241492
-1299.222182
-1191.788316
-1049.473326
-995.058770
-1093.842117
-1228.343735
-1347.776708
-1401.354116
-1420.050399
-1195.415953
-900.461159
-651.270401
-537.976507
-540.487948
-595.181552
-717.963112
-796.933980
-846.325653
-740.007984
-552.487055
-272.042809
93.232333
351.631708
448.182663
348.841218
174.435593
-71.685626
-333.712638
-512.303999
-625.597893
-640.666539
-573.694779
-494.723912
-524.024057
-605.227316
-727.450779
-716.288818
-670.803831
-472.399992
-190.839550
44.956856
349.678365
562.313704
813.736854
1023.581703
1210.265484
1316.862203
1387.740649
1444.945694
1436.016126
1427.365607
1408.390275
1378.811081
1336.116584
1381.880620
1391.089237
1364.858631
1455.549556
1485.407799
1530.055640
1572.750137
1609.305556
1747.434811
1863.798245
1947.233896
2045.180095
2110.477562
2117.453787
2139.777707
2140.893903
2110.198513
1984.626462
1780.641643
1490.151632
1190.732054
951.028963
629.285464
229.408246
-175.212806
-566.718554
-907.995482
-1120.351772
-1337.451895
-1478.092591
-1629.058101
-1781.697904
-1913.409033
-2097.302324
-2227.618208
-2197.480916
-2096.186128
-1886.062231
-1610.919916
-1385.448323
-1228.901833
-1146.582378
-1051.984767
-965.479576
-800.003519
-620.016913
-390.359585
-221.255891
-47.687412
98.255215
191.457582
329.307788
392.930961
323.447759
138.996370
-68.337038
-305.249640
-300.226758
-203.396755
-98.195281
-114.659172
-336.782177
-710.428789
-1089.935431
-1363.961550
-1512.694667
-1425.073281
-1206.577913
-983.059663
-932.272745
-905.204992
-919.715540
-969.107213
-1030.218945
-1046.403787
-1007.336927
-865.021936
-734.427004
-644.015127
-640.387490
-670.245733
-668.013341
-722.148847
-712.940230
-637.317951
-458.447542
-316.969698
-200.327216
-164.608943
-133.913553
-164.050845
-230.743557
-250.835085
-297.157219
-281.809524
-230.185459
-179.677590
-177.724247
-231.022606
-327.015462
-450.913219
-527.372645
-456.494199
-354.083215
-272.042809
-248.602693
-329.526903
-436.960768
-430.821690
-411.009211
-375.569988
-195.025285
83.186569
416.929175
685.374314
841.920803
938.750806
945.168934
914.752592
866.756164
774.111896
675.886648
591.334800
648.818894
811.504462
1046.184672
1302.909753
1516.103190
1713.669882
1810.220837
1768.921584
1709.763196
1684.927835
1718.971813
1833.381904
2051.598223
2280.139354
2413.524777
2449.801147
2418.826708
2439.755383
2440.871579
2389.805612
2262.559267
1969.557816
1617.677026
1300.956410
1041.998937
843.036999
739.788869
525.479236
253.127411
-97.079085
-416.869240
-683.081987
-829.861762
-979.152977
-1016.824593
-1047.519983
-1095.795460
-1045.845689
-1027.428455
-1094.400215
-1278.572555
-1520.787088
-1624.872366
-1598.362711
-1464.977288
-1238.668548
-1013.196956
-921.110785
-916.087903
-922.785079
-809.491185
-593.786307
-429.147396
-342.084108
-314.458257
-280.693328
-231.859753
-182.747129
-206.745343
-255.857967
-377.523331
-528.767890
-491.933422
-301.342954
-169.352776
7.564290
44.956856
-76.150410
-126.937328
-116.891564
-37.920697
30.725357
14.540515
-157.074620
-304.133444
-455.378003
-558.905182
-619.458815
-708.754495
-793.306343
-1009.848368
-1146.861427
-1228.343735
-1304.803162
-1308.988897
-1223.599902
-1015.708397
-748.100405
-583.740543
-437.518866
-442.541748
-463.191375
-515.652587
-416.311142
-178.561394
28.492965
54.444522
-20.061561
-226.836871
-303.854395
-327.015462
-300.226758
-251.951281
-298.831513
-369.151861
-503.095382
-551.928957
-533.790772
-398.731055
-250.556036
-75.034214
-27.874933
-22.573002
-95.962889
-190.002403
-257.532261
-212.884421
-107.403898
84.581814
250.336921
362.514619
472.738975
471.343730
443.717879
451.531251
529.944020
613.100622
686.490510
815.132099
962.749021
1163.106203
1166.175742
1151.107096
1148.874704
1142.735626
1136.596548
1303.467851
1465.037222
1569.401549
1710.321294
1749.109105
1840.079080
1886.122165
1917.375653
1882.494528
1941.373867
1934.676691
1950.024386
2025.925714
2083.688858
2146.753932
2215.120937
2231.026730
2090.106985
1793.477897
1317.420301
848.059881
390.698569
150.158330
-41.827383
-277.623789
-522.349763
-749.774699
-1019.894132
-1176.161572
-1223.878951
-1243.133332
-1250.946704
-1394.935989
-1432.607604
-1561.528243
-1562.365390
-1485.347865
-1293.920251
-1062.867678
-787.725363
-554.440398
-363.012783
-243.021713
-314.179208
-453.982758
-618.342619
-738.054641
-647.921813
-393.429124
-178.003296
-12.248189
62.257894
-24.247296
-219.302548
-371.384253
-495.840108
-544.952732
-465.702816
-348.502235
-200.885314
-165.725139
-266.182780
-441.704601
-608.296855
-563.090917
-496.398206
-330.364050
-217.907303
-250.556036
-301.063905
-402.916790
-590.437719
-802.794009
-1023.800818
-1270.480134
-1322.383249
-1154.395750
-881.206778
-592.949160
-456.215150
-513.699244
-790.794902
-1139.048055
-1383.494980
-1450.745789
-1300.617427
-1035.520876
-754.518532
-487.747687
-396.777712
-539.650801
-660.199969
-835.721791
-857.487613
-704.847809
-472.120943
-228.790214
-146.470758
-172.422316
-322.550678
-495.002961
-592.112013
-630.899824
-603.273973
-558.626133
-359.664195
-150.935542
-36.804501
45.794003
-17.829169
-82.010439
-73.918018
96.301872
302.240035
510.131541
571.243272
454.042692
440.090242
457.112231
602.217711
736.440281
761.833740
782.762415
745.648898
791.971032
933.448875
1138.828940
1355.091916
1422.342725
1417.040794
1387.461600
1314.908860
1287.003960
1283.655372
1234.263699
1287.841107
1365.695778
1443.550449
1566.052961
1778.688300
1883.331675
1881.099283
1943.048161
1928.537613
1918.491849
1880.262136
1705.298412
1365.974827
992.607264
649.376992
536.362147
431.997821
357.491737
207.084326
-9.457699
-150.656493
-397.614859
-593.507258
-827.629370
-1056.728600
-1283.874487
-1452.699132
-1514.089912
-1448.792446
-1288.618320
-1242.575234
-1301.454574
-1440.979074
-1499.858413
-1455.489622
-1335.498552
-1174.208229
-1072.076295
-936.458480
-822.885537
-685.872477
-535.744115
-445.053189
-342.363157
-275.112348
-269.531368
-245.812203
-228.790214
-222.372087
-250.556036
-385.057654
-413.241603
-379.476674
-258.927506
-160.981306
-111.031535
-139.215484
-346.269843
-426.915004
-391.196732
-400.963447
-412.404456
-384.499556
-397.614859
-361.896587
-352.129872
-472.679041
-691.453457
-916.646001
-1092.725921
-1105.841224
-1043.613297
-953.201420
-949.294734
-1026.033210
-1077.099177
-1060.635286
-982.501565
-802.235911
-638.155098
-546.906075
-429.426445
-418.543534
-408.776819
-442.541748
-502.537284
-568.950946
-633.411265
-671.361929
-618.900717
-522.907861
-364.408028
-292.692435
-309.993473
-411.009211
-563.928064
-632.574118
-557.230888
-387.569095
-215.674911
-32.060668
56.676914
70.350315
133.136341
155.181212
115.556254
88.209451
94.069480
50.258787
2.820457
110.533372
262.615077
414.975832
499.527679
462.414162
388.466177
409.952950
567.894684
742.579359
937.076512
1088.600120
1142.177528
1164.780497
1213.893121
1398.344511
1569.680598
1657.581033
1641.675240
1491.825926
1335.558486
1284.492519
1266.075285
1285.887764
1342.534711
1437.132322
1561.588177
1657.301984
1672.928728
1656.464837
1616.560830
1487.082093
1350.627132
1165.617644
928.425993
763.228985
671.142815
633.471199
589.660506
414.417734
146.530693
-201.443412
-501.142039
-700.383025
-837.675134
-838.233232
-877.858190
-926.970814
-949.015685
-1005.662633
-1016.545544
-1044.729493
-1064.821021
-1069.564854
-1132.350879
-1033.567533
-902.135453
-709.033544
-561.974721
-579.554808
-590.437719
-619.179766
-512.303999
-340.130765
-145.075513
-36.246403
29.330112
125.881067
194.806170
252.011215
211.549110
142.065909
52.491179
-10.573895
-8.620552
64.211237
80.396079
-24.805394
-225.162577
-339.851716
-402.637741
-461.796130
-551.649908
-682.523889
-859.999054
-999.244505
-1021.568426
-1039.706611
-1035.799925
-1039.985660
-993.105427
-942.597558
-865.859083
-858.882858
-899.344963
-961.293841
-993.942574
-958.503351
-820.095047
-668.571439
-606.343512
-466.260914
-359.106097
-329.247854
-316.969698
-343.758402
-347.665088
-328.131658
-303.296297
-277.344740
-289.343847
-225.720675
-243.021713
-330.085001
-336.224079
-316.132551
-240.510272
-140.889778
-97.079085
-108.520094
-158.190816
-44.338824
120.021038
276.846576
377.025167
334.888768
258.429342
130.066802
19.842446
36.585386
77.326540
119.183891
210.711963
295.263810
351.910757
421.114910
629.006415
859.500890
944.610836
1034.743663
1046.184672
984.793892
991.212019
1001.257783
1136.596548
1290.631597
1454.154311
1614.607487
1724.273744
1852.636285
1986.300756
1974.580698
1919.887094
1825.847581
1694.694550
1759.433918
1880.820234
2031.506694
2109.082317
1991.323638
1795.989338
1516.661288
1338.907074
1170.082428
1013.535939
728.905958
442.322634
288.566634
145.135448
31.283455
-112.147731
-318.364943
-528.767890
-762.610953
-956.270959
-1105.841224
-1193.183561
-1289.176418
-1344.707169
-1330.754719
-1245.365724
-1164.999612
-1075.424883
-915.808854
-808.095940
-656.293283
-578.717661
-566.997603
-624.202648
-753.402336
-777.958648
-696.755388
-552.766104
-383.104311
-231.859753
-88.986664
25.423426
90.999941
27.376769
-41.269285
-214.837764
-312.504914
-369.430910
-356.036558
-282.088573
-174.654708
-145.075513
-194.467187
-361.059440
-595.181552
-809.491185
-1006.220731
-1038.032317
-1015.708397
-935.063235
-959.619547
-993.105427
-979.711075
-999.523554
-970.781507
-951.527126
-983.896810
-942.876607
-919.994589
-782.144383
-615.273080
-578.159563
-561.416623
-653.781842
-728.008877
-853.301878
-948.178538
-894.043032
-809.770234
-717.963112
-675.268615
-663.269508
-708.475446
-878.137239
-910.785972
-856.929515
-697.592535
-507.002068
-335.945030
-215.116813
-115.496319
9.238584
56.955963
104.673342
108.021931
118.904842
183.923259
328.470641
474.971367
498.411483
349.678365
229.129197
163.831731
140.949713
258.150293
351.631708
412.743440
389.024275
359.166031
354.701247
422.231106
556.453675
684.816216
808.155874
927.588846
1100.320178
1185.151074
1183.476780
1214.451219
1294.817332
1384.392061
1454.433360
1538.148061
1571.633941
1442.713302
1355.929063
1229.240817
1196.313034
1285.887764
1359.556700
1434.899930
1422.342725
1368.765317
1244.030414
1245.704708
1250.448541
1199.940671
949.912767
555.616528
212.386257
-66.662744
-109.915339
-8.620552
49.700689
-40.711187
-190.839550
-374.453792
-494.165814
-566.439505
-673.594321
-770.424325
-913.576462
-885.671562
-725.218386
-555.277545
-477.143825
-628.667432
-799.166372
-893.484934
-900.740208
-811.723577
-711.824034
-659.920920
-728.008877
-777.121501
-700.103976
-596.576797
-496.398206
-487.468638
-543.557487
-628.388383
-683.361036
-559.463280
-424.682612
-331.201197
-212.047274
-130.285916
-95.683840
-41.269285
15.098613
-99.869575
-248.602693
-424.403563
-579.275759
-601.599679
-520.954518
-431.937886
-369.989008
-424.682612
-538.534605
-681.965791
-730.520318
-832.931301
-945.108999
-1074.308687
-1112.817449
-1069.006756
-908.832629
-786.051069
-787.446314
-791.632049
-831.257007
-806.700695
-780.749138
-708.475446
-723.823141
-707.080201
-707.917348
-579.275759
-425.519759
-351.571774
-291.576239
-256.416065
-248.881742
-282.925720
-284.041916
-315.295404
-324.504021
-354.920362
-316.411600
-191.118599
-41.548334
87.930402
138.996370
233.035883
320.378220
383.722343
437.857850
520.456354
468.274191
412.185342
465.204652
500.643875
533.013559
635.703591
615.612063
574.870909
607.240593
593.846241
623.983533
659.980854
726.673566
684.816216
650.772237
665.282786
656.353217
663.887541
722.208782
826.573108
983.398647
1203.289259
1412.576010
1645.302877
1794.594093
1773.944467
1646.419073
1521.405121
1495.174515
1562.146275
1698.880285
1779.525447
1808.825592
1739.063341
1637.768554
1548.472874
1518.335582
1374.625346
1061.253318
783.878611
399.907186
156.855506
23.749132
-106.287702
-271.484711
-556.951839
-773.493864
-918.599344
-953.480469
-958.224302
-959.340498
-863.626691
-806.700695
-688.383918
-598.251091
-637.876049
-668.571439
-690.895359
-705.964005
-652.665646
-498.630598
-344.037451
-311.388718
-300.784856
-283.762867
-272.321858
-278.739985
-301.342954
-421.334024
-519.001175
-503.095382
-412.404456
-191.955746
7.285241
105.789538
53.328326
-54.663637
-158.748914
-205.908196
-183.584276
-280.693328
-343.758402
-404.032986
-387.848144
-414.357799
-362.175636
-460.679934
-632.295069
-767.354786
-844.372310
-797.492078
-712.103083
-634.248412
-742.798474
-915.529805
-1013.755054
-1023.800818
-976.920585
-856.092368
-904.646894
-881.485827
-839.070379
-753.402336
-640.666539
-535.744115
-568.392848
-642.061784
-690.337261
-707.080201
-644.573225
-539.371752
-360.780391
-402.916790
-495.561059
-539.650801
-537.697458
-502.537284
-452.587513
-415.473995
-405.428231
-406.544427
-384.499556
-299.110562
-239.394076
-183.305227
-228.790214
-272.042809
-291.297190
-286.553357
-212.884421
-53.547441
28.492965
73.698903
209.874816
428.370184
580.730938
678.119040
730.580252
760.717544
801.458698
923.961209
1040.324643
1192.685397
1221.985543
1085.530581
942.657493
867.035213
852.245616
867.593311
941.820346
987.305333
1065.160004
1092.785855
1245.983757
1400.855952
1537.869012
1715.902274
1620.188467
1439.364714
1328.303212
1286.724911
1384.392061
1545.961433
1636.094260
1581.121607
1456.665752
1227.845572
924.798356
742.579359
503.992463
337.679258
242.523549
154.902163
84.302765
-80.615194
-253.904624
-441.146503
-648.479911
-752.844238
-868.928622
-917.762197
-925.017471
-903.530698
-910.506923
-964.642429
-967.153870
-994.500672
-1039.985660
-1002.314044
-909.669776
-839.907526
-793.585392
-770.145276
-741.961327
-721.032651
-690.058212
-724.102190
-829.582713
-914.134560
-903.530698
-767.912884
-544.394634
-294.087680
-195.583383
-170.189923
-253.625575
-364.966126
-445.053189
-476.585727
-452.029415
-489.701030
-491.933422
-440.030307
-429.984543
-371.105204
-411.846358
-537.418409
-596.855846
-604.111120
-493.049618
-384.499556
-356.315607
-369.430910
-457.889444
-611.645443
-755.634728
-881.485827
-892.089689
-942.318509
-1014.592201
-1005.383584
-946.783293
-762.331904
-659.083773
-626.714089
-676.105762
-777.121501
-716.846916
-587.368180
-381.988115
-190.560501
-34.014011
-2.202425
-74.197067
-150.377444
-151.214591
-70.011332
18.447201
151.832624
176.388936
244.755941
310.611505
344.376434
269.870351
153.227869
36.027288
-67.220842
-49.082657
38.817778
99.371411
101.045705
102.440950
200.108101
325.959200
431.160674
578.219497
653.004629
635.145493
608.914887
613.379671
563.708949
547.803156
518.782060
522.130648
570.685174
652.446531
706.582038
740.067918
834.107431
886.847692
955.493747
947.680375
924.240258
992.049166
963.865217
1079.391503
1249.332345
1369.602464
1436.295175
1435.458028
1406.157883
1322.722232
1257.145717
1114.272628
985.910088
719.697341
505.387708
356.933639
180.853720
54.444522
-150.098395
-333.433589
-471.004747
-590.158670
-640.666539
-656.572332
-655.456136
-687.825820
-753.123287
-811.165479
-774.889109
-826.234125
-938.969921
-1038.032317
-1187.323532
-1155.511946
-1030.497994
-750.053748
-498.909647
-343.758402
-247.765546
-219.581597
-252.230330
-297.436268
-372.779498
-398.731055
-269.252319
-111.868682
55.281669
179.179426
96.022823
-112.426780
-342.921255
-405.707280
-347.386039
-213.442519
-146.470758
-178.840443
-212.605372
-268.973270
-243.021713
-218.186352
-276.786642
-455.657052
-700.103976
-869.486720
-907.437384
-882.602023
-766.517639
-712.103083
-709.312593
-724.660288
-671.920027
-596.018699
-565.044260
-502.258235
-475.190482
-416.869240
-341.246961
-272.879956
-224.604479
-218.186352
-190.839550
-145.075513
-169.352776
-136.145945
-85.917125
59.188355
162.157437
164.389829
94.069480
34.352994
-79.498998
-153.167934
-101.822918
-92.335252
8.680486
28.213916
-31.223521
-137.820239
-191.955746
-129.169720
-89.823811
21.795789
93.790431
173.598446
235.826373
278.520870
267.079861
148.484036
46.631150
-50.756951
-92.893350
-66.941793
37.143484
123.090577
188.946141
306.704819
446.508369
490.319062
522.967795
525.758285
584.358575
684.816216
881.266712
1044.231329
1026.093144
1015.210233
971.120491
958.563286
1069.345739
1280.585833
1431.551342
1582.795901
1521.963219
1486.244946
1456.386703
1416.482696
1453.038115
1347.557593
1145.805165
941.541297
708.535381
514.317276
499.527679
444.555026
409.394852
334.330670
193.410925
-59.965568
-266.461829
-504.769676
-656.851381
-737.217494
-714.335475
-656.851381
-666.897145
-674.152419
-780.470089
-839.349428
-843.814212
-837.117036
-809.770234
-695.081094
-544.673683
-397.893908
-357.152754
-372.779498
-397.614859
-482.445756
-532.116478
-502.258235
-348.781284
-253.067477
-198.094824
-110.473437
-32.060668
-85.917125
-130.006867
-208.140588
-210.093931
-43.780726
42.445415
143.182105
236.663520
176.667985
19.842446
-115.775368
-171.306119
-139.215484
-143.122170
-118.007760
-189.444305
-248.323644
-264.508486
-250.835085
-203.954853
-258.927506
-300.784856
-386.731948
-385.894801
-325.899266
-244.696007
-212.605372
-226.836871
-241.626468
-239.673125
-282.367622
-386.173850
-429.705494
-476.306678
-514.815440
-519.838322
-397.335810
-331.480246
-345.153647
-267.298976
-170.748021
-105.171506
-81.452341
-135.029749
-176.608051
-187.770011
-60.802715
25.702475
71.466511
87.930402
96.859970
106.068588
-8.062454
-143.122170
-219.581597
-204.233902
-171.864218
-139.215484
-153.446983
-133.355455
-82.847586
-18.666316
82.070373
163.273633
248.941676
324.284906
419.998714
590.218604
772.437602
858.105645
910.845906
970.283344
973.073834
920.054523
918.380229
891.870574
867.872360
875.127634
894.661064
895.219162
882.103859
967.213805
1067.950494
1235.100846
1336.395633
1390.252090
1364.858631
1273.888657
1107.296403
906.381122
727.510713
601.380564
522.130648
500.643875
513.480129
487.807621
486.691425
411.069146
252.569313
52.770228
-113.542976
-276.786642
-342.642206
-367.477567
-402.637741
-478.260021
-504.490627
-538.813654
-522.907861
-557.230888
-663.269508
-751.448993
-800.561617
-697.592535
-481.050511
-191.955746
-179.398541
-241.347419
-409.334917
-495.002961
-517.605930
-399.847251
-316.132551
-250.556036
-191.955746
-174.654708
-90.940007
-31.502570
-56.337931
-74.476116
-191.118599
-267.857074
-265.903731
-320.039237
-273.438054
-328.131658
-317.248747
-354.920362
-388.964340
-404.591084
-437.239817
-503.932529
-467.656159
-447.285581
-489.980079
-488.305785
-461.796130
-390.917683
-301.901052
-244.696007
-184.421423
-146.470758
-171.585168
-250.556036
-262.276094
-287.669553
-363.570881
-338.735520
-330.085001
-266.182780
-151.493640
-47.966461
13.424319
-54.942686
-150.377444
-169.073727
-178.003296
-76.987557
-15.596777
-2.202425
-32.897815
-42.664530
-10.852944
-18.666316
-12.527238
-64.988450
-150.377444
-135.587847
-64.709401
-47.408363
-22.014904
-34.851158
-69.174185
-127.495426
-105.450555
-102.660065
-70.011332
-74.197067
-7.504356
89.325647
137.043027
225.222511
243.918794
231.919687
155.181212
142.344958
216.292943
303.356231
413.301538
530.781167
648.260796
800.063453
899.125848
952.982306
1012.140694
1010.466400
947.959424
872.616193
872.337144
916.426886
956.051845
893.544868
776.623337
735.603134
716.069704
666.957080
636.819787
595.799584
490.598111
403.813872
344.934532
333.214474
326.517298
328.191592
260.661734
176.947034
80.954177
-52.431245
-149.261248
-214.000617
-243.858860
-323.945923
-337.340275
-321.155433
-237.719782
-244.137909
-323.945923
-409.893015
-579.275759
-654.898038
-666.339047
-740.287033
-774.051962
-793.864441
-880.927729
-890.694444
-868.649573
-765.680492
-689.500114
-588.763425
-534.069821
-506.164921
-465.423767
-489.142932
-431.937886
-399.847251
-356.873705
-296.320072
-329.805952
-399.289153
-509.234460
-537.697458
-492.770569
-386.731948
-268.973270
-142.843121
-43.780726
50.258787
99.371411
127.834410
22.632936
-151.772689
-214.000617
-242.742664
-247.207448
-159.586061
-35.130207
18.726250
62.536943
80.117030
140.391615
148.204987
90.999941
42.445415
49.421640
-24.247296
-6.667209
-50.756951
-16.992022
-2.481474
8.959535
116.951499
106.347637
-24.526345
-112.984878
-167.957531
-223.488283
-268.415172
-273.996152
-222.372087
-128.332573
25.702475
123.927724
135.647782
38.259680
-3.318621
-13.085336
96.859970
300.286692
437.857850
531.897363
562.034655
566.778488
514.596325
393.489059
318.703926
251.453117
168.296515
194.527121
264.568420
380.094706
451.531251
472.180877
493.109552
517.944913
572.080419
627.611170
728.905958
736.719330
725.557370
694.582931
724.441174
755.136564
800.342502
841.083656
760.438495
747.602241
779.413827
858.105645
994.560607
1051.486603
931.495532
741.463163
572.917566
406.046264
352.189806
381.489951
272.660841
173.040348
71.745560
1.425212
-18.666316
-47.966461
-24.247296
-82.010439
-128.611622
-150.377444
-188.886207
-176.049953
-175.770904
-202.838657
-239.394076
-234.650243
-264.508486
-284.320965
-363.012783
-394.824369
-358.547999
-352.408921
-358.827048
-396.219614
-431.658837
-464.865669
-507.281117
-560.858525
-604.111120
-657.409479
-679.454350
-680.570546
-704.010662
-612.203541
-552.487055
-513.420195
-481.050511
-445.332238
-356.594656
-333.991687
-250.835085
-200.606265
-183.863325
-125.542083
-166.283237
-208.977735
-195.025285
-124.704936
8.959535
113.881960
237.779716
354.143149
314.239142
204.851934
85.698010
-15.875826
-62.756058
-104.892457
-88.149517
-134.750700
-125.542083
-108.241045
-122.751593
-123.309691
-115.217270
-82.568537
-49.640755
-0.528131
57.514061
114.161009
226.617756
318.424877
383.164245
413.859636
414.417734
471.343730
525.479236
561.476557
525.200187
535.525000
435.625458
422.231106
357.770786
222.432021
139.554468
109.138127
69.792217
130.066802
135.926831
158.529800
188.388043
202.898591
280.195164
371.444187
447.903614
464.088456
429.765429
346.050728
327.912543
274.335135
244.755941
277.125625
333.493523
330.703033
316.471534
358.049835
372.281334
332.656376
338.516405
274.335135
256.755048
238.895912
278.799919
269.870351
211.828159
237.500667
262.894126
332.098278
339.353552
346.887875
322.052514
271.544645
224.106315
174.993691
152.111673
91.278990
136.205880
179.737524
199.270954
285.776144
309.495309
319.541073
279.916115
269.870351
195.922366
-0.807180
-131.402112
-139.494533
-119.123956
-87.591419
-78.661851
-194.746236
-340.967912
-531.279331
-646.526568
-645.410372
-622.249305
-553.324202
-568.113799
-604.111120
-661.316165
-704.568760
-758.425218
-783.539628
-793.864441
-854.976172
-796.096833
-668.292390
-587.368180
-517.605930
-496.398206
-520.675469
-518.443077
-541.325095
-543.836536
-609.971149
-642.619882
-585.135788
-553.882300
-444.774140
-296.320072
-170.189923
-162.097502
-130.006867
-133.076406
-172.980414
-75.034214
30.167259
81.791324
46.631150
0.867114
-12.527238
-15.875826
8.959535
79.279883
111.091470
85.698010
25.981524
-39.874040
-0.807180
41.887317
51.933081
142.624007
206.247179
232.477785
339.353552
413.580587
429.207331
414.138685
285.497095
217.130090
231.640638
368.932746
535.525000
620.634945
686.490510
626.774023
516.549668
444.834075
364.747011
314.797240
187.550896
5.610947
-19.503463
13.424319
136.484929
183.644210
183.365161
123.090577
-32.618766
-98.753379
-208.698686
-207.582490
-153.167934
-95.404791
-5.830062
47.189248
95.464725
92.674235
71.745560
66.164580
156.018359
237.779716
406.046264
434.788311
473.018024
458.507476
444.834075
410.511048
337.121160
286.334242
183.923259
174.435593
168.854613
218.246286
200.108101
161.041241
46.910199
-33.734962
-79.219949
4.215702
91.278990
196.480464
192.573778
74.536050
15.935760
-59.407470
-75.871361
28.492965
119.462940
122.253430
134.531586
38.817778
-42.106432
-97.079085
-181.072835
-257.532261
-336.782177
-360.501342
-308.319179
-253.346526
-220.976842
-355.199411
-480.213364
-599.925385
-645.410372
-534.627919
-393.150075
-321.434482
-369.151861
-447.564630
-468.493306
-441.704601
-429.147396
-458.447542
-563.090917
-626.993138
-633.411265
-593.786307
-486.910540
-477.143825
-526.256449
-564.207113
-596.576797
-531.000282
-479.376217
-450.355121
-429.147396
-442.541748
-366.361371
-270.647564
-190.002403
-103.218163
-102.939114
-121.635397
-125.263034
-130.844014
-21.735855
55.002620
149.321183
245.593088
327.354445
475.250416
589.102408
624.820680
657.748462
663.887541
658.864658
606.682495
530.223069
456.833182
518.503011
608.356789
645.749355
649.656041
577.661399
510.968688
429.207331
422.231106
386.233785
296.380006
177.784181
29.330112
-41.269285
-19.224414
123.090577
304.193378
452.089349
538.315490
533.013559
440.927389
375.350873
410.231999
472.459926
546.966009
607.798691
595.520535
608.077740
550.872695
490.040013
460.739868
418.045371
359.724129
306.983868
298.612398
297.217153
346.608826
306.983868
286.334242
236.663520
121.416283
9.238584
-109.078192
-218.186352
-295.761974
-276.228544
-172.143267
-87.591419
-36.246403
-76.708508
-87.591419
-202.280559
-263.950388
-288.227651
-276.786642
-229.348312
-242.184566
-253.904624
-230.464508
-174.654708
-107.961996
-31.223521
-60.523666
-133.355455
-241.347419
-267.857074
-234.650243
-188.328109
-181.072835
-209.256784
-239.115027
-209.256784
-294.645778
-290.739092
-211.768225
-204.233902
-160.144159
-146.749807
-153.167934
-190.839550
-309.993473
-439.193160
-511.466852
-461.796130
-385.057654
-315.016355
-315.574453
-272.321858
-277.344740
-277.344740
-285.995259
-313.342061
-324.224972
-402.637741
-396.777712
-359.664195
-347.944137
-356.036558
-346.269843
-322.829727
-205.350098
-121.914446
-34.851158
-0.249082
54.165473
-5.551013
-4.992915
27.655818
61.420747
152.948820
240.012108
304.751476
274.056086
277.962772
244.755941
247.546431
211.549110
181.969916
155.181212
147.925938
149.321183
157.413604
194.248072
136.484929
96.859970
35.748239
36.027288
68.676021
169.691760
270.707498
374.234677
411.627244
362.514619
404.092921
471.343730
499.248630
510.131541
475.529465
448.182663
419.440616
373.118481
395.442402
440.090242
540.268833
615.053965
591.613849
528.827824
422.231106
326.796347
311.169603
305.588623
276.288478
282.985654
249.220725
255.359803
339.353552
498.969581
585.195722
614.774916
