-31.975541
-59.994507
-70.155231
-95.095191
-90.476680
-84.626566
-110.182327
-112.183681
-104.024312
-69.231529
-1.955219
52.235310
76.559468
96.265115
70.555403
55.776168
43.152238
39.919281
50.849757
32.221762
11.130562
0.661937
7.435753
-4.264475
14.979321
26.525599
24.986095
44.845692
9.591058
-11.961993
-25.201724
-52.912790
-44.907371
-49.679833
-10.114589
16.056974
11.592413
4.048845
4.510696
-7.343482
-26.741228
-30.282087
-78.622502
-116.648242
-163.141253
-172.994076
-119.419349
-64.151167
12.208215
33.607316
27.911152
28.834854
23.292641
16.056974
6.512051
-5.803978
-29.512335
-53.066741
-59.994507
-59.532656
-93.863588
-100.791354
-134.968336
-133.582782
-126.962917
-81.085707
-52.604890
-64.459068
-68.153877
-72.156586
-68.923628
-38.441456
-12.577794
-24.278022
0.661937
5.434398
-10.422489
-37.209853
-37.055903
-56.145748
-95.864943
-106.333568
-123.576009
-93.401737
-59.224755
-39.211208
-64.305117
-83.394963
-91.400382
-86.781871
-68.153877
-43.983669
-22.122717
8.975257
34.531018
61.934183
82.717482
67.938247
68.554049
36.378422
17.596477
10.052909
25.601896
36.686323
39.765330
47.154948
46.385196
1.277739
-68.461777
-124.345760
-124.037860
-132.197229
-143.743507
-124.037860
-97.712347
-70.001281
-43.675768
-37.209853
-51.835138
-51.681187
-42.598116
-33.822945
9.591058
34.838918
17.750428
9.129207
-2.263120
38.995578
77.483170
62.088133
57.623573
64.397389
23.908442
31.452010
46.385196
82.101681
98.420420
110.120648
131.827649
122.744578
88.721547
34.223117
4.972547
-11.961993
-19.043710
-11.808043
-14.117298
-41.058612
-86.935821
-162.371501
-187.311460
-151.287075
-93.555687
-40.904662
-33.976895
-83.087062
-102.330858
-114.031086
-54.298344
-9.190886
29.604606
88.105745
99.036221
84.256986
39.303479
-41.520463
-123.729959
-156.829288
-128.964271
-79.392253
-57.069450
-12.885695
-18.581859
-28.126781
2.509342
22.522889
-12.115943
-27.049129
-22.738519
-11.654092
-8.729035
-15.194951
6.666001
31.913862
71.325155
103.654732
134.290855
103.192881
107.041640
80.562177
44.691742
57.777523
67.476396
70.709354
53.159012
33.607316
-55.529947
-142.204003
-212.867221
-230.879414
-200.705142
-221.796342
-205.015752
-157.599040
-145.436961
-107.103319
-89.860878
-99.559751
-117.725895
-112.645533
-136.507839
-164.064955
-169.607168
-168.067664
-166.528161
-121.882555
-73.696090
-48.756130
-4.110524
15.441172
26.679549
11.746364
-28.896533
-27.972831
-35.670349
-37.517754
-23.200370
29.142755
84.872788
144.759480
194.023597
165.234879
145.991083
132.905302
154.150452
229.586132
289.626775
323.034004
289.318874
209.418634
106.117938
27.449301
-55.222046
-70.001281
-59.224755
-63.843266
-44.907371
-63.381415
-64.613018
-59.378706
-54.606244
-32.591342
2.817242
32.991514
89.953150
79.330574
74.712063
51.157657
63.627637
68.092198
56.391970
34.377067
-45.369222
-138.817095
-186.541708
-191.929971
-138.201293
-92.631985
-138.971045
-267.827502
-473.351241
-654.858723
-786.024435
-843.909773
-915.188793
-954.907987
-913.187438
-750.000049
-384.675830
91.954504
539.488220
711.758680
569.816442
216.500351
-191.314170
-425.010826
-355.579211
-119.881200
132.597401
353.978028
480.217328
495.612365
450.197007
464.360441
496.997918
494.380762
441.421836
350.129269
266.380270
213.729244
295.476889
347.820013
334.272381
232.665139
55.314317
61.318381
241.902161
496.536067
679.121202
622.005616
462.359086
266.380270
161.847971
233.280941
430.337410
662.340612
771.953273
737.622341
711.604729
672.193435
670.192081
731.310376
725.152361
757.789839
720.687801
698.211047
795.045828
972.088749
1103.716312
1208.864413
1284.915894
1293.383164
1334.026061
1330.485202
1383.444128
1355.733062
1320.940279
1295.538469
1277.680226
1237.807082
1095.556943
931.753753
714.991637
580.131116
417.867430
269.613227
91.954504
-148.054117
-351.576501
-507.374272
-645.313800
-798.186514
-1028.034411
-1250.954542
-1409.985270
-1483.111694
-1504.510795
-1478.339233
-1432.000173
-1375.962239
-1309.609631
-1181.215026
-1032.191071
-908.107076
-779.250619
-664.095745
-542.936807
-389.602242
-258.898381
-152.518677
-53.374641
49.618154
162.925623
255.757694
347.666063
384.614151
391.234017
359.982092
249.753630
116.740513
-2.571021
-103.562461
-220.564739
-347.111941
-499.984654
-686.418548
-805.884032
-907.645225
-980.001897
-1090.692210
-1223.551377
-1343.478712
-1444.316202
-1488.499957
-1470.487764
-1462.790246
-1399.516645
-1314.074192
-1201.844375
-1025.417255
-819.893516
-576.959838
-341.261827
-116.648242
33.299415
213.729244
417.867430
600.452565
838.459831
1042.598017
1218.409335
1366.355637
1503.679364
1676.103775
1796.031110
1905.951672
2038.041086
2123.175639
2245.104329
2445.085855
2724.505770
3036.871063
3330.146511
3585.396219
3841.107777
3955.954751
3941.945267
3812.319059
3373.560515
2501.739590
1523.385011
787.964111
249.599680
-122.344406
-415.927754
-624.530501
-913.495339
-1416.605136
-2053.805703
-2673.301977
-3340.061014
-4028.834953
-4608.150182
-4929.906448
-4978.092912
-4649.870731
-4146.453033
-3576.682727
-3114.677677
-2788.610801
-2346.927200
-1913.556919
-1508.821405
-1122.559936
-720.903430
-227.800407
258.682751
839.845384
1565.105561
2276.356253
2843.047552
3103.069721
3114.615998
2933.416417
2669.545489
2381.350403
1981.079451
1567.876667
1139.894649
811.518517
497.305819
125.361734
-327.098393
-839.907063
-1401.056149
-2069.816541
-2777.064524
-3492.317926
-4106.118037
-4546.723986
-4760.868945
-4762.254499
-4638.016553
-4521.937977
-4372.606121
-4226.199323
-4139.833167
-3975.414176
-3713.698553
-3332.517446
-2844.186884
-2279.496940
-1590.261149
-909.338679
-204.861802
450.966759
1001.031418
1508.297875
1878.086655
2173.363458
2364.261912
2469.871864
2559.624927
2632.597401
2711.881840
2798.863797
2799.171698
2721.580713
2562.242084
2322.387413
2059.286237
1712.282111
1345.110487
962.543826
637.092752
448.657503
344.125205
434.494070
663.418264
965.007032
1273.677517
1541.859055
1802.650976
2108.858255
2396.591489
2757.451148
3014.856161
2947.579851
2561.934183
2086.381501
1682.569690
1304.467590
1023.662122
855.702272
839.075633
688.050323
428.336055
192.330143
-187.927262
-613.446074
-1233.096299
-1881.073391
-2452.075300
-2934.401798
-3021.999557
-2909.923690
-2639.432896
-2344.617945
-2041.797574
-1703.722569
-1431.076470
-1179.675522
-886.400074
-661.940440
-486.437022
-399.455065
-215.176477
157.845261
633.859794
1193.469376
1637.462233
2000.785097
2270.044288
2449.088564
2434.771180
2171.516054
1797.570614
1428.397635
1097.250397
845.079697
572.125697
374.607377
232.357239
57.469622
-211.173767
-663.787844
-1161.047528
-1741.902260
-2366.632847
-2937.326855
-3461.989704
-3845.172166
-4113.815555
-4239.746955
-4088.567695
-3791.289538
-3355.302100
-2967.501127
-2658.676692
-2460.542571
-2325.066248
-2138.940255
-1930.183558
-1604.116682
-1205.847084
-679.952633
-40.596761
597.527508
1200.858994
1659.015284
1987.083515
2184.601835
2230.632994
2210.927348
2178.597771
2164.126436
2156.582868
2155.813116
2144.420789
2143.958938
2101.776538
1977.076741
1768.935846
1507.836024
1229.801662
956.539762
782.421898
709.449424
805.976304
1083.856715
1462.112765
1947.826171
2460.172991
2968.055250
3418.206121
3771.830113
4059.409397
3986.436923
3541.982215
2780.081852
2143.651037
1531.544381
965.622834
544.568582
303.944159
291.628130
93.340058
-74.311891
-227.800407
-594.048328
-1185.525636
-2028.095991
-2812.319158
-3504.326055
-3961.866544
-4009.437207
-3901.671950
-3652.734208
-3252.001404
-2601.561106
-1760.068403
-1060.671889
-469.040631
-82.471261
108.735094
110.428548
21.137336
206.955428
521.783927
1001.031418
1491.363335
1922.732262
2429.382917
2849.975318
3240.547398
3324.450348
3068.122988
2659.538715
2101.622587
1552.481630
922.054880
346.742361
-51.219336
-391.141745
-674.718320
-1114.708467
-1557.777622
-1977.292370
-2460.542571
-3029.389174
-3594.233069
-4077.175368
-4526.094637
-4869.865805
-4999.338063
-4810.287013
-4468.363249
-3938.927939
-3384.398719
-2842.339479
-2349.236456
-1937.265275
-1563.781686
-1359.797451
-1180.753175
-921.038907
-531.544480
-34.284796
463.282788
1007.805234
1515.995394
1938.435199
2271.583792
2509.745009
2701.721116
2744.211417
2614.739159
2351.791933
2047.739959
1782.791379
1480.740760
1285.223794
1152.056727
1052.912691
1006.881532
958.387167
995.797106
947.148790
958.849018
1046.754677
1162.063501
1389.910044
1683.493392
2114.400468
2549.002352
3032.868354
3474.705905
3953.029694
4212.590012
4133.151622
3740.886089
3232.695929
2654.150452
1902.256863
1248.737558
667.113073
326.113012
-25.047774
-300.926831
-473.813092
-697.810875
-977.384741
-1461.712593
-1939.882431
-2509.498787
-3098.204988
-3492.317926
-3750.184790
-3844.556364
-3714.160404
-3307.731437
-2648.362018
-1987.145194
-1284.361771
-608.057812
-38.287506
390.002414
584.441727
800.741991
887.262097
975.937508
1057.377252
1156.367338
1385.599433
1645.929503
2035.269979
2363.954012
2535.762621
2534.531018
2379.502999
2106.395049
1673.178718
1123.421959
474.367215
-132.813031
-685.648796
-1127.486348
-1436.464733
-1678.782610
-1903.088294
-2184.971415
-2499.030162
-2912.848747
-3316.814508
-3736.021356
-4110.736548
-4345.818757
-4468.055348
-4381.689193
-4175.549652
-3794.984347
-3309.270941
-2780.913283
-2243.472554
-1773.154185
-1266.657479
-853.916547
-515.071790
-245.042848
-6.265829
247.906226
498.845323
770.413769
1059.840458
1360.197623
1736.298368
2100.390984
2349.790578
2496.659228
2566.090843
2534.531018
2338.244301
2089.768409
1744.611688
1355.117261
1030.128037
736.390738
618.156857
570.740144
661.109009
831.839965
1126.500967
1541.243254
1983.850557
2451.089919
2836.581637
3157.260250
3470.087394
3702.706398
3964.268071
4069.416171
3855.733062
3328.453057
2813.950933
2247.567535
1588.659967
987.945637
486.067442
147.376636
-360.659573
-752.463255
-967.531917
-1228.477788
-1588.875596
-2117.849055
-2591.400382
-3090.507470
-3593.309367
-3863.184359
-4033.607414
-4071.787105
-4010.976711
-3635.645717
-3033.699785
-2439.605321
-1663.541524
-869.003683
-152.056826
352.438524
693.746487
1108.642724
1342.185430
1534.623388
1629.456814
1721.980984
1865.616676
2014.178779
2324.234817
2521.753137
2666.774382
2654.612304
2620.897173
2509.898959
2214.776107
1738.145772
1162.063501
592.601096
-48.602180
-668.714256
-1258.498110
-1772.076532
-2272.107322
-2748.429756
-3126.993707
-3405.489920
-3627.640298
-3863.492260
-4102.115327
-4254.988041
-4462.513135
-4566.121732
-4616.001651
-4547.955589
-4317.953741
-3962.482345
-3388.555379
-2738.884833
-1999.923074
-1269.120685
-608.981514
-31.051838
450.504908
868.172252
1146.976365
1334.026061
1442.407118
1517.380947
1586.504661
1690.575109
1886.246025
2161.663230
2397.823092
2533.761266
2571.940957
2502.047490
2316.537299
2004.633857
1616.371033
1194.393078
760.714896
354.901730
28.680904
-142.050053
-172.532225
-13.963348
308.100819
866.324847
1515.225642
2137.646973
2758.374850
3341.230938
3884.059930
4322.202672
4714.160305
4804.375220
4627.640199
4146.237404
3669.761020
3112.460693
2425.072307
1794.953458
1215.792179
815.213326
316.414139
-67.538075
-380.519170
-741.686730
-1175.210961
-1746.828672
-2298.894686
-2960.573361
-3619.326978
-4141.988472
-4548.417440
-4797.970984
-4851.545711
-4587.520833
-4016.057073
-3364.847023
-2540.442811
-1633.983053
-753.848809
-18.889759
556.576710
1108.026923
1421.623819
1649.778262
1744.149837
1777.095215
1833.287099
1843.755724
1972.150329
2086.227551
2195.840212
2324.696668
2476.337779
2514.055619
2407.521965
2132.874512
1750.307851
1278.142078
660.339257
-58.455004
-804.190578
-1515.595222
-2192.053132
-2731.033364
-3111.598670
-3329.746339
-3476.614989
-3654.273712
-3777.741905
-3850.560429
-3901.056149
-4019.290030
-4135.830458
-4177.243106
-4124.284180
-3956.170380
-3681.215026
-3271.553101
-2753.510118
-2191.283380
-1574.866113
-925.041616
-320.478527
193.407796
620.774013
996.258957
1249.969160
1451.336240
1568.184568
1626.839657
1675.026122
1743.072184
1899.485756
2063.288946
2200.304772
2301.604113
2326.390122
2269.890338
2132.720561
1939.512852
1713.975565
1385.137582
1020.737065
674.194790
405.089550
247.444374
234.050693
425.872849
818.908135
1377.747965
1998.167941
2618.280017
3190.667479
3728.570060
4124.992253
4472.150329
4757.112457
4811.149036
4620.404532
4114.985479
3604.793965
2870.912568
2073.141770
1244.272997
554.113504
3.125143
-630.072714
-1013.717027
-1325.928370
-1567.014644
-1894.467073
-2267.796712
-2572.002636
-3039.549899
-3471.534627
-3824.234916
-4132.905401
-4304.560059
-4339.660743
-4120.897272
-3682.446629
-3196.733223
-2417.128567
-1534.069266
-574.496632
208.802833
888.801601
1491.825186
1871.620740
2150.424854
2217.855114
2227.553987
2123.329589
2010.022119
1920.423006
1815.890707
1760.160675
1685.494747
1667.328604
1597.743038
1525.848217
1360.197623
1105.255816
790.581267
402.934245
-46.446875
-512.146733
-982.465103
-1512.824115
-2004.233685
-2463.159727
-2883.752128
-3215.207267
-3551.588817
-3835.319343
-3985.266999
-4026.525698
-3981.418240
-3900.286397
-3677.212316
-3467.224016
-3234.143162
-3017.073145
-2787.841050
-2503.648673
-2265.487456
-1963.436837
-1658.307211
-1334.703541
-950.905278
-540.011750
-94.171489
329.345969
735.774937
1135.737989
1497.521350
1794.183706
2002.478551
2162.894833
2236.175208
2239.408165
2201.536375
2128.871802
2034.962079
1858.227058
1736.914169
1614.523628
1443.946622
1318.477074
1204.861703
1122.960108
1033.360995
969.625543
898.500474
874.792118
939.759172
1109.720377
1373.437354
1709.357054
2140.418080
2600.421775
3083.979875
3511.653993
3986.898774
4323.588226
4455.677640
4263.239682
3862.660829
3296.431381
2502.047490
1643.774198
754.402931
31.298060
-790.796897
-1468.794310
-1937.573176
-2252.401675
-2471.165146
-2673.917778
-2722.720045
-2796.154369
-2913.002697
-2990.901583
-3068.030716
-3166.866852
-3258.313369
-3272.014952
-3082.040200
-2923.779223
-2607.873071
-2164.957867
-1580.870177
-967.839818
-433.324146
231.279586
785.039054
1325.558790
1736.452318
1988.315118
2117.171574
2021.722347
1918.421651
1658.861334
1279.219730
870.481507
593.062947
434.186169
309.178471
326.420912
394.466974
544.722532
628.625482
638.940156
588.136535
466.823647
244.981169
-110.952079
-581.116498
-1189.374395
-1808.100918
-2370.327656
-2835.411713
-3154.242922
-3369.157633
-3492.010025
-3499.553593
-3464.298959
-3322.510672
-3150.856013
-2963.806318
-2761.977388
-2603.870362
-2459.464918
-2328.299206
-2111.844991
-1901.394840
-1642.912175
-1395.975787
-1158.122471
-790.335045
-380.519170
89.799199
584.595677
1056.915401
1506.450471
1879.626159
2259.113812
2506.512051
2698.334208
2811.025876
2792.859733
2686.941880
2480.340489
2267.581082
1970.456875
1719.671728
1503.217513
1283.376390
1113.877037
960.542472
898.962325
852.777215
803.205197
732.234078
742.086902
884.337040
1112.491483
1468.578681
1878.240606
2304.375220
2762.531510
3181.892308
3617.417895
3930.860841
4077.421590
3953.183644
3663.910906
3170.038130
2411.524675
1598.358840
764.871556
105.194236
-568.954419
-1156.736917
-1554.852565
-1909.246308
-2157.106398
-2359.397180
-2448.072591
-2596.326794
-2810.625704
-2993.826640
-3167.790554
-3286.178386
-3408.107076
-3421.192857
-3243.072283
-3133.767523
-2893.912852
-2496.105105
-1945.270694
-1345.018216
-784.177031
-103.870362
460.665632
979.478367
1369.896496
1649.316411
1817.122310
1827.283034
1792.336301
1631.458168
1372.359702
1047.216528
828.760958
651.871987
536.563163
502.694082
521.629977
642.019164
738.238143
857.241776
920.053525
882.181735
733.465681
462.205136
109.966697
-335.411713
-874.391946
-1449.242614
-2049.187192
-2615.108738
-3094.972030
-3445.209114
-3637.647072
-3758.806010
-3793.598793
-3679.675522
-3532.345021
-3291.104797
-3027.387820
-2743.349394
-2461.312322
-2252.247725
-2055.499157
-1854.593928
-1623.360478
-1322.849363
-923.810013
-471.041986
55.776168
616.771303
1189.774567
1755.542164
2228.939540
2616.278662
2876.454782
3075.666556
3095.064302
3018.858870
2857.518886
2623.822230
2384.275460
2072.525968
1719.825679
1316.321768
965.160983
663.264314
443.577141
281.621356
148.146388
85.950440
63.165786
117.202364
263.455213
576.436307
940.067073
1360.813424
1803.266777
2283.130069
2760.376205
3159.261605
3579.700055
3891.141646
4081.270349
4027.541671
3896.222009
3575.081544
2967.747349
2296.523751
1554.636936
946.686939
216.038500
-525.232515
-1099.467381
-1576.559567
-1986.683343
-2360.320882
-2566.306472
-2764.440594
-2996.289846
-3172.563015
-3349.605937
-3538.195135
-3683.216381
-3692.761303
-3520.028992
-3354.532348
-3071.109724
-2638.971045
-2107.072529
-1508.205604
-937.357645
-297.693873
331.809175
868.480153
1241.347940
1504.910967
1696.271273
1836.366106
1923.502013
1901.487111
1792.336301
1615.909181
1528.619324
1491.671236
1497.521350
1544.476211
1591.738974
1655.782326
1663.787745
1654.550723
1632.073970
1583.579604
1394.836455
1058.608855
628.625482
119.357670
-411.925045
-953.060583
-1469.256161
-1966.669795
-2483.173274
-2981.048759
-3450.443427
-3816.845299
-3982.341942
-4024.986194
-3946.471507
-3920.915746
-3816.075547
-3642.111633
-3432.123333
-3062.950354
-2715.484377
-2328.145255
-1970.826455
-1625.823684
-1197.071913
-744.919687
-239.038783
265.148667
725.614213
1164.834608
1582.348002
2020.182844
2377.809545
2650.301693
2803.020457
2836.889537
2770.075078
2613.969407
2413.372079
2139.032526
1805.576033
1430.245040
1096.326695
804.744701
564.428179
360.597894
149.224041
-36.286151
-187.465411
-285.377844
-287.995000
-99.251851
246.982523
657.414200
1144.821060
1674.564271
2219.856469
2726.815025
3175.118492
3638.047244
3947.333530
4126.839657
3992.287037
3733.034620
3295.815580
2688.943235
2052.820321
1365.277985
806.438155
65.628992
-564.951709
-1053.436222
-1479.416885
-1839.814693
-2214.529885
-2401.425630
-2621.728604
-2843.417132
-2961.035212
-3094.510179
-3142.234793
-3252.001404
-3237.222169
-3023.231160
-2841.107876
-2586.935821
-2277.495585
-1888.001158
-1484.189347
-1028.958113
-411.309243
152.149098
691.591182
1111.259880
1445.178225
1730.140353
1869.927286
2008.790516
2060.979691
2013.101127
1842.370170
1659.631085
1571.879377
1537.394495
1524.462664
1509.683429
1534.315487
1525.386366
1498.291101
1482.280263
1447.487481
1336.797167
1154.981784
881.873834
427.104452
-121.420703
-690.729158
-1298.217304
-1855.363680
-2385.876643
-2910.693442
-3386.400074
-3779.435360
-4070.555502
-4257.605198
-4384.768200
-4413.710869
-4318.415592
-4176.011503
-3935.694981
-3620.096730
-3290.796897
-2863.892531
-2423.132632
-1967.439547
-1424.456605
-865.000973
-291.843759
253.910290
774.108578
1290.766008
1763.393632
2239.100265
2616.894464
2935.571722
3153.565441
3249.938370
3232.695929
3077.667910
2866.755908
2570.093552
2173.671359
1701.659536
1177.612488
650.640384
188.327434
-216.562030
-479.047405
-641.618992
-768.474093
-835.288552
-824.050176
-687.958052
-399.147164
35.300770
560.117569
1140.202549
1698.426578
2278.665509
2833.194729
3344.771796
3828.329897
4148.238758
4262.931781
4166.097001
3974.582745
3523.200271
2907.706706
2188.296644
1507.066272
811.826418
-19.351611
-711.974309
-1311.610986
-1755.911744
-2194.824238
-2481.479820
-2635.122286
-2861.737225
-2979.509256
-3108.365712
-3185.802747
-3249.538198
-3284.023080
-3151.163914
-2983.358015
-2855.271310
-2580.162005
-2181.892407
-1681.091865
-1236.637158
-749.692149
-208.864512
253.756339
745.473810
1143.743408
1542.936708
1835.904255
2041.274044
2220.164370
2275.740452
2205.693035
2069.446961
2013.101127
1933.508787
1831.901545
1696.117322
1633.151622
1558.639645
1484.435569
1486.282973
1378.517716
1224.105499
970.703196
664.957768
292.551832
-180.537644
-691.806811
-1243.872825
-1822.418302
-2430.984100
-3035.393239
-3534.038475
-3974.336523
-4321.802500
-4533.022403
-4672.963286
-4651.102334
-4579.515414
-4364.446752
-4038.071975
-3653.196059
-3222.135033
-2780.759333
-2237.930341
-1709.264782
-1140.880030
-548.325069
22.368939
582.748272
1082.933013
1593.740329
2007.251013
2317.307051
2540.381132
2631.519749
2640.756771
2569.939602
2440.159443
2251.570244
1999.399544
1699.196330
1303.543888
913.433660
536.101311
192.176193
-140.048698
-446.255977
-715.053316
-1024.493553
-1188.912544
-1225.706682
-1122.252035
-1000.169395
-750.000049
-327.560244
216.654301
937.603867
1697.656826
2490.963064
3149.100880
3653.904132
4161.324540
4598.389630
4894.898035
4980.032588
4802.219915
4499.861395
3908.999889
3169.730230
2346.711571
1551.250028
796.431381
-73.696090
-808.193288
-1442.160897
-1979.909527
-2404.966488
-2725.183250
-2891.141745
-3091.123271
-3245.689439
-3325.897580
-3364.847023
-3330.516091
-3272.168902
-3094.818080
-2846.650089
-2624.961562
-2288.887912
-1870.604766
-1375.500388
-936.279993
-463.498418
62.549984
534.253907
973.936154
1324.327187
1713.359763
1983.234756
2197.841566
2341.631209
2408.599618
2326.082222
2188.758495
2130.873157
1975.075386
1795.723209
1546.939417
1326.944344
1124.653562
874.022366
708.679672
562.734725
453.276014
250.985233
-17.812107
-306.469044
-673.178817
-1025.109354
-1407.060213
-1736.667948
-2101.222415
-2488.561537
-2811.549406
-3103.901152
-3304.190578
-3419.653353
-3487.699415
-3526.802808
-3507.559012
-3391.942287
-3173.486717
-2819.400875
-2434.524959
-2021.784026
-1583.333383
-1101.468736
-578.037490
-87.089772
351.668773
684.509465
961.466174
1167.913615
1338.798522
1489.515931
1578.499242
1619.911891
1583.733555
1492.133087
1394.682505
1213.482924
1032.129392
850.467960
626.008325
431.569013
231.279586
77.329220
-103.254560
-283.530439
-428.705635
-572.187376
-629.610863
-627.763459
-486.129121
-294.768816
-10.422489
477.754123
1075.851296
1718.901977
2318.538654
2885.383903
3381.411983
3825.404840
4204.584592
4549.587364
4771.275891
4815.921497
4573.603621
4203.506940
3646.206614
2925.872849
2139.494378
1251.816565
464.976242
-408.076286
-1198.303516
-1829.500019
-2325.682050
-2716.408079
-3093.124626
-3269.551746
-3395.021295
-3477.538691
-3445.363064
-3345.911128
-3226.445643
-3043.552608
-2817.399520
-2496.566956
-2143.096915
-1792.397980
-1337.936499
-877.778854
-476.122348
-113.723185
291.166279
684.817365
1017.965958
1297.231923
1594.202180
1814.197253
1992.471778
2132.258710
2153.503861
2103.931843
1958.448747
1837.597709
1674.256370
1472.581390
1263.208892
1067.537976
937.142016
763.024152
615.077849
475.290917
330.731523
166.158581
14.363520
-98.328148
-295.846469
-476.738149
-671.793263
-954.600086
-1286.363126
-1691.560490
-2034.869807
-2342.308689
-2628.040569
-2841.569727
-3010.145379
-3116.371131
-3199.350379
-3153.781070
-2992.902938
-2797.385972
-2512.731745
-2191.283380
-1813.489181
-1425.996108
-1060.825839
-694.423967
-305.083491
12.977966
245.135119
455.739220
638.478305
805.822353
905.274290
974.244054
1021.198916
1053.682443
1076.313147
1038.441357
983.327126
943.607931
849.852158
760.560946
624.160921
484.373988
356.287284
230.355884
111.044350
32.683613
17.750428
43.614089
122.898528
230.663785
332.886828
496.997918
792.582622
1269.520857
1799.725919
2327.621725
2814.104883
3235.159135
3618.495548
3928.859486
4213.205813
4339.753014
4264.933136
3957.956105
3522.738420
2900.471039
2141.649683
1327.098294
526.248488
-224.413499
-1052.358569
-1752.678786
-2288.580011
-2644.051407
-2924.087124
-3130.226664
-3232.141807
-3313.273650
-3282.637527
-3156.244276
-2958.418055
-2747.660004
-2534.746647
-2280.266691
-2011.469352
-1762.839510
-1435.079180
-1016.796034
-603.285350
-273.985517
1.277739
315.952288
592.139245
866.478798
1162.217452
1428.705536
1613.907827
1754.772412
1874.391847
1949.211725
1988.315118
1964.298861
1905.797721
1727.677147
1481.818412
1205.939356
970.703196
812.596170
622.467467
472.365860
310.102174
142.758125
-10.884340
-139.278946
-227.184605
-415.158003
-655.474524
-943.515660
-1288.364481
-1644.451678
-1993.765060
-2282.883848
-2534.284796
-2760.437884
-2900.378767
-2998.753051
-3043.552608
-3014.763890
-2884.675830
-2637.585492
-2407.275744
-2201.136203
-1990.532102
-1718.655755
-1403.827256
-1013.717027
-615.447429
-223.181896
126.439386
439.882332
721.765453
915.281064
1121.266654
1262.593091
1373.437354
1380.826972
1331.716805
1272.907765
1174.379531
1060.302309
922.978582
817.984432
700.058452
563.966328
430.953211
287.009619
189.559037
83.333284
34.377067
63.165786
105.348186
204.954073
287.933321
359.828142
525.786637
819.985787
1236.729429
1715.515068
2193.992807
2624.438032
3007.466543
3331.993916
3637.739343
3890.371895
3986.282973
3868.356992
3582.933013
3192.822784
2582.255631
1872.236541
1136.507740
393.543272
-408.384186
-1222.935575
-1863.215149
-2341.538937
-2689.004914
-2974.274943
-3122.067295
-3142.850594
-3140.079488
-3022.615358
-2863.892531
-2643.281655
-2465.007131
-2305.514552
-2060.733469
-1829.038168
-1584.872886
-1277.126104
-931.661482
-616.832983
-317.399520
22.061038
413.864721
788.733863
1125.115413
1420.238266
1670.407611
1844.371525
1943.207660
2010.945822
2016.488035
1876.701102
1683.955243
1541.397204
1370.050446
1243.965096
1112.491483
984.558729
842.154640
624.776723
461.435384
290.088626
179.706213
15.441172
-113.107384
-231.187315
-422.547620
-618.064585
-796.185159
-996.474586
-1283.592019
-1549.618253
-1767.150120
-2003.002082
-2229.924922
-2409.584999
-2505.957929
-2588.475325
-2639.278946
-2577.852750
-2476.553409
-2296.123579
-2087.058982
-1811.641776
-1535.762720
-1257.112556
-917.036197
-587.274512
-271.368360
6.512051
239.285005
444.346893
598.605160
737.006540
866.632748
973.474302
1010.422390
977.169111
921.593029
841.692789
753.787130
690.359579
619.696360
509.775799
359.982092
257.297198
162.309822
76.097617
39.765330
30.066457
53.774814
107.811392
193.253845
297.786144
479.909428
671.731584
960.234571
1330.023351
1721.673083
2153.349911
2562.549984
2954.507617
3288.733863
3611.105930
3892.527200
3985.359271
3852.808005
3502.416971
3091.061592
2481.879992
1781.867676
1045.677024
350.283219
-333.872209
-1053.436222
-1594.571760
-2058.732114
-2425.595837
-2773.985517
-3027.541770
-3119.142238
-3178.105228
-3095.587832
-2926.704280
-2720.410789
-2501.955219
-2250.246370
-1913.095068
-1580.100425
-1292.521141
-949.057873
-563.720106
-235.959776
58.701225
361.213695
700.982154
1017.504107
1290.919958
1532.160182
1781.251875
1940.282603
2094.386920
2209.233894
2169.514699
2077.606330
1897.946253
1797.108763
1651.471716
1502.139861
1327.868046
1140.818351
950.073847
682.969961
478.677825
281.467405
79.022674
-128.040569
-298.001774
-458.725956
-630.688515
-765.241136
-917.498048
-1122.252035
-1365.339664
-1642.450323
-1926.950601
-2196.825593
-2455.462208
-2613.569235
-2740.732237
-2798.463625
-2796.924121
-2721.334491
-2600.175553
-2410.970553
-2159.569604
-1892.465719
-1577.945120
-1289.596084
-936.741844
-628.071359
-337.720968
-75.543494
148.454289
353.054326
484.989790
610.921190
704.369062
766.872911
765.949209
740.701348
715.299538
660.031356
574.588903
475.136966
377.070583
219.579358
46.231246
-116.956143
-213.021171
-253.356167
-205.785504
-109.874426
-1.339418
139.371217
291.012328
463.282788
628.009680
844.309945
1106.795320
1467.962879
1883.167017
2305.452873
2694.485448
3094.448500
3455.000258
3774.447269
4066.491114
4181.338087
4088.506016
3760.745686
3336.150576
2755.449794
2048.663661
1310.163754
520.860225
-187.157510
-932.893085
-1548.848501
-2029.327594
-2444.993584
-2754.125919
-2980.279008
-3096.511534
-3113.600025
-3054.944935
-2897.607661
-2690.852319
-2510.114589
-2290.889267
-1996.844067
-1610.428647
-1265.117975
-905.182019
-556.330489
-230.417563
38.995578
249.291779
499.615075
720.995702
937.449917
1148.515869
1385.907334
1579.576895
1746.305142
1882.397266
1944.285313
1925.349418
1799.110117
1725.213942
1626.993608
1465.191773
1238.576833
1003.032773
813.981723
642.634965
511.623203
420.022735
341.969899
205.723825
52.697161
-105.563816
-340.953926
-596.049683
-828.206836
-1102.854289
-1387.046666
-1680.937915
-1935.725771
-2114.000296
-2295.353827
-2451.613449
-2552.912790
-2633.274882
-2716.715980
-2726.414853
-2642.204003
-2556.607599
-2470.395394
-2286.886557
-2037.640914
-1706.185775
-1349.790677
-1015.256531
-697.810875
-469.040631
-252.586416
-23.046419
188.943235
355.979383
493.149159
567.199285
628.163631
641.557312
634.937447
634.783496
592.139245
541.797475
476.368569
444.192943
400.009188
416.020026
416.173976
381.843044
352.130624
350.591120
442.807389
587.366783
737.776291
881.258033
971.318997
1006.881532
1135.584038
1364.970084
1678.413030
1985.851912
2272.045643
2540.842983
2787.009619
2971.596108
3191.591182
3346.311300
3357.395726
3225.768163
2951.428610
2549.618154
1927.350773
1262.439140
550.880547
-100.329503
-785.254683
-1412.448476
-1871.990320
-2235.313184
-2455.616159
-2643.435606
-2668.837416
-2652.056826
-2553.220691
-2368.172351
-2111.691040
-1833.656679
-1609.197044
-1286.978927
-952.752682
-678.874980
-477.661851
-219.179186
-18.889759
132.905302
236.359948
339.044842
488.684599
591.523443
764.409705
918.821922
1106.179518
1261.515438
1409.615690
1514.763791
1515.225642
1418.390861
1322.017932
1253.817920
1096.788546
972.396650
814.597524
731.002475
608.611934
504.849387
454.353667
364.138752
249.907580
84.410936
-34.130846
-174.841481
-328.637897
-493.056888
-653.319219
-896.868699
-1171.978004
-1451.705820
-1738.515352
-1987.299144
-2221.611602
-2447.148889
-2661.909650
-2791.843759
-2911.771094
-2906.844683
-2885.599532
-2826.636542
-2706.247355
-2579.854105
-2360.936683
-2097.219706
-1763.763212
-1435.387081
-1104.393793
-792.028499
-466.577425
-134.198584
146.145033
379.995640
576.590258
660.031356
707.755970
774.570429
861.860287
942.222378
980.402069
1057.839103
1079.700055
1103.562362
1157.137090
1199.319490
1223.335747
1212.559221
1179.921744
1096.172744
1032.591243
974.090104
962.081975
948.380393
899.886027
864.939294
943.300031
1167.605714
1443.176870
1721.673083
1994.934983
2229.863243
2433.077726
2666.466482
2889.078712
3012.700856
3011.007402
2825.035359
2586.720192
2190.605899
1710.742607
1146.206614
569.816442
31.144110
-600.514244
-1089.460607
-1497.736979
-1750.369530
-1916.943827
-2029.173644
-2006.542940
-1969.133001
-1843.663452
-1678.474709
-1498.352781
-1388.124318
-1304.529269
-1175.210961
-1020.182942
-906.105721
-773.708406
-614.985578
-454.877197
-366.201786
-269.828857
-89.552978
90.415001
291.628130
428.643956
572.587548
668.344676
752.863427
866.478798
946.379038
997.490560
977.323062
1034.592598
1045.369124
1047.216528
1013.039547
973.012451
951.151499
864.631393
802.281495
715.761389
629.549184
448.041702
256.373496
65.782942
-132.659080
-307.546696
-495.366143
-691.344960
-1000.785196
-1332.548236
-1673.394347
-2009.929848
-2313.366020
-2604.178262
-2810.933604
-2970.118283
-3072.341327
-3116.371131
-3126.531856
-3134.383324
-3091.739073
-2950.412636
-2696.856383
-2385.722692
-1979.447676
-1514.517569
-1077.298528
-640.695289
-209.326363
199.873711
562.734725
850.775860
1038.903208
1186.079758
1276.140723
1360.351573
1430.398990
1470.426085
1493.980491
1488.900129
1478.123603
1442.561069
1388.216590
1289.534405
1182.846801
1047.524429
932.215604
856.164123
792.274721
734.851234
656.336548
598.759111
480.987080
471.904009
584.287776
845.695498
1137.277492
1389.910044
1640.233339
1870.543087
2116.093922
2418.606392
2758.374850
2949.427255
2956.508972
2777.772597
2520.521534
2126.716497
1703.199039
1197.010234
721.457553
234.974395
-354.347608
-860.228512
-1271.429940
-1574.404262
-1853.516276
-2028.095991
-2098.451309
-2148.485178
-2153.411590
-2061.503221
-1902.010641
-1769.767276
-1618.434066
-1441.391145
-1240.178016
-1089.152707
-951.675029
-788.641591
-602.515598
-459.033857
-314.474463
-89.245077
102.269179
264.071014
428.797906
578.899513
669.268378
816.444929
968.855791
1058.147004
1097.250397
1086.935722
1169.914970
1201.782696
1186.695560
1070.924884
977.630962
920.207476
795.199778
714.683736
607.842182
460.049830
259.914354
98.882271
-82.163360
-244.734947
-413.772449
-587.274512
-811.580196
-1103.470091
-1378.887296
-1659.230913
-1904.627797
-2165.265768
-2388.031948
-2583.241013
-2706.555256
-2812.627059
-2837.567018
-2807.084845
-2790.920057
-2705.477603
-2553.528592
-2301.511842
-1978.985824
-1595.033611
-1211.851149
-843.755823
-536.932742
-203.938100
152.149098
482.680534
749.168619
907.275645
983.788977
1044.137521
1114.954689
1159.600295
1187.465312
1177.458538
1152.980430
1133.120832
1157.291040
1136.045889
1108.488774
1041.212464
918.360071
809.979013
700.058452
665.727520
635.861149
659.877406
651.410136
638.786206
696.825494
862.322138
1120.035051
1344.956537
1626.223856
1835.596354
2047.124158
2252.493946
2510.052909
2725.275522
2835.657934
2827.498565
2683.093121
2459.865090
1990.470423
1457.956105
865.247195
326.882764
-257.050976
-850.221738
-1348.866975
-1766.996170
-2071.971846
-2354.778669
-2483.173274
-2530.743938
-2494.719552
-2372.636911
-2192.668933
-1974.521264
-1781.929355
-1575.789815
-1328.699477
-1113.168964
-904.566217
-664.865497
-422.085769
-250.431110
-150.363372
-7.497432
134.598756
306.253414
507.466543
689.897728
878.486926
997.028708
1133.736634
1239.346585
1327.406195
1301.388583
1265.979999
1272.291964
1195.316780
1121.882456
991.640446
882.335686
753.171328
626.932028
506.234940
397.392031
266.226319
142.450225
32.221762
-99.097900
-237.037429
-421.316017
-632.228019
-916.112495
-1216.623610
-1511.130661
-1774.539738
-2010.391699
-2281.190394
-2525.509625
-2759.822083
-2908.846038
-3032.006331
-3029.389174
-2978.277653
-2885.907433
-2724.413499
-2498.722261
-2185.895117
-1822.572252
-1378.887296
-997.552239
-630.688515
-302.620285
13.285867
317.953642
625.238574
883.875189
1074.927594
1226.106854
1327.868046
1395.606207
1420.392216
1392.219299
1322.325833
1285.377745
1254.895572
1259.206182
1240.270287
1202.090597
1145.436862
1052.758741
983.942927
923.440433
862.476088
812.596170
751.323924
675.580343
694.208338
836.458476
1095.095092
1371.128099
1649.008510
1915.342644
2163.356684
2420.607747
2670.315241
2827.036714
2883.844399
2766.842121
2581.639830
2223.397327
1671.485264
1064.766870
463.590689
-60.764259
-691.037059
-1242.795172
-1687.403830
-2021.322175
-2214.683835
-2387.570097
-2450.997648
-2495.797204
-2471.780947
-2340.615235
-2134.629645
-1905.089649
-1667.236332
-1431.538322
-1181.368976
-954.754037
-712.744061
-443.946721
-205.785504
-17.350256
96.573015
249.291779
404.473748
552.727951
678.043549
832.763668
965.930734
1082.625112
1220.256740
1260.745686
1252.278416
1165.604360
1078.314502
1017.042256
942.222378
852.161414
796.739282
749.014668
649.254831
603.223671
542.567227
467.593398
339.660644
185.556327
32.375713
-135.584137
-301.234731
-434.247848
-588.198214
-807.577486
-1064.828549
-1342.401059
-1602.115327
-1866.448107
-2133.090141
-2391.418856
-2641.434251
-2897.299760
-3020.921904
-3051.404077
-2997.521449
-2846.188238
-2681.769247
-2493.180048
-2255.942534
-1942.499588
-1548.848501
-1147.961747
-792.028499
-424.856876
-79.392253
242.825863
515.010111
742.702703
955.308159
1100.791255
1201.320845
1279.219730
1333.564209
1360.197623
1376.670312
1401.148420
1432.400345
1446.101927
1389.294242
1275.986772
1167.913615
1075.389445
991.640446
905.582191
839.075633
780.882394
728.693220
695.593891
781.344245
1009.960539
1313.088811
1621.297444
1919.345354
2170.900252
2399.362596
2630.442096
2841.969899
2963.590689
2959.587979
2773.615937
2507.897604
2058.824386
1479.663107
852.623265
242.056112
-342.955281
-1004.018154
-1513.439916
-1890.156463
-2168.806626
-2358.781378
-2470.549344
-2482.095622
-2498.722261
-2451.151598
-2315.367375
-2142.789014
-1952.506361
-1773.308135
-1518.520279
-1234.635803
-995.704834
-736.452417
-470.888035
-220.256839
-37.055903
119.973471
348.897666
567.507186
813.365921
1006.419681
1189.620617
1291.689710
1351.268502
1431.938494
1464.729922
1469.656333
1437.326756
1418.082961
1341.569628
1225.491052
1069.385381
941.144725
807.361857
642.942866
533.946006
418.945083
325.343260
204.184322
121.974826
43.152238
-81.547559
-276.448722
-472.427539
-679.798682
-985.852011
-1274.508948
-1608.427293
-1929.721707
-2270.105967
-2568.461777
-2816.321867
-3007.220322
-3162.248341
-3218.440224
-3141.926892
-3069.878121
-2904.535427
-2640.510549
-2278.111386
-1873.529823
-1436.310783
-993.703479
-591.431172
-212.405370
107.503491
411.093614
657.722101
829.068859
1001.493269
1149.747472
1219.486988
1302.928087
1359.273921
1393.912753
1384.829681
1361.275275
1396.375959
1389.756093
1326.944344
1206.555157
1052.450840
878.486926
712.836332
567.969037
478.369924
368.141462
260.530156
190.944590
248.983878
479.601527
817.214681
1156.829189
1516.149344
1824.665878
2167.205444
2509.437108
2910.015961
3201.905856
3328.760958
3252.093676
3041.335624
2761.607808
2248.029386
1678.566981
975.937508
305.637613
-432.400444
-1138.416824
-1694.331597
-2108.458083
-2404.812538
-2641.126350
-2739.346684
-2788.764752
-2792.305610
-2744.580997
-2608.488873
-2440.221122
-2221.303701
-1958.202525
-1666.620531
-1442.776698
-1234.943704
-956.601441
-636.692580
-307.854597
-36.286151
254.064240
548.109440
830.608362
1100.945206
1365.431935
1615.909181
1760.776476
1870.081236
1877.316904
1843.293873
1706.585947
1589.583669
1469.194482
1269.828758
1062.303664
838.459831
694.978090
537.486865
421.254338
294.861087
172.624496
20.521534
-85.396318
-154.981883
-237.961131
-335.103812
-515.687592
-739.839325
-1006.173459
-1317.307150
-1652.149197
-1982.218782
-2399.424275
-2767.827502
-3074.804532
-3312.503898
-3458.448846
-3533.576624
-3488.623117
-3378.394655
-3141.926892
-2842.339479
-2419.129922
-1966.515845
-1534.223216
-1066.522003
-669.791909
-333.872209
11.746364
345.818659
634.629546
875.100018
1089.860779
1263.362842
1385.137582
1480.894710
1574.958384
1645.467652
1655.320475
1682.723640
1676.411675
1661.632440
1593.124527
1464.114120
1308.932151
1063.535267
829.376759
602.761820
416.173976
282.699008
168.621787
47.770749
-3.494723
66.090843
270.075078
612.460693
1016.272504
1441.329466
1857.765207
2266.195529
2675.395603
3055.191157
3300.588041
3364.323493
3202.829558
2935.879623
2515.133272
1929.198177
1284.146142
606.610579
-6.419780
-676.257824
-1252.340095
-1748.676076
-2173.271187
-2464.083429
-2653.904231
-2709.172412
-2712.559320
-2684.540354
-2595.095191
-2417.436468
-2296.893331
-2130.165084
-1923.871593
-1695.871101
-1499.276483
-1329.315278
-1067.445705
-807.731437
-543.706558
-238.576932
123.822230
495.458415
840.769087
1162.987203
1475.044596
1736.760219
1887.015777
2043.891200
2087.767054
2007.712864
1827.898836
1679.644633
1566.183213
1373.437354
1150.363273
868.018301
637.554603
408.014607
262.685461
181.553618
104.732385
-9.344837
-62.457713
-129.580073
-221.180541
-352.038352
-533.545834
-756.312014
-1110.089956
-1480.186637
-1878.918086
-2216.839141
-2583.702864
-2907.306534
-3167.636603
-3386.246124
-3518.027637
-3545.122902
-3441.668256
-3271.553101
-3019.690301
-2672.840126
-2209.603473
-1692.484193
-1145.960392
-644.236148
-193.623425
204.030371
534.561808
819.831837
1037.671605
1188.235064
1278.296028
1338.490621
1374.053156
1448.873034
1502.601712
1558.177794
1606.826110
1575.574185
1547.401268
1484.743469
1382.674376
1213.636874
1033.207045
842.924392
599.067011
383.382548
219.271457
81.639830
-23.662221
-90.784581
-117.264044
1.739590
249.445729
607.380331
1035.208399
1521.075756
2010.637921
2474.952226
2877.994285
3232.541979
3511.961894
3638.509095
3564.920820
3282.421898
2891.387967
2288.672283
1652.241468
956.539762
272.384334
-419.622563
-1105.625396
-1655.536105
-2114.923998
-2412.202155
-2625.115512
-2693.623425
-2683.924552
-2614.185036
-2466.238734
-2298.432835
-2143.866667
-2021.014274
-1860.444042
-1676.781255
-1474.952325
-1321.155909
-1061.441641
-775.555810
-485.975171
-231.495215
61.934183
445.424546
785.808806
1111.413831
1391.911398
1643.158396
1773.862257
1918.267701
1959.526399
1932.277184
1809.424792
1650.394063
1580.038746
1383.444128
1201.474795
992.410197
825.681951
667.882825
503.001983
414.326572
353.362227
286.855668
191.252491
102.884980
-4.418425
-167.913714
-380.673120
-632.381970
-995.858785
-1434.617329
-1869.219213
-2279.804840
-2625.269463
-2967.655077
-3233.681311
-3482.926954
-3650.271002
-3714.776206
-3713.544603
-3555.745477
-3319.739565
-2926.088479
-2497.336708
-1998.229620
-1449.858415
-918.729651
-393.758902
80.408227
500.846678
849.544257
1140.510450
1334.949763
1439.636012
1489.361980
1552.019779
1590.045520
1624.530402
1625.454104
1578.653193
1520.306004
1437.326756
1360.967375
1254.741622
1137.893294
974.859856
803.205197
659.261605
487.606946
336.889537
194.177548
57.007771
-17.350256
-55.375996
5.588349
183.708923
499.153224
876.793472
1324.173237
1777.249165
2230.940895
2684.170774
3083.671975
3420.515376
3564.766870
3578.930303
3367.248550
3072.895449
2599.344122
1974.151684
1315.090165
554.729306
-166.836062
-871.774789
-1426.611910
-1857.057134
-2159.723555
-2395.267615
-2548.756130
-2619.419349
-2623.114157
-2582.471261
-2497.644609
-2378.333075
-2257.635988
-2132.166439
-1960.665731
-1708.341080
-1515.441271
-1300.834460
-1049.125611
-797.416762
-565.413560
-280.297482
102.577080
438.342829
753.787130
1034.284697
1293.075263
1513.686138
1711.358409
1889.171082
1976.922791
1958.448747
1842.370170
1710.588657
1577.113689
1357.272566
1117.263945
884.029140
638.324355
408.938309
242.364012
125.669635
40.689032
-19.505561
-99.405801
-194.547127
-313.550761
-418.390960
-543.706558
-757.851518
-1063.135095
-1410.293171
-1824.727557
-2198.826948
-2605.101965
-2961.958914
-3268.166193
-3550.511165
-3728.169887
-3738.176661
-3539.426738
-3243.688084
-2837.874919
-2404.966488
-1880.611540
-1365.955465
-841.292617
-358.350317
27.449301
367.833561
644.790270
906.505893
1075.697346
1184.848155
1213.482924
1264.286545
1343.109132
1434.863551
1548.171020
1617.602635
1594.817981
1516.611195
1384.983632
1249.815210
1144.205259
974.859856
812.442219
615.231800
389.078712
212.651592
56.699870
-90.014829
-199.165638
-207.786859
-173.301977
-71.694735
138.601465
459.434029
905.582191
1364.662183
1839.599064
2315.305696
2740.208707
3087.058883
3392.496410
3490.716743
3440.528924
3261.792549
2979.447577
2560.702580
1971.842429
1326.020641
605.378976
-63.227465
-736.452417
-1229.555441
-1593.340157
-1919.099132
-2156.952448
-2356.164222
-2442.530378
-2449.150243
-2395.113665
-2272.261272
-2177.119946
-2125.546573
-2053.805703
-1941.421935
-1729.586231
-1529.758655
-1317.769001
-1081.301238
-857.765306
-614.831628
-368.664992
-60.764259
269.613227
572.587548
890.187154
1168.067566
1374.207106
1540.781403
1741.224780
1837.751659
1849.297937
1821.894772
1732.449609
1607.134011
1434.555650
1246.890153
1067.230076
894.959616
700.366352
545.954135
403.396096
280.851604
191.714342
135.214557
70.401453
-43.521818
-171.454573
-395.452356
-684.263243
-1058.208683
-1474.182573
-1936.649474
-2402.195382
-2864.816233
-3241.994630
-3517.257886
-3660.431726
-3728.939639
-3676.750465
-3469.225371
-3190.421258
-2806.161143
-2369.403954
-1881.381292
-1353.331535
-869.003683
-431.630692
-49.371932
277.464696
606.148728
921.900930
1137.893294
1240.886089
1336.489266
1389.294242
1417.621109
1481.048660
1557.561993
1621.297444
1615.139430
1537.702395
1455.492900
1350.036899
1248.891508
1105.101866
932.369555
709.603374
473.751413
231.433536
35.916571
-89.245077
-123.422058
-72.772388
-24.278022
61.010481
190.944590
430.183459
741.779001
1140.048599
1539.703750
1977.538592
2397.207291
2728.508479
3072.741499
3302.281495
3393.112211
3329.222809
3096.757756
2717.885904
2207.232539
1645.005801
1075.235495
531.636751
-32.129491
-538.318296
-963.529208
-1339.322052
-1626.285535
-1835.196182
-1944.500942
-2026.402537
-2078.437761
-2096.142053
-2097.527607
-2104.301423
-2074.742952
-1949.889205
-1785.162313
-1670.315340
-1566.552793
-1383.967658
-1209.541893
-1018.951340
-795.723308
-515.379691
-247.198153
77.175269
417.867430
695.747841
947.456690
1112.183583
1292.151561
1452.413892
1583.733555
1622.836948
1616.371033
1630.842367
1574.650483
1480.278909
1355.733062
1244.426947
1067.230076
915.435014
834.918973
746.397512
696.979444
597.373557
522.861580
357.364936
109.042995
-210.557966
-545.861864
-967.685868
-1439.543741
-1915.712224
-2393.112310
-2848.343544
-3277.711115
-3569.447060
-3764.502174
-3828.083675
-3846.095868
-3728.785689
-3507.559012
-3143.004545
-2677.458637
-2165.419718
-1608.581243
-1093.001466
-639.925537
-227.338556
129.056543
406.783004
715.145588
904.966389
1036.440002
1107.411121
1206.401207
1335.103713
1439.174161
1590.815272
1668.714157
1709.049153
1625.608054
1529.850927
1462.420666
1369.280694
1237.653131
1072.002537
880.950132
656.490498
457.586625
306.561315
163.079574
18.674130
-57.839202
-96.172843
-118.495646
0.661937
251.908935
573.665201
930.368200
1295.692419
1653.319120
1975.691188
2264.040224
2568.400098
2863.522951
2983.296336
2997.151869
2816.568089
2533.761266
2170.130500
1715.515068
1257.358778
776.725734
298.709846
-227.954357
-674.102519
-1049.741413
-1418.914391
-1694.639498
-1892.157818
-1963.898689
-1969.286951
-1954.815617
-1896.622378
-1888.155108
-1885.537952
-1843.971353
-1777.156894
-1656.459807
-1568.554148
-1435.848932
-1237.252959
-1041.428093
-828.206836
-603.131400
-356.964764
-127.578718
84.564887
331.039423
588.906287
861.090535
1137.431443
1346.803941
1481.972363
1545.092013
1541.859055
1583.271704
1581.424299
1487.360625
1349.575048
1207.170959
1109.720377
1020.583115
997.644510
950.843599
845.387598
720.071999
551.034497
356.903085
118.126067
-186.233808
-591.123271
-1041.274143
-1510.360909
-1975.291016
-2419.129922
-2848.805395
-3247.998695
-3556.823130
-3747.413683
-3813.612341
-3793.752744
-3636.569419
-3402.410912
-3061.564801
-2653.442380
-2192.053132
-1732.357337
-1307.762227
-889.940933
-549.556672
-201.166993
132.289500
445.732446
749.168619
985.482431
1123.421959
1244.580898
1338.490621
1455.492900
1560.794950
1661.016639
1714.129515
1681.030186
1631.304218
1522.461309
1357.734417
1196.086532
1006.881532
797.662984
567.969037
331.039423
164.157226
63.627637
-3.648673
-26.279377
-27.664930
0.507987
98.574370
294.245286
553.343753
826.143802
1095.710893
1377.747965
1670.099710
1933.046936
2205.385134
2416.451087
2513.285867
2513.285867
2427.381563
2264.963926
2035.423930
1655.936277
1210.711817
742.856654
284.700363
-141.896102
-502.293910
-760.160774
-1017.411836
-1222.473724
-1426.457959
-1571.325254
-1646.453033
-1657.075608
-1618.741967
-1575.174013
-1548.232699
-1515.441271
-1517.904477
-1461.558643
-1376.885941
-1267.119330
-1110.397857
-940.744553
-780.944073
-636.384679
-422.085769
-217.947583
3.894895
247.444374
481.602882
670.038130
855.240421
1013.501398
1095.095092
1167.297814
1255.819274
1312.165109
1341.723579
1288.764653
1189.774567
1117.109994
1019.043611
944.377683
883.567288
799.356438
726.999766
576.590258
397.545982
134.290855
-177.766538
-554.790985
-975.999187
-1436.772634
-1892.773619
-2354.624718
-2781.836985
-3115.755330
-3388.863280
-3544.199200
-3603.624041
-3524.493553
-3405.797820
-3161.170688
-2870.204496
-2518.120008
-2116.155601
-1673.394347
-1193.685005
-752.617206
-373.283503
-65.998572
193.407796
454.199717
761.022797
1027.664831
1309.855853
1516.149344
1702.121387
1837.443759
1921.962510
2017.103836
2027.264560
2045.892555
1965.992315
1833.902900
1653.473071
1433.016146
1219.640938
971.934799
745.165909
531.790701
358.288638
284.700363
194.023597
100.883626
45.153593
41.458784
131.519749
302.250705
536.255262
778.419188
1085.088318
1389.756093
1643.466297
1875.007648
2059.902038
2201.228474
2293.290794
2259.575663
2119.788731
1883.167017
1573.572831
1239.962387
893.420112
574.127052
184.324724
-214.560675
-566.645163
-872.852442
-1118.557227
-1328.853427
-1457.248033
-1557.777622
-1657.845360
-1714.037244
-1716.654400
-1690.636788
-1622.436776
-1542.690486
-1467.562707
-1415.065632
-1341.785258
-1217.085461
-1054.975725
-895.175245
-701.505684
-432.400444
-185.925907
75.481815
337.813240
528.711694
694.824139
870.481507
987.329835
1098.020149
1156.675238
1187.773212
1223.951549
1247.198054
1255.665324
1228.262159
1183.770503
1105.101866
989.639091
905.890092
807.823708
714.837687
561.964973
367.217760
157.999212
-180.383694
-552.481729
-1000.015444
-1424.302654
-1887.077456
-2311.518616
-2624.807611
-2911.155293
-3102.669549
-3283.407279
-3327.744984
-3298.648365
-3232.911559
-3058.023943
-2822.325932
-2467.778238
-2049.341142
-1664.311276
-1273.893146
-940.590603
-573.111078
-204.861802
138.755416
473.443512
730.078773
991.486495
1242.733493
1495.981846
1718.286175
1912.417587
2035.269979
2097.158027
2112.245163
2046.970207
1907.491175
1711.050508
1540.935353
1347.419742
1137.585393
897.884673
669.576279
468.363150
254.833992
94.263760
-38.749357
-111.567880
-135.738088
-68.153877
52.389260
267.303972
548.725242
851.853513
1206.093306
1562.026553
1862.229768
2124.407242
2265.579728
2315.151746
2315.459646
2242.025322
2167.359394
2008.174715
1726.907396
1378.825617
983.173176
554.575355
161.078219
-180.537644
-510.915130
-836.674106
-1120.866482
-1329.315278
-1451.859770
-1554.390714
-1635.368607
-1721.118961
-1793.629583
-1806.099563
-1797.940194
-1737.437700
-1628.594791
-1538.379876
-1399.978496
-1247.413683
-1085.919749
-909.184728
-712.590110
-467.655077
-208.556611
42.228536
255.603744
449.427255
595.218252
770.259819
950.843599
1108.180873
1255.665324
1360.197623
1475.814348
1507.374173
1473.812993
1378.517716
1261.823339
1178.536190
1040.442712
932.985356
812.442219
612.922544
364.754554
76.867368
-227.338556
-598.666839
-970.303024
-1327.621824
-1694.947398
-2062.426923
-2434.217058
-2756.127274
-2973.043340
-3102.207698
-3155.320574
-3184.879044
-3172.409065
-3050.480375
-2858.966119
-2550.603535
-2189.897826
-1778.850348
-1387.354566
-1007.097161
-628.071359
-268.597254
127.670989
532.560453
876.177671
1176.688786
1428.089734
1605.902408
1806.807636
1990.932274
2166.897543
2264.656025
2262.038869
2198.149467
2069.139060
1912.417587
1759.236973
1542.474857
1246.890153
925.441788
647.253476
413.864721
223.428117
74.404163
-102.792709
-216.562030
-251.354813
-197.780085
-26.125427
164.773028
359.212340
561.657072
795.045828
1069.539331
1391.603498
1725.675793
2003.402254
2151.656456
2191.067750
2134.414015
2013.409027
1853.454597
1585.888860
1259.514083
861.398436
427.720254
4.818597
-329.561599
-601.591896
-824.050176
-1089.306657
-1343.478712
-1572.556857
-1786.855767
-1905.397549
-1979.139775
-2051.804348
-2094.602550
-2037.025113
-1950.351056
-1819.031394
-1667.390283
-1506.666100
-1374.268785
-1178.136018
-977.692641
-764.471384
-505.065017
-280.605382
-45.831074
183.247072
456.970823
719.610148
962.543826
1148.361919
1239.192635
1327.560145
1410.847293
1440.867615
1444.408473
1409.615690
1299.541178
1166.374112
1011.961894
851.083761
681.276507
454.815518
182.939171
-90.168779
-390.371994
-695.039769
-1012.177523
-1338.398350
-1590.876951
-1833.348778
-2050.572745
-2234.543433
-2438.835569
-2566.460423
-2663.757054
-2699.473539
-2710.404015
-2660.216196
-2524.739873
-2348.004853
-2129.395332
-1891.849917
-1580.100425
-1217.239411
-818.200062
-315.090264
149.224041
540.873773
863.707691
1097.866198
1350.960601
1594.817981
1843.601773
2093.771119
2224.167079
2242.641123
2175.364813
2046.970207
1898.100203
1791.412599
1697.502876
1579.115044
1397.761512
1172.532126
936.988066
683.893663
452.352312
288.549122
182.939171
96.111164
36.532372
3.740944
46.231246
114.893109
247.906226
442.345538
626.778077
847.696853
1071.232785
1303.851789
1460.727212
1630.072615
1740.916879
1754.464511
1752.309206
1665.635150
1520.306004
1236.267578
910.508603
597.681458
301.019102
39.457429
-249.507408
-632.381970
-997.090388
-1314.228142
-1561.626381
-1724.505869
-1827.036813
-1913.249018
-2002.694181
-2037.333013
-2028.711793
-1938.342928
-1795.169087
-1664.927077
-1535.916670
-1432.923875
-1288.056580
-1160.893577
-984.004606
-740.609077
-497.983300
-263.824792
-45.369222
229.740082
492.687308
770.413769
977.477012
1145.282911
1310.779555
1398.685214
1443.792672
1402.380023
1322.941634
1205.785405
1023.354221
789.811515
545.954135
335.350034
105.040286
-143.435606
-406.228881
-635.614927
-821.433019
-986.929663
-1153.503960
-1374.884587
-1637.369961
-1880.765491
-2082.440471
-2158.645902
-2206.216565
-2259.021541
-2257.174137
-2262.100548
-2216.993091
-2111.075239
-1958.048575
-1747.906324
-1488.346007
-1170.592450
-854.994199
-506.296619
-175.149381
156.151807
513.932459
892.958261
1235.959677
1553.713233
1814.197253
1959.834300
2037.887136
2032.652823
2021.106546
2010.483971
1929.813979
1835.904255
1681.953889
1507.836024
1314.628314
1145.744762
1000.107716
886.338395
776.109933
669.576279
576.744208
486.529293
419.560884
384.922052
393.235371
408.014607
439.266531
476.214619
559.809668
642.634965
794.737927
928.520795
1025.355576
1087.859425
1143.435507
1165.912260
1124.961463
1059.070706
979.632317
850.929811
647.715327
415.558175
168.621787
-82.009410
-398.069512
-681.646087
-959.988349
-1203.845730
-1406.752313
-1575.327964
-1674.933851
-1743.133863
-1739.439054
-1734.512643
-1681.399766
-1607.349640
-1533.145563
-1413.680079
-1288.518431
-1087.613203
-879.626258
-705.816294
-503.987364
-322.479882
-120.189100
124.745932
317.029940
460.973533
578.899513
652.179888
705.446715
761.484648
826.297752
831.070213
778.727089
745.781711
648.639029
516.087764
366.294057
213.113443
37.917926
-102.484808
-240.116436
-376.978312
-546.169764
-746.921042
-923.348162
-1103.008240
-1207.694489
-1311.610986
-1395.359985
-1469.718012
-1508.975356
-1545.307642
-1525.755946
-1460.480990
-1349.020925
-1208.926092
-1104.239843
-973.228081
-864.231221
-702.275436
-486.590973
-248.121855
-32.591342
155.997857
310.102174
443.731092
637.862504
844.309945
1091.246333
1274.447269
1421.777769
1544.784112
1655.474426
1774.478059
1871.774690
1934.586440
1900.717359
1792.644202
1622.682998
1448.103282
1321.556081
1224.105499
1114.338888
973.936154
779.650791
644.328419
572.125697
539.796120
588.598386
656.952349
680.352805
730.540624
775.955982
848.928456
909.892801
956.847663
941.914477
893.420112
799.972239
673.578989
569.046690
395.390677
232.665139
45.615444
-91.246432
-201.936745
-334.641961
-434.863649
-558.793694
-705.662344
-818.200062
-920.423105
-1004.633955
-1088.690856
-1210.003744
-1319.924306
-1399.516645
-1429.690917
-1446.009656
-1438.773989
-1419.684143
-1416.143285
-1366.725217
-1234.481853
-1023.877751
-851.915192
-700.274081
-556.638389
-394.374703
-224.875350
-52.450939
85.488589
171.084993
223.120217
170.777092
109.196945
102.577080
103.346832
59.009126
-3.956574
-59.224755
-124.807611
-142.819804
-153.750280
-196.548482
-250.585061
-334.641961
-388.370639
-444.562523
-453.337693
-443.484870
-444.562523
-480.586908
-481.972462
-504.295265
-554.483084
-604.670904
-686.110647
-742.918333
-758.929171
-674.872271
-555.560737
-422.701570
-254.125919
-146.360663
-66.306472
4.972547
79.792425
202.952719
303.944159
383.074647
478.062023
548.725242
664.649867
744.858008
782.883749
854.778570
889.263452
930.522150
996.566857
1075.697346
1174.071630
1235.035975
1253.817920
1277.526276
1299.387228
1322.787684
1322.941634
1271.830113
1252.894217
1220.564640
1190.852220
1160.985849
1166.528062
1162.525352
1129.733924
1087.705474
1063.997118
1017.812008
952.075201
860.320783
747.013313
633.397943
485.143740
379.379838
204.184322
16.364875
-171.608523
-313.704711
-435.633401
-572.187376
-685.802747
-835.442503
-984.774358
-1089.460607
-1156.582967
-1099.005530
-1005.095807
-933.354936
-903.488565
-917.036197
-895.791046
-882.551315
-870.389236
-872.544541
-882.397365
-874.699846
-854.532348
-794.491705
-725.367991
-680.568434
-659.939085
-613.907926
-580.654646
-554.637034
-504.141314
-471.657787
-457.032502
-440.405863
-411.617144
-371.128198
-361.429325
-393.758902
-408.538137
-429.321436
-478.123702
-517.227095
-545.553963
-573.726880
-592.508825
-667.020802
-684.109293
-673.794618
-597.589187
-493.826640
-419.160712
-338.952571
-338.644670
-301.234731
-269.520956
-208.402660
-111.413930
-11.654092
86.720192
161.078219
208.187031
236.667849
205.877776
177.704858
155.689956
147.068736
119.511620
99.805973
121.666925
143.066026
215.576649
248.675977
317.183890
379.995640
474.829066
599.374912
679.737003
761.638598
812.288269
849.544257
874.638167
923.594384
948.380393
949.150145
959.926670
961.928025
993.333900
1042.905918
1055.067997
1086.473871
1149.439571
1239.192635
1340.030125
1418.390861
1484.589519
1513.994039
1486.898774
1425.626529
1321.863982
1151.286976
977.169111
751.631824
502.694082
249.445729
27.449301
-171.762473
-357.734516
-586.966611
-769.243845
-933.200985
-1079.761734
-1167.513443
-1195.378459
-1151.964456
-1122.252035
-1062.365343
-1032.652922
-1015.256531
-995.858785
-966.916116
-977.692641
-954.292186
-892.712039
-822.048821
-689.651506
-560.795049
-474.120993
-426.704280
-374.823007
-347.111941
-333.564308
-337.413067
-327.560244
-349.421196
-387.600887
-427.474032
-493.980590
-528.619423
-568.800468
-613.753975
-657.167979
-685.186945
-683.185590
-684.109293
-731.987857
-784.792832
-839.445212
-862.537767
-840.522865
-800.803670
-714.745416
-644.082197
-623.914699
-585.888959
-541.705204
-453.337693
-342.647380
-241.194088
-133.890683
-55.683897
5.588349
103.192881
223.120217
392.311669
547.339688
645.560022
720.533850
779.804741
817.060730
835.688724
841.692789
826.451703
847.388952
874.638167
851.391662
813.365921
727.461617
651.102235
593.986649
542.259326
534.099957
540.411922
556.576710
570.432243
577.206059
570.894094
563.350526
592.447146
627.393879
673.578989
724.382610
826.451703
947.148790
1085.088318
1193.315426
1253.663969
1280.451333
1248.891508
1193.777277
1191.006170
1235.805727
1306.007094
1312.626960
1292.921313
1212.559221
1070.463033
914.357362
703.445360
441.113935
148.916140
-117.725895
-395.606306
-611.290769
-796.954911
-978.616344
-1085.611848
-1179.521572
-1237.560860
-1269.582536
-1290.211885
-1347.635372
-1387.354566
-1345.787967
-1292.675091
-1188.912544
-1055.437576
-948.903923
-844.987426
-723.058735
-623.760749
-496.135895
-382.828426
-314.012612
-238.884833
-213.329072
-158.060891
-77.698799
-44.907371
-1.031517
3.740944
-38.441456
-131.735378
-203.630199
-291.074007
-381.596823
-424.241074
-485.051469
-553.713332
-668.714256
-815.275005
-915.804594
-954.292186
-1005.711608
-992.471877
-1024.801453
-1073.449769
-1082.532841
-1004.326055
-894.251543
-754.618560
-633.767523
-490.593682
-309.086200
-126.347115
39.149529
187.865583
307.177117
347.973964
397.238081
468.517101
542.567227
607.226381
668.806527
713.298183
737.314440
794.737927
882.643586
921.285128
995.951056
1039.519010
1057.993054
1065.998473
1048.756032
1006.265730
991.332545
953.922606
843.078342
750.092321
649.562732
587.366783
552.574001
565.659782
532.098602
530.251198
520.552324
512.085054
572.125697
638.016454
749.784420
829.376759
902.657134
952.383102
990.870694
1034.900499
1109.258526
1134.968237
1120.958753
1092.323985
1007.189433
854.316719
633.705844
427.874204
205.877776
24.062393
-144.205358
-283.684390
-376.054609
-459.495708
-512.146733
-564.181957
-658.399581
-754.156709
-866.848378
-985.082259
-1037.425384
-1069.601010
-1084.996047
-1121.174383
-1143.189285
-1159.661974
-1121.944135
-1049.741413
-1000.169395
-930.891730
-854.378398
-814.659203
-752.309305
-636.384679
-509.991428
-387.139036
-278.604028
-164.218905
-54.760195
-6.573730
-9.806688
-21.660866
-61.687961
-96.942595
-155.751635
-204.861802
-257.512827
-302.466334
-347.265891
-440.867714
-551.096176
-652.087616
-729.524651
-743.072283
-739.993276
-702.121485
-654.088971
-626.377905
-580.500696
-574.650582
-556.330489
-536.932742
-530.466827
-502.909711
-459.803609
-360.043771
-251.816664
-143.897457
-7.651383
119.203719
238.361303
322.110302
422.947792
530.866999
670.499981
774.416479
865.093244
938.681520
960.080621
970.087394
930.522150
924.364136
873.868415
858.319428
876.947423
873.252614
865.555096
833.379469
789.657565
776.571784
771.645372
757.481938
771.953273
733.465681
718.070645
711.296828
707.755970
705.754615
658.183952
618.156857
568.276938
552.881901
615.385750
682.046259
747.167264
783.807451
767.950563
751.323924
735.005185
713.298183
656.182597
544.568582
403.550046
237.129700
83.179334
-74.619792
-224.413499
-331.716904
-408.384186
-473.043340
-536.470891
-599.282641
-665.943149
-761.238426
-848.682234
-909.184728
-948.903923
-949.365774
-912.109785
-869.619484
-857.765306
-881.319712
-924.117914
-970.303024
-994.165331
-948.442072
-879.472308
-804.806380
-754.926461
-677.643377
-584.349455
-495.058243
-394.836554
-305.237441
-237.191379
-195.008979
-133.120931
-96.480744
-90.630630
-70.309182
-63.843266
-83.702864
-86.935821
-137.431542
-200.705142
-269.059105
-313.550761
-319.092974
-318.785073
-284.454141
-290.612156
-316.321867
-358.812168
-369.742644
-340.799976
-282.760687
-213.944874
-191.314170
-181.923197
-188.850964
-179.613942
-154.520032
-118.187746
-107.719121
-79.700154
-9.652737
119.511620
260.992007
375.992930
472.057959
532.252552
591.061592
652.179888
696.055742
716.685091
742.548753
745.935661
772.261174
784.115352
773.184876
771.491422
769.644017
751.016023
725.306312
727.769518
708.679672
695.593891
674.964542
673.886889
693.592536
734.081483
761.176747
782.883749
786.578558
757.174038
729.924823
650.794334
558.578065
478.523874
457.740575
500.230876
562.580774
608.919835
616.771303
589.368138
513.778508
462.974887
408.784358
328.730168
196.486803
2.047490
-173.609878
-309.702002
-409.615789
-484.127767
-537.086693
-617.602734
-739.531425
-870.697137
-933.970737
-953.214533
-985.544110
-1011.715672
-1035.424029
-1006.327410
-953.676384
-883.782918
-799.726018
-763.393731
-734.143162
-716.746770
-692.268662
-648.546758
-603.439301
-535.547189
-496.597746
-472.735440
-435.633401
-385.907433
-321.094329
-229.647811
-144.359308
-73.234239
-23.970121
18.674130
35.608670
52.851111
52.389260
28.988805
8.359455
-24.893824
-18.581859
-37.671704
-71.848685
-116.494292
-165.912359
-207.940809
-234.266322
-237.961131
-257.358877
-264.440594
-260.283934
-248.737656
-234.574223
-265.672197
-288.302901
-307.084845
-281.529084
-218.871285
-111.721830
-45.215272
25.909797
83.949085
133.675054
201.413215
258.836702
294.245286
344.433105
377.994285
434.032219
516.087764
574.434953
612.768594
662.802463
708.063871
722.689156
741.317150
720.071999
666.959123
560.117569
484.220038
413.094969
401.240791
399.393386
411.863366
448.811454
475.598817
476.060669
494.534713
505.773089
479.755477
451.120709
427.566303
412.941018
405.243500
347.512113
319.339196
303.020457
273.000135
263.609163
233.126990
171.392893
67.938247
-66.614373
-158.830642
-218.409434
-245.196798
-241.655940
-294.460915
-370.512396
-448.103381
-479.663206
-478.893454
-441.637466
-383.444227
-364.816233
-360.813523
-368.972893
-390.218043
-423.933173
-443.330920
-466.115574
-455.492999
-417.005407
-391.141745
-402.226172
-410.539492
-444.254622
-472.119638
-496.751697
-474.736794
-445.794125
-427.474032
-414.388251
-438.866359
-408.999988
-426.242429
-376.978312
-341.569727
-342.339479
-332.024805
-353.423906
-314.936314
-255.665423
-178.844190
-95.710992
-52.758840
-2.571021
40.689032
87.643894
127.363089
132.443451
147.992438
122.590627
115.662861
136.138260
182.015469
230.201933
278.388398
305.637613
308.408720
312.873280
251.754985
176.165355
112.429903
36.840273
-35.978250
-67.692026
-67.230174
-24.431973
52.697161
131.057897
176.011404
188.019533
153.534651
130.288146
126.285436
123.052478
153.072800
187.865583
244.981169
320.108947
371.682320
395.390677
380.765392
342.739651
343.817304
336.119786
366.140107
429.721608
452.968114
456.662922
386.769456
345.510758
334.118431
327.960416
322.572153
281.929257
221.118862
144.451579
93.955859
69.169850
41.920635
-7.343482
-33.822945
-55.529947
-40.134910
-19.659511
-36.901952
-61.380061
-112.799483
-193.623425
-278.450077
-338.490720
-372.513751
-362.968828
-356.195012
-324.019386
-304.775590
-338.336770
-338.798621
-350.344898
-312.627059
-257.050976
-216.254129
-146.206712
-95.095191
-74.927693
-51.681187
-40.750711
-84.472615
-94.325439
-112.799483
-134.044633
-125.577363
-112.491582
-128.656371
-173.763828
-178.074438
-167.143962
-158.830642
-168.837416
-179.613942
-188.081212
-195.932681
-174.687530
-165.912359
-151.441025
-161.293848
-152.826578
-126.193165
-105.255915
-83.087062
-48.602180
-24.893824
-11.961993
13.747718
57.777523
112.429903
178.782511
256.065595
305.329712
343.817304
349.205567
371.066519
391.387967
428.028154
396.930180
319.954997
218.655656
119.203719
26.525599
-34.592697
-37.979605
-59.070805
-93.401737
-123.576009
-187.619361
-228.878059
-262.593189
-285.531794
-254.433820
-239.500634
-222.873995
-192.545773
-153.288429
-103.408511
-59.686607
-28.280732
35.916571
70.555403
122.898528
218.193805
306.561315
349.513467
369.527015
373.683675
351.822723
327.344615
302.712556
321.186600
333.964480
338.736942
311.025876
251.447084
199.103959
137.369862
85.796490
7.435753
-61.995862
-124.961562
-184.540354
-212.713271
-235.343975
-243.349394
-265.364296
-273.677616
-288.764752
-293.537213
-332.178755
-375.284858
-399.301115
-418.544911
-394.220753
-353.269955
-274.139467
-222.412144
-178.074438
-124.499711
-97.866297
-52.143039
-13.809397
14.825371
42.844338
73.788361
89.029447
109.196945
134.136905
185.710278
199.873711
209.110733
182.015469
116.432613
63.011836
-12.423844
-49.064031
-69.231529
-113.261334
-146.822514
-179.152091
-211.019817
-214.252774
-217.947583
-217.639682
-208.864512
-219.179186
-217.485732
-191.314170
-131.581428
-40.288860
36.532372
93.340058
123.976181
163.849326
234.204643
274.693589
333.348679
379.071938
393.697223
429.721608
461.897235
482.526584
502.386181
519.012821
518.550970
466.515746
389.540563
305.483663
225.891323
158.768963
117.202364
62.242084
46.385196
31.913862
-15.041000
-68.153877
-158.522742
-278.450077
-360.197722
-386.523234
-364.970183
-313.704711
-260.591835
-205.015752
-153.288429
-75.081643
-1.185467
88.567596
135.522458
103.962633
92.108455
77.483170
149.531941
254.372141
319.339196
324.881409
246.366722
172.470546
142.142324
125.669635
60.394679
32.837564
1.123788
-12.731745
-35.208498
-67.384125
-68.923628
-100.329503
-150.671273
-193.931326
-272.907864
-338.798621
-375.130907
-392.373348
-385.291631
-356.502913
-333.410358
-336.489365
-340.953926
-310.933604
-265.210346
-220.410789
-155.135834
-77.390899
30.836209
105.963988
169.083638
194.023597
145.683182
143.066026
143.989728
125.207784
149.685892
158.615013
170.315241
176.319305
192.022243
169.237588
146.760835
107.195591
70.093552
32.067812
1.123788
-37.825654
-81.855459
-66.922274
-79.700154
-110.336277
-118.957498
-125.885264
-168.837416
-166.836062
-145.590911
-106.949369
-62.765614
-30.128136
4.202796
45.615444
95.187462
141.834423
181.399667
207.879130
252.832637
295.476889
341.508048
355.055681
404.935599
479.293626
515.625913
509.621848
456.355022
385.383903
327.652515
263.147312
221.272812
135.060607
17.750428
-60.148458
-100.791354
-103.254560
-134.506485
-193.931326
-277.526375
-342.339479
-374.823007
-351.576501
-323.249634
-287.533149
-278.604028
-269.982807
-204.861802
-145.898812
-56.607599
-7.189532
21.753137
18.058329
30.374358
49.156303
122.128776
220.503060
301.173052
316.260188
301.788854
347.512113
322.418203
294.553187
222.196514
176.473256
132.289500
113.507556
83.487234
20.367584
-39.057257
-113.569235
-171.300622
-244.888897
-277.064524
-295.692518
-296.154369
-327.868145
-376.362510
-431.014890
-451.644239
-490.747632
-484.127767
-444.100671
-434.709699
-399.916916
-362.353027
-284.146241
-209.634263
-151.287075
-98.328148
-55.375996
-4.572375
73.788361
182.323369
254.833992
322.726104
330.115721
297.016392
307.792918
310.717975
351.822723
385.845754
400.624989
433.416417
432.800616
438.650730
373.375774
274.231738
160.616368
36.378422
-68.307827
-156.059536
-217.793633
-286.917347
-295.846469
-309.394101
-298.617575
-307.546696
-319.092974
-293.845114
-275.832921
-281.529084
-268.289353
-210.250065
-127.116867
-15.964702
69.631701
154.766254
194.023597
265.918418
306.715266
299.941449
316.722039
307.177117
359.828142
387.693158
377.994285
373.683675
346.896311
289.164924
199.719761
100.729675
53.159012
12.516115
-35.978250
-90.630630
-161.293848
-267.365651
-365.278084
-414.542201
-413.772449
-361.429325
-305.237441
-290.304255
-330.639251
-374.207205
-417.467258
-400.840618
-330.023450
-238.269032
-179.613942
-135.430187
-92.478035
-51.835138
-24.893824
-1.955219
23.446591
69.631701
97.958569
93.494008
62.857885
20.983385
-61.226110
-96.634694
-64.613018
-6.111879
26.987450
16.210924
