109.580072
202.077923
255.693934
180.590590
158.898616
264.493508
387.687549
438.847865
377.455486
209.035726
53.713007
-14.023252
-79.099174
-59.044330
67.014689
195.324761
158.489334
45.936639
-0.312287
-63.546438
-23.641391
-25.073880
65.991482
128.611709
97.915520
147.029423
114.696103
123.495678
57.601191
22.812176
81.339577
160.331105
158.693975
142.936598
169.949244
124.518884
39.183477
-9.725785
57.191908
4.599103
-42.059105
-80.122380
-80.940945
-65.797491
-13.613969
93.004129
132.499893
59.238321
0.506278
-49.016908
-142.333324
-98.744735
-55.974711
-34.282737
-36.533791
-37.556997
52.280518
164.628572
121.039982
-34.692019
-156.453571
-186.535837
-165.457787
-50.654038
77.656034
176.293124
127.179220
-51.063320
-230.738350
-275.964069
-248.746781
-194.926129
-66.820698
-24.050674
-133.738391
-185.307990
-219.483081
-270.848038
-182.852294
-153.179311
-13.204687
129.634916
102.826910
-33.054889
-152.974670
-173.438796
-111.841776
-76.029555
-17.092871
31.816391
104.873323
102.008345
38.160271
-21.390337
-21.390337
46.959845
55.350137
54.736213
106.101170
126.156014
4.803745
-144.584378
-134.966239
-26.711010
-40.626616
-93.014780
-92.196215
-78.894532
-137.012651
-153.588594
8.896570
137.820566
155.010432
123.495678
42.662378
-26.711010
-32.850248
25.881795
35.295293
121.039982
162.786800
99.552650
53.508365
54.736213
33.453521
-25.278521
-25.073880
29.565337
58.215114
67.628613
51.871235
95.459824
166.265702
213.947116
111.421843
147.438705
255.284652
303.375349
288.027254
220.904919
186.320546
224.997744
281.888016
277.385908
280.046244
338.164363
329.774072
228.476646
192.869066
224.383821
300.510371
281.683375
286.390124
330.592637
371.725531
333.252973
299.691806
327.523018
321.179138
256.717140
141.094826
164.628572
144.983010
141.708750
87.274174
50.029464
10.124417
-165.662428
-231.352274
-256.727791
-206.386040
-249.769988
-313.822703
-430.263582
-466.280445
-509.664393
-578.628499
-645.136909
-666.010318
-676.447023
-728.221263
-723.923796
-672.558839
-559.801502
-524.398564
-537.904887
-519.077891
-511.915447
-526.854259
-552.639058
-514.985066
-462.801543
-457.480871
-485.516724
-443.769906
-424.533627
-439.881722
-427.603246
-448.476655
-404.478783
-380.126473
-341.653915
-287.833263
-239.537924
-196.767900
-237.082229
-283.331155
-247.928216
-199.632878
-221.938776
-250.179270
-236.877588
-213.139201
-45.742648
85.227761
227.862722
302.556783
284.752994
272.679159
387.687549
522.955425
628.141034
632.847783
581.278185
532.982847
542.600986
628.345676
717.159984
853.041783
950.451025
1021.256902
1038.037486
1037.014279
994.244255
964.980555
956.385622
1029.033270
1139.130270
1201.545856
1198.271595
1235.925588
1332.106982
1392.680796
1388.383330
1391.862231
1394.317926
1320.851712
1144.041660
1050.520603
993.016408
895.607166
750.721151
542.805627
442.940690
288.641178
76.837469
-189.400815
-429.445017
-601.548320
-820.514473
-1006.124099
-1068.744326
-1214.858188
-1368.339136
-1484.166091
-1578.914996
-1528.368604
-1388.598621
-1262.130320
-1117.858229
-1016.151521
-1047.461634
-1030.476409
-964.172640
-872.493354
-740.499738
-569.215001
-372.145463
-208.023170
-16.888229
134.546306
256.717140
343.485036
464.632664
489.189616
406.719187
414.700196
492.259235
488.575692
373.771943
294.371133
242.392252
193.073707
93.208771
-61.909307
-201.883932
-367.234073
-640.430160
-900.733848
-1105.375112
-1228.569153
-1289.552249
-1399.649249
-1553.334839
-1645.832690
-1724.005653
-1793.992965
-1744.879061
-1682.258835
-1604.085872
-1559.269435
-1487.031069
-1358.925638
-1186.617694
-1025.155736
-921.197974
-853.870999
-748.685389
-587.632714
-325.487255
-94.651910
62.103298
176.497765
222.542049
295.803622
332.639049
489.394257
711.225387
853.860348
885.579744
883.737973
890.900417
876.575529
866.138824
940.014320
982.579703
902.360328
845.674698
785.919449
784.486960
760.748573
758.702161
837.079765
882.510125
913.001674
1040.493181
1223.647112
1362.598530
1527.948672
1803.395813
2104.423112
2342.830184
2493.855437
2416.705680
1925.157365
1409.256738
1409.256738
1855.988617
2179.321814
1954.216424
1444.045753
745.809761
-35.305943
-393.428155
-157.067495
208.421802
109.170789
-496.567352
-1154.284374
-1573.594324
-1736.079487
-1677.552086
-1563.771543
-1549.446654
-1736.079487
-1920.870548
-1897.950727
-1735.465563
-1536.144972
-1417.657681
-1249.033279
-968.060824
-626.309913
-264.094876
28.132849
232.364830
371.520889
455.628449
575.752871
820.503822
1179.649240
1473.104813
1482.313670
1241.246261
1065.050133
1143.837019
1315.326398
1316.554246
1267.031060
1228.353861
1022.280108
605.221213
161.968235
-49.835473
-245.267880
-529.309954
-753.392138
-833.406872
-871.674789
-1050.326612
-1358.720997
-1588.533136
-1664.455045
-1757.566820
-1872.165928
-1883.216556
-1792.560476
-1797.676508
-1903.476041
-2053.273446
-2051.840957
-1896.313597
-1683.691324
-1360.972050
-1015.332956
-828.904764
-822.151603
-788.999718
-630.198097
-315.664475
-149.700410
61.489375
249.759337
389.324679
450.103135
505.970200
626.094622
641.851999
608.700114
612.792940
726.778123
777.119874
743.967990
624.866774
566.544014
473.841521
421.453358
480.799324
494.919572
463.200176
364.563086
281.274092
312.584205
398.533536
412.449142
475.069369
529.503945
613.202222
748.470097
983.398268
1330.265211
1644.594192
1898.349359
2206.743744
2645.903896
3040.042970
3219.308717
3128.652637
2650.201363
2086.823963
1926.385212
2283.893500
2652.657058
2515.547411
1831.431666
908.294925
75.609622
-493.293092
-476.307867
-208.841735
-290.493599
-1035.183158
-1894.267184
-2467.058082
-2705.874437
-2593.731024
-2345.705812
-2153.956948
-2230.492781
-2510.851312
-2596.800643
-2330.562359
-1969.575169
-1638.465604
-1381.026894
-1037.843495
-671.944915
-303.385999
26.495719
359.037772
674.389960
860.818151
1127.261077
1442.613264
1786.205946
1978.773376
1950.532881
1708.032984
1432.381201
1444.250395
1604.279863
1653.598408
1609.395895
1476.583714
1218.940363
851.609294
430.866856
98.529443
-155.430365
-405.092707
-729.244469
-980.953223
-1171.678881
-1496.239926
-1927.009786
-2259.347199
-2451.914628
-2499.186760
-2496.321782
-2464.602386
-2464.193104
-2538.477883
-2671.903987
-2813.720383
-2724.701433
-2497.754271
-2092.359928
-1659.543654
-1319.225233
-1107.830807
-1042.140961
-977.883605
-757.280322
-330.194004
105.487246
504.946993
712.657876
765.046040
760.134649
813.955302
971.733716
1177.807469
1334.767318
1318.396017
1163.687222
917.503781
786.942655
668.864646
524.592555
521.727577
461.153763
344.303601
139.048414
23.835382
-26.711010
-157.681419
-307.888107
-369.280486
-347.179229
-264.299517
-152.565387
60.466168
187.957676
237.276220
336.322592
607.881549
1051.953092
1545.547820
2065.336630
2555.452457
2960.028236
3301.574505
3579.886624
3627.363397
3347.618790
2747.201322
2481.167679
2823.123231
3289.091388
3191.068223
2403.813281
1329.855928
245.257230
-574.331032
-667.442807
-239.947207
-261.843822
-1053.191590
-2094.201699
-2880.638076
-3128.663288
-3008.129583
-2686.638158
-2507.986334
-2807.171862
-3254.313024
-3453.019691
-3217.068314
-2696.665580
-2176.262846
-1755.929690
-1348.079651
-985.864614
-694.046172
-248.337499
220.904919
537.894237
835.851917
1027.396140
1313.075344
1806.260790
2233.961032
2419.570658
2338.942000
2162.745872
2066.564478
2235.188879
2377.619199
2330.142426
2172.159370
1834.910567
1285.653415
665.795027
291.301514
190.004088
36.932423
-319.552659
-705.710724
-1050.735894
-1522.843290
-2006.819879
-2340.385139
-2530.496873
-2717.334347
-2988.279381
-3054.787791
-2997.488238
-3006.287812
-3095.511403
-3202.129501
-3077.912254
-2770.131793
-2435.338686
-2138.608853
-1728.917043
-1443.442480
-1307.765322
-1025.155736
-569.010359
-80.122380
360.879544
664.157897
879.031224
1038.651410
1092.267421
1205.843322
1365.054225
1549.640645
1605.712352
1492.750374
1310.619649
1127.261077
878.212659
607.267625
448.466005
345.940731
185.911263
-0.107646
-196.972542
-419.212954
-645.341551
-693.636889
-722.286666
-788.590435
-766.898461
-623.444936
-443.360623
-283.126514
-105.293255
123.700319
346.350014
536.461748
805.360369
1178.012110
1620.241882
2080.275443
2574.893377
3169.785531
3649.873937
4110.521421
4340.128920
4116.046736
3343.321323
2556.475664
2633.011496
3234.656812
3584.184091
3153.209589
2290.646662
1038.651410
-120.845991
-585.995584
-268.801625
100.780497
-407.139120
-1623.731433
-2706.079078
-3281.121029
-3389.785540
-2983.572632
-2572.243691
-2598.437773
-3159.973401
-3541.220076
-3362.568252
-2874.498838
-2358.598212
-1912.480257
-1587.100647
-1411.723084
-1120.723207
-628.970250
-2.358700
503.719146
827.052343
1006.113449
1299.978304
1789.684848
2428.779515
2871.418569
2791.199193
2344.671956
1992.688982
2055.513850
2294.534846
2493.241513
2431.439851
2133.482171
1673.448610
1105.773744
664.362538
526.434326
371.520889
-82.987358
-739.476532
-1299.579671
-1722.982446
-2096.862035
-2382.745881
-2597.619208
-2811.878611
-3090.804654
-3409.840384
-3460.386776
-3269.047195
-3116.998736
-3115.975529
-3155.675935
-3100.422793
-2828.863836
-2431.245860
-1999.043511
-1529.801093
-1203.602919
-974.813986
-761.987071
-339.198220
176.702406
544.238116
734.145209
778.143081
841.786514
928.554410
1112.526906
1339.883350
1446.092166
1372.625952
1184.151348
952.292796
778.961646
653.721192
527.662174
379.911181
191.436577
-53.723657
-278.010482
-422.896497
-510.687599
-588.246638
-643.704421
-742.546151
-843.229653
-911.784476
-883.543982
-721.877383
-463.210826
-232.989404
-55.156146
72.744644
216.812094
450.921700
722.889939
1152.841235
1707.214419
2299.446236
2807.979777
3246.116723
3720.270531
4204.451762
4479.694261
4279.964388
3547.962587
2903.137965
2979.673797
3568.222072
3832.413944
3342.093476
2379.051688
1218.326439
71.926079
-377.670778
-86.056977
195.529402
-376.647571
-1595.490939
-2702.395535
-3220.751856
-3239.374211
-3041.076827
-2789.981996
-2922.589535
-3393.264442
-3728.057550
-3641.698936
-3187.190689
-2750.486232
-2423.674134
-2070.667954
-1685.123812
-1275.636643
-742.136869
-149.086486
299.077882
633.461707
850.586088
1163.277939
1662.807264
2322.161417
2874.692829
2906.207584
2542.969340
2289.009532
2407.496824
2632.602214
2697.268853
2530.895506
2247.467355
1773.722829
1162.050092
708.155768
427.387954
168.312114
-283.331155
-791.864696
-1182.729510
-1489.282123
-1808.317853
-2261.598253
-2674.768964
-3050.285684
-3343.945897
-3462.637830
-3324.914260
-3164.066226
-3127.230799
-3279.074617
-3417.412111
-3329.621009
-2956.150702
-2399.526465
-1874.416982
-1477.617571
-1325.159829
-1335.391892
-1200.124017
-767.307744
-170.573819
324.044116
625.276057
861.432075
1038.037486
1130.944620
1272.351733
1472.286248
1538.999300
1453.868534
1340.087991
1233.879175
1154.887647
1038.242127
826.438419
521.113653
250.782544
11.147624
-242.402902
-332.035776
-410.822662
-613.622155
-964.581922
-1264.586015
-1331.094426
-1339.075435
-1271.134536
-1135.662019
-1002.235915
-907.896292
-854.894205
-605.845787
-215.390255
158.489334
538.303519
845.060774
1135.446727
1496.843199
1938.459047
2430.007363
3069.102030
3744.622842
4269.732325
4709.097118
5000.301637
4975.949326
4508.139397
3801.717754
3493.528011
3805.196656
4184.806200
3951.719801
3087.110461
1931.910526
776.710592
-160.341755
-407.753043
-181.624447
-435.788897
-1600.606970
-3052.332096
-3947.637626
-4165.375930
-3887.473094
-3504.384648
-3362.158970
-3723.350801
-4346.483449
-4568.723862
-4235.567884
-3635.968981
-3055.606357
-2575.517952
-2126.125736
-1762.478210
-1303.877138
-677.060947
27.314284
603.584083
1070.575447
1505.438132
1999.032861
2557.498870
3106.346740
3407.987963
3260.441611
2904.979736
2788.334216
3033.289808
3307.713743
3366.650427
3146.251786
2653.066340
1936.003352
1327.400233
1024.735804
885.784385
474.250804
-217.027385
-953.531294
-1590.170266
-2037.925351
-2354.505387
-2595.777437
-2903.148615
-3344.355180
-3771.441498
-3958.074330
-3843.884505
-3665.232682
-3647.633533
-3645.177838
-3556.977453
-3315.296120
-2922.794176
-2425.311264
-1966.914833
-1655.450829
-1479.050060
-1219.769578
-760.554582
-98.540094
561.018700
961.297012
1141.381324
1155.910854
1217.303233
1403.526783
1715.400069
2017.041292
2048.760688
1806.670073
1384.495146
1047.860266
892.537547
786.942655
607.472267
350.852122
47.983051
-317.506246
-626.309913
-806.394225
-870.037658
-982.794995
-1215.881394
-1402.718868
-1531.233582
-1553.130197
-1516.908694
-1402.923510
-1245.145095
-1052.168383
-781.837274
-344.314252
107.942942
484.482867
762.181062
996.086027
1206.866528
1554.756677
2103.604547
2744.950268
3300.960582
3762.221990
4203.428555
4593.474804
4877.107596
4977.791098
4857.052752
4330.306139
3743.394994
3575.998440
3755.468829
3682.411897
3051.298240
2051.830307
928.554410
-169.755254
-826.449069
-895.413175
-857.759183
-1447.330664
-2566.923018
-3544.903618
-4069.194536
-4130.382274
-3997.570094
-3740.131384
-3726.011137
-3954.186146
-4169.468756
-4042.181890
-3619.597680
-3135.211808
-2652.872349
-2233.562400
-1735.670205
-1129.522781
-467.303651
195.529402
730.257025
1133.400315
1492.750374
1970.587725
2530.076941
3124.355171
3466.106082
3366.036504
3032.471243
2751.498788
2847.475541
3078.106245
3225.243314
3081.994429
2553.610686
1789.480207
1007.545937
465.246588
245.257230
64.763635
-331.012569
-904.622032
-1541.056363
-2109.754435
-2588.819634
-2990.530435
-3298.310895
-3534.057631
-3705.956293
-3784.333897
-3704.523804
-3607.933128
-3644.973196
-3736.857124
-3666.255888
-3324.709619
-2788.958790
-2119.577216
-1549.651296
-1212.197852
-1010.626207
-933.271809
-655.164331
-99.767941
580.459620
1118.256861
1431.971919
1566.421229
1601.619526
1629.860021
1772.085699
2003.534969
2091.121430
1933.343015
1548.822080
1147.929845
818.457410
608.904755
426.978672
207.398596
-34.282737
-383.400733
-709.598908
-1034.159952
-1247.600790
-1394.123935
-1515.476205
-1581.779974
-1590.374907
-1568.069010
-1542.284210
-1487.440352
-1420.318017
-1236.345521
-1021.676835
-673.582045
-242.402902
183.250927
591.919531
1010.820198
1474.332660
1833.887361
2135.528584
2404.017922
2681.716117
3018.555637
3422.722134
3896.262018
4364.481230
4745.523263
4855.210981
4783.381897
4617.213191
4096.810457
3519.312810
3282.133585
3331.042847
3202.323492
2585.739364
1697.800921
781.621982
-122.278480
-786.544023
-946.164209
-1040.094549
-1544.944547
-2454.779606
-3308.747600
-3835.289572
-4065.715635
-4039.316912
-3808.481566
-3727.648267
-3878.264237
-3983.040564
-3777.376094
-3360.726481
-2943.667585
-2541.547502
-2097.271318
-1601.630177
-1010.626207
-353.932391
282.092657
785.510166
1188.858097
1585.452867
1998.214296
2571.005193
3170.604097
3511.741083
3442.981619
3096.114676
2727.760402
2721.621164
2879.194937
2972.715994
2829.876392
2426.323820
1787.433794
1072.007936
530.117869
273.497724
74.586416
-390.563177
-1006.533381
-1637.851680
-2155.594078
-2548.300663
-2777.294238
-2993.600054
-3285.418496
-3558.614583
-3745.247416
-3753.023784
-3692.654611
-3480.441620
-3279.483899
-3149.741338
-2914.199243
-2566.923018
-2118.963292
-1685.328454
-1312.676712
-930.611473
-597.660136
-300.930304
60.056886
510.676949
900.723198
1082.035358
1193.769488
1322.693484
1447.524655
1512.805218
1541.864277
1522.627999
1347.864359
1134.014239
1035.172508
939.195755
772.208484
485.096791
153.987226
-178.350187
-450.318426
-638.793030
-787.567229
-925.290800
-1101.691569
-1249.851844
-1326.183036
-1379.594405
-1369.566984
-1262.948885
-1136.480584
-969.697954
-820.309831
-697.934356
-415.120129
-71.118164
268.995616
530.731793
776.301309
1116.619731
1479.448692
1864.992833
2187.098182
2446.583305
2734.104281
3047.000773
3437.251663
3843.259931
4200.768219
4395.791343
4433.240695
4423.213273
4334.398964
4150.426468
3795.578516
3332.475336
3025.513440
2876.943883
2650.201363
2099.102439
1355.436086
616.681124
-160.341755
-824.607298
-1100.873004
-1277.887697
-1784.988749
-2568.355507
-3245.718091
-3609.774899
-3813.802239
-3780.241072
-3573.962678
-3512.365657
-3625.941559
-3639.243241
-3346.606234
-2937.732989
-2428.994807
-1952.794586
-1529.596452
-1123.178902
-746.638976
-239.947207
319.542008
883.533332
1310.619649
1649.914865
1942.756513
2249.718409
2585.944006
2781.376413
2737.173900
2518.617030
2406.882900
2414.045344
2496.720415
2401.971509
2166.838697
1736.682761
1205.024757
654.744399
212.719269
-127.394512
-582.721324
-1103.533341
-1694.741952
-2169.509684
-2479.950481
-2704.032665
-2916.041015
-3098.785663
-3317.342533
-3574.985884
-3851.865514
-3845.930918
-3551.861421
-3270.684325
-3154.652728
-3101.650641
-2965.768842
-2697.074862
-2265.895719
-1709.680764
-1013.081902
-505.776209
-253.658172
-19.753207
281.274092
603.584083
905.634588
1175.965698
1409.666021
1572.355826
1629.246097
1654.212331
1657.486592
1556.393807
1445.682883
1301.001510
1101.271636
907.476359
653.721192
380.729746
122.063189
-138.854423
-304.818488
-392.404949
-470.782553
-490.223473
-649.229735
-948.824545
-1233.071261
-1396.579630
-1377.343352
-1226.113458
-996.710601
-789.409000
-612.189666
-521.124304
-364.983019
-104.679332
265.516715
661.906843
950.451025
1147.929845
1324.330614
1497.252482
1710.284038
1965.880976
2282.256370
2690.515692
3126.401584
3511.741083
3710.038468
3761.198784
3829.753607
3926.344284
3907.108005
3804.378091
3489.025903
2940.382675
2609.273110
2544.401829
2490.376535
2098.693156
1430.130147
672.957471
-156.248930
-923.039746
-1361.585974
-1516.908694
-1817.935993
-2382.336598
-2879.205587
-3193.739210
-3341.899485
-3381.190607
-3312.840425
-3249.606275
-3282.553518
-3279.279258
-3047.216065
-2657.579098
-2238.269149
-1847.608976
-1442.009991
-965.195846
-509.869034
-52.495809
413.881631
853.246425
1160.003679
1378.355908
1576.039369
1821.199603
2136.347149
2426.119179
2519.026312
2386.828056
2178.093967
2037.505419
1977.545528
1870.518147
1674.676458
1396.773621
1074.054348
658.632583
205.966107
-206.181398
-626.309913
-1085.729551
-1487.235710
-1805.248234
-2053.273446
-2186.290268
-2400.345030
-2664.127619
-2893.530476
-3049.467119
-3079.140102
-2977.024111
-2754.988340
-2548.505305
-2452.323911
-2464.602386
-2368.420992
-2059.208043
-1676.119597
-1261.721037
-831.360460
-388.107482
-144.175096
0.096995
260.809966
548.535583
845.879339
1060.548025
1184.765272
1283.197720
1385.722993
1501.140666
1517.921250
1436.474027
1303.047923
1103.727332
907.681001
705.495432
523.773990
333.252973
87.888098
-204.339627
-470.168629
-683.200185
-857.554541
-1023.927889
-1178.022761
-1282.389805
-1355.446736
-1448.967794
-1432.187210
-1298.147182
-1127.067086
-990.776004
-864.716986
-732.518729
-545.681255
-248.542140
105.691888
494.101006
822.754876
1141.585965
1422.763062
1728.497110
2023.794454
2251.969463
2426.119179
2538.057950
2737.992465
2960.437519
3270.673675
3563.106041
3860.245156
4030.915970
4122.390615
4172.937007
4070.411734
3792.918180
3304.848766
2750.270941
2469.503127
2409.543236
2205.925179
1767.992874
1031.079683
145.801575
-776.311960
-1416.225192
-1605.313720
-1677.961368
-2002.113130
-2496.935706
-2913.380678
-3186.576765
-3292.580940
-3225.049323
-3010.789920
-2940.802608
-2994.213977
-3005.673888
-2811.469329
-2445.366108
-2006.819879
-1557.427664
-1182.524868
-775.084112
-332.854341
154.805791
603.584083
1001.611341
1321.670278
1565.193382
1851.691151
2231.914619
2624.621205
2774.009327
2587.376495
2188.326030
1857.830389
1742.617357
1726.450697
1706.805136
1564.988740
1172.077514
667.432157
122.677113
-291.107523
-581.288835
-940.434253
-1361.381333
-1786.011956
-2185.062420
-2455.393530
-2618.697258
-2776.884955
-2880.842717
-2998.511444
-3035.551513
-2910.515700
-2743.323788
-2567.332301
-2392.773303
-2232.129911
-2023.600463
-1694.741952
-1276.250567
-832.383666
-499.227688
-267.983060
-63.137155
195.120120
514.360492
877.803376
1261.505746
1478.220844
1571.537261
1650.733430
1711.511885
1712.125809
1600.596320
1383.471939
1140.767400
920.368759
726.368841
547.512376
379.706540
131.681328
-173.848079
-484.493517
-744.387922
-1023.313965
-1184.775922
-1271.543818
-1373.659809
-1476.389723
-1578.301073
-1518.341182
-1409.676671
-1306.537474
-1199.510093
-1046.029145
-916.286584
-755.847833
-482.037822
-113.683547
307.263533
685.645229
1044.176724
1306.936107
1595.684930
1937.026558
2264.657221
2546.857524
2721.825805
2869.372156
2985.199111
3169.785531
3435.819175
3741.143940
4015.567875
4112.772475
4055.268280
3934.325293
3726.819052
3453.009041
3013.030323
2392.148729
1881.364134
1644.389551
1485.792571
1047.450984
391.985016
-281.898666
-1033.955311
-1679.393857
-1995.564610
-2089.904232
-2342.226911
-2828.249912
-3224.844682
-3516.458483
-3576.418373
-3415.774981
-3105.538825
-2876.135968
-2866.313187
-2808.808992
-2563.239476
-2136.562441
-1613.499370
-1112.332915
-737.839402
-430.263582
-61.090742
440.280354
988.718941
1462.054185
1834.501285
2072.499075
2174.410424
2297.604465
2499.176110
2653.884905
2525.779474
2176.047554
1766.560385
1522.423357
1305.094335
1098.611300
793.286534
378.069410
-91.377649
-571.261413
-924.472235
-1257.014288
-1636.623833
-2053.682729
-2452.528552
-2745.370201
-2809.218275
-2801.646548
-2792.028409
-2885.140184
-3041.076827
-3156.289858
-3109.017726
-2805.534732
-2322.990632
-1890.583641
-1678.370651
-1550.674502
-1365.269517
-1086.343474
-647.797246
-151.951464
313.198129
654.130475
834.010146
924.870867
1077.123967
1266.007854
1385.109069
1413.554205
1349.706131
1272.761015
1168.393971
1057.683047
930.396181
757.065031
520.090447
249.759337
23.016817
-181.624447
-379.717190
-643.090497
-984.636766
-1359.948844
-1578.914996
-1674.482467
-1684.100606
-1610.225110
-1583.007822
-1574.412889
-1553.130197
-1459.404498
-1282.185164
-1081.841367
-856.326694
-562.871121
-150.314333
288.845819
715.522854
1085.718900
1413.758846
1712.330450
1965.880976
2234.779597
2554.633892
2840.517738
3027.969136
3164.669500
3182.882572
3167.534478
3222.173695
3249.186342
3259.623046
3257.167351
3157.097773
2985.199111
2825.169643
2704.431297
2563.638108
2339.555924
1815.060365
1130.944620
638.987021
399.352101
242.596893
-38.989486
-454.001969
-1021.676835
-1701.495114
-2204.707981
-2305.186842
-2316.442111
-2435.747968
-2685.819593
-2835.616998
-2868.768883
-2811.469329
-2535.203623
-2175.034998
-1909.001355
-1774.142762
-1580.961409
-1186.413052
-757.075681
-315.050551
121.653906
378.887975
532.982847
674.185319
1010.206274
1404.549989
1723.585720
1844.733348
1803.805095
1662.807264
1571.946543
1594.252441
1605.507711
1399.843240
955.362415
521.318295
138.639131
-78.894532
-276.577993
-463.620108
-706.120006
-1078.362465
-1487.440352
-1781.100565
-1947.473913
-2194.066636
-2459.486355
-2732.273160
-2845.644420
-2721.631814
-2492.024316
-2237.450584
-2050.203827
-2029.125777
-2040.176405
-1955.454922
-1696.379082
-1254.149311
-805.166378
-462.187620
-288.447187
-192.675075
-68.253187
185.706622
439.052506
656.586170
848.948958
841.991155
751.948999
736.805545
731.484873
684.826664
597.854127
472.409032
341.029341
202.077923
68.447178
-91.786932
-268.596984
-518.668608
-762.396354
-928.769701
-1040.299190
-1122.155696
-1192.347649
-1252.307539
-1402.309586
-1488.668199
-1462.883400
-1304.695703
-1157.763275
-970.925802
-832.792948
-709.803549
-564.098969
-365.801584
-46.765854
351.875328
779.780211
1092.062779
1342.952969
1529.585802
1738.933815
1940.505459
2082.117214
2197.739528
2272.024307
2373.526374
2470.117050
2564.456673
2640.992506
2596.994634
2472.777387
2367.182495
2250.536974
2221.682556
2296.785900
2381.916666
2442.695121
2432.872340
2321.956775
2087.642528
1831.840948
1383.676580
791.444763
363.949163
257.331064
204.328977
-0.926211
-258.364921
-619.761393
-1138.526997
-1581.779974
-1647.469820
-1517.113335
-1456.334879
-1555.790534
-1659.339013
-1740.172312
-1753.678636
-1669.366435
-1438.121807
-1136.071301
-971.949008
-865.126268
-663.963906
-438.039950
-203.930345
-75.415631
-8.497938
105.487246
257.740347
538.917443
866.957389
1074.054348
1104.136614
987.900376
753.995412
594.375226
553.651614
643.284488
600.923746
311.765640
-15.455741
-278.215123
-448.476655
-593.771952
-690.567270
-765.261331
-940.843536
-1268.678840
-1582.393898
-1711.317894
-1790.514063
-1866.435972
-1878.919089
-1807.703929
-1718.889621
-1612.885446
-1501.355957
-1393.305370
-1268.883482
-1269.088123
-1226.727381
-1017.788651
-728.630545
-367.643356
-146.630791
-66.820698
-76.029555
-118.594938
-38.784845
127.793144
321.997704
390.552527
332.434408
162.786800
104.054758
216.402811
289.869025
178.134895
18.923992
-162.592809
-302.567434
-353.523108
-389.744612
-406.729837
-552.639058
-765.056690
-953.940577
-1048.484841
-1077.339259
-1102.510134
-1152.237961
-1127.681010
-1087.366681
-935.318222
-734.360501
-529.923878
-306.864900
-157.681419
23.426100
234.001960
484.073585
752.562923
924.870867
1012.048045
1109.457287
1271.737809
1442.408623
1623.720783
1780.066709
1847.189043
1818.334625
1742.617357
1748.142671
1872.769201
1998.623578
1966.904182
1810.353616
1539.408582
1389.815818
1434.427614
1541.454995
1678.769283
1672.220763
1642.547779
1665.262960
1684.703880
1698.824127
1511.577370
1069.552240
570.022915
370.702324
523.160066
731.280231
749.084021
425.341542
-148.881845
-800.868911
-1207.286461
-1137.913073
-886.818242
-773.856264
-993.845623
-1376.729428
-1604.085872
-1546.581677
-1331.094426
-1166.972132
-1160.628253
-1309.607093
-1419.908734
-1259.265342
-798.003934
-351.885978
-115.934601
-152.156105
-208.637094
-169.959895
52.894442
404.468133
644.716977
697.719064
565.930090
364.563086
344.712884
502.082016
654.539757
654.539757
407.947034
124.109601
-61.090742
-100.177224
-107.748951
-108.362874
-175.689850
-343.700328
-520.715021
-688.725499
-754.619986
-891.729632
-1129.932064
-1299.170389
-1330.275861
-1218.746372
-993.640982
-788.999718
-692.409041
-767.512385
-931.839320
-1083.683138
-1084.297062
-906.668445
-747.048259
-634.495564
-605.845787
-643.090497
-670.103144
-586.404867
-398.953469
-238.310077
-212.320636
-270.234114
-377.670778
-463.210826
-428.421811
-336.742525
-292.540012
-324.259408
-425.352192
-564.712893
-626.309913
-625.082066
-566.963947
-533.607421
-583.335248
-723.923796
-810.487051
-786.339382
-625.286707
-455.434458
-365.596943
-303.999923
-308.502030
-328.352233
-314.845910
-191.856510
-4.609754
127.179220
180.795231
177.520971
205.352183
350.852122
497.784549
602.151594
679.301350
711.634670
713.067159
739.670523
821.731670
891.718982
879.849789
807.406781
684.008099
624.252850
732.712720
834.624070
915.662010
865.320259
724.322428
549.763430
414.904837
423.499770
497.784549
525.615761
510.881590
481.003966
496.761343
597.240203
768.115659
937.353984
1048.883473
1128.898207
1156.320136
1158.980473
1194.997335
1199.090160
1101.066995
942.470016
830.735886
828.075549
984.626116
1111.094417
1183.742066
1053.794863
774.664179
471.181185
268.995616
188.366958
132.499893
60.056886
-95.265833
-289.265752
-506.594774
-648.820452
-686.269804
-732.928012
-863.079855
-1092.482712
-1258.446777
-1288.529043
-1318.202026
-1226.113458
-1184.161998
-1222.839197
-1280.752675
-1280.752675
-1179.455249
-1040.503831
-880.269722
-753.392138
-660.689646
-561.643274
-419.417595
-374.396517
-290.288958
-254.272095
-210.478865
-87.694107
23.835382
198.803663
352.079969
427.183313
478.548270
480.185401
476.297217
508.016612
536.461748
539.940650
504.128428
421.862640
395.054635
453.377395
456.447014
381.139029
225.816310
107.533659
-53.314374
-225.417677
-388.516765
-532.379573
-577.605292
-684.632673
-738.657967
-792.478619
-837.499698
-877.814026
-939.206406
-950.257034
-952.303447
-931.020755
-865.330909
-816.217006
-765.670614
-698.752921
-658.233950
-571.056772
-432.923919
-251.816400
-24.459956
165.856419
265.107432
248.531490
206.784672
187.753034
127.793144
111.831126
181.613797
330.592637
504.537711
554.879462
553.037690
508.016612
443.145332
354.126382
317.700237
328.341583
353.103176
373.567302
326.295170
305.831044
253.238239
249.350055
222.746691
249.759337
275.134854
308.491380
353.103176
367.428064
386.664343
371.316248
384.004006
435.982888
493.487083
535.643183
495.738137
448.056722
451.944906
434.550399
438.438583
468.520848
511.290873
568.181144
609.927962
702.221172
747.651532
703.858302
658.837224
589.873118
567.771861
544.238116
562.246547
559.586211
471.999750
400.170666
312.584205
202.487205
73.358568
-7.270090
-98.949376
-239.742566
-310.343802
-312.594856
-257.341714
-275.350146
-381.968244
-493.293092
-582.925965
-655.573614
-662.122134
-658.233950
-691.795118
-738.044043
-726.379491
-642.271932
-505.366926
-380.126473
-254.681378
-165.662428
-94.651910
-101.200430
-110.613928
-37.966280
86.660250
245.871153
418.588380
473.022956
468.930131
485.506073
490.212822
486.529280
411.835218
418.997663
437.620018
486.938562
505.151635
429.434367
299.691806
195.938685
48.596975
-101.405071
-193.084358
-255.090661
-326.101179
-454.820534
-521.533586
-557.345807
-593.567311
-621.398523
-698.138997
-805.780302
-901.347772
-966.014411
-869.423735
-785.520816
-669.898502
-587.428073
-524.193923
-458.094794
-442.746700
-363.755172
-228.078014
-119.208861
-49.630832
49.006258
132.499893
253.852163
390.347886
489.803540
529.913228
493.896365
431.685421
425.750824
458.493427
543.419551
604.811930
538.712802
437.824659
339.392211
271.860594
243.620099
234.615884
145.596934
52.894442
-70.708882
-115.729960
-87.898748
-58.430406
-49.835473
-128.417718
-280.261536
-412.664434
-439.267798
-369.689768
-209.046376
-88.103389
-42.877670
-49.835473
-83.601281
-101.609713
-17.911436
77.451393
158.080051
274.520930
394.236070
473.227598
471.385826
488.780334
517.430111
561.837265
599.695899
666.204309
768.524941
754.200053
719.206397
704.267584
682.370969
612.588298
493.282441
329.774072
166.879626
29.974620
-36.124508
-68.457828
-70.913523
-83.805923
-159.932473
-289.061110
-405.501989
-410.822662
-392.404949
-332.649700
-354.341674
-405.092707
-503.320514
-550.592646
-527.877465
-443.769906
-383.810016
-369.689768
-410.413380
-507.208698
-546.909103
-548.546233
-479.786768
-415.120129
-304.204564
-129.031642
46.550562
161.149670
237.071579
263.674943
280.250886
324.248757
316.063107
291.301514
320.769856
370.702324
329.774072
276.158060
198.394380
166.879626
120.630700
70.493590
77.451393
32.225674
-1.744776
-49.016908
-140.900835
-208.227811
-287.219339
-319.552659
-333.263623
-386.061069
-425.556833
-439.063157
-509.459752
-675.219175
-808.849921
-838.113621
-742.546151
-535.449192
-368.461921
-303.181358
-353.523108
-422.077932
-397.316339
-300.521021
-167.708841
-67.229980
-38.784845
-98.130811
-135.784804
-116.343884
-0.107646
215.584246
343.485036
377.046204
297.440752
230.113776
224.793103
183.046285
137.615925
90.753075
56.373343
16.672938
-30.599194
-66.616057
-177.531622
-309.115954
-411.845869
-441.109569
-359.048423
-268.596984
-196.153977
-196.358618
-242.198261
-181.829088
-108.567516
-34.282737
10.738341
-73.983142
-155.225724
-142.537965
2.143408
151.122248
259.582118
299.077882
336.731875
459.925915
592.124172
779.575570
871.664138
832.168374
768.320300
716.136778
745.195837
756.860389
754.200053
698.332988
594.784508
522.341501
516.202263
530.527151
557.335157
538.508161
412.653783
247.508284
88.706663
12.784754
-12.590763
19.537916
-9.521144
-98.949376
-195.744694
-261.229898
-246.291086
-264.913441
-283.126514
-351.067413
-370.712975
-363.959813
-364.778378
-318.120170
-243.835391
-184.284783
-152.974670
-92.400856
-36.943073
-66.616057
-50.040114
-5.428319
48.392334
121.858547
125.951373
149.485118
174.451352
194.506196
249.554696
308.286739
272.269876
182.023079
67.833254
-37.352356
-61.090742
-30.394553
10.738341
24.858588
-77.052761
-245.472521
-380.331114
-430.672865
-417.985107
-402.227729
-341.449274
-358.843781
-499.023047
-613.008231
-703.868952
-708.780343
-700.185409
-640.020878
-593.362670
-575.968162
-530.128519
-514.371142
-490.632755
-474.261454
-440.495646
-401.613805
-342.472480
-278.624406
-228.282655
-176.303774
-179.578034
-193.698281
-181.624447
-122.483122
-38.580203
13.194036
12.170830
-23.027467
12.170830
80.111730
221.109560
379.911181
445.396386
412.449142
345.736090
257.126423
238.299427
247.917566
274.725572
255.693934
210.058932
169.335321
119.402852
157.466127
159.512540
87.069533
-23.232109
-108.362874
-59.453612
53.099083
196.143326
315.039901
328.955507
329.978713
262.037813
197.575815
158.898616
194.096914
272.269876
367.632705
546.693811
727.187406
851.609294
872.278062
843.832926
791.035480
825.005930
995.062820
1155.092289
1311.642856
1457.347435
1497.457123
1487.020419
1406.596402
1220.372852
1036.604997
825.005930
680.938480
586.189575
461.358404
374.590508
321.793062
187.139111
44.913432
-168.936688
-403.864859
-640.634802
-859.805595
-961.921586
-976.451116
-919.356203
-908.510216
-961.512303
-1059.535469
-1178.227402
-1197.463681
-1208.718950
-1105.170471
-954.759142
-793.501826
-591.725540
-408.366967
-209.660300
-105.702538
-37.761638
24.244665
119.402852
206.784672
287.617971
399.966025
564.497601
722.685298
854.064990
843.832926
764.022833
634.280272
455.833090
292.938644
255.693934
271.042029
289.255101
281.069451
167.493549
1.120202
-221.938776
-475.284660
-666.828883
-761.987071
-856.326694
-887.636807
-847.731761
-838.932186
-818.058777
-840.364675
-885.590395
-914.035530
-874.130484
-825.221222
-813.965952
-782.451198
-710.826755
-589.679127
-491.246679
-444.997753
-429.649659
-428.012529
-483.674952
-466.689727
-349.225642
-182.033729
19.537916
126.360655
187.957676
220.495637
216.402811
267.563127
303.579990
274.520930
260.196042
224.588462
215.379605
265.925997
302.352142
336.117951
301.738218
202.487205
64.149711
-75.620272
-146.426149
-156.044289
-87.694107
12.989395
67.628613
87.888098
80.930295
32.430315
1.734126
53.099083
139.048414
236.457655
444.168538
654.130475
786.124090
909.318131
960.683088
1025.554369
1089.607084
1194.383411
1373.444517
1585.862149
1822.427450
2005.990664
2141.463181
2127.547575
1882.796623
1412.326357
949.837101
618.727536
488.984975
519.476523
604.607289
504.128428
139.662337
-395.065285
-781.018709
-947.392056
-1080.818160
-1272.157742
-1631.098519
-1976.532972
-2059.821967
-1810.978190
-1348.079651
-954.145218
-844.252859
-1062.605088
-1393.714653
-1599.379123
-1516.908694
-1210.151439
-812.738105
-386.265711
-29.166705
276.771984
537.689596
698.946912
790.421557
815.183149
723.094581
733.940568
762.181062
821.117746
969.891945
1101.885560
1170.440384
1149.157692
980.124008
622.001796
296.417546
60.261527
-44.310159
-72.959936
-76.234196
-83.805923
-214.571690
-472.828965
-746.229694
-912.807683
-1065.879348
-1151.419396
-1195.826551
-1204.012201
-1126.453162
-1063.423653
-986.683179
-909.942705
-842.615729
-733.951218
-707.757136
-651.480789
-589.065203
-553.048341
-490.018831
-406.525196
-265.732006
-152.565387
-56.793276
-80.327021
-96.698322
-74.187783
-12.181480
73.972492
127.997785
137.002001
99.143367
27.314284
7.259440
72.744644
71.516797
6.645516
-71.118164
-154.816441
-187.149761
-185.103348
-166.480993
-123.710969
-97.312246
-90.559084
-87.489465
-36.124508
32.021033
105.282605
207.398596
196.347968
123.495678
111.012561
125.951373
250.373261
450.512417
655.153681
816.206356
878.212659
893.151471
914.229521
944.721069
1090.221008
1345.204023
1619.627958
1871.336712
2144.942082
2331.779556
2443.104404
2540.922928
2484.441939
2312.133995
1865.197474
1277.672406
720.434244
326.295170
169.335321
121.244624
101.394421
-123.301687
-525.217129
-1010.830848
-1429.322233
-1663.841121
-1853.952855
-2091.541362
-2336.701597
-2478.108710
-2392.364020
-1990.448578
-1482.528961
-1087.775963
-942.071383
-1064.856142
-1272.157742
-1339.075435
-1157.353993
-825.221222
-317.096963
219.267789
734.759133
1175.351774
1476.379073
1687.978140
1783.545610
1726.041415
1557.212372
1308.368595
1047.246343
955.771698
880.872995
919.959477
995.676744
939.605038
718.387832
338.573646
-100.381865
-491.246679
-765.875255
-980.339300
-1076.111411
-1157.558634
-1247.600790
-1343.372902
-1397.807478
-1397.807478
-1294.258998
-1182.729510
-1140.573409
-1125.429956
-1114.583969
-1053.396231
-915.263378
-752.368932
-496.158069
-224.599112
-79.508456
-1.335493
30.383903
39.797401
44.094867
109.989354
156.647562
179.567384
157.670769
75.609622
93.618053
196.347968
240.141198
208.626443
69.061101
-84.829129
-304.613846
-461.982978
-547.113744
-572.898543
-559.596861
-551.411211
-504.957644
-483.470311
-431.286789
-403.660218
-400.385958
-433.333201
-432.514636
-401.613805
-347.997794
-182.647653
3.575897
151.940813
236.662297
251.396468
266.130639
308.696021
428.206519
522.955425
649.423726
758.497519
873.301268
975.621900
1049.497397
1122.758969
1143.632378
1157.138701
1140.358118
1172.896079
1217.917157
1291.997294
1449.366426
1721.130025
1970.178443
2223.524327
2463.363889
2665.754099
2780.353206
2630.760442
2158.243764
1512.805218
821.731670
301.124295
30.588544
-62.523231
-174.666644
-401.613805
-768.944874
-1095.552331
-1269.497406
-1326.183036
-1470.659768
-1843.516151
-2281.448455
-2628.724680
-2649.393448
-2294.340855
-1681.235628
-1143.438387
-819.491266
-745.206488
-741.932227
-646.569398
-455.843740
-219.892363
-13.204687
203.101129
503.309863
972.142999
1467.170216
1910.832476
2207.357668
2293.716281
2135.119301
1811.786104
1457.756718
1159.594397
844.446850
581.278185
396.691765
216.812094
89.115945
-52.905092
-212.115995
-414.096923
-688.520857
-957.214837
-1271.134536
-1601.834818
-1924.554091
-2161.528675
-2218.214305
-2116.302955
-1868.277744
-1566.431879
-1308.788528
-1075.292846
-884.771829
-802.301400
-779.586220
-718.603123
-623.240294
-500.250895
-298.065326
-97.107605
240.959763
588.645270
849.767523
981.965780
930.191540
751.744358
567.567220
397.510330
242.392252
185.911263
137.615925
78.474600
31.611750
-62.318590
-186.126555
-272.485168
-352.499902
-475.284660
-693.841530
-953.531294
-1126.248521
-1239.005857
-1289.961532
-1239.415140
-1041.117755
-846.299272
-728.630545
-620.784599
-577.605292
-541.179147
-512.529370
-517.440761
-463.006185
-344.314252
-130.054848
156.442921
445.396386
662.520767
856.929967
1052.567016
1155.296930
1174.123926
1157.752625
1073.440424
1064.026926
1128.488924
1201.341214
1330.879134
1455.301023
1624.334707
1852.305075
2074.545487
2230.891413
2282.665653
2313.361842
2343.853391
2406.678259
2546.448242
2616.026271
2486.897634
2061.653088
1480.676540
915.252727
443.759256
57.191908
-277.396558
-687.702292
-1063.219012
-1351.763194
-1497.467773
-1536.758896
-1725.847424
-2104.433762
-2551.165641
-2829.273119
-2815.562154
-2510.442030
-2050.817751
-1592.216679
-1259.879266
-991.594569
-635.518770
-229.305861
203.715053
525.615761
658.837224
690.556620
729.847742
923.643019
1211.982560
1589.545692
1974.066627
2197.125604
2201.423071
2023.794454
1722.767155
1390.020460
1025.963651
599.491257
162.991442
-247.314293
-580.879553
-819.491266
-986.683179
-1060.354034
-1141.187333
-1285.868707
-1491.328536
-1668.547870
-1873.803058
-2160.914751
-2401.163595
-2544.207838
-2431.041219
-2187.108833
-1791.946552
-1361.381333
-986.887820
-632.449151
-426.580040
-311.162367
-207.818529
-101.200430
-35.715226
19.947198
106.715094
288.436536
516.202263
765.864605
1007.750579
1101.271636
970.505869
723.299222
420.020869
71.721438
-186.331196
-409.594815
-567.782512
-710.417473
-815.603082
-851.006021
-843.025012
-769.763439
-788.590435
-876.176896
-1056.670491
-1232.252696
-1393.305370
-1475.161876
-1443.033197
-1393.919294
-1212.811775
-955.986989
-703.664311
-466.894369
-251.611759
-120.641350
-30.803835
14.012601
31.202468
132.499893
281.069451
489.189616
740.693729
980.328649
1157.957266
1298.955097
1436.883309
1508.303110
1509.940240
1456.119588
1378.560549
1343.771534
1261.096463
1203.387627
1232.037404
1339.269426
1542.478201
1763.286125
1960.764945
2115.883023
2200.195223
2312.133995
2457.020009
2576.735149
2539.490439
2209.404080
1589.341051
893.151471
293.961850
-163.616016
-517.440761
-857.759183
-1229.387718
-1561.520489
-1699.857983
-1701.904396
-1613.704011
-1706.406504
-1964.049855
-2257.505427
-2455.188888
-2447.412520
-2234.994888
-1835.739783
-1439.145013
-1062.605088
-783.883686
-439.881722
17.696144
406.719187
691.579826
791.649404
857.543891
974.803335
1217.098592
1557.621655
1880.750210
2075.159411
2162.336589
2224.342892
2198.762734
2046.100352
1713.762939
1225.693525
640.828793
40.411324
-471.805759
-866.968040
-1095.143049
-1275.432002
-1443.237839
-1581.779974
-1661.999350
-1662.408632
-1698.425495
-1817.731351
-2064.733357
-2276.946348
-2389.908325
-2335.269108
-2130.627844
-1796.244019
-1369.976266
-936.955352
-472.215042
-82.168793
267.563127
524.387914
682.166328
698.537629
570.432198
390.552527
273.497724
303.375349
471.590467
692.193750
768.320300
717.569267
581.278185
434.141116
291.301514
93.004129
-160.955679
-503.729796
-779.586220
-956.396272
-1046.233787
-968.674748
-848.141043
-802.710683
-804.552454
-825.630504
-849.982815
-852.643151
-786.748664
-775.902677
-822.970168
-868.195887
-881.497569
-685.860521
-351.681337
-56.179352
89.525228
166.674984
194.710837
194.915479
237.276220
366.200217
462.586252
570.841480
737.214828
861.841358
980.533291
1125.214664
1227.944579
1230.400274
1222.419265
1175.761056
1232.037404
1302.229357
1326.786309
1295.680837
1282.583796
1348.478283
1485.792571
1760.216506
2006.399946
2264.043298
2472.163463
2658.387013
2827.420697
2890.859489
2729.397532
2229.458924
1537.771452
846.697904
205.966107
-376.852213
-968.674748
-1505.244141
-1929.874764
-2123.874682
-2148.840916
-2001.294565
-1860.296734
-1896.722879
-2003.340978
-2177.899976
-2275.104576
-2197.750178
-1996.178534
-1729.530967
-1383.482589
-1076.316052
-619.352110
-7.270090
596.830921
1019.619772
1267.031060
1389.815818
1478.630127
1589.341051
1689.001346
1817.311419
1855.170052
1812.809311
1758.988658
1678.769283
1605.916993
1506.461339
1311.028932
878.008017
222.746691
-424.533627
-950.257034
-1419.704093
-1789.695498
-2090.313515
-2249.319777
-2223.534978
-2156.617284
-1990.448578
-1872.779851
-1781.305206
-1774.756686
-1801.973974
-1828.986621
-1759.613232
-1522.434008
-1237.982651
-915.468019
-601.548320
-228.282655
223.974538
654.539757
987.491094
1108.229439
1010.820198
832.577657
666.204309
556.311951
529.913228
544.238116
529.503945
430.252932
344.917525
316.881672
303.579990
254.261445
48.596975
-274.122298
-609.120047
-774.470188
-881.497569
-923.039746
-995.073471
-1100.054439
-1167.176774
-1156.740069
-998.143090
-823.174809
-634.495564
-637.974465
-753.596779
-826.449069
-802.301400
-675.423817
-521.942869
-445.816318
-431.491430
-388.516765
-275.350146
-36.124508
212.923910
370.906966
502.286657
572.069328
618.318254
686.463794
772.617767
900.723198
990.151430
1002.020623
1011.843404
1028.828629
1109.661928
1256.594356
1396.978263
1524.674411
1586.476073
1657.077309
1765.537179
1854.146846
1982.252277
2139.007485
2289.009532
2438.806937
2548.903937
2628.304747
2521.277366
2154.764863
1559.668067
907.476359
223.360614
-477.331073
-1214.244264
-1835.535141
-2279.811325
-2595.777437
-2706.488360
-2537.659318
-2230.083498
-2041.608894
-1980.830439
-1966.914833
-1924.758732
-1800.950768
-1532.052147
-1279.115545
-1075.088205
-861.442725
-572.079978
-147.858638
328.750865
808.634629
1179.035317
1469.216629
1663.830471
1826.929558
1927.203777
1942.142590
1898.554000
1726.246056
1499.912818
1273.170298
1076.510043
887.421516
619.750742
230.318417
-292.335371
-842.615729
-1313.290636
-1689.421279
-2027.284006
-2290.861953
-2437.180457
-2486.089719
-2414.874559
-2272.034957
-2058.798760
-1840.037249
-1700.267266
-1531.847506
-1358.720997
-1121.132489
-839.955393
-589.269844
-384.423939
-229.305861
-35.510584
241.778328
582.915315
897.858220
1143.018454
1207.071170
1143.427737
1006.113449
825.415213
686.668436
474.660086
200.031510
-87.080183
-306.660259
-451.955556
-467.917575
-465.666521
-524.807846
-552.229776
-568.191794
-562.257198
-566.759305
-594.590517
-737.020837
-873.721201
-985.864614
-1038.457419
-927.746495
-798.003934
-645.136909
-473.647530
-310.957726
-217.027385
-114.297471
-21.594978
21.584328
27.723566
-46.356571
-107.544309
-153.793235
-129.645566
-10.544350
185.706622
430.457573
636.531326
762.999627
831.554451
927.121921
1035.581791
1134.423521
1143.018454
1087.765313
1082.444640
1071.189371
1109.048004
1197.453030
1312.461421
1412.735640
1493.978222
1622.697577
1725.836774
1847.189043
1964.039205
2058.992751
2140.030692
2229.049642
2302.925138
2376.186710
2223.728969
1787.229153
1153.455159
551.605202
62.512581
-425.761475
-929.588266
-1421.955147
-1884.444403
-2313.577134
-2551.574924
-2500.823890
-2284.108792
-2086.629972
-1923.940167
-1822.233459
-1680.621705
-1446.102816
-1162.674666
-874.949049
-683.404826
-512.938653
-242.812185
161.968235
651.265497
1108.434081
1434.018331
1683.680673
1904.897880
2102.581340
2166.838697
2152.104526
2014.176314
1748.142671
1478.220844
1134.628162
795.128306
433.731834
81.134936
-288.242545
-719.830971
-1107.626166
-1401.081738
-1635.600627
-1898.564651
-2142.906320
-2308.256461
-2378.857697
-2287.383052
-2092.769210
-1825.303078
-1511.792662
-1246.782225
-1027.406790
-847.117837
-630.607380
-400.181317
-185.307990
-9.725785
120.426059
268.586334
497.784549
749.084021
965.389837
1103.522690
1083.263205
957.613469
789.193709
609.723321
347.782503
40.411324
-267.573778
-549.978722
-713.691733
-779.790861
-776.721242
-757.484963
-711.849961
-731.700164
-771.400569
-774.879471
-786.339382
-804.552454
-864.512344
-926.927930
-916.081943
-842.820370
-702.845746
-560.210785
-432.105354
-327.942950
-286.810056
-222.757341
-100.995789
34.272087
99.348008
85.841685
-3.791189
-37.556997
26.700360
162.991442
276.771984
330.387995
385.436495
474.455445
585.371010
745.809761
917.299140
1127.465718
1244.929804
1303.047923
1328.218798
1316.554246
1300.387586
1254.752584
1171.872872
1179.239958
1270.509962
1378.560549
1520.581586
1634.976053
1747.324106
1815.878930
1857.011824
1889.140502
1914.516019
1942.756513
2038.119342
2091.121430
1976.931604
1597.322060
1106.183027
676.845655
193.278349
-325.077973
-890.092502
-1405.788487
-1849.041465
-2109.345152
-2142.906320
-1955.045639
-1734.033074
-1580.552127
-1390.031110
-1152.442603
-950.666316
-754.415344
-563.075763
-510.482958
-485.107441
-405.501989
-250.997835
-9.316503
304.603196
550.786637
734.145209
906.862436
1112.526906
1320.442430
1489.476114
1442.613264
1234.288458
927.531203
600.514464
291.915438
25.881795
-144.789019
-359.866988
-646.160116
-987.092461
-1158.377199
-1275.432002
-1440.577502
-1616.364348
-1752.450788
-1705.383298
-1619.433967
-1453.265260
-1196.849757
-886.408960
-697.934356
-580.060988
-359.866988
-178.554828
22.198252
144.164445
232.364830
295.803622
349.828915
429.434367
521.727577
610.951168
622.820361
567.362579
435.573605
244.847947
75.814263
-75.415631
-254.681378
-425.352192
-617.305698
-788.795077
-843.843577
-835.044002
-830.746536
-801.482835
-750.322519
-725.151644
-665.805677
-566.759305
-452.978763
-355.774162
-357.411292
-398.134904
-456.253023
-490.428114
-449.909144
-405.706631
-342.472480
-278.829047
-230.329068
-193.698281
-129.850207
-19.343925
73.767850
139.048414
112.445049
52.894442
46.345921
34.067445
42.253096
45.118074
76.223546
132.295252
218.039942
357.809925
544.238116
601.537670
695.672651
758.702161
757.678954
877.598735
940.628244
986.263246
995.676744
1034.967867
1108.638722
1240.223055
1412.530999
1515.670196
1599.982396
1660.965493
1693.094171
1722.357872
1800.530835
1869.290300
1907.967498
1900.395772
1897.940077
1840.845164
1608.986612
1314.712475
928.963692
447.647440
-149.905051
-686.065162
-1114.174686
-1499.104904
-1806.066799
-1916.163799
-1829.600545
-1696.993006
-1496.649208
-1309.197811
-1148.759060
-1039.071342
-963.354075
-853.666357
-760.759224
-685.860521
-583.744530
-448.885937
-268.801625
-47.175136
227.248798
480.185401
693.421597
851.813936
999.360287
1076.714685
1070.984729
1010.615556
835.033352
626.503904
408.560958
223.155973
122.881754
38.978836
-111.432493
-298.474608
-471.601118
-588.655921
-689.134781
-743.569357
-748.071465
-758.917452
-771.605211
-802.301400
-751.345725
-635.928053
-536.267757
-461.573696
-316.483040
-220.915569
-151.951464
-147.449356
-181.215164
-207.409246
-252.225683
-288.651828
-276.168711
-239.537924
-228.078014
-220.915569
-263.480952
-342.881763
-441.518852
-548.955515
-700.594692
-846.094631
-1006.328740
-1066.083989
-1066.902554
-1024.951095
-885.795036
-772.628417
-685.041956
-564.508252
-455.843740
-318.120170
-208.841735
-152.360746
-143.970454
-152.770029
-186.740478
-180.805882
-148.267921
-163.820657
-177.122339
-260.002051
-242.812185
-240.356490
-254.272095
-223.575906
-233.603328
-229.101220
-262.048464
-272.894451
-256.932432
-249.565346
-198.609672
-140.696194
-36.738432
60.670810
149.689759
293.961850
412.653783
529.913228
605.221213
688.714848
818.662051
964.980555
1136.060651
1259.663975
1394.931850
1500.731383
1578.085781
1657.691233
1673.039328
1693.298813
1671.197556
1705.372647
1814.241800
1860.490725
1846.575119
1850.258662
1894.665816
1882.591982
1825.701710
1697.596279
1402.912859
979.919367
467.702283
-49.835473
-533.402779
-982.181071
-1367.520571
-1616.159707
-1661.590067
-1573.798965
-1416.634474
-1196.031192
-1045.619863
-963.967999
-933.885733
-916.695867
-939.001764
-967.651541
-900.733848
-861.033443
-767.103103
-639.611595
-474.056813
-239.947207
-30.394553
158.284692
286.390124
428.615802
534.824618
564.088319
595.603073
565.930090
468.725490
300.715012
219.267789
191.641218
165.651778
74.381774
-60.272177
-160.137114
-282.717231
-415.529411
-505.571568
-543.430201
-627.742402
-668.875296
-640.225519
-587.837356
-584.358454
-641.862649
-657.824668
-705.915365
-662.940699
-566.759305
-417.371183
-369.485127
-376.442930
-469.350064
-528.491389
-496.158069
-440.291004
-312.799497
-263.890235
-274.940863
-357.615934
-415.734053
-469.350064
-481.219257
-471.191835
-467.303651
-455.639099
-429.445017
-380.126473
-325.896538
-219.483081
-100.791148
46.959845
103.645475
77.860676
94.641259
127.793144
101.189780
-71.118164
-212.934560
-377.466136
-462.801543
-435.174973
-387.084276
-348.611718
-353.523108
-356.592727
-320.985148
-300.930304
-310.753084
-342.267839
-359.866988
-365.801584
-361.708759
-358.229858
-270.234114
-123.097045
40.206683
223.155973
380.729746
562.860471
775.073462
931.214746
1028.010064
1104.341255
1150.999463
1275.216711
1405.368554
1488.657549
1534.701833
1584.634302
1605.303069
1723.995002
1822.427450
1868.471735
1930.682679
1939.686894
1942.142590
1944.802926
2021.134117
2093.577125
2169.089751
2178.912532
2055.104567
1754.077268
1344.590099
846.493263
280.250886
-141.514759
-472.624324
-881.088287
-1241.256911
-1480.277907
-1683.895965
-1844.743998
-1863.366353
-1770.663861
-1645.628049
-1535.121766
-1495.421361
-1390.849675
-1309.402452
-1246.577584
-1208.309668
-1183.548075
-1071.609303
-941.866742
-707.757136
-486.130647
-270.029473
-18.730001
242.392252
517.225469
809.453194
992.402484
1011.024839
982.375062
898.472144
764.636757
650.446932
503.923787
333.048332
176.293124
-16.069664
-214.367049
-399.158110
-487.972419
-565.122175
-643.704421
-768.330950
-873.311919
-932.862526
-868.400528
-788.999718
-763.010277
-734.769783
-774.674830
-839.750751
-827.881558
-776.516601
-684.428032
-652.913278
-629.584173
-536.267757
-452.160198
-335.923960
-248.337499
-180.601241
-185.103348
-254.886019
-309.320595
-393.837437
-469.145423
-510.278317
-498.204482
-470.168629
-451.546274
-327.533668
-185.103348
-51.881886
75.200339
174.042070
184.683415
128.202427
103.440834
62.921863
-8.088655
-103.246843
-246.905010
-379.717190
-487.563136
-534.221344
-581.084194
-581.493476
-518.873250
-470.577911
-387.493558
-331.626493
-251.816400
-188.786891
-155.839648
-162.797451
-196.153977
-193.084358
-87.284824
40.820607
162.377518
296.826828
430.662215
616.681124
800.653620
968.664097
1087.969954
1105.159820
1102.499484
1143.632378
1222.828547
1259.459333
1294.452989
1283.197720
1295.271554
1364.644943
1428.288376
1464.714521
1517.511967
1548.003515
1519.353738
1573.174391
1587.908562
1622.083653
1626.381119
1624.334707
1593.229235
1464.100597
1231.014198
812.113531
341.438624
-53.109733
-435.993538
-895.003893
-1315.950972
-1619.024684
-1840.651173
-1904.703889
-1819.777764
-1645.218766
-1508.109119
-1527.345398
-1509.541608
-1310.425658
-1116.630381
-949.438469
-815.603082
-791.250772
-743.160075
-652.708636
-457.276229
-220.506287
-70.913523
-9.521144
70.698232
143.959804
284.752994
508.425895
702.630454
844.242209
809.862477
767.297094
669.887852
520.704371
371.316248
241.573687
79.088523
-203.111780
-463.620108
-585.381660
-633.676999
-710.212831
-827.062993
-877.814026
-851.006021
-814.170593
-817.649495
-785.930099
-743.978640
-818.672701
-913.421606
-892.957480
-837.499698
-718.193841
-577.196010
-467.508292
-412.459792
-399.772034
-328.966157
-262.867029
-159.318549
-122.892404
-150.314333
-247.518934
-375.215082
-442.132776
-485.926006
-543.430201
-603.799374
-618.124263
-518.259326
-426.375398
-316.278398
-178.145545
-104.679332
-107.135027
-177.122339
-210.069582
-185.512631
-164.843863
-191.447227
-223.166623
-327.738309
-464.029391
-568.601077
-614.031437
-567.373229
-490.018831
-460.550489
-426.989322
-344.314252
-251.611759
-174.871285
-113.478906
-96.698322
-49.835473
11.556906
47.983051
80.111730
146.824782
225.611668
351.670687
468.520848
618.113612
739.261241
808.429988
826.029136
831.349809
896.221090
959.250599
1062.799079
1138.720988
1219.349646
1242.678750
1276.649199
1348.478283
1429.516224
1546.980309
1665.672242
1748.551954
1795.005521
1854.146846
1854.556129
1808.511844
1728.497110
1604.689145
1482.722952
1314.712475
1012.661969
574.115741
215.788888
-119.004220
-535.653833
-933.271809
-1254.353952
-1457.562727
-1614.727218
-1666.501457
-1563.157619
-1501.765240
-1522.229366
-1474.343311
-1338.870794
-1127.681010
-893.571404
-655.368973
-505.571568
-440.904928
-426.580040
-359.662346
-260.820616
-169.141330
-59.862895
94.641259
301.124295
417.769815
557.335157
712.862518
830.531244
908.908848
947.995330
920.164118
776.710592
550.991278
316.063107
92.390205
-221.324852
-462.392261
-567.782512
-589.065203
-623.444936
-763.214919
-863.284497
-901.347772
-910.965911
-853.461716
-753.596779
-685.860521
-667.442807
-700.594692
-718.807764
-696.297225
-634.904846
-551.820493
-478.763562
-415.938694
-354.341674
-265.118082
-143.765813
-107.339668
-143.970454
-220.301646
-320.166582
-425.352192
-493.497733
-521.533586
-546.499820
-625.695989
-655.778255
-611.985025
-566.963947
-501.888025
-445.407036
-349.634924
-240.765772
-208.227811
-178.145545
-132.510543
-89.535878
-111.841776
-162.388168
-266.755213
-373.782594
-418.803672
-424.124345
-405.501989
-394.246720
-377.670778
-347.588512
-328.761516
-292.744653
-248.951423
-241.379696
-219.892363
-237.082229
-224.189830
-164.639222
-143.356530
-22.004261
139.048414
302.556783
478.138988
635.098837
843.219003
986.058605
1111.708341
1169.621818
1174.328568
1222.214623
1185.583837
1151.613387
1218.326439
1266.212495
1320.851712
1374.263082
1442.613264
1551.891699
1649.914865
1702.098387
1698.210203
1680.406413
1655.440179
1624.130066
1640.706008
1627.813608
1557.621655
1365.258867
1002.839188
565.520808
242.596893
-37.147715
-350.044207
-689.544064
-999.166296
-1272.157742
-1440.372861
-1438.326448
-1340.303283
-1281.161958
-1366.702006
-1411.109160
-1335.596534
-1172.292805
-926.927930
-620.375317
-431.696071
-373.577952
-329.580081
-265.732006
-107.135027
61.694016
202.487205
314.630618
373.771943
485.096791
609.109397
732.712720
738.033393
618.522895
488.780334
401.193873
285.980841
173.837429
108.761507
-8.702579
-195.130770
-356.797369
-406.934478
-406.525196
-470.987194
-566.963947
-569.215001
-572.898543
-566.145382
-521.533586
-467.099010
-435.584255
-521.738227
-673.172763
-660.485004
-529.719237
-414.096923
-341.244633
-345.951382
-359.457705
-376.647571
-389.335330
-402.227729
-443.769906
-473.852172
-527.672824
-543.430201
-585.586302
-611.371101
-650.252941
-681.563054
-713.487092
-716.965993
-648.615811
-584.972378
-492.883809
-426.580040
-290.902882
-107.339668
43.685585
182.841644
208.421802
148.461912
104.464040
5.417668
-111.637135
-208.841735
-325.487255
-350.044207
-317.506246
-291.312164
-276.168711
-316.073757
-320.166582
-298.679250
-286.400774
-248.951423
-212.320636
-228.078014
-195.949335
-245.881804
-308.297389
-336.128601
-297.246761
-186.740478
-72.755294
81.544219
289.459743
496.556702
729.438460
911.364543
1024.531162
1078.761097
1114.368677
1129.716772
1137.902423
1175.351774
1227.944579
1252.501530
1335.176601
1402.708218
1470.649118
1566.216588
1611.851590
1631.087868
1625.562554
1595.684930
1562.328404
1555.165960
1522.627999
1520.172303
1375.286289
1118.461503
774.050255
479.980759
166.470343
-194.721488
-611.166460
-953.940577
-1162.470025
-1381.026894
-1482.119679
-1407.016335
-1286.482630
-1240.233705
-1183.343433
-1052.373025
-891.934274
-785.520816
-697.729714
-643.909062
-610.552536
-543.225560
-394.860644
-177.940904
-28.962064
-20.162490
-30.394553
-2.358700
15.445090
98.120161
254.875369
367.837347
415.314120
429.229726
419.816228
326.499811
194.915479
115.310027
73.358568
-93.424062
-280.670819
-417.985107
-482.037822
-486.949213
-554.890112
-611.575742
-577.196010
-526.444976
-496.158069
-396.088491
-269.210908
-150.109692
-154.611800
-98.744735
-56.588635
-64.569644
-80.531662
-154.202517
-236.672947
-270.438755
-232.170839
-250.793194
-234.421893
-214.776332
-182.647653
-156.044289
-178.554828
-290.288958
-368.666562
-391.381742
-467.303651
-494.316298
-549.569439
-545.681255
-489.814190
-407.139120
-215.185614
-87.489465
-21.185696
-25.892445
-87.489465
-179.782675
-223.985188
-309.525237
-358.843781
-378.898625
-440.904928
-457.890153
-491.451320
-482.856387
-458.504077
-489.814190
-482.651746
-461.573696
-444.588471
-424.328986
-407.343761
-334.696112
-175.689850
-74.392425
31.816391
109.170789
260.400683
398.533536
507.198047
575.752871
661.702202
777.938439
875.961605
1003.657753
1096.360246
1188.448815
1193.155564
1131.967826
1069.552240
1048.269549
1085.718900
1120.712556
1190.085945
1335.995166
1395.955056
1398.410751
1380.402320
1326.990950
1285.039491
1217.712515
1077.123967
997.109233
910.750620
851.404653
821.731670
768.934224
562.860471
290.892231
102.826910
-60.476819
-291.721447
-603.185450
-858.577748
-1047.461634
-1169.223186
-1171.474240
-1033.136746
-905.645238
-852.643151
-846.299272
-833.611513
-763.624201
-621.603164
-507.617980
-449.090579
-469.554705
-493.293092
-384.628581
-209.455659
-51.677244
94.436618
196.143326
269.609540
325.067323
433.936475
605.221213
670.501776
627.322469
493.487083
440.280354
377.250845
271.451311
198.599021
103.645475
-55.565428
-284.968285
-413.482999
-404.274142
-389.335330
-465.257239
-543.430201
-573.103185
-580.879553
-546.295179
-449.909144
-319.757300
-266.755213
-246.291086
-283.740437
-315.459833
-383.196092
-398.339545
-409.185532
-404.274142
-333.877547
-324.259408
-312.390214
-353.932391
-350.658131
-336.333242
-358.434499
-415.120129
-473.442889
-477.126432
-468.531499
-538.928094
-511.710805
-395.679209
-291.926088
-234.421893
-125.143458
-23.641391
37.750988
55.350137
68.037895
168.312114
187.343752
181.204514
144.778369
66.605406
-15.251099
-114.911395
-184.694066
-252.021042
-287.833263
-260.820616
-198.200389
-165.662428
-113.683547
-102.223636
-107.953592
-161.978885
-207.409246
-131.078055
-0.721570
86.864891
204.124336
362.312033
472.409032
627.731752
778.347722
890.491135
1020.847620
1117.847579
1187.016326
1225.488884
1234.493099
1219.145004
1164.505787
1140.767400
1147.111279
1117.642937
1059.524819
1025.963651
1029.442553
1021.256902
976.440465
959.455240
981.147214
990.765354
953.929926
896.016449
865.524900
813.341378
770.162071
765.659964
774.050255
731.689514
588.440629
407.742393
212.105345
-9.521144
-261.434540
-427.193963
-555.708677
-664.782471
-733.132653
-722.695948
-635.723411
-610.347895
-591.725540
-573.103185
-464.847956
-393.632796
-342.267839
-260.002051
-249.974629
-303.385999
-329.170798
-271.257320
-255.499943
-277.191917
-228.487296
-178.350187
-159.523190
-98.540094
-1.335493
67.014689
60.056886
98.120161
150.303683
141.708750
84.409196
73.153927
39.183477
-24.869239
-124.938817
-184.898707
-197.381824
-198.405030
-233.603328
-273.099092
-232.580122
-203.316421
-182.033729
-182.443012
-192.265793
-195.130770
-208.432452
-237.082229
-246.905010
-284.559003
-287.219339
-369.689768
-485.107441
-523.170716
-483.470311
-366.620149
-335.719319
-298.679250
-319.143376
-352.704543
-414.710846
-435.174973
-441.314211
-411.641227
-414.710846
-441.109569
-439.267798
-423.919703
-386.470352
-342.677121
-261.229898
-216.208820
-174.257361
-155.021083
-179.578034
-281.489384
-373.987235
-445.407036
-469.759346
-471.805759
-485.926006
-513.143294
-519.896456
-525.421770
-526.649618
-477.740356
-463.415467
-393.018872
-311.776291
-198.609672
-79.917739
6.236233
52.485159
120.630700
226.634875
308.696021
435.982888
526.638967
650.037650
745.809761
872.687345
906.657794
926.712638
949.632460
929.372975
903.792817
805.974293
807.406781
803.518597
816.001715
851.200012
869.413084
893.151471
893.970036
902.769610
893.970036
886.398309
906.862436
880.054430
893.356112
938.991114
1010.410915
1003.453112
1023.507956
1053.180939
1024.940445
980.124008
827.666267
633.461707
441.508202
276.362702
80.930295
-152.360746
-344.109610
-537.904887
-709.803549
-799.641064
-808.031356
-767.307744
-751.550367
-693.636889
-630.607380
-573.307826
-554.071547
-533.198138
-519.487173
-549.364798
-567.782512
-505.980850
-416.961900
-366.006226
-291.312164
-233.603328
-166.276352
-101.609713
-28.348140
45.731997
132.704534
156.647562
180.590590
192.664425
158.693975
104.259399
25.881795
7.873364
-61.295384
-187.149761
-309.115954
-408.571608
-491.246679
-570.852131
-558.164372
-436.402820
-286.400774
-171.187742
-59.248971
-20.776413
-45.947289
-90.354443
-188.991532
-275.964069
-362.322683
-448.681296
-516.008272
-575.149597
-611.780383
-556.527242
-470.373270
-465.461880
-443.769906
-474.466095
-487.153854
-539.542017
-552.639058
-496.567352
-486.335289
-455.843740
-388.107482
-284.354361
-190.833304
-164.229939
-175.689850
-165.662428
-178.964110
-185.103348
-185.512631
-188.582250
-231.966198
-261.843822
-259.388127
-276.373352
-291.721447
-260.002051
-168.527406
-85.647694
-9.521144
18.923992
-16.069664
-94.242627
-140.900835
-111.023211
-84.215205
-50.040114
-37.761638
-36.943073
29.360696
135.569512
218.858507
291.915438
316.677031
367.223423
383.799365
455.833090
558.358363
620.773949
674.185319
695.468010
748.879380
748.674739
748.470097
761.771780
806.792858
857.339250
873.505910
883.124049
862.864564
843.219003
846.902545
859.385662
897.448938
984.626116
1124.805382
1200.727291
1213.210408
1180.058523
1133.195674
1107.615516
1072.417218
994.448897
817.434203
599.900540
372.134813
187.139111
39.592759
-122.073839
-262.867029
-436.402820
-579.447064
-647.797246
-644.113703
-583.539889
-503.934437
-462.596902
-462.187620
-439.267798
-389.744612
-349.634924
-284.354361
-182.443012
-158.090701
-114.297471
-89.535878
-43.082311
5.008386
16.468297
117.970363
195.120120
261.014607
307.058891
292.529362
257.740347
194.915479
155.419715
126.360655
67.423971
12.375471
-8.907220
-42.263746
-71.936729
-177.326980
-270.848038
-335.719319
-435.584255
-487.153854
-499.227688
-470.577911
-377.056854
-324.259408
-258.978845
-190.014739
-208.023170
-205.772116
-204.953551
-206.999964
-219.073798
-243.835391
-280.875460
-326.919744
-349.430283
-306.046335
-259.183486
-241.788978
-243.835391
-329.784722
-427.603246
-485.926006
-465.871162
-393.428155
-321.599071
-232.784763
-218.664516
-231.966198
-232.170839
-194.312205
-178.964110
-137.421934
-137.626575
-119.618144
-97.516887
-150.518975
-175.280568
-233.603328
-269.824832
-317.301605
-380.126473
-360.685553
-350.044207
-345.132817
-360.071629
-345.132817
-254.067454
-211.706713
-103.246843
11.556906
103.440834
142.936598
203.919694
305.626402
370.088401
449.284570
512.109438
534.415335
546.489170
559.790852
591.510248
613.816146
631.824577
646.763389
636.122044
648.605161
672.752830
740.693729
769.548148
840.558666
898.062861
958.841317
996.290668
1040.902464
1024.531162
939.400397
856.520685
755.018618
657.609376
566.953296
527.048250
456.037731
439.666430
406.923828
440.075713
438.643224
348.805709
276.976625
143.550521
-9.316503
-115.525319
-220.301646
-315.050551
-413.687640
-541.383789
-609.120047
-646.569398
-661.098928
-612.189666
-602.571527
-547.113744
-466.280445
-370.917616
-295.200348
-260.002051
-301.953510
-315.459833
-275.554787
-229.715144
-185.512631
-196.563259
-188.991532
-198.200389
-183.875501
-157.272136
-153.588594
-99.154017
-81.350228
-111.227852
-219.483081
-278.624406
-265.322724
-238.719359
-180.805882
-168.732047
-152.360746
-166.890276
-223.575906
-260.411333
-232.989404
-185.307990
-161.364962
-112.660341
-59.044330
-43.696235
-72.141371
-88.512672
-153.179311
-183.875501
-219.278439
-267.369136
-307.888107
-361.094835
-358.434499
-395.269926
-372.145463
-338.993579
-266.755213
-248.542140
-230.329068
-211.706713
-211.706713
-228.691938
-298.679250
-335.105395
-361.913400
-321.803713
-257.955638
-126.371306
-60.886101
-68.048545
-117.776372
-205.158192
-273.917657
-277.191917
-214.367049
-173.643438
-82.373434
-64.160361
-37.147715
14.217243
40.615966
24.244665
34.681369
-15.046458
-38.170921
-65.797491
-90.968367
-70.708882
-44.719441
69.061101
188.776241
276.976625
296.212904
323.430192
354.126382
422.885847
443.145332
490.826746
559.586211
597.444845
607.062984
613.816146
628.345676
611.769733
646.354107
635.712761
673.162112
735.168415
761.567138
816.410997
802.904674
809.453194
787.147296
726.778123
659.246506
516.202263
395.054635
275.748778
131.272046
1.324843
-114.297471
-228.896579
-266.959854
-286.400774
-327.533668
-366.620149
-421.873291
-433.947125
-445.611677
-430.672865
-428.831094
-429.035735
-435.788897
-478.354279
-503.934437
-501.683384
-504.753002
-488.995625
-426.170757
-389.949253
-399.976675
-418.394389
-422.282573
-473.852172
-493.907015
-576.377445
-609.529330
-574.126391
-500.046253
-409.390174
-331.626493
-291.926088
-351.476696
-377.466136
-387.084276
-341.244633
-270.643397
-254.067454
-276.373352
-316.687681
-421.873291
-452.774121
-447.658090
-404.683424
-351.885978
-322.212995
-337.765731
-326.101179
-285.377568
-250.793194
-195.540053
-177.326980
-137.831216
-128.417718
-108.362874
-154.202517
-246.700369
-338.788937
-409.594815
-426.580040
-379.512549
-303.590640
-308.092748
-263.480952
-197.586465
-157.681419
-103.860767
-30.394553
52.894442
86.864891
81.953501
60.056886
31.816391
32.021033
94.231977
142.118033
167.698191
228.067363
283.320505
278.409114
241.369046
212.514627
163.400724
156.852204
166.470343
210.058932
263.061020
292.529362
322.611627
284.548352
211.696062
167.288908
113.263614
112.240408
104.054758
147.847988
263.265661
366.404858
444.577821
444.577821
456.242373
441.303560
447.033516
439.666430
398.533536
442.736049
498.398473
565.520808
575.138947
560.609417
541.987062
502.286657
485.915356
483.050378
515.997622
510.267666
486.938562
415.109479
355.558871
338.982928
336.527233
394.440711
394.236070
322.202345
216.812094
95.050542
-12.590763
-53.109733
-123.506328
-212.115995
-275.964069
-362.527324
-430.263582
-476.921791
-480.809975
-447.453449
-403.250936
-431.491430
-477.944997
-520.305739
-521.124304
-456.048382
-405.297348
-381.968244
-369.894410
-389.744612
-399.567393
-343.086404
-280.875460
-212.934560
-118.185655
-101.609713
-188.991532
-263.685594
-307.478824
-311.367008
-284.559003
-248.337499
-236.263664
-244.244674
-313.208779
-387.493558
-429.035735
-421.668649
-424.942910
-412.664434
-469.963988
-502.706590
-467.303651
-442.337417
-371.940822
-388.312123
-390.153895
-437.426027
-439.881722
-344.723534
-195.130770
-45.947289
51.666594
85.637044
6.236233
-116.139242
-143.561172
-80.531662
23.835382
70.493590
53.303724
5.213027
-33.259531
-65.592850
-28.552781
-15.865023
-52.495809
-83.396640
-110.613928
-112.455700
-109.590722
-89.535878
-66.002133
-69.481034
-149.086486
-169.959895
-213.548484
-220.097004
-227.054807
-195.335412
-84.419846
68.856460
225.407027
319.951291
347.782503
340.006135
322.202345
305.421761
265.107432
265.516715
258.968194
219.063148
222.746691
224.179179
230.932341
247.508284
233.183395
233.797319
289.664384
318.314161
393.826787
438.643224
458.288785
481.003966
486.938562
534.006053
594.784508
637.759174
595.807715
559.381570
502.491298
459.107350
449.284570
496.761343
514.769774
486.733921
458.288785
466.269795
437.824659
346.554655
231.955547
76.018904
-58.225765
-158.295343
-240.970413
-322.417636
-380.331114
-473.442889
-512.324729
-511.301523
-517.440761
-530.128519
-537.904887
-515.189707
-487.972419
-558.573655
-572.489261
-582.721324
-566.963947
-587.018791
-572.079978
-471.805759
-352.090620
-243.835391
-280.261536
-324.464049
-389.744612
-423.919703
-436.198179
-404.683424
-300.111739
-190.424021
-158.499984
-169.141330
-169.959895
-137.421934
-75.824913
-11.976839
-99.563300
-231.966198
-362.731965
-425.966116
-393.837437
-244.858597
-109.181439
-13.409328
28.542131
26.905001
41.229890
69.265743
115.514668
115.514668
75.200339
-9.111861
-41.035899
-37.556997
37.750988
122.267830
188.776241
213.537834
116.947157
15.854373
-65.183568
-114.092830
-101.405071
-31.417759
33.248880
121.039982
86.660250
84.204555
146.415499
200.645434
266.335280
249.350055
195.734044
131.476687
68.037895
57.805832
60.466168
33.862804
29.769979
0.096995
-5.019036
-35.510584
4.803745
43.480943
50.029464
38.160271
-25.278521
-47.379778
-75.824913
-5.837601
56.577984
109.989354
146.824782
147.847988
129.634916
78.269958
92.185564
98.529443
107.533659
95.664466
82.772066
131.885969
192.255142
228.272005
246.485077
221.723484
147.029423
130.453481
138.229849
145.187652
167.084267
199.826869
133.932382
47.983051
4.189821
-14.227893
27.314284
83.999914
149.485118
193.687631
244.029382
230.932341
209.240367
186.320546
164.014648
155.010432
112.035767
50.438746
16.672938
4.394462
14.421884
78.269958
121.858547
106.510453
88.502021
9.305852
-82.578075
-175.689850
-275.145504
-315.050551
-369.894410
-386.265711
-375.829006
-374.191876
-395.883850
-417.985107
-385.856428
-363.141248
-333.877547
-276.168711
-286.400774
-278.829047
-331.217211
-348.611718
-302.567434
-228.691938
-171.801666
-169.959895
-185.307990
-264.299517
-327.533668
-324.054766
-311.980932
-261.639181
-178.554828
-112.864982
-103.451484
-124.734175
-191.651869
-229.305861
-306.455618
-333.672906
-295.404990
-261.229898
-211.706713
-203.111780
-230.329068
-190.424021
-145.812226
-146.426149
-107.953592
-65.183568
-51.267962
-28.962064
42.253096
69.675025
94.436618
90.548434
93.822694
96.483031
73.153927
65.172917
43.480943
63.945070
132.909176
158.284692
184.274133
250.987185
245.666512
276.158060
297.031469
219.881713
158.284692
131.476687
138.025207
230.727700
295.598981
359.856337
429.229726
470.362620
484.687508
465.655871
396.487124
350.033557
289.664384
202.487205
145.187652
162.991442
155.828997
120.016776
74.995698
22.198252
-24.869239
-78.280609
-95.879757
-130.259490
-142.128683
-174.871285
-208.227811
-186.535837
-151.951464
-110.409287
-81.350228
-82.782716
-79.508456
-104.474690
-133.533750
-130.873413
-49.630832
55.350137
97.301596
124.518884
144.164445
132.090611
130.658122
81.339577
57.601191
-0.312287
-49.630832
-70.504241
-102.223636
-89.126596
-109.181439
-116.957807
-134.147674
-89.331237
-32.645607
-0.107646
19.537916
48.801616
37.137064
-41.035899
-98.130811
-67.025339
-8.907220
-22.413544
-5.019036
2.757332
52.280518
65.582200
72.335362
86.046326
73.767850
3.166614
-93.424062
-100.995789
-85.852335
-41.240540
35.295293
133.318458
171.586375
175.883841
114.491462
80.930295
22.198252
18.923992
