-484.667593
-251.990893
124.859712
130.569570
143.620673
344.077462
174.413120
-19.518117
36.560842
278.414099
309.410469
151.165842
270.461083
178.287666
-16.255341
44.921705
242.931412
244.358876
140.969668
99.981047
145.863832
51.447257
-36.851614
-51.941952
-91.299185
-102.718900
-183.268678
-167.362646
-135.142735
-139.221204
-74.169612
-65.808749
-27.063286
-49.494870
-106.389523
-135.550582
-228.335769
-309.701240
-315.207175
-296.038367
-295.426596
-377.811685
-418.188536
-340.085840
-437.561267
-941.660129
-1138.854142
-991.417460
-715.916828
-490.173527
-563.585983
-584.590102
-776.482104
-960.625014
-1049.943501
-1115.606865
-938.601277
-559.915360
-126.985795
-62.545973
-398.204034
-321.528803
-229.355386
-93.542343
263.935531
463.576626
602.448521
557.789277
460.109926
290.445585
128.530335
80.812239
-10.953331
160.342399
358.963876
326.540042
207.244801
-69.071525
-391.678483
-521.169897
-588.464648
-311.128705
-250.359505
-346.815315
-282.987263
-331.113207
-470.189025
-736.105254
-816.655031
-690.426392
-800.545076
-643.320067
-372.101828
-385.560778
-554.205502
-866.208439
-893.126339
-1206.352817
-1366.636678
-932.891419
-433.278874
-88.444256
-95.581578
-280.948029
-838.270921
-1224.909854
-1084.814418
-654.739782
-100.679665
282.900415
340.610763
217.848823
148.106990
228.656768
271.072853
637.727284
996.020853
1196.069794
1384.087250
1345.137864
1476.056743
1260.917463
1296.196227
1344.526094
1335.961307
1451.585925
1425.075871
1374.298923
1116.743558
733.163477
600.613210
446.243129
410.760442
437.066572
437.678343
525.569366
191.746616
-42.765395
-97.620813
-59.894968
-9.525866
25.141127
95.086883
386.697471
263.119837
101.612435
-53.165493
147.903066
453.788298
579.201243
758.042142
688.300309
628.754651
647.719535
851.439100
702.574954
631.201733
721.539838
937.698735
816.772107
684.017916
571.859998
607.954455
285.755344
126.491100
495.184766
1072.900008
1123.269109
692.786626
-165.731258
-724.277691
-540.338705
90.192719
713.382898
670.558966
379.764072
-23.188740
-291.144203
-320.713109
-208.759114
-19.314194
176.452355
72.247452
-172.052886
-579.288091
-408.808056
-284.006881
-244.037877
-252.806587
-299.708989
-228.335769
-378.831303
-505.059942
-754.866214
-792.388136
-543.397558
-356.399719
-233.229932
70.412141
69.188600
-283.191187
-545.640716
-510.565876
-310.313011
-124.742637
72.247452
-19.110270
-320.509185
-447.553518
-390.658865
-271.159701
-158.797859
-117.401391
-240.775101
-519.334586
-499.554008
-285.434345
-347.631009
-528.307219
-694.912709
-644.951455
-749.156357
-502.205013
-269.936160
-311.536552
-516.887504
-649.233848
-455.710458
-147.174221
97.533965
141.173591
99.165353
-18.702423
-176.743126
-38.279078
156.467853
312.469321
520.063432
495.592613
517.208503
498.039695
500.690701
631.405656
700.331795
780.677649
618.150630
441.348966
409.944748
419.325229
425.239010
437.678343
369.160051
224.578298
138.114739
177.471972
171.150344
182.366136
113.236074
56.341420
86.929944
161.769864
271.480700
424.627240
375.481679
230.084232
198.068245
192.154463
312.877168
338.571528
331.026359
265.566919
180.326901
101.408511
154.224695
238.241172
248.029499
245.786341
397.913263
459.702079
462.964855
588.989571
556.973583
461.333467
461.537391
566.761911
763.548076
791.077747
711.547587
517.208503
209.487960
-0.145386
-124.538713
66.945442
402.603503
459.090309
508.235870
415.858530
111.196839
-138.201587
81.424009
478.463040
679.735523
792.097365
603.468138
297.582907
-25.431898
-159.205706
62.255202
263.935531
249.253040
-137.793740
-97.416889
-12.992565
-190.813847
-222.421988
20.246963
116.906696
136.483351
284.939650
197.456474
89.988796
150.554072
301.661376
285.959268
208.672266
257.002133
176.452355
229.472462
439.309731
359.575647
263.527684
104.671287
47.776634
12.293947
80.200468
95.698654
87.337791
119.353778
-66.624443
-102.922824
-199.786480
-205.088491
-196.931552
-174.499968
-264.226303
-504.856018
-703.477496
-964.499560
-979.182051
-727.336544
-512.809034
-326.422966
-256.477210
-146.562450
-236.900555
-239.551561
-121.887708
-224.257299
-225.888687
-163.895947
-118.421009
-53.165493
124.247942
271.072853
330.618512
427.890015
322.257649
231.919543
308.798698
348.767702
238.241172
122.820477
92.843725
81.831856
36.764766
206.021261
337.755834
118.334161
0.058538
-17.682806
126.695024
334.085211
396.281875
396.281875
349.379473
398.117186
360.799188
445.835282
712.771128
726.841849
315.120327
89.580949
344.281385
536.581234
833.289909
1029.668228
882.027623
828.803593
658.527480
647.719535
715.422133
559.420665
663.829491
865.713744
980.930515
898.341502
841.854696
609.789767
510.682951
459.294233
409.944748
305.739846
158.303164
177.675896
279.841563
298.806448
401.176038
513.945727
458.274615
426.054704
328.375353
281.676875
398.728957
469.286483
716.237827
836.552685
706.245576
598.370051
446.447053
433.192026
445.631359
478.055193
641.193984
510.682951
251.088351
147.495220
189.707382
531.075300
764.363770
730.512471
584.503254
431.560638
326.540042
297.786830
322.461572
386.289624
433.803797
508.643717
493.961225
330.210665
207.040878
145.455985
178.695513
166.664027
230.696003
342.038227
333.269517
420.344846
464.392320
396.485798
510.275104
629.774268
704.818112
639.766519
410.148672
281.880798
365.897275
569.616839
709.916199
762.120612
586.338565
20.654810
-495.475538
-408.196285
4.952701
265.566919
404.030967
111.604686
-471.616490
-760.576072
-640.261214
-325.199425
42.474623
257.613903
164.420869
-174.092121
-564.605600
-551.350574
-300.932530
-6.059167
341.018610
412.799677
283.512186
-118.421009
-383.725466
-345.795698
-135.142735
180.326901
384.454312
372.014980
12.293947
-406.157050
-358.031107
102.224205
489.474909
491.718067
450.933370
84.482862
-416.353225
-470.800796
-375.568527
-245.465342
-162.672406
-183.268678
-283.395110
-445.922130
-514.032575
-493.028456
-412.682602
-161.041018
-25.431898
-97.416889
-262.187068
-429.404328
-418.392459
-259.332139
-42.561471
194.193698
205.205567
-30.937832
-164.711640
-105.165982
-28.898598
-70.091142
40.639312
80.404392
-8.710172
-32.773144
62.459125
205.001643
457.866768
406.274126
135.259810
-69.683295
-404.117815
-538.299470
-301.136454
67.761136
252.311892
173.189579
-44.396783
-357.011490
-666.975191
-765.470236
-736.309177
-534.628848
-282.987263
-212.429737
-277.889176
-325.607272
-494.863767
-569.091917
-381.074461
-32.977067
277.598405
424.423316
141.989285
-355.787949
-659.226099
-576.025316
-120.868091
348.359855
621.005558
510.071181
116.294926
-260.147833
-387.192166
-123.315172
202.350638
382.619001
293.300513
-21.149505
-347.834933
-432.463180
-206.312032
57.972808
118.945931
-143.095751
-574.393928
-909.032371
-871.510450
-704.497113
-436.745573
-206.515956
-220.178829
-234.249550
-296.038367
-330.501436
-323.364114
-379.239150
-362.721347
-211.206196
52.059027
229.880309
237.221554
-174.907815
-502.612860
-489.357833
-56.632192
452.360834
631.609580
394.446563
-113.526845
-586.833260
-744.670040
-505.467789
-70.091142
275.559170
273.316012
35.949072
-371.897904
-763.431001
-843.980779
-582.754791
-174.703891
169.722880
295.951519
26.160744
-297.261908
-490.173527
-504.652095
-289.920662
-19.925964
241.300024
306.147693
102.835976
-167.566569
-351.301632
-312.760093
-54.592957
312.265398
489.270985
244.970647
-252.602664
-542.377940
-450.000600
-11.565101
457.254998
569.005069
307.983004
-111.487610
-395.145182
-443.678972
-107.613064
206.429108
282.492568
162.789481
-136.366276
-407.176668
-467.945867
-297.465831
41.251082
340.814686
364.061964
51.447257
-375.568527
-689.202851
-643.727914
-283.802957
155.244312
317.771332
-47.251711
-488.542139
-553.389808
-455.302611
-218.955288
14.129258
172.577809
246.194188
128.326412
-14.623953
-80.491240
-204.272797
-224.869069
-212.021890
-141.872210
81.627933
129.549953
120.169472
58.788502
-31.141756
-195.300164
-287.473580
-89.259950
22.286198
-59.487121
-84.161863
-62.545973
-74.577459
-127.393642
-254.437975
-368.431205
-366.799817
-362.721347
-367.411587
-285.230422
-136.366276
-30.326062
12.090024
-157.982165
-356.603643
-420.431694
-354.972255
-122.499478
154.428618
292.688743
155.652159
-168.382263
-397.592264
-373.121445
-280.132335
-100.067895
16.576340
-87.220715
-228.947539
-403.709968
-440.620120
-440.824043
-532.793536
-408.400209
-234.657397
-74.781382
-7.894478
-105.777752
-457.953616
-794.223448
-856.827958
-614.566855
-229.151463
140.153974
197.660398
-218.547441
-777.093875
-1085.222265
-945.330752
-388.619630
172.985655
341.834303
143.824597
-330.705360
-766.082006
-943.291517
-781.376268
-393.513794
-12.788642
16.168493
-202.029639
-394.941258
-609.672691
-812.780485
-822.772736
-813.800102
-569.091917
-274.422477
-205.904185
-331.113207
-513.012958
-602.739293
-479.773429
-148.193838
419.325229
641.397907
353.865789
138.726510
-0.349309
100.388894
284.531803
558.197124
711.139740
531.075300
356.924642
67.149365
-203.253180
-153.088002
136.687275
405.458432
482.337587
405.866279
76.733769
-306.642388
-392.902023
-272.587166
-55.408651
133.628422
157.691394
67.965059
-154.719390
-272.791089
-130.656418
51.243333
143.620673
-12.992565
-24.412281
159.730629
434.619490
648.331306
542.495016
185.221065
-26.043669
-2.592468
310.430086
678.104135
819.627036
562.071670
126.491100
-127.597566
-42.561471
156.263929
190.319152
174.617043
19.839116
17.188111
98.145735
230.084232
224.986145
-232.210315
-569.907611
-533.201383
-146.970297
510.071181
900.584660
754.575443
87.949561
-546.660333
-608.653074
-265.857690
221.927293
610.197614
494.980843
97.941812
-45.824247
93.863342
76.937693
132.200958
262.711990
526.792907
559.624589
730.308548
744.379269
336.532293
-4.631702
-144.727139
-64.381284
358.963876
894.874803
999.691475
676.064900
68.576830
-461.828162
-579.288091
-136.774123
390.572017
576.346315
375.685602
104.875211
-468.149790
-684.104764
-418.596383
84.075015
550.651955
636.095897
431.152791
104.875211
-157.574318
-118.013162
100.796741
101.408511
127.306794
-10.137637
-234.861320
-412.886525
-405.545280
-42.357548
390.164170
367.324739
56.749267
-287.065733
-516.683581
-436.541650
-225.072993
-97.212966
-52.349799
13.313564
137.706892
169.926803
-118.624932
-476.714577
-620.072789
-619.664942
-581.735173
-538.095547
-414.925760
-456.933999
-800.748999
-872.326144
-605.186374
-216.100359
70.616065
-30.122138
-487.726445
-940.028742
-1077.269249
-631.492504
-251.583046
-189.590306
-321.936650
-536.464159
-701.846108
-621.908100
-276.869559
-128.617183
-420.023847
-931.260032
-1274.055415
-1324.628440
-1125.395192
-840.921926
-759.760378
-876.200690
-946.758217
-911.887300
-840.106232
-818.082496
-826.239435
-879.463466
-909.644142
-921.879551
-869.879062
-750.787745
-685.736152
-752.215209
-845.204320
-753.030903
-581.531250
-417.576765
-404.525662
-568.887994
-695.116633
-735.085636
-625.986570
-429.200404
-331.113207
-323.771961
-418.800306
-469.373331
-584.794026
-549.923109
-522.189515
-535.036695
-753.234827
-497.514773
54.098262
-27.267210
15.352799
-9.933713
5.768395
-4.019932
1.689926
-1.165003
-0.553233
0.262461
-1.368927
0.670308
-1.368927
0.874232
-1.368927
0.670308
-1.165003
0.466385
-0.961080
0.058538
-0.553233
-0.145386
-0.349309
-0.145386
-0.349309
-0.145386
-0.145386
-0.349309
-0.145386
-0.553233
-0.349309
-0.349309
-0.349309
-0.349309
-0.349309
-0.349309
-0.349309
-0.349309
-0.349309
-0.349309
-0.349309
-0.349309
-0.349309
-0.349309
-0.349309
-0.349309
-0.349309
-0.349309
-0.349309
-0.349309
-0.349309
-0.349309
-0.349309
-0.349309
-0.349309
-0.349309
-0.349309
-0.349309
-0.553233
-0.145386
-0.349309
-0.145386
-0.349309
-0.349309
-0.145386
-0.349309
-0.349309
-0.349309
-0.349309
-0.349309
-0.145386
-0.553233
-0.349309
-0.349309
-0.349309
-0.349309
-0.349309
-0.145386
-0.349309
-0.349309
-0.553233
-0.349309
-0.349309
-0.349309
-0.349309
-0.145386
-0.349309
-0.349309
-0.145386
-0.553233
-0.553233
-0.349309
-0.349309
-0.349309
-0.349309
-0.349309
-0.349309
-0.349309
-0.349309
-0.349309
-0.349309
-0.349309
-0.553233
-0.349309
-0.349309
-0.349309
-0.145386
-0.349309
-0.349309
-0.349309
-0.349309
-0.145386
-0.349309
-0.553233
-0.553233
-0.349309
-0.349309
-0.349309
-0.553233
-0.349309
-0.349309
-0.349309
-0.349309
-0.349309
-0.553233
-0.349309
-0.349309
-0.349309
-0.349309
-0.553233
-0.349309
-0.349309
-0.349309
-0.349309
-0.349309
-0.553233
-0.349309
-0.553233
-0.145386
-0.349309
-0.145386
-0.349309
-0.553233
0.058538
-1.165003
0.874232
-2.184621
2.505620
-4.427779
5.156625
-7.690555
9.235095
-12.584719
15.556723
-20.741658
26.568591
-36.851614
52.466874
-93.134496
347.340238
842.262543
398.117186
273.519935
206.225184
329.394971
375.481679
579.201243
702.574954
641.193984
521.286973
444.203894
467.451172
560.236359
483.561128
494.776919
553.099037
589.805265
622.840870
636.707667
719.500603
817.383877
1026.609376
1143.457534
1196.069794
1184.446156
1135.912365
1056.993976
1040.680097
1134.077054
1238.485880
1322.910204
1291.505987
1178.328451
982.561902
939.330123
945.243904
971.957881
966.655870
834.921297
737.649794
549.836261
380.987613
191.338769
-7.282708
15.148876
161.973787
354.885407
540.047934
507.420176
331.842053
224.170451
202.554561
239.872560
279.637640
393.223022
591.232729
676.268824
489.270985
325.112577
432.784179
607.138761
582.871866
549.224491
805.760238
1012.334732
1178.736298
1064.539145
912.208299
857.148957
944.224287
1171.191129
1290.486369
1251.944830
1200.556111
1064.743068
928.930025
860.207810
832.678139
806.168085
703.390648
653.837240
648.127382
568.189375
601.632827
584.095407
578.385549
450.933370
398.932880
461.945238
617.742783
816.568183
782.920808
583.075790
345.912773
268.829695
273.723859
338.775451
616.111395
921.384856
976.444198
797.807222
549.224491
272.500318
197.252551
445.835282
875.094224
1153.041938
1131.629972
910.372988
534.949847
353.457942
459.498156
577.569855
711.139740
763.955923
771.297169
616.927089
354.273636
228.860691
158.711011
49.408022
241.503947
380.375843
321.849802
91.008413
-9.321943
-99.456124
-110.671916
-125.966178
-115.770003
25.956821
307.983004
376.501296
35.949072
-164.915564
-231.802468
-84.161863
12.497871
233.958778
504.157400
492.941608
193.785851
13.925335
249.456963
410.556519
326.743965
218.868440
187.872070
146.271679
180.326901
222.946910
134.851963
-3.408162
-136.774123
-3.408162
34.113760
-46.843864
-213.857201
-266.673384
-163.080253
-26.451516
-72.334300
-188.978536
-316.430715
-164.507717
-40.318313
-139.832975
-169.197957
-265.041997
-320.917032
-458.361463
-639.649444
-588.464648
-391.678483
-126.985795
31.054908
46.349170
-215.080742
-582.550867
-815.431490
-620.480636
-175.315662
175.840584
262.915914
21.266580
-91.910955
-162.876329
-234.657397
-177.558820
-22.780893
-18.906347
4.544854
-64.789131
-195.911934
-288.493198
-274.830324
-266.673384
-249.951658
-198.155092
-129.432877
-220.382753
-302.971765
-397.184417
-593.358812
-687.571463
-609.672691
-466.926250
-405.137433
-415.537531
-431.239639
-537.279853
-474.267495
-432.463180
-407.992362
-343.348616
-352.117326
-372.917522
-481.608741
-395.145182
-334.783829
-392.698100
-440.008349
-528.103296
-508.730565
-476.102807
-413.294372
-379.850920
-452.651605
-438.988732
-419.208153
-569.907611
-671.257584
-696.340173
-583.774408
-350.689861
-323.975885
-505.263865
-739.775876
-759.556455
-640.872985
-633.531739
-688.591081
-695.116633
-697.563714
-701.438261
-699.602949
-737.532718
-702.457878
-654.535858
-609.468768
-540.338705
-499.554008
-423.898394
-468.761561
-576.433163
-653.516241
-639.241597
-628.025805
-613.343314
-565.421294
-518.722815
-531.366072
-601.923599
-641.688679
-628.841499
-513.624728
-542.785787
-661.265334
-649.641695
-587.037184
-497.922620
-401.466810
-368.023358
-340.697611
-354.564408
-347.631009
-353.544790
-333.356365
-247.096730
-167.362646
-80.899087
-88.648179
-73.761765
-31.345679
-18.702423
-11.565101
-77.024541
-144.727139
-167.974416
-177.966667
-212.837584
-219.974906
-203.049256
-189.794229
-143.503598
-194.076623
-228.335769
-130.044648
-49.698793
-65.196978
-140.852592
-142.687904
10.254712
135.871581
170.130727
102.835976
-17.274959
0.466385
67.557212
75.714152
24.733280
6.584089
42.882470
6.380166
-48.067405
-21.761275
-81.103010
-154.923313
-171.237192
-117.605315
-75.189229
-63.157744
-98.028660
-221.198447
-395.756952
-412.478678
-290.940279
-113.526845
-60.506738
-176.131356
-214.265048
-262.594915
-358.031107
-368.023358
-232.618162
6.788013
123.024401
73.674917
-14.216106
13.925335
57.768885
58.176732
207.244801
311.041857
397.709339
434.619490
327.559659
129.549953
96.718271
176.248431
182.570059
161.973787
136.891198
228.656768
311.245780
299.622141
145.048138
63.682666
2.097773
-1.572850
57.972808
86.318173
115.275308
43.086394
-36.035920
-55.204727
-23.188740
94.067266
212.954659
160.138476
-84.365786
-234.861320
-215.080742
-78.452005
64.702283
104.263440
16.168493
-97.824736
-153.699772
-158.593936
-129.840724
-93.950190
-31.957450
3.321314
3.525237
13.517488
50.631563
44.921705
-15.847494
-51.126258
-13.400412
124.451865
214.993894
216.217435
134.444116
22.286198
-52.961569
-110.060146
1.282079
215.605664
395.874028
408.925131
287.590656
116.498849
29.831367
94.679036
180.734748
406.478049
611.421154
745.398886
714.606439
582.871866
543.310710
607.138761
728.473237
830.027134
864.490203
831.454598
844.301778
915.471075
985.008984
943.204669
901.400354
926.482943
993.165924
1193.826636
1335.145613
1313.937570
1192.399172
1091.049198
1102.264990
1185.261849
1429.358264
1636.340605
1665.093817
1479.727366
1136.524136
849.399865
651.594082
582.260096
531.279224
399.952498
245.378494
-22.169122
-356.807566
-560.934977
-654.128011
-754.458368
-934.522807
-1101.740067
-1310.149872
-1474.308280
-1576.473947
-1635.815682
-1611.956634
-1602.984001
-1584.834810
-1516.112595
-1487.563307
-1466.151340
-1422.307790
-1369.491607
-1214.713680
-1011.605886
-819.102113
-674.316437
-597.029435
-618.645325
-726.520850
-774.850716
-614.159008
-292.775591
-35.220226
-11.157254
-215.896436
-555.021196
-706.944195
-599.884364
-401.262886
-257.904674
-275.034247
-438.376961
-632.308198
-788.309667
-769.140859
-705.312807
-702.050031
-750.787745
-767.305547
-749.156357
-752.011286
-781.988038
-721.626686
-700.214720
-628.841499
-460.196774
-301.952148
-105.573829
4.748778
51.855104
65.517977
193.378004
435.639108
738.261564
962.373477
1065.762686
1081.872641
1033.746698
1152.226244
1487.476459
1728.310098
1766.035943
1717.910000
1679.368461
1779.290970
1953.645552
2190.604645
2441.430535
2608.239948
2784.837689
2877.622876
2939.615616
2992.227876
2856.006986
2297.664476
1503.586414
1214.015061
1570.881165
2109.443097
2284.205526
1839.244475
890.184562
-189.998153
-830.521829
-858.255423
-418.392459
-176.131356
-490.581374
-1193.913484
-2091.380754
-2664.813602
-2621.581823
-2141.342009
-1670.686599
-1534.873556
-1694.749570
-1896.429900
-1879.504250
-1673.745451
-1375.405388
-1044.233644
-741.611188
-444.290742
-104.554212
250.884428
555.546119
725.006537
709.100505
711.547587
804.128851
1120.618104
1502.974644
1739.321966
1694.050952
1428.542571
1107.770924
838.387997
744.379269
731.124242
748.661662
601.021057
311.449704
-80.899087
-441.639737
-705.108883
-988.562532
-1212.674445
-1434.543200
-1573.007248
-1681.698467
-1753.887382
-1842.798022
-2030.407631
-2248.809687
-2360.967605
-2334.253628
-2147.051866
-1878.484633
-1621.133191
-1465.539570
-1500.410486
-1571.579784
-1454.323778
-1105.818537
-744.670040
-490.173527
-325.811196
-270.751854
-224.257299
-50.514487
213.974277
370.587515
313.488939
313.081092
410.556519
632.425274
829.007516
824.113352
745.602810
609.381920
532.502765
518.839891
580.424784
659.343174
668.723655
550.855879
388.736706
323.889037
412.595754
596.738663
686.668922
698.292560
649.758770
639.766519
722.355532
887.941404
1144.681075
1328.620061
1379.804857
1426.299412
1511.335507
1671.619368
1958.743639
2416.551869
2871.301247
3108.872111
3041.985207
2600.490856
1935.088514
1574.959635
1733.408185
2294.401700
2761.794334
2711.629156
2130.855063
1199.740417
298.602524
-152.272308
-29.102521
300.845682
235.794090
-322.752344
-1042.806179
-1696.788805
-2034.690025
-2000.634802
-1852.382426
-1791.613227
-1879.504250
-2029.388014
-2118.094731
-2113.608414
-2129.106599
-2082.000274
-2007.364277
-1770.609108
-1387.844721
-935.950272
-441.639737
-193.057005
-179.394132
-264.022379
-191.629541
101.000664
544.738174
947.690986
1210.548362
1196.681565
1032.115310
903.031742
850.827329
906.702365
912.004376
859.188192
686.057151
430.541021
241.096100
100.184970
-124.334790
-470.596872
-751.603439
-896.593039
-1045.457185
-1211.246980
-1493.681011
-1828.319455
-2141.342009
-2246.566529
-2174.377614
-2089.749366
-2085.059126
-2178.252160
-2247.382222
-2203.742596
-2046.721510
-1850.343192
-1685.573013
-1507.751732
-1355.828733
-1223.278466
-947.166064
-623.743412
-306.030618
-47.863482
111.808609
271.072853
443.592124
660.566715
848.992018
966.248023
1088.602116
1230.328940
1454.236930
1589.030356
1566.394848
1463.005640
1275.192108
1174.453905
1222.579848
1335.961307
1414.267926
1340.855471
1211.771903
1063.315604
966.655870
967.879411
1213.607214
1544.167188
1731.572874
1772.561495
1708.121672
1735.039573
1930.398274
2346.198266
2916.776185
3187.586577
2896.995607
2038.477723
1357.781120
1657.956494
2644.742252
3288.324780
3145.986186
2337.633480
1117.151405
149.738378
-72.742147
443.184277
962.985248
732.959553
-274.830324
-1537.524561
-2442.537000
-2558.977312
-2067.113859
-1555.469828
-1577.697488
-2048.148975
-2543.683050
-2770.038122
-2660.531209
-2363.210764
-2091.584678
-1938.438138
-1803.236866
-1563.422844
-1120.093181
-633.327816
-352.729096
-262.187068
-157.982165
129.346029
615.499624
1097.370826
1383.271556
1344.322170
1131.833896
1172.822517
1469.327268
1712.200142
1800.091166
1591.681361
1199.740417
809.226938
529.036065
482.541510
489.882756
332.453823
-23.392663
-550.738803
-1088.077194
-1454.527701
-1637.039223
-1781.213129
-2024.086003
-2386.661965
-2825.913158
-3092.237233
-3115.892357
-3046.762295
-3028.205258
-3162.998683
-3292.286175
-3251.909324
-2997.004964
-2620.766129
-2352.198895
-2240.448824
-2157.451964
-1882.155256
-1422.715637
-814.207949
-298.485449
-61.934203
0.874232
116.498849
500.078930
983.785443
1439.554439
1680.999849
1656.529030
1500.731485
1492.778469
1724.435551
2063.764235
2151.655259
2013.802981
1832.922847
1714.647224
1745.847518
1734.835649
1630.834671
1485.437224
1416.511085
1487.884306
1588.010738
1590.049973
1454.236930
1382.048015
1635.932758
2078.038880
2558.278694
3027.098792
3435.557539
3330.536942
2253.413079
1015.597508
993.573771
2449.587474
3890.714764
3985.743109
2772.806203
1043.127178
-328.870048
-609.468768
318.994873
1424.668024
1373.891076
-8.710172
-1905.606457
-3200.112758
-3242.732767
-2230.456573
-1135.999213
-1110.304854
-2190.487569
-3441.966015
-3995.006514
-3632.838399
-2806.948273
-2111.569180
-1861.966830
-2015.521217
-2305.296493
-2210.064224
-1549.148200
-748.136739
-144.319292
201.738867
344.485309
457.662845
632.221350
831.250674
959.926395
1085.747187
1441.593674
1918.162865
2168.580908
1907.354920
1367.365524
967.267641
871.423602
1138.155524
1537.233790
1615.948256
1074.123549
65.314054
-726.316926
-903.526437
-644.339684
-427.365093
-534.017077
-1125.395192
-2024.086003
-2698.664901
-2826.932775
-2578.350043
-2224.134945
-2091.992525
-2387.273735
-2954.792802
-3388.130214
-3352.851450
-2940.926005
-2460.482267
-2178.252160
-2073.231564
-2072.211946
-2080.776733
-1918.657560
-1501.226180
-991.621384
-574.393928
-267.489078
-105.165982
17.392034
161.769864
404.234891
738.669411
1052.711582
1274.784261
1356.149732
1315.365035
1193.826636
1137.339830
1187.912855
1359.412508
1494.409857
1503.586414
1415.287544
1161.402801
886.310016
820.238806
1012.538655
1205.042428
1289.058905
1333.106378
1300.070773
1177.308833
1172.618593
1575.163558
2161.443586
2546.858978
2707.958534
2742.421603
2960.823659
3440.655626
4060.990876
4109.524666
3001.404433
1898.586210
2249.946380
3761.019425
4558.972033
3871.138109
2330.700081
768.850087
-128.005413
167.887568
1290.894216
1724.435551
453.380451
-1822.609597
-3531.896273
-3785.984939
-2828.360240
-1648.662862
-1443.107986
-2653.801734
-4255.008961
-4890.842396
-4211.573258
-2991.499030
-2218.629011
-2182.534553
-2719.669020
-3156.065285
-2812.658131
-1667.831670
-482.220511
113.439997
176.248431
119.557702
219.888058
633.444891
1363.490978
1880.437020
2046.838586
2123.105970
2392.488898
2687.974032
2540.945197
2114.133337
1839.244475
1843.730792
2057.850454
2213.036229
2031.340401
1314.549341
358.759953
-299.097219
-337.638758
-53.777263
0.874232
-438.173038
-1400.080130
-2452.937098
-3024.534635
-2884.031352
-2481.486387
-2387.477659
-2750.053620
-3344.898434
-3882.644672
-4021.720491
-3673.011326
-3040.644590
-2560.404776
-2527.980942
-2734.351512
-2893.003985
-2657.268433
-1970.861973
-1135.795290
-524.024826
-377.403838
-467.130173
-451.020218
-111.487610
447.466670
1119.802410
1568.638007
1575.775329
1459.538941
1406.110987
1503.994261
1694.254875
1790.914609
1776.639964
1611.054092
1305.984554
1004.585639
892.223797
1003.566022
1183.018691
1270.705791
1097.166903
709.508352
414.023218
505.584864
1001.730710
1437.311281
1463.821334
1360.432126
1520.512064
1955.480863
2604.161478
3321.768232
3942.307406
3692.705057
2326.621611
1461.782099
2448.975704
4348.115147
4977.830878
3868.894950
2183.875170
879.784465
389.348476
1141.418300
2387.594734
2344.974725
363.246270
-2046.109740
-3198.073523
-2789.206930
-1613.180175
-929.016873
-1540.583413
-3250.481859
-4716.487814
-4783.986489
-3659.144529
-2481.894234
-2090.565060
-2621.989670
-3476.429084
-3655.066060
-2779.826449
-1411.703769
-535.444541
-401.058963
-443.271125
-367.411587
5.972319
676.064900
1440.777980
1805.189253
1726.678710
1773.173265
2249.334609
2654.734503
2586.827982
2319.484289
2213.444075
2254.024850
2299.703711
2257.083702
1922.241335
1229.921093
522.306590
215.197817
232.123467
192.154463
-214.061125
-921.471704
-1663.549277
-2176.212925
-2212.103459
-2115.647649
-2329.767312
-2808.987508
-3425.856059
-3877.342661
-3909.154725
-3554.531780
-3181.759644
-3062.260480
-3239.469991
-3320.631539
-3138.731788
-2738.837828
-2206.597525
-1743.283360
-1489.398618
-1416.597933
-1196.156642
-770.976170
-187.958918
349.175549
765.791235
956.663620
975.220657
1010.499420
1213.403291
1458.111476
1601.469688
1601.673612
1502.974644
1389.593184
1286.815746
1222.783771
1151.614474
1087.174652
927.910408
901.808201
826.764358
642.417525
506.808405
437.474419
570.228610
885.698246
1271.929332
1448.119225
1355.741885
1275.803878
1574.551788
2317.648978
3248.355777
3839.733892
3457.989122
2147.168942
1270.705791
2155.733728
4071.798821
4899.320335
3692.908980
1672.027215
294.727978
87.133867
1191.583478
2601.510473
2529.525482
367.732586
-2286.739456
-3394.655765
-2656.860586
-1307.091020
-735.901330
-1685.369090
-3673.215250
-5000.349309
-4682.228668
-3274.136984
-2087.506208
-2053.247062
-3013.114920
-4033.955900
-4052.716861
-2899.937384
-1401.711518
-500.165778
-484.667593
-819.917807
-821.549195
-288.289274
637.523361
1451.178078
1761.753550
1679.776308
1668.152669
2049.081744
2467.736665
2568.067021
2373.524013
2239.138435
2233.836424
2281.350597
2266.668106
2014.618675
1464.637028
872.035372
591.232729
436.862649
232.735237
-173.276427
-769.140859
-1368.268066
-1682.106314
-1673.949374
-1749.401065
-2265.123566
-2987.420560
-3369.165329
-3357.949538
-3193.995053
-3025.350329
-3013.930614
-3152.190738
-3279.642918
-3168.504617
-2721.504332
-2301.218023
-1968.210968
-1760.209010
-1612.772328
-1381.727016
-968.578030
-352.729096
117.110620
377.316990
561.867747
728.881084
896.506191
1057.401823
1365.122366
1621.454190
1678.552767
1604.324617
1516.229670
1446.283914
1361.247820
1322.298433
1301.702161
1207.693433
1092.884509
1056.790052
978.075586
801.477845
614.887854
578.385549
684.629687
929.337872
1250.721289
1377.765622
1331.067143
1392.040266
1804.373559
2345.178649
2891.285749
3449.628259
3695.967833
3093.985696
1852.907349
1623.901272
3148.841115
4762.487674
4509.418626
2618.436122
918.529927
262.304143
593.679811
1697.925498
2381.477030
1260.917463
-1290.573217
-3105.084413
-2951.937873
-1673.745451
-758.944684
-1154.556251
-2793.285400
-4518.478107
-4913.477903
-3790.879102
-2404.199385
-1817.919357
-2334.253628
-3311.251059
-3664.854387
-2915.843416
-1559.344374
-513.624728
-368.431205
-627.617958
-709.391277
-298.281525
491.514144
1323.725898
1867.181993
1820.687438
1531.931779
1560.684991
2017.677527
2439.187377
2500.772270
2343.547261
2192.643880
2007.685276
1839.652322
1680.184155
1517.453211
1257.654688
898.341502
585.930719
266.790460
-99.660048
-514.644346
-894.145957
-1269.365174
-1484.300531
-1607.674241
-2013.889829
-2523.698549
-2913.600257
-3064.095792
-3000.063816
-2934.400453
-2970.698834
-3160.959448
-3306.560819
-3232.332669
-2958.055578
-2592.624688
-2322.222143
-2171.522685
-2010.627053
-1773.871884
-1413.539080
-990.397843
-556.856508
-198.970786
75.102381
330.822435
560.032436
748.253815
930.765337
1107.363077
1269.686173
1326.784750
1328.212214
1325.561209
1267.443015
1154.061556
1039.252632
951.973379
831.862445
737.649794
740.504722
773.336404
733.571324
627.735034
494.572996
535.969464
771.297169
1165.481271
1390.408878
1412.024768
1396.526583
1589.846049
2128.407981
2878.642493
3546.899763
3848.910449
3331.556560
2204.267519
1755.024075
2872.932635
4679.694738
4976.403413
3471.244149
1615.336485
753.555826
1022.734830
1973.426130
2661.056131
1821.095285
-417.576765
-2482.506004
-2858.336992
-1892.963200
-868.247674
-956.750468
-2371.367703
-4052.105090
-4740.346862
-4017.030251
-2647.072259
-1878.892480
-2242.080212
-3194.606824
-3825.342172
-3367.533942
-2126.047747
-908.828448
-416.761072
-565.829141
-746.709275
-564.401677
43.698164
845.933166
1539.069101
1690.992099
1416.307161
1273.560720
1486.864688
1837.409164
2026.650161
2021.552073
2034.807100
1808.859875
1500.323638
1409.985533
1462.801717
1434.048505
1151.410550
779.046262
359.983494
-41.541854
-451.428064
-722.034533
-890.067487
-1120.908875
-1473.288662
-1891.535736
-2364.026458
-2704.986529
-2860.376227
-2870.776325
-2937.663229
-3178.292945
-3422.389360
-3585.120303
-3378.953657
-2993.742188
-2694.586431
-2596.499234
-2594.459999
-2523.290702
-2207.821066
-1734.718574
-1232.862870
-774.646793
-555.225120
-436.133803
-266.673384
111.604686
513.130033
860.207810
1090.641351
1204.022810
1238.078033
1270.297944
1422.628789
1573.328247
1594.128443
1517.861058
1388.777490
1280.290195
1271.929332
1293.545222
1275.803878
1092.272739
835.329144
652.205852
707.469117
964.004865
1240.117268
1354.722268
1350.032028
1393.059884
1550.692740
1857.189742
2342.731567
2793.810322
3120.699673
3261.610803
2761.386487
1735.039573
1455.460471
2785.449459
4222.090431
3863.389016
2110.258791
756.206831
506.604482
1007.236645
1913.472625
2187.545793
848.584171
-1409.868458
-2684.390257
-2231.476190
-1002.225405
-439.804426
-1187.591856
-2846.101583
-4195.259379
-4175.478801
-3035.954350
-1904.382916
-1770.405184
-2604.248326
-3511.707848
-3647.928737
-2838.352490
-1646.419704
-904.342131
-897.612656
-1157.615103
-1173.521135
-669.422273
75.102381
798.011146
1207.285586
1139.990835
931.988877
1117.967098
1667.336975
1988.924315
1931.010045
1879.621326
1803.353941
1685.690089
1597.799066
1631.242518
1659.995729
1340.447624
947.079216
634.464509
376.297373
80.404392
-220.586676
-476.306730
-753.438750
-1091.951740
-1467.782728
-1762.860015
-2013.278058
-2283.884527
-2479.447152
-2560.812623
-2568.561716
-2715.182704
-2874.446948
-2908.094323
-2768.814581
-2462.521502
-2218.221164
-2110.753486
-2088.321902
-1909.481003
-1530.795086
-1117.034329
-729.171855
-469.781178
-419.004230
-451.428064
-296.650137
32.482372
353.254019
537.600852
624.880105
658.935327
719.296680
866.937285
1021.511289
1128.571120
1096.147285
977.463815
928.318255
1007.440568
1134.280977
1132.037819
1088.602116
1038.640862
1056.382205
1068.413691
1132.853513
1310.878718
1393.059884
1320.667045
1324.949439
1515.617900
1817.424662
2096.391993
2399.830143
2753.637395
3168.009922
3474.303001
3130.080154
2058.258301
1551.712357
2711.017386
4096.269639
3866.651792
2200.392972
767.014776
286.163191
630.182115
1508.276654
1924.484493
771.501092
-1394.778120
-2797.159946
-2598.742392
-1443.515833
-744.466117
-1245.098279
-2815.920907
-4238.695082
-4341.472520
-3174.010552
-1914.579090
-1559.140451
-2207.005372
-3038.197509
-3117.727669
-2266.347107
-1016.296126
-179.394132
-106.593446
-496.699079
-699.195102
-344.572157
386.289624
1125.716191
1561.092838
1482.378371
1153.449785
1165.685195
1575.979252
1962.006415
1953.645552
1713.015836
1511.335507
1420.793478
1359.616432
1215.646449
957.479313
656.284322
380.783690
174.413120
15.352799
-242.814336
-622.315947
-1002.429329
-1280.784890
-1412.315540
-1521.210682
-1761.840398
-2024.901697
-2315.492667
-2518.804385
-2558.977312
-2696.013896
-2989.663718
-3159.531984
-3051.044688
-2790.022624
-2598.130622
-2456.811645
-2436.623219
-2325.280995
-2042.235194
-1526.512693
-1094.602745
-906.585289
-883.949782
-815.431490
-592.747042
-269.528313
155.652159
449.301982
549.836261
556.361813
578.997320
653.225470
820.850577
968.695105
1116.539634
1109.198388
968.899029
946.263522
1076.774554
1276.007802
1355.334038
1359.616432
1340.243700
1268.462633
1140.194759
1172.414670
1491.758852
1766.035943
1772.561495
1648.372091
1631.038594
1732.388568
2052.344520
2565.212092
2901.889771
2969.592369
2971.835527
3083.381675
2863.348231
2139.623773
1779.087046
2658.201203
3635.198633
3175.555091
1693.031334
700.535719
587.358183
803.517080
1330.251449
1472.997891
386.289624
-1461.868947
-2451.305710
-2118.502578
-1311.577336
-1004.672487
-1573.619018
-2782.477455
-3783.945704
-3620.806914
-2686.429492
-1939.253832
-1937.214597
-2514.521992
-3085.303834
-3002.103051
-2201.091591
-1197.991954
-622.723794
-599.068670
-748.748510
-748.952433
-405.749203
156.060006
830.434981
1290.282446
1304.964937
1064.539145
1054.750817
1413.860079
1765.424173
1876.358550
1839.244475
1782.145899
1681.203772
1443.021138
1216.869990
1145.700693
1050.264500
843.486084
470.713948
105.486981
-233.841703
-472.024337
-621.908100
-775.054640
-975.511428
-1388.864338
-1840.758788
-2182.534553
-2235.350737
-2176.416849
-2138.079233
-2368.512774
-2753.724243
-2930.525907
-2764.124341
-2465.784278
-2380.544260
-2462.317579
-2626.475987
-2550.616449
-2146.847943
-1646.215780
-1355.216963
-1287.718288
-1307.702790
-1194.525254
-928.201179
-487.318598
-101.699283
86.522097
70.616065
58.380655
255.370745
540.863628
850.827329
998.264011
1026.609376
981.134438
920.365239
1000.507169
1134.280977
1271.929332
1345.953558
1334.329919
1233.795640
1172.210746
1212.383673
1301.294314
1294.360915
1279.066654
1271.929332
1328.620061
1417.734626
1519.900293
1806.412794
2080.689885
2050.509209
2019.104992
2313.774432
2632.506843
2422.261727
1479.523443
856.741110
1625.532660
2936.556764
3077.875741
1765.220249
512.110416
151.777613
439.105807
1194.234483
1715.258995
895.894420
-948.185681
-2160.102970
-1890.312195
-883.134088
-249.543811
-658.410405
-1946.187231
-3091.217615
-3231.516975
-2310.802427
-1317.898965
-1091.339970
-1711.267373
-2563.667552
-2816.940524
-2126.251671
-1044.029720
-369.654746
-476.510653
-891.698875
-1120.908875
-879.259542
-228.743616
549.632338
1032.319234
889.980639
530.667453
566.761911
1146.720310
1729.941486
1836.185623
1606.159929
1335.757384
1238.078033
1261.325310
1417.122855
1553.343745
1436.087740
1029.056458
602.040674
382.415078
330.618512
254.555051
130.161723
-194.688393
-678.190983
-1148.438546
-1426.998031
-1487.563307
-1679.047462
-1958.422640
-2160.714740
-2408.685701
-2636.468237
-2690.915809
-2730.069118
-2799.199181
-2833.050480
-2840.187802
-2787.575542
-2701.723754
-2592.216841
-2432.748673
-2213.530923
-1936.806750
-1621.948885
-1405.178217
-1270.180868
-1053.818048
-679.414524
-220.586676
135.463734
341.018610
454.807916
567.577605
813.305408
1217.685684
1511.539430
1574.143941
1461.374252
1419.773861
1529.076850
1658.772188
1728.106174
1672.842909
1475.037126
1278.250960
1309.043407
1467.491957
1587.398968
1571.492936
1563.743843
1528.057233
1336.777001
1320.870969
1544.371112
1741.972971
1886.554724
2185.914405
2506.074281
2688.789726
2428.991202
1634.505293
1198.516876
2007.685276
3173.515857
2967.145287
1482.990142
381.803307
237.425478
772.112863
1600.653994
1880.029173
786.591431
-1092.359587
-2027.960549
-1588.505433
-572.150769
-168.790110
-843.165085
-2244.119447
-3276.787989
-3036.362197
-2041.827347
-1290.573217
-1396.613431
-2182.942400
-2894.023603
-2844.878042
-1946.799001
-961.644631
-630.268963
-914.946152
-1301.992933
-1255.906224
-709.187353
67.761136
673.413895
824.113352
574.511003
358.963876
533.522382
1152.430168
1718.113923
1752.780916
1341.467241
1033.746698
1134.688824
1411.005151
1671.211521
1752.780916
1502.158950
1009.071956
653.837240
599.593592
646.903841
544.534250
208.468342
-309.497317
-737.940565
-1032.406082
-1193.301713
-1353.585575
-1676.192533
-2094.235683
-2385.438424
-2461.501885
-2546.334056
-2618.115123
-2843.450578
-3051.860382
-3048.393683
-2862.415462
-2717.425862
-2715.386627
-2618.319047
-2403.995461
-2062.627542
-1707.596750
-1396.001660
-1238.980575
-1126.210886
-830.521829
-295.426596
290.037738
627.735034
666.072649
678.308059
855.517570
1305.576707
1769.502642
1940.594449
1779.698817
1474.425355
1441.389750
1634.913140
1902.460756
2004.218577
1806.004947
1510.519813
1291.505987
1332.494608
1457.091859
1520.715987
1476.464590
1270.705791
1032.115310
955.644002
1189.544243
1541.312259
1596.167678
1574.143941
1732.184644
1993.002785
2179.592776
2184.690864
1692.623487
1121.637721
1343.506476
2527.690170
3017.514388
2134.933533
983.581520
570.840380
758.246066
1346.973175
1898.382287
1345.953558
-81.510857
-1160.266108
-1056.265130
-260.555680
316.547791
-35.016302
-1209.615593
-2357.500906
-2514.725915
-1740.428432
-947.777834
-862.537816
-1529.571545
-2312.025968
-2586.914830
-2044.478352
-1191.466402
-695.116633
-794.631295
-1208.799899
-1359.295433
-1053.410201
-384.337237
199.291785
407.905514
288.202426
141.173591
181.550442
639.358672
1207.489510
1404.479599
1162.830266
849.399865
853.886182
1113.888629
1324.541592
1396.526583
1263.364545
914.859304
617.131012
607.342685
694.418014
624.880105
337.347987
-96.601196
-485.279363
-704.497113
-803.196081
-998.962630
-1459.014018
-1934.155745
-2194.973886
-2269.202036
-2301.014100
-2500.451271
-2833.458327
-3083.876370
-3111.609964
-2941.741699
-2814.697366
-2869.144937
-2876.486183
-2730.069118
-2345.469420
-1965.763886
-1694.137800
-1584.426963
-1432.096118
-1086.241882
-606.817762
-95.377655
218.052746
260.672755
313.285015
647.719535
1121.025951
1606.567775
1772.153648
1720.764929
1637.564146
1733.408185
2018.493221
2208.142065
2194.887038
1972.610436
1781.941975
1728.106174
1777.863505
1861.064288
1769.298719
1544.982882
1308.431636
1132.853513
1180.367686
1334.329919
1320.870969
1325.969056
1500.731485
1815.385427
2091.905677
2218.542163
1812.122651
1077.182401
1029.464305
2211.200917
3135.178241
2496.285953
1001.118940
296.155442
560.644206
1264.995933
2010.744129
1772.765418
260.264908
-1337.679543
-1562.403227
-695.728403
181.958289
157.895317
-839.698385
-2138.079233
-2595.275693
-1866.249224
-847.651401
-549.923109
-1174.744676
-2106.063245
-2592.420764
-2126.455594
-1166.791660
-549.923109
-659.022175
-1191.874249
-1487.155460
-1209.411669
-550.738803
158.711011
497.224001
301.457453
-53.981187
-114.138615
331.026359
1054.750817
1483.194065
1261.325310
813.305408
538.824393
707.876964
1239.301574
1655.917260
1503.586414
842.058619
232.531314
106.302675
426.870398
677.084518
536.989081
-35.016302
-706.128501
-1065.033840
-1057.692594
-966.334871
-1039.135557
-1405.586064
-1903.363298
-2363.618611
-2558.773389
-2487.196244
-2328.543771
-2262.064714
-2503.714047
-2769.222428
-2898.305996
-2823.873923
-2463.745043
-2116.259420
-1926.610576
-1952.916706
-1971.065896
-1739.612738
-1221.035308
-622.927718
-159.409630
-65.604825
-122.091632
-9.321943
278.006252
754.371520
1135.504518
1341.059394
1362.675284
1291.913834
1259.489999
1404.887446
1632.873905
1737.894502
1635.932758
1406.926681
1290.486369
1327.804368
1489.719617
1596.167678
1525.814074
1272.133255
977.259892
982.357979
1139.582988
1255.003682
1273.764643
1209.732668
1240.117268
1461.986023
1851.479884
2228.330490
2273.397581
1622.473808
724.394767
1040.272250
2881.089575
3804.047281
2673.291541
966.859794
566.354064
1086.766805
1906.947073
2562.357163
2063.764235
235.794090
-1367.656296
-1265.694552
-230.171080
409.536901
-74.373535
-1489.398618
-2900.753078
-3072.456655
-2038.564571
-1026.288377
-971.025112
-1788.758298
-2716.610168
-3078.574359
-2440.293842
-1382.542710
-825.015894
-1034.037469
-1529.571545
-1635.611759
-1246.729667
-546.660333
42.678547
283.104339
69.596447
-258.720368
-187.958918
502.933859
1358.596814
1703.023585
1337.592695
927.502561
922.404474
1224.415159
1653.674101
1964.657420
1832.718924
1207.897357
665.053032
603.060291
905.478824
1006.217027
699.312178
-34.812379
-715.916828
-1034.037469
-1005.488181
-984.076215
-1072.375085
-1323.404899
-1934.563592
-2598.946316
-2784.516690
-2474.349065
-2185.389482
-2259.209785
-2696.013896
-3137.508247
-3282.090000
-2971.718452
-2340.167409
-1894.594588
-1860.743289
-2102.596546
-2194.973886
-1838.719553
-1200.642959
-625.170876
-352.729096
-370.674363
-379.850920
-151.660537
366.509046
989.699225
1387.146102
1407.334528
1244.399661
1151.818397
1275.192108
1575.979252
1855.354431
1907.150997
1654.897642
1348.400640
1257.246841
1463.821334
1718.929617
1776.028194
1524.182686
1211.975826
1039.048709
1109.810159
1393.875578
1593.924519
1581.689110
1459.335017
1338.612312
1562.316379
1999.528337
2295.421318
2107.811709
1350.847722
765.587311
1354.722268
2615.377270
2707.550687
1440.166209
388.124935
409.332978
939.330123
1536.825943
1584.747962
702.167107
-732.638554
-1341.961936
-736.513101
-6.467014
11.070406
-764.042771
-1852.382426
-2512.686680
-2160.510817
-1400.080130
-1052.594507
-1494.904552
-2185.389482
-2526.757401
-2300.198406
-1575.046483
-942.883670
-839.902309
-1106.838155
-1271.404409
-1026.288377
-538.503394
-37.055537
287.998503
347.952008
223.354757
130.161723
369.160051
941.777205
1355.945809
1316.792499
928.114331
725.822231
884.882552
1246.846743
1582.300880
1552.528051
1095.127668
482.337587
182.773983
334.696981
596.942587
505.788788
-7.690555
-635.570974
-1033.629622
-1147.622852
-1251.419908
-1448.409997
-1664.976741
-2029.999784
-2470.474518
-2700.296289
-2691.119732
-2592.012917
-2634.836850
-2810.007126
-2940.314234
-2946.431939
-2797.363869
-2489.235479
-2051.615674
-1767.142408
-1696.380958
-1702.702586
-1624.599890
-1272.424027
-809.925556
-461.216392
-203.049256
-102.107130
19.023422
277.190558
642.621448
989.495301
1178.736298
1282.125506
1382.455862
1486.660765
1659.791806
1821.095285
1878.805632
1793.565614
1596.983372
1475.444973
1501.751103
1495.429475
1515.617900
1513.578665
1354.314421
1251.536983
1199.128647
1249.089901
1325.357286
1433.436734
1598.410836
1717.502153
1902.868603
2064.376006
2173.678995
2033.991406
1507.053113
1208.305204
1915.307936
2863.348231
2578.059272
1288.039287
451.749063
630.182115
1085.951111
1381.028398
1157.936102
92.639801
-1221.647078
-1595.030985
-877.220307
-218.139594
-415.537531
-1331.561838
-2371.367703
-2726.602419
-2132.777222
-1292.816376
-1090.524276
-1603.187924
-2150.314642
-2367.901004
-1996.352409
-1207.984205
-610.896232
-629.861116
-985.095832
-1074.210397
-791.980289
-216.100359
274.539552
511.090798
480.502275
240.688253
179.103360
529.851759
1141.010453
1534.582784
1430.377882
1025.589758
852.050870
994.389465
1347.177099
1593.924519
1473.813585
964.616636
449.098058
313.081092
404.642738
480.910122
361.614882
5.360548
-663.712415
-1230.211865
-1233.882488
-1114.587247
-1323.812746
-1720.851777
-2129.514446
-2360.763682
-2496.168878
-2502.082659
-2509.831751
-2609.550337
-2798.383487
-2910.337482
-2893.819679
-2870.164555
-2749.645773
-2536.953575
-2299.994482
-2050.392133
-1742.059819
-1445.555068
-1139.465913
-715.508981
-298.281525
-7.282708
94.882960
198.476091
371.811056
627.531110
936.679118
1195.458024
1312.714029
1365.734136
1415.287544
1556.402597
1747.886753
1827.620836
1772.765418
1658.160418
1626.960124
1590.865667
1605.140311
1593.924519
1600.246147
1619.822802
1569.249777
1308.839483
1190.971707
1368.385142
1687.933247
1885.739030
2014.006904
1994.022403
1848.624956
1439.554439
1046.389954
1584.340115
2793.198552
3011.192760
1670.395827
296.563289
226.413609
881.211929
1431.601423
1475.037126
577.162009
-928.609026
-1830.562613
-1338.699160
-376.180297
-182.452984
-1055.041589
-2377.689331
-3103.656948
-2758.210560
-1784.068058
-1228.376553
-1522.638146
-2180.087471
-2646.664412
-2462.317579
-1613.384099
-701.846108
-417.576765
-663.100645
-819.917807
-576.025316
-98.436507
425.850780
788.018895
847.360630
759.877454
649.758770
751.924438
1196.273718
1630.630747
1611.665863
1158.140026
842.262543
907.721982
1151.206627
1374.298923
1378.581316
1107.363077
532.910612
93.251572
0.262461
115.887079
59.604196
-321.324879
-827.259053
-1330.542221
-1570.152319
-1455.751242
-1293.428146
-1525.289152
-2059.364767
-2511.667063
-2729.253424
-2682.351022
-2414.191636
-2309.782810
-2468.435283
-2714.367010
-2757.802713
-2556.326307
-2229.640879
-1880.931715
-1633.368600
-1615.423333
-1620.113574
-1386.213333
-976.734969
-475.491036
-125.558331
77.957310
124.247942
163.809099
473.364953
859.188192
1140.194759
1199.944341
1126.124038
1060.868522
1139.175141
1355.741885
1590.049973
1609.014857
1460.558558
1275.803878
1215.850373
1367.773371
1543.555418
1670.191904
1541.312259
1333.718149
1272.541102
1327.192597
1539.884795
1898.994057
2096.799840
1996.265561
2023.591308
2222.824556
2089.458595
1474.017508
1080.853024
1840.264093
2756.084477
2297.052706
985.212908
308.390851
573.287462
981.746209
1312.306182
1026.609376
-129.025030
-1460.237559
-1767.550255
-1046.476802
-411.866908
-618.441401
-1607.062470
-2596.499234
-2733.739741
-1968.822738
-1216.141144
-1159.858261
-1670.482675
-2221.891786
-2318.347596
-1726.153787
-827.462976
-300.524683
-530.142531
-927.181562
-874.569302
-403.098198
267.198307
781.697267
980.930515
821.462347
554.526501
560.644206
978.687356
1671.415445
1969.959431
1570.473318
920.365239
721.335914
938.718353
1366.345907
1607.995240
1374.094999
761.100995
162.381634
56.749267
315.528174
481.521893
204.797720
-443.882895
-1314.432265
-1774.891501
-1470.025887
-997.739089
-1408.440993
-2290.206155
-2813.881672
-2787.575542
-2565.502864
-2458.239109
-2573.455880
-3017.193389
-3310.027518
-3126.496379
-2641.974172
-2278.582516
-2168.259909
-2080.980656
-1925.183112
-1596.662373
-1092.359587
-697.359791
-436.949497
-233.433856
128.530335
491.718067
762.324536
967.675488
1219.317072
1528.261156
1788.875374
1940.390525
1909.802002
1813.142269
1820.279591
1975.669289
2106.792091
2013.802981
1778.475276
1630.834671
1651.430943
1723.212011
1782.757669
1781.534128
1683.243007
1518.472829
1468.103727
1654.897642
1829.456148
1915.715783
2059.277919
2274.213275
2237.099200
1701.800044
1101.449296
1262.956698
2385.147652
2859.677609
1854.538737
384.250389
-76.616694
370.995362
1058.421440
1350.235951
561.867747
-897.816580
-1904.790763
-1592.176056
-766.897700
-474.267495
-1175.152523
-2397.265986
-3247.015160
-2992.722571
-2001.654420
-1401.915442
-1563.218921
-2148.683254
-2521.863237
-2362.802917
-1515.704748
-567.664453
-248.116347
-493.844150
-697.767638
-432.667104
84.482862
692.990550
1070.249002
1157.120408
951.769456
765.383388
863.674509
1354.314421
1834.146388
1906.947073
1548.857428
1181.591227
1143.253611
1247.866360
1396.322659
1363.490978
1092.476662
612.848619
305.535923
333.881287
413.411448
290.649508
-124.334790
-741.203341
-1194.933101
-1191.466402
-1057.284747
-1443.719757
-2213.327000
-2616.279812
-2543.275203
-2424.591733
-2530.224100
-2825.709234
-3180.536103
-3322.059004
-3012.910996
-2611.181725
-2533.894723
-2681.127481
-2630.146609
-2260.025479
-1758.781545
-1367.656296
-1147.418929
-1003.448946
-722.442380
-223.033758
316.343867
625.695799
702.778877
807.391626
1128.163273
1609.218781
1951.198470
1983.010534
1828.232607
1821.095285
2019.104992
2287.264378
2392.081051
2174.902536
1928.766886
1812.122651
1851.683808
1899.401904
1755.024075
1693.439181
1705.674591
1596.779448
1523.774839
1734.019955
1950.178853
2055.403372
2064.783853
1995.042020
1595.759831
1043.127178
1088.194269
2005.849965
2713.464468
1967.920196
635.280203
24.733280
353.050095
871.831449
1062.907757
510.886875
-774.850716
-1838.515629
-1834.233236
-1121.724569
-734.473866
-1223.686313
-2245.750835
-2998.432428
-2925.631743
-2087.710131
-1486.135842
-1652.129561
-2212.511306
-2576.922579
-2523.086778
-1907.033921
-1064.625993
-680.230218
-721.626686
-880.279160
-729.375778
-303.787459
266.994383
789.854206
1091.049198
1102.264990
941.573281
947.487063
1245.827125
1782.757669
2006.869582
1788.467527
1370.832223
1178.532374
1319.443505
1612.481557
1742.584742
1486.660765
890.592409
305.331999
169.518956
286.571038
220.907675
-174.703891
-573.170387
-1026.492300
-1483.688760
-1803.848636
-1963.112880
-2016.336911
-2130.737987
-2385.846271
-2828.972010
-3185.226343
-3219.893336
-2966.008594
-2766.775346
-2847.936894
-3082.652829
-3217.854101
-3058.793781
-2490.662944
-1794.264232
-1516.112595
-1541.603031
-1526.920540
-1182.697692
-518.722815
78.365157
460.925620
606.730914
730.104624
1075.143166
1659.180035
2168.173061
2360.268987
2338.857021
2258.715090
2232.816807
2357.414058
2486.701549
2504.238969
2353.335588
2139.419849
2007.277429
1972.610436
2075.183951
2057.442607
1987.700774
1797.644084
1667.336975
1704.858897
1998.508719
2286.244761
2286.448684
1898.382287
1121.433798
748.049891
1589.030356
2807.065349
2420.222492
789.650283
-313.779710
-104.962059
609.585843
1142.030070
991.330612
-264.022379
-1745.730442
-2126.863441
-1272.627950
-524.024826
-731.822860
-1786.922987
-2901.976619
-3226.214964
-2455.792027
-1615.423333
-1576.066100
-2153.781342
-2742.100604
-2941.333852
-2506.365052
-1558.324757
-1002.021482
-1042.602256
-1334.620691
-1265.490628
-842.553314
-314.799328
241.707871
573.899233
610.401537
502.322088
555.953966
914.859304
1575.979252
2012.171593
1859.228977
1410.393380
1163.645960
1338.000542
1662.034964
1859.840747
1716.890382
1163.849883
599.389669
326.947889
354.477560
375.073832
280.453334
-69.275448
-723.461997
-1337.067772
-1465.743493
-1274.463262
-1199.215495
-1565.462079
-2191.099340
-2783.904919
-3074.495889
-2875.874412
-2560.608700
-2523.494625
-2842.430960
-3200.724528
-3306.968666
-2921.757197
-2288.370844
-1708.004597
-1544.254036
-1636.835300
-1527.940157
-1117.646099
-406.768821
222.539063
605.099526
714.402516
772.928557
1061.276369
1633.077829
2254.636620
2564.600322
2552.568836
2349.053195
2325.601994
2507.501745
2794.218169
2927.176283
2839.081336
2580.098507
2231.185419
2057.442607
2024.814849
2112.909796
2027.261931
1737.894502
1448.527072
1458.519323
1763.588861
2175.922154
2180.204547
1363.083131
319.402720
433.192026
1706.898132
2406.355695
1522.551298
196.029010
-275.034247
105.283058
884.882552
1348.400640
755.187213
-750.175974
-1862.578601
-1581.572034
-679.210600
-337.842682
-976.531046
-2219.648628
-3026.573870
-2738.226058
-1886.437649
-1466.763111
-1773.056190
-2404.607232
-2836.313256
-2727.825960
-1970.046279
-1158.226874
-910.051989
-1171.481900
-1334.824614
-1120.704952
-614.159008
14.129258
518.228121
733.979171
590.417035
345.708850
401.176038
965.432329
1608.403087
1748.090676
1319.239581
949.322374
951.157685
1276.007802
1753.392687
1829.048301
1320.870969
498.651466
152.389383
435.639108
790.669900
614.887854
-81.306934
-823.588430
-1241.631580
-1245.913973
-996.923395
-1075.230014
-1607.674241
-2178.863931
-2461.501885
-2433.768290
-2349.140043
-2353.626360
-2534.914340
-2732.924047
-2739.653522
-2570.600951
-2410.724936
-2223.727098
-1996.148485
-1776.318965
-1629.901901
-1414.966545
-1080.735948
-680.841988
-246.892806
206.633031
635.484126
892.427721
1068.821538
1359.004661
1806.616717
2205.694983
2460.395419
2595.596692
2720.397866
2853.152057
2889.858285
2858.046221
2770.155197
2678.185704
2553.588453
2439.595224
2348.645348
2159.200428
1978.320294
1856.781895
1843.730792
1875.338933
1936.108132
1904.296068
1507.257037
809.634785
431.560638
968.695105
1800.906859
1649.391708
471.529642
-479.161659
-412.070831
320.626261
943.000746
790.669900
-277.481329
-1447.594303
-1704.130051
-1001.001864
-232.414238
-305.418847
-1287.106518
-2307.131804
-2585.691289
-1917.637943
-1159.450414
-1107.246002
-1655.188414
-2273.076582
-2525.533860
-2144.196938
-1407.625299
-908.624524
-959.197549
-1315.451883
-1461.053253
-1142.320842
-597.029435
-112.711151
206.429108
212.342889
-5.447396
-180.617673
77.753387
762.528459
1308.839483
1232.368175
703.594571
374.665985
413.411448
732.143859
1102.468913
1229.513246
782.920808
17.595958
-304.195306
-38.483001
364.469811
302.884917
-268.916543
-997.739089
-1343.389401
-1224.909854
-940.028742
-939.416971
-1348.691411
-1795.283850
-2016.948681
-1885.214108
-1659.266883
-1621.541038
-1793.652462
-1967.803121
-2016.336911
-1917.230096
-1751.644223
-1511.014508
-1309.538102
-1166.587737
-1068.704462
-955.934774
-666.975191
-277.073482
167.683645
513.741804
764.567694
830.027134
963.189171
1301.090391
1793.361690
2162.871050
2304.393951
2226.699102
2125.960899
2284.205526
2554.608071
2749.762849
2716.319397
2580.098507
2336.409939
2143.906166
2123.513817
2139.012002
2165.114209
2130.039369
2084.360508
1950.790623
1787.447909
1503.178567
989.291378
682.386528
1132.241743
1823.542367
1384.087250
133.628422
-525.044444
-193.260929
309.002622
509.663334
115.887079
-929.220797
-1858.296208
-1821.386056
-1055.041589
-585.609720
-850.914177
-1609.917399
-2250.033228
-2261.860790
-1584.223040
-1013.849044
-1063.402452
-1499.186945
-1928.241964
-2025.309544
-1690.263254
-1125.803039
-778.521339
-879.463466
-1069.112309
-962.460325
-644.339684
-290.736356
-0.961080
118.538084
51.039410
-146.562450
-153.291925
98.961429
457.662845
563.703058
386.697471
57.768885
-80.083393
32.890219
175.840584
266.994383
110.381145
-309.293393
-706.944195
-818.694266
-678.598830
-548.903492
-714.693287
-1067.684845
-1355.013039
-1312.800877
-1121.316722
-1004.468564
-1135.183519
-1395.593813
-1540.787337
-1558.936527
-1421.084249
-1297.302692
-1231.231482
-1223.074543
-1176.172141
-984.891909
-800.952923
-588.464648
-495.271614
-351.913402
-185.919683
-127.801489
14.129258
174.209196
378.540531
614.480007
870.607908
1004.177792
1055.974358
1179.959839
1345.749634
1573.736094
1731.368950
1812.734422
1836.797393
1886.350801
1943.449378
2034.399253
2230.165802
2266.872029
2234.652118
2140.643390
2173.271148
2307.860650
2404.316460
2383.516264
2294.197777
2122.698123
1840.875863
1451.382001
1183.018691
1527.037615
2053.975908
1602.897153
534.338076
-100.271818
-12.176872
282.900415
442.164660
175.636661
-675.539978
-1617.054721
-1846.060798
-1370.511224
-979.385975
-1161.693573
-1825.056679
-2513.094527
-2612.405266
-2030.407631
-1412.723386
-1294.855610
-1563.014997
-1869.511999
-2032.446866
-1701.886892
-1122.540263
-757.517220
-860.090734
-1027.511918
-941.864053
-599.680440
-151.864461
183.385753
296.563289
257.613903
124.859712
51.039410
285.755344
677.288441
832.678139
453.992222
-24.616204
-185.307913
-52.961569
145.455985
158.914935
-140.240822
-706.740271
-1099.089062
-1160.266108
-960.625014
-888.436099
-1129.065815
-1525.696999
-1863.190371
-1926.814499
-1787.126910
-1595.438832
-1567.705237
-1695.157417
-1844.021563
-1842.186252
-1637.243147
-1354.809116
-1099.292986
-986.115450
-881.910547
-681.249835
-486.298981
-285.026498
-42.357548
271.888547
545.146021
691.563085
812.081867
1069.025461
1379.397010
1653.266254
1843.934715
1877.989938
1810.695187
1780.922358
1894.099893
2095.576299
2239.342358
2193.459574
2088.642901
2042.556193
2104.141086
2210.385223
2262.385713
2236.283506
2149.616024
2043.779734
1999.528337
2194.683115
2439.187377
2422.465651
1800.091166
1037.825168
1197.089412
1958.335792
2064.172082
1238.893727
379.967996
26.772515
178.491590
574.103156
709.916199
109.973298
-974.287887
-1601.352613
-1453.712008
-1050.963119
-946.962140
-1386.417257
-2199.868050
-2623.824981
-2373.610861
-1835.252853
-1620.725344
-1823.629215
-2219.648628
-2474.756911
-2303.257258
-1769.793414
-1299.953698
-1271.812256
-1382.338787
-1288.330059
-1065.849534
-768.936935
-451.020218
-202.233562
-116.585697
-108.632681
-140.240822
-148.397761
157.283547
519.655585
638.746902
497.020078
347.340238
325.316501
381.395460
413.003601
412.187907
155.652159
-232.006391
-507.507024
-545.640716
-497.718696
-621.500253
-902.710743
-1260.188618
-1505.916420
-1539.767719
-1555.673751
-1698.216270
-1859.927595
-1991.254322
-1955.975558
-1809.762417
-1671.706216
-1551.799205
-1479.202444
-1326.871598
-1041.786562
-794.223448
-609.876615
-343.144692
42.882470
405.662355
672.802124
843.078237
964.412712
1140.194759
1433.028887
1752.373069
1966.492732
2071.105481
2164.706362
2244.440446
2299.703711
2442.450152
2436.944218
2387.390811
2316.629360
2276.456433
2153.898417
2162.667127
2206.510677
2168.376985
2066.211317
1981.786993
2088.846824
1831.903230
1177.104910
935.659500
1639.807304
2062.948541
1419.773861
494.980843
163.197328
195.621163
407.905514
659.139251
325.316501
-647.602460
-1448.817844
-1471.861198
-1106.022461
-859.682887
-1079.308484
-1880.523868
-2574.883344
-2422.756422
-1857.480514
-1648.662862
-1770.609108
-2110.549562
-2518.396538
-2627.291680
-2162.346128
-1572.395478
-1426.794107
-1621.541038
-1659.470807
-1470.229810
-1214.713680
-784.639044
-470.596872
-448.369212
-514.236499
-441.639737
-239.347637
218.052746
708.896582
722.967302
331.230282
45.737399
124.655789
297.990754
484.376822
498.855389
112.216456
-439.396579
-653.516241
-432.055333
-295.426596
-492.212762
-937.377736
-1411.295922
-1657.839419
-1490.622159
-1210.227363
-1268.141634
-1631.737212
-1898.876982
-1862.578601
-1667.219899
-1372.754383
-1221.239231
-1266.102399
-1277.522114
-1029.347229
-656.982940
-410.439443
-185.715760
46.553093
246.602035
420.140923
656.692169
892.631644
1118.171022
1254.595835
1427.726877
1710.976601
1949.159235
2041.536575
2119.231424
2285.836914
2377.398560
2470.999441
2375.767172
2314.386202
2308.676344
2352.112047
2282.574138
2264.628871
2349.461042
2457.948337
2349.868889
1852.907349
1375.726387
1484.825453
1855.150507
1743.400436
1080.037330
484.376822
281.676875
207.856572
367.936510
428.705709
-28.286827
-764.246695
-1123.763804
-984.687985
-676.355672
-587.037184
-964.703484
-1490.826082
-1774.891501
-1636.223529
-1392.738885
-1282.212354
-1349.711029
-1723.910629
-2012.870211
-1988.399393
-1650.498173
-1461.257177
-1386.621180
-1439.437363
-1414.354774
-1341.554089
-1207.168511
-970.413341
-850.506330
-813.800102
-831.337522
-826.035512
-637.814132
-282.987263
-74.577459
-128.821107
-301.748224
-374.752833
-319.693491
-120.052397
58.176732
57.361038
-181.841213
-499.961855
-513.216881
-364.352735
-287.677504
-371.082210
-603.147139
-845.816090
-905.769596
-791.368519
-696.748020
-764.246695
-921.879551
-1033.425699
-1015.480432
-797.486223
-609.672691
-581.327326
-605.186374
-486.298981
-309.701240
-115.362156
62.663049
208.468342
349.583396
438.901884
668.927578
928.114331
1114.296476
1232.572099
1295.992303
1366.141983
1470.550809
1582.504804
1680.388078
1790.302838
1905.927456
1987.496851
2103.529316
2114.949031
2154.918034
2187.137946
2306.637109
2264.424947
1958.947563
1569.657624
1423.444483
1707.305979
1820.075667
1496.449092
953.604767
473.364953
261.692373
453.584375
573.491386
319.198796
-281.763723
-797.282300
-1019.966749
-899.244044
-731.618937
-905.769596
-1356.440504
-1667.627746
-1649.274632
-1424.347025
-1232.251100
-1244.894356
-1482.261296
-1652.741332
-1524.881305
-1228.784400
-900.467585
-753.234827
-792.999907
-862.333893
-874.773225
-687.979310
-394.533411
-258.312521
-297.057984
-321.732726
-312.964016
-188.366765
108.545833
280.249410
203.166332
-29.714291
-213.857201
-232.210315
-163.080253
-84.977557
-216.712130
-527.287602
-754.050521
-827.259053
-747.728892
-702.253955
-754.866214
-947.369987
-1173.928982
-1171.481900
-977.346740
-836.843457
-815.635414
-923.510939
-1005.896028
-977.142816
-797.894070
-517.907122
-299.097219
-178.578438
-52.757646
44.513858
190.523075
396.689722
608.362302
778.434491
856.333263
844.709625
860.615657
987.252143
1248.682054
1458.927170
1529.892544
1524.182686
1521.327758
1621.046343
1798.663701
1901.441139
1843.934715
1912.860854
2056.219066
2174.494689
2111.278408
2004.830347
1822.930596
1661.627117
1565.579154
1669.580133
1682.019466
1430.785729
1015.189661
639.766519
453.992222
400.360345
360.391341
118.334161
-292.163820
-691.242086
-868.859444
-927.793332
-934.522807
-1040.766945
-1327.483369
-1646.011857
-1758.577622
-1629.086207
-1452.896314
-1303.420397
-1275.075032
-1317.695041
-1357.460121
-1188.815397
-926.977638
-761.595690
-636.182745
-579.084168
-543.601481
-505.467789
-390.454942
-228.131845
-144.931062
-87.016792
-67.644060
-109.652299
-60.506738
57.768885
151.573689
140.357897
-23.392663
-212.021890
-336.823064
-353.748714
-271.975395
-353.748714
-548.495645
-731.822860
-829.910058
-777.093875
-746.709275
-757.925067
-867.839827
-1009.974498
-986.523297
-879.463466
-742.019035
-665.547727
-681.453759
-717.140369
-690.834239
-506.691330
-260.555680
-161.041018
-91.910955
-26.655439
126.695024
375.481679
598.573975
730.920318
758.653913
819.219189
949.730221
1215.442526
1403.459982
1572.308630
1678.756690
1634.505293
1563.947767
1567.210542
1675.493914
1681.203772
1665.093817
1635.932758
1577.814564
1487.068612
1351.459492
1323.318051
1301.090391
1170.579358
870.200061
574.918850
505.788788
629.366421
582.056172
316.547791
-20.741658
-240.367254
-342.940769
-366.391970
-393.921641
-634.959204
-983.464444
-1204.109658
-1166.179890
-1040.359098
-1008.139186
-1167.403431
-1376.017159
-1435.562817
-1245.913973
-1009.158804
-965.519177
-1061.363217
-1082.163413
-1026.084453
-944.515058
-741.203341
-664.732033
-726.113003
-815.431490
-778.929186
-581.123403
-390.862789
-228.947539
-160.633171
-158.797859
-112.507228
-55.000804
-28.694674
-1.980697
-35.220226
-132.695653
-319.693491
-410.847290
-399.835422
-365.372353
-252.806587
-273.606783
-363.333118
-507.914871
-557.468278
-446.941748
-377.199915
-385.968625
-524.840520
-611.508002
-558.283972
-388.619630
-228.335769
-179.598055
-195.300164
-240.979025
-144.115368
45.533476
169.926803
225.801839
245.990264
384.658236
512.314339
552.283343
639.358672
715.218210
806.168085
847.564553
853.886182
857.556804
904.459207
943.204669
1118.374945
1309.655177
1276.415649
1122.861262
995.816929
867.752979
903.439589
1031.503540
1044.554643
810.858326
614.683930
640.786137
721.131991
806.575932
791.689518
586.950336
238.241172
87.337791
266.790460
380.783690
243.747106
-85.793251
-408.604132
-556.244737
-457.137922
-282.375493
-304.399230
-525.860138
-699.602949
-748.952433
-621.296330
-420.839541
-343.960386
-464.479168
-646.990689
-685.532229
-601.923599
-476.510653
-411.866908
-518.722815
-665.139880
-745.689658
-631.900351
-465.294862
-390.251018
-397.388340
-479.773429
-543.805405
-562.566365
-549.515262
-561.138901
-600.088287
-641.688679
-661.673181
-650.457389
-550.942727
-409.011979
-335.191676
-359.662495
-414.517913
-426.549399
-378.831303
-257.292904
-184.288295
-180.413749
-261.983144
-291.959897
-244.241801
-93.134496
11.682177
20.246963
-85.793251
-154.923313
-113.934692
-23.596587
91.416260
103.855593
169.722880
230.288156
291.057355
367.732586
379.152302
400.156421
494.369072
546.777409
582.871866
656.896092
689.727774
701.555336
699.923948
716.441751
712.771128
610.605461
601.224980
584.299331
592.456270
563.906982
502.729935
380.171919
273.112088
196.029010
162.585558
131.385264
124.044018
23.101892
-36.035920
-78.248082
-137.385893
-157.370395
-122.295555
-68.867601
-62.342050
-184.900066
-250.767352
-172.256810
-63.361667
26.364668
38.396153
11.886100
39.619694
98.145735
151.165842
169.315033
223.558680
217.644899
115.071385
-3.612085
2.709543
52.874721
62.866972
10.866483
-5.039549
-20.945582
-65.604825
-22.984816
26.160744
-3.204238
-8.098402
-68.663678
-60.302815
-31.141756
-0.757156
5.360548
-20.333811
1.689926
-6.467014
41.251082
105.283058
93.251572
57.768885
-4.223855
19.839116
81.831856
153.409001
153.816848
122.820477
77.549463
-13.400412
6.584089
40.639312
34.929454
-17.886729
-124.130866
-167.566569
-161.448865
-138.405511
-132.899576
-150.640920
-128.209336
-113.526845
-83.142245
-24.412281
7.195860
54.710033
29.423520
-45.620324
-12.176872
79.384775
139.134356
226.005762
297.378983
278.006252
206.429108
144.640291
105.486981
75.306305
39.007924
72.451376
44.921705
104.467364
110.177221
19.635193
-8.098402
0.466385
-11.769025
21.062657
24.121509
-14.420030
-39.298695
-47.455635
-48.475252
-23.392663
-35.628073
-43.377165
20.246963
-1.980697
100.184970
177.268049
149.738378
62.051278
-30.733909
-91.707032
-51.738028
12.905717
13.517488
-62.749897
-96.193349
6.380166
100.184970
121.800860
70.819988
-12.176872
-55.408651
-9.729790
105.894828
163.605175
103.855593
51.855104
57.564961
92.639801
154.224695
163.197328
97.126118
66.333671
104.467364
101.816358
92.639801
110.788992
106.710522
87.541714
134.648040
259.449214
306.351617
311.245780
360.595264
362.634499
269.645389
218.460593
200.311403
177.675896
117.314543
63.478742
-6.670937
-32.569220
-20.129888
-16.255341
-23.188740
-98.028660
-143.503598
-130.656418
-126.170101
-80.287316
-89.463873
-162.468482
-217.527824
-240.571178
-259.943909
-253.418358
-252.194817
-338.658376
-384.337237
-370.878287
-289.920662
-214.265048
-171.033269
-130.044648
-156.146854
-192.445235
-168.790110
-87.220715
-35.016302
-49.698793
-94.765884
-95.173731
-83.346169
-103.126747
-125.354407
-126.577948
-138.405511
-150.029149
-177.966667
-140.444745
-26.247592
67.557212
67.557212
60.419890
45.533476
20.246963
15.964570
-23.392663
-92.930573
-148.805608
-154.311543
-99.252201
-23.596587
6.380166
-85.589327
-195.504087
-185.307913
-185.103989
-146.970297
-117.605315
-161.652788
-133.919194
-42.357548
91.416260
207.652648
277.394481
286.571038
277.802328
244.562800
266.994383
341.834303
355.905024
353.661866
368.752204
330.414588
258.021750
159.526705
116.906696
114.663538
162.993405
168.091492
53.690415
-84.977557
-173.480350
-157.166471
-111.079763
-128.821107
-170.625422
-256.273287
-360.886036
-334.579906
-277.073482
-204.680644
-175.111738
-151.048767
-107.001293
-34.200608
30.850984
53.690415
105.079134
115.071385
73.878840
19.839116
37.784383
91.620184
123.840095
68.984677
51.651180
83.055397
103.447746
80.608315
7.603707
-114.342539
-194.688393
-218.955288
-199.786480
-191.017770
-238.124096
-327.646507
-410.031596
-450.408447
-475.694960
-478.549888
-538.911241
-645.359301
-674.928207
-636.998438
-540.542629
-452.243758
-425.121935
-412.886525
-389.843171
-367.411587
-350.689861
-335.395600
-345.999621
-333.764212
-292.571667
-187.958918
-57.447886
-7.282708
20.246963
38.600077
144.232444
251.496198
310.022239
302.273147
211.935042
109.157604
47.572710
92.028031
178.287666
229.880309
162.993405
82.035780
13.925335
21.878351
147.087373
188.891688
118.334161
-13.604336
-40.726160
-16.459265
47.572710
105.690904
81.627933
74.898458
68.372906
138.522586
190.930922
279.433716
300.641759
280.657257
258.021750
261.284526
334.696981
341.222533
339.591145
321.238031
326.336118
353.050095
312.061474
316.139944
303.904535
353.457942
341.630380
308.186928
316.955638
301.457453
316.751714
313.488939
203.166332
82.647550
5.972319
-83.550092
-196.115858
-317.858180
-381.074461
-410.235520
-337.638758
-307.865929
-335.395600
-358.846801
-418.188536
-425.937628
-364.148812
-306.642388
-314.187557
-370.878287
-362.517424
-326.219043
-238.328020
-189.998153
-156.554701
-118.828856
