-9.928799
-10.451976
-9.928799
-10.451976
-9.928799
-10.451976
-8.882446
-11.498329
-2.604325
-1.034795
-10.975153
-9.928799
-10.451976
-9.928799
-10.451976
-9.405623
-0.511618
0.534735
0.011559
0.011559
-0.511618
0.011559
-7.836092
-10.451976
-9.928799
-10.451976
-9.928799
-9.928799
-9.405623
-1.557972
1.057912
-7.836092
-10.451976
-9.928799
-10.975153
-1.557972
-6.266562
-11.498329
-1.034795
0.011559
0.011559
0.011559
-0.511618
7.859210
10.998270
9.951916
10.475093
9.951916
9.951916
16.230037
21.461804
19.369098
21.461804
18.845921
26.693572
29.832632
20.938628
29.832632
30.355809
30.878986
27.216749
18.322744
27.216749
25.647218
19.369098
20.415451
20.415451
11.521447
16.753214
21.461804
10.475093
10.475093
9.951916
9.951916
9.951916
10.475093
2.104266
-0.511618
0.534735
0.534735
-0.511618
-9.405623
-9.928799
-9.928799
-17.776450
-21.438687
-19.869157
-22.485041
-30.332692
-30.332692
-30.332692
-30.855868
-29.286338
-37.657166
-40.796226
-40.273050
-40.796226
-40.273050
-40.273050
-40.796226
-39.749873
-40.796226
-39.749873
-46.551170
-51.782938
-50.213407
-51.259761
-49.167054
-42.888933
-40.796226
-33.471752
-29.286338
-30.855868
-29.809515
-30.855868
-20.392334
-20.915511
-12.021506
-9.405623
-9.928799
-1.557972
1.581089
9.428740
10.998270
17.799567
25.124042
30.878986
30.355809
38.726637
41.865697
51.282878
59.653706
62.792766
71.686770
70.640417
70.640417
79.534421
81.103952
80.580775
90.521133
90.521133
91.567486
90.521133
91.567486
88.428426
80.580775
80.057598
72.209947
64.362296
60.176882
59.653706
51.282878
44.481581
39.772990
34.018046
27.216749
13.614154
9.951916
2.104266
-11.498329
-18.299627
-25.100924
-35.041282
-42.365756
-48.643877
-55.968351
-62.769649
-70.094123
-71.663653
-69.570946
-75.325890
-81.604011
-70.617300
-76.372244
-82.127188
-80.557658
-81.080834
-80.557658
-81.080834
-80.557658
-81.080834
-80.557658
-81.604011
-80.557658
-81.080834
-80.557658
-81.080834
-80.557658
-82.127188
-74.279537
-70.617300
-63.816002
-53.875645
-47.074347
-40.796226
-36.087636
-29.809515
-25.624101
-14.114213
-9.405623
-10.975153
-4.173855
5.766503
12.567800
18.322744
23.554511
29.309455
35.064399
40.819343
46.051111
61.746413
75.349008
82.673482
89.474779
96.276077
102.554197
110.925025
111.448202
110.925025
119.295853
121.911736
120.342206
113.017732
109.878672
112.494555
104.123728
101.507844
99.938314
91.567486
84.766189
80.057598
82.150305
79.011245
72.209947
64.362296
60.700059
52.852408
50.236525
45.527934
34.541223
26.693572
12.044623
-1.034795
-16.206920
-24.054571
-39.226696
-49.167054
-61.723295
-71.140477
-74.279537
-82.127188
-88.928485
-92.067546
-89.974839
-93.637076
-101.484727
-100.438373
-102.007904
-99.915197
-106.716494
-111.948261
-110.901908
-111.425085
-112.471438
-121.888619
-113.517792
-104.623787
-107.239671
-100.438373
-89.451662
-81.080834
-70.094123
-55.968351
-46.551170
-33.471752
-18.299627
-5.743385
4.720149
16.230037
27.216749
30.355809
38.203460
40.296167
46.051111
51.806055
50.236525
50.236525
50.759701
49.190171
39.249813
41.342520
33.494869
30.355809
21.984981
19.892274
17.799567
8.905563
2.627442
-1.034795
1.057912
-1.034795
1.057912
-7.836092
-10.975153
-8.882446
-19.345980
-16.730097
-8.882446
-10.975153
-5.220209
1.057912
-1.034795
6.289679
18.845921
28.786279
41.342520
48.666994
60.176882
74.825831
84.243012
97.322430
109.878672
119.295853
122.434913
120.865383
122.434913
119.819030
110.925025
110.925025
109.878672
91.567486
81.103952
75.349008
68.024533
60.176882
47.620641
33.494869
20.415451
12.567800
6.812856
-6.789739
-19.869157
-20.392334
-26.670455
-33.994929
-40.273050
-49.167054
-50.213407
-52.829291
-63.816002
-74.802714
-86.312602
-91.021192
-95.729783
-107.239671
-110.901908
-118.226382
-122.411796
-120.842266
-121.888619
-120.842266
-111.948261
-111.425085
-107.239671
-93.637076
-85.266248
-74.802714
-69.047770
-61.200119
-48.643877
-38.180343
-30.332692
-31.379045
-23.531394
-18.822804
-20.392334
-19.345980
-24.054571
-20.915511
-18.822804
-9.928799
-9.928799
-9.928799
-2.604325
2.104266
8.382386
15.706860
21.984981
30.878986
39.772990
40.819343
48.143818
59.130529
60.700059
60.176882
52.329232
50.236525
50.759701
50.759701
51.282878
50.236525
50.236525
50.759701
58.607352
62.792766
69.070887
77.441714
85.289365
96.276077
100.461491
107.785965
111.448202
115.110439
122.958090
117.726323
110.401848
112.494555
103.077374
91.044309
86.858896
67.501357
56.514645
42.912050
31.402162
20.938628
6.289679
-7.312916
-19.869157
-28.239985
-38.180343
-43.935287
-51.259761
-49.690231
-51.782938
-60.153765
-61.200119
-69.047770
-78.988128
-83.696718
-93.637076
-105.146964
-116.133675
-122.411796
-120.842266
-126.074033
-136.537568
-142.292512
-135.491214
-128.166740
-121.888619
-114.040968
-104.623787
-86.835778
-71.140477
-57.537882
-43.412110
-30.332692
-15.160567
-2.604325
7.336033
19.369098
28.263102
30.878986
40.296167
38.203460
29.832632
30.355809
31.402162
24.600865
19.892274
13.090977
8.905563
10.998270
9.951916
9.951916
10.998270
3.673796
1.057912
11.521447
8.905563
1.581089
-1.034795
1.057912
-6.789739
-10.975153
-18.299627
-20.392334
-19.869157
-19.869157
-20.392334
-16.206920
-8.882446
-1.034795
8.905563
18.322744
34.541223
52.852408
71.163594
86.335719
98.368784
107.785965
122.434913
133.421625
141.269275
141.792452
150.163280
151.732810
151.732810
145.977866
138.130215
130.805741
119.819030
112.494555
105.170081
91.567486
79.011245
71.686770
58.607352
41.342520
24.077688
10.475093
-1.034795
-15.683743
-29.809515
-40.796226
-51.782938
-66.431886
-78.988128
-87.358955
-99.392020
-117.703205
-122.411796
-133.921684
-148.570632
-153.802400
-162.173227
-161.126874
-165.312288
-172.636762
-170.544055
-160.603697
-152.232870
-149.093809
-140.722982
-122.934973
-111.425085
-97.822490
-77.418597
-58.584235
-42.888933
-29.809515
-9.928799
3.673796
17.799567
30.355809
37.680283
49.190171
50.759701
52.852408
61.223236
60.700059
53.898762
48.666994
51.806055
48.666994
41.342520
39.249813
33.494869
25.124042
20.938628
13.614154
9.951916
5.766503
-1.034795
1.057912
-2.081148
-10.451976
-9.405623
-16.730097
-20.915511
-19.345980
-20.392334
-19.869157
-11.498329
-9.928799
-9.405623
-1.557972
5.243326
20.415451
38.203460
53.375585
65.931826
84.243012
99.938314
113.540909
127.143504
133.944801
141.269275
141.792452
141.269275
141.792452
141.269275
142.315629
138.653392
128.713034
121.388560
115.110439
103.600551
91.567486
74.825831
58.084176
41.342520
24.600865
7.336033
-7.836092
-16.206920
-31.379045
-42.365756
-50.213407
-62.769649
-72.186830
-77.941774
-89.451662
-103.054257
-117.703205
-125.550856
-136.537568
-141.769335
-146.477926
-157.464637
-162.696404
-161.126874
-162.696404
-160.080521
-151.709693
-151.709693
-140.722982
-126.597210
-116.656852
-96.776136
-80.034481
-63.816002
-41.319403
-27.193631
-13.591036
0.534735
10.998270
20.415451
30.355809
38.726637
41.342520
50.759701
50.236525
51.282878
41.865697
40.819343
37.680283
29.832632
29.309455
20.415451
17.799567
8.905563
10.998270
8.905563
0.534735
0.011559
-0.511618
0.534735
-7.836092
-9.928799
-14.637390
-20.915511
-19.869157
-20.392334
-20.392334
-16.206920
-9.928799
-4.697032
1.581089
6.812856
14.137330
26.170395
40.819343
62.269589
79.534421
92.613840
111.971379
122.434913
131.852094
140.746099
150.163280
160.103638
161.673168
161.673168
161.673168
162.196345
161.149991
152.255987
140.746099
126.620327
113.540909
98.368784
80.057598
61.746413
42.912050
23.554511
9.428740
-9.928799
-27.193631
-38.180343
-49.167054
-60.153765
-72.186830
-80.034481
-95.206606
-107.239671
-114.040968
-129.736270
-140.199805
-146.477926
-153.279223
-163.742758
-173.683115
-170.020878
-176.822176
-181.530766
-173.159939
-166.358641
-161.650051
-155.371930
-139.676628
-115.610499
-95.729783
-82.650365
-59.107412
-40.796226
-16.206920
3.673796
16.753214
31.402162
45.527934
58.084176
64.362296
71.163594
70.640417
70.640417
71.163594
68.547710
60.700059
53.375585
44.481581
34.018046
21.984981
12.044623
9.951916
8.905563
-2.081148
-8.882446
-13.591036
-20.392334
-24.054571
-28.239985
-29.286338
-33.471752
-40.273050
-41.319403
-50.736584
-48.643877
-39.226696
-41.319403
-36.610812
-24.054571
-14.114213
-2.081148
7.859210
23.031335
41.342520
63.315943
79.011245
98.891960
118.249499
129.759387
145.454689
158.010931
164.289052
171.613526
171.613526
171.613526
171.613526
172.136702
168.474465
158.534108
149.640103
137.083862
122.434913
108.832318
92.090663
70.640417
49.713348
29.832632
11.521447
-6.266562
-18.299627
-33.471752
-43.412110
-52.306114
-64.339179
-78.464951
-83.173541
-93.113899
-104.623787
-119.795912
-131.305800
-140.199805
-149.093809
-155.371930
-164.789111
-172.636762
-170.544055
-179.438059
-182.053943
-174.206292
-165.312288
-150.663339
-140.199805
-122.934973
-104.623787
-86.312602
-66.955063
-50.213407
-33.994929
-11.498329
5.243326
16.753214
28.786279
37.680283
47.620641
50.759701
50.236525
50.759701
50.236525
50.759701
46.051111
35.064399
29.309455
20.938628
11.521447
9.951916
-3.127502
-10.975153
-9.405623
-9.928799
-10.451976
-19.345980
-20.392334
-20.392334
-19.869157
-20.915511
-28.763162
-31.379045
-26.670455
-29.286338
-29.809515
-30.855868
-29.809515
-21.438687
-14.637390
-1.034795
7.336033
23.554511
40.819343
64.885473
86.858896
104.123728
122.958090
141.269275
155.918224
168.997642
177.891646
187.308828
193.063772
191.494241
193.063772
183.123414
182.600237
174.752586
160.103638
144.931513
121.388560
105.170081
82.150305
58.607352
47.620641
28.786279
3.673796
-10.975153
-24.577748
-38.703519
-52.829291
-66.955063
-74.802714
-89.974839
-99.915197
-106.193317
-116.656852
-129.213093
-147.001102
-157.464637
-171.590409
-190.424771
-191.471124
-194.610185
-202.457836
-202.457836
-199.841952
-185.193004
-172.113585
-150.663339
-130.259447
-103.577434
-80.557658
-56.491528
-36.610812
-12.021506
11.521447
28.786279
43.958404
56.514645
71.686770
80.580775
80.580775
80.580775
81.103952
76.918538
66.455003
54.945115
39.249813
26.170395
14.660507
-1.557972
-13.591036
-18.822804
-24.054571
-30.332692
-32.948575
-40.796226
-40.273050
-39.749873
-45.504817
-51.782938
-48.643877
-53.875645
-61.200119
-60.153765
-60.676942
-60.676942
-60.676942
-60.676942
-60.153765
-48.120700
-31.902222
-12.544683
12.567800
41.342520
68.547710
105.170081
134.467978
162.196345
189.924711
209.805427
227.070259
236.487440
248.520505
258.460863
263.692630
258.984039
245.904621
228.639789
217.129901
201.434599
182.077060
155.395047
126.620327
99.415137
71.163594
43.958404
14.660507
-4.697032
-29.286338
-47.074347
-62.769649
-83.173541
-98.345666
-116.133675
-131.305800
-145.431572
-159.034167
-166.358641
-187.808887
-204.027366
-213.444547
-231.755732
-247.974211
-253.729155
-252.159625
-253.729155
-247.451034
-238.033853
-221.815375
-193.040654
-166.358641
-136.537568
-99.392020
-63.292826
-28.763162
5.243326
30.355809
62.792766
88.951603
107.262788
125.050797
134.991155
141.269275
141.792452
140.746099
131.852094
120.342206
106.739611
90.521133
70.640417
54.421938
40.819343
21.461804
3.673796
-12.544683
-20.915511
-39.226696
-49.690231
-57.014705
-61.200119
-68.001416
-71.140477
-76.372244
-90.498016
-92.590722
-100.438373
-107.762848
-111.948261
-118.749559
-121.888619
-120.842266
-116.656852
-101.484727
-81.604011
-60.153765
-26.670455
9.428740
45.004757
88.951603
130.805741
165.335405
200.388246
232.825203
256.891333
276.248872
290.897820
299.791824
303.977238
301.361355
293.513704
284.619699
263.692630
247.997328
230.209319
201.957776
174.752586
138.130215
108.309142
80.580775
52.852408
24.600865
1.057912
-19.869157
-40.273050
-65.908709
-91.021192
-106.716494
-130.782624
-152.232870
-174.729469
-196.702892
-217.629961
-236.987500
-254.252332
-275.179401
-293.490586
-301.338237
-305.523651
-306.046828
-300.815061
-287.735642
-270.470810
-236.987500
-201.934659
-164.789111
-121.888619
-85.266248
-44.458463
-7.312916
29.832632
63.839120
83.196659
108.832318
132.375271
144.931513
159.580461
162.719521
161.673168
161.673168
160.626814
153.825517
138.653392
121.388560
104.646904
82.673482
64.885473
51.806055
32.971693
15.706860
-6.266562
-25.100924
-37.657166
-55.968351
-75.325890
-91.021192
-104.100610
-118.749559
-131.828977
-145.431572
-159.557344
-162.173227
-170.544055
-172.636762
-168.974525
-151.186516
-135.491214
-117.180029
-88.928485
-55.445175
-11.498329
28.786279
72.209947
117.203146
161.149991
198.295539
237.010617
269.447574
289.328290
319.672540
342.692316
356.818088
364.665739
371.990213
367.804799
353.155851
335.891019
323.857954
299.791824
261.599923
222.361668
183.646591
144.931513
102.031021
66.978180
27.739925
-11.498329
-45.504817
-80.557658
-107.239671
-136.537568
-173.683115
-200.888305
-230.709379
-267.854927
-287.212466
-311.801772
-349.993673
-378.245217
-405.973583
-421.668885
-436.317833
-444.688661
-444.688661
-438.933717
-417.483471
-388.185574
-346.331436
-298.722354
-250.590095
-201.934659
-145.954749
-90.498016
-33.994929
19.369098
65.931826
108.832318
145.454689
180.507530
215.037194
233.348380
246.950975
250.613212
243.288738
238.580147
220.268962
196.726009
167.428112
140.746099
121.388560
94.706547
66.978180
39.249813
21.461804
1.057912
-19.869157
-34.518106
-59.107412
-80.034481
-103.577434
-124.504503
-147.524279
-168.451348
-189.378417
-210.828663
-229.139849
-233.325263
-222.861728
-200.365129
-170.020878
-135.491214
-91.021192
-27.193631
40.296167
116.679969
188.355181
253.752272
321.242070
388.208692
441.572718
490.228154
534.698176
564.519249
592.247616
612.651508
633.578578
638.287168
634.624931
626.254103
605.327034
566.611956
529.466408
476.102382
408.089407
335.367842
263.169453
199.341892
127.666680
62.269589
-6.266562
-70.094123
-126.074033
-174.729469
-225.477612
-283.550229
-337.960608
-394.986872
-458.814433
-507.993045
-560.310718
-617.336982
-672.793715
-725.111388
-760.687406
-782.660828
-798.356130
-802.541544
-793.124363
-764.872819
-710.985616
-646.111702
-572.866960
-493.344097
-404.927230
-315.987186
-222.338551
-127.120387
-43.935287
38.726637
107.785965
178.414823
241.719207
294.560057
328.566544
347.924083
354.202204
354.202204
348.970437
320.718894
281.480639
228.639789
172.136702
123.481267
74.302654
31.925339
-19.869157
-69.047770
-114.040968
-150.140163
-175.775822
-205.596896
-232.802086
-270.993987
-294.536940
-304.477298
-302.384591
-309.185888
-313.894479
-305.000474
-279.887991
-235.941146
-186.762534
-123.981326
-54.921998
25.124042
116.679969
227.070259
339.553256
447.327662
549.870301
643.518935
743.445691
844.418799
928.650253
989.861930
1036.947836
1072.000677
1102.868104
1120.656112
1115.424345
1083.510565
1019.159827
943.822378
862.729985
759.140993
636.717638
495.983098
348.447260
221.838492
110.401848
0.534735
-99.392020
-193.040654
-280.411168
-351.040027
-406.496760
-468.754791
-539.906826
-624.138279
-702.614789
-760.687406
-824.514966
-894.620648
-971.004451
-1048.434607
-1102.321810
-1121.679349
-1129.003823
-1122.725702
-1103.891340
-1062.037201
-994.024227
-893.574295
-764.872819
-635.124991
-508.516222
-376.152510
-228.616672
-80.557658
64.885473
190.971065
283.573346
370.943860
455.175313
520.572404
568.181486
584.399965
570.274193
542.022650
505.923456
460.930257
399.718580
318.103010
223.408022
137.083862
63.839120
-4.697032
-69.047770
-145.954749
-229.139849
-297.676000
-343.715552
-384.000161
-436.317833
-493.344097
-551.939891
-577.052374
-576.006020
-572.343783
-556.648481
-528.396938
-481.834209
-397.602756
-284.596582
-166.358641
-47.597524
72.733124
200.911423
331.182428
470.347438
596.956206
697.406138
795.240187
895.690119
998.755934
1097.113160
1181.867790
1231.569579
1274.470071
1302.721614
1323.648683
1345.622106
1318.940093
1244.648997
1147.861302
1038.517366
918.186718
771.174057
591.724439
395.009989
212.944487
57.560999
-79.511304
-198.795598
-320.695776
-435.271480
-515.317520
-584.376848
-633.555460
-685.349957
-758.071522
-834.978501
-916.070894
-974.143511
-1023.322124
-1082.441094
-1161.963957
-1217.943867
-1241.486820
-1235.731876
-1198.586328
-1158.301720
-1105.460870
-1022.798947
-902.991476
-757.548345
-590.654969
-430.562889
-283.027052
-120.842266
47.620641
224.977552
382.453748
504.877102
596.433030
677.525423
752.339695
805.703721
816.167256
777.452178
702.637906
627.823634
541.499473
429.016476
308.162652
160.626814
9.951916
-117.180029
-213.444547
-291.921056
-380.337923
-470.324321
-547.231300
-606.350270
-640.356758
-675.932775
-725.634565
-777.429061
-812.481902
-820.329553
-793.124363
-749.700694
-693.720784
-617.860158
-504.330808
-332.728841
-139.676628
59.653706
246.950975
437.387304
635.671284
836.047972
1010.265822
1151.000363
1259.821122
1343.006222
1427.237676
1505.714185
1567.449039
1602.501880
1617.674005
1622.382596
1629.183893
1621.859419
1587.852931
1499.436064
1362.363761
1199.655798
1019.683004
822.968553
585.969495
321.242070
53.898762
-171.590409
-353.655910
-521.072464
-689.535370
-846.488389
-959.494563
-1031.692951
-1084.533801
-1148.361362
-1218.990220
-1283.864135
-1335.658631
-1367.049235
-1390.592187
-1421.459614
-1442.909860
-1463.313753
-1456.512455
-1403.671606
-1318.916975
-1210.619393
-1103.891340
-972.573981
-783.184005
-552.463067
-317.033539
-100.438373
93.660193
296.652764
500.691688
700.545199
855.405511
953.762736
1035.901482
1089.788685
1134.258707
1160.940720
1130.073293
1040.086896
910.862244
754.432402
575.505961
371.990213
132.375271
-139.676628
-414.344411
-652.912999
-842.826152
-1014.428119
-1178.182435
-1314.731562
-1404.717959
-1427.214558
-1415.181494
-1386.929950
-1350.307579
-1295.374023
-1202.248565
-1076.686150
-919.733131
-748.131164
-574.959667
-398.649109
-187.808887
62.792766
329.089721
579.691374
805.703721
1039.563719
1304.291144
1560.647741
1771.487963
1932.103219
2049.817983
2152.360622
2238.684782
2298.326930
2315.068585
2296.757399
2260.658205
2208.863709
2145.559325
2062.897401
1935.242280
1735.388769
1473.800404
1160.417544
834.478442
493.367214
100.461491
-331.682488
-741.853043
-1053.666374
-1287.526372
-1485.810352
-1675.723505
-1806.517687
-1849.418179
-1825.875226
-1778.789320
-1750.537777
-1726.994824
-1683.571156
-1619.220418
-1566.379568
-1530.803551
-1495.227533
-1457.035632
-1429.830442
-1385.360420
-1286.480018
-1132.142883
-951.646912
-772.197294
-554.555774
-255.821862
100.461491
440.003188
713.101440
956.378619
1195.993561
1405.787430
1548.091500
1588.376108
1559.601388
1497.343357
1405.264253
1271.331010
1087.695978
867.438575
625.730927
354.202204
56.514645
-230.186202
-502.238101
-796.786600
-1098.136396
-1372.281002
-1581.551693
-1706.067755
-1805.471334
-1892.318671
-1923.186098
-1881.331959
-1768.848962
-1627.591246
-1489.995766
-1327.287803
-1115.401228
-889.388881
-654.482530
-414.867588
-157.464637
88.428426
317.056656
557.717952
817.213609
1092.404569
1321.555976
1519.316780
1720.739821
1932.626396
2125.678609
2244.962903
2298.850106
2327.624826
2348.551896
2334.426124
2267.459503
2173.810868
2091.148945
2023.135970
1937.858163
1834.269171
1731.203355
1612.442238
1417.820494
1129.550117
790.008420
445.758132
74.825831
-382.430630
-885.726644
-1304.268027
-1592.015228
-1809.133571
-2030.960504
-2209.363768
-2242.847079
-2126.178668
-1987.013659
-1899.119968
-1806.517687
-1650.611022
-1466.452813
-1345.598989
-1294.327669
-1233.639169
-1155.162659
-1108.076754
-1094.474159
-1062.037201
-934.382080
-755.978815
-602.688033
-426.377476
-138.630275
254.275449
644.565289
929.173429
1167.742018
1431.946266
1681.501566
1813.865278
1787.183265
1688.826040
1564.309979
1410.496020
1174.020139
878.948463
597.479383
316.010303
-4.173855
-352.086380
-675.932775
-946.938321
-1235.731876
-1566.379568
-1870.868425
-2077.000056
-2169.079160
-2241.277549
-2313.999114
-2289.932985
-2129.317729
-1876.100192
-1600.386056
-1332.519570
-1014.951296
-635.124991
-270.993987
49.190171
341.122786
619.975983
848.081036
1000.848641
1118.040229
1258.774769
1406.310606
1488.449353
1514.085013
1581.574811
1727.017941
1881.878253
1953.030288
1967.156060
2015.288319
2109.460130
2163.347333
2142.943441
2106.321070
2098.473419
2113.645544
2083.301294
1997.500310
1919.546978
1821.189753
1588.376108
1213.781570
786.869359
394.486812
-28.239985
-570.251076
-1145.222301
-1554.346504
-1731.703415
-1850.987709
-2024.159206
-2137.688557
-2040.377685
-1788.206501
-1597.246995
-1565.333215
-1532.896258
-1408.903373
-1302.175320
-1340.367221
-1483.717645
-1564.286861
-1574.227219
-1633.346190
-1723.332587
-1689.326100
-1466.452813
-1175.043375
-919.733131
-621.522396
-133.398507
490.228154
1001.894995
1326.264567
1583.667518
1881.355076
2117.307781
2105.274716
1871.937895
1606.687294
1371.780942
1087.695978
713.624617
350.539967
86.858896
-133.921684
-401.788169
-670.701008
-833.408971
-943.799261
-1150.977245
-1470.638227
-1750.014600
-1884.471020
-1965.040236
-2132.456789
-2317.138175
-2329.171239
-2130.364082
-1854.649946
-1586.783461
-1276.016484
-848.057919
-344.761906
106.739611
477.671912
829.246674
1143.675888
1332.542688
1381.198123
1393.754365
1445.548861
1460.720986
1349.807520
1199.132622
1187.622734
1325.741390
1461.244163
1498.389711
1541.290203
1719.170290
1972.387827
2136.142144
2193.168407
2269.029033
2411.856280
2504.981738
2478.822901
2414.995340
2348.028719
2179.565812
1785.613735
1229.476872
712.578264
250.613212
-317.033539
-1026.461184
-1622.882655
-1858.835360
-1899.119968
-2017.357909
-2194.191643
-2195.761173
-1904.874912
-1627.068069
-1634.392543
-1770.418493
-1791.345562
-1720.716703
-1791.868739
-2063.920638
-2279.469450
-2287.840278
-2240.754372
-2243.893433
-2169.079160
-1806.517687
-1258.228475
-755.455638
-303.954121
278.864755
1050.027254
1732.772885
2100.566126
2248.625140
2403.485452
2558.868941
2472.544780
2072.837759
1598.839643
1248.834411
957.948150
604.280681
257.937686
61.223236
-13.591036
-151.709693
-377.722040
-543.569063
-662.330180
-911.885480
-1387.453127
-1931.033749
-2295.164752
-2490.309672
-2727.308730
-2987.850741
-3048.539242
-2764.454278
-2236.568958
-1682.001625
-1112.262167
-448.350898
274.156165
900.921886
1343.529399
1650.110962
1844.732705
1848.394943
1590.991992
1253.543002
1023.868417
873.193519
665.492358
414.890705
352.109497
614.221039
1028.577008
1350.853873
1582.097987
1886.063667
2277.399860
2556.776234
2635.775920
2603.338963
2583.981424
2525.908807
2350.121426
2154.976506
2037.261742
1908.037090
1592.561522
1103.391280
674.386362
392.394105
44.481581
-530.489645
-1127.434293
-1416.227847
-1425.645028
-1522.432723
-1843.140058
-2101.589362
-2063.920638
-1938.358223
-2083.278177
-2423.343051
-2624.242915
-2593.375488
-2586.574190
-2744.573562
-2830.897723
-2633.660096
-2295.687929
-2023.112853
-1775.650260
-1307.407087
-621.522396
-31.902222
359.957148
765.419113
1344.575752
1905.944383
2156.546036
2138.234850
2141.897088
2240.777489
2202.062411
1891.818611
1503.621478
1270.284657
1124.318349
885.749761
587.015849
414.890705
352.109497
166.381758
-209.782310
-606.350270
-904.037829
-1245.672233
-1801.285920
-2426.482111
-2826.712309
-2939.195305
-2949.658840
-2941.288012
-2773.348282
-2284.701217
-1564.810038
-861.137338
-232.278909
387.685515
980.967926
1382.244477
1510.945952
1486.879823
1410.496020
1210.119333
791.577950
326.997014
73.256301
57.037822
88.428426
66.978180
192.017418
635.148108
1206.457096
1630.753423
1859.904831
2072.837759
2327.624826
2453.710418
2334.426124
2134.572613
2074.407289
2102.135656
2073.884113
2053.480220
2225.082187
2515.445272
2613.279320
2395.114624
2061.851048
1772.534317
1319.986446
453.605783
-607.396624
-1380.128653
-1813.842161
-2289.932985
-2994.652039
-3530.385009
-3518.875121
-3200.783670
-3089.870203
-3224.849800
-3157.360002
-2715.275665
-2254.880144
-2124.085962
-2147.628914
-1975.503770
-1662.120910
-1472.207757
-1403.671606
-1184.983733
-707.323379
-247.974211
61.223236
455.175313
1160.417544
1939.427693
2366.863081
2453.710418
2547.359053
2770.755516
2807.377887
2388.836504
1720.216644
1172.450609
787.392536
351.063144
-149.093809
-502.238101
-648.727585
-781.614475
-1001.348701
-1188.122793
-1263.460242
-1392.684894
-1755.246368
-2200.992941
-2428.574818
-2387.767033
-2292.548868
-2248.602023
-2086.417237
-1605.617823
-900.898769
-235.417970
303.454061
797.332894
1259.821122
1532.396198
1541.813379
1396.370249
1198.609445
884.180231
381.930571
-133.921684
-400.741816
-392.370988
-352.609557
-356.271794
-176.298999
345.308200
1011.312176
1515.131366
1785.613735
2025.751854
2335.472477
2534.802811
2507.597621
2356.399546
2321.869882
2452.664065
2612.756144
2792.728939
3066.350368
3345.203564
3366.653810
3012.986341
2452.664065
1821.712929
932.312490
-331.159311
-1670.491737
-2598.607255
-3080.976199
-3517.305591
-4054.608092
-4342.878470
-4033.681023
-3390.173646
-2969.539556
-2835.606313
-2614.825733
-2135.072673
-1680.432095
-1577.366280
-1663.167263
-1623.929009
-1470.638227
-1347.168519
-1228.930578
-905.084183
-333.252018
232.302026
673.340009
1190.761794
1906.990736
2560.438471
2765.523749
2554.683527
2287.340218
2086.963531
1713.415346
1008.173116
198.295539
-377.722040
-684.303603
-899.329239
-1039.540602
-984.083869
-751.793401
-538.337296
-424.284769
-343.715552
-281.457522
-375.629333
-755.978815
-1208.003509
-1475.869994
-1548.591560
-1572.657689
-1610.326414
-1473.254111
-1022.275770
-407.019937
165.858582
614.744215
987.769223
1263.483359
1306.907028
1097.636336
774.313118
408.612584
-66.431886
-635.648167
-1062.037201
-1139.990534
-940.660200
-711.508793
-472.417028
-13.591036
702.114729
1409.972844
1863.567068
2123.062725
2354.306840
2560.438471
2642.577217
2637.868627
2700.126657
2886.900750
3117.098511
3328.461909
3602.083338
3885.645126
3879.890182
3380.256405
2507.597621
1520.363133
435.294597
-919.733131
-2399.800098
-3509.981117
-4019.555251
-4219.408762
-4398.858380
-4381.070371
-3828.595745
-2898.910697
-2184.774462
-1913.768916
-1725.425294
-1330.950040
-978.852102
-1047.388253
-1408.903373
-1612.419120
-1515.108249
-1328.857333
-1166.149371
-836.548031
-206.120073
486.042740
991.954637
1386.429891
1824.851990
2164.916864
2052.957044
1470.138167
796.286540
325.950661
-89.974839
-690.058547
-1275.493307
-1461.221046
-1170.334784
-703.137965
-268.901280
218.699431
798.379247
1256.158885
1377.535886
1214.827924
898.306002
423.261532
-300.291884
-1131.619706
-1721.763057
-1931.033749
-1890.749140
-1771.464846
-1474.823641
-828.177204
10.998270
696.882962
1070.431146
1239.940407
1286.503135
1085.603271
557.194775
-94.683429
-632.509107
-1017.567180
-1342.459928
-1496.797063
-1288.049548
-723.541858
-85.789425
423.261532
908.769537
1494.204297
2002.208901
2176.426752
2072.314583
1942.566754
1938.381340
1946.752168
1931.580042
2083.824471
2540.034578
3151.104998
3686.314792
4081.313222
4352.841945
4324.067225
3727.122577
2583.458247
1159.371190
-374.582979
-2003.755314
-3534.570423
-4522.328088
-4754.618555
-4548.486924
-4244.521245
-3709.834627
-2676.037411
-1407.333843
-602.164857
-519.502933
-714.647853
-753.886108
-797.309777
-1260.844359
-2029.390974
-2525.362513
-2462.058129
-2062.874284
-1567.425922
-909.792773
-44.458463
760.710523
1250.927118
1490.018883
1650.634139
1577.389397
972.073921
-66.431886
-976.759395
-1400.009368
-1544.929322
-1697.696927
-1682.524802
-1136.851474
-77.941774
1032.239245
1858.858477
2426.505228
2790.636232
2809.470594
2317.684469
1431.946266
438.956834
-543.045886
-1508.306951
-2318.184528
-2684.408238
-2449.501887
-1849.941356
-1178.182435
-485.496446
280.957462
997.709581
1377.012710
1296.443493
906.153653
401.288110
-190.947948
-853.289687
-1384.314067
-1572.134512
-1425.121851
-1096.043689
-653.436176
-43.412110
684.849897
1271.854187
1503.098301
1460.720986
1351.377050
1208.026626
931.266136
587.015849
433.725067
636.717638
1093.450922
1653.773199
2361.108137
3247.369516
4138.339486
4754.641673
5000.011559
4916.303282
4430.795277
3384.441819
1809.156688
50.236525
-1587.306637
-3026.565819
-4165.521558
-4644.228266
-4208.422050
-3199.214140
-2219.827303
-1465.929636
-682.210896
155.395047
499.122158
-76.895421
-1189.692323
-2073.860996
-2509.667211
-2840.838080
-3249.439106
-3364.537986
-2779.103226
-1655.319612
-491.251390
440.003188
1141.060005
1508.330069
1370.734589
786.869359
83.719835
-582.807318
-1373.850532
-2256.449674
-2775.964166
-2511.759918
-1605.617823
-585.946378
302.407708
1250.403941
2340.704245
3217.548443
3441.991259
2989.443389
2167.532747
1167.742018
49.190171
-1023.322124
-1778.266144
-2093.741711
-2093.741711
-1830.583817
-1168.765254
-121.365443
932.312490
1516.700896
1544.952440
1334.635395
1058.398082
584.923142
-194.610185
-1043.202839
-1544.929322
-1583.644400
-1330.426864
-927.057605
-370.397566
303.454061
875.809403
1174.020139
1239.940407
1119.086582
759.140993
140.222922
-487.065976
-792.078009
-672.270538
-292.967410
212.944487
914.001304
1834.792348
2816.271891
3589.003920
4046.783558
4217.862349
4127.875951
3785.195194
3274.574706
2684.954532
1992.791720
1150.477186
253.229095
-544.615416
-1199.632681
-1769.372139
-2186.343992
-2190.006229
-1754.723191
-1292.234962
-1181.321496
-1292.758139
-1262.413889
-1124.295232
-1363.386997
-2071.245112
-2666.097053
-2582.388776
-1994.338133
-1553.300150
-1460.697869
-1309.499794
-819.283199
-241.172914
-2.081148
-177.345353
-540.430003
-973.620334
-1468.022343
-1861.451244
-1948.298581
-1777.742967
-1597.246995
-1425.121851
-981.991162
-138.630275
744.492044
1192.331324
1219.536514
1238.370876
1432.469443
1525.594901
1251.973471
765.942290
412.274821
325.950661
345.831377
335.367842
286.712406
183.646591
-16.730097
-275.702578
-401.264993
-366.735329
-340.053315
-435.271480
-500.668571
-303.954121
90.521133
393.963636
455.175313
456.221666
563.996073
678.048600
569.227840
217.653078
-179.438059
-433.178773
-566.588839
-663.376534
-678.025482
-580.191434
-414.344411
-232.802086
29.309455
454.652136
948.530968
1308.999735
1494.727474
1675.223445
1960.877939
2266.413149
2450.048181
2554.160350
2707.974308
2965.900436
3209.700792
3330.554616
3273.005176
2961.715022
2345.412835
1437.701210
372.513390
-764.349643
-1923.186098
-2900.480228
-3325.299732
-2998.314276
-2226.628600
-1546.498853
-1110.169461
-679.071836
-213.967724
-91.021192
-613.151568
-1452.327041
-2006.894374
-2101.066185
-2066.536521
-2179.019518
-2214.072359
-1860.404890
-1201.725388
-612.628391
-329.066604
-314.417656
-532.059175
-984.083869
-1521.909546
-1881.331959
-1960.854822
-1929.464218
-1894.934554
-1637.531603
-922.872192
96.799253
944.868731
1396.370249
1638.601074
1881.355076
1985.990422
1717.600760
1112.285285
478.718266
27.739925
-331.159311
-591.701322
-615.767452
-404.404053
-185.193004
-103.054257
4.196972
344.785023
767.511820
841.802916
485.519563
71.686770
-57.537882
27.739925
43.958404
-1.557972
85.812542
336.414195
553.532538
567.135133
447.327662
298.745471
53.898762
-321.218953
-628.846870
-690.581724
-563.449779
-455.152196
-326.450720
96.276077
855.405511
1609.303177
2041.970332
2222.466304
2391.452387
2598.107195
2687.047239
2598.107195
2477.253371
2446.909121
2456.326302
2435.399233
2380.988853
2255.426438
1914.838387
1267.668773
361.526678
-652.389823
-1624.452185
-2354.283722
-2582.388776
-2286.793924
-1782.451557
-1387.976304
-1055.759081
-600.072150
-197.749245
-319.649423
-1011.289059
-1674.677151
-1778.789320
-1506.737421
-1473.777287
-1845.755942
-2091.649004
-1789.776032
-1189.169147
-843.349329
-939.090670
-1235.731876
-1502.552007
-1725.425294
-1920.570214
-1979.689184
-1892.841847
-1749.491424
-1547.545206
-1110.692637
-351.563203
452.036253
919.756248
1031.192892
1124.318349
1352.946580
1475.369935
1212.735217
653.982470
224.977552
170.043996
343.738670
412.797998
253.229095
9.951916
-154.848753
-246.404681
-295.060117
-298.199177
-233.848439
-82.650365
127.143504
400.241756
707.869673
965.272624
1091.881392
1104.437634
1060.490788
962.656740
696.359785
225.500729
-277.272108
-587.515908
-642.972641
-576.006020
-517.410226
-458.814433
-294.013763
15.183684
358.387618
655.552000
895.166942
1106.530341
1314.231502
1505.714185
1697.196868
1932.626396
2199.969704
2469.405720
2723.146434
2909.920526
2974.794440
2856.556499
2514.922095
2011.626082
1418.866848
741.876160
-70.094123
-996.640110
-1816.981222
-2182.681755
-1918.477507
-1293.281316
-810.912372
-624.661456
-487.589153
-240.126560
-170.020878
-677.502306
-1562.194154
-2140.827617
-1998.000370
-1489.995766
-1249.334470
-1396.347131
-1497.320240
-1248.811294
-876.309463
-802.018367
-1153.069952
-1740.074242
-2301.966049
-2665.050699
-2701.673070
-2402.415981
-1960.854822
-1570.564982
-1193.354560
-643.495818
72.733124
636.717638
758.094639
569.751017
434.248244
493.367214
576.552314
526.850525
394.486812
280.434285
197.772362
195.679655
294.036880
355.771734
196.726009
-210.828663
-515.840696
-348.947320
204.050483
660.783767
769.604527
769.081350
990.908284
1375.443179
1567.972216
1407.356960
1054.212668
703.684259
396.056343
103.077374
-163.219581
-363.596268
-492.820920
-516.887050
-313.894479
98.368784
449.420369
475.579205
279.911109
238.056970
472.440145
732.982156
765.942290
698.452492
867.961752
1369.165059
1973.434181
2454.233595
2751.397977
2944.450190
3034.436587
2967.993143
2700.126657
2202.062411
1502.051948
680.664483
-144.385219
-906.653713
-1530.803551
-1847.325472
-1662.120910
-1039.540602
-434.225127
-183.623473
-181.007590
-190.424771
-255.298685
-725.634565
-1585.737107
-2215.118712
-2086.940414
-1418.843731
-926.011252
-944.845614
-1091.335098
-950.077381
-671.224185
-730.343155
-1275.493307
-2045.086275
-2683.885062
-3010.347341
-2975.817677
-2583.958306
-2002.185784
-1477.962701
-1063.606732
-608.966154
-69.570946
284.096522
190.971065
-177.345353
-390.801458
-266.285397
-14.637390
109.355495
166.904935
356.294911
668.631418
866.392222
780.591238
478.718266
39.772990
-477.125618
-889.912058
-947.461498
-545.661770
102.031021
723.564975
1206.457096
1644.879195
2024.705500
2161.254627
1951.983935
1471.707698
943.822378
487.089093
116.679969
-143.338865
-231.755732
-120.319089
114.064086
377.221980
574.982784
607.419741
415.937058
76.918538
-219.199491
-298.199177
-126.074033
195.679655
585.446318
1061.537142
1653.250023
2318.207645
2881.668982
3158.952649
3101.403209
2823.073189
2476.207017
2093.764828
1617.674005
1060.490788
539.929943
125.050797
-248.497388
-660.237474
-970.481274
-938.567493
-612.105214
-348.424143
-416.437118
-657.621590
-775.859531
-789.462126
-1014.951296
-1500.982477
-1819.597105
-1533.942611
-811.435548
-278.318461
-307.093181
-690.581724
-1007.103645
-1165.626194
-1359.201584
-1722.809410
-2174.834104
-2545.243228
-2667.143406
-2482.462021
-2030.960504
-1541.790262
-1278.109191
-1256.658945
-1229.453755
-1031.692951
-799.925660
-761.733759
-856.428747
-767.488703
-335.344725
229.686143
596.433030
657.121530
502.261219
260.030393
-17.253273
-256.868215
-419.053001
-527.873761
-605.303917
-543.569063
-144.385219
555.625245
1209.072980
1509.899599
1521.409487
1496.297004
1539.720672
1493.157943
1247.788057
939.113787
754.955579
727.750389
748.154281
741.352984
695.313432
611.081978
492.844037
409.135761
395.533166
366.758446
203.004129
-28.763162
-95.729783
114.064086
449.420369
670.724125
758.094639
911.908597
1258.251592
1698.766398
2027.321384
2176.949928
2242.347020
2319.253999
2400.346392
2335.472477
2011.102905
1490.018883
948.007792
443.665425
-117.703205
-828.700380
-1455.466102
-1554.346504
-1034.832012
-370.397566
-105.146964
-259.484099
-423.238415
-437.887364
-622.568749
-1226.837871
-1905.398089
-2000.093077
-1405.241136
-672.270538
-353.132734
-458.291256
-617.860158
-646.111702
-708.892909
-1008.673175
-1559.055094
-2182.681755
-2649.878574
-2752.421213
-2406.078219
-1814.365338
-1342.983105
-1180.275142
-1121.679349
-940.137024
-719.356444
-726.157741
-975.189864
-1149.407715
-954.785972
-492.297743
-118.226382
-20.392334
-85.789425
-155.371930
-197.226068
-209.259133
-233.325263
-276.748931
-299.245530
-216.583607
98.368784
621.022336
1141.060005
1450.780628
1528.210784
1507.806892
1490.018883
1416.250964
1233.139109
998.755934
826.630791
777.975355
817.736786
890.458352
951.670029
952.716382
883.657054
802.564661
738.213923
623.115043
377.745157
66.978180
-124.504503
-36.610812
306.593122
695.313432
1002.418172
1261.390652
1530.303491
1819.620222
2044.586216
2093.764828
1992.268543
1856.242593
1775.673377
1701.905458
1508.330069
1204.887566
841.802916
396.579519
-214.490900
-876.309463
-1237.824582
-1039.017425
-579.145081
-423.761592
-688.489017
-941.183377
-829.746734
-655.528883
-927.580782
-1528.187667
-1765.709902
-1257.705298
-453.582666
-69.570946
-266.808573
-613.674745
-757.025168
-782.137651
-890.958411
-1169.811608
-1555.916034
-1965.563413
-2231.860368
-2128.271375
-1686.710216
-1319.440152
-1366.002881
-1650.087845
-1701.359164
-1394.254424
-1095.520512
-1105.984047
-1232.592815
-1099.705926
-669.131478
-302.907768
-246.927858
-380.861100
-524.734701
-599.025796
-565.019309
-421.668885
-230.709379
-119.272736
-118.749559
-3.127502
390.301399
929.696606
1284.410429
1313.708325
1230.523225
1269.238303
1380.674947
1400.555662
1299.059377
1194.424031
1180.821436
1227.907342
1267.145596
1273.946894
1216.397454
1095.543629
957.424973
872.670343
841.802916
757.571462
558.241129
359.433971
345.308200
534.698176
795.763364
979.921572
1109.146224
1279.701838
1550.707384
1842.639998
2017.904203
2052.433867
2003.255254
1913.268857
1724.402058
1390.615305
990.908284
592.770793
153.302340
-434.748303
-1075.639796
-1382.221360
-1111.738991
-579.145081
-368.304859
-654.482530
-1022.275770
-1121.156172
-1114.354874
-1389.022657
-1853.603593
-1917.954330
-1274.446953
-365.688975
149.640103
80.580775
-264.715866
-576.006020
-828.177204
-1084.010624
-1305.837557
-1471.684580
-1634.392543
-1746.352363
-1642.763371
-1270.261540
-924.441722
-953.739619
-1331.996394
-1696.650574
-1784.544264
-1681.478449
-1561.670978
-1379.605476
-1004.487761
-498.575864
-100.438373
30.878986
-81.080834
-353.132734
-691.628077
-954.785972
-931.243019
-590.131792
-198.272422
26.693572
152.779163
388.208692
766.465467
1040.610073
1025.961124
817.213609
663.399651
696.882962
908.769537
1188.669087
1456.012396
1616.627652
1630.753423
1542.859733
1428.807206
1294.873963
1073.570207
813.551372
674.909539
772.220411
1008.173116
1170.357902
1101.298573
879.994817
721.995445
721.995445
817.736786
880.517994
877.378933
984.106986
1320.509623
1788.229619
2162.300980
2257.519145
2091.148945
1786.660088
1394.277542
924.464839
474.009675
115.633616
-215.537254
-612.628391
-957.925032
-885.726644
-373.536626
46.051111
-164.265934
-886.772997
-1503.598361
-1675.200328
-1672.061268
-1865.113481
-2069.152405
-1765.186725
-880.494876
50.236525
405.996700
86.335719
-498.575864
-991.408343
-1273.923777
-1405.764312
-1448.664804
-1450.234334
-1398.439838
-1228.930578
-925.488075
-639.833581
-634.078637
-991.931520
-1516.154602
-1900.689498
-1999.569900
-1868.775718
-1581.551693
-1156.209013
-672.270538
-288.258819
-152.232870
-294.013763
-604.780740
-946.415144
-1190.738677
-1233.639169
-1014.428119
-596.409913
-122.934973
275.725695
562.426542
740.306630
833.432088
832.908911
730.889449
603.757504
553.009361
670.724125
953.762736
1311.092442
1574.773513
1668.945324
1597.270113
1406.833783
1179.775083
948.007792
781.637592
756.525109
896.213296
1142.629535
1382.244477
1522.979017
1519.839957
1387.999421
1194.424031
1008.173116
861.683631
796.809717
845.988330
1086.649625
1518.793603
1970.295120
2227.174894
2199.446528
1961.924293
1617.150828
1191.284971
735.074863
349.493614
50.759701
-242.742444
-601.118503
-852.766510
-737.144453
-373.536626
-281.457522
-756.501992
-1464.360106
-1856.219476
-1834.246054
-1789.252855
-1913.768916
-1863.543950
-1279.678721
-394.463695
125.573974
-75.849067
-673.840068
-1157.778543
-1348.738049
-1329.903687
-1242.009996
-1125.341586
-1007.103645
-891.481588
-718.833267
-493.867274
-416.960294
-721.972328
-1312.115678
-1802.855450
-1889.702787
-1688.802923
-1471.161404
-1277.586014
-957.925032
-511.132106
-199.318775
-261.576806
-616.813805
-949.031028
-1089.242391
-1024.368477
-804.634251
-457.244903
-58.061058
243.811914
370.943860
423.261532
516.910167
633.055401
670.724125
598.525737
541.499473
627.300457
862.729985
1124.841526
1266.622420
1236.801346
1101.821750
971.550745
901.968240
911.385421
951.146852
1014.451236
1153.093070
1339.343985
1511.469129
1565.356332
1446.595215
1208.026626
985.153339
870.577636
877.378933
942.776024
1022.298887
1187.099557
1501.005594
1897.573555
2186.367109
2210.433239
1995.930780
1682.024743
1334.112218
964.749447
626.777280
398.672226
254.798626
38.726637
-289.305173
-509.039399
-423.761592
-263.146336
-475.556088
-1148.884539
-1837.385114
-2063.920638
-1909.583503
-1849.941356
-1978.119654
-1858.312183
-1207.480332
-383.476984
-110.378731
-631.462753
-1406.287489
-1756.815898
-1561.147801
-1190.215500
-1011.289059
-998.209641
-890.958411
-619.429689
-367.258505
-342.669199
-622.045572
-1086.103331
-1516.154602
-1724.378941
-1653.750082
-1412.565610
-1144.699125
-903.514653
-645.588525
-378.245217
-233.325263
-377.722040
-773.766824
-1148.884539
-1244.102703
-1006.580468
-586.469555
-208.735956
56.514645
261.599923
455.698490
614.744215
666.538711
628.346810
549.347124
471.393792
470.347438
589.108556
818.783140
1064.676202
1211.165686
1191.284971
1077.755621
985.676516
931.266136
892.027882
867.961752
919.756248
1103.391280
1338.820808
1468.045460
1409.449667
1248.834411
1116.993875
1067.292086
1044.795487
977.305689
914.524481
968.411684
1201.748505
1550.707384
1833.222817
1924.778745
1836.361878
1664.236734
1488.449353
1289.119019
1020.729357
788.438889
690.081664
679.094953
574.982784
243.288738
-165.835465
-386.092867
-364.642622
-398.125932
-763.826466
-1376.466416
-1863.543950
-1991.722249
-1907.490796
-1858.312183
-1850.464532
-1653.750082
-1195.970444
-776.905884
-798.356130
-1277.586014
-1756.815898
-1776.173437
-1350.830756
-918.163601
-817.190492
-959.494563
-991.931520
-742.899397
-448.350898
-437.887364
-751.793401
-1107.553577
-1254.043061
-1177.136082
-1044.772369
-969.958097
-894.620648
-732.959039
-516.363873
-384.000161
-435.794657
-632.509107
-831.316264
-895.143825
-784.753535
-558.741188
-324.358013
-140.722982
13.090977
164.289052
336.937372
513.771107
657.644707
719.902738
685.373074
590.154909
524.757818
568.704663
718.333208
887.842468
987.769223
1032.239245
1058.921258
1088.219155
1072.523853
974.166628
865.345869
841.279739
914.524481
994.570521
964.226270
806.226898
627.823634
545.684887
567.135133
598.002560
521.618758
343.215493
218.699431
273.632988
468.254731
691.651194
835.524795
890.458352
938.590611
974.689805
983.060633
930.219783
859.590925
835.524795
863.253162
900.398709
875.809403
740.306630
542.022650
373.559743
295.083234
303.454061
261.076746
52.329232
-315.464009
-706.800202
-970.481274
-1012.858589
-883.110760
-682.210896
-525.257877
-522.118817
-695.813491
-927.580782
-1056.805434
-1041.110132
-964.726330
-967.342214
-1042.679663
-1088.196038
-1032.216128
-906.130536
-803.587897
-784.230358
-827.130850
-877.355816
-906.653713
-918.686778
-921.302661
-893.051118
-787.892595
-595.363559
-367.781682
-241.696090
-310.755418
-530.489645
-729.819979
-778.475414
-695.290314
-607.396624
-625.184633
-716.740560
-765.919173
-701.568435
-547.754477
-408.066290
-367.781682
-396.556402
-424.284769
-422.715239
-413.298057
-399.172286
-319.126246
-126.074033
158.010931
423.261532
565.565603
595.909853
608.466095
648.750703
729.319919
820.352670
851.743274
816.167256
761.756876
782.160769
900.398709
1039.563719
1119.086582
1099.205866
1034.855129
960.564033
887.842468
848.081036
898.306002
1063.629849
1277.085954
1438.747564
1518.270426
1545.475616
1557.508681
1548.091500
1529.780314
1525.071724
1535.535258
1553.323267
1524.025370
1446.595215
1345.622106
1221.629221
1109.669401
1034.331952
970.504391
839.187032
555.102068
166.381758
-175.252646
-334.298371
-295.060117
-161.126874
-78.464951
-157.987814
-444.165484
-859.567807
-1212.712099
-1382.221360
-1422.505968
-1496.273887
-1683.047979
-1880.808783
-1958.762115
-1913.245740
-1856.742653
-1876.623369
-1961.901176
-2011.602965
-1973.411064
-1862.497597
-1747.398717
-1683.047979
-1633.346190
-1508.306951
-1271.307893
-1031.692951
-932.289373
-1023.845300
-1191.261854
-1267.645656
-1174.520198
-988.792459
-861.137338
-838.640738
-858.521454
-827.130850
-697.906198
-515.840696
-380.337923
-347.900966
-355.748617
-322.265307
-223.384905
-71.140477
106.739611
286.189229
480.810973
678.048600
838.140679
939.113787
947.484615
915.570835
918.186718
1006.603585
1182.914143
1342.483045
1401.078839
1374.920003
1350.853873
1395.847072
1482.171232
1524.025370
1480.601702
1363.933291
1250.927118
1243.602644
1360.794231
1522.979017
1639.647428
1684.117450
1700.335928
1730.680178
1744.805950
1663.190380
1524.025370
1402.648369
1333.589041
1306.383851
1257.728415
1177.159199
1065.722556
902.491416
740.306630
633.578578
562.949719
457.268020
233.348380
-92.067546
-357.841324
-455.675372
-380.337923
-249.543741
-204.027366
-349.470496
-678.548659
-1080.348387
-1397.393485
-1525.048607
-1536.558495
-1575.273573
-1714.438583
-1882.901489
-1952.483994
-1896.504084
-1831.630170
-1845.755942
-1931.033749
-1976.550124
-1913.768916
-1795.530976
-1690.372453
-1630.730306
-1584.690754
-1461.744223
-1273.400600
-1079.302034
-974.143511
-1023.322124
-1130.050176
-1183.414203
-1112.785344
-949.031028
-819.806376
-792.601186
-808.296488
-746.038457
-579.668257
-373.536626
-237.510676
-203.504189
-196.179715
-167.928171
-77.418597
51.282878
175.798940
293.513704
434.248244
602.711151
776.929001
909.292714
961.087210
947.484615
941.206494
985.676516
1073.570207
1151.523539
1175.589669
1179.251906
1197.563092
1245.695351
1306.907028
1351.900227
1357.131994
1333.589041
1308.476558
1311.615618
1349.284343
1378.059063
1408.926490
1454.966042
1537.627965
1617.674005
1608.256824
1500.482418
1367.072352
1287.026312
1261.390652
1223.721928
1148.384479
1081.941034
1027.007478
963.179917
850.696920
663.399651
480.810973
371.467036
341.645963
311.824889
177.368470
-69.047770
-314.417656
-412.774881
-329.589781
-202.981012
-240.649737
-533.628705
-959.494563
-1308.453441
-1462.267399
-1460.174692
-1457.035632
-1567.425922
-1729.087531
-1788.729678
-1708.683639
-1581.028517
-1554.869680
-1656.889142
-1770.941669
-1775.127083
-1663.167263
-1529.234021
-1461.744223
-1442.909860
-1366.002881
-1188.645970
-968.388567
-829.223557
-864.276398
-1030.123421
-1178.705612
-1165.103017
-993.501050
-804.634251
-719.356444
-727.727272
-693.197607
-543.045886
-321.218953
-148.047456
-92.590722
-142.815688
-189.378417
-153.802400
-16.730097
188.355181
336.937372
412.274821
467.208378
576.029137
713.101440
777.975355
747.631104
691.651194
709.439203
790.008420
881.564347
921.325779
918.186718
932.835667
992.477814
1095.543629
1179.775083
1190.238617
1130.073293
1095.020453
1165.649311
1300.628907
1385.906714
1341.436692
1234.708639
1183.437320
1251.973471
1374.396826
1436.131680
1384.860361
1246.741704
1103.914457
1031.192892
1012.881706
991.954637
929.173429
852.789627
843.895623
885.749761
865.869045
724.088152
555.102068
494.413568
548.300771
566.611956
385.069631
30.878986
-297.152824
-404.927230
-263.669513
-81.080834
-101.484727
-427.423829
-884.157114
-1177.136082
-1186.553263
-1070.408029
-1086.103331
-1304.791204
-1540.743909
-1585.213931
-1460.174692
-1346.645342
-1384.314067
-1531.326727
-1615.035004
-1542.836616
-1407.333843
-1370.711472
-1477.439524
-1605.617823
-1576.843103
-1346.122165
-1075.639796
-978.328925
-1109.123107
-1296.420376
-1329.903687
-1168.242077
-958.448209
-865.322751
-883.633937
-870.031342
-736.098099
-497.006334
-256.868215
-105.670141
-59.630589
-85.266248
-120.319089
-109.855555
-47.074347
26.693572
104.123728
192.017418
303.454061
434.248244
507.492986
520.049227
513.771107
558.764305
683.280367
822.445377
905.107300
897.259649
865.869045
900.398709
1028.577008
1195.993561
1292.781256
1264.006536
1191.284971
1182.390966
1270.284657
1360.794231
1368.641882
1294.350786
1211.165686
1197.563092
1228.430519
1246.218527
1203.318036
1093.450922
975.212982
906.153653
900.398709
952.193206
1012.358529
1028.577008
1013.404883
1005.034055
1016.543943
961.087210
784.776652
581.260905
512.201576
623.115043
733.505333
593.817146
186.262474
-242.219267
-405.973583
-238.033853
29.832632
98.891960
-173.159939
-653.959353
-1050.004137
-1160.917603
-1055.759081
-1000.302347
-1155.685836
-1430.876795
-1573.704043
-1485.810352
-1322.056036
-1296.943553
-1476.916348
-1703.451871
-1792.391915
-1699.266458
-1578.412633
-1570.041805
-1655.319612
-1689.849276
-1537.081672
-1262.937065
-1076.686150
-1126.387939
-1322.056036
-1415.704670
-1251.427177
-938.044317
-727.204095
-716.217384
-788.938949
-768.011880
-602.688033
-388.185574
-235.941146
-217.629961
-302.384591
-399.172286
-416.437118
-324.881190
-181.530766
-54.921998
38.203460
145.454689
272.586634
347.924083
344.261846
308.162652
347.400907
509.062516
721.995445
883.133877
940.160141
964.749447
1054.212668
1216.397454
1384.860361
1445.025684
1369.688235
1226.337812
1160.940720
1226.337812
1331.496334
1356.085640
1249.357588
1088.742332
975.736158
985.676516
1097.113160
1191.284971
1199.132622
1133.735531
1063.106672
1046.888194
1069.907970
1093.450922
1083.510565
1070.431146
1118.563405
1201.225329
1227.907342
1108.623048
868.484929
655.552000
619.975983
781.114415
937.544257
866.915399
484.996386
11.521447
-255.298685
-200.888305
18.322744
120.342206
-68.001416
-487.065976
-862.706868
-1002.395054
-950.077381
-929.150312
-1116.970758
-1449.711158
-1709.729992
-1750.014600
-1650.087845
-1591.492051
-1655.842789
-1780.882027
-1837.385114
-1792.391915
-1723.332587
-1718.100820
-1762.047665
-1768.325786
-1628.114422
-1366.002881
-1131.096530
-1047.388253
-1129.527000
-1226.314694
-1175.043375
-972.050804
-775.859531
-731.389509
-816.144139
-873.693579
-790.508479
-581.760964
-354.702264
-229.663025
-242.219267
-322.788483
-378.245217
-347.900966
-265.239043
-191.994301
-117.180029
1.581089
183.123414
386.115985
535.744529
612.651508
656.075177
732.982156
843.895623
953.762736
1024.391594
1062.583495
1118.563405
1195.470385
1283.364075
1325.741390
1273.946894
1168.788371
1067.815263
1017.067120
1046.888194
1137.920944
1204.364389
1193.900854
1108.099871
1023.345241
1018.113473
1067.815263
1100.252220
1093.974099
1059.444435
1039.563719
1042.179603
1037.994189
1028.577008
1038.517366
1077.755621
1123.271996
1167.218841
1186.576380
1127.457410
966.842154
779.544885
678.048600
738.213923
871.623989
892.027882
681.187660
320.195717
-1.557972
-102.007904
17.799567
165.335405
124.527620
-175.252646
-613.151568
-962.110446
-1073.023913
-1052.096844
-1081.394740
-1275.493307
-1554.346504
-1720.193527
-1710.253169
-1620.266771
-1604.571470
-1722.286234
-1871.914778
-1915.861623
-1830.060640
-1714.438583
-1651.134198
-1638.577957
-1570.041805
-1403.671606
-1208.003509
-1089.242391
-1120.632995
-1247.241764
-1322.579213
-1261.367535
-1100.752279
-956.878679
-901.421946
-900.375592
-855.382393
-712.031970
-534.151882
-420.099355
-416.437118
-459.337610
-447.827722
-352.609557
-206.643249
-72.710007
20.415451
129.236211
288.805113
463.546141
591.201262
623.115043
574.982784
543.069003
576.029137
674.386362
783.207122
831.862558
847.557860
895.690119
1005.034055
1136.351414
1197.039915
1145.768595
1035.378305
969.458038
1022.298887
1144.722242
1243.079467
1238.894053
1165.126134
1091.358215
1068.861616
1099.729043
1131.119647
1124.841526
1080.371504
1031.192892
1021.775711
1039.563719
1034.331952
989.861930
950.100499
961.610387
1036.947836
1112.808461
1127.980587
1062.060319
953.762736
868.484929
829.246674
834.478442
855.405511
851.220097
751.293342
513.247930
200.911423
-39.226696
-98.868843
-9.405623
74.302654
-7.312916
-291.397880
-659.191120
-954.262795
-1073.023913
-1058.374964
-1049.480960
-1160.394427
-1371.234648
-1541.267085
-1574.750396
-1500.459300
-1451.280688
-1516.154602
-1657.412319
-1761.001312
-1760.478135
-1700.312811
-1646.948785
-1624.975362
-1586.260284
-1482.148115
-1331.996394
-1226.837871
-1219.513397
-1297.466730
-1352.923463
-1291.188609
-1129.527000
-968.911744
-916.070894
-944.322437
-932.812549
-803.587897
-586.992731
-384.523337
-287.735642
-298.199177
-359.934031
-397.602756
-367.781682
-283.550229
-187.808887
-88.405309
12.044623
122.958090
230.209319
292.467350
320.718894
359.957148
432.155537
545.684887
659.214237
736.644393
794.193833
863.776338
992.477814
1141.583181
1243.602644
1251.973471
1169.834725
1082.464211
1058.398082
1093.974099
1161.463897
1218.490161
1234.708639
1216.397454
1190.761794
1170.881078
1179.251906
1192.854501
1192.854501
1186.053203
1161.463897
1137.397768
1107.053517
1089.265509
1109.669401
1180.298259
1260.344299
1319.463269
1328.880451
1270.807834
1171.404255
1050.027254
938.067434
853.312804
798.902424
777.452178
764.372760
695.313432
528.420055
267.354867
24.077688
-89.974839
-42.365756
42.388874
-22.485041
-294.536940
-671.224185
-950.600558
-1054.712727
-1061.514025
-1118.017111
-1297.466730
-1545.975676
-1725.948471
-1758.385428
-1703.975048
-1682.524802
-1764.663549
-1898.073615
-1959.808469
-1898.596791
-1792.915092
-1744.259656
-1760.478135
-1745.829186
-1623.405832
-1443.956214
-1317.870622
-1302.698497
-1337.228161
-1303.744850
-1163.010310
-955.309149
-805.680604
-793.647539
-868.984988
-900.375592
-802.541544
-612.105214
-454.629019
-434.225127
-523.688347
-583.853671
-506.946692
-334.298371
-169.497702
-64.862356
-4.697032
86.335719
232.825203
385.069631
493.890391
539.406766
560.857012
612.651508
722.518621
845.465153
914.001304
934.928373
954.285912
1039.040543
1175.589669
1284.410429
1286.503135
1212.735217
1152.046716
1151.523539
1200.702152
1245.695351
1245.172174
1190.761794
1150.477186
1170.881078
1235.231816
1285.456782
1275.516424
1193.377678
1109.669401
1088.742332
1129.550117
1169.834725
1145.245419
1078.278797
1017.067120
1019.683004
1068.861616
1109.146224
1107.053517
1058.398082
1022.298887
1021.775711
1032.762422
986.722870
873.193519
769.604527
733.505333
714.147794
589.108556
306.593122
-28.763162
-242.219267
-245.358327
-120.842266
-77.941774
-254.775508
-623.615102
-1002.918231
-1222.129281
-1257.705298
-1245.672233
-1330.950040
-1518.247309
-1706.590932
-1770.941669
-1712.869052
-1657.935496
-1694.557867
-1808.087217
-1889.702787
-1853.080416
-1743.213303
-1651.657375
-1622.359478
-1619.743595
-1560.101448
-1438.724446
-1319.440152
-1287.526372
-1361.294291
-1436.108563
-1393.731248
-1225.268341
-1028.553891
-899.329239
-867.415458
-863.230044
-790.508479
-658.144767
-517.933403
-434.225127
-434.748303
-464.569377
-448.350898
-363.596268
-235.941146
-110.378731
-2.081148
96.276077
219.745785
342.692316
407.043054
422.738356
444.188602
528.943232
656.075177
780.068062
859.590925
895.690119
944.345555
1043.749133
1188.145910
1316.324209
1361.840584
1319.986446
1233.139109
1199.655798
1234.708639
1306.907028
1328.357274
1272.900540
1216.397454
1202.271682
1245.695351
1289.642196
1276.039601
1217.443807
1157.278483
1144.199065
1187.622734
1247.788057
1260.344299
1214.304747
1160.417544
1140.536828
1157.801660
1158.324837
1094.497276
993.000990
922.372132
901.968240
905.630477
854.882334
738.213923
611.605155
546.208064
554.055715
541.499473
405.473524
106.739611
-262.099983
-500.668571
-492.820920
-330.112957
-235.941146
-370.397566
-696.336668
-1014.428119
-1154.116306
-1142.606418
-1132.142883
-1250.904001
-1465.929636
-1655.319612
-1700.835988
-1648.518315
-1617.650888
-1661.597733
-1771.464846
-1858.312183
-1849.941356
-1768.325786
-1697.696927
-1663.167263
-1624.975362
-1548.068383
-1418.320554
-1313.162031
-1289.095902
-1326.764626
-1354.492993
-1277.586014
-1110.169461
-945.891968
-875.786286
-892.527941
-904.037829
-826.607673
-664.946064
-494.390450
-408.589467
-434.748303
-502.238101
-509.562576
-421.668885
-287.212466
-164.789111
-71.140477
15.706860
130.805741
261.599923
366.758446
428.493300
456.221666
503.307572
598.525737
728.796742
855.405511
950.623675
1016.020767
1089.788685
1190.761794
1285.456782
1337.251278
1322.079153
1301.675261
1325.218213
1396.370249
1485.310293
1537.627965
1548.091500
1536.058435
1538.151142
1546.521970
1540.243849
1500.482418
1412.065550
1292.781256
1187.622734
1132.166000
1119.609759
1107.576694
1076.709267
1012.358529
937.544257
878.425287
822.968553
770.650881
724.611328
685.373074
654.505647
644.042112
629.916340
590.154909
527.373702
467.731554
442.619071
458.314373
460.930257
365.188916
135.514331
-149.093809
-364.642622
-428.993359
-378.245217
-316.510363
-367.258505
-570.774253
-829.746734
-1045.295546
-1159.871250
-1217.420690
-1305.314381
-1443.956214
-1588.876168
-1665.259970
-1649.041492
-1603.525116
-1587.829814
-1631.253483
-1713.392229
-1781.405204
-1776.173437
-1729.087531
-1683.047979
-1637.008427
-1582.074870
-1469.591873
-1330.426864
-1236.778229
-1223.698811
-1263.983419
-1276.539660
-1230.500108
-1140.513711
-1066.222615
-1026.984361
-989.315636
-908.746420
-766.442350
-617.860158
-521.072464
-516.363873
-558.218011
-572.343783
-508.516222
-374.059803
-229.139849
-109.332378
-1.034795
136.560685
296.129587
434.248244
545.684887
636.717638
725.134505
832.908911
962.133563
1089.788685
1216.397454
1330.973157
1438.224387
1547.045147
1629.707070
1646.448725
1608.256824
1550.707384
1532.396198
1555.939151
1587.852931
1581.051634
1527.687608
1466.999107
1427.760852
1411.542374
1394.800718
1341.436692
1225.814635
1090.835039
984.630163
939.113787
934.405197
928.127076
897.259649
864.822692
846.511506
831.339381
790.008420
723.041798
656.075177
607.419741
595.386676
604.803857
604.280681
576.552314
525.804171
460.930257
401.288110
343.738670
292.990527
243.288738
139.176569
-27.716808
-240.649737
-424.284769
-507.469869
-495.436804
-439.456894
-446.258191
-578.098727
-817.190492
-1062.037201
-1227.361048
-1289.619079
-1317.347445
-1387.976304
-1495.227533
-1589.922521
-1607.710530
-1572.657689
-1545.975676
-1574.227219
-1666.306324
-1761.001312
-1801.285920
-1783.497911
-1738.504712
-1689.849276
-1629.683953
-1551.207443
-1451.280688
-1350.307579
-1285.956842
-1276.539660
-1288.049548
-1273.400600
-1202.248565
-1107.030400
-1012.335412
-928.103959
-825.038143
-690.581724
-529.966468
-379.814747
-288.781996
-240.126560
-194.087008
-126.074033
-25.624101
86.335719
192.017418
316.533480
468.254731
631.485871
777.975355
878.425287
925.511192
959.517680
1010.265822
1073.570207
1137.397768
1190.238617
1259.821122
1340.913515
1413.111904
1459.151456
1465.429577
1446.072038
1422.005908
1407.356960
1393.231188
1356.608817
1311.615618
1261.913829
1219.536514
1205.410742
1199.655798
1197.039915
1178.728729
1118.563405
1033.285599
930.742960
830.816204
759.664169
721.472268
713.624617
717.286854
715.717324
692.174371
644.565289
588.062202
532.605469
482.380503
448.374015
419.076119
396.579519
368.327976
334.844665
309.732182
273.109811
237.010617
198.295539
167.428112
135.514331
97.322430
29.832632
-99.915197
-279.887991
-456.721726
-573.390136
-602.164857
-568.681546
-558.218011
-638.264051
-812.481902
-1035.878365
-1233.115992
-1350.830756
-1415.704670
-1475.869994
-1559.578271
-1618.174065
-1622.359478
-1579.982163
-1532.896258
-1544.929322
-1623.405832
-1713.915406
-1747.398717
-1713.392229
-1638.054780
-1554.346504
-1463.836929
-1356.062523
-1218.467043
-1085.056978
-1003.441408
-979.898455
-989.315636
-994.547403
-935.428433
-830.793087
-706.800202
-579.145081
-456.198549
-333.775195
-212.398193
-115.610499
-54.921998
-21.961864
-4.697032
40.296167
100.984667
184.692944
286.712406
412.797998
551.963008
702.114729
830.816204
912.431774
954.285912
981.491102
1008.696292
1051.596784
1117.517052
1181.867790
1241.509937
1286.503135
1334.635395
1371.780942
1392.708011
1388.522598
1355.562464
1296.443493
1239.940407
1204.364389
1169.311548
1149.954009
1113.331638
1058.921258
1012.358529
976.259335
934.928373
884.703407
825.584437
750.770165
679.618130
609.512448
544.638534
492.844037
456.744843
445.758132
443.665425
453.082606
465.115671
448.897192
399.718580
323.334777
243.288738
197.772362
181.553884
158.534108
114.064086
50.759701
-3.650679
-21.961864
-16.730097
-19.869157
-54.398821
-133.398507
-236.987500
-341.622846
-450.443605
-565.019309
-659.714297
-708.892909
-701.568435
-647.158055
-619.952865
-676.979129
-839.163915
-1042.679663
-1198.586328
-1262.413889
-1260.321182
-1254.043061
-1274.970130
-1299.036260
-1285.956842
-1223.175634
-1173.473845
-1177.659259
-1245.672233
-1345.075812
-1391.638541
-1351.353933
-1252.473531
-1138.421004
-1039.017425
-947.984675
-854.336040
-771.150940
-712.555146
-699.475728
-709.939263
-686.919487
-611.058861
-478.695149
-341.099669
-237.510676
-165.835465
-97.822490
-3.127502
102.554197
169.520819
184.169767
161.673168
156.964577
209.805427
310.778536
439.480011
555.102068
644.042112
702.637906
737.690747
754.432402
758.617816
775.359471
817.736786
876.855757
941.729671
985.153339
1000.325465
1005.557232
1025.961124
1061.537142
1093.974099
1093.974099
1054.735844
1009.219469
981.491102
971.550745
968.934861
944.345555
882.610701
821.399023
773.266764
732.982156
693.220725
638.810345
572.890077
492.844037
419.599295
369.374329
330.136075
290.897820
260.030393
234.394733
212.944487
200.911423
187.832004
167.951289
150.686457
130.805741
114.064086
91.044309
69.070887
55.468292
57.037822
81.103952
97.845607
93.137016
67.501357
41.342520
5.243326
-21.961864
-41.842580
-82.127188
-155.371930
-241.172914
-319.126246
-373.013449
-397.602756
-403.357700
-416.960294
-455.152196
-523.688347
-622.568749
-726.157741
-823.468613
-905.607359
-956.878679
-985.130222
-1001.348701
-987.222929
-965.772683
-949.554205
-939.613847
-957.401856
-1003.964585
-1052.096844
-1073.547090
-1043.202839
-966.819037
-868.984988
-780.044944
-716.740560
-661.807004
-609.489331
-573.390136
-563.972955
-583.330494
-606.873447
-586.992731
-508.516222
-401.264993
-296.629647
-246.927858
-229.663025
-201.934659
-150.663339
-86.312602
-48.120700
-39.749873
-40.273050
-4.697032
76.918538
193.063772
305.023592
375.652450
410.182114
444.188602
502.784395
578.121844
641.426228
680.141306
717.286854
756.001932
802.564661
858.544571
909.292714
940.160141
935.974727
928.650253
930.219783
926.034369
906.676830
886.272938
862.206808
833.432088
805.180545
765.419113
722.518621
683.280367
646.657996
625.730927
590.678086
534.174999
478.195089
409.135761
345.831377
291.944173
234.394733
189.401535
171.090349
178.414823
214.514018
235.441087
221.315315
168.997642
116.679969
93.660193
92.090663
105.170081
106.216435
93.660193
89.474779
107.262788
131.852094
141.792452
133.421625
97.845607
57.037822
35.587576
29.832632
19.892274
-5.743385
-48.120700
-110.901908
-166.881818
-223.384905
-267.331750
-284.073405
-291.921056
-307.616358
-337.437432
-372.490273
-439.980071
-522.118817
-607.396624
-673.316892
-700.522082
-708.369733
-703.661142
-709.416086
-726.157741
-759.117875
-793.647539
-818.760022
-839.163915
-860.090984
-869.508165
-868.461812
-851.196980
-806.726958
-765.395996
-735.574923
-725.634565
-732.959039
-748.131164
-758.594699
-758.071522
-747.607987
-723.018681
-691.104901
-637.217697
-578.098727
-524.211524
-471.370674
-423.761592
-368.828035
-320.172600
-276.225754
-220.769021
-166.881818
-91.021192
12.567800
127.143504
246.950975
351.063144
431.632360
497.552628
550.393478
597.479383
658.167884
711.531910
759.140993
799.425601
837.617502
871.100813
892.551058
908.246360
911.385421
920.279425
930.742960
923.418485
893.597412
849.650567
802.041484
770.127704
752.339695
740.829807
717.810031
681.187660
650.843410
625.207750
592.770793
558.764305
526.327348
487.612270
447.327662
404.427170
367.804799
349.493614
342.169139
346.354553
354.202204
350.016790
332.751958
303.977238
282.003816
263.692630
249.566858
234.394733
213.990841
192.540595
181.553884
182.077060
171.613526
147.547396
99.415137
41.342520
2.104266
-20.392334
-32.425399
-56.491528
-99.915197
-136.537568
-163.742758
-191.471124
-220.769021
-263.669513
-318.079893
-372.490273
-409.112644
-428.993359
-457.244903
-486.542799
-536.767765
-601.118503
-667.561948
-726.680918
-765.395996
-802.018367
-840.733445
-887.296174
-928.103959
-962.633623
-979.898455
-979.375278
-976.236218
-976.759395
-985.130222
-1005.010938
-1009.719529
-988.269283
-950.600558
-896.713355
-858.521454
-843.872505
-832.362617
-814.051432
-777.952238
-715.171030
-661.807004
-624.661456
-578.621904
-505.900338
-416.437118
-318.603069
-235.417970
-176.822176
-121.365443
-51.259761
41.865697
136.037508
210.851780
269.447574
333.275135
402.857640
492.320861
585.446318
664.969181
724.611328
769.081350
828.723497
892.027882
939.113787
949.577322
931.266136
930.742960
966.842154
1019.159827
1058.921258
1075.662914
1068.861616
1045.318663
1024.391594
999.802288
970.504391
944.345555
906.676830
879.994817
862.206808
824.538084
770.127704
712.578264
667.585065
637.763991
600.095267
553.532538
476.102382
397.625873
342.169139
307.639475
283.050169
255.844979
215.037194
166.381758
110.401848
71.163594
46.574287
12.567800
-27.716808
-76.372244
-122.934973
-162.696404
-186.239357
-208.735956
-231.755732
-250.066918
-276.748931
-312.848125
-337.437432
-356.271794
-372.490273
-373.536626
-378.768393
-388.708751
-402.311346
-417.483471
-430.039713
-447.827722
-462.476670
-470.847498
-480.787855
-497.529511
-517.410226
-544.615416
-563.449779
-573.913313
-579.668257
-595.363559
-626.230986
-671.747362
-718.310090
-748.654341
-768.535056
-765.919173
-758.594699
-757.548345
-773.766824
-800.448837
-831.839441
-859.567807
-871.077695
-853.812863
-817.713669
-780.044944
-749.177517
-730.343155
-709.939263
-664.422887
-610.012508
-550.893537
-491.774567
-445.735015
-403.880876
-346.331436
-271.517164
-184.146650
-86.835778
15.183684
112.494555
201.434599
292.990527
369.897506
433.725067
495.983098
574.459607
658.691061
740.829807
810.935489
856.975041
900.921886
953.239559
1013.404883
1059.967612
1084.033741
1091.881392
1084.033741
1080.894681
1092.927746
1112.808461
1121.702466
1108.623048
1084.033741
1054.735844
1028.577008
996.663228
947.484615
888.365645
824.014907
764.895937
711.008733
652.936117
584.923142
514.817460
456.221666
405.996700
357.341265
295.606411
216.606724
125.573974
37.157106
-24.054571
-80.034481
-130.259447
-178.914883
-224.431258
-249.543741
-257.914569
-277.272108
-307.616358
-360.457208
-418.529825
-458.814433
-465.092554
-467.185260
-475.556088
-475.032911
-471.370674
-460.383963
-442.072777
-435.271480
-453.059489
-474.509735
-493.344097
-480.264679
-449.920428
-427.423829
-423.238415
-425.854299
-419.576178
-398.125932
-373.013449
-376.675686
-414.344411
-464.046200
-493.344097
-490.728213
-475.032911
-464.046200
-472.940205
-502.761278
-516.363873
-514.794343
-515.840696
-527.873761
-559.264365
-580.714611
-586.992731
-569.204723
-540.953179
-527.350584
-525.257877
-520.549287
-501.191748
-468.231614
-433.178773
-408.066290
-393.940518
-379.291570
-354.179087
-308.139535
-250.590095
-199.318775
-158.510990
-114.564145
-59.107412
5.243326
73.779477
119.295853
157.487754
201.957776
252.705919
320.718894
388.208692
440.526364
485.519563
526.850525
578.645021
644.042112
691.128018
714.670971
737.690747
756.525109
780.068062
795.240187
804.657368
809.365959
822.445377
842.326092
864.299515
869.531282
846.511506
818.783140
791.054773
772.220411
760.187346
735.598040
692.697548
648.750703
602.187974
567.658310
528.943232
474.532852
408.612584
340.599609
265.785337
200.388246
140.222922
79.011245
16.753214
-39.226696
-77.941774
-117.180029
-157.987814
-216.060431
-269.424457
-328.020251
-362.549915
-382.953807
-402.834523
-428.993359
-466.138907
-486.542799
-494.913627
-480.264679
-474.509735
-475.032911
-484.973269
-495.959981
-492.297743
-468.231614
-438.933717
-412.251704
-383.476984
-346.331436
-309.709065
-278.841638
-243.265620
-223.384905
-206.120073
-178.914883
-151.186516
-121.888619
-100.438373
-86.312602
-80.034481
-81.080834
-80.034481
-81.604011
-80.557658
-83.696718
-93.113899
-102.007904
-114.040968
-128.689917
-142.292512
-161.650051
-178.914883
-201.411482
-229.139849
-248.497388
-259.484099
-270.470810
-274.133047
-289.305173
-310.755418
-333.252018
-359.410854
-377.198863
-392.894165
-394.463695
-393.940518
-385.569691
-360.980384
-335.344725
-312.848125
-289.828349
-277.272108
-253.729155
-221.815375
-172.636762
-113.517792
-67.478239
-23.531394
22.508158
78.488068
142.838806
199.341892
248.520505
283.573346
322.288424
369.897506
428.493300
477.671912
509.585693
538.360413
568.704663
603.234327
637.240815
667.585065
685.896250
695.836608
690.604841
681.187660
669.154595
654.505647
643.518935
616.313745
590.154909
551.963008
523.711464
488.135447
442.619071
389.255045
326.473838
274.156165
210.328604
150.163280
104.123728
66.978180
28.786279
-5.743385
-33.471752
-62.246472
-97.822490
-131.828977
-170.544055
-204.027366
-224.954435
-232.802086
-232.278909
-232.278909
-234.371616
-244.311974
-237.510676
-225.477612
-215.014077
-213.444547
-223.384905
-218.676314
-202.981012
-172.636762
-136.014391
-111.425085
-102.007904
-84.219895
-59.630589
-41.319403
-17.776450
-1.557972
5.766503
10.998270
10.998270
4.720149
-8.882446
-17.776450
-33.994929
-40.796226
-39.749873
-43.412110
-61.723295
-88.928485
-117.180029
-135.491214
-149.616986
-161.650051
-171.590409
-194.610185
-230.709379
-262.099983
-284.596582
-300.815061
-310.755418
-313.894479
-323.311660
-345.285083
-366.212152
-387.139221
-394.986872
-389.231928
-383.476984
-384.000161
-384.523337
-375.629333
-372.490273
-362.026738
-346.854613
-334.298371
-319.126246
-299.768707
-288.258819
-266.808573
-229.139849
-202.457836
-162.696404
-115.610499
-77.941774
-50.213407
-21.961864
5.243326
33.494869
60.700059
91.567486
127.666680
153.825517
189.924711
223.408022
263.169453
308.685829
349.493614
380.884217
393.963636
414.367528
426.400593
444.188602
460.407080
469.824261
475.579205
474.532852
474.532852
482.903680
485.519563
484.473210
474.532852
450.989899
429.016476
412.274821
386.639161
363.619385
349.493614
329.612898
318.626187
297.699117
278.341578
246.427798
212.944487
187.832004
157.487754
134.991155
113.540909
85.289365
64.885473
42.912050
30.878986
30.878986
21.984981
13.090977
-8.359269
-44.458463
-59.107412
-60.676942
-54.398821
-48.643877
-54.921998
-64.862356
-72.186830
-64.862356
-59.630589
-64.339179
-77.418597
-92.590722
-102.007904
-97.299313
-77.418597
-70.617300
-69.570946
-74.279537
-87.358955
-97.299313
-99.915197
-105.146964
-111.948261
-121.888619
-132.352154
-130.259447
-138.107098
-144.385219
-155.895107
-174.729469
-196.179715
-207.166426
-228.093495
-254.775508
-284.596582
-305.523651
-328.020251
-342.146022
-351.040027
-368.828035
-391.324635
-428.993359
-452.536312
-467.185260
-477.648795
-484.973269
-485.496446
-478.695149
-459.337610
-444.688661
-431.609243
-417.483471
-412.251704
-400.741816
-381.907454
-354.179087
-315.464009
-267.854927
-226.523965
-172.113585
-118.749559
-71.140477
-17.776450
19.369098
53.375585
92.613840
139.176569
172.136702
211.374957
250.090035
293.513704
344.261846
399.718580
434.248244
454.128959
464.592494
467.208378
477.148736
488.658624
503.307572
505.400279
504.877102
506.446632
518.479697
529.466408
525.804171
502.261219
469.824261
434.248244
409.658937
393.440459
377.745157
354.725381
326.473838
297.699117
279.387932
263.692630
244.335091
218.699431
182.077060
151.209633
125.573974
111.448202
96.276077
77.441714
59.130529
45.004757
39.772990
41.342520
38.203460
17.799567
-3.127502
-24.054571
-30.855868
-38.703519
-40.796226
-46.551170
-57.537882
-69.047770
-71.140477
-70.617300
-70.617300
-80.034481
-104.623787
-133.398507
-154.325576
-173.159939
-182.053943
-188.855241
-192.517478
-193.563831
-202.981012
-207.689603
-222.338551
-249.543741
-268.378103
-279.887991
-284.073405
-281.980698
-283.550229
-281.980698
-284.073405
-291.397880
-287.735642
-290.874703
-300.815061
-312.324949
-321.742130
-323.834837
-323.311660
-312.324949
-298.199177
-288.258819
-282.503875
-282.503875
-288.258819
-292.967410
-282.503875
-267.854927
-251.636448
-231.232556
-210.305487
-184.146650
-163.219581
-142.292512
-123.458149
-109.332378
-95.729783
-78.464951
-59.107412
-28.239985
7.859210
42.388874
73.779477
97.322430
113.017732
122.434913
134.467978
151.209633
179.461177
206.666367
235.441087
262.123100
290.897820
314.440773
323.857954
336.414195
344.785023
351.063144
358.387618
367.281622
375.129273
373.559743
375.129273
372.513390
377.221980
379.837864
368.851153
362.573032
354.725381
344.261846
344.261846
340.076433
321.242070
308.685829
290.897820
272.063458
253.229095
236.487440
222.884845
207.712720
189.401535
165.335405
136.037508
113.017732
92.090663
63.315943
35.587576
7.859210
-19.869157
-42.888933
-59.630589
-82.650365
-110.901908
-129.736270
-152.756046
-169.497702
-191.471124
-210.305487
-238.557030
-253.205978
-252.159625
-252.682802
-254.252332
-264.192690
-273.086694
-281.980698
-283.027052
-275.179401
-271.517164
-264.192690
-253.205978
-253.205978
-246.404681
-238.557030
-232.278909
-223.908081
-201.934659
-184.146650
-181.530766
-173.683115
-168.451348
-157.987814
-151.709693
-151.186516
-155.371930
-162.696404
-160.603697
-170.544055
-172.113585
-171.590409
-171.590409
-172.113585
-172.113585
-171.590409
-171.590409
-163.219581
-161.126874
-162.173227
-150.140163
-128.689917
-107.762848
-87.358955
-65.385533
-49.690231
-36.610812
-21.961864
-7.836092
2.104266
22.508158
49.713348
64.362296
88.428426
117.203146
143.885159
167.951289
186.785651
201.434599
217.129901
234.394733
249.043682
261.599923
277.818402
295.083234
309.209005
322.811600
335.891019
339.553256
333.275135
332.751958
319.672540
309.732182
300.838178
290.897820
283.050169
282.003816
274.156165
260.553570
239.103324
219.222608
204.050483
184.169767
162.719521
144.408336
125.573974
110.401848
100.461491
84.766189
63.839120
50.759701
26.170395
-12.021506
-32.948575
-54.398821
-74.279537
-89.451662
-100.438373
-110.901908
-126.597210
-138.630275
-148.047456
-157.987814
-162.696404
-160.603697
-168.451348
-172.636762
-171.590409
-172.113585
-172.113585
-172.113585
-173.159939
-183.623473
-174.206292
-173.683115
-182.577120
-181.007590
-182.053943
-182.577120
-179.961236
-171.590409
-177.868529
-185.716180
-187.285710
-179.961236
-171.590409
-162.173227
-154.325576
-162.696404
-156.941460
-156.941460
-163.219581
-160.080521
-162.696404
-157.987814
-151.709693
-142.815688
-129.736270
-121.888619
-120.842266
-113.517792
-107.762848
-94.160253
-80.034481
-57.537882
-41.842580
-21.961864
5.243326
23.554511
53.898762
79.534421
100.461491
116.156792
129.759387
143.885159
159.580461
185.739297
200.911423
215.560371
222.361668
218.176255
222.884845
228.116612
237.010617
241.719207
243.811914
234.917910
232.302026
230.732496
221.838492
223.408022
220.268962
206.143190
201.957776
195.156479
181.030707
174.229409
158.534108
143.361982
129.236211
119.819030
105.693258
86.335719
67.501357
60.176882
52.852408
50.236525
45.527934
34.018046
20.938628
5.766503
-1.034795
-8.359269
-10.451976
-8.882446
-13.591036
-20.392334
-20.915511
-26.670455
-33.994929
-51.782938
-72.186830
-80.557658
-86.835778
-97.822490
-102.007904
-107.762848
-115.610499
-121.888619
-129.213093
-140.722982
-154.325576
-168.974525
-171.590409
-172.636762
-163.742758
-167.404995
-172.636762
-175.252646
-184.669827
-189.901594
-198.795598
-194.087008
-190.424771
-193.040654
-185.716180
-173.683115
-164.789111
-161.126874
-162.696404
-159.557344
-151.709693
-138.630275
-119.795912
-105.670141
-97.299313
-80.557658
-64.339179
-50.213407
-39.226696
-30.332692
-21.438687
-9.928799
4.196972
18.322744
30.355809
38.726637
48.143818
53.898762
63.839120
71.686770
85.289365
97.845607
107.785965
121.911736
136.037508
149.116926
158.010931
162.196345
161.149991
162.719521
160.626814
167.428112
176.322116
186.785651
192.540595
192.017418
199.341892
192.017418
180.507530
163.765875
145.977866
132.898448
133.421625
143.361982
140.222922
143.885159
143.885159
141.269275
132.375271
116.156792
96.799253
80.580775
72.733124
62.269589
60.176882
61.746413
55.468292
41.342520
34.541223
20.938628
2.627442
-16.206920
-33.994929
-43.935287
-50.736584
-49.690231
-57.537882
-68.001416
-80.557658
-88.405309
-99.392020
-110.901908
-116.133675
-132.352154
-140.722982
-141.769335
-140.722982
-142.815688
-152.232870
-161.650051
-171.067232
-172.113585
-170.544055
-162.173227
-161.650051
-161.126874
-164.265934
-163.742758
-154.848753
-142.292512
-134.444861
-123.458149
-112.471438
-106.716494
-92.067546
-74.279537
-64.862356
-58.061058
-51.259761
-47.074347
-39.749873
-31.902222
-21.961864
-20.392334
-20.915511
-9.405623
1.057912
9.951916
9.951916
10.998270
8.382386
14.137330
20.415451
22.508158
30.878986
30.355809
29.832632
32.448516
41.342520
39.772990
41.342520
34.018046
38.203460
40.819343
46.574287
51.806055
49.713348
50.759701
56.514645
64.362296
72.733124
81.103952
86.858896
98.368784
110.925025
123.481267
129.759387
138.653392
141.792452
142.315629
152.255987
161.149991
162.196345
162.196345
172.659879
168.474465
161.673168
153.825517
151.732810
150.163280
134.991155
121.388560
109.878672
101.507844
92.090663
81.627128
65.931826
43.958404
25.124042
9.951916
-3.650679
-17.776450
-30.855868
-46.027994
-58.061058
-68.001416
-80.557658
-90.498016
-105.146964
-118.749559
-131.305800
-139.153451
-142.292512
-140.199805
-144.385219
-151.186516
-152.232870
-144.908395
-150.663339
-142.815688
-144.908395
-153.279223
-145.431572
-135.491214
-123.458149
-117.180029
-110.378731
-102.007904
-101.484727
-96.776136
-90.498016
-80.034481
-69.047770
-57.537882
-43.412110
-34.518106
-21.438687
-16.730097
-2.081148
0.011559
7.859210
17.276391
28.263102
29.832632
35.064399
41.865697
39.772990
40.296167
40.819343
37.157106
28.786279
21.984981
19.369098
20.415451
19.369098
21.461804
18.322744
9.428740
0.011559
1.057912
-2.081148
-10.451976
-9.928799
-9.928799
-10.451976
-8.359269
0.011559
0.011559
-0.511618
-0.511618
0.534735
10.475093
18.322744
24.600865
34.541223
42.912050
56.514645
65.931826
72.733124
79.534421
83.196659
90.521133
94.706547
104.646904
114.064086
121.911736
120.865383
121.388560
121.388560
113.017732
110.401848
111.448202
111.971379
102.031021
101.507844
97.845607
90.521133
86.858896
75.349008
63.839120
53.375585
46.051111
35.064399
29.832632
20.415451
12.044623
0.534735
-10.451976
-15.160567
-26.670455
-38.180343
-44.458463
-51.259761
-58.584235
-65.385533
-71.140477
-70.094123
-71.140477
-77.941774
-86.312602
-90.498016
-93.113899
-101.484727
-100.961550
-101.484727
-95.729783
-88.405309
-96.776136
-94.160253
-92.067546
-102.007904
-99.915197
-102.007904
-98.345666
-90.498016
-83.696718
-73.233183
-68.001416
-59.630589
-61.723295
-59.107412
-52.306114
-44.458463
-40.273050
-37.133989
-28.763162
-22.485041
-15.683743
-5.743385
1.057912
-0.511618
1.057912
-4.173855
-9.928799
-0.511618
0.011559
0.534735
-0.511618
0.534735
-0.511618
3.673796
10.998270
9.951916
9.428740
14.137330
21.984981
29.832632
30.355809
34.018046
41.865697
38.726637
46.051111
51.282878
49.190171
57.037822
61.746413
60.176882
61.223236
59.653706
51.806055
49.713348
51.282878
49.713348
51.282878
49.713348
58.084176
60.700059
51.806055
48.666994
41.342520
34.018046
29.309455
30.878986
29.832632
30.878986
30.355809
30.878986
37.157106
42.388874
37.157106
31.925339
25.647218
19.892274
19.369098
25.647218
30.878986
30.355809
39.249813
41.342520
36.110753
29.309455
30.878986
30.355809
30.355809
29.832632
30.878986
28.786279
19.369098
20.938628
13.614154
0.534735
-7.312916
-14.114213
-23.531394
-31.379045
-37.133989
-45.504817
-50.736584
-59.630589
-60.153765
-68.524593
-71.140477
-71.140477
-70.094123
-74.802714
-78.988128
-69.047770
-80.034481
-80.557658
-81.080834
-80.557658
-81.080834
-81.080834
-74.802714
-66.955063
-61.200119
-59.630589
-50.736584
-50.213407
-50.736584
-50.736584
-44.458463
-33.471752
-25.624101
-17.253273
-12.021506
-6.789739
-0.511618
4.196972
11.521447
8.905563
16.230037
20.415451
26.693572
31.402162
38.203460
41.342520
39.772990
40.819343
39.772990
41.342520
39.772990
47.097464
51.806055
46.051111
39.249813
41.865697
34.018046
30.355809
23.031335
19.892274
15.183684
4.720149
-4.697032
-10.975153
-9.405623
-19.345980
-35.041282
-40.273050
-42.888933
-51.259761
-50.213407
-50.213407
-50.736584
-50.736584
-50.736584
-50.736584
-40.796226
-39.749873
-32.948575
-29.286338
-19.869157
-3.127502
7.336033
14.137330
20.938628
29.309455
38.203460
48.143818
51.806055
59.130529
69.594064
70.640417
83.719835
91.044309
95.229723
102.031021
99.938314
92.613840
89.997956
92.090663
84.243012
80.580775
81.103952
81.103952
81.103952
71.163594
62.269589
51.282878
37.680283
23.031335
19.892274
11.521447
-1.557972
-8.882446
-14.637390
-25.624101
-30.332692
-32.425399
-41.319403
-47.074347
-54.921998
-61.200119
-60.676942
-60.153765
-60.676942
-60.153765
-61.200119
-60.676942
-60.153765
-50.213407
-52.829291
-53.352468
-46.551170
-37.133989
-29.809515
-29.809515
-31.379045
-27.193631
-19.345980
-19.345980
-8.882446
-1.034795
0.534735
-0.511618
0.011559
-0.511618
2.627442
2.104266
0.011559
10.475093
9.428740
10.475093
16.230037
12.044623
3.150619
-1.034795
0.011559
0.011559
0.011559
-8.882446
-9.928799
-10.451976
-19.345980
-20.915511
-19.869157
-20.392334
-19.869157
-21.961864
-30.855868
-29.286338
-37.133989
-40.796226
-40.796226
-40.796226
-40.273050
-40.273050
-42.365756
-50.213407
-40.273050
-40.273050
-47.074347
-40.273050
-29.809515
-31.379045
-25.100924
-20.392334
-19.869157
-11.498329
-5.220209
4.196972
14.137330
20.415451
28.786279
38.203460
48.143818
51.282878
59.653706
60.700059
61.746413
69.070887
76.918538
81.103952
77.441714
80.580775
81.627128
76.395361
69.594064
71.163594
70.117240
71.686770
63.315943
60.176882
55.468292
47.620641
40.819343
40.819343
35.064399
28.786279
24.077688
12.044623
10.475093
9.428740
11.521447
6.812856
-1.034795
-7.836092
-18.822804
-20.915511
-19.869157
-28.763162
-29.809515
-37.133989
-39.226696
-28.763162
-32.425399
-38.703519
-33.471752
-42.365756
-50.736584
-50.213407
-50.736584
-50.213407
-50.736584
-49.690231
-51.782938
-44.458463
-39.226696
-40.796226
-40.273050
-40.796226
-40.796226
-37.133989
-28.763162
-31.379045
-27.716808
-21.438687
-16.730097
-8.359269
3.150619
5.766503
0.011559
0.011559
8.905563
9.428740
13.090977
20.415451
13.090977
19.892274
20.415451
28.786279
30.878986
28.786279
20.938628
19.892274
20.415451
19.892274
20.415451
19.892274
12.044623
9.428740
10.998270
3.673796
-1.557972
1.581089
-4.173855
-10.451976
-11.498329
-20.915511
-19.345980
-20.392334
-19.869157
-20.392334
-19.869157
-20.392334
-28.763162
-30.332692
-29.809515
-31.379045
-27.716808
-19.869157
-20.915511
-13.067860
-19.345980
-19.345980
-8.882446
0.011559
-0.511618
-0.511618
6.812856
14.660507
20.415451
21.984981
30.355809
30.878986
39.772990
49.713348
50.759701
51.282878
59.653706
61.223236
59.130529
68.547710
68.547710
59.653706
61.223236
60.176882
60.176882
60.700059
52.329232
49.713348
50.236525
41.342520
40.296167
38.203460
25.647218
21.461804
15.183684
8.905563
0.011559
-8.359269
-12.544683
-19.345980
-27.716808
-39.226696
-45.504817
-51.782938
-50.736584
-60.153765
-69.570946
-71.140477
-70.094123
-71.140477
-70.617300
-70.617300
-77.418597
-83.173541
-74.279537
-70.617300
-68.001416
-57.014705
-49.690231
-51.259761
-43.412110
-33.471752
-28.239985
-19.345980
-8.882446
-1.034795
2.627442
11.521447
20.415451
19.369098
23.031335
29.832632
31.402162
39.772990
40.819343
40.296167
40.819343
40.296167
41.342520
39.249813
29.832632
31.402162
24.077688
19.892274
12.567800
9.951916
3.673796
0.011559
-3.650679
-12.021506
-18.822804
-20.915511
-27.716808
-31.379045
-30.332692
-29.809515
-34.518106
-41.842580
-39.749873
-41.319403
-31.902222
-30.332692
-30.332692
-30.855868
-21.961864
-19.869157
-18.299627
-6.789739
-0.511618
0.534735
9.428740
9.951916
11.521447
20.415451
25.124042
37.157106
40.296167
43.435227
51.806055
58.607352
61.746413
59.130529
64.362296
70.117240
76.395361
74.825831
69.070887
72.209947
69.594064
71.686770
69.594064
62.269589
60.176882
53.375585
48.666994
42.388874
37.680283
30.878986
29.309455
20.938628
10.998270
10.475093
3.150619
-7.312916
-9.928799
-14.114213
-21.438687
-18.822804
-32.425399
-39.749873
-44.458463
-51.259761
-50.213407
-49.690231
-54.398821
-61.723295
-60.153765
-60.676942
-60.676942
-60.676942
-60.676942
-60.676942
-61.723295
-69.570946
-71.140477
-65.908709
-59.630589
-61.200119
-49.690231
-55.968351
-53.352468
-50.213407
-48.643877
-39.226696
-41.319403
-33.471752
-27.716808
-18.822804
-21.438687
-16.730097
-8.882446
-10.975153
-2.081148
0.534735
-0.511618
5.243326
15.183684
20.938628
18.845921
26.170395
31.402162
29.309455
30.878986
30.355809
30.355809
29.832632
30.355809
30.355809
30.878986
30.878986
29.832632
30.878986
28.786279
19.892274
20.415451
19.892274
20.415451
19.892274
20.415451
19.892274
19.892274
20.415451
14.660507
5.766503
2.627442
9.951916
10.475093
7.336033
8.382386
11.521447
2.104266
-0.511618
0.534735
-0.511618
0.011559
-0.511618
0.011559
7.859210
10.998270
9.428740
10.475093
9.951916
10.475093
9.951916
9.951916
9.428740
17.276391
20.938628
19.369098
25.647218
31.402162
29.832632
32.448516
41.342520
39.772990
40.819343
39.772990
41.865697
51.282878
43.958404
36.633930
29.832632
31.402162
23.031335
20.415451
18.845921
9.951916
3.673796
-1.557972
-7.836092
-14.637390
-24.577748
-31.379045
-38.180343
-41.842580
-49.690231
-50.736584
-51.782938
-61.723295
-59.630589
-68.001416
-71.140477
-70.617300
-70.617300
-71.663653
-68.524593
-60.153765
-60.153765
-60.676942
-50.736584
-51.259761
-47.074347
-32.948575
-27.193631
-19.869157
-20.392334
-17.253273
-8.882446
-3.650679
5.766503
9.428740
13.614154
19.892274
24.600865
31.402162
29.832632
29.832632
34.018046
42.912050
33.494869
29.832632
30.878986
29.832632
30.878986
20.938628
21.461804
23.031335
18.845921
21.461804
17.799567
10.475093
9.428740
10.475093
1.581089
0.011559
0.011559
-8.882446
-10.975153
-9.928799
-10.975153
-19.345980
-20.392334
-19.869157
-20.392334
-19.869157
-20.915511
-19.345980
-21.961864
-13.591036
-9.928799
-8.882446
-1.034795
1.057912
-1.034795
4.720149
9.428740
16.753214
20.415451
24.077688
31.402162
30.355809
29.832632
34.541223
41.865697
39.772990
40.819343
39.772990
40.819343
39.772990
40.819343
39.249813
30.355809
30.355809
30.355809
30.355809
29.309455
19.892274
20.415451
15.183684
8.905563
10.998270
4.196972
-3.127502
-9.405623
-17.253273
-21.438687
-19.345980
-21.438687
-29.809515
-30.332692
-30.332692
-30.332692
-30.332692
-30.855868
-30.332692
-30.332692
-30.332692
-30.332692
-30.332692
-30.332692
-27.716808
-16.206920
-14.637390
-22.485041
-15.683743
-9.928799
-19.345980
-20.392334
-20.915511
-17.253273
-8.882446
-10.975153
-8.882446
0.011559
-4.697032
-11.498329
-5.743385
0.534735
-0.511618
0.534735
-8.359269
-7.836092
1.581089
-0.511618
1.057912
0.011559
0.534735
0.011559
0.011559
-0.511618
0.534735
-0.511618
0.534735
-1.557972
6.812856
5.243326
-1.034795
0.534735
5.243326
12.567800
8.382386
12.044623
5.766503
2.104266
9.428740
14.137330
20.938628
19.892274
12.044623
16.753214
21.984981
14.137330
9.428740
17.799567
20.938628
10.475093
10.998270
9.428740
17.799567
15.706860
7.859210
10.998270
9.428740
10.998270
7.859210
0.534735
0.011559
0.534735
-0.511618
0.011559
0.011559
0.011559
0.011559
0.534735
0.011559
0.534735
0.011559
-7.312916
-0.511618
0.534735
0.011559
0.011559
0.011559
-0.511618
5.243326
10.998270
8.905563
10.475093
9.951916
2.104266
-1.034795
1.057912
-0.511618
0.534735
-0.511618
0.011559
0.011559
0.011559
0.011559
1.057912
-2.081148
-10.975153
-9.405623
-13.067860
-20.915511
-19.345980
-21.961864
-27.193631
-18.822804
-25.624101
-31.379045
-29.809515
-30.855868
-29.809515
-30.855868
-29.809515
-30.332692
-29.809515
-30.332692
-30.332692
-30.332692
-30.332692
-29.286338
-19.869157
-20.915511
-17.776450
-10.451976
-6.266562
1.581089
-1.034795
2.104266
8.905563
16.753214
21.461804
19.369098
21.984981
29.832632
30.355809
29.832632
31.402162
40.296167
40.819343
40.296167
39.772990
30.355809
30.878986
29.832632
30.878986
27.216749
18.845921
21.461804
15.706860
8.905563
10.475093
9.951916
10.475093
9.428740
1.057912
0.011559
-1.557972
-9.928799
-10.451976
-9.928799
-10.975153
-5.743385
-5.743385
-2.604325
1.057912
-1.034795
0.534735
-0.511618
7.859210
10.998270
3.150619
8.382386
10.998270
9.428740
10.475093
9.951916
18.845921
20.415451
19.892274
20.415451
20.415451
20.415451
20.415451
19.892274
11.521447
9.428740
10.475093
9.428740
10.998270
6.289679
-1.557972
1.057912
-2.081148
-9.928799
-10.451976
-9.928799
-12.021506
-20.392334
-19.869157
-20.392334
-19.869157
-21.438687
-30.332692
-30.332692
-30.332692
-30.332692
-30.332692
-30.332692
-29.286338
-33.994929
-31.379045
-30.332692
-30.332692
-30.332692
-29.809515
-20.392334
-19.869157
-20.915511
-16.206920
-8.882446
-11.498329
-9.405623
-10.975153
-6.266562
0.534735
0.011559
0.011559
0.534735
9.428740
10.475093
9.951916
9.951916
9.951916
10.475093
9.951916
9.951916
9.951916
10.475093
9.951916
9.951916
10.475093
9.951916
9.951916
9.951916
10.475093
10.475093
9.951916
9.428740
9.951916
9.951916
10.475093
9.951916
9.951916
9.428740
10.475093
9.428740
17.276391
16.230037
7.859210
15.706860
14.137330
8.905563
10.998270
9.428740
10.475093
18.845921
20.415451
19.892274
20.415451
20.415451
20.415451
19.892274
20.415451
20.415451
11.521447
9.951916
10.475093
10.998270
4.720149
-1.557972
1.057912
-6.789739
-10.451976
-9.928799
-10.451976
-9.928799
-9.928799
-18.822804
-13.067860
-15.160567
-21.961864
-18.299627
-21.961864
-28.763162
-21.961864
-18.822804
-20.915511
-19.345980
-21.438687
-19.345980
-22.485041
-12.021506
-13.067860
-18.822804
-9.405623
-9.928799
-10.451976
-8.359269
0.011559
0.011559
0.011559
-0.511618
0.011559
-0.511618
0.011559
0.011559
0.011559
0.011559
0.011559
0.011559
-0.511618
-0.511618
0.011559
0.011559
0.534735
-3.127502
-12.021506
-4.173855
1.057912
-0.511618
1.057912
-5.743385
-2.604325
1.581089
-7.312916
-10.451976
-1.557972
0.534735
0.011559
0.534735
1.057912
11.521447
2.104266
1.581089
10.998270
9.428740
9.951916
12.567800
21.461804
19.369098
20.938628
19.892274
20.938628
19.892274
20.938628
29.309455
21.984981
19.369098
21.461804
18.845921
21.461804
17.799567
14.660507
20.415451
20.938628
16.230037
8.905563
11.521447
7.336033
0.011559
-0.511618
0.534735
-2.604325
-10.975153
-9.405623
-10.451976
-9.405623
-15.160567
-21.438687
-19.869157
-21.438687
-19.345980
-20.915511
-18.822804
-24.054571
-28.763162
-19.869157
-20.915511
-20.392334
-20.392334
-19.869157
-20.915511
-17.776450
-9.405623
-10.975153
-9.928799
-10.975153
-7.836092
0.011559
0.011559
0.011559
0.534735
-0.511618
3.150619
11.521447
7.336033
0.011559
-0.511618
0.534735
-1.034795
5.243326
9.951916
0.011559
0.011559
0.011559
0.534735
0.011559
0.011559
0.011559
-0.511618
0.011559
-0.511618
-7.836092
-11.498329
-5.743385
-5.220209
-11.498329
-8.882446
-10.975153
-7.312916
0.534735
0.011559
0.011559
0.534735
-1.034795
4.720149
11.521447
9.428740
10.998270
8.905563
13.614154
21.461804
18.845921
21.984981
29.832632
30.355809
30.355809
30.355809
30.355809
30.878986
30.355809
30.355809
30.878986
30.355809
30.355809
21.461804
19.892274
16.753214
9.428740
9.951916
10.475093
3.673796
-1.557972
1.057912
-1.557972
-9.405623
-10.451976
-9.405623
-10.451976
-9.405623
-16.730097
-20.915511
-19.869157
-20.392334
-20.392334
-19.869157
-28.239985
-31.379045
-29.286338
-21.961864
-18.822804
-28.763162
-24.054571
-19.345980
-20.392334
-20.915511
-13.591036
-9.405623
-10.451976
-9.405623
-0.511618
-1.557972
-10.975153
-10.451976
-9.928799
-10.975153
-5.220209
1.057912
-0.511618
0.534735
-0.511618
0.534735
0.011559
0.534735
0.011559
0.011559
0.011559
0.011559
-0.511618
0.011559
-0.511618
0.534735
-3.650679
-0.511618
0.011559
0.011559
-9.405623
-6.266562
1.581089
-1.557972
1.057912
-0.511618
1.057912
-1.034795
3.673796
5.766503
-1.034795
1.057912
8.905563
10.475093
10.475093
9.951916
10.475093
8.905563
15.183684
13.614154
14.660507
21.984981
18.845921
20.938628
19.369098
20.415451
19.892274
20.415451
19.892274
20.415451
18.845921
9.951916
9.951916
10.475093
9.951916
10.475093
9.428740
10.475093
2.104266
-1.034795
0.011559
0.534735
-0.511618
0.534735
9.951916
1.581089
-0.511618
0.011559
0.011559
-0.511618
0.534735
-6.789739
-10.975153
-9.928799
-10.451976
-9.405623
-10.451976
-9.928799
-9.928799
-9.928799
-9.928799
-10.451976
-10.451976
-9.928799
-9.928799
-10.451976
-9.928799
-9.405623
-9.928799
-9.405623
-10.451976
-9.928799
-16.730097
-11.498329
-9.405623
-10.451976
-9.928799
-9.928799
-9.928799
-9.928799
-9.928799
-9.928799
-19.869157
-16.206920
-8.882446
-10.451976
-9.928799
-10.451976
-9.928799
-9.928799
-9.405623
-10.451976
-9.928799
-10.451976
-9.928799
-10.451976
-2.081148
0.534735
0.011559
-0.511618
0.011559
0.011559
0.534735
-1.034795
4.196972
10.998270
9.428740
9.951916
9.951916
9.951916
12.044623
21.461804
15.706860
9.428740
10.475093
9.951916
10.475093
9.951916
10.475093
18.322744
21.984981
12.044623
16.230037
21.461804
18.845921
20.938628
19.369098
21.984981
15.183684
9.428740
10.475093
9.951916
10.475093
9.951916
9.951916
9.951916
9.951916
9.951916
9.951916
10.475093
1.057912
7.336033
10.998270
9.951916
10.475093
10.475093
4.196972
8.382386
9.428740
-1.034795
1.057912
-0.511618
0.011559
0.011559
0.534735
0.011559
0.534735
-0.511618
0.011559
-0.511618
1.057912
-4.697032
-10.975153
-9.928799
-10.451976
-9.928799
-9.928799
-10.451976
-9.928799
-10.451976
-8.882446
-13.591036
-20.915511
-19.869157
-20.392334
-20.392334
-20.392334
-19.869157
-20.392334
-19.869157
-20.915511
-10.975153
-13.067860
-21.961864
-18.822804
-21.961864
-15.160567
-9.405623
-10.451976
-9.928799
-9.928799
-9.928799
-9.928799
-9.928799
-9.928799
-9.928799
-9.928799
-1.557972
0.011559
0.011559
0.011559
-0.511618
0.534735
-1.034795
6.812856
10.998270
9.951916
10.475093
9.951916
10.475093
9.951916
9.951916
9.951916
9.951916
9.951916
9.951916
10.475093
10.475093
10.475093
10.475093
10.475093
9.951916
9.951916
9.951916
9.428740
9.951916
9.951916
9.951916
9.951916
10.475093
9.428740
11.521447
2.104266
5.243326
11.521447
9.428740
10.475093
10.475093
8.382386
-0.511618
0.011559
5.766503
11.521447
5.243326
-1.557972
6.289679
11.521447
9.428740
11.521447
3.150619
-0.511618
0.534735
-0.511618
0.011559
0.011559
0.011559
0.011559
4.196972
0.534735
0.011559
0.011559
0.534735
0.011559
0.011559
0.011559
0.534735
0.011559
0.534735
0.011559
0.534735
0.011559
1.057912
-1.034795
1.581089
-7.312916
-8.359269
-4.173855
-11.498329
-9.405623
-10.451976
-9.405623
-10.451976
0.534735
-5.743385
-10.975153
-9.405623
-10.975153
-9.928799
-10.451976
-9.928799
-10.451976
-9.928799
-9.928799
-9.928799
-9.928799
-9.928799
-10.451976
-9.928799
-9.928799
-9.928799
-9.928799
-10.975153
-9.928799
-10.975153
-8.359269
0.011559
-0.511618
0.011559
0.011559
0.011559
0.011559
-0.511618
0.011559
-0.511618
0.534735
0.011559
9.428740
6.289679
-1.557972
1.581089
-2.081148
5.243326
10.475093
9.951916
10.475093
9.428740
9.951916
9.951916
10.475093
9.951916
9.951916
10.475093
10.475093
9.951916
10.475093
9.951916
10.475093
9.951916
10.475093
9.951916
10.998270
8.382386
1.057912
9.951916
9.951916
10.475093
2.627442
-1.034795
0.534735
0.011559
0.534735
0.011559
0.011559
-0.511618
0.011559
0.011559
0.011559
0.011559
0.011559
-0.511618
0.534735
-0.511618
0.534735
-0.511618
1.581089
-5.220209
-10.975153
-9.405623
-9.928799
-9.405623
-10.451976
-9.928799
-10.451976
0.011559
-4.697032
-11.498329
-9.405623
-10.451976
-9.928799
-10.451976
-9.928799
-10.975153
-9.928799
-10.975153
-3.127502
0.534735
-0.511618
-0.511618
0.011559
-10.451976
-4.697032
1.057912
0.011559
-0.511618
1.057912
-5.220209
-7.312916
1.057912
-0.511618
0.534735
-0.511618
0.534735
0.011559
0.534735
0.534735
-1.557972
-12.544683
-3.650679
-7.312916
-4.697032
1.057912
-0.511618
0.011559
0.534735
-2.081148
-9.405623
0.534735
-6.789739
-11.498329
-4.697032
1.057912
-0.511618
0.534735
-0.511618
0.534735
-1.034795
3.673796
5.243326
-1.034795
-0.511618
5.766503
11.521447
8.905563
10.998270
9.428740
10.475093
9.951916
10.475093
9.951916
10.475093
9.951916
10.475093
10.475093
9.951916
10.475093
9.951916
10.475093
9.951916
9.428740
-1.034795
7.336033
8.905563
-1.557972
7.336033
0.534735
-0.511618
0.534735
0.011559
0.011559
-0.511618
0.534735
0.011559
0.534735
-0.511618
1.057912
-9.405623
-3.127502
-2.081148
-10.975153
-9.928799
-9.928799
-10.451976
-8.359269
-0.511618
-9.928799
-10.451976
-10.451976
-8.882446
0.011559
0.011559
-3.650679
-0.511618
0.534735
0.011559
0.011559
0.011559
0.011559
-0.511618
0.011559
-0.511618
0.011559
0.011559
0.011559
0.011559
0.011559
0.011559
0.011559
0.011559
0.011559
0.011559
-0.511618
0.534735
-0.511618
1.057912
-6.266562
-9.405623
0.534735
-0.511618
0.534735
-0.511618
0.011559
0.011559
0.534735
0.011559
0.534735
0.011559
0.011559
0.011559
0.534735
0.011559
0.011559
-0.511618
0.534735
0.011559
-0.511618
0.011559
0.011559
-0.511618
0.011559
0.011559
0.011559
0.011559
-0.511618
0.011559
0.011559
0.011559
0.011559
0.534735
-0.511618
0.011559
0.011559
0.534735
0.011559
0.011559
0.011559
0.011559
-1.034795
8.905563
7.336033
-1.034795
0.534735
0.011559
10.475093
3.673796
0.534735
12.044623
7.859210
7.859210
9.951916
10.998270
6.289679
0.011559
-1.034795
4.196972
10.475093
0.011559
1.057912
6.812856
9.951916
11.521447
4.196972
-1.034795
0.534735
-0.511618
0.011559
-0.511618
0.011559
0.011559
0.011559
0.011559
-0.511618
-0.511618
-0.511618
0.011559
0.011559
0.011559
0.011559
-8.359269
-10.975153
-3.127502
1.057912
-1.034795
1.057912
-7.312916
-10.975153
-9.928799
-9.928799
-9.928799
-9.928799
-9.928799
-9.928799
-10.451976
-9.928799
-3.127502
-9.928799
-9.928799
-10.451976
-8.359269
0.011559
-0.511618
0.534735
0.011559
0.011559
0.011559
0.011559
0.011559
0.534735
0.011559
0.011559
-0.511618
0.011559
0.534735
0.011559
0.011559
0.011559
0.011559
0.011559
0.534735
0.011559
0.011559
0.011559
0.011559
-0.511618
0.534735
0.011559
0.011559
0.534735
0.011559
0.011559
-0.511618
0.534735
-1.034795
7.859210
4.720149
-1.557972
0.534735
-0.511618
0.534735
-0.511618
0.534735
-0.511618
0.011559
0.534735
0.011559
0.011559
0.011559
0.011559
-0.511618
0.534735
-0.511618
0.534735
-1.034795
8.382386
6.812856
0.011559
-0.511618
4.196972
8.382386
-1.557972
0.534735
6.289679
0.534735
1.581089
11.521447
8.382386
0.011559
0.011559
-1.034795
5.243326
4.196972
-1.034795
1.057912
-0.511618
0.011559
-1.034795
0.534735
0.011559
0.011559
-0.511618
0.011559
0.011559
0.011559
0.011559
-0.511618
0.011559
0.534735
0.011559
0.011559
0.011559
-0.511618
-0.511618
0.011559
0.011559
0.011559
-0.511618
0.534735
0.534735
-7.312916
-11.498329
-7.312916
0.011559
0.011559
0.011559
0.011559
0.011559
0.011559
-0.511618
1.057912
-2.081148
-2.081148
1.057912
-0.511618
0.534735
0.011559
-0.511618
0.011559
0.011559
0.011559
0.011559
0.011559
0.011559
0.011559
0.011559
0.011559
0.011559
0.011559
0.534735
0.011559
1.057912
-4.697032
-12.021506
-3.127502
0.011559
0.011559
-0.511618
0.011559
-0.511618
0.534735
-1.557972
4.720149
4.720149
-1.034795
0.534735
0.011559
0.534735
0.011559
-0.511618
3.150619
10.998270
8.905563
10.998270
2.627442
-1.034795
0.534735
-0.511618
0.011559
0.011559
0.011559
-0.511618
0.534735
-0.511618
0.011559
0.011559
0.011559
0.011559
0.011559
0.011559
0.011559
0.011559
0.011559
0.011559
0.011559
0.011559
0.011559
0.011559
-3.127502
-11.498329
-3.650679
0.011559
0.534735
0.011559
0.534735
-1.034795
5.243326
9.951916
6.289679
11.521447
8.905563
11.521447
3.150619
-0.511618
0.011559
0.011559
-0.511618
0.011559
-0.511618
0.534735
6.812856
-1.557972
5.243326
10.475093
-0.511618
5.766503
11.521447
2.104266
-0.511618
0.534735
0.011559
0.011559
0.011559
-0.511618
0.011559
-0.511618
1.057912
-1.034795
1.057912
-4.173855
-10.451976
0.011559
0.011559
-1.034795
-10.451976
-7.312916
0.534735
0.011559
0.534735
-0.511618
0.011559
0.011559
-0.511618
-9.405623
-1.034795
0.534735
-0.511618
0.534735
0.011559
0.534735
-0.511618
0.534735
-0.511618
0.011559
0.011559
0.011559
-0.511618
0.534735
0.534735
0.011559
0.534735
-0.511618
1.057912
-7.836092
-5.220209
1.581089
-1.034795
0.534735
0.011559
-4.697032
-4.697032
2.104266
-4.173855
-8.359269
-0.511618
0.011559
-0.511618
0.011559
-0.511618
0.011559
0.011559
0.534735
0.011559
0.011559
0.011559
0.011559
0.534735
0.011559
0.011559
0.011559
0.011559
0.534735
0.011559
0.534735
0.011559
0.011559
0.534735
0.534735
0.534735
0.011559
0.534735
-0.511618
4.720149
11.521447
6.289679
-0.511618
0.011559
-0.511618
0.011559
