0.303570
-0.311511
0.611111
-4.617084
-2.464298
0.918652
-0.311511
0.303570
-0.003971
-0.003971
-0.311511
-0.003971
-0.003971
-0.003971
0.303570
-0.619052
3.686520
6.454388
0.918652
-0.311511
-0.003971
-0.311511
-0.003971
-0.003971
-0.003971
-0.003971
-0.003971
0.303570
-0.003971
0.303570
-0.311511
0.611111
5.839307
6.146848
6.146848
5.224225
0.303570
-0.311511
0.303570
-0.311511
3.686520
6.454388
5.531766
6.454388
5.224225
0.611111
-0.311511
0.303570
-0.311511
0.303570
-0.311511
0.303570
-0.619052
4.301602
4.916684
-0.311511
-0.003971
-0.003971
-0.003971
-0.311511
-0.003971
-0.003971
-0.003971
-0.003971
-0.003971
0.303570
-0.003971
-0.003971
-0.003971
-0.311511
0.303570
-0.311511
0.918652
-2.464298
-2.771839
0.918652
-0.926593
-5.847248
-4.924625
0.303570
-0.003971
-1.541675
-7.077411
-2.156757
-0.311511
-5.847248
-6.154789
-6.154789
-5.847248
-5.847248
-5.847248
-5.847248
-6.154789
-6.154789
-5.847248
-6.154789
-5.847248
-5.847248
-5.847248
-4.617084
0.611111
-0.311511
0.611111
-1.234134
-6.154789
-6.154789
-5.539707
-6.462330
-3.079380
0.611111
-0.311511
-0.003971
-0.003971
-0.003971
-0.003971
-0.003971
-0.003971
-0.003971
-0.003971
-0.003971
-0.311511
1.533734
0.918652
-0.926593
3.378979
6.454388
5.839307
5.839307
5.839307
5.839307
6.146848
5.839307
6.146848
6.146848
5.839307
6.146848
11.067502
12.605206
11.682584
12.605206
8.299634
10.452420
12.605206
11.067502
6.761929
5.531766
6.146848
5.531766
6.146848
5.531766
6.146848
2.148816
4.916684
6.761929
1.226193
-0.311511
-0.003971
0.303570
-0.311511
0.303570
-0.311511
0.611111
-3.079380
-4.617084
0.918652
-1.541675
-6.154789
-5.847248
-6.154789
-5.847248
-6.154789
-5.539707
-0.619052
-4.924625
-6.769870
-5.539707
-6.154789
-5.232166
-8.922657
-12.305607
-11.690525
-11.998066
-11.998066
-11.690525
-11.998066
-11.690525
-12.613148
-9.537739
-5.539707
-11.690525
-11.690525
-11.998066
-11.382984
-13.843311
-15.381016
-10.767902
-12.613148
-9.845279
-5.847248
-6.154789
-6.154789
-6.154789
-5.847248
-5.847248
-5.847248
-5.539707
-6.154789
-5.539707
-6.462330
-4.617084
0.303570
-0.003971
0.303570
-0.003971
4.916684
6.454388
5.839307
5.839307
5.839307
5.839307
10.144879
12.297666
11.682584
11.682584
11.990125
17.833402
17.833402
17.833402
17.525861
17.833402
17.833402
17.525861
22.138974
24.291761
23.061597
26.752088
30.135038
29.212415
30.135038
29.212415
30.135038
25.521924
23.369138
23.676679
23.984220
22.138974
17.218320
18.448484
17.833402
17.833402
17.525861
12.605206
11.990125
7.992093
5.224225
6.146848
5.224225
-0.003971
0.303570
-3.386920
-6.462330
-6.154789
-5.539707
-9.230198
-12.305607
-11.998066
-11.690525
-15.381016
-17.841343
-19.686588
-24.607243
-22.761997
-26.760029
-31.065602
-34.756093
-37.216420
-41.214452
-43.982320
-48.287892
-52.901006
-53.823629
-57.821660
-59.974447
-58.744283
-60.589528
-65.510183
-65.510183
-65.510183
-62.434774
-57.821660
-54.438710
-49.518056
-41.214452
-32.603306
-21.224293
-8.307575
0.611111
10.452420
16.295697
18.448484
22.446515
24.291761
22.446515
20.293729
23.676679
28.597333
29.519956
31.057661
37.208479
41.206510
41.821592
47.664869
47.049788
43.974379
46.127165
42.129133
40.898970
42.436674
39.053724
35.670774
40.898970
36.900938
34.748151
40.283888
41.821592
41.514051
41.514051
42.129133
46.742247
47.664869
47.357329
48.279951
43.974379
40.898970
42.129133
37.208479
35.055692
35.978315
35.055692
29.827497
30.135038
26.444547
22.446515
17.833402
18.448484
14.757993
9.222257
0.611111
-5.539707
-7.077411
-11.690525
-16.303638
-18.148884
-17.841343
-17.533802
-19.994129
-24.607243
-23.069538
-26.452488
-31.988224
-40.291829
-41.521992
-43.982320
-50.748220
-57.206578
-63.357397
-68.278051
-74.428869
-77.196737
-78.734442
-83.347555
-82.732473
-85.192801
-90.113455
-85.500342
-83.040014
-83.347555
-83.347555
-82.117392
-77.196737
-77.504278
-77.196737
-71.045919
-62.742315
-52.593465
-39.061665
-27.375111
-14.150852
7.069470
23.369138
34.748151
44.281919
52.893065
51.662901
46.742247
43.051756
40.591429
35.670774
39.053724
42.436674
45.204542
52.585524
53.508147
58.736342
59.351424
59.043883
59.351424
54.430769
52.893065
53.508147
49.817656
46.742247
48.587492
45.512083
41.206510
41.821592
41.514051
41.514051
41.206510
46.742247
47.664869
47.664869
52.893065
53.815687
51.047819
46.434706
48.587492
45.204542
42.129133
39.053724
35.670774
34.440611
29.519956
29.519956
29.519956
29.519956
25.214383
21.216352
16.910779
13.220288
5.531766
0.303570
-3.694461
-9.845279
-15.381016
-18.456425
-17.226261
-18.456425
-16.918720
-20.609211
-24.299702
-23.069538
-26.452488
-32.295765
-37.523961
-46.135106
-52.901006
-58.744283
-67.970510
-73.198705
-77.811819
-81.194769
-85.807882
-89.190832
-83.962637
-82.732473
-83.347555
-83.040014
-83.347555
-83.040014
-83.040014
-82.732473
-83.347555
-82.117392
-77.196737
-77.811819
-74.428869
-67.662969
-63.664937
-52.901006
-40.291829
-27.990193
-16.611179
1.226193
18.448484
32.902906
47.664869
53.815687
50.432738
45.819624
41.206510
35.363233
29.827497
30.442579
35.670774
39.053724
45.819624
52.893065
53.508147
53.200606
53.200606
53.815687
50.432738
47.049788
47.664869
47.357329
47.664869
47.049788
47.664869
47.049788
47.664869
47.049788
49.202574
54.738310
60.581587
65.194701
67.039946
71.960601
70.730437
71.653060
71.037978
65.809783
64.887160
65.809783
64.887160
60.274046
58.736342
62.119292
65.809783
64.887160
66.117324
64.272078
59.658965
51.970442
47.357329
42.436674
33.825529
25.214383
18.448484
12.912747
11.375043
8.607175
2.148816
-0.619052
-6.154789
-11.690525
-19.686588
-32.603306
-48.287892
-59.359365
-75.351492
-91.651160
-108.873450
-130.093772
-147.316063
-157.464913
-167.613763
-180.838021
-190.064249
-190.371789
-190.371789
-189.756708
-190.371789
-186.988840
-184.220971
-182.683267
-177.455072
-178.685235
-173.149499
-172.226876
-171.304253
-163.000649
-155.004586
-142.395409
-125.173118
-104.260337
-79.041983
-45.520024
-13.228229
19.986188
51.662901
77.496337
93.488464
97.486496
92.873382
83.647155
76.266173
69.192733
65.809783
64.887160
70.422896
83.032073
90.105514
95.641250
100.869446
100.869446
101.484527
98.716659
94.103546
89.797973
93.488464
95.333709
94.103546
96.871414
100.869446
102.714691
109.788132
119.014359
129.470750
141.772386
154.381563
165.145494
172.526476
181.137621
185.135653
182.367785
178.062212
173.756640
167.913362
165.453035
170.373690
169.758608
167.605822
174.064181
173.756640
172.526476
170.373690
162.377626
152.228776
140.234681
123.012391
111.018295
97.178955
79.649123
68.577651
61.196669
55.968474
44.589460
32.287824
28.289793
12.912747
-1.849216
-13.843311
-39.369206
-68.893133
-101.800009
-134.399345
-166.998681
-201.443262
-238.655711
-273.100292
-305.392087
-332.763228
-357.981582
-377.049118
-388.735672
-392.426163
-392.118622
-392.118622
-388.428131
-381.662231
-374.896331
-373.358627
-367.822890
-362.287154
-356.443877
-346.295027
-337.068800
-326.919950
-304.469464
-278.328488
-247.266857
-212.514734
-165.768517
-110.103614
-51.978383
6.454388
60.274046
103.022232
126.087800
135.314027
130.393372
115.631409
99.024200
84.262237
77.496337
79.341582
91.335678
107.020264
125.472718
141.464845
150.075990
153.458940
149.460908
145.155336
141.772386
143.002549
142.695008
148.845826
157.149431
166.990740
178.062212
188.518603
204.510730
220.502857
237.725147
258.330388
276.782842
290.007101
298.310705
306.614310
309.997260
305.999228
295.235296
283.548742
278.935628
274.937597
272.784810
273.399892
274.014974
279.858251
274.937597
271.862188
263.558583
252.179570
238.032688
219.272693
197.437289
174.064181
151.306154
131.315995
115.323868
99.331741
90.105514
80.571746
67.347487
51.047819
32.902906
10.759961
-13.535770
-47.365270
-85.500342
-123.635414
-162.693108
-204.826212
-250.034725
-298.011106
-344.449782
-384.430099
-422.872712
-457.624834
-480.382861
-490.224170
-493.607120
-489.916629
-488.071384
-478.845156
-470.541552
-467.773684
-461.315325
-456.702211
-448.706148
-437.019594
-425.025498
-412.416321
-396.116654
-372.128463
-348.140273
-319.846510
-278.020947
-230.967189
-170.689172
-104.260337
-38.754124
26.444547
82.416991
116.861573
130.393372
128.548127
114.401245
93.488464
73.805846
64.579619
67.347487
77.188796
93.488464
117.169113
133.161240
143.310090
149.153367
148.230745
148.845826
148.230745
149.460908
154.996645
162.070085
176.524508
193.439257
209.431384
227.268757
250.334324
270.016942
291.852346
315.225455
331.525123
345.056923
352.745445
357.666100
360.741509
352.437904
341.366432
334.600532
328.449714
320.453650
314.610373
315.225455
314.302832
315.532996
312.457587
306.614310
301.078573
290.929724
277.705465
258.330388
237.110066
217.119907
196.514666
172.526476
154.074022
139.619599
128.548127
118.091736
96.871414
79.034042
59.658965
34.748151
6.761929
-30.142979
-74.428869
-119.637382
-166.076058
-216.512766
-269.409802
-325.689787
-385.045181
-437.019594
-478.845156
-518.210392
-552.039891
-569.569723
-578.180868
-582.178900
-582.486441
-578.795950
-573.260214
-567.416936
-564.033987
-563.726446
-553.885137
-544.043828
-537.893010
-527.129078
-513.597278
-490.839252
-463.775652
-434.866807
-392.426163
-334.916014
-262.028820
-175.609826
-87.960669
-0.619052
80.571746
131.931077
156.226808
157.456972
139.004518
112.556000
80.879287
62.119292
61.504210
77.803878
99.946823
131.008454
155.304185
173.141558
184.520571
183.905489
183.905489
177.754671
179.907458
186.673358
198.974994
219.887775
240.493016
265.711370
293.390051
315.532996
333.370368
357.666100
384.422158
409.640512
428.092966
440.394602
451.466075
455.771648
449.005748
439.164439
427.785425
419.789362
413.946085
406.565103
403.489694
404.104776
403.489694
404.412317
400.721826
393.033303
390.265435
381.654290
364.124459
342.596595
319.223487
294.312674
269.709401
242.338261
219.272693
203.280566
186.673358
166.375658
145.155336
122.397309
91.028137
52.277983
10.144879
-46.750188
-107.335746
-173.457040
-240.808498
-310.620283
-389.658295
-469.311388
-539.430714
-596.633322
-650.145439
-696.891657
-729.183451
-740.562465
-745.790660
-751.326396
-757.477214
-757.169674
-750.403774
-750.403774
-760.860164
-754.709346
-738.717219
-723.340174
-710.115915
-693.508707
-665.522485
-630.770362
-591.405127
-544.966451
-475.462206
-385.045181
-278.943570
-167.306222
-53.516088
51.355360
139.619599
192.516635
209.123843
200.820239
178.369753
147.615663
116.554032
100.869446
103.022232
126.395341
159.302217
192.516635
216.504825
232.496952
245.721211
249.719243
248.796620
243.260884
248.796620
272.169729
284.471365
298.618246
320.453650
346.902168
379.809045
401.951990
423.479853
449.005748
480.682461
505.593274
523.430646
530.504087
540.960478
545.573591
532.041792
511.744092
495.444424
483.757870
472.993938
461.922466
452.081157
456.386729
466.228038
467.458202
469.303447
467.150661
460.999843
453.311320
431.168375
402.259530
372.735604
339.521186
300.155951
261.713338
231.266788
208.508762
183.597949
157.764513
128.855668
95.026168
60.274046
15.373075
-35.678715
-102.415091
-175.302285
-247.574397
-323.844541
-411.801240
-504.678592
-582.178900
-650.760521
-711.961161
-768.856228
-813.449659
-833.747358
-838.975554
-848.816863
-858.965712
-857.428008
-846.664076
-834.362440
-833.439818
-829.441786
-811.296873
-788.846387
-773.469341
-758.707378
-739.639842
-707.655588
-664.907403
-616.008399
-547.119237
-445.323198
-323.229460
-189.449167
-51.055760
78.726501
189.748767
264.788747
293.082510
286.931692
254.947438
209.123843
165.145494
131.008454
119.629441
133.161240
168.220903
208.508762
240.800556
267.864156
280.780874
286.316610
280.473333
263.866124
254.024815
258.330388
274.014974
286.316610
305.076605
331.217582
360.126427
388.112649
407.487726
429.015589
462.230007
490.523770
507.438519
519.432615
533.579496
542.190641
536.347364
516.357205
499.134915
491.138851
486.833279
474.531643
469.303447
483.450329
502.210324
516.049665
517.279828
522.200483
522.815564
509.898847
481.605083
439.779521
400.721826
362.279213
318.300864
275.860219
243.875965
218.042530
195.592044
172.834017
143.925172
109.788132
72.575683
33.210447
-24.914784
-97.801978
-177.147531
-258.030788
-339.221586
-434.866807
-541.275960
-639.689049
-707.040506
-769.778851
-833.747358
-878.340789
-895.870621
-899.561112
-909.094880
-921.396516
-924.471925
-912.477830
-906.327012
-917.398484
-917.398484
-892.487671
-866.346694
-850.354567
-829.441786
-793.151959
-741.485088
-688.280511
-639.689049
-567.416936
-469.311388
-343.834700
-209.131785
-63.049856
88.260269
221.733020
321.683814
370.582817
373.965767
341.981514
284.471365
216.504825
154.689104
110.095673
101.176987
124.550095
165.145494
201.742862
228.806461
252.794652
259.868092
254.024815
234.342197
216.812366
222.655643
238.955311
251.564488
270.324483
305.691687
349.977577
385.037240
402.259530
426.247721
466.843120
506.208356
526.198514
536.654905
556.337523
577.250304
580.325713
564.948668
553.262114
558.797850
560.643096
549.879164
545.881132
561.873259
586.168990
594.780136
595.702758
603.083740
611.694885
609.542099
582.170959
542.805723
508.668683
469.610988
421.019526
371.505440
324.144141
283.856283
254.947438
228.191379
197.437289
158.072054
113.478623
71.037978
13.220288
-72.583624
-170.996713
-266.641933
-352.753386
-451.166475
-567.724477
-669.828057
-743.637874
-810.374250
-885.721771
-955.226015
-997.666660
-1010.583378
-1025.345341
-1052.101400
-1060.712545
-1041.337468
-1022.269932
-1019.809605
-1021.039768
-999.819446
-957.686342
-927.547334
-906.634552
-864.193908
-801.455564
-733.489024
-672.288384
-602.169059
-502.833347
-383.199936
-250.957347
-112.563941
38.131101
186.980898
308.152014
394.878549
431.168375
417.021494
365.354622
292.774969
210.354007
131.931077
84.877319
77.803878
103.022232
142.695008
181.137621
214.044498
251.564488
267.556615
251.564488
228.498920
219.580234
226.038593
231.574329
232.496952
253.102193
304.153982
357.051018
393.340844
428.400507
482.220165
548.956541
590.474563
605.236526
624.611603
658.748644
670.742739
652.290285
632.300126
629.532258
640.296189
633.222749
619.383408
620.306031
638.758485
652.905366
649.829957
647.369630
660.593889
672.280443
663.976839
640.911271
608.004395
562.488341
508.361142
446.237880
379.809045
319.531028
275.860219
248.181538
216.812366
175.909426
123.627472
73.498305
18.140943
-68.585592
-182.375726
-290.630124
-382.892395
-470.541552
-576.950704
-695.353952
-781.465405
-839.283095
-906.019471
-983.827319
-1038.569600
-1056.406972
-1058.559758
-1081.010244
-1105.613517
-1095.772208
-1069.323690
-1063.172872
-1073.629263
-1067.785986
-1029.035832
-979.829287
-940.771593
-898.023407
-827.904081
-741.177547
-657.526421
-581.871359
-493.914661
-384.737640
-260.491115
-133.169182
-3.386920
130.700913
252.794652
353.360527
416.098871
428.708048
403.489694
357.051018
296.465460
219.580234
145.155336
91.028137
77.188796
89.490432
94.718628
103.022232
139.927140
183.290408
204.818271
201.435321
208.201221
236.187443
260.790715
262.635961
263.251042
296.773001
347.517250
382.576913
400.106744
442.547389
513.896878
578.480468
610.157181
632.300126
672.587984
714.413547
723.639774
714.106006
713.183383
728.252888
735.633869
714.106006
700.266665
704.572238
710.107974
705.187320
697.191256
689.502734
686.427325
682.121752
661.824053
626.149308
582.478500
532.964414
481.297543
416.713953
340.443809
269.094320
219.887775
170.373690
100.254364
21.523893
-40.599370
-88.575751
-162.078026
-268.794720
-377.356658
-455.164507
-531.742192
-646.762489
-776.237210
-868.499480
-924.471925
-988.440433
-1072.706640
-1136.060066
-1144.671211
-1139.443016
-1157.280388
-1182.498742
-1166.506615
-1124.065971
-1099.770239
-1094.234503
-1075.474508
-1010.890919
-940.464052
-889.104721
-830.671949
-749.173610
-646.454949
-547.426778
-460.085161
-359.826827
-243.576366
-117.177055
1.841275
116.861573
225.423511
319.838569
389.650353
422.557230
409.332971
366.584786
314.302832
251.564488
177.754671
99.331741
48.279951
39.668806
41.206510
35.670774
36.593397
67.347487
115.938950
133.776322
132.546159
155.611726
205.433353
239.262852
237.417607
244.183506
293.082510
348.132332
373.350686
392.725763
459.462138
549.879164
614.155213
647.984712
688.887652
748.858128
788.530905
793.759100
784.532873
793.759100
813.134177
807.598441
785.147955
775.921728
777.459432
778.074514
763.312551
745.782719
742.399769
743.322392
734.403706
717.796497
687.349948
640.296189
587.706695
528.351301
441.624766
341.981514
252.487111
176.832049
98.716659
-8.307575
-115.639350
-186.373758
-249.727184
-352.445845
-484.995974
-590.790045
-659.679207
-743.330333
-873.420135
-997.974201
-1061.942708
-1094.234503
-1158.203011
-1230.167582
-1248.312496
-1215.713160
-1190.494806
-1195.107919
-1184.651529
-1131.139412
-1065.325658
-1037.031895
-1017.656818
-957.993883
-861.118499
-774.084423
-697.199198
-602.476599
-477.614993
-343.527159
-229.429484
-125.173118
-17.841343
88.875350
179.292376
254.332356
305.999228
345.979545
377.041176
381.346749
351.822822
291.852346
224.808429
160.532381
83.647155
-8.000034
-87.960669
-118.714759
-117.792136
-122.097709
-123.020332
-91.036078
-24.914784
24.291761
43.974379
72.883223
127.317963
188.211062
210.354007
225.115970
276.782842
349.362495
399.184121
431.475916
490.216229
581.248336
661.208971
707.647647
752.548619
817.439749
879.255471
899.553171
898.630548
913.700052
936.150538
932.460047
904.473825
890.634484
891.864648
886.636453
864.801049
845.118431
832.816795
825.128272
806.983359
774.076482
726.407642
667.052248
604.928986
523.430646
416.406412
304.153982
201.435321
96.563873
-30.142979
-170.381631
-288.477338
-377.049118
-482.843188
-619.083808
-745.175578
-826.366377
-882.646362
-983.519778
-1100.692862
-1169.889565
-1191.417429
-1223.401682
-1282.141995
-1320.277067
-1295.058713
-1250.157741
-1244.006923
-1231.705287
-1163.738747
-1056.714513
-972.755847
-917.706025
-827.904081
-683.974939
-551.117269
-456.087130
-353.368468
-209.439325
-60.281988
46.742247
133.776322
226.653675
310.612341
356.435936
361.971672
347.209709
344.749382
325.989387
264.788747
203.588107
149.153367
88.260269
31.057661
-31.988224
-103.030173
-169.766549
-230.352107
-266.949474
-287.862256
-310.620283
-310.005201
-266.949474
-203.903589
-141.780327
-83.962637
-8.000034
91.335678
167.913362
220.810398
292.774969
385.037240
473.301479
536.654905
594.780136
687.042407
779.304677
834.046958
878.332848
936.765620
1002.579373
1037.946577
1045.942640
1063.164931
1088.383285
1084.077712
1056.706572
1031.488218
1024.414777
1016.111173
967.212169
926.001688
913.392511
891.249566
838.352531
764.235173
689.810275
620.921112
510.513928
370.582817
257.715306
151.306154
8.914716
-170.074090
-353.060927
-485.918597
-600.016272
-773.776882
-953.995851
-1084.700735
-1151.744652
-1194.492838
-1278.143963
-1354.106566
-1360.257384
-1346.110503
-1355.951812
-1379.324920
-1375.634429
-1307.052808
-1244.929546
-1221.863978
-1172.657433
-1064.710577
-920.781434
-796.227368
-706.117884
-570.492346
-375.203872
-194.369821
-42.137074
95.026168
238.340229
393.648385
487.448361
528.658842
571.407027
587.706695
574.482436
518.202451
424.710016
354.898231
279.550710
159.302217
23.061597
-119.944923
-232.197352
-313.695692
-418.567139
-518.210392
-588.329718
-629.232658
-630.462822
-636.921181
-641.841835
-601.246436
-530.204487
-443.170412
-344.449782
-236.195384
-91.036078
63.349455
181.752703
301.078573
432.090998
560.643096
675.355852
737.786656
805.445654
915.237757
999.503964
1047.787886
1086.845580
1136.974748
1210.784564
1247.381932
1240.923573
1256.300618
1271.370122
1263.681600
1224.316364
1175.109820
1154.504579
1136.974748
1074.851485
1015.188550
980.128887
941.686274
887.251534
784.840414
672.280443
556.029982
393.955926
220.502857
57.506178
-127.325904
-339.221586
-581.871359
-792.536877
-922.626679
-1082.855490
-1291.983304
-1458.362932
-1548.164876
-1565.694707
-1604.137320
-1681.330087
-1674.256646
-1595.833716
-1538.938649
-1500.496036
-1440.218019
-1310.128217
-1152.667275
-1067.785986
-979.521746
-811.911954
-609.242499
-423.487794
-289.092419
-134.399345
101.176987
324.144141
493.906720
648.599794
779.612218
905.088907
995.813473
997.043637
971.210201
908.164316
785.763036
631.685044
423.172312
202.357944
4.609143
-206.978998
-424.102876
-630.155281
-806.376218
-906.019471
-984.442401
-1086.545981
-1148.976784
-1150.206948
-1104.075812
-1048.103368
-1018.579441
-927.547334
-747.943447
-584.946768
-446.860903
-279.866192
-38.754124
238.340229
440.702143
602.468658
835.277122
1093.611480
1283.364217
1383.622552
1457.432368
1576.758239
1661.024446
1635.191010
1588.137252
1570.299880
1557.690703
1502.025799
1392.541238
1311.657980
1295.050772
1254.147832
1178.800310
1124.365571
1091.458694
1078.849517
1030.873136
937.688243
843.888267
718.719120
552.339491
351.515282
104.867477
-127.940986
-318.001264
-516.980228
-745.483119
-996.436496
-1206.179392
-1283.064618
-1351.953780
-1527.867176
-1693.324182
-1744.068431
-1657.649437
-1583.224539
-1637.044197
-1637.351738
-1485.734073
-1322.429853
-1234.473155
-1190.187265
-1060.097463
-842.050963
-712.576243
-656.296257
-505.293674
-262.028820
-26.452488
108.865509
211.276630
447.468043
719.949283
891.249566
1010.267896
1116.369507
1232.619968
1303.969458
1252.302586
1159.732774
1034.256086
806.368277
517.279828
179.599917
-158.695076
-461.622866
-782.695569
-1091.466635
-1348.878371
-1545.397008
-1628.740593
-1633.353706
-1637.044197
-1604.137320
-1506.031772
-1333.501326
-1107.458762
-925.087007
-747.943447
-521.900883
-305.699628
-109.180991
83.339614
294.927755
540.345396
723.947315
867.261376
1089.613449
1352.560921
1567.839553
1699.159518
1774.507039
1877.533242
1959.339122
1925.817164
1844.011283
1748.366063
1615.815933
1468.503841
1283.671758
1131.439011
1048.402968
944.454142
843.580726
787.300741
765.772878
798.987295
812.519095
775.614187
719.641742
606.159149
443.470011
241.415638
-46.442647
-328.150114
-563.111364
-838.052931
-1125.911216
-1421.150483
-1619.206825
-1616.438956
-1641.657310
-1777.282849
-1836.638243
-1738.225154
-1486.041614
-1303.977399
-1306.130185
-1236.010859
-1037.339436
-869.114562
-798.380155
-804.223432
-724.877879
-565.264150
-529.896946
-516.980228
-379.816986
-174.072122
36.593397
148.230745
253.717274
526.506055
809.136145
996.121014
1124.673112
1184.951128
1257.838322
1287.054708
1173.879656
998.273800
745.782719
391.495599
13.527829
-400.729767
-790.691632
-1108.688926
-1425.763597
-1697.937296
-1871.082824
-1934.436250
-1825.566770
-1649.038292
-1494.960300
-1287.985272
-1025.037800
-699.967066
-364.747481
-133.784263
57.506178
244.798588
364.124459
487.755902
604.006363
680.276507
761.159764
784.225332
839.275154
1005.654782
1145.893434
1239.385868
1304.584540
1348.255348
1422.372706
1434.059260
1368.860588
1332.878303
1263.989141
1143.740647
1015.496091
901.090875
884.483666
901.090875
865.416130
886.328912
985.664623
1130.208848
1296.280935
1381.162225
1410.993692
1397.154352
1217.242923
918.928247
550.801787
137.159272
-217.742930
-627.079872
-1124.373512
-1566.002248
-1894.148392
-1994.099185
-1986.718204
-2130.647346
-2267.503048
-2206.302408
-1932.591005
-1602.292075
-1495.575382
-1471.279650
-1292.905927
-1073.629263
-936.158479
-908.787339
-874.957839
-721.494929
-615.393317
-576.028082
-418.567139
-102.107550
248.489079
497.904751
684.582079
990.892819
1387.313043
1648.415269
1752.671635
1760.667699
1711.153613
1608.434952
1361.787148
1013.035764
633.222749
143.310090
-413.338944
-941.694215
-1386.090820
-1697.014673
-1964.575259
-2197.076181
-2292.413861
-2216.758799
-1978.722140
-1662.262551
-1377.172134
-1094.849585
-788.231305
-449.936312
-94.111487
176.216967
370.275277
518.817533
637.220780
789.761068
935.535456
1037.331495
1103.760330
1132.669175
1176.339983
1254.147832
1314.733390
1326.112403
1274.137990
1167.113756
1042.867231
903.243661
767.618123
652.597825
528.966383
413.023462
347.824791
370.582817
499.442456
670.127657
862.340721
1112.986557
1382.084847
1668.405428
1945.192241
2110.649246
2155.242677
2013.773862
1649.337892
1182.798342
620.613572
39.361265
-449.321230
-989.363055
-1548.779958
-2025.160816
-2325.935819
-2277.651898
-2166.322091
-2261.659771
-2329.933851
-2217.681422
-1852.322829
-1495.575382
-1490.039645
-1555.238317
-1479.583255
-1365.485580
-1287.370190
-1307.975431
-1236.933482
-977.676501
-761.475246
-530.512028
-119.329841
448.390666
1022.877073
1408.225824
1659.486742
1989.170590
2297.019034
2377.902291
2241.969212
1913.823068
1525.091367
1130.516389
611.694885
88.567809
-410.571076
-957.071261
-1395.317047
-1746.836299
-1981.490008
-2033.464421
-2085.746374
-2091.897192
-2009.168689
-1883.692001
-1591.835684
-1271.378063
-1035.801732
-806.376218
-594.788077
-282.018979
125.780259
444.392634
699.651584
910.624643
1117.907212
1382.699929
1579.526107
1654.566087
1617.046097
1466.658596
1284.901922
1100.992462
874.027276
612.617508
308.152014
-4.617084
-195.907526
-252.187511
-210.054407
-94.726569
16.603238
193.439257
480.682461
798.987295
1156.964906
1481.728100
1751.441472
2027.920743
2229.975117
2417.575067
2595.333709
2616.554032
2452.942271
2017.156812
1420.835001
877.102685
300.155951
-261.721279
-821.753263
-1444.523592
-1939.664445
-2333.624342
-2518.148884
-2435.420381
-2489.547580
-2693.139658
-2809.390119
-2699.905557
-2300.409925
-2071.599493
-2142.948982
-2104.813910
-1873.543151
-1515.873081
-1185.881692
-909.709961
-475.154666
54.430769
499.749997
936.765620
1473.424495
2014.696485
2360.372460
2424.033426
2355.144264
2348.070823
2229.360035
1846.471611
1306.737326
678.123720
166.683199
-275.253079
-769.471310
-1122.835807
-1428.531465
-1717.927454
-1874.158233
-1994.406726
-1989.178531
-1904.604782
-1976.261813
-1996.559512
-1875.695938
-1655.804192
-1281.219372
-961.684374
-680.591989
-265.104229
190.671389
727.330265
1255.070454
1585.984466
1812.642111
1957.801418
2004.240094
1969.487972
1760.360158
1359.019280
857.727608
301.078573
-162.693108
-451.166475
-695.661493
-923.856843
-1063.172872
-1006.585346
-665.830025
-237.118007
103.329773
442.239848
767.003041
1103.145248
1439.594996
1663.484773
1900.598810
2152.782350
2280.411825
2434.182276
2677.447130
2992.984097
3267.003041
3138.143403
2653.458940
2077.742370
1463.890727
735.941410
-121.790168
-1028.420750
-1913.831010
-2736.810466
-3494.591251
-3869.791152
-3771.070522
-3757.538723
-3923.918351
-3937.142610
-3460.454210
-2519.686588
-1929.515596
-1734.534663
-1399.622620
-865.731612
-251.572429
71.653060
258.330388
663.361757
1033.948545
1265.834386
1462.353023
1786.501135
2227.822330
2422.188181
2290.253134
2096.194824
1972.870922
1781.272939
1323.652076
574.174895
-176.532449
-727.030665
-1205.871851
-1638.581901
-1975.339190
-2159.556191
-2168.474877
-2140.488655
-2021.777866
-1729.306468
-1373.789184
-1121.913184
-1026.267964
-848.509322
-492.992038
-79.041983
194.669421
270.324483
423.172312
763.312551
1135.437043
1386.390420
1441.747782
1419.297297
1381.469765
1254.147832
1014.573468
706.725024
306.614310
-242.038661
-813.449659
-1187.111856
-1270.147900
-1248.620036
-1314.126249
-1323.044935
-1064.095495
-498.835315
147.923204
643.371598
1056.706572
1438.057292
1820.330634
2203.526599
2492.615048
2768.479238
3015.742124
3131.992585
3221.486988
3384.483666
3661.885561
3787.977331
3377.102685
2436.642603
1374.088784
459.154598
-501.910724
-1571.230444
-2674.379663
-3675.732842
-4359.088729
-4781.342389
-4679.238809
-4123.204856
-3786.755108
-3591.159094
-3219.342143
-2358.227614
-1196.645624
-596.018240
-428.100907
-180.222940
226.961216
685.504702
888.481698
1010.267896
1284.594381
1497.105145
1580.141189
1705.002795
1955.033549
2166.929232
2058.059752
1544.466444
1009.960355
628.917176
143.617631
-536.355305
-1391.626556
-2066.063757
-2316.094511
-2381.908264
-2261.352230
-1937.204118
-1506.339313
-997.974201
-524.361210
-52.285924
434.243784
703.342074
627.994553
419.789362
276.782842
273.092351
319.531028
202.973025
60.581587
88.567809
305.076605
651.675203
861.110558
833.124336
703.957156
486.525738
222.348102
-94.726569
-502.833347
-978.599124
-1496.805545
-1899.684128
-1942.124773
-1617.054038
-1218.788569
-891.565048
-544.966451
5.531766
790.683691
1479.882854
1909.209955
2141.095796
2213.675449
2307.782965
2419.727854
2548.895033
2749.411702
2842.904136
2850.592659
2935.781489
3179.968966
3502.271832
3422.618738
2671.603853
1455.587123
186.058276
-934.620775
-2050.994252
-3072.337591
-3966.358996
-4671.857827
-5000.003971
-4837.314833
-3919.612779
-2804.469464
-2217.681422
-1855.398238
-1278.143963
-247.266857
656.595857
743.322392
493.291638
374.273308
445.315257
520.662778
458.231975
536.962446
761.774846
902.013498
952.142665
1094.226562
1335.338630
1342.412071
864.493508
54.738310
-622.159217
-1043.490254
-1493.730136
-2057.145070
-2532.295765
-2551.055760
-2070.984411
-1387.936066
-559.728414
323.529059
1100.684921
1658.256578
1912.285364
2020.232221
1956.263713
1470.349086
636.298158
-213.437357
-742.715251
-846.971617
-836.822767
-865.731612
-779.927700
-450.858934
111.325836
592.319809
744.552555
593.549972
231.881870
-226.969157
-711.346079
-1123.450889
-1439.602937
-1754.832363
-1975.031649
-1870.160201
-1312.588544
-471.771716
227.883839
645.216844
982.896755
1356.558952
1697.929355
1869.229638
1768.048680
1524.783826
1291.360281
1152.659334
1308.890112
1699.774600
2146.631532
2534.440611
2773.399892
3076.942763
3490.892819
3709.554401
3424.156443
2400.352777
876.487603
-633.538231
-1977.491976
-3047.119237
-3717.558405
-4160.109765
-4361.241515
-4196.707132
-3497.974201
-2085.746374
-798.995236
-365.670104
-359.519286
-293.090451
145.462877
421.327066
-46.135106
-609.242499
-878.955871
-812.527036
-484.380893
-136.244591
400.721826
958.908565
1259.068486
1371.935997
1371.935997
1291.360281
891.557107
7.992093
-1063.787954
-1831.102507
-2122.651283
-2153.405373
-2123.573905
-1922.749696
-1250.772823
-248.804561
765.772878
1684.705096
2275.798711
2538.438642
2436.642603
1966.412563
1420.527460
679.968966
-254.955379
-1117.915153
-1757.907772
-1851.707747
-1471.587191
-969.065356
-469.618929
-79.349524
347.517250
784.532873
891.249566
624.919144
54.738310
-608.627417
-1142.825966
-1488.809482
-1524.484226
-1342.727553
-1162.201043
-912.785370
-448.398607
204.203189
788.530905
989.355114
816.209586
544.958509
325.066764
184.828112
139.004518
133.776322
216.504825
487.140820
940.763652
1645.339860
2463.398662
3104.621445
3475.515774
3560.397063
3504.732159
3450.297420
3229.483051
2614.093704
1529.396940
117.169113
-1173.580056
-2106.044074
-2741.116038
-2953.626802
-2884.122558
-2781.711438
-2624.865577
-2347.771224
-1597.063880
-765.780819
-737.487056
-1264.919704
-1710.546473
-1557.083562
-1007.200428
-856.505385
-879.570953
-610.472663
-43.674779
692.578143
1225.854069
1543.236280
1722.840168
1564.764144
1042.252150
391.803140
-128.863609
-571.414968
-1166.199075
-1821.568739
-2063.603429
-1698.552377
-1086.853522
-591.712668
-208.209162
264.481206
772.538778
1123.135407
1287.669790
1259.991109
1064.702635
736.248951
403.182153
186.980898
50.125197
-72.891165
-234.965220
-334.916014
-222.356043
65.502242
306.614310
246.028752
-4.924625
-199.905557
-331.225523
-483.458270
-695.969034
-887.567016
-985.980105
-975.523715
-780.542782
-392.426163
-11.382984
120.244522
27.674711
-93.496405
-101.800009
-41.521992
-142.395409
-433.636644
-659.064126
-578.795950
-196.215067
292.467428
740.554524
1162.500643
1552.770048
1872.920128
2205.679385
2546.434706
2764.788747
2740.493016
2511.990125
2312.703620
2313.318701
2420.650476
2298.864279
1700.697223
678.431261
-396.116654
-1249.850200
-1938.126741
-2331.471556
-2519.071507
-2802.316678
-3055.422841
-3009.906788
-2241.977153
-1225.862010
-991.823383
-1258.768886
-1351.953780
-843.896208
-73.198705
108.557968
-29.527897
-31.373143
193.439257
558.490309
694.423388
716.566333
749.473210
601.238495
222.348102
-206.978998
-406.573044
-530.819569
-923.856843
-1416.537369
-1533.095372
-1194.185297
-783.618191
-587.407095
-435.789430
-87.960669
364.124459
825.743354
1148.661302
1244.614064
1254.455373
1178.800310
1158.810152
1150.199006
955.525615
631.992585
87.337646
-355.828795
-429.023530
-389.658295
-401.652390
-651.990685
-822.983427
-676.286416
-500.680561
-355.521254
-371.820922
-493.299579
-554.807759
-504.678592
-235.887843
22.138974
71.653060
-47.365270
-251.572429
-349.985518
-308.467496
-293.705533
-456.394671
-745.175578
-843.588667
-569.877264
-148.546227
225.115970
580.325713
932.460047
1291.667822
1613.355606
1904.904382
2160.778414
2246.889866
2232.435444
2224.746921
2262.574452
2377.594750
2506.146848
2457.247844
2040.222380
1296.280935
357.666100
-651.068062
-1649.960915
-2365.608596
-2553.516088
-2592.266241
-2647.316063
-2494.468234
-1890.457901
-932.775529
-441.325166
-585.254309
-793.459500
-642.456917
-63.972478
204.818271
-78.426901
-372.436004
-332.455687
52.277983
225.731052
47.049788
-98.417059
-243.576366
-495.759906
-837.130308
-1090.236471
-1183.421365
-1356.259353
-1544.781926
-1427.608842
-957.993883
-411.801240
-60.281988
143.310090
456.079189
908.471857
1288.592413
1451.281550
1394.694024
1332.570762
1346.102562
1327.650107
1335.338630
1233.542591
855.574821
261.098256
-311.850446
-565.879232
-691.355920
-976.138796
-1243.699382
-1251.080364
-951.843065
-576.028082
-323.844541
-120.867545
41.514051
190.978930
320.146109
384.729699
427.785425
372.735604
147.615663
-166.998681
-411.186158
-453.011721
-460.085161
-619.698890
-768.856228
-730.413615
-461.007784
-111.948859
178.062212
472.993938
759.622060
981.051510
1176.032442
1304.276999
1426.985819
1582.909057
1710.230991
1844.626365
1986.402722
2154.627595
2411.731790
2591.643219
2484.618984
2021.154844
1147.431138
34.440611
-1128.679084
-2199.844049
-2823.537000
-2960.392702
-2878.586822
-2631.939018
-2114.962760
-1189.572183
-247.881938
32.287824
-282.018979
-588.022177
-428.408448
-51.978383
-122.097709
-558.498250
-795.612286
-524.053669
-7.384952
217.119907
155.611726
48.895033
-135.629509
-459.162539
-856.505385
-1153.282357
-1359.642302
-1587.222571
-1667.183205
-1357.797057
-728.260829
-172.841958
136.544190
365.969704
689.195193
1079.157058
1278.136022
1227.699314
1071.160994
933.997752
913.392511
970.287578
1057.014113
980.436428
548.033918
3.686520
-351.523223
-490.531711
-666.445107
-1012.121082
-1228.937419
-1081.932867
-690.125757
-317.693723
-69.508215
126.702881
303.846442
450.850993
512.666715
523.738187
491.446392
290.314642
-56.899038
-372.128463
-452.704180
-335.223555
-309.082578
-431.176316
-493.299579
-365.055022
-117.177055
114.708786
266.633992
395.801172
561.258177
728.560429
933.690211
1176.955065
1404.842874
1626.579865
1826.481452
2077.127288
2351.761314
2519.986188
2531.057661
2349.916069
2005.777798
1444.515651
580.940795
-494.837283
-1577.073721
-2359.150237
-2573.506246
-2291.491238
-1953.811327
-1704.395655
-1307.052808
-684.897561
-142.395409
-234.350139
-863.886367
-1279.374127
-1091.466635
-612.010367
-413.954026
-526.821537
-476.077288
-21.531834
465.612956
515.434583
217.119907
-201.135721
-657.526421
-1117.607612
-1523.869145
-1691.478937
-1668.720910
-1579.841589
-1277.836422
-699.967066
-16.303638
448.390666
537.269987
478.837215
511.129010
649.522416
687.349948
566.793914
477.914593
537.269987
773.768941
1071.776076
1282.749136
1259.991109
811.288931
145.770417
-363.824859
-658.756585
-904.789307
-1204.026606
-1321.814771
-1006.277805
-342.604536
263.558583
544.035887
639.066026
653.212907
623.381440
523.738187
323.221518
142.695008
-88.883292
-380.432067
-486.841220
-311.850446
-16.303638
23.676679
-227.584239
-406.573044
-350.600600
-183.605890
-99.647223
-74.121328
81.186828
409.332971
818.054831
1218.473087
1581.986434
1853.852592
2002.087308
2079.280074
2172.464968
2282.257070
2254.885930
2077.742370
1820.638175
1491.569409
1041.021986
336.753318
-524.361210
-1355.336730
-1946.430345
-1989.486072
-1708.086145
-1550.932744
-1476.507846
-1270.762982
-884.491607
-572.337591
-739.024760
-1169.889565
-1205.871851
-731.336238
-184.220971
7.069470
-133.784263
-96.264273
227.576298
344.134300
78.726501
-373.973709
-779.620160
-1057.022054
-1312.281003
-1472.509814
-1409.463929
-1269.225277
-1120.990562
-837.130308
-451.781557
-123.327873
-4.617084
-105.490500
-174.994744
1.533734
305.999228
495.444424
519.740155
584.938827
790.376150
970.595119
1065.625258
1064.087554
845.733513
311.842505
-296.473401
-590.482504
-628.617576
-660.601830
-705.195261
-617.238563
-235.580302
302.308737
575.405059
503.440488
309.074637
135.929109
61.196669
55.353392
68.885192
95.641250
79.034042
-22.761997
-54.131169
82.416991
129.778290
-127.325904
-516.672687
-726.108042
-591.097586
-286.017010
6.761929
313.072669
613.847672
976.745937
1372.551079
1615.200852
1693.316241
1674.556246
1636.113633
1646.877565
1727.760822
1857.543083
1931.967982
1915.975855
1791.421789
1503.871045
972.132824
171.296312
-711.961161
-1530.635044
-1970.726077
-1849.554961
-1591.220602
-1371.021316
-1128.064003
-889.719803
-596.633322
-582.793982
-999.819446
-1303.669858
-1110.534171
-568.032018
-157.772454
-112.563941
-103.030173
153.766481
394.263467
278.935628
-139.627540
-628.310035
-981.059451
-1218.173487
-1448.829164
-1468.819323
-1256.001018
-1025.345341
-746.405742
-428.100907
-168.536385
-87.345587
-258.030788
-476.692370
-468.388766
-204.211130
73.498305
218.042530
389.035272
702.111911
1057.014113
1248.304554
1237.540623
1054.246245
574.482436
-68.278051
-501.295642
-665.214944
-670.750680
-602.476599
-485.918597
-160.540322
335.215614
619.383408
509.591306
240.493016
52.277983
-19.379047
-40.906911
-23.684620
51.662901
151.613695
178.677294
106.097641
60.581587
36.593397
-140.857704
-464.390734
-724.877879
-680.899530
-333.378309
81.494369
469.918529
795.296804
1064.702635
1309.505194
1413.454019
1310.735358
1147.738679
1076.696731
1148.353761
1390.695993
1710.538532
1964.874858
2115.262360
2052.216475
1760.667699
1227.391773
351.515282
-596.633322
-1448.829164
-1990.716235
-1796.042844
-1322.122312
-1015.811573
-736.256892
-536.355305
-331.225523
-289.707501
-735.334269
-1238.163646
-1276.298718
-835.592604
-302.624219
-92.266241
-74.121328
100.254364
306.306769
204.510730
-190.679330
-667.367730
-1038.877141
-1237.548564
-1405.158356
-1432.529496
-1210.484965
-971.218142
-755.324428
-547.119237
-418.259599
-405.035340
-578.180868
-777.467373
-750.096233
-432.098939
24.906843
350.900200
556.029982
782.687627
996.736096
1086.538040
984.742001
785.455496
444.085093
-53.823629
-353.060927
-363.209777
-270.639965
-131.323936
-1.541675
137.774354
365.047081
535.732282
440.702143
176.216967
-10.152820
-68.278051
-13.843311
116.861573
239.570393
299.233328
238.032688
88.567809
-16.611179
-64.587560
-140.857704
-295.243237
-410.263535
-325.997328
-31.065602
345.056923
641.218812
799.602377
878.947930
966.904628
1048.095427
1056.706572
1011.498059
1047.172804
1205.556369
1457.739909
1783.425726
2025.460416
2042.375166
1800.032934
1366.092720
790.683691
41.514051
-716.881815
-1317.201658
-1597.678961
-1280.911831
-745.790660
-492.684497
-447.475984
-478.537616
-482.535647
-653.220848
-1154.820061
-1530.635044
-1384.553116
-785.463437
-148.238686
114.093704
107.327805
149.460908
188.518603
-75.351492
-588.944800
-1046.873204
-1289.830517
-1301.824613
-1229.860041
-1094.234503
-836.515227
-636.921181
-572.030050
-586.484472
-676.901498
-826.366377
-998.896823
-1095.157126
-913.092911
-398.884522
174.371721
522.815564
669.205034
711.645679
711.030597
650.752580
465.920497
281.088415
81.186828
-183.298349
-254.032756
-84.577719
110.710755
259.868092
301.078573
273.707433
305.076605
349.054954
291.544805
113.786164
-23.684620
22.754056
189.441226
337.368400
377.348717
309.997260
153.766481
-41.829533
-161.770485
-173.149499
-150.699013
-124.865577
-61.819692
63.656996
262.943501
496.059506
655.980775
659.671266
578.788009
587.706695
685.812243
824.205649
1017.033795
1232.619968
1501.410718
1752.364094
1907.979791
1995.936490
1818.792929
1329.802894
790.991232
213.121875
-340.451750
-740.562465
-1017.656818
-905.404389
-427.485826
-133.476722
-172.534417
-432.406480
-713.806406
-804.530973
-1026.575505
-1405.465897
-1395.624588
-882.338821
-143.625572
323.221518
226.346134
-32.295765
-173.149499
-373.358627
-716.881815
-1057.944677
-1196.645624
-1048.103368
-788.846387
-613.240531
-482.228106
-429.946153
-560.958578
-810.066709
-1041.645009
-1159.433175
-1152.974816
-1073.014181
-858.043090
-407.495667
156.226808
511.744092
519.740155
344.441841
178.677294
104.252396
85.799941
88.875350
164.837953
248.181538
254.332356
290.929724
338.906104
325.989387
283.548742
167.605822
69.192733
132.853700
272.169729
391.803140
443.162471
440.087062
466.228038
476.069347
351.515282
126.702881
-79.041983
-234.350139
-280.788815
-198.060312
-66.125265
90.413055
185.135653
180.214999
163.607790
144.540254
185.750735
286.931692
362.586754
452.388698
632.915208
861.110558
1072.391158
1254.762913
1402.075006
1504.178586
1549.694639
1553.692671
1502.025799
1315.656012
1001.964291
615.385376
194.054339
-214.667521
-587.407095
-687.972970
-436.096971
-214.975062
-283.864224
-584.946768
-849.124404
-821.445722
-780.850323
-969.065356
-1109.919089
-903.559143
-351.830764
124.857636
97.178955
-282.634060
-553.577596
-611.395286
-677.824121
-820.523100
-890.027344
-768.548687
-518.825474
-357.058959
-370.898299
-462.853029
-614.470695
-822.983427
-1008.738132
-1102.538108
-1077.012213
-943.539461
-759.630001
-548.349400
-262.028820
-2.464298
27.982252
-117.792136
-231.889811
-179.915399
41.821592
200.205157
237.417607
265.096288
263.251042
260.790715
248.796620
186.980898
181.137621
259.253011
365.662163
468.688366
570.176863
713.490924
826.973517
795.296804
634.452912
444.700175
281.088415
89.797973
-113.486564
-233.119975
-250.649806
-172.841958
-51.363301
46.434706
117.784195
122.089768
67.039946
51.970442
118.399277
251.564488
433.321162
571.407027
668.589952
796.834509
917.390543
1008.422650
1081.924926
1144.048188
1234.157673
1352.560921
1451.281550
1444.208110
1274.753072
937.688243
485.603115
45.204542
-369.053054
-627.079872
-538.508092
-271.255047
-136.859672
-290.322583
-587.099554
-722.417552
-705.195261
-778.082455
-968.142733
-1014.888950
-727.338206
-300.471433
-122.097709
-338.606505
-657.526421
-736.256892
-666.752648
-654.143471
-727.338206
-744.560497
-547.119237
-271.562588
-137.167213
-195.907526
-389.965835
-575.413000
-703.965097
-826.058836
-924.779466
-954.610933
-872.189971
-687.357889
-460.085161
-254.032756
-172.226876
-235.580302
-321.999296
-329.072737
-200.213098
16.603238
175.909426
218.965152
162.377626
73.498305
70.115355
118.706818
177.139590
292.774969
421.942148
587.706695
786.993200
915.237757
961.368892
899.553171
726.407642
508.976224
282.011037
58.736342
-106.413123
-197.137689
-207.594080
-150.699013
-78.119360
-19.994129
11.682584
14.450452
-27.682652
-82.117392
-61.204610
68.270110
227.268757
375.503472
494.214260
597.240463
711.645679
803.600409
898.323007
1037.946577
1176.032442
1300.894049
1387.928124
1384.237634
1295.973394
1111.448853
790.991232
405.027399
45.819624
-226.046534
-297.396024
-165.153435
-5.539707
-11.998066
-223.893748
-495.759906
-643.687080
-692.278543
-792.536877
-928.469957
-948.152574
-769.778851
-527.129078
-490.224170
-730.721156
-981.366992
-987.517810
-774.084423
-582.793982
-585.254309
-633.538231
-511.444492
-272.177670
-111.948859
-151.006554
-349.370436
-524.668751
-585.561850
-573.875295
-560.651037
-584.946768
-586.792013
-473.616961
-265.104229
-100.262305
-122.097709
-313.388151
-470.234011
-449.936312
-322.921919
-219.588175
-181.760644
-167.306222
-105.490500
-11.690525
76.573714
188.826144
354.283150
541.268019
703.957156
811.904013
882.638421
928.462015
917.390543
833.431876
676.586016
496.367047
359.203804
240.800556
119.014359
38.131101
-7.384952
-23.684620
-37.216420
-80.887228
-148.238686
-221.125880
-299.548810
-359.519286
-371.513381
-317.078641
-203.288507
-101.800009
-39.369206
48.279951
183.597949
319.223487
435.166407
529.581464
616.307999
691.963061
727.637806
706.417484
698.728961
731.020756
732.250919
691.040438
628.609635
561.873259
527.121137
528.658842
550.186705
631.069962
711.953220
670.435198
476.991970
208.508762
-9.230198
-126.710823
-183.298349
-197.137689
-190.064249
-222.663584
-321.076673
-461.622866
-590.482504
-661.216912
-693.816248
-696.276575
-688.895593
-688.588052
-682.437234
-697.199198
-690.125757
-629.540199
-575.105459
-554.807759
-546.196614
-550.502187
-552.347432
-559.420873
-559.728414
-498.220233
-389.965835
-328.457655
-361.672072
-454.856966
-531.127110
-510.829410
-417.029435
-317.693723
-256.185543
-261.413738
-300.471433
-300.471433
-216.820307
-53.208547
94.411087
158.687135
194.976962
246.643834
278.013006
240.185475
139.312058
28.289793
-11.075443
28.289793
73.805846
81.186828
54.738310
42.129133
66.732405
83.647155
50.125197
3.378979
-39.061665
-70.123296
-47.057729
32.595365
152.228776
289.699560
401.644449
464.690334
519.432615
576.327682
609.849640
629.532258
618.768326
617.538163
675.663393
740.246983
771.308614
793.451559
812.519095
838.352531
866.953835
859.572853
810.058768
737.786656
688.272570
709.800433
778.997137
846.656135
886.021371
887.251534
822.052863
644.601762
376.118554
129.778290
-3.079380
-23.377079
9.837338
-13.228229
-127.018363
-297.703565
-480.690402
-642.149376
-785.463437
-889.104721
-935.850938
-987.517810
-1066.248281
-1125.603675
-1129.294166
-1070.553854
-983.827319
-938.003725
-951.535524
-1013.351246
-1077.012213
-1083.778113
-1053.024022
-983.212237
-851.892272
-722.417552
-660.909371
-642.149376
-637.843803
-592.635291
-498.220233
-381.354690
-256.800625
-178.377694
-161.155404
-126.095741
-20.301670
99.639282
171.911394
201.742862
226.961216
261.713338
285.701528
251.872029
163.300249
117.169113
156.226808
236.802525
257.407765
183.597949
80.264205
23.061597
21.216352
50.125197
85.799941
79.649123
60.889128
88.567809
173.141558
304.769064
435.166407
519.432615
567.408995
593.242431
614.770294
634.760453
639.681108
618.460785
604.621445
619.075867
653.212907
687.657488
683.044375
660.901430
679.046343
717.488956
764.542714
775.614187
714.721088
644.294221
608.311935
624.611603
680.584048
711.645679
697.806338
692.885684
716.566333
715.336170
616.000458
396.416253
132.853700
-47.980351
-95.956732
-77.504278
-92.573782
-184.528512
-347.525191
-528.051701
-682.129693
-784.848355
-839.590636
-890.949966
-971.218142
-1031.496159
-1020.732227
-965.067324
-913.400452
-918.936189
-975.831256
-1018.886982
-1030.265995
-1055.791890
-1066.863363
-1038.877141
-943.539461
-793.459500
-677.209039
-608.627417
-558.498250
-540.660878
-533.587437
-494.529742
-421.335008
-314.925855
-204.826212
-117.792136
-29.527897
56.583556
132.238618
192.516635
236.187443
258.330388
262.635961
242.645802
184.213030
135.314027
124.242554
123.627472
107.020264
84.262237
63.656996
46.434706
32.902906
45.512083
95.948791
176.216967
241.415638
265.096288
269.709401
289.699560
337.675941
393.033303
437.319193
474.224102
506.515897
536.347364
567.408995
580.940795
581.248336
565.256209
535.424741
506.515897
476.991970
441.317225
417.021494
429.938212
475.761806
519.740155
549.879164
558.182768
574.789977
619.690949
668.282412
707.340106
723.639774
709.185352
670.435198
651.675203
671.665361
689.502734
614.770294
425.325098
177.754671
-21.839375
-110.103614
-108.873450
-83.655096
-122.405250
-226.661616
-388.120590
-560.343496
-683.974939
-761.475246
-798.380155
-818.985395
-847.894240
-870.037185
-898.638489
-934.005693
-946.307329
-950.920442
-932.775529
-898.023407
-872.805053
-864.808990
-871.882430
-853.122435
-759.630001
-603.706763
-471.156634
-413.646485
-409.648453
-405.957962
-360.749450
-271.255047
-182.375726
-101.492469
-16.611179
63.041915
145.462877
201.742862
190.363848
125.780259
63.656996
47.664869
63.349455
32.902906
-60.897069
-149.468849
-166.383599
-87.038046
10.759961
32.287824
-13.228229
-42.752156
-17.226261
40.898970
95.026168
125.472718
143.925172
181.752703
249.104161
343.519218
437.934275
498.519833
518.202451
506.515897
477.299511
455.156566
438.856898
386.267404
326.296927
297.388083
307.844473
344.134300
371.812981
368.122490
361.356590
370.582817
419.481821
531.734251
636.913239
693.500766
729.790592
767.310582
809.751227
848.193840
846.348594
791.298773
713.798465
664.284380
659.056184
656.595857
603.083740
464.382793
260.483174
70.730437
-31.373143
-34.141011
0.303570
9.529797
-46.135106
-182.068185
-367.515350
-530.204487
-653.835930
-748.250987
-819.600477
-866.654235
-874.650299
-845.433913
-820.215559
-820.523100
-829.441786
-838.668013
-833.439818
-840.513258
-877.418167
-883.568985
-836.207686
-752.249019
-631.692985
-495.144824
-385.660263
-328.765196
-325.997328
-321.076673
-263.258983
-180.530481
-124.865577
-116.869514
-138.397377
-133.476722
-80.887228
-41.521992
-63.972478
-140.242622
-233.119975
-284.171765
-268.487179
-208.516703
-166.383599
-171.611794
-164.230813
-99.647223
-4.617084
54.430769
55.660933
51.662901
101.176987
214.044498
341.058891
411.178217
420.711985
396.416253
347.824791
302.616278
280.165792
271.554647
246.028752
196.822207
173.756640
210.354007
269.094320
299.540869
294.312674
271.554647
272.169729
307.844473
360.126427
421.327066
473.301479
531.734251
619.998490
717.796497
794.989264
848.808922
852.499412
831.279090
848.501381
872.182030
847.578758
765.465337
660.286348
587.399154
560.950636
568.946700
588.014236
563.718505
450.850993
271.247106
91.028137
-41.521992
-94.726569
-100.262305
-119.329841
-185.143594
-307.852414
-467.158602
-608.012336
-699.967066
-752.864101
-779.312619
-809.451627
-832.517195
-810.681791
-776.544750
-747.635906
-718.419520
-707.655588
-706.425425
-709.193293
-723.032633
-721.187388
-684.590020
-615.393317
-500.988101
-377.664199
-298.011106
-283.864224
-326.304869
-387.813049
-401.959931
-373.051086
-366.285186
-404.727799
-451.781557
-463.160570
-416.414353
-354.906173
-329.072737
-333.070768
-350.600600
-332.455687
-266.334392
-194.984903
-135.629509
-65.817724
23.369138
130.085831
214.352039
245.106129
220.195316
173.141558
129.778290
111.633377
122.089768
143.617631
163.300249
180.522539
210.046466
251.564488
280.165792
262.943501
229.114002
198.974994
191.594012
210.046466
259.868092
345.672004
438.856898
520.355237
587.399154
653.212907
711.953220
734.711247
716.566333
677.816180
661.208971
689.195193
701.189288
667.974871
634.145371
641.833894
681.506670
706.109943
697.498797
688.272570
681.814211
652.597825
601.853577
538.500150
484.680492
473.916561
452.388698
356.743477
191.594012
9.837338
-107.950827
-125.788200
-73.813787
-32.603306
-72.276083
-210.977030
-376.126495
-490.224170
-546.811696
-571.722509
-601.246436
-658.141503
-720.879847
-749.788692
-738.717219
-706.425425
-680.591989
-677.516580
-671.673303
-655.681176
-650.760521
-648.915276
-648.300194
-635.998558
-593.250372
-540.353337
-521.900883
-558.190709
-627.079872
-669.212975
-649.222817
-568.339559
-460.085161
-385.967804
-349.677977
-314.310773
-259.568493
-208.824244
-196.830148
-212.514734
-204.518671
-170.996713
-111.026237
-77.811819
-83.655096
-90.113455
-78.426901
-48.287892
-18.456425
-20.301670
-47.057729
-75.966574
-76.274114
-20.916752
60.581587
132.238618
164.837953
180.830080
214.044498
284.778906
372.735604
446.545421
479.759838
493.599179
519.432615
572.022109
612.617508
599.393249
535.424741
478.837215
475.761806
506.823437
518.817533
481.912624
435.473948
425.940180
453.618861
497.597210
542.805723
574.174895
590.167022
594.472595
598.470627
613.232590
614.155213
583.401122
545.881132
536.039823
551.109328
548.341459
509.591306
462.845088
464.382793
503.748028
489.293606
369.045113
184.828112
21.523893
-45.520024
-18.456425
22.446515
5.224225
-92.881323
-242.038661
-364.132400
-436.404512
-474.232043
-496.374988
-536.047764
-581.871359
-612.625449
-627.079872
-631.385444
-641.226753
-670.750680
-704.887720
-740.254924
-772.546719
-785.155896
-788.231305
-762.397869
-687.972970
-595.710700
-520.670719
-486.533679
-492.992038
-505.601215
-489.916629
-435.481889
-377.971740
-345.679945
-353.368468
-374.281249
-376.126495
-364.132400
-355.213713
-365.055022
-392.118622
-408.725831
-386.582886
-341.681914
-303.546842
-265.719311
-202.980966
-117.177055
-40.906911
-3.694461
-0.619052
-4.309543
40.283888
141.157304
252.794652
336.753318
376.426095
386.882485
401.644449
429.630671
447.160502
428.400507
382.884454
348.747413
345.364463
365.354622
387.497567
402.567071
397.338876
381.654290
381.039208
392.725763
408.102808
399.799203
380.731667
376.118554
399.799203
422.557230
421.942148
404.104776
404.104776
438.549357
490.523770
541.575560
575.097518
592.319809
597.240463
611.387344
648.292253
699.959125
712.875842
654.443071
564.026045
516.664746
543.420805
602.776199
602.468658
491.753933
311.227423
159.917299
110.403214
145.770417
196.207126
179.907458
71.960601
-93.803946
-260.183574
-386.890426
-474.847125
-537.277928
-577.873327
-607.704795
-626.464790
-644.609703
-676.593957
-700.889688
-706.425425
-696.584116
-683.359857
-683.052316
-715.651652
-767.626064
-795.919827
-785.463437
-754.709346
-723.032633
-716.881815
-752.864101
-810.066709
-847.586699
-825.751295
-744.252956
-671.365762
-647.992653
-642.456917
-600.323813
-520.363178
-452.704180
-441.017625
-445.323198
-420.412385
-352.753386
-257.108165
-159.310158
-79.964605
-8.922657
63.349455
127.933045
182.675326
189.133685
153.766481
125.780259
158.994676
261.098256
368.122490
408.102808
393.955926
378.271340
386.882485
423.172312
460.384761
475.146724
460.384761
426.862803
400.106744
401.029367
418.251657
420.404444
405.642480
386.267404
374.580849
374.273308
384.114617
409.332971
441.932307
465.305416
469.303447
470.226070
475.761806
482.835247
499.442456
527.736219
563.103423
602.161117
622.151276
629.224717
650.752580
691.655520
732.866001
750.088292
734.403706
697.191256
636.605699
564.333586
528.043760
537.885069
554.184737
498.827374
350.592659
167.605822
22.446515
-29.835438
-2.464298
43.666838
41.821592
-42.444615
-176.839990
-308.775037
-408.725831
-476.692370
-540.660878
-600.323813
-661.216912
-716.881815
-774.391964
-832.824736
-872.497512
-904.174225
-930.007661
-960.146670
-985.672564
-1003.817478
-1015.811573
-997.051578
-931.545366
-839.590636
-781.157864
-784.848355
-817.755231
-833.439818
-801.148023
-719.957224
-628.310035
-547.119237
-482.535647
-429.331071
-368.130431
-292.475369
-234.657679
-227.891780
-263.258983
-283.249142
-259.260952
-199.905557
-124.558036
-48.595433
40.283888
135.006486
203.588107
215.889743
191.286471
169.143526
181.445162
232.804493
306.306769
368.122490
396.723794
397.031335
387.190026
394.571008
412.408380
414.561167
391.495599
365.354622
364.431999
399.491662
460.692302
517.894910
534.194578
506.823437
465.920497
433.628703
417.944117
408.717889
413.638544
432.090998
465.920497
510.513928
535.732282
546.188673
547.418837
557.567686
568.331618
576.942763
572.637191
558.490309
544.650969
543.420805
571.714568
623.381440
676.893557
705.802402
695.346011
658.748644
618.768326
584.323745
575.405059
581.248336
592.934890
584.323745
492.369015
307.844473
80.879287
-93.188864
-159.002617
-142.395409
-124.250495
-175.302285
-305.699628
-471.156634
-601.246436
-670.750680
-693.508707
-729.490992
-796.842450
-878.648330
-945.077165
-961.991915
-949.382738
-936.773561
-929.392579
-920.166352
-901.713898
-886.336853
-888.182098
-894.332916
-882.953903
-839.590636
-784.233273
-751.018856
-751.018856
-773.161801
-773.161801
-713.806406
-608.934958
-514.827442
-463.775652
-436.404512
-398.269440
-337.683882
-282.634060
-254.340297
-266.334392
-297.088483
-299.548810
-261.413738
-187.296380
-97.494437
-21.531834
40.591429
103.022232
166.375658
213.429416
215.889743
201.435321
222.655643
290.929724
385.037240
453.618861
477.299511
493.599179
523.430646
561.565718
584.631286
584.631286
571.714568
557.875227
561.565718
585.553909
620.613572
632.915208
608.619476
555.722441
496.059506
448.083125
408.410349
375.503472
358.588722
381.654290
437.319193
496.982129
516.664746
505.593274
500.057538
517.279828
544.958509
557.875227
544.035887
517.279828
500.057538
502.517865
527.121137
559.412932
569.254241
553.877196
528.351301
513.896878
506.208356
474.839184
400.721826
317.070700
276.475301
287.854315
300.463492
240.493016
87.952728
-105.182959
-238.655711
-264.181606
-206.978998
-150.391472
-170.689172
-290.630124
-450.243852
-584.024145
-656.296257
-697.199198
-744.560497
-792.536877
-823.598509
-822.983427
-808.529004
-806.376218
-822.060804
-835.285063
-850.047026
-864.193908
-892.795212
-937.696184
-966.912569
-959.839129
-907.249634
-816.525068
-737.487056
-723.647715
-770.393932
-818.370313
-811.604413
-731.336238
-620.006431
-535.432683
-497.297611
-482.228106
-451.474016
-389.043213
-304.469464
-219.280634
-170.996713
-146.085899
-99.647223
-21.531834
76.881255
170.988771
253.102193
331.217582
399.184121
447.160502
455.771648
430.245753
415.483789
444.085093
510.513928
586.784072
631.069962
631.992585
614.770294
605.236526
611.387344
627.071931
630.147340
613.232590
593.242431
587.706695
593.549972
596.932922
576.942763
536.347364
482.835247
425.017557
373.965767
336.138236
317.685782
316.148078
334.600532
349.977577
357.973640
344.749382
310.919882
271.247106
240.493016
223.885807
222.963184
236.802525
258.637929
286.624151
311.227423
335.523155
362.586754
399.184121
433.628703
439.164439
415.176248
380.731667
355.205772
339.828727
319.223487
286.009069
271.862188
291.852346
309.997260
276.167760
167.913362
20.601270
-113.486564
-193.447199
-211.592112
-206.671457
-222.356043
-298.011106
-438.249757
-585.869391
-681.514611
-728.260829
-766.395901
-821.753263
-873.420135
-900.176193
-902.944062
-907.864716
-929.700120
-952.765688
-970.295519
-977.984042
-978.906665
-974.908633
-958.916506
-918.013566
-849.431944
-757.784755
-669.828057
-620.313972
-616.008399
-639.381508
-630.462822
-556.653005
-447.168443
-350.600600
-291.552747
-252.187511
-188.526544
-99.032141
-13.228229
43.666838
63.656996
69.192733
93.180923
138.389436
211.276630
308.767096
420.404444
531.734251
612.309967
637.220780
612.002426
551.724409
503.748028
512.974256
573.559813
646.139467
688.887652
688.272570
662.131593
653.212907
652.290285
631.685044
572.329650
483.450329
402.874612
345.364463
313.072669
294.312674
284.163824
280.165792
270.016942
236.187443
187.903521
138.081895
99.024200
83.032073
87.645187
99.639282
120.552063
137.466813
144.232713
153.458940
160.224840
160.839922
168.835985
179.907458
201.435321
240.800556
289.699560
326.604468
345.056923
350.900200
354.283150
368.737572
377.963799
383.191995
377.656258
366.277245
352.437904
326.912009
286.316610
242.338261
198.974994
174.679262
163.300249
119.936982
30.750120
-111.641318
-258.645870
-348.755354
-353.368468
-299.856351
-266.949474
-317.693723
-444.708116
-582.486441
-677.516580
-719.034602
-735.949351
-755.324428
-778.697537
-795.304746
-784.233273
-756.554592
-738.409679
-749.788692
-772.239178
-787.001141
-773.161801
-743.022792
-719.034602
-695.046411
-643.379540
-549.579564
-437.019594
-359.519286
-343.527159
-359.519286
-361.979613
-321.999296
-250.034725
-170.689172
-110.411155
-66.432806
-18.456425
36.593397
91.028137
128.548127
149.153367
154.381563
160.532381
182.675326
224.808429
270.016942
305.076605
336.138236
361.049049
383.499535
397.031335
397.031335
388.112649
386.574944
407.180185
437.934275
458.539516
462.537547
455.156566
439.164439
426.862803
413.638544
391.803140
361.356590
319.531028
284.778906
269.709401
266.941533
266.941533
248.489079
206.971057
163.300249
127.625504
104.559936
82.416991
64.579619
52.585524
60.889128
76.881255
87.645187
95.333709
94.103546
87.952728
87.645187
98.409118
110.095673
132.853700
155.611726
171.603853
188.518603
205.125812
229.421543
256.792683
278.013006
287.546774
285.393987
277.705465
272.784810
273.707433
275.860219
266.633992
230.344166
182.675326
151.921236
142.079927
146.077958
147.308122
112.556000
39.361265
-68.585592
-180.222940
-257.108165
-277.405865
-243.883907
-202.058344
-188.526544
-221.125880
-294.013074
-379.816986
-437.019594
-468.696307
-476.384829
-474.232043
-478.537616
-479.767779
-470.541552
-463.775652
-463.775652
-479.460238
-513.904819
-549.272023
-578.795950
-588.944800
-576.950704
-546.504155
-517.595310
-496.990070
-487.148761
-484.380893
-472.079257
-456.702211
-441.940248
-409.033371
-358.289122
-314.925855
-266.949474
-212.514734
-156.542290
-96.879355
-47.365270
-18.763966
2.763898
19.678647
33.825529
64.272078
111.325836
178.984835
252.794652
310.919882
345.979545
364.431999
371.197899
375.503472
389.650353
405.950021
427.170344
444.392634
444.700175
434.243784
425.632639
419.789362
409.332971
390.880517
355.820854
310.304801
266.326451
237.110066
214.044498
191.901553
167.605822
152.843858
140.849763
125.472718
95.333709
52.277983
14.757993
-9.537739
-11.382984
5.531766
26.752088
35.670774
42.436674
54.123228
61.504210
59.658965
53.200606
51.047819
61.196669
90.105514
129.163209
161.455003
200.205157
243.568425
288.469396
340.443809
384.729699
403.489694
402.567071
390.572976
388.727731
409.025430
439.164439
459.154598
446.545421
407.180185
363.816918
333.985450
321.683814
314.610373
290.314642
229.421543
135.929109
44.897001
-30.758061
-84.885260
-117.177055
-138.397377
-158.079995
-190.679330
-255.878002
-354.598632
-452.396639
-514.827442
-537.277928
-547.734319
-566.494314
-599.093649
-645.532326
-684.590020
-710.423456
-726.723124
-736.564433
-752.556560
-779.312619
-806.683759
-808.529004
-777.467373
-721.187388
-662.447075
-610.780204
-573.260214
-558.190709
-546.196614
-529.281865
-487.456302
-411.801240
-319.846510
-233.427516
-154.389504
-84.885260
-31.373143
2.456357
25.829465
47.972410
80.571746
127.010422
174.679262
214.659580
257.715306
308.152014
362.586754
408.102808
427.170344
423.172312
397.646417
363.509377
346.902168
362.586754
392.110681
412.408380
403.797235
379.809045
349.362495
316.148078
283.856283
257.100224
234.034657
218.042530
207.278598
190.671389
174.986803
171.911394
176.524508
182.060244
179.599917
170.373690
150.383531
131.315995
126.087800
139.312058
167.298281
190.056307
203.588107
208.201221
207.893680
197.744830
189.748767
185.750735
192.824176
215.889743
240.493016
259.253011
272.784810
271.247106
270.016942
282.933660
299.233328
321.683814
325.989387
312.150046
303.846442
304.461523
323.529059
343.519218
348.747413
325.374305
281.395956
237.110066
205.433353
191.286471
179.292376
161.147463
132.238618
91.950759
30.442579
-54.746251
-153.774422
-231.274730
-266.641933
-262.643902
-254.032756
-277.713406
-343.219618
-430.868776
-506.216297
-555.422841
-588.637259
-621.236594
-659.371666
-691.048379
-703.350016
-699.659525
-693.816248
-704.580179
-730.106074
-756.554592
-774.084423
-761.475246
-729.798533
-686.127725
-635.998558
-587.407095
-539.123173
-510.829410
-504.063510
-505.908756
-488.686465
-440.402544
-373.051086
-304.777005
-247.574397
-196.830148
-145.470818
-89.190832
-38.139043
0.918652
21.216352
31.980283
55.045851
106.712723
186.673358
270.324483
338.906104
403.489694
454.849025
484.680492
497.904751
503.132947
515.434583
535.424741
568.024077
589.244399
594.780136
585.861450
562.795882
547.726378
537.269987
526.506055
508.668683
475.454265
441.009684
416.406412
395.801172
381.961831
356.743477
314.917914
275.245138
238.955311
210.661548
188.826144
162.377626
134.391404
104.867477
85.799941
74.113387
51.662901
27.059629
-2.156757
-17.841343
-11.382984
8.299634
22.138974
19.063565
3.378979
-5.232166
8.607175
33.517988
59.351424
79.649123
102.714691
131.315995
161.762544
177.139590
178.369753
179.292376
188.826144
202.357944
214.967121
209.431384
196.207126
188.211062
183.905489
184.828112
176.832049
153.151399
110.403214
76.266173
49.202574
15.373075
-26.452488
-90.113455
-159.617699
-211.284571
-251.572429
-288.169797
-332.148146
-390.580917
-458.547457
-527.744160
-583.716604
-626.157249
-659.371666
-694.431329
-724.877879
-742.715251
-748.250987
-751.633937
-762.705410
-771.931637
-767.933605
-735.641810
-692.278543
-647.685112
-602.784140
-554.807759
-502.218265
-448.706148
-387.197967
-336.146177
-296.165860
-258.338329
-222.356043
-173.457040
-114.716727
-50.440679
19.986188
87.337646
146.077958
192.516635
219.580234
238.647770
263.558583
296.773001
341.366432
392.110681
431.168375
455.464107
476.376888
492.676556
518.202451
537.885069
544.958509
539.422773
527.121137
515.742124
502.825406
487.448361
466.843120
445.315257
418.866739
383.807076
341.673973
297.695623
251.564488
216.504825
191.594012
174.679262
156.841890
125.472718
86.722564
51.970442
28.904874
5.839307
-16.918720
-33.525929
-49.210515
-56.283956
-59.666906
-59.359365
-63.972478
-66.125265
-61.204610
-44.597401
-21.839375
-4.924625
5.224225
13.835370
31.980283
57.506178
85.492400
110.710755
127.933045
139.619599
146.693040
158.687135
175.601885
191.594012
200.820239
209.123843
216.504825
225.731052
229.729084
215.582202
195.592044
175.601885
161.762544
154.381563
154.381563
149.768449
131.931077
102.714691
75.651092
56.891096
40.591429
23.061597
-13.535770
-59.974447
-114.409186
-165.153435
-214.975062
-268.794720
-310.312742
-342.296996
-369.975677
-404.112717
-447.783525
-493.299579
-538.508092
-573.567755
-586.792013
-589.867422
-597.863486
-604.014304
-603.091681
-598.478568
-582.793982
-557.883168
-538.200551
-523.438587
-501.910724
-465.313357
-411.186158
-354.598632
-310.620283
-274.022915
-246.036693
-218.665553
-185.758676
-153.159340
-115.639350
-73.198705
-30.450520
16.910779
71.037978
123.935013
177.139590
227.883839
271.247106
303.538901
316.455619
325.066764
341.058891
361.664131
391.188058
417.944117
441.317225
446.545421
441.317225
429.938212
412.715921
396.723794
378.578881
362.279213
350.285118
341.673973
327.527091
305.691687
270.324483
227.883839
189.748767
149.768449
104.559936
59.043883
16.295697
-11.690525
-23.992161
-32.910847
-43.674779
-61.512151
-89.805914
-109.796073
-123.327873
-127.018363
-124.558036
-122.097709
-103.952796
-72.583624
-35.986256
14.142911
55.660933
88.567809
117.784195
147.615663
177.447130
201.742862
224.500889
250.026784
277.090383
301.078573
319.223487
318.300864
309.382178
309.997260
319.838569
336.138236
350.285118
344.749382
321.068732
296.773001
276.167760
266.018910
255.870061
240.185475
207.893680
158.994676
115.631409
66.732405
21.831434
-21.224293
-58.129201
-84.577719
-119.944923
-170.381631
-236.195384
-310.005201
-372.436004
-416.721894
-443.477953
-464.390734
-491.761874
-529.589405
-570.492346
-598.478568
-611.702826
-609.550040
-608.627417
-616.315940
-617.238563
-609.857581
-593.865454
-572.645132
-554.500219
-531.127110
-498.527774
-467.466143
-440.095003
-404.112717
-365.977645
-316.156019
-254.340297
-202.365885
-153.159340
-114.716727
-82.424933
-49.825597
-12.920688
22.446515
48.279951
73.190764
97.486496
128.855668
161.762544
194.361880
214.967121
223.578266
226.346134
225.115970
227.576298
237.110066
247.566456
254.332356
255.562520
255.562520
252.487111
246.028752
243.260884
243.568425
243.568425
238.955311
233.112034
230.959248
234.649738
241.108097
242.030720
235.264820
222.348102
201.127780
182.060244
169.451067
169.758608
178.369753
191.901553
204.510730
211.276630
214.967121
206.663516
195.592044
184.520571
176.832049
183.905489
190.056307
193.131716
199.897616
201.742862
206.048434
215.582202
222.963184
226.961216
223.270725
219.580234
220.195316
219.887775
222.040561
219.580234
214.044498
203.895648
189.748767
167.913362
150.998613
135.314027
116.861573
109.173050
103.329773
98.409118
87.645187
67.039946
39.361265
17.833402
-9.537739
-41.829533
-75.659033
-103.952796
-120.560005
-128.863609
-135.629509
-154.081963
-184.836053
-221.433421
-253.417675
-280.481274
-297.396024
-317.386182
-350.293059
-389.658295
-424.717958
-444.400575
-454.856966
-458.547457
-471.156634
-488.071384
-498.527774
-509.599247
-520.670719
-529.589405
-527.129078
-518.825474
-500.065479
-485.303515
-473.001879
-469.311388
-469.003848
-461.007784
-444.400575
-412.723862
-379.816986
-338.298964
-294.935696
-247.266857
-194.369821
-148.853768
-111.948859
-79.349524
-51.978383
-17.226261
27.059629
74.113387
123.012391
163.915331
203.588107
235.264820
269.401860
298.618246
320.146109
337.983482
356.743477
380.424126
395.186090
404.412317
402.567071
397.646417
398.569040
405.027399
423.479853
439.471980
437.934275
427.785425
411.178217
402.567071
397.953958
391.803140
386.267404
371.197899
353.052986
334.600532
315.840537
300.155951
282.933660
259.868092
237.417607
213.736957
193.131716
182.367785
171.911394
168.220903
158.072054
144.232713
128.855668
105.790100
81.801910
64.887160
53.815687
45.819624
41.821592
37.823561
33.210447
30.135038
27.367170
21.216352
13.835370
5.839307
1.533734
-4.924625
-5.847248
-9.230198
-17.841343
-25.837406
-41.521992
-54.438710
-66.740346
-78.426901
-88.883292
-100.262305
-115.024268
-135.014427
-154.697045
-177.762612
-199.598017
-215.897684
-227.891780
-242.961284
-267.872097
-293.705533
-322.306837
-344.449782
-357.058959
-367.207809
-368.745513
-368.130431
-368.437972
-373.051086
-382.584854
-386.582886
-385.967804
-386.582886
-381.969772
-379.509445
-381.047149
-377.664199
-371.513381
-357.674041
-337.068800
-317.078641
-294.013074
-272.485211
-252.802593
-231.582270
-211.899653
-190.679330
-165.460976
-142.087868
-119.022300
-96.879355
-75.351492
-47.672811
-14.458393
16.603238
39.976347
56.891096
73.190764
99.331741
131.623536
167.298281
197.744830
220.502857
236.802525
248.181538
262.943501
281.703497
303.846442
327.219550
352.745445
375.503472
396.723794
411.178217
420.711985
434.551325
449.928370
456.694270
459.462138
458.539516
453.618861
444.700175
434.551325
429.630671
425.940180
418.559198
407.487726
386.267404
360.741509
339.213645
314.610373
286.624151
259.560552
228.806461
200.205157
170.066149
131.931077
97.486496
62.734374
31.980283
9.222257
-15.381016
-43.674779
-74.428869
-108.873450
-134.706886
-142.395409
-151.929177
-162.693108
-176.532449
-202.058344
-223.278666
-232.197352
-231.274730
-232.504893
-228.506861
-225.738993
-214.667521
-203.903589
-198.982935
-195.907526
-202.058344
-207.594080
-202.673426
-193.754739
-187.911462
-183.913431
-183.298349
-177.762612
-168.843926
-157.157372
-149.161308
-148.546227
-151.929177
-156.849831
-157.464913
-153.466881
-148.546227
-149.776390
-155.004586
-156.849831
-150.083931
-142.702950
-142.702950
-144.855736
-160.540322
-170.689172
-172.841958
-171.304253
-166.383599
-160.540322
-160.540322
-160.232781
-160.540322
-159.925240
-163.308190
-173.764581
-181.145562
-177.147531
-163.000649
-142.702950
-125.173118
-115.639350
-106.105582
-92.881323
-75.966574
-67.047887
-58.436742
-47.672811
-35.063633
-12.305607
20.908811
53.815687
84.262237
111.018295
136.544190
165.453035
191.901553
203.588107
212.814334
227.268757
244.183506
267.864156
294.312674
317.685782
328.449714
332.447746
338.598564
344.441841
353.668068
356.743477
345.672004
331.217582
322.606437
315.840537
308.152014
298.310705
283.548742
263.866124
243.260884
227.883839
210.661548
195.284503
166.990740
143.310090
127.933045
104.867477
89.797973
69.500274
49.510115
26.444547
3.686520
-17.533802
-41.829533
-61.512151
-73.506246
-77.811819
-81.809851
-84.270178
-89.498373
-110.718696
-140.550163
-162.693108
-172.841958
-170.689172
-163.615731
-154.697045
-156.234749
-168.228844
-178.377694
-185.451135
-181.453103
-169.151467
-156.542290
-145.163277
-142.395409
-143.318031
-147.008522
-139.627540
-127.325904
-117.484595
-109.180991
-101.800009
-102.415091
-108.565909
-102.415091
-86.730505
-67.970510
-43.367238
-34.448552
-39.061665
-47.672811
-60.281988
-64.895101
-51.055760
-29.220356
-11.382984
-6.154789
-16.611179
-27.990193
-31.065602
-24.299702
-11.382984
-3.386920
0.611111
-7.077411
-19.686588
-31.988224
-43.982320
-47.672811
-52.593465
-53.516088
-53.516088
-60.589528
-68.585592
-79.041983
-85.500342
-83.655096
-77.504278
-77.196737
-77.196737
-84.577719
-88.575751
-79.349524
-63.972478
-41.214452
-29.835438
-29.835438
-27.682652
-18.148884
1.533734
27.059629
53.508147
72.268142
83.954696
97.178955
106.405182
118.091736
130.393372
145.155336
162.685167
176.524508
185.750735
190.056307
192.209094
201.435321
208.201221
218.657611
226.346134
221.733020
207.586139
190.978930
181.752703
177.139590
173.449099
168.835985
162.992708
147.923204
129.778290
107.327805
86.107482
70.422896
50.432738
27.982252
8.299634
-4.924625
-16.918720
-34.756093
-47.365270
-60.281988
-77.811819
-93.188864
-115.331809
-130.093772
-140.857704
-148.546227
-148.238686
-148.546227
-148.546227
-148.853768
-153.159340
-159.617699
-160.232781
-154.697045
-154.389504
-149.468849
-136.552131
-118.407218
-96.571814
-81.809851
-59.974447
-45.520024
-32.910847
-14.150852
6.761929
28.904874
51.355360
77.188796
96.563873
111.325836
118.399277
119.014359
118.399277
119.014359
118.706818
119.014359
118.399277
111.325836
97.794037
87.645187
75.036010
61.196669
50.432738
39.976347
27.982252
12.297666
-6.462330
-26.760029
-47.980351
-64.587560
-73.813787
-80.579687
-88.268210
-99.647223
-107.643287
-121.790168
-134.091804
-138.397377
-145.163277
-148.238686
-149.468849
-153.774422
-158.387536
-161.155404
-159.310158
-152.851799
-143.318031
-131.323936
-119.637382
-106.105582
-93.188864
-88.268210
-75.043951
-57.821660
-53.208547
-45.520024
-33.218388
-24.607243
-12.613148
6.146848
27.059629
42.744215
59.658965
72.268142
79.649123
90.105514
99.639282
107.327805
122.089768
133.776322
140.234681
146.693040
149.153367
147.308122
142.387468
135.621568
129.163209
123.935013
118.706818
112.556000
102.099609
91.950759
84.569778
73.805846
63.041915
51.047819
35.055692
17.833402
6.146848
1.533734
-4.617084
-9.845279
-12.613148
-11.075443
-14.765934
-17.841343
-20.609211
-30.142979
-37.523961
-46.135106
-52.593465
-59.051824
-57.206578
-52.593465
-47.672811
-37.216420
-27.375111
-21.224293
-17.533802
-17.841343
-17.533802
-10.152820
4.916684
21.523893
39.976347
53.200606
65.194701
77.803878
85.799941
91.643219
96.256332
104.252396
111.940918
113.171082
118.399277
123.935013
124.857636
124.857636
117.476654
106.405182
92.873382
75.958632
60.274046
48.587492
38.746183
29.519956
17.218320
2.456357
-17.841343
-37.216420
-60.897069
-82.117392
-93.188864
-106.105582
-116.869514
-125.173118
-139.627540
-154.389504
-161.770485
-170.381631
-175.302285
-179.300317
-183.913431
-184.528512
-183.913431
-184.528512
-182.375726
-174.072122
-166.691140
-161.770485
-158.387536
-150.699013
-139.935081
-130.708854
-120.252464
-109.180991
-98.417059
-87.345587
-76.581655
-65.510183
-49.825597
-32.295765
-10.152820
3.994061
15.373075
33.210447
43.974379
59.043883
80.879287
98.101577
114.093704
123.627472
131.623536
137.466813
148.538286
161.455003
167.913362
173.141558
170.066149
164.222872
158.994676
151.613695
141.464845
130.393372
119.321900
103.944855
86.722564
71.345519
59.043883
47.049788
33.825529
18.448484
9.222257
-4.309543
-17.533802
-25.837406
-30.450520
-28.912815
-32.295765
-38.139043
-42.444615
-40.291829
-34.756093
-29.220356
-24.299702
-23.377079
-24.299702
-21.531834
-15.996098
-8.307575
-0.311511
7.992093
16.910779
23.676679
28.289793
35.055692
45.512083
54.430769
62.119292
72.268142
81.801910
83.339614
83.339614
82.724532
85.184860
89.797973
88.875350
84.877319
80.879287
73.498305
65.502242
60.889128
50.432738
40.898970
31.057661
18.448484
5.531766
-11.690525
-24.914784
-35.063633
-43.982320
-51.363301
-63.049856
-80.272146
-91.958701
-105.798041
-118.407218
-127.633445
-135.937050
-144.240654
-155.619667
-162.693108
-169.459008
-172.534417
-172.534417
-169.766549
-163.615731
-158.695076
-150.391472
-143.010490
-128.863609
-116.254432
-103.952796
-94.419028
-86.422964
-71.045919
-59.974447
-49.518056
-33.833470
-24.914784
-13.228229
3.686520
10.144879
19.063565
31.365202
44.897001
57.198637
63.349455
69.807814
76.881255
81.801910
87.952728
96.563873
104.252396
109.788132
115.323868
123.319932
124.857636
124.550095
124.550095
124.857636
123.935013
115.631409
107.635345
99.331741
86.107482
75.036010
66.117324
57.198637
46.127165
40.283888
35.363233
25.521924
16.603238
9.222257
2.456357
-8.307575
-12.305607
-17.533802
-26.760029
-29.835438
-32.910847
-39.369206
-41.829533
-41.829533
-40.906911
-44.904942
-47.672811
-40.599370
-36.293797
-32.295765
-26.452488
-23.684620
-23.992161
-23.992161
-21.224293
-12.920688
-8.615116
-2.156757
5.531766
14.142911
21.831434
27.367170
32.595365
36.593397
41.206510
42.129133
40.591429
35.055692
36.285856
31.980283
29.519956
27.674711
22.138974
28.289793
27.059629
20.908811
15.680615
11.375043
12.297666
10.759961
5.839307
-1.234134
-9.230198
-19.379047
-28.297734
-33.525929
-36.293797
-39.984288
-43.982320
-52.901006
-63.664937
-65.510183
-64.895101
-68.893133
-72.276083
-75.351492
-80.272146
-83.040014
-84.577719
-89.805914
-86.730505
-82.424933
-77.196737
-67.662969
-60.897069
-57.514119
-49.825597
-41.214452
-33.525929
-25.222325
-20.301670
-10.767902
-6.462330
-4.002002
3.378979
15.373075
26.752088
34.133070
41.821592
46.742247
52.277983
58.121260
65.502242
70.422896
71.345519
75.343551
78.111419
82.109451
83.954696
82.724532
83.339614
82.724532
78.726501
74.728469
67.347487
64.579619
61.196669
58.121260
54.123228
46.742247
38.746183
30.442579
21.831434
10.759961
3.071438
-3.079380
-7.692493
-13.228229
-20.916752
-29.220356
-33.218388
-37.831502
-41.214452
-42.752156
-46.442647
-51.670842
-58.436742
-64.895101
-63.049856
-59.359365
-56.591497
-48.595433
-45.827565
-39.676747
-35.371174
-36.293797
-33.525929
-25.529865
-16.918720
-6.462330
1.226193
5.224225
7.684552
11.682584
16.603238
25.214383
33.210447
36.285856
33.210447
25.214383
23.061597
24.291761
23.061597
25.829465
29.827497
29.827497
25.521924
19.371106
10.452420
5.839307
5.531766
7.684552
12.605206
11.682584
11.990125
3.994061
-0.619052
-4.924625
-5.539707
0.611111
-3.694461
-7.077411
-14.150852
-23.069538
-23.992161
-23.377079
-23.992161
-23.377079
-27.067570
-31.373143
-35.371174
-39.984288
-42.137074
-39.984288
-35.678715
-35.986256
-31.680684
-28.912815
-30.450520
-29.220356
-30.450520
-26.144947
-17.533802
-10.767902
-6.462330
-0.003971
4.301602
8.607175
15.988156
25.214383
32.287824
39.053724
41.206510
37.516020
41.821592
41.514051
41.514051
41.821592
40.591429
35.363233
35.978315
32.287824
25.829465
22.446515
17.833402
11.067502
1.841275
-0.619052
-8.000034
-12.305607
-16.918720
-18.148884
-17.533802
-17.533802
-19.379047
-24.299702
-27.990193
-30.142979
-29.527897
-29.527897
-30.142979
-25.529865
-26.452488
-30.758061
-28.912815
-30.450520
-27.682652
-23.992161
-22.454456
-18.763966
-13.535770
-11.998066
-7.077411
-6.154789
-4.617084
-0.003971
2.148816
6.761929
11.067502
12.297666
12.297666
18.140943
23.061597
24.906843
29.827497
29.827497
29.827497
34.748151
35.978315
39.053724
46.434706
44.281919
41.206510
41.821592
41.821592
41.206510
42.129133
38.746183
35.670774
32.595365
29.212415
29.519956
23.984220
20.601270
16.295697
11.682584
5.839307
6.454388
3.071438
-0.926593
-5.847248
-11.690525
-11.690525
-11.690525
-12.305607
-17.226261
-17.841343
-17.841343
-17.841343
-17.841343
-17.533802
-18.148884
-13.843311
-11.382984
-11.998066
-11.998066
-11.998066
-11.998066
-11.690525
-12.305607
-7.077411
-7.077411
-12.920688
-6.462330
-6.154789
-5.539707
-6.154789
-5.232166
-8.615116
-12.613148
-11.998066
-6.769870
-9.845279
-12.305607
-14.765934
-19.686588
-23.377079
-24.299702
-23.377079
-24.299702
-23.069538
-28.605275
-29.835438
-32.603306
-36.601338
-35.063633
-30.142979
-29.220356
-30.142979
-35.678715
-35.063633
-37.216420
-39.369206
-31.065602
-26.144947
-19.994129
-17.226261
-20.301670
-23.992161
-23.992161
-21.531834
-14.765934
-11.690525
-6.769870
-3.694461
3.378979
5.224225
7.377011
11.682584
14.450452
18.140943
21.216352
24.291761
23.369138
23.984220
24.906843
30.442579
33.210447
38.746183
37.823561
35.363233
35.363233
37.516020
42.129133
41.206510
42.436674
47.049788
47.357329
42.436674
40.898970
41.821592
40.898970
42.129133
38.746183
35.670774
32.287824
28.597333
30.442579
27.367170
23.369138
23.984220
22.754056
18.140943
17.833402
11.990125
11.990125
9.529797
5.224225
6.146848
5.224225
-0.619052
-2.156757
0.611111
-5.232166
-5.847248
-7.692493
-13.843311
-17.533802
-18.456425
-23.377079
-23.684620
-23.992161
-23.684620
-23.684620
-23.992161
-23.992161
-23.684620
-23.992161
-23.069538
-24.914784
-25.222325
-23.377079
-23.684620
-26.760029
-30.758061
-28.605275
-24.607243
-23.069538
-24.607243
-19.071507
-17.841343
-17.226261
-19.071507
-23.377079
-17.841343
-17.841343
-12.920688
-11.690525
-12.613148
-11.382984
-7.077411
-5.539707
-6.462330
-5.847248
-6.154789
-5.847248
-6.154789
-5.847248
-6.462330
-12.920688
-9.230198
-9.230198
-12.305607
-11.998066
-11.690525
-13.535770
-17.226261
-11.382984
-11.998066
-11.690525
-11.998066
-11.998066
-11.998066
-11.998066
-11.690525
-7.692493
-1.234134
-0.003971
0.303570
-0.926593
2.148816
6.146848
8.607175
15.373075
18.140943
17.218320
21.216352
24.599302
23.061597
24.291761
23.369138
24.291761
23.061597
25.829465
30.135038
29.519956
29.519956
31.057661
36.900938
32.287824
29.827497
27.674711
23.369138
23.676679
28.289793
26.137006
23.369138
21.216352
16.603238
19.063565
15.373075
12.297666
9.222257
5.531766
6.146848
6.146848
5.839307
6.146848
2.148816
-0.619052
0.611111
-4.924625
-6.154789
-6.154789
-5.847248
-5.847248
-5.847248
-6.154789
-0.926593
-0.003971
-5.847248
-5.847248
-5.847248
-5.847248
-5.847248
-5.847248
-0.619052
-0.003971
-0.311511
0.303570
-0.003971
-0.619052
4.301602
6.146848
5.839307
5.839307
6.454388
4.916684
9.837338
9.529797
5.531766
2.763898
-0.619052
-0.311511
-6.462330
-5.232166
-9.230198
-13.228229
-17.841343
-17.533802
-18.763966
-23.684620
-27.990193
-30.450520
-29.220356
-34.756093
-39.369206
-36.601338
-35.063633
-36.293797
-35.371174
-36.293797
-34.141011
-29.527897
-29.527897
-30.142979
-27.990193
-23.377079
-24.299702
-23.377079
-24.299702
-20.301670
-17.841343
-15.996098
-11.075443
-12.305607
-11.690525
-11.998066
-11.998066
-8.922657
-4.924625
-7.077411
-1.849216
0.303570
0.611111
6.146848
5.839307
11.067502
11.682584
12.297666
17.525861
19.063565
23.984220
23.676679
23.984220
28.904874
29.827497
29.519956
30.135038
28.904874
32.902906
36.593397
31.057661
29.212415
30.135038
29.212415
30.442579
28.289793
23.676679
23.984220
23.369138
23.676679
18.448484
17.833402
16.295697
10.759961
15.680615
18.448484
17.833402
17.833402
17.833402
17.525861
17.525861
17.833402
17.833402
17.833402
13.220288
11.375043
12.605206
7.069470
6.146848
4.609143
-0.619052
0.303570
-0.311511
0.918652
-3.694461
-5.847248
-6.154789
-11.998066
-11.998066
-11.998066
-11.998066
-11.690525
-11.998066
-11.690525
-11.998066
-11.998066
-11.998066
-11.690525
-12.305607
-17.533802
-17.841343
-17.841343
-17.841343
-17.841343
-17.533802
-18.148884
-17.533802
-18.456425
-16.918720
-21.839375
-21.531834
-17.226261
-18.148884
-17.533802
-17.841343
-17.841343
-17.841343
-18.148884
-17.533802
-18.456425
-17.226261
-21.531834
-23.069538
-19.686588
-24.914784
-19.994129
-17.533802
-18.148884
-17.841343
-17.841343
-17.841343
-17.841343
-17.841343
-15.996098
-11.690525
-11.690525
-5.847248
-6.462330
-4.924625
0.303570
-4.002002
-6.769870
-4.617084
-0.311511
3.994061
9.837338
12.297666
11.375043
13.835370
18.140943
17.525861
22.754056
27.674711
33.825529
35.978315
35.363233
35.670774
35.363233
35.363233
40.898970
39.976347
34.440611
36.593397
32.595365
29.212415
29.519956
29.519956
24.906843
23.061597
18.140943
17.833402
16.910779
11.682584
11.990125
11.682584
12.297666
7.377011
5.839307
6.146848
5.839307
6.146848
5.531766
0.611111
-0.311511
0.611111
-0.619052
3.686520
6.454388
0.918652
-0.003971
0.303570
-0.003971
-0.003971
3.994061
7.069470
5.531766
6.761929
1.226193
-0.003971
-0.311511
-2.156757
0.611111
-1.541675
-6.462330
-4.924625
-8.615116
-11.690525
-12.920688
-18.456425
-17.841343
-17.841343
-17.533802
-18.763966
-23.992161
-23.992161
-23.992161
-23.684620
-23.684620
-27.375111
-31.680684
-35.678715
-35.678715
-35.678715
-35.678715
-35.678715
-35.678715
-35.371174
-35.986256
-35.678715
-35.986256
-33.833470
-28.912815
-30.450520
-28.297734
-24.299702
-23.377079
-18.763966
-16.303638
-12.305607
-11.075443
-7.384952
-4.309543
-0.619052
4.301602
6.146848
6.761929
11.682584
15.680615
19.678647
23.369138
24.291761
23.061597
27.674711
29.827497
31.980283
36.593397
35.363233
35.363233
40.591429
38.131101
34.748151
35.978315
35.670774
31.980283
28.904874
30.135038
28.289793
24.291761
20.293729
15.988156
11.990125
11.682584
6.454388
5.531766
6.454388
1.226193
-0.003971
-0.619052
-1.541675
-4.002002
-6.462330
-5.847248
-5.847248
-10.152820
-12.305607
-11.382984
-12.613148
-11.075443
-6.462330
-5.539707
-6.462330
-5.539707
-6.462330
-4.309543
0.303570
-0.311511
3.994061
6.761929
5.224225
6.454388
5.531766
7.992093
11.375043
5.224225
8.299634
12.605206
11.375043
12.605206
7.377011
5.839307
5.839307
6.146848
5.839307
6.761929
2.456357
-0.311511
-0.003971
-0.003971
-1.234134
-6.154789
-5.847248
-5.847248
-6.462330
-5.539707
-8.000034
-12.305607
-11.382984
-12.305607
-11.690525
-12.305607
-11.075443
-15.073475
-18.456425
-17.533802
-18.148884
-17.533802
-18.148884
-17.226261
-18.148884
-17.533802
-22.454456
-24.299702
-23.684620
-23.992161
-18.763966
-17.841343
-17.533802
-18.148884
-15.381016
-11.075443
-12.305607
-11.690525
-12.613148
-9.845279
-5.232166
-6.769870
-2.771839
0.303570
0.918652
10.144879
11.990125
12.297666
11.375043
15.680615
12.912747
15.988156
17.833402
20.908811
24.599302
23.369138
23.984220
23.369138
23.984220
23.676679
23.676679
18.448484
17.525861
18.140943
23.984220
19.986188
17.525861
13.527829
11.067502
12.297666
6.454388
6.146848
3.994061
-0.926593
1.226193
-3.079380
-6.154789
-6.154789
-5.539707
-7.384952
-9.230198
-6.769870
-12.613148
-11.382984
-12.613148
-9.845279
-5.847248
-5.539707
-6.462330
-4.309543
0.303570
-0.003971
-0.003971
0.303570
-0.311511
2.763898
6.454388
5.839307
6.146848
6.146848
5.224225
9.837338
12.297666
11.375043
11.990125
11.682584
11.990125
11.682584
11.990125
11.990125
11.990125
11.682584
11.682584
12.297666
10.759961
4.301602
-0.311511
-0.003971
-0.003971
-0.003971
-4.924625
-6.769870
-11.690525
-17.226261
-18.148884
-17.533802
-19.379047
-23.992161
-28.297734
-30.450520
-35.063633
-35.678715
-35.678715
-35.678715
-35.678715
-35.678715
-35.678715
-35.371174
-35.986256
-34.141011
-29.220356
-30.142979
-25.529865
-23.377079
-19.071507
-17.226261
-14.150852
-11.075443
-7.692493
-4.617084
-0.619052
0.611111
5.224225
6.146848
10.144879
12.605206
16.910779
18.140943
17.525861
17.833402
18.756025
24.291761
23.369138
23.984220
23.676679
23.676679
27.367170
24.291761
23.061597
23.676679
23.676679
23.676679
23.676679
23.061597
17.525861
17.833402
11.990125
11.990125
11.067502
6.761929
9.529797
5.839307
5.839307
5.839307
5.839307
5.839307
6.146848
5.839307
6.454388
2.763898
-0.926593
0.611111
5.224225
6.454388
5.839307
6.146848
5.531766
6.454388
5.224225
8.299634
11.990125
12.297666
11.375043
12.605206
7.377011
9.222257
9.837338
5.224225
6.761929
5.531766
5.839307
6.146848
3.994061
-0.619052
0.303570
-2.156757
-7.077411
-1.849216
-0.619052
-6.154789
-5.847248
-6.154789
-5.847248
-6.154789
-5.847248
-6.154789
-5.539707
-8.000034
-12.920688
-9.845279
-5.847248
-5.847248
-6.154789
-5.232166
-9.230198
-12.305607
-11.690525
-11.998066
-11.998066
-11.998066
-11.998066
-12.305607
-11.998066
-11.690525
-15.996098
-18.763966
-15.073475
-18.456425
-12.920688
-13.843311
-15.073475
-11.075443
-12.613148
-11.690525
-11.998066
-11.690525
-8.307575
-11.382984
-11.998066
-11.690525
-11.382984
-5.847248
-5.847248
-5.847248
-6.154789
-5.847248
-5.847248
-5.847248
-5.847248
-6.154789
-3.694461
-5.847248
-6.154789
-2.156757
-4.924625
-1.234134
0.611111
-0.619052
0.303570
-0.311511
0.303570
-0.003971
0.303570
5.224225
6.454388
5.531766
6.146848
5.531766
5.839307
5.531766
7.684552
7.069470
5.531766
6.146848
11.990125
8.607175
5.224225
6.454388
5.531766
6.454388
5.224225
6.761929
1.226193
3.378979
6.761929
5.531766
6.146848
5.839307
5.839307
5.839307
5.839307
8.914716
13.527829
8.299634
9.837338
12.297666
11.682584
11.990125
12.297666
11.375043
12.912747
18.140943
17.833402
17.833402
17.833402
17.525861
17.525861
17.833402
17.525861
17.833402
17.833402
17.833402
17.833402
12.912747
11.682584
11.990125
11.990125
11.067502
5.531766
6.146848
4.916684
-3.386920
-6.462330
-5.539707
-7.384952
-12.305607
-11.382984
-14.150852
-18.148884
-17.841343
-17.533802
-21.839375
-24.299702
-23.377079
-23.992161
-23.377079
-23.992161
-23.377079
-23.992161
-23.684620
-23.992161
-23.377079
-24.607243
-21.224293
-17.841343
-16.611179
-11.690525
-11.690525
-12.305607
-10.460361
-5.539707
-5.847248
-6.154789
-4.617084
0.303570
-0.003971
0.303570
-0.003971
-0.311511
-0.003971
-0.003971
5.839307
4.916684
-0.003971
-0.003971
-0.003971
-0.003971
0.303570
-0.619052
-5.539707
-6.154789
-5.847248
-6.154789
-5.539707
-5.847248
-5.847248
-5.847248
-5.847248
-6.154789
-5.539707
-6.154789
-5.539707
-2.156757
-5.847248
-5.847248
-5.847248
-6.462330
-3.694461
0.918652
4.916684
6.454388
5.224225
8.607175
11.990125
12.912747
18.140943
17.218320
17.833402
17.833402
17.525861
22.138974
24.291761
23.061597
24.291761
25.214383
23.676679
23.984220
23.676679
23.369138
24.291761
20.293729
16.910779
23.061597
19.678647
17.218320
18.140943
17.833402
13.835370
10.759961
12.605206
6.761929
6.146848
4.301602
-0.619052
0.303570
-0.311511
0.611111
-3.694461
-6.154789
-6.154789
-11.998066
-11.690525
-11.690525
-11.690525
-11.690525
-11.998066
-11.998066
-11.998066
-11.690525
-11.690525
-11.998066
-11.998066
-11.690525
-11.998066
-11.998066
-11.690525
-11.998066
-11.998066
-11.690525
-11.998066
-11.690525
-11.998066
-11.690525
-11.998066
-11.690525
-11.382984
-11.998066
-11.998066
-11.998066
-11.998066
-11.998066
-11.690525
-11.998066
-11.690525
-14.150852
-11.998066
-13.535770
-19.071507
-13.535770
-12.613148
-17.841343
-17.841343
-18.148884
-17.841343
-17.533802
-11.998066
-12.305607
-10.767902
-5.847248
-5.847248
-6.462330
-3.079380
0.611111
-0.619052
0.303570
5.224225
6.454388
5.839307
6.454388
5.224225
10.759961
12.297666
11.990125
11.990125
11.990125
11.682584
15.680615
18.448484
17.525861
18.140943
17.525861
18.140943
17.218320
18.756025
15.680615
14.757993
18.756025
12.912747
11.375043
13.220288
18.448484
15.680615
11.375043
17.833402
14.757993
11.375043
11.990125
11.682584
11.990125
15.988156
18.756025
13.835370
11.375043
11.682584
11.682584
11.990125
11.990125
11.682584
11.682584
11.682584
12.297666
11.682584
11.682584
5.839307
7.377011
9.529797
4.916684
6.454388
-0.003971
0.611111
-2.464298
-6.154789
-5.847248
-5.847248
-10.460361
-11.998066
-15.073475
-18.456425
-17.226261
-18.148884
-17.226261
-20.609211
-24.607243
-23.069538
-25.837406
-27.067570
-22.761997
-27.682652
-24.607243
-23.377079
-23.992161
-23.684620
-23.684620
-23.992161
-19.071507
-17.533802
-17.841343
-18.148884
-15.688557
-11.075443
-12.305607
-11.690525
-7.077411
-5.232166
-6.154789
-5.539707
-6.462330
-5.847248
-6.154789
-6.154789
-1.234134
0.611111
-0.003971
0.303570
-0.003971
-0.003971
0.303570
3.994061
-0.311511
0.611111
5.531766
7.377011
12.605206
7.069470
5.839307
5.839307
11.375043
9.837338
5.224225
11.990125
11.682584
11.990125
11.682584
12.297666
11.682584
11.990125
11.682584
11.682584
11.682584
11.990125
11.682584
11.990125
11.682584
12.297666
11.375043
13.527829
18.448484
17.525861
17.833402
17.833402
17.833402
17.833402
18.140943
17.833402
18.140943
17.218320
20.601270
20.601270
16.603238
18.756025
15.373075
11.067502
15.373075
13.835370
10.759961
6.761929
5.839307
6.454388
5.224225
6.761929
4.301602
-0.311511
-4.617084
-6.769870
-11.075443
-11.998066
-11.690525
-12.305607
-11.382984
-15.073475
-18.456425
-17.841343
-18.148884
-17.841343
-17.841343
-17.841343
-17.841343
-17.841343
-17.533802
-17.841343
-17.533802
-17.841343
-17.533802
-17.841343
-17.533802
-12.613148
-11.998066
-11.998066
-11.998066
-11.998066
-11.998066
-12.305607
-11.690525
-11.998066
-11.690525
-12.305607
-11.998066
-12.305607
-11.382984
-16.918720
-16.303638
-11.075443
-12.613148
-11.075443
-6.154789
-6.154789
-5.847248
-6.154789
-5.539707
-6.462330
-2.771839
-4.617084
-2.464298
0.918652
-0.619052
0.611111
-0.619052
3.994061
6.454388
5.531766
6.146848
5.839307
6.146848
10.452420
12.912747
11.067502
15.988156
17.833402
18.756025
21.523893
17.525861
18.140943
17.525861
18.140943
17.525861
23.369138
21.831434
16.910779
18.140943
17.525861
18.140943
17.525861
18.448484
14.757993
10.759961
16.910779
14.450452
11.067502
12.297666
11.682584
12.605206
10.759961
6.146848
6.146848
5.839307
0.611111
-0.311511
0.303570
-0.311511
0.611111
-2.771839
-6.462330
-5.539707
-6.462330
-5.232166
-8.307575
-12.613148
-11.690525
-12.305607
-11.690525
-12.305607
-11.690525
-12.305607
-11.075443
-6.462330
-5.539707
-7.077411
-11.998066
-10.460361
-4.924625
-8.000034
-8.922657
-5.539707
-5.847248
-5.847248
-5.847248
-6.154789
-4.309543
0.918652
-0.926593
-5.539707
-6.462330
-5.232166
-6.462330
-3.386920
-3.386920
-6.769870
-4.924625
-0.003971
-1.541675
-6.462330
-5.847248
-6.154789
-5.847248
-6.154789
-5.847248
-6.154789
-5.847248
-5.847248
-6.462330
-5.539707
-6.462330
-2.464298
0.303570
-0.311511
0.303570
-0.311511
-0.311511
-0.003971
-0.003971
5.531766
5.839307
6.146848
5.224225
9.837338
11.375043
5.224225
6.761929
4.916684
9.222257
11.990125
11.990125
11.990125
11.990125
11.682584
12.297666
10.144879
5.531766
6.146848
5.839307
5.839307
6.146848
5.839307
6.146848
2.148816
-0.311511
0.611111
-0.311511
0.303570
-0.311511
-0.311511
-0.311511
-0.311511
-0.003971
-0.003971
-0.003971
0.303570
-0.003971
-0.003971
-0.003971
-0.311511
-0.003971
-0.003971
0.303570
-0.003971
-0.311511
0.303570
3.994061
0.611111
-0.311511
0.303570
-0.311511
-0.003971
-0.003971
-0.003971
-0.311511
0.303570
-0.311511
0.303570
-0.619052
0.611111
-4.002002
-6.154789
-6.462330
-3.386920
-0.926593
-7.077411
-2.771839
0.611111
-1.849216
-6.462330
-5.847248
-6.154789
-5.847248
-6.154789
-5.847248
-5.847248
-5.847248
-5.847248
-5.847248
-5.847248
-6.154789
-5.847248
-5.847248
-5.539707
-6.154789
-5.847248
-6.154789
-3.386920
0.611111
-1.541675
-6.769870
-3.386920
0.611111
-0.003971
5.531766
6.146848
5.531766
6.146848
5.839307
6.146848
6.146848
6.454388
5.839307
5.839307
5.839307
6.146848
5.839307
5.839307
6.146848
5.531766
5.839307
5.839307
6.146848
5.839307
6.146848
0.303570
4.609143
4.609143
-0.619052
0.611111
-0.311511
0.303570
-0.311511
0.611111
-2.771839
-6.154789
-5.847248
-6.154789
-5.539707
0.611111
-4.309543
-3.386920
0.611111
-0.003971
-1.234134
-7.077411
-5.232166
-6.769870
-2.156757
-0.003971
-0.003971
-0.003971
0.303570
-0.003971
-0.003971
-0.926593
1.841275
4.916684
-0.311511
0.303570
-0.311511
-0.003971
-0.003971
-0.003971
-0.003971
-0.003971
4.301602
-0.003971
-0.311511
-0.003971
0.303570
2.148816
-0.311511
0.611111
-3.079380
-7.077411
-1.541675
-0.926593
-6.769870
-3.079380
0.611111
-0.311511
-0.003971
-0.311511
0.303570
-0.003971
0.303570
-0.311511
4.301602
6.454388
5.839307
5.839307
5.839307
5.839307
5.839307
6.146848
5.839307
6.146848
5.839307
6.146848
5.839307
6.146848
-0.003971
0.611111
6.146848
5.839307
0.303570
0.918652
6.454388
1.533734
-0.311511
0.303570
-0.311511
0.303570
-0.311511
0.918652
-3.079380
-4.617084
0.611111
-0.619052
-4.002002
-7.077411
-3.694461
-0.926593
-6.154789
-5.847248
-5.539707
-5.847248
-6.154789
-6.154789
-5.847248
-6.154789
-5.539707
-6.154789
-5.847248
-0.619052
-0.003971
-0.003971
-0.003971
0.303570
-0.926593
-5.847248
-5.847248
-6.154789
-5.847248
-6.154789
-5.847248
-6.154789
-6.154789
-6.154789
-6.154789
-5.847248
-5.847248
-5.847248
-5.847248
-5.539707
-6.154789
-5.847248
-6.769870
-2.156757
-4.924625
-4.002002
0.611111
-0.619052
0.611111
-0.619052
0.611111
-0.926593
3.686520
6.454388
5.839307
6.146848
6.146848
5.531766
5.839307
7.684552
6.146848
5.531766
6.146848
5.531766
7.684552
11.375043
5.839307
5.839307
5.839307
5.839307
6.146848
5.839307
6.454388
5.531766
7.992093
6.454388
5.839307
6.146848
6.146848
5.531766
6.454388
4.609143
1.841275
7.069470
3.994061
-0.311511
0.303570
-0.619052
3.994061
3.686520
-1.541675
2.456357
6.146848
0.611111
-0.003971
-0.003971
0.303570
-0.311511
0.611111
-2.464298
-6.462330
-0.311511
-0.311511
-0.003971
-0.003971
-0.003971
-0.311511
-0.003971
-0.003971
-0.003971
-0.003971
-0.003971
0.303570
-0.311511
0.303570
-0.926593
-2.156757
0.611111
-1.541675
-5.539707
-0.003971
-3.386920
-7.077411
-3.386920
0.611111
-1.849216
-6.462330
-5.539707
-6.154789
-5.847248
-6.154789
-6.154789
-6.154789
-6.154789
-6.154789
-10.460361
-12.920688
-7.692493
-5.847248
-5.539707
-10.767902
-8.307575
-5.539707
-6.462330
-5.232166
-6.462330
-5.847248
-6.154789
-5.539707
-6.154789
-5.539707
-6.154789
-5.232166
-0.311511
0.303570
-0.311511
0.303570
-0.311511
0.611111
-0.926593
3.378979
3.994061
-0.619052
0.303570
-0.311511
-0.311511
3.378979
7.069470
0.611111
2.148816
6.761929
5.531766
6.146848
5.839307
6.146848
5.839307
6.146848
5.839307
5.839307
5.839307
5.839307
6.146848
5.839307
5.839307
5.839307
5.839307
6.146848
5.839307
5.531766
5.839307
5.839307
6.146848
6.146848
5.839307
-0.619052
1.841275
6.146848
6.146848
3.994061
-0.311511
0.303570
-0.311511
0.303570
-0.003971
0.303570
-0.003971
0.303570
-0.311511
-0.003971
-0.619052
-6.154789
-2.464298
0.918652
-0.311511
0.303570
-6.462330
-2.464298
-0.311511
-6.154789
-5.847248
-5.847248
-6.154789
-5.847248
-6.154789
-5.539707
-4.309543
-6.462330
-5.847248
-6.154789
-6.154789
-5.847248
-6.154789
-5.847248
-5.232166
0.611111
-2.464298
-2.771839
0.918652
-1.234134
-1.541675
0.611111
-3.079380
-6.154789
-6.154789
-4.309543
0.303570
0.303570
-4.002002
-6.154789
-5.539707
-6.462330
-1.541675
0.918652
-5.847248
-3.079380
0.611111
-0.003971
-0.003971
-0.003971
-0.619052
-5.539707
-0.926593
-0.003971
-0.311511
-0.003971
5.839307
3.378979
3.378979
7.377011
1.533734
0.918652
6.146848
2.456357
-0.926593
3.378979
6.146848
5.839307
5.839307
5.839307
5.839307
5.839307
6.146848
5.531766
5.839307
5.531766
6.454388
5.224225
9.222257
10.452420
5.224225
6.454388
5.531766
6.146848
5.839307
6.146848
6.146848
1.533734
-0.619052
0.611111
-0.311511
-0.003971
-0.311511
0.303570
-0.311511
-0.003971
-0.003971
-0.311511
0.303570
-4.617084
-6.154789
-6.154789
-5.539707
-6.769870
-3.386920
-3.079380
-6.462330
-5.847248
-6.154789
-6.154789
-5.232166
0.303570
-0.003971
0.303570
-0.003971
0.303570
-0.311511
-0.003971
-0.311511
-0.311511
-0.003971
-0.311511
-0.003971
-0.003971
-0.003971
0.303570
-0.003971
-0.003971
-0.311511
-0.003971
-0.311511
0.303570
-0.311511
0.611111
-1.234134
-5.539707
0.303570
-0.619052
-4.924625
-2.464298
-5.232166
-6.462330
-4.617084
0.918652
-2.771839
-6.462330
-5.847248
-5.232166
0.918652
-1.849216
-6.462330
-0.619052
-2.156757
-6.769870
0.611111
-3.694461
-5.847248
-0.003971
-0.311511
0.303570
-0.003971
-0.003971
-0.003971
-0.003971
-0.003971
4.301602
6.761929
4.609143
-0.311511
2.148816
7.069470
4.301602
4.609143
6.146848
5.839307
6.146848
5.839307
6.146848
5.531766
6.146848
5.839307
6.146848
5.839307
