-0.013665
0.430740
-0.902475
-8.012954
-8.901764
-8.012954
-9.346169
-4.902119
-4.457714
-9.790574
-6.679739
-0.458070
0.430740
-0.013665
-0.013665
-0.013665
-0.013665
-0.458070
0.430740
-0.013665
-0.013665
0.430740
-0.013665
-0.458070
-0.013665
-0.013665
-0.013665
0.430740
-0.458070
-0.013665
-0.013665
0.430740
-0.902475
5.319194
9.318839
8.874434
3.097170
-0.902475
0.875145
-0.458070
-0.013665
-0.458070
0.430740
-0.458070
5.763599
9.318839
7.985624
9.318839
7.541219
1.319550
-0.902475
7.096814
7.985624
0.430740
-0.013665
-0.013665
-0.013665
-0.458070
7.985624
6.208004
7.541219
8.874434
8.430029
8.430029
8.874434
3.097170
-0.458070
0.430740
-0.013665
0.430740
-0.458070
0.430740
-0.013665
0.875145
-0.013665
0.430740
-0.458070
0.430740
-0.013665
-0.013665
-1.346880
-6.235334
1.319550
-2.680095
-1.346880
-2.235690
-9.790574
-8.012954
-9.346169
-2.680095
1.319550
-4.902119
-9.346169
-8.012954
-9.346169
-8.457359
-8.457359
-8.901764
-8.901764
-8.901764
-8.457359
-8.457359
-8.901764
-8.457359
-8.901764
-8.457359
-8.901764
-8.457359
-8.901764
-8.457359
-8.901764
-8.457359
-8.457359
-8.457359
-8.901764
-8.012954
-12.901408
-11.568193
-7.568549
-9.346169
-8.012954
-9.346169
-8.012954
-9.790574
-4.013309
0.875145
-2.235690
-2.235690
5.763599
5.319194
-0.458070
8.874434
7.985624
9.318839
7.541219
10.652054
17.318128
16.873723
17.318128
17.318128
16.429318
21.317772
26.650632
25.317417
26.206227
25.317417
26.206227
25.761822
26.206227
25.317417
25.317417
26.206227
25.761822
25.761822
25.761822
25.761822
25.761822
18.206938
16.873723
16.873723
16.873723
17.318128
17.318128
14.651698
7.541219
6.208004
6.652409
0.430740
-0.458070
-0.013665
-0.458070
-0.013665
-0.013665
-7.568549
-8.457359
-11.568193
-18.234268
-16.456648
-18.678673
-25.789152
-25.344747
-30.233201
-35.121655
-33.344036
-34.677250
-33.788441
-35.121655
-33.344036
-36.899275
-43.120944
-42.676539
-43.565349
-42.676539
-43.120944
-43.120944
-43.120944
-42.676539
-43.565349
-42.676539
-43.120944
-42.232134
-44.009754
-38.676895
-33.788441
-34.232845
-35.121655
-29.344391
-24.900342
-20.456292
-16.456648
-14.234623
-3.124500
-0.013665
1.763955
11.096459
16.429318
17.762533
24.873012
27.539441
35.538730
43.093614
42.204805
47.093259
53.759333
59.981002
60.425407
59.981002
59.981002
60.425407
59.536597
59.981002
59.981002
59.536597
50.648498
56.870168
59.536597
51.092903
51.537308
51.537308
50.204093
43.093614
40.427185
40.871590
36.871945
26.206227
25.761822
23.539797
16.873723
17.318128
17.318128
16.429318
17.318128
13.318483
7.096814
9.763244
3.985980
-0.902475
0.430740
-4.902119
-11.123789
-17.345458
-17.345458
-16.901053
-25.344747
-25.789152
-32.010821
-34.677250
-41.787729
-42.676539
-45.787374
-53.342258
-50.231423
-56.897498
-60.008332
-65.785596
-69.340836
-68.452026
-68.452026
-74.673695
-78.228935
-76.895720
-70.674051
-68.007621
-68.896431
-68.896431
-68.452026
-68.452026
-58.675117
-51.120233
-51.120233
-42.676539
-43.120944
-39.121300
-32.010821
-26.677961
-24.900342
-26.677961
-23.567127
-18.678673
-14.234623
-9.346169
-4.457714
-0.013665
4.874789
14.207293
23.984202
29.317061
35.983135
40.427185
47.982069
51.537308
54.203738
60.425407
66.647076
69.313506
68.424696
68.869101
68.424696
68.424696
68.869101
68.424696
68.869101
66.202671
56.425763
51.092903
51.537308
51.537308
51.092903
51.981713
51.092903
51.537308
51.092903
51.981713
47.093259
41.760400
43.982424
41.760400
44.426829
38.649565
34.205516
31.983491
24.428607
26.206227
25.317417
26.206227
24.873012
26.650632
22.206582
16.873723
17.762533
9.763244
8.874434
3.541575
-3.124500
-8.901764
-8.457359
-13.345813
-23.122722
-26.677961
-25.789152
-30.677606
-40.454515
-50.231423
-58.675117
-60.452737
-64.007977
-74.673695
-76.451315
-83.561794
-85.783819
-90.672273
-95.560727
-93.783108
-94.671918
-87.117034
-84.450604
-77.340125
-76.895720
-69.785241
-65.785596
-56.008688
-51.564638
-49.342614
-43.565349
-39.565705
-33.788441
-34.677250
-28.011176
-21.789507
-16.456648
-17.345458
-17.789863
-10.679384
-8.012954
-9.346169
-8.012954
-9.346169
-2.680095
0.430740
6.652409
9.763244
17.318128
24.873012
33.316706
34.205516
37.316350
43.982424
43.982424
52.426118
50.648498
52.426118
49.315284
42.649209
42.649209
43.538019
38.205160
33.316706
34.649920
34.205516
34.205516
41.315995
43.538019
51.092903
51.092903
53.759333
56.425763
51.092903
51.537308
51.092903
51.092903
51.981713
46.204449
42.204805
42.649209
34.205516
42.204805
35.094325
37.316350
43.538019
42.649209
43.093614
42.649209
43.093614
42.204805
35.983135
33.761111
34.649920
33.761111
35.094325
30.650276
24.428607
19.095748
14.651698
9.318839
5.319194
-0.902475
-6.235334
-17.345458
-26.233557
-35.566060
-47.564994
-56.008688
-66.674406
-80.006554
-85.339414
-89.783463
-94.671918
-94.671918
-93.783108
-98.671562
-102.671207
-94.671918
-94.227513
-95.560727
-90.672273
-85.339414
-86.228224
-86.672629
-82.228579
-76.006910
-69.340836
-68.896431
-61.785952
-60.008332
-56.008688
-46.231779
-41.343325
-34.677250
-32.455226
-23.122722
-17.789863
-14.234623
-7.568549
-1.346880
1.319550
8.430029
16.873723
24.428607
27.095036
34.649920
42.204805
43.093614
49.315284
54.648143
52.426118
51.537308
51.537308
45.760044
39.538375
34.649920
33.761111
38.205160
43.982424
42.649209
43.538019
42.649209
45.315639
52.870523
46.648854
48.870879
51.981713
51.092903
51.981713
51.092903
51.537308
43.982424
42.649209
43.538019
42.204805
43.538019
42.204805
43.982424
51.092903
48.870879
50.204093
55.536953
60.425407
59.536597
59.981002
59.981002
59.981002
59.536597
52.870523
50.648498
52.426118
45.760044
42.204805
36.427540
33.761111
30.205871
22.206582
18.206938
9.318839
0.430740
-9.790574
-20.900697
-33.788441
-42.676539
-55.564283
-68.007621
-74.673695
-80.006554
-88.450248
-94.227513
-100.893587
-103.115611
-104.448826
-112.448115
-110.670495
-112.448115
-106.226446
-102.671207
-103.560016
-102.671207
-95.116323
-94.671918
-93.783108
-84.895009
-77.340125
-69.340836
-68.896431
-66.674406
-56.008688
-52.009043
-49.342614
-43.565349
-40.010110
-34.232845
-33.344036
-25.344747
-17.345458
-9.790574
-0.458070
11.985268
23.539797
25.761822
32.427896
40.871590
48.870879
52.426118
51.092903
52.426118
50.648498
43.982424
38.205160
33.761111
35.094325
33.761111
35.983135
42.649209
43.093614
42.649209
50.204093
51.537308
51.537308
51.537308
51.537308
58.203382
60.425407
59.536597
60.425407
59.092192
61.314217
56.425763
55.981358
60.869812
59.981002
59.981002
64.869457
69.757911
67.980291
68.424696
68.869101
68.869101
75.090770
77.757200
69.757911
68.424696
69.313506
62.647432
59.092192
53.314928
50.648498
47.093259
39.093970
34.649920
33.316706
26.206227
15.984913
3.541575
-3.568904
-16.456648
-24.900342
-37.343680
-51.564638
-62.230357
-74.673695
-81.784174
-90.227868
-100.449182
-108.448471
-116.892165
-120.891809
-120.002999
-120.002999
-120.891809
-119.114189
-124.002644
-123.558239
-119.114189
-113.336925
-111.114900
-112.003710
-104.004421
-99.115967
-90.672273
-83.117389
-76.895720
-69.785241
-56.453093
-50.231423
-44.009754
-39.121300
-32.455226
-26.677961
-23.122722
-16.901053
-11.123789
-2.235690
4.430384
14.651698
17.318128
23.984202
34.205516
41.315995
43.538019
42.649209
43.093614
43.093614
41.315995
34.649920
34.205516
34.649920
34.205516
34.649920
33.761111
34.649920
33.316706
35.538730
41.760400
45.315639
51.537308
51.537308
51.092903
53.759333
61.314217
59.536597
59.981002
59.981002
59.981002
59.981002
60.425407
67.535886
69.313506
68.424696
69.313506
67.980291
73.313150
78.201605
76.868390
77.757200
77.312795
77.312795
77.312795
77.312795
77.312795
76.868390
77.312795
75.090770
66.202671
59.536597
60.425407
55.092548
47.093259
38.649565
32.872301
26.206227
16.429318
3.985980
-6.235334
-14.234623
-27.122366
-38.676895
-50.231423
-62.230357
-74.229290
-84.895009
-91.561083
-100.893587
-111.114900
-118.669784
-126.669073
-132.001933
-138.223602
-136.445982
-141.334436
-147.111701
-140.890032
-132.890743
-127.557883
-129.779908
-123.558239
-115.558950
-103.115611
-94.671918
-92.894298
-80.895364
-70.229646
-62.674762
-53.786663
-43.565349
-43.120944
-37.343680
-31.566416
-24.455937
-12.901408
-1.346880
10.652054
18.206938
22.650987
33.761111
41.760400
45.315639
51.537308
51.537308
50.648498
52.426118
46.648854
43.093614
37.316350
33.761111
33.761111
24.873012
28.428251
35.094325
33.761111
35.983135
41.760400
35.538730
40.427185
51.092903
45.315639
42.204805
50.648498
51.537308
57.314573
62.203027
54.203738
54.648143
61.314217
59.536597
59.981002
66.647076
69.313506
67.980291
77.312795
76.423985
80.868034
86.645299
85.756489
85.312084
86.645299
94.200183
94.644588
93.755778
94.644588
94.200183
95.088993
93.311373
85.312084
90.644943
87.978514
80.423629
76.868390
66.202671
58.203382
45.760044
29.761466
20.428962
0.875145
-18.234268
-35.121655
-53.786663
-70.674051
-90.672273
-115.114545
-126.669073
-144.889676
-164.443493
-179.108857
-192.441005
-202.662318
-210.661607
-218.660896
-229.771020
-231.993045
-231.993045
-232.437450
-225.326970
-222.660541
-214.661252
-194.218625
-181.330881
-169.776353
-148.889320
-131.557528
-116.447760
-95.116323
-72.007266
-60.452737
-40.898920
-17.345458
-0.458070
19.984557
37.760755
54.648143
70.646721
85.312084
105.310306
118.198050
130.641388
136.863057
139.085082
142.640321
136.863057
133.752223
123.975314
113.754000
98.199827
89.311728
77.312795
67.980291
60.425407
52.870523
43.982424
43.093614
37.316350
33.761111
33.761111
24.428607
17.318128
17.318128
15.984913
8.430029
8.430029
8.874434
7.985624
11.985268
18.206938
23.984202
30.205871
37.760755
49.759689
61.314217
73.757555
84.867679
96.866612
107.976736
121.753289
129.752578
139.529487
151.528420
162.638544
168.860213
175.970692
179.525932
183.081171
187.080816
183.969981
184.414386
175.526287
167.526998
161.749734
153.750445
131.085793
107.976736
83.978869
61.314217
31.983491
-2.680095
-35.121655
-68.896431
-99.560372
-131.557528
-163.999088
-197.773864
-229.326615
-253.324482
-283.988423
-309.763909
-332.872966
-352.871189
-363.981312
-381.313105
-386.201559
-387.090369
-382.646320
-371.091791
-364.425717
-347.538329
-323.540463
-294.209736
-264.434605
-231.548640
-191.552195
-155.110990
-124.447049
-85.339414
-48.009399
-12.901408
22.650987
50.648498
84.423274
116.420430
138.196272
159.972114
184.414386
201.746179
217.300352
231.521310
239.076194
241.298218
238.187384
229.743690
215.078327
195.524509
171.526643
147.973181
123.975314
100.866257
77.312795
52.870523
33.316706
18.651343
2.208360
-9.790574
-19.123077
-26.677961
-34.232845
-38.676895
-45.787374
-51.120233
-52.453448
-48.898209
-43.120944
-41.787729
-34.232845
-20.456292
-8.012954
4.430384
27.095036
50.648498
74.201960
91.533753
111.976380
137.751867
157.750089
175.970692
198.190939
215.522732
232.854525
244.409053
251.963937
260.852036
266.184895
269.740135
275.961804
271.073350
266.629300
255.074772
240.409409
229.743690
207.523443
184.414386
157.305684
121.753289
91.978158
49.759689
6.652409
-35.121655
-83.117389
-131.113123
-173.775997
-215.550062
-264.434605
-302.209025
-333.317371
-369.314172
-402.644542
-426.642409
-443.085392
-459.083970
-472.416118
-471.971713
-471.082903
-460.861590
-448.862656
-432.864078
-404.422162
-371.980601
-341.316660
-305.319860
-257.324126
-210.661607
-163.554684
-116.003355
-68.896431
-21.345102
26.650632
71.535531
108.421141
140.418297
173.748667
205.745823
223.077616
241.298218
258.630011
269.295730
274.628589
274.628589
269.295730
255.074772
240.853813
219.966781
197.302129
167.526998
131.974603
108.865546
78.646010
51.981713
29.317061
10.652054
-6.679739
-20.011887
-34.677250
-44.898564
-50.675828
-57.786307
-60.452737
-60.008332
-54.675473
-45.342969
-38.676895
-20.900697
-1.346880
16.429318
40.871590
64.425052
87.534109
117.309240
144.862346
171.082238
204.857013
231.965715
256.407986
279.072638
304.403720
323.513133
341.289330
356.843503
368.398032
377.286131
382.174585
380.396965
376.397321
379.063750
366.620412
349.288619
330.623612
314.625034
291.071572
254.630367
206.634633
151.528420
104.421496
47.537664
-16.901053
-89.783463
-163.110279
-235.992689
-302.209025
-372.425006
-446.640631
-515.078992
-567.074371
-612.848080
-662.177028
-702.617878
-721.727290
-736.837058
-749.280397
-761.279330
-752.835636
-726.171340
-704.839903
-687.063705
-657.732979
-604.848791
-547.520553
-491.525531
-429.753244
-360.870478
-282.655208
-209.328393
-135.112767
-54.231068
26.650632
101.310662
157.305684
203.968203
251.963937
297.293241
327.068372
341.289330
346.622190
352.399454
359.509933
353.732669
332.845636
309.736579
293.738002
271.073350
239.965004
203.079393
173.748667
142.195916
102.199472
60.869812
20.873367
-3.124500
-19.123077
-34.677250
-54.675473
-58.675117
-45.342969
-24.900342
-3.568904
12.874078
44.871234
81.312439
120.420074
155.972470
191.524865
230.188095
270.184540
304.848125
336.400876
368.398032
409.283286
449.279731
475.499623
499.941895
531.050240
567.047041
598.155387
609.265510
615.042774
628.374923
635.929807
631.930162
610.154320
585.712048
563.047396
535.494290
489.720581
441.724847
403.061617
366.176007
308.847770
229.299285
151.528420
74.201960
-3.124500
-101.782397
-214.661252
-330.206537
-433.308483
-524.411496
-627.513443
-734.170629
-823.940427
-890.156763
-951.040240
-1006.590858
-1053.253377
-1069.696360
-1070.585170
-1076.362434
-1083.472913
-1060.363856
-1012.368122
-960.817149
-926.597969
-892.378788
-823.051617
-731.504199
-640.401186
-565.296751
-473.304928
-349.760354
-223.993756
-122.225024
-12.457003
107.087926
221.744401
301.292886
359.065528
412.394121
460.389855
483.054507
471.944383
435.947583
399.950783
378.174940
339.511711
279.072638
218.633566
170.193428
136.418652
101.310662
54.203738
23.095392
6.652409
-13.345813
-37.343680
-64.452382
-78.228935
-76.006910
-82.228579
-97.782752
-104.448826
-80.895364
-36.454870
-0.013665
29.317061
78.201605
163.082949
251.963937
326.623967
391.951494
471.944383
556.825727
618.598014
659.927674
707.034597
761.696405
798.582015
808.803329
805.692494
816.802618
842.133700
850.132989
827.023932
808.803329
801.248445
791.915941
762.140810
716.367101
679.481491
639.929451
577.268354
506.163564
434.614368
366.620412
294.182406
195.080104
80.423629
-36.010465
-134.223957
-231.104235
-356.426428
-502.635654
-639.067971
-745.280752
-838.605790
-944.374166
-1054.142187
-1134.579481
-1183.908430
-1227.015709
-1271.900608
-1287.454781
-1261.679295
-1231.904164
-1219.460825
-1188.796884
-1108.359590
-1007.924073
-925.709159
-865.270087
-786.610412
-659.955004
-525.300306
-414.199071
-305.319860
-172.442782
-25.344747
110.643166
228.854880
356.843503
479.499267
579.934784
641.262666
680.370301
713.256267
721.255556
697.257689
629.708138
530.161431
431.503534
337.734091
225.299641
95.977802
-41.787729
-155.555395
-234.659474
-316.429984
-396.422873
-442.196582
-461.750399
-463.972424
-471.082903
-461.750399
-405.310972
-327.984512
-279.988778
-247.991622
-179.553261
-70.229646
30.205871
93.311373
155.528065
258.630011
378.619345
479.943672
557.270132
659.038864
784.361057
891.907053
966.122678
1036.783064
1131.885722
1215.878256
1245.653387
1238.098503
1236.765288
1243.875767
1234.987668
1181.214670
1101.666186
1031.894610
972.344348
907.016821
827.468337
722.588770
620.820039
538.160720
434.614368
311.958604
201.746179
111.087570
3.541575
-154.222180
-339.094636
-471.527308
-558.630677
-689.285730
-887.934739
-1074.584814
-1179.464380
-1238.125833
-1349.671473
-1479.882121
-1540.321193
-1540.765598
-1554.986556
-1593.649786
-1578.540018
-1483.881766
-1389.667918
-1360.337192
-1311.897053
-1174.575926
-977.260132
-835.494956
-759.946115
-636.401542
-442.196582
-242.658763
-86.228224
61.314217
236.854169
422.615435
573.268710
700.812928
827.023932
943.013622
1022.117701
1013.229602
966.122678
911.905276
838.134055
723.477580
522.162142
275.517399
62.647432
-107.559661
-284.877233
-496.413985
-705.284308
-833.717336
-899.933672
-964.372389
-1027.033485
-1024.367056
-956.373100
-900.378077
-870.158541
-787.943627
-615.514509
-426.642409
-323.540463
-234.659474
-55.119878
195.080104
404.839237
534.605480
689.702805
904.794797
1107.887855
1242.986957
1353.643788
1498.964204
1624.286397
1677.170585
1692.724758
1727.388344
1780.716937
1789.605036
1719.833460
1627.397232
1574.513044
1534.516599
1448.746445
1307.425674
1150.550729
1017.673652
903.017177
762.140810
582.156809
395.951138
246.631078
99.977447
-80.895364
-259.990556
-387.979179
-483.970647
-643.067616
-861.270442
-1015.034552
-1060.808261
-1136.801506
-1322.118367
-1514.545707
-1586.983712
-1575.429184
-1638.090280
-1763.856879
-1787.854746
-1718.971980
-1673.198271
-1677.197915
-1620.314083
-1438.996866
-1265.234534
-1179.019976
-1093.249822
-895.489623
-623.958203
-425.309194
-314.652364
-169.331948
51.537308
271.962159
437.280798
583.490024
742.142588
889.685028
1014.562817
1118.109169
1206.545752
1253.208271
1241.209337
1167.882522
1024.339726
836.356435
622.153254
379.508155
55.536953
-341.761065
-714.172406
-983.037396
-1208.795107
-1473.216047
-1717.194360
-1818.963092
-1794.076415
-1740.303417
-1681.641965
-1545.209648
-1315.896698
-1096.805061
-923.487134
-719.949671
-441.307772
-183.552906
-8.012954
143.529131
381.285775
676.815061
914.571705
1114.553929
1351.421763
1626.064017
1873.153165
2082.467892
2267.784753
2425.104102
2511.763066
2529.094859
2517.095925
2481.987935
2393.106947
2238.454027
2059.358835
1875.819594
1686.058684
1498.075394
1301.648410
1091.000467
873.242046
675.926251
509.718803
328.401587
113.309595
-114.225735
-317.763198
-515.523397
-721.727290
-908.377366
-1071.473980
-1257.679650
-1476.326882
-1634.979446
-1679.864345
-1711.417096
-1832.295240
-1963.839103
-1961.172673
-1848.738223
-1790.965580
-1789.632366
-1718.971980
-1555.875366
-1423.887098
-1351.893498
-1206.573082
-958.595124
-751.058017
-666.176673
-558.186272
-311.541529
-24.011532
151.084015
248.408697
399.061973
610.598725
793.249156
925.681829
1049.670808
1154.994779
1214.545041
1233.654453
1250.986246
1233.210048
1146.106680
989.231735
758.585571
463.500689
129.752578
-199.995889
-523.078281
-924.820349
-1402.111256
-1766.523309
-1954.951004
-2084.272842
-2242.925406
-2345.138543
-2260.257199
-2047.387232
-1847.849413
-1635.423851
-1311.452648
-936.819282
-653.733334
-440.418962
-162.665874
179.525932
456.834615
602.155031
757.252356
992.342570
1256.763510
1491.853725
1706.056907
1933.592237
2165.127211
2373.108724
2548.648676
2684.192183
2745.964470
2745.520065
2693.080282
2576.646187
2389.996112
2182.459004
1985.587615
1787.827416
1543.404698
1293.649121
1125.219648
1000.786264
854.577038
678.592681
527.050596
388.396254
193.302485
-66.230001
-319.540818
-559.075082
-827.495667
-1107.915185
-1394.111967
-1683.863989
-1939.396831
-2079.384388
-2112.714758
-2180.708714
-2307.808528
-2338.916874
-2181.153119
-1962.505888
-1866.958825
-1813.185827
-1642.978735
-1421.665074
-1293.232046
-1213.239156
-1018.589792
-758.612901
-638.179161
-608.404030
-439.085747
-84.895009
223.077616
355.510288
485.276531
737.698538
1031.005800
1233.654453
1370.531175
1490.520510
1546.959937
1514.962782
1461.634189
1402.528331
1266.540419
1000.786264
661.705293
300.848481
-115.114545
-542.187694
-935.486067
-1335.006110
-1816.741067
-2278.033397
-2530.010999
-2580.228757
-2625.113656
-2693.552017
-2616.225557
-2318.918651
-1942.507665
-1622.536107
-1246.569527
-788.832437
-379.091080
-108.448471
148.861991
487.942961
792.360346
939.902787
1017.229247
1165.216092
1376.752845
1582.956738
1768.273598
1958.478913
2147.795419
2326.446205
2509.096636
2659.749912
2701.968381
2640.640499
2540.649387
2425.992912
2222.455449
1947.368790
1706.945716
1530.961359
1346.088904
1169.660142
1084.334393
1076.335104
1040.338304
965.678274
932.347903
923.015399
813.247378
538.160720
223.077616
-76.451315
-395.089658
-739.503488
-1095.916251
-1475.882477
-1894.511932
-2193.152053
-2233.148497
-2214.039085
-2346.916163
-2518.012065
-2465.127877
-2179.375499
-1979.393276
-1960.283863
-1876.735734
-1682.530775
-1581.650853
-1590.538952
-1472.327237
-1182.575215
-1001.257999
-1008.812883
-922.153919
-518.634232
7.541219
359.954338
595.044552
926.126234
1333.645565
1674.948561
1938.925096
2134.463270
2195.346747
2093.578016
1916.704849
1753.608235
1540.293863
1187.880744
759.918785
274.628589
-275.544729
-803.497800
-1197.684983
-1529.655475
-1977.171251
-2512.679206
-2843.316482
-2875.313638
-2837.094813
-2858.426251
-2810.874922
-2567.341014
-2220.260754
-1884.290618
-1475.882477
-941.263332
-472.860523
-170.665163
110.643166
525.272976
953.679340
1231.876834
1386.529753
1531.405764
1703.390477
1884.707693
2078.468248
2250.452960
2324.668586
2329.112635
2387.329682
2476.210671
2460.212093
2323.335371
2181.125789
2051.803951
1854.932562
1590.956027
1422.082149
1387.418563
1318.535797
1194.102414
1165.216092
1256.319105
1339.422830
1322.535442
1273.650898
1223.877545
1061.669741
751.030687
379.508155
-1.346880
-403.088947
-796.387321
-1146.578415
-1515.878921
-1951.395764
-2249.147075
-2216.705515
-2097.160585
-2220.260754
-2451.795729
-2418.020953
-2103.382254
-1915.398964
-1997.169473
-2024.278175
-1876.735734
-1799.853679
-1867.403230
-1792.298795
-1450.106990
-1155.466514
-1087.916962
-932.819638
-411.977046
290.182762
818.135833
1159.438828
1514.073972
1910.038775
2241.120456
2458.878878
2545.093437
2427.770532
2137.574105
1806.048018
1498.519799
1150.106324
732.810084
301.292886
-172.442782
-748.391587
-1281.677517
-1606.981934
-1851.404652
-2260.257199
-2816.652186
-3177.508999
-3189.952337
-3094.405275
-3047.742756
-2943.307594
-2639.779019
-2199.373722
-1731.859723
-1165.687827
-492.858745
118.198050
535.494290
851.021799
1227.877189
1632.730091
1906.483535
1985.143210
1918.482469
1842.044819
1880.708049
1974.477491
2010.474292
1955.812484
1902.483891
1938.925096
1986.920830
1954.479269
1908.261155
1882.930073
1760.718714
1494.520154
1224.766355
1136.329771
1171.437762
1126.997267
1019.451271
1002.119479
1141.662630
1339.867235
1487.854080
1577.179473
1564.291730
1405.194761
1133.663342
782.583438
363.509577
-52.453448
-463.528019
-978.148942
-1628.313372
-2221.149564
-2413.576904
-2303.808883
-2402.466780
-2793.543129
-3020.634054
-2781.099791
-2376.246889
-2276.255777
-2374.913674
-2294.031974
-2120.714047
-2062.941405
-2017.612101
-1747.413896
-1354.115523
-1165.243422
-1067.918740
-667.954292
98.644232
888.351814
1410.527620
1763.385144
2146.462204
2570.424518
2917.504778
3046.826616
2879.285953
2499.319728
2062.025265
1616.287108
1146.551085
641.707071
154.639255
-334.206181
-928.375588
-1514.545707
-1886.068238
-2107.826304
-2421.576193
-2918.420918
-3359.715025
-3489.036863
-3406.377544
-3294.831903
-3140.178984
-2831.761954
-2359.359501
-1785.188316
-1114.136854
-324.873677
437.280798
1035.449849
1463.856213
1793.160275
2114.465048
2350.444072
2387.774087
2218.011399
1923.370923
1706.056907
1636.285331
1566.958160
1444.302396
1356.310217
1358.087837
1427.415008
1451.857280
1458.967759
1505.630278
1475.855147
1294.982335
1059.892121
921.682184
911.460871
903.905987
889.685028
979.010422
1160.327638
1399.861902
1687.836304
1981.587970
2191.347103
2211.345325
2024.695250
1711.834171
1216.767066
626.152898
140.418297
-374.202626
-1156.355323
-2156.266442
-2881.979712
-2943.307594
-2853.537796
-3162.843636
-3619.691916
-3654.799906
-3162.843636
-2713.105835
-2600.226979
-2472.238356
-2227.815638
-2052.720091
-1973.616011
-1755.857590
-1262.568105
-834.161741
-676.842391
-474.193738
137.307462
1070.557840
1915.371634
2406.883500
2682.414564
2994.386833
3345.911142
3536.116457
3358.798885
2837.067483
2200.235202
1502.519443
746.586637
33.761111
-559.519487
-1074.584814
-1692.307683
-2396.245111
-2825.540285
-2912.643653
-2931.308661
-3135.734934
-3474.815905
-3571.696182
-3331.273109
-2971.749511
-2576.673517
-2174.042640
-1689.641254
-1082.139698
-398.200493
397.284353
1191.435984
1818.491357
2193.124723
2349.999667
2472.211026
2629.085971
2639.751689
2352.666097
1837.600769
1372.308795
1151.439539
1057.225692
905.683606
742.586993
648.373145
671.482202
731.476869
773.250934
875.019665
935.458737
822.579882
629.708138
563.047396
727.032820
979.454827
1136.774176
1324.757466
1676.281775
2155.350303
2635.752045
2992.609213
3176.148454
3137.929629
2858.398921
2352.221692
1605.176985
673.259822
-188.441360
-897.711647
-1716.305550
-2773.100502
-3696.129566
-3915.665607
-3620.136321
-3594.360834
-3916.110012
-3991.658852
-3501.924606
-2860.203870
-2625.558061
-2580.673162
-2335.806039
-2069.163074
-1927.397897
-1723.416029
-1173.242711
-439.530152
49.759689
426.615079
1091.444872
2114.909453
3110.376523
3646.328882
3740.987135
3713.434029
3700.990690
3509.896565
2903.283820
1966.922607
1002.563884
126.641743
-742.614323
-1506.546418
-1962.950293
-2152.711203
-2354.915451
-2699.773686
-2849.093747
-2654.444382
-2494.014198
-2622.447226
-2933.975091
-3091.294440
-2982.859634
-2794.876344
-2510.901586
-2056.719736
-1451.440205
-707.061927
129.308173
1057.225692
2003.363813
2740.631611
3136.596414
3189.925007
3027.272798
2782.405676
2396.217781
1759.829904
951.457315
235.076549
-168.443138
-307.097480
-359.537263
-300.875811
-45.787374
334.178851
676.815061
904.794797
1110.998689
1296.315550
1273.650898
1054.114857
864.353947
878.130500
1084.334393
1293.649121
1575.401854
2067.802529
2673.526465
3248.586459
3687.658542
3953.412697
3956.523532
3534.338837
2715.300529
1620.286753
355.510288
-896.822837
-1964.727913
-2925.975802
-3939.219069
-4796.031797
-5000.013665
-4481.837503
-3908.999533
-3706.795284
-3488.592458
-2837.539218
-1980.726490
-1481.659741
-1388.334703
-1291.454426
-1154.577704
-1097.693871
-989.259065
-623.958203
-34.232845
469.277954
856.799063
1415.860480
2211.345325
2990.387188
3382.352347
3237.476336
2799.293063
2304.225958
1746.497756
930.570283
-163.554684
-1209.683916
-1972.282797
-2497.125033
-2813.985756
-2795.765154
-2445.574060
-2025.166985
-1748.747111
-1453.662230
-1014.145742
-691.507754
-732.393009
-1066.585525
-1373.224935
-1451.440205
-1395.445182
-1272.345013
-1027.477890
-624.402608
-38.232490
633.707782
1274.095303
1810.492068
2147.351014
2179.792574
1918.926874
1480.299196
1002.119479
496.386655
-115.114545
-691.952159
-1003.480024
-967.038818
-702.617878
-345.760710
87.534109
597.266577
1110.109880
1527.850525
1770.495623
1831.379100
1778.939317
1690.947139
1614.509489
1607.843414
1727.832749
2012.251911
2425.992912
2873.508689
3332.578993
3756.985713
4019.629033
3963.189606
3517.895854
2758.852214
1760.718714
441.724847
-1150.578059
-2670.887365
-3673.464914
-4120.091880
-4496.502866
-4947.573882
-4951.129121
-4099.649253
-2873.091614
-2129.602146
-1917.176584
-1586.539307
-940.374522
-457.750755
-462.639209
-630.624277
-622.624988
-534.632810
-434.641698
-118.225379
543.049174
1258.985535
1686.503089
1867.820305
2106.910164
2442.435895
2493.986868
1924.259733
896.351103
-79.562150
-763.945760
-1395.000777
-2121.602857
-2671.776175
-2761.101568
-2510.457181
-2164.710136
-1644.756355
-866.603301
-127.557883
207.079038
207.079038
212.856302
207.967848
-132.001933
-836.383765
-1546.542862
-1882.512998
-1829.628810
-1589.650142
-1235.459403
-731.504199
-59.563927
642.595881
1201.212893
1571.402209
1721.611080
1551.848392
1050.559617
424.837459
-45.787374
-344.871900
-650.178095
-931.042018
-900.378077
-423.975979
228.854880
767.918074
1169.215737
1540.293863
1842.044819
1941.591526
1834.045530
1625.175207
1406.972381
1198.546463
1086.112013
1226.099569
1650.061884
2230.010333
2776.628411
3242.364790
3693.435806
4034.738801
4081.401320
3705.434740
2956.612413
1970.922252
825.690717
-385.312749
-1612.759199
-2780.210981
-3597.027264
-3788.121389
-3521.478424
-3296.609523
-3241.503310
-2917.532108
-2137.157030
-1449.218180
-1395.445182
-1698.529352
-1764.745689
-1517.656541
-1316.341103
-1261.234890
-1054.142187
-601.737956
-77.784530
470.166763
1087.000823
1725.610724
2099.355280
2015.807151
1632.285686
1228.321594
891.018243
407.061262
-366.203337
-1166.576637
-1575.873589
-1535.877144
-1370.558505
-1246.569527
-1015.478957
-616.403319
-248.880432
-52.897853
53.759333
122.642099
-17.789863
-436.419318
-899.933672
-1134.579481
-1216.349991
-1375.446960
-1596.316216
-1648.311594
-1368.780886
-911.932606
-499.524820
-215.550062
1.763955
176.859502
263.074061
253.741557
242.187028
203.968203
52.870523
-125.780263
-140.445627
88.422918
347.955404
430.614724
421.282220
533.716670
767.473669
938.569572
908.350036
761.252000
693.258044
754.585926
863.465137
956.790175
1100.777376
1366.531531
1686.503089
1998.030953
2349.110857
2747.742090
3068.602458
3176.592859
3121.042241
3049.493046
2924.615257
2616.642632
2118.020288
1520.740046
886.574194
228.854880
-442.196582
-1156.799728
-1889.179072
-2404.688805
-2473.571571
-2346.916163
-2505.568727
-2905.088769
-3010.412741
-2592.672095
-2153.155608
-2163.821327
-2310.030552
-2031.833059
-1325.673606
-631.068682
-195.551839
149.306395
529.272621
836.800840
1011.007578
1087.000823
1096.333326
920.348969
478.166052
-13.345813
-240.881143
-211.994822
-245.769598
-532.410785
-798.609345
-734.170629
-469.305283
-341.316660
-435.086103
-569.740800
-631.957492
-693.285374
-781.277553
-801.275775
-740.836703
-695.062994
-702.617878
-675.953581
-523.078281
-395.978468
-505.302084
-835.939360
-1158.132943
-1290.121211
-1294.565260
-1324.340391
-1351.893498
-1230.570949
-945.262976
-564.852346
-158.221824
239.965004
554.603702
696.368879
727.921630
740.364968
705.701383
572.824305
341.733735
143.973536
123.975314
257.296796
441.280442
601.710626
759.918785
1003.452694
1319.869012
1591.400432
1747.386566
1801.159564
1835.823150
1899.817461
2004.252622
2167.793641
2359.332171
2546.871056
2725.966248
2892.173696
3019.717914
3023.717559
2818.402476
2374.886344
1734.498823
1009.674363
287.960737
-519.967447
-1480.770931
-2316.696626
-2591.338880
-2298.920429
-2033.166274
-2190.930028
-2333.139609
-1940.730046
-1286.565971
-1077.251244
-1394.556372
-1535.432739
-1079.473269
-431.086458
-124.447049
-98.671562
42.649209
368.842437
615.487179
653.261599
579.934784
433.725558
87.534109
-423.975979
-799.942560
-832.828526
-778.166718
-960.817149
-1218.572015
-1147.022820
-697.285019
-300.431406
-243.103168
-280.877588
-145.334081
88.867323
135.974247
-56.897498
-256.879721
-339.094636
-387.534774
-487.081481
-555.519842
-555.075437
-617.292129
-912.377010
-1289.232401
-1433.219602
-1352.782308
-1317.674317
-1417.665429
-1397.667207
-1074.140409
-623.069393
-290.210092
-36.454870
258.630011
555.492512
716.811506
744.809017
732.810084
647.928740
428.837104
182.636766
90.644943
207.079038
343.511355
376.841726
430.614724
663.482913
1051.448427
1398.084282
1547.848747
1570.513399
1622.953182
1702.501667
1766.051574
1794.049085
1863.820661
2040.249423
2253.563795
2446.879944
2563.314039
2529.983669
2309.114413
1905.594725
1388.307373
823.468692
254.630367
-327.095702
-949.707026
-1577.651208
-1968.283152
-1893.178717
-1539.432383
-1403.444471
-1628.757777
-1793.632010
-1552.320127
-1191.463314
-1195.462958
-1466.105568
-1447.440560
-893.267598
-199.551484
134.196627
157.750089
204.412608
389.285064
533.272265
449.279731
231.965715
-44.009754
-415.087881
-780.833148
-943.485356
-812.385899
-624.847013
-647.067260
-702.617878
-471.527308
-33.788441
222.633211
119.975669
-38.232490
17.318128
122.642099
19.540152
-245.325193
-428.420029
-463.528019
-479.526597
-507.968513
-470.194093
-439.530152
-620.402964
-1016.812172
-1383.001844
-1517.656541
-1518.100946
-1547.876077
-1543.432028
-1340.338969
-911.488201
-443.085392
-81.339769
214.189517
496.831060
704.812573
758.585571
663.927318
515.940472
339.067306
124.419719
-24.011532
29.761466
229.299285
408.394477
504.830349
604.377056
823.024287
1097.222136
1289.205071
1373.197605
1389.640588
1428.303818
1535.849814
1677.614990
1866.042686
2070.468959
2255.341415
2409.549929
2493.098058
2479.321505
2310.892032
1939.369501
1410.972025
817.691428
296.404431
-109.781686
-492.414340
-965.705603
-1438.996866
-1596.316216
-1285.677162
-867.492111
-900.822482
-1398.556017
-1797.631654
-1760.301639
-1612.314794
-1796.742845
-2110.937138
-1926.509088
-1085.694938
-137.779197
360.398743
467.055929
552.826083
702.146143
704.368168
432.392343
-18.234268
-494.636365
-908.821771
-1124.358168
-968.816438
-503.524464
-83.561794
70.646721
149.750800
406.616857
724.810795
721.699960
309.736579
-129.335503
-266.212225
-232.881854
-324.873677
-522.633876
-579.073304
-410.643831
-193.329815
-98.671562
-123.113834
-243.103168
-536.854835
-998.147164
-1418.998644
-1606.537530
-1568.763109
-1455.439849
-1285.232757
-956.817505
-465.750044
8.874434
339.511711
518.606902
604.377056
601.266221
469.722359
252.408342
31.094681
-106.226446
-129.335503
-12.012598
235.520954
563.047396
827.912742
949.679696
979.899232
1008.341148
1055.448072
1043.893543
974.566372
903.905987
948.346481
1142.551440
1418.082504
1733.165608
2038.916208
2280.672496
2424.215292
2433.992201
2272.228802
1954.479269
1529.628145
1045.671163
555.936917
141.307107
-134.668362
-352.871189
-660.399408
-995.036330
-1075.029219
-819.051973
-628.402253
-951.040240
-1637.645875
-2107.826304
-2108.715114
-2005.613167
-2155.822038
-2236.259332
-1725.638054
-703.506688
161.305329
414.171741
303.959315
240.853813
246.631078
78.201605
-303.097835
-698.173829
-933.264043
-983.481801
-819.940783
-411.088236
91.533753
384.841015
356.843503
243.520243
243.075838
244.409053
8.874434
-415.532286
-643.956426
-474.638143
-169.331948
-29.344391
-44.009754
9.318839
193.302485
287.071927
102.643877
-292.876522
-757.724091
-1232.348569
-1648.311594
-1853.626677
-1747.858301
-1416.332214
-1020.367411
-616.847724
-206.217558
150.639610
345.733380
332.401231
213.300707
83.090059
-32.899631
-106.226446
-119.114189
-68.896431
79.090415
335.512066
654.150409
926.570639
1049.226403
1016.784842
909.683251
794.582371
705.701383
679.481491
760.363190
930.570283
1131.441317
1355.865812
1638.507355
1932.259022
2150.017443
2229.565928
2192.680318
2075.357413
1839.822794
1505.630278
1202.101703
992.342570
812.802974
604.377056
409.727691
290.182762
112.865190
-269.767465
-720.838481
-911.488201
-846.605079
-981.259776
-1558.097391
-2170.042996
-2276.700182
-1953.617789
-1745.636276
-1792.298795
-1597.205026
-846.160674
20.428962
331.068017
43.538019
-295.098546
-339.094636
-283.988423
-428.420029
-680.397631
-791.054461
-701.284663
-501.746844
-238.659119
88.867323
331.512422
287.516332
47.537664
-87.561438
-35.566060
-6.679739
-160.443849
-297.764976
-148.000511
220.411186
453.279376
391.507089
187.969625
51.092903
-45.787374
-233.770664
-500.858034
-793.276486
-1049.253733
-1220.349635
-1230.570949
-1023.478246
-707.506332
-460.861590
-346.649520
-303.542240
-265.323415
-262.212581
-335.094991
-423.087170
-430.197649
-345.316305
-188.441360
26.206227
257.741201
418.171385
498.608680
560.380967
685.258755
819.469048
808.803329
679.925896
594.155742
657.705649
827.023932
981.232446
1087.889633
1176.326216
1272.317683
1386.529753
1503.852658
1602.954960
1690.947139
1776.272887
1835.823150
1810.047663
1696.724403
1545.626723
1367.864746
1083.889988
680.370301
312.847414
96.866612
-68.452026
-363.092502
-697.729424
-744.836347
-484.415052
-387.534774
-828.828881
-1547.876077
-1998.502688
-2027.833414
-2002.946738
-2153.600013
-2128.268931
-1550.986912
-662.177028
-84.450604
-57.341902
-243.547573
-304.431050
-291.987712
-400.866922
-619.514154
-788.832437
-845.716269
-793.276486
-581.739734
-191.552195
157.305684
215.078327
38.205160
-76.451315
6.208004
81.312439
-37.788085
-221.771731
-180.886476
101.310662
334.623256
308.403365
152.861635
92.422563
106.199116
19.984557
-167.109923
-362.203693
-554.631032
-799.942560
-1026.589080
-1041.254444
-824.384832
-565.741156
-425.753599
-386.645964
-336.428206
-252.435672
-223.549351
-262.212581
-278.655563
-213.772442
-89.339058
54.203738
226.632855
429.725914
589.267288
662.594103
687.036375
733.254489
763.029620
674.148632
520.384522
468.833549
615.487179
871.020021
1081.667963
1220.322305
1346.088904
1466.522643
1527.406120
1483.410031
1414.527265
1407.861191
1460.745379
1507.407898
1522.962071
1547.848747
1581.179118
1486.520865
1158.994423
737.698538
420.837815
176.415097
-206.217558
-679.508821
-893.267598
-677.286796
-428.420029
-643.956426
-1294.120855
-1846.071793
-1994.947449
-1976.726846
-2076.273553
-2167.376566
-1835.850479
-1083.028508
-372.425006
-98.227157
-189.774575
-312.430339
-356.426428
-445.307417
-633.735112
-816.829948
-874.602590
-822.607212
-670.176317
-368.869767
31.983491
303.514910
278.183829
75.979580
-50.675828
-28.455581
-14.234623
-103.115611
-161.332659
-50.231423
137.751867
231.965715
205.301418
163.971759
129.752578
19.984557
-206.217558
-437.752533
-569.740800
-647.956070
-743.058728
-801.720180
-692.396564
-395.089658
-100.449182
-21.789507
-166.221113
-360.426073
-430.642054
-349.760354
-228.437805
-142.667651
-71.562861
53.314928
269.295730
507.941183
654.150409
651.928385
558.603347
509.274398
527.495001
559.492157
564.825016
571.491090
676.815061
900.350747
1152.328349
1321.202227
1356.754622
1300.315195
1241.653742
1229.654809
1245.208982
1282.094592
1366.531531
1489.187295
1627.841637
1734.054418
1752.719425
1617.620323
1274.984113
787.471892
344.844570
43.093614
-201.773509
-459.972780
-583.517354
-385.312749
-103.115611
-258.212936
-1004.813238
-1876.291329
-2328.695560
-2366.469980
-2354.471047
-2356.248666
-2043.831992
-1283.899542
-464.861234
-112.448115
-314.652364
-658.621789
-819.051973
-841.272220
-907.044151
-1025.255866
-1024.367056
-780.388743
-348.427139
121.308884
462.611879
513.718448
279.517043
-59.119522
-303.986645
-400.422518
-417.309905
-382.201915
-232.437450
77.757200
418.171385
575.490735
484.832127
280.405853
115.531620
11.096459
-103.115611
-289.321282
-499.524820
-643.956426
-637.290351
-477.748977
-269.323060
-136.001577
-133.779552
-226.215780
-334.650586
-444.418607
-525.744711
-483.970647
-298.653786
-32.010821
211.078682
386.174229
492.831415
533.716670
484.387722
378.619345
288.849547
256.852391
280.405853
332.401231
413.727336
566.158231
803.914875
1052.781642
1218.989090
1230.543619
1134.552151
1024.784131
955.901365
934.125523
959.456604
1072.335460
1293.204716
1571.846614
1784.716581
1882.485668
1857.598992
1709.612146
1397.639877
946.568861
505.274754
235.076549
112.420785
-30.233201
-190.663385
-163.999088
44.871234
51.537308
-510.634943
-1480.326526
-2270.922917
-2544.231957
-2465.127877
-2320.696271
-2090.494511
-1575.873589
-857.270798
-336.872611
-331.539752
-718.616456
-1107.026375
-1286.565971
-1283.455137
-1195.907363
-1034.143964
-764.390165
-407.977402
-40.898920
268.406920
413.727336
276.850614
-114.670140
-547.964958
-722.616100
-577.740089
-281.766398
-9.346169
205.745823
426.170674
597.266577
565.269421
307.070150
-2.680095
-194.218625
-249.324837
-234.659474
-223.993756
-255.546506
-302.209025
-304.431050
-228.437805
-132.001933
-135.112767
-255.990911
-408.421806
-500.858034
-484.859456
-382.201915
-197.773864
39.538375
238.187384
337.289686
352.843859
343.511355
320.846703
266.184895
215.522732
236.854169
344.844570
493.720225
598.599792
664.816128
742.142588
844.355724
941.680407
969.233513
925.237424
860.798707
838.134055
888.351814
1007.452338
1178.548241
1370.975580
1538.960648
1633.174496
1637.174141
1591.400432
1540.293863
1459.412164
1268.318039
966.122678
672.815417
518.162497
505.719159
477.721647
312.403009
67.535886
-99.560372
-215.994467
-534.632810
-1200.795818
-1954.062194
-2342.472113
-2219.816349
-1842.960959
-1542.543218
-1367.892076
-1161.243778
-891.045573
-747.058372
-894.156408
-1243.458692
-1517.656541
-1502.991178
-1219.905230
-859.048417
-577.295684
-375.980246
-171.553972
70.646721
231.965715
163.082949
-136.445982
-450.195871
-531.521975
-331.984156
-38.232490
186.636411
332.401231
413.282931
425.281864
334.178851
141.307107
-71.118456
-230.215425
-292.432117
-274.211514
-218.216491
-191.107790
-240.881143
-310.652719
-331.984156
-301.320215
-295.542951
-341.761065
-396.422873
-384.423940
-281.321993
-113.781330
75.090770
242.187028
338.178496
353.288264
351.510644
375.952916
415.060551
419.060195
410.616501
434.169963
521.273332
589.267288
578.157164
533.272265
512.829638
504.830349
454.612590
374.619701
315.069439
315.958249
355.510288
404.394832
462.611879
530.161431
578.157164
612.820750
644.373501
669.260177
662.149698
618.153609
585.267643
569.713470
550.159653
504.830349
441.724847
386.618634
382.618990
422.171030
459.945450
430.170319
309.736579
169.304618
98.199827
74.201960
-34.677250
-279.544373
-540.854479
-644.845235
-538.188049
-315.985579
-133.779552
-68.896431
-137.334792
-275.989134
-410.643831
-487.970291
-549.742578
-638.623566
-680.842036
-616.847724
-461.305995
-297.320571
-215.994467
-215.994467
-224.882566
-195.107434
-144.889676
-149.778130
-214.216847
-236.881499
-154.222180
-2.235690
111.531975
123.086504
23.984202
-150.222535
-339.094636
-473.304928
-538.632454
-603.959981
-727.948960
-888.379144
-995.480735
-1041.698849
-1077.251244
-1117.692094
-1142.578770
-1130.135432
-1088.361367
-1050.142542
-1011.034908
-968.372033
-926.153564
-836.383765
-671.065127
-462.194804
-301.764620
-224.882566
-132.446338
47.537664
294.626811
503.941539
614.153965
643.484691
665.704938
731.032464
826.579527
901.683962
929.237068
945.235646
1006.119123
1134.107746
1262.540775
1331.867946
1325.201871
1291.427096
1270.540064
1256.319105
1223.433140
1173.215381
1133.663342
1150.106324
1211.434206
1259.429940
1238.098503
1132.774532
998.119834
864.798352
750.141877
659.927674
605.710271
587.489668
555.492512
484.832127
381.285775
299.515266
246.186673
154.639255
-40.010110
-299.987001
-487.525886
-489.747911
-327.095702
-158.666229
-142.667651
-306.653075
-558.630677
-774.167074
-907.488556
-1006.146453
-1095.471846
-1150.133654
-1121.247333
-1007.479668
-866.158896
-785.277197
-797.720535
-856.381988
-884.379499
-839.939005
-777.722313
-772.833859
-824.829237
-836.383765
-747.058372
-602.182361
-522.633876
-580.406519
-735.059439
-883.046284
-939.930117
-911.932606
-876.380210
-898.156052
-967.483223
-1012.812527
-985.259421
-911.488201
-835.050551
-780.833148
-731.059794
-654.177739
-551.520198
-445.307417
-367.536552
-304.875455
-211.106012
-74.673695
85.756489
203.079393
263.962870
322.179918
430.170319
573.713115
699.035308
778.583793
804.359280
801.692850
811.914164
876.352880
986.120901
1099.888566
1177.659431
1242.098147
1305.203649
1355.421407
1358.976647
1317.202582
1270.095659
1230.988024
1206.990157
1182.992290
1161.216448
1162.105258
1179.437051
1176.770621
1120.775598
996.786619
825.246312
657.705649
523.495356
433.725558
406.616857
442.169252
501.719514
514.607258
427.503889
297.293241
204.412608
179.970336
164.860568
65.313861
-105.337636
-249.324837
-274.655919
-178.664452
-50.675828
-23.122722
-151.111345
-369.758577
-571.074015
-671.509532
-695.062994
-716.394431
-748.391587
-768.389809
-749.280397
-718.616456
-742.614323
-819.940783
-917.709870
-987.037041
-997.258354
-991.481090
-1019.478601
-1073.696004
-1105.248755
-1064.807905
-971.482868
-912.377010
-949.262621
-1074.140409
-1224.349280
-1305.230979
-1259.012865
-1139.912341
-1031.477535
-989.703470
-965.705603
-893.267598
-781.277553
-668.398697
-592.849857
-520.411852
-420.865145
-299.987001
-199.107079
-154.222180
-114.225735
-30.677606
106.199116
256.852391
364.842792
431.947938
477.721647
549.270843
658.150054
790.138322
893.240268
917.682540
885.240979
852.355013
883.018954
976.343992
1078.112724
1145.217870
1166.104902
1174.104191
1186.547530
1189.213959
1183.436695
1167.438117
1133.218937
1087.000823
1022.562106
919.904565
788.360702
664.816128
585.712048
564.380611
566.158231
524.384166
437.280798
339.956116
267.962515
249.741912
271.517754
291.071572
303.959315
307.958960
290.182762
285.738713
321.291108
382.618990
412.838526
347.511000
188.858435
15.540508
-52.897853
19.984557
184.414386
305.736935
267.073705
84.423274
-134.668362
-280.877588
-343.094280
-401.755732
-506.635299
-620.847369
-672.398342
-644.845235
-597.293907
-613.736890
-732.837414
-883.490689
-986.148231
-1040.365634
-1109.248400
-1219.016420
-1311.897053
-1292.343236
-1163.021398
-1027.477890
-1002.591214
-1092.361012
-1215.905586
-1272.789418
-1226.126899
-1107.470780
-982.148586
-906.599746
-871.936161
-825.718047
-743.503133
-642.623211
-544.854124
-481.304217
-459.083970
-435.974913
-383.535130
-322.207248
-259.101746
-174.220402
-58.230712
59.981002
163.527354
241.298218
295.071216
337.289686
393.729113
478.610457
585.712048
675.481847
715.922696
751.475092
829.245956
971.011133
1104.332615
1152.772754
1128.330482
1095.888921
1082.112368
1058.558906
1003.452694
946.124456
906.572416
860.354302
791.471536
721.255556
666.149343
623.930873
590.156098
563.936206
546.604413
501.719514
423.504245
339.956116
283.516688
288.849547
344.844570
430.614724
540.382744
652.372790
720.811151
722.144365
664.816128
608.376700
590.600503
627.041708
652.817195
584.378833
442.169252
320.402298
307.514555
405.283642
515.940472
512.385233
355.510288
75.979580
-189.330170
-351.537974
-418.198715
-457.306350
-535.521620
-652.400120
-776.833503
-869.714136
-939.930117
-1023.922651
-1150.578059
-1307.453004
-1412.332570
-1435.441627
-1438.108057
-1448.329370
-1451.884610
-1395.889587
-1277.233468
-1174.575926
-1152.355679
-1206.573082
-1279.455492
-1295.898475
-1197.684983
-1014.590147
-831.495311
-715.505621
-651.955715
-609.737245
-553.742222
-503.968869
-472.860523
-448.862656
-410.199426
-335.094991
-236.881499
-136.001577
-42.676539
11.985268
33.316706
66.202671
139.085082
225.744045
281.739068
317.291463
381.285775
508.829993
657.261244
750.586282
759.918785
720.366746
688.813995
686.147565
691.036020
703.479358
712.367457
703.923763
701.701738
699.479713
692.813639
663.927318
608.821105
540.827149
495.942250
483.054507
471.499978
468.833549
471.055573
508.829993
592.822527
681.703516
741.698183
734.587704
689.702805
689.258400
759.474381
861.243112
932.792308
979.010422
1040.782709
1109.221070
1128.774887
1059.003311
971.011133
939.902787
967.455893
969.233513
867.464781
686.147565
500.830704
403.950427
411.949716
475.055218
475.055218
303.959315
-25.344747
-362.648097
-547.520553
-587.961403
-642.178806
-799.942560
-989.259065
-1102.137921
-1136.357101
-1172.353901
-1272.789418
-1395.000777
-1497.658319
-1565.652275
-1591.427761
-1582.539663
-1548.764887
-1523.433805
-1485.659385
-1391.001133
-1256.790840
-1173.242711
-1195.907363
-1299.009310
-1348.782663
-1254.568816
-1067.918740
-901.711292
-798.609345
-725.726935
-641.289996
-547.964958
-466.194449
-394.645253
-335.539396
-284.877233
-243.103168
-196.885054
-98.671562
30.650276
130.641388
204.412608
282.183473
368.398032
417.282575
396.395543
352.399454
368.842437
440.391632
517.273687
555.492512
563.047396
567.935851
557.714537
548.382033
551.492868
564.380611
581.267999
571.491090
530.605836
486.609746
458.167830
458.167830
499.053085
576.823949
667.038153
727.032820
756.363546
771.917719
802.581660
838.578460
870.131211
893.240268
916.349325
953.679340
980.788042
1000.341859
1021.673296
1069.224625
1136.774176
1191.880389
1190.102769
1147.884300
1095.888921
1049.226403
988.787331
939.013977
927.459449
935.014333
887.907409
718.589126
474.166408
276.406209
204.857013
231.521310
263.074061
197.746534
5.319194
-276.877944
-542.632099
-702.173473
-769.278619
-853.715558
-1007.035263
-1189.685694
-1315.007888
-1350.115878
-1353.671118
-1386.557083
-1469.660807
-1562.097035
-1616.314438
-1626.980157
-1610.981579
-1563.874655
-1495.880699
-1400.778041
-1280.788707
-1172.798306
-1109.692805
-1121.691738
-1161.688183
-1143.467580
-1010.146098
-804.831015
-629.291063
-545.298529
-527.077926
-484.415052
-395.089658
-292.876522
-227.993400
-213.328037
-217.327681
-223.549351
-189.774575
-123.113834
-50.675828
13.318483
52.870523
76.868390
91.533753
103.088282
102.199472
107.087926
142.640321
204.412608
259.518821
272.850969
244.853458
206.634633
209.301063
261.740846
352.399454
450.612946
535.938695
611.931940
672.815417
711.923052
743.031398
788.805107
842.133700
867.464781
858.576683
868.797996
915.460515
973.233158
1001.675074
1004.341503
1019.451271
1042.560328
1055.448072
1052.781642
1038.560684
1031.005800
1028.783775
1042.560328
1084.778798
1116.775954
1102.999401
1047.004378
986.120901
971.899943
987.454116
948.346481
852.799418
761.696405
738.142943
729.699249
631.485757
408.838881
159.527709
1.319550
-33.344036
-7.568549
-48.898209
-208.883988
-442.196582
-671.953937
-812.830303
-869.714136
-919.487490
-1009.701693
-1139.912341
-1235.459403
-1255.013221
-1236.348213
-1247.458337
-1315.007888
-1399.000422
-1423.887098
-1381.224224
-1311.008243
-1257.679650
-1233.237378
-1175.020331
-1072.362789
-972.371678
-919.931894
-937.263687
-987.481446
-1010.146098
-959.039529
-827.940072
-686.174895
-615.514509
-624.847013
-642.178806
-589.294618
-493.747555
-423.087170
-423.975979
-463.528019
-476.415763
-437.752533
-382.646320
-357.315238
-352.426784
-342.205470
-306.653075
-264.434605
-234.215069
-218.660896
-187.996955
-119.114189
-4.902119
123.086504
229.743690
293.293597
323.513133
358.621123
450.168541
591.044908
709.701027
769.695694
790.138322
836.800840
927.459449
1039.893899
1119.886788
1152.328349
1158.994423
1162.994068
1170.993357
1183.881100
1191.435984
1194.102414
1192.324794
1187.436339
1194.546819
1184.769910
1143.884655
1105.665830
1097.222136
1119.442383
1141.218226
1109.665475
1029.228180
943.902431
888.796219
874.130856
877.241690
857.687873
793.693561
683.036731
559.936562
471.055573
454.612590
462.167474
412.394121
274.628589
70.202316
-100.004777
-164.887898
-142.223246
-98.227157
-108.448471
-213.772442
-401.311327
-603.515576
-746.169562
-809.719469
-843.938649
-903.488912
-997.258354
-1090.138987
-1147.911630
-1195.018553
-1258.568460
-1331.450871
-1403.444471
-1438.996866
-1449.218180
-1451.440205
-1446.551750
-1415.887809
-1342.560994
-1234.126188
-1139.467936
-1101.693516
-1122.580548
-1169.243067
-1176.353546
-1103.471135
-966.594413
-845.271864
-791.054461
-785.277197
-771.056239
-716.838836
-646.178450
-607.070815
-627.513443
-660.843813
-652.400120
-597.293907
-518.634232
-430.197649
-332.428561
-224.882566
-140.445627
-88.894653
-48.898209
11.096459
106.199116
215.078327
338.622901
484.832127
629.263733
734.143299
817.247023
894.129078
996.342215
1083.889988
1132.774532
1167.438117
1212.767421
1276.761733
1331.423541
1358.532242
1369.642366
1377.641655
1371.419985
1346.977714
1302.092814
1250.541841
1210.545396
1169.660142
1103.443805
1022.117701
941.236002
865.242757
783.472247
708.367812
659.483269
637.263022
616.375989
578.601569
522.162142
465.278309
420.837815
413.282931
446.168897
489.276176
527.050596
539.938339
540.827149
522.162142
482.610102
448.390921
436.836393
438.169608
420.837815
324.846347
150.195205
-28.455581
-126.224668
-110.226091
-57.341902
-74.229290
-239.992334
-485.303861
-704.839903
-823.051617
-883.935094
-954.151075
-1054.142187
-1165.687827
-1235.903808
-1251.457981
-1236.792618
-1247.458337
-1306.119789
-1384.335059
-1436.330437
-1451.440205
-1447.440560
-1451.884610
-1461.217114
-1424.331503
-1326.562416
-1231.459759
-1198.573793
-1235.903808
-1293.676450
-1312.785863
-1253.235601
-1139.023531
-1005.702048
-890.601168
-818.163163
-766.167785
-715.505621
-650.622500
-575.073660
-516.412207
-476.860167
-421.309550
-324.429272
-192.441005
-43.565349
100.866257
233.298929
357.287908
452.834971
503.497134
529.717026
562.158586
631.930162
745.697827
879.019310
1014.562817
1107.887855
1159.438828
1190.102769
1222.544330
1263.429585
1278.539353
1247.875412
1179.881455
1121.220003
1109.221070
1122.108813
1121.220003
1082.112368
1011.007578
933.236713
860.798707
797.693206
753.697116
706.145788
673.704227
665.260533
660.372079
636.818617
588.822883
527.050596
488.387366
498.608680
551.492868
585.267643
577.268354
544.826794
520.828927
522.606547
529.717026
533.716670
527.050596
522.606547
524.384166
515.940472
487.498556
447.057706
405.283642
377.730536
349.288619
291.515977
185.303196
22.650987
-144.000866
-238.214714
-235.992689
-199.107079
-225.326970
-371.536196
-599.960336
-823.940427
-980.370967
-1068.807550
-1132.357457
-1211.905941
-1303.897764
-1380.335414
-1429.219958
-1454.106634
-1484.326171
-1539.876788
-1615.870033
-1674.975891
-1690.530064
-1662.976957
-1614.981223
-1536.765954
-1418.554239
-1280.344302
-1154.133299
-1087.028153
-1090.138987
-1104.359945
-1072.362789
-975.038107
-809.275064
-642.623211
-518.189827
-433.308483
-362.203693
-264.879010
-144.000866
-52.009043
-7.124144
13.762888
51.537308
127.530553
233.298929
341.289330
425.726269
496.386655
557.270132
605.710271
627.486113
616.375989
602.155031
615.487179
680.814706
773.695339
850.132989
883.018954
883.018954
867.909186
875.019665
902.128367
918.571350
914.127300
873.686451
836.800840
837.245245
873.242046
905.239201
903.017177
876.352880
841.244890
795.026776
747.031042
700.812928
667.482558
653.261599
650.150765
646.151120
620.820039
580.823594
528.383811
488.831771
484.387722
519.940117
559.936562
561.269777
523.050952
478.166052
457.279020
453.279376
441.280442
417.282575
391.507089
371.508866
360.843148
346.622190
333.290041
316.402654
272.406564
197.302129
127.530553
63.980647
-22.233912
-145.334081
-292.432117
-425.309194
-513.745778
-545.742933
-572.851635
-626.180228
-726.171340
-866.158896
-1010.590503
-1123.024953
-1179.019976
-1189.241289
-1183.908430
-1201.240223
-1224.793685
-1235.014998
-1223.460470
-1192.796529
-1175.464736
-1180.353190
-1192.796529
-1185.686050
-1149.244844
-1079.917673
-980.815371
-869.269731
-760.390520
-663.510243
-606.626410
-584.850568
-575.962470
-561.297106
-517.301017
-446.640631
-356.870833
-281.321993
-234.659474
-176.442427
-107.115256
-44.898564
7.985624
18.206938
7.985624
14.207293
40.871590
80.868034
143.084726
220.855591
303.514910
384.841015
444.391277
476.832838
488.387366
498.164275
528.828216
580.823594
648.373145
719.477936
775.028554
803.026065
827.912742
859.021088
889.240624
899.461937
879.463715
855.465848
851.021799
866.575972
888.796219
906.128011
908.350036
889.240624
844.355724
780.361413
715.033886
663.038508
615.487179
575.490735
547.048818
530.161431
509.274398
464.833904
417.282575
371.508866
334.623256
291.960382
246.186673
194.635700
143.529131
107.087926
74.646365
51.981713
19.095748
-0.013665
-18.678673
-43.120944
-58.230712
-48.453804
-22.678317
-0.013665
18.651343
11.985268
-13.345813
-59.119522
-107.559661
-133.335147
-141.334436
-165.776708
-213.328037
-278.211159
-327.984512
-335.983801
-324.873677
-353.759999
-445.307417
-571.074015
-670.176317
-718.616456
-730.170984
-732.393009
-754.613256
-790.610056
-842.161030
-875.046995
-886.157119
-907.044151
-934.152853
-971.038463
-977.704537
-941.707737
-881.713069
-827.495667
-792.832081
-751.058017
-704.395498
-655.955359
-631.068682
-625.735823
-600.404741
-529.744356
-427.086814
-329.317727
-263.101390
-228.437805
-205.773153
-167.109923
-111.114900
-43.120944
3.541575
7.541219
15.096103
57.314573
134.196627
210.634277
255.963582
290.182762
340.400520
403.061617
443.502467
463.945094
477.721647
514.162853
577.268354
637.707426
679.481491
703.034953
719.922341
744.364613
787.916297
842.578105
869.242401
858.132278
821.246667
782.139033
759.474381
743.031398
713.256267
648.817550
561.269777
479.499267
423.948649
387.507444
357.732313
317.291463
266.629300
208.856658
162.194139
127.974958
99.088637
82.645654
67.980291
77.312795
96.422207
122.197694
136.863057
138.640677
148.861991
182.636766
225.744045
263.074061
276.406209
273.739779
276.850614
306.625745
346.177785
357.287908
341.733735
309.292175
278.628234
258.630011
247.075483
221.744401
176.415097
114.642810
50.204093
-18.678673
-102.671207
-198.662674
-302.209025
-389.312394
-442.196582
-478.637787
-526.189116
-602.182361
-691.507754
-772.389454
-827.495667
-866.603301
-903.933317
-939.930117
-959.039529
-947.929406
-907.488556
-867.936516
-839.494600
-831.939716
-839.494600
-821.273997
-779.055528
-731.059794
-684.397275
-629.291063
-580.850924
-527.966736
-475.971358
-434.641698
-416.865500
-404.866567
-383.535130
-343.983090
-279.988778
-223.549351
-184.886121
-158.221824
-141.778841
-109.337281
-68.896431
-34.677250
-4.902119
14.651698
41.315995
86.200894
139.973892
196.857724
239.965004
259.963226
277.739424
306.181340
339.956116
360.843148
359.954338
367.064817
393.729113
444.391277
495.942250
513.718448
505.274754
496.386655
502.608324
519.051307
532.827860
527.495001
516.384877
508.829993
520.384522
553.270488
574.601925
575.490735
554.159297
506.607969
474.166408
471.055573
475.055218
477.277243
459.056640
437.725203
429.725914
427.503889
416.393765
403.950427
389.285064
372.397676
368.842437
369.286842
369.286842
363.509577
333.290041
305.736935
281.739068
260.852036
244.409053
226.188450
206.634633
189.747245
181.747956
175.526287
153.750445
114.198405
65.313861
22.206582
-10.679384
-28.011176
-40.010110
-67.563216
-106.226446
-143.112056
-187.108145
-253.768887
-338.650231
-419.531930
-459.972780
-463.972424
-444.418607
-438.196938
-466.638854
-505.302084
-542.632099
-560.852701
-580.850924
-609.737245
-662.177028
-706.617522
-711.950382
-686.174895
-638.623566
-602.182361
-591.072238
-593.294262
-591.516642
-578.628899
-574.184850
-576.851279
-588.405808
-596.849502
-570.185205
-537.299240
-531.077570
-550.631388
-574.184850
-586.183783
-570.629610
-539.521264
-515.078992
-505.302084
-500.858034
-470.194093
-418.643120
-351.982379
-274.655919
-223.104946
-181.330881
-133.779552
-73.784885
-1.791285
68.869101
139.529487
214.189517
301.292886
396.395543
483.943317
546.160008
598.155387
643.929096
696.813284
747.919852
775.028554
787.916297
789.693917
794.137966
816.358213
839.467270
850.577394
831.467981
782.139033
739.476158
712.367457
695.035664
674.593037
639.485046
594.155742
549.715248
513.718448
480.832482
441.280442
383.952205
326.623967
291.515977
271.073350
266.629300
254.630367
234.632144
223.966426
220.855591
214.633922
208.412253
189.302840
159.972114
131.530198
118.642454
127.974958
144.862346
149.306395
143.084726
129.752578
120.864479
111.531975
93.311373
60.869812
27.983846
2.652765
-16.012243
-35.566060
-53.786663
-77.340125
-111.114900
-139.112412
-156.888609
-184.886121
-230.215425
-277.766754
-322.651653
-349.760354
-365.314527
-378.202270
-424.420384
-488.859101
-551.075793
-612.403675
-648.844880
-683.064060
-718.172051
-751.946826
-780.833148
-783.499577
-780.833148
-779.055528
-779.055528
-796.831726
-814.607923
-822.607212
-822.162807
-812.385899
-795.942916
-774.167074
-740.836703
-690.174540
-635.512732
-583.072949
-538.632454
-491.969936
-444.418607
-390.201204
-323.540463
-251.546862
-184.886121
-130.668718
-83.561794
-36.010465
18.651343
74.646365
128.863768
184.858791
236.409764
292.404787
347.066595
403.950427
463.945094
515.051663
552.826083
568.380256
581.267999
591.933717
611.487535
629.708138
640.373856
652.372790
663.482913
678.592681
689.258400
691.924829
690.591615
676.815061
657.261244
635.040997
604.821461
589.711693
566.602636
538.160720
511.052018
497.275465
498.164275
496.831060
478.610457
447.946516
415.504956
392.395899
387.063039
379.952560
375.064106
355.510288
337.734091
323.513133
315.069439
307.070150
292.404787
273.739779
244.409053
203.079393
155.528065
125.752934
105.310306
93.311373
79.979225
58.647787
26.650632
-14.234623
-67.118811
-110.226091
-142.667651
-171.109568
-199.995889
-246.658408
-289.321282
-322.207248
-347.093924
-362.648097
-389.312394
-421.753955
-453.306706
-484.859456
-516.412207
-539.521264
-552.409008
-556.853057
-564.852346
-575.073660
-578.184494
-582.628544
-584.406163
-583.517354
-584.406163
-576.406874
-575.518065
-569.740800
-557.741867
-551.075793
-548.409363
-555.075437
-567.518776
-575.962470
-568.407586
-555.964247
-543.520909
-539.965669
-540.854479
-527.077926
-500.858034
-468.860879
-437.308128
-420.420740
-391.978824
-363.092502
-321.762843
-279.099968
-246.214003
-206.217558
-166.221113
-118.669784
-66.674406
-12.457003
39.538375
93.755778
145.751156
203.968203
263.074061
311.958604
353.732669
384.396610
421.282220
475.499623
531.050240
577.712759
626.152898
668.815772
711.478647
753.252711
775.917363
801.248445
818.135833
826.579527
833.245601
832.356791
830.134766
827.912742
812.802974
796.359991
771.028909
742.586993
712.811862
675.481847
643.484691
610.154320
568.824661
518.606902
455.501400
398.617568
349.733024
307.070150
265.296085
217.300352
157.750089
90.200538
32.427896
-13.790218
-47.564994
-78.673340
-110.670495
-152.444560
-200.440294
-239.992334
-267.989845
-291.098902
-314.207959
-324.429272
-333.761776
-343.094280
-347.093924
-357.315238
-358.204048
-348.427139
-339.094636
-323.540463
-307.986290
-293.320927
-282.655208
-272.433894
-267.545440
-263.545795
-257.324126
-265.323415
-266.212225
-265.323415
-258.212936
-257.324126
-256.435316
-263.990200
-274.655919
-278.655563
-287.543662
-298.209381
-315.541174
-344.871900
-379.979890
-399.533708
-412.421451
-411.532641
-419.531930
-431.975268
-454.195515
-476.415763
-491.525531
-505.302084
-516.412207
-525.744711
-533.744000
-539.965669
-532.855190
-519.078637
-492.414340
-461.305995
-429.753244
-391.978824
-342.205470
-285.766043
-222.660541
-164.443493
-116.447760
-64.452382
-11.123789
54.203738
133.307818
203.523798
257.296796
311.514199
362.620768
406.172452
443.946872
486.609746
533.716670
582.156809
621.708849
655.039219
679.037086
697.257689
711.034242
713.700672
726.588415
731.032464
722.588770
710.589837
698.590904
687.925185
679.925896
662.149698
628.374923
586.156453
527.050596
471.055573
426.170674
385.285420
352.843859
322.624323
285.294308
239.965004
193.302485
144.862346
92.866968
51.981713
22.650987
0.430740
-16.012243
-39.121300
-59.563927
-71.118456
-92.894298
-116.892165
-140.001222
-164.443493
-187.552550
-203.551128
-206.217558
-206.217558
-200.440294
-189.330170
-189.330170
-187.996955
-193.774220
-202.217913
-207.550773
-198.662674
-187.552550
-161.777064
-132.446338
-112.448115
-103.560016
-101.782397
-93.783108
-94.671918
-95.116323
-110.670495
-128.446693
-141.334436
-146.667296
-153.333370
-155.555395
-175.553617
-215.105657
-253.768887
-293.320927
-319.985223
-343.983090
-357.759643
-368.869767
-381.313105
-390.201204
-405.310972
-420.865145
-439.530152
-464.861234
-472.860523
-472.416118
-469.305283
-455.528730
-447.085036
-437.752533
-424.864789
-402.644542
-380.424295
-365.758932
-348.871544
-322.207248
-284.877233
-232.437450
-179.997666
-135.557172
-94.671918
-56.897498
-30.233201
-4.013309
29.317061
59.536597
95.533398
141.751511
186.636411
224.410831
258.630011
286.183118
303.514910
323.068728
350.177429
373.730891
395.062328
419.504600
447.057706
474.610813
498.608680
522.606547
537.271910
549.270843
558.603347
567.935851
576.379545
573.713115
566.602636
558.158942
547.048818
528.828216
505.719159
476.388433
436.391988
400.839593
370.620056
340.844925
307.070150
270.184540
232.410120
194.635700
165.749378
135.085437
103.532686
71.091126
36.427540
12.874078
-11.123789
-34.677250
-58.230712
-81.784174
-105.782041
-123.113834
-143.112056
-161.332659
-176.442427
-191.996600
-202.662318
-215.105657
-226.660185
-238.214714
-240.881143
-231.548640
-215.105657
-199.995889
-192.441005
-183.997311
-171.998377
-159.999444
-148.889320
-136.001577
-129.335503
-122.669429
-109.337281
-98.227157
-86.228224
-82.228579
-88.005843
-100.004777
-110.670495
-118.225379
-125.780263
-142.667651
-167.109923
-184.441716
-199.995889
-207.550773
-219.549706
-241.325548
-258.657341
-276.433539
-294.209736
-310.652719
-327.095702
-345.760710
-359.981668
-373.758221
-377.313461
-379.979890
-386.201559
-386.201559
-386.201559
-387.090369
-382.201915
-373.758221
-365.758932
-355.093213
-346.649520
-322.651653
-299.987001
-270.211870
-243.547573
-216.883277
-177.775642
-125.335859
-72.896075
-27.566771
20.873367
64.869457
105.754711
151.084015
202.190584
242.631433
278.183829
326.623967
370.175652
406.172452
445.724492
478.166052
508.829993
530.161431
544.826794
561.714181
574.157520
586.156453
595.044552
601.266221
600.821816
601.710626
595.933362
579.490379
547.937628
523.050952
497.275465
465.278309
430.614724
390.618279
356.843503
316.402654
279.961448
241.298218
205.301418
168.860213
127.974958
86.200894
49.759689
19.540152
-2.680095
-34.232845
-54.675473
-61.785952
-70.229646
-80.450959
-92.005488
-99.560372
-111.114900
-111.559305
-111.559305
-102.226802
-92.449893
-86.672629
-85.339414
-86.672629
-81.339769
-76.006910
-80.450959
-86.672629
-84.006199
-93.783108
-92.005488
-85.339414
-85.783819
-89.339058
-100.893587
-109.337281
-126.669073
-148.000511
-174.220402
-198.662674
-215.994467
-223.104946
-223.993756
-232.881854
-255.990911
-290.210092
-323.096058
-351.537974
-366.203337
-379.535485
-397.311683
-408.421806
-418.643120
-416.865500
-404.866567
-403.088947
-413.754666
-427.975624
-435.974913
-437.752533
-430.197649
-420.865145
-404.866567
-383.535130
-363.981312
-348.871544
-335.983801
-329.317727
-323.096058
-314.207959
-297.764976
-268.878655
-235.103879
-202.662318
-169.331948
-131.113123
-88.005843
-42.676539
-2.680095
44.871234
82.645654
119.975669
161.305329
196.413319
238.631789
281.739068
315.958249
348.844214
382.174585
415.060551
449.279731
475.055218
495.053440
507.496779
518.606902
527.050596
538.160720
534.161075
530.605836
535.938695
541.271554
540.382744
534.161075
528.828216
516.829282
505.274754
492.387011
469.277954
446.168897
420.837815
387.507444
357.732313
334.178851
310.180984
286.183118
263.074061
233.743334
200.857369
174.637477
150.639610
115.976025
85.312084
68.424696
49.315284
35.094325
23.984202
7.541219
-4.013309
-28.011176
-48.453804
-65.785596
-90.227868
-113.336925
-135.112767
-146.667296
-156.444204
-162.221469
-168.443138
-186.219336
-210.661607
-231.104235
-245.325193
-264.434605
-283.988423
-299.098191
-309.763909
-314.652364
-307.097480
-299.987001
-297.320571
-302.209025
-310.652719
-318.207603
-326.206892
-325.762487
-330.650942
-335.539396
-333.761776
-326.206892
-311.985934
-309.763909
-307.986290
-312.430339
-312.874744
-308.875100
-306.653075
-298.653786
-301.764620
-298.653786
-291.987712
-277.766754
-266.212225
-266.212225
-263.101390
-255.990911
-263.545795
-263.101390
-249.324837
-239.992334
-231.548640
-209.772797
-189.774575
-177.331237
-163.110279
-155.999800
-135.112767
-116.003355
-89.783463
-52.009043
-14.679028
18.206938
50.648498
88.422918
133.307818
173.304262
212.411897
252.408342
287.960737
317.735868
344.844570
375.508511
397.284353
423.059840
442.613657
460.834260
475.499623
490.609391
503.941539
511.052018
515.496068
515.051663
510.163208
493.275820
478.610457
460.834260
443.502467
433.281153
423.948649
420.393410
404.394832
379.063750
356.843503
331.068017
300.848481
263.074061
227.521665
197.302129
164.860568
138.196272
115.531620
91.533753
67.980291
44.426829
20.428962
-3.568904
-37.788085
-73.784885
-99.560372
-123.113834
-135.557172
-140.001222
-150.222535
-166.665518
-184.441716
-199.107079
-207.550773
-218.216491
-230.215425
-247.547218
-263.990200
-266.212225
-260.434961
-256.435316
-258.657341
-256.435316
-261.323771
-266.656630
-266.212225
-266.212225
-265.767820
-266.212225
-261.768176
-252.435672
-239.103524
-221.771731
-214.216847
-221.771731
-223.549351
-223.104946
-223.104946
-223.993756
-235.992689
-240.881143
-239.992334
-240.436738
-233.326259
-231.104235
-232.437450
-239.547929
-240.881143
-239.992334
-231.993045
-224.438161
-215.105657
-205.328748
-195.551839
-179.108857
-160.888254
-134.223957
-118.225379
-97.338347
-72.896075
-49.787018
-26.233557
-2.235690
21.317772
44.871234
68.424696
92.866968
119.531264
136.418652
148.417586
169.304618
200.857369
226.188450
248.853102
265.296085
280.405853
296.404431
311.958604
331.068017
346.622190
356.843503
360.398743
360.843148
360.398743
360.843148
358.176718
345.733380
335.512066
327.957182
325.290752
317.291463
302.626100
294.626811
281.739068
260.852036
243.520243
225.744045
211.523087
189.302840
174.637477
163.082949
153.306040
145.306751
130.641388
114.198405
99.533042
88.422918
75.979580
56.870168
31.539086
8.874434
-16.012243
-35.121655
-46.231779
-58.230712
-73.340480
-86.672629
-97.782752
-106.226446
-116.892165
-132.890743
-158.221824
-174.220402
-183.108501
-188.885765
-191.996600
-205.328748
-214.216847
-214.661252
-214.216847
-215.550062
-222.660541
-231.104235
-231.104235
-238.214714
-240.436738
-232.881854
-223.993756
-226.660185
-227.548995
-221.327326
-217.772086
-206.217558
-198.218269
-195.551839
-187.552550
-177.775642
-162.221469
-144.445271
-132.890743
-128.002288
-129.335503
-118.669784
-110.226091
-103.115611
-103.560016
-97.782752
-93.783108
-87.561438
-70.229646
-60.452737
-52.897853
-51.564638
-46.231779
-41.343325
-36.899275
-29.344391
-25.789152
-12.457003
0.430740
13.318483
29.317061
36.871945
43.093614
50.204093
63.980647
82.645654
90.644943
103.088282
111.531975
113.754000
123.086504
128.419363
134.641032
143.529131
146.195561
142.195916
149.306395
157.305684
168.415808
179.525932
180.414741
180.414741
179.970336
180.414741
180.414741
180.414741
180.414741
179.970336
187.080816
189.302840
196.857724
195.524509
189.302840
185.747601
179.970336
175.970692
169.749023
163.082949
155.083660
142.195916
129.308173
123.086504
103.532686
81.756844
66.647076
50.204093
36.427540
22.650987
4.430384
-16.456648
-31.122011
-44.454159
-62.230357
-80.006554
-100.449182
-116.003355
-129.335503
-140.445627
-149.333725
-154.666585
-154.222180
-154.666585
-154.222180
-163.110279
-158.666229
-153.777775
-155.110990
-154.222180
-154.666585
-154.666585
-152.000155
-143.112056
-136.001577
-128.446693
-129.335503
-126.669073
-117.780975
-111.559305
-106.226446
-101.337992
-97.782752
-89.339058
-86.672629
-80.006554
-69.340836
-61.341547
-65.785596
-69.340836
-60.897142
-56.897498
-42.676539
-35.566060
-28.899986
-25.789152
-23.122722
-14.234623
-3.568904
1.319550
-1.346880
3.097170
8.874434
15.540508
23.539797
31.983491
35.094325
40.871590
50.204093
51.092903
53.759333
60.869812
59.536597
60.869812
67.535886
77.757200
86.645299
85.312084
86.645299
84.867679
90.200538
94.644588
99.533042
103.532686
102.643877
102.643877
107.976736
113.754000
106.643521
103.088282
101.310662
91.978158
85.312084
86.200894
83.534464
76.423985
71.091126
60.869812
51.092903
43.982424
34.649920
22.206582
11.096459
3.541575
-2.235690
-8.457359
-8.457359
-13.345813
-22.678317
-26.233557
-37.343680
-43.120944
-43.120944
-42.676539
-43.565349
-37.343680
-33.788441
-34.232845
-40.010110
-43.565349
-42.676539
-43.120944
-43.120944
-42.676539
-44.454159
-52.453448
-48.898209
-39.565705
-33.788441
-34.677250
-34.232845
-34.232845
-34.232845
-35.121655
-33.344036
-26.233557
-25.344747
-26.233557
-25.344747
-26.233557
-21.345102
-16.456648
-24.455937
-26.233557
-25.789152
-26.233557
-25.344747
-26.233557
-33.344036
-42.232134
-42.676539
-43.120944
-42.232134
-44.898564
-51.120233
-57.786307
-60.452737
-60.008332
-60.008332
-60.897142
-62.674762
-59.563927
-54.231068
-44.009754
-43.120944
-38.232490
-32.010821
-26.233557
-15.123433
-3.124500
8.430029
20.428962
31.539086
43.982424
54.648143
71.535531
87.089704
92.866968
95.533398
106.199116
112.865190
110.643166
113.754000
119.975669
119.975669
119.975669
120.420074
113.309595
105.754711
97.311017
92.422563
82.645654
69.757911
59.092192
45.760044
29.317061
13.762888
3.097170
-2.235690
-11.568193
-25.344747
-32.899631
-44.454159
-51.564638
-51.564638
-51.120233
-53.342258
-60.452737
-60.452737
-68.452026
-60.452737
-60.008332
-56.897498
-50.231423
-52.453448
-43.120944
-32.899631
-26.677961
-20.456292
-15.123433
-8.012954
-0.013665
-0.902475
4.430384
10.207649
7.541219
14.207293
17.762533
23.095392
26.650632
25.317417
26.206227
24.873012
31.983491
35.538730
30.205871
23.539797
18.206938
11.540864
7.985624
8.874434
8.430029
8.430029
0.875145
0.430740
-0.902475
-7.568549
-10.234979
-18.678673
-26.233557
-24.900342
-31.122011
-34.677250
-36.899275
-43.565349
-41.787729
-44.009754
-52.009043
-51.120233
-52.453448
-47.120589
-42.232134
-43.120944
-43.120944
-41.343325
-33.788441
-35.121655
-29.344391
-23.567127
-17.345458
-17.345458
-12.901408
-3.124500
-0.013665
0.430740
7.985624
8.874434
8.430029
8.874434
8.430029
8.874434
7.985624
9.318839
16.429318
17.318128
17.318128
16.873723
19.095748
28.428251
33.761111
40.871590
43.538019
42.649209
36.427540
33.761111
34.649920
33.761111
34.205516
40.427185
44.426829
38.205160
29.761466
24.873012
26.650632
23.095392
16.873723
17.762533
16.873723
18.206938
11.985268
8.430029
7.985624
0.875145
-4.902119
-9.346169
-8.012954
-8.901764
-8.012954
-8.901764
-8.457359
-8.901764
-8.457359
-10.234979
-16.456648
-22.678317
-26.233557
-32.455226
-34.677250
-39.121300
-46.231779
-51.120233
-52.009043
-51.120233
-52.009043
-51.120233
-52.453448
-50.231423
-44.454159
-41.787729
-44.009754
-40.010110
-33.788441
-34.677250
-28.011176
-24.011532
-19.123077
-12.457003
-1.346880
0.430740
4.430384
11.540864
16.429318
18.206938
15.540508
22.206582
25.761822
25.761822
33.761111
33.761111
37.760755
44.871234
50.204093
44.426829
42.204805
43.538019
41.760400
35.538730
33.316706
35.094325
28.428251
20.873367
15.096103
8.874434
5.763599
-0.902475
1.319550
-4.013309
-9.346169
-8.012954
-12.012598
-21.789507
-25.344747
-28.455581
-30.677606
-24.900342
-35.566060
-28.455581
-25.789152
-24.900342
-17.789863
-12.457003
-7.124144
-3.124500
4.430384
7.985624
13.318483
17.762533
22.206582
29.317061
33.761111
38.205160
43.982424
51.092903
51.092903
55.536953
61.758622
67.535886
69.313506
68.424696
68.869101
68.424696
69.313506
68.424696
63.091837
56.425763
51.537308
50.648498
39.538375
27.539441
25.761822
17.318128
7.096814
0.430740
-9.790574
-18.678673
-26.233557
-35.121655
-41.343325
-47.564994
-52.897853
-60.008332
-59.563927
-61.341547
-68.452026
-68.452026
-68.452026
-68.896431
-67.563216
-75.562505
-72.896075
-67.118811
-72.451670
-68.896431
-68.452026
-61.341547
-60.452737
-59.119522
-52.009043
-41.787729
-33.344036
-34.677250
-32.010821
-23.567127
-17.345458
-10.679384
-7.568549
-1.346880
7.541219
8.430029
13.762888
23.095392
25.761822
31.983491
35.094325
34.205516
34.205516
34.205516
34.205516
26.206227
25.317417
25.761822
25.761822
25.761822
18.206938
17.318128
11.096459
7.096814
9.763244
4.874789
-0.902475
0.875145
-4.902119
-9.346169
-8.457359
-17.345458
-24.900342
-26.233557
-24.900342
-26.233557
-32.455226
-36.454870
-42.676539
-43.120944
-42.232134
-43.565349
-39.565705
-33.344036
-35.566060
-32.455226
-26.233557
-19.567482
-8.457359
-2.235690
7.096814
14.207293
20.428962
24.873012
29.317061
35.094325
43.538019
56.870168
60.869812
59.092192
60.425407
60.425407
60.869812
59.092192
61.758622
54.203738
54.648143
60.869812
59.981002
55.092548
51.092903
45.760044
42.204805
43.538019
35.983135
33.761111
35.094325
29.317061
25.317417
25.317417
17.318128
18.206938
12.874078
8.430029
3.985980
-1.346880
1.763955
-4.457714
-9.346169
-8.457359
-16.012243
-17.345458
-17.345458
-16.456648
-21.345102
-26.677961
-25.344747
-26.233557
-32.899631
-34.677250
-33.788441
-39.121300
-44.898564
-37.788085
-40.898920
-38.232490
-33.788441
-38.232490
-33.788441
-34.677250
-33.788441
-34.677250
-34.232845
-34.232845
-34.232845
-27.566771
-19.567482
-16.456648
-17.345458
-16.901053
-11.123789
-5.346524
0.875145
-0.458070
0.875145
8.430029
8.430029
8.430029
8.874434
7.985624
8.874434
8.430029
8.430029
8.430029
8.874434
8.874434
8.874434
7.985624
0.875145
-1.791285
-8.901764
-8.457359
-9.346169
-7.568549
-9.790574
-16.456648
-17.789863
-16.456648
-22.233912
-25.344747
-31.566416
-33.344036
-24.900342
-25.789152
-25.789152
-25.344747
-22.678317
-26.233557
-24.900342
-18.234268
-9.790574
-8.457359
-4.013309
5.763599
10.207649
18.206938
25.317417
25.761822
33.316706
34.649920
39.982780
43.093614
49.759689
51.537308
54.203738
60.869812
60.425407
70.202316
75.979580
69.313506
69.757911
78.201605
75.979580
78.646010
71.979936
68.869101
65.758266
58.647787
52.870523
51.092903
45.760044
41.760400
35.983135
26.650632
19.540152
11.540864
6.208004
0.430740
-6.679739
-17.789863
-24.900342
-32.899631
-41.343325
-43.565349
-52.009043
-62.230357
-68.452026
-69.340836
-76.451315
-77.340125
-77.784530
-85.783819
-85.783819
-85.339414
-92.894298
-94.671918
-86.228224
-85.783819
-86.228224
-80.006554
-75.118100
-64.007977
-52.897853
-45.342969
-41.787729
-36.010465
-27.122366
-20.011887
-14.234623
-6.679739
0.430740
5.319194
15.096103
17.318128
17.762533
26.206227
25.317417
27.539441
34.649920
34.205516
34.649920
33.761111
35.094325
27.095036
16.873723
17.318128
17.318128
11.096459
7.541219
9.318839
3.985980
-0.902475
0.875145
-5.346524
-8.901764
-14.679028
-18.234268
-16.012243
-22.233912
-25.344747
-16.901053
-17.345458
-16.901053
-17.789863
-16.456648
-9.790574
-8.012954
-8.901764
-6.235334
5.763599
12.874078
19.540152
24.428607
31.539086
34.649920
41.760400
42.649209
48.426474
52.426118
52.426118
61.314217
67.980291
68.869101
68.424696
68.424696
68.869101
63.536242
59.981002
70.202316
65.313861
59.981002
60.425407
59.981002
59.981002
60.869812
55.981358
49.315284
43.093614
42.204805
35.538730
27.095036
24.873012
17.762533
8.874434
8.874434
2.208360
-10.234979
-19.567482
-25.344747
-32.455226
-34.232845
-36.010465
-43.120944
-48.453804
-52.453448
-50.231423
-59.119522
-60.008332
-64.896786
-70.229646
-64.007977
-60.008332
-59.563927
-60.897142
-52.453448
-51.564638
-49.342614
-42.232134
-43.120944
-42.676539
-43.120944
-41.343325
-32.010821
-26.233557
-25.344747
-18.234268
-15.123433
-8.901764
-8.457359
-9.346169
-4.457714
0.875145
-0.458070
0.875145
-0.902475
0.875145
-7.568549
-6.235334
-0.902475
-9.346169
-8.012954
-8.901764
-15.567838
-18.234268
-16.901053
-17.345458
-16.901053
-17.345458
-16.901053
-17.789863
-16.901053
-17.345458
-16.901053
-9.346169
-8.457359
-8.901764
-8.457359
-9.346169
-4.013309
1.319550
-1.346880
6.652409
8.874434
10.207649
17.318128
16.873723
16.873723
17.318128
16.873723
17.762533
24.873012
27.095036
35.094325
27.539441
30.205871
35.983135
33.761111
35.094325
34.205516
42.204805
43.093614
42.649209
43.093614
43.093614
42.649209
43.093614
42.649209
42.649209
43.093614
42.649209
43.538019
37.760755
33.316706
34.649920
33.761111
35.538730
29.761466
25.317417
35.094325
31.983491
25.317417
25.761822
25.761822
17.762533
17.762533
13.318483
7.985624
3.541575
-1.346880
-5.346524
-10.679384
-15.123433
-26.233557
-24.455937
-29.788796
-33.788441
-39.121300
-43.120944
-48.898209
-51.564638
-56.008688
-61.341547
-59.563927
-68.452026
-68.452026
-68.896431
-68.007621
-69.340836
-63.563572
-59.563927
-60.452737
-59.563927
-52.453448
-51.564638
-48.453804
-41.787729
-35.566060
-34.232845
-27.566771
-16.456648
-16.456648
-5.346524
-1.791285
3.541575
7.985624
10.652054
16.873723
19.984557
26.206227
24.873012
32.427896
35.094325
34.205516
34.649920
33.761111
34.649920
33.761111
34.649920
34.205516
34.649920
34.205516
33.761111
34.205516
28.428251
24.873012
26.206227
18.651343
17.318128
16.873723
9.763244
7.985624
9.318839
5.763599
-0.458070
-0.013665
0.875145
-6.235334
-9.346169
-9.346169
-18.234268
-16.012243
-11.123789
-18.234268
-13.790218
-7.568549
-8.901764
-7.124144
-0.013665
-0.458070
2.208360
9.318839
7.985624
9.318839
15.984913
17.762533
23.095392
29.761466
34.649920
34.205516
35.094325
43.093614
42.204805
44.871234
51.092903
51.981713
45.760044
41.760400
43.093614
39.538375
43.093614
34.649920
27.539441
23.984202
18.651343
14.651698
9.318839
1.319550
-9.346169
-16.012243
-24.455937
-26.233557
-36.899275
-43.565349
-49.342614
-53.342258
-60.008332
-68.896431
-68.007621
-69.785241
-76.895720
-77.340125
-77.340125
-77.784530
-71.118456
-68.007621
-69.340836
-61.785952
-53.786663
-50.675828
-44.454159
-41.787729
-38.232490
-27.122366
-26.233557
-21.789507
-11.123789
-5.346524
0.430740
0.430740
5.763599
12.429673
16.429318
21.762177
25.761822
26.206227
32.872301
39.093970
43.538019
42.204805
35.094325
34.205516
34.649920
34.205516
34.205516
35.094325
30.650276
24.428607
27.095036
19.984557
17.318128
16.873723
17.762533
12.429673
7.985624
8.874434
8.430029
7.985624
9.318839
5.319194
-0.902475
-0.013665
-0.013665
-0.013665
-0.013665
-0.902475
3.985980
9.318839
7.985624
8.874434
8.430029
8.874434
7.541219
13.318483
18.206938
16.873723
17.762533
16.429318
18.651343
26.206227
25.317417
25.761822
25.317417
25.761822
25.761822
26.206227
24.873012
27.095036
22.650987
16.873723
15.984913
7.985624
8.874434
8.430029
7.541219
-0.458070
0.875145
-5.790929
-9.346169
-8.901764
-17.345458
-16.456648
-21.789507
-26.233557
-25.344747
-26.677961
-25.344747
-25.789152
-25.789152
-25.789152
-33.344036
-34.677250
-34.232845
-34.677250
-34.232845
-34.677250
-33.788441
-35.121655
-29.344391
-24.900342
-26.233557
-25.344747
-26.677961
-21.345102
-16.456648
-17.789863
-14.679028
-8.012954
-8.901764
-8.457359
-8.012954
-8.457359
-8.012954
-8.901764
-3.124500
0.875145
-0.458070
0.430740
-0.458070
-0.013665
-0.013665
-0.013665
-0.013665
0.430740
-0.458070
-0.013665
-0.013665
-0.013665
-0.013665
-0.013665
-0.013665
-0.013665
0.430740
-0.013665
9.318839
2.652765
3.541575
9.763244
7.985624
16.873723
17.318128
17.318128
17.762533
15.096103
7.541219
15.540508
17.318128
16.873723
17.318128
17.318128
17.318128
16.873723
17.318128
16.873723
16.873723
9.318839
8.430029
8.874434
8.430029
8.430029
8.430029
8.874434
8.874434
8.430029
8.874434
8.874434
7.985624
0.430740
-0.458070
-0.013665
0.430740
-0.458070
1.763955
8.874434
8.430029
8.874434
8.430029
8.430029
7.985624
8.430029
8.430029
8.874434
8.430029
8.430029
8.874434
8.430029
8.430029
8.430029
8.430029
8.874434
7.985624
9.318839
7.985624
2.652765
8.430029
9.318839
6.208004
-0.458070
0.430740
-0.013665
0.430740
-1.791285
-9.346169
-8.012954
-9.346169
-8.012954
-9.346169
-7.124144
-14.679028
-15.567838
-15.123433
-17.789863
-17.345458
-17.345458
-18.234268
-26.233557
-25.789152
-26.233557
-25.789152
-25.344747
-25.344747
-25.789152
-18.678673
-16.456648
-18.678673
-11.568193
-8.012954
-8.901764
-8.457359
-8.457359
-9.346169
-7.568549
-0.458070
0.430740
-0.458070
0.875145
-1.346880
6.208004
7.096814
-0.902475
5.763599
10.207649
3.541575
-0.458070
0.430740
-0.458070
-0.013665
0.430740
-0.902475
-8.457359
-8.901764
-8.457359
-8.901764
-8.457359
-8.901764
-8.457359
-8.457359
-8.457359
-8.901764
-8.457359
-9.346169
-8.012954
-9.790574
-4.013309
0.430740
0.430740
-0.458070
4.430384
9.318839
8.430029
7.985624
10.207649
17.318128
17.318128
16.429318
22.206582
27.095036
24.873012
25.761822
25.761822
25.761822
25.761822
25.761822
26.206227
25.317417
26.206227
23.539797
16.429318
17.762533
16.429318
18.206938
14.651698
7.985624
8.874434
8.430029
8.430029
1.763955
-0.902475
0.430740
-2.235690
-9.346169
-8.457359
-8.901764
-8.012954
-9.346169
-8.012954
-11.568193
-17.789863
-17.789863
-13.790218
-7.568549
-8.901764
-8.012954
-9.346169
-8.457359
-8.901764
-8.457359
-8.901764
-7.568549
-0.458070
0.430740
-0.458070
0.430740
-0.458070
-0.013665
-0.013665
-0.013665
-0.013665
-0.013665
-0.013665
-0.013665
-0.458070
0.430740
-1.346880
-8.457359
-8.457359
-8.457359
-8.457359
-8.012954
-8.901764
-7.568549
-12.901408
-18.234268
-16.901053
-17.345458
-16.901053
-17.345458
-16.901053
-16.901053
-16.901053
-17.345458
-16.901053
-17.789863
-16.456648
-18.234268
-14.234623
-8.012954
-9.346169
-8.457359
-8.457359
-8.457359
-0.902475
0.430740
-0.013665
-0.458070
4.874789
9.318839
7.541219
9.318839
8.430029
15.540508
17.318128
16.873723
17.318128
16.429318
24.428607
20.873367
23.984202
26.650632
24.873012
27.095036
20.428962
16.873723
16.873723
16.873723
9.318839
8.430029
8.430029
9.318839
6.652409
-0.458070
0.430740
-6.235334
-0.902475
0.430740
-0.013665
-0.013665
-0.013665
-0.013665
0.430740
-3.568904
-9.346169
-0.458070
-0.013665
-0.013665
-0.013665
-0.013665
-0.013665
-0.458070
-0.013665
-0.458070
7.985624
1.763955
4.874789
10.207649
7.985624
9.318839
7.985624
8.874434
8.430029
8.874434
8.430029
9.763244
4.430384
-0.902475
0.875145
-0.458070
1.319550
-4.013309
-9.346169
-8.457359
-8.457359
-8.457359
-8.457359
-8.901764
-15.567838
-18.234268
-10.234979
-13.345813
-17.789863
-16.456648
-17.789863
-17.345458
-16.901053
-16.901053
-16.456648
-9.346169
-8.012954
-8.901764
-8.457359
-8.901764
-8.012954
-8.901764
-2.235690
0.430740
-0.013665
-0.013665
0.875145
8.430029
8.874434
7.985624
8.430029
8.430029
8.874434
8.430029
8.874434
7.985624
9.763244
6.652409
0.430740
-0.902475
5.763599
7.096814
-0.458070
-0.013665
-0.458070
-0.013665
-0.013665
-0.458070
-8.457359
-8.012954
-8.457359
-8.901764
-8.457359
-8.457359
-8.901764
-8.457359
-8.901764
-8.901764
-8.901764
-8.012954
-9.346169
-6.679739
0.430740
-0.902475
5.763599
8.874434
8.430029
8.874434
8.430029
8.874434
15.540508
17.762533
16.873723
17.318128
16.873723
17.762533
16.873723
17.318128
16.873723
17.318128
16.873723
17.318128
17.318128
16.873723
17.762533
14.651698
7.985624
9.318839
8.430029
8.430029
8.430029
1.763955
-0.902475
0.875145
-0.458070
0.875145
-3.568904
-9.346169
-8.457359
-8.901764
-8.457359
-8.901764
-8.457359
-8.457359
-8.901764
-8.901764
-8.457359
-8.457359
-8.012954
-8.901764
-8.012954
-8.901764
-8.012954
-9.790574
-2.235690
-4.457714
-3.124500
1.319550
-0.458070
0.430740
-0.013665
-0.458070
5.319194
9.763244
1.319550
-0.013665
-0.458070
-0.458070
-0.013665
-0.458070
-0.013665
-0.013665
0.430740
-0.013665
-0.013665
0.430740
-6.679739
-9.346169
-8.012954
-8.901764
-14.234623
-9.346169
-8.457359
-8.901764
-15.567838
-17.789863
-16.901053
-17.789863
-16.901053
-17.789863
-16.901053
-17.345458
-16.456648
-17.345458
-16.901053
-9.346169
-8.457359
-8.901764
-8.457359
-8.901764
-8.457359
-9.346169
-2.235690
0.430740
-0.013665
-0.013665
-0.013665
-0.458070
4.874789
9.318839
7.985624
9.318839
8.430029
8.430029
8.430029
8.430029
8.430029
8.874434
8.874434
8.430029
8.874434
8.430029
8.874434
8.430029
8.430029
8.874434
8.430029
9.318839
3.541575
6.208004
9.763244
7.985624
8.874434
7.985624
8.430029
7.985624
8.874434
7.985624
8.874434
8.430029
8.874434
7.985624
9.763244
16.873723
17.318128
16.873723
16.873723
17.318128
16.873723
17.318128
10.207649
14.207293
19.095748
11.540864
7.985624
8.430029
8.430029
8.874434
8.430029
8.874434
8.430029
8.874434
7.096814
-0.013665
-0.013665
-0.013665
-0.013665
0.430740
-0.458070
-7.568549
-8.901764
-8.012954
-9.346169
-7.568549
-12.901408
-17.789863
-16.901053
-17.345458
-17.345458
-17.345458
-17.345458
-17.345458
-16.901053
-17.789863
-11.123789
-7.568549
-8.901764
-8.012954
-8.901764
-8.457359
-8.901764
-8.012954
-9.346169
-3.124500
-7.124144
-9.346169
-2.680095
-8.012954
-8.901764
-8.012954
-8.457359
-8.457359
-8.457359
-8.457359
-8.457359
-8.901764
-8.457359
-10.234979
-17.789863
-16.456648
-9.790574
-7.568549
-12.457003
-17.789863
-17.345458
-10.234979
-8.012954
-8.901764
-8.457359
-8.901764
-8.012954
-8.457359
-8.901764
-8.901764
-8.901764
-5.790929
0.875145
-0.902475
0.875145
-0.902475
5.763599
8.874434
2.652765
8.430029
8.874434
8.430029
9.318839
7.985624
14.207293
17.762533
16.873723
17.318128
17.318128
16.873723
17.318128
17.318128
17.318128
17.318128
16.873723
17.762533
15.096103
7.096814
11.096459
15.984913
8.430029
8.430029
8.874434
8.874434
8.874434
8.430029
8.430029
8.874434
2.652765
-0.902475
0.430740
-0.013665
0.430740
8.430029
7.096814
-0.458070
0.430740
-0.013665
-0.013665
-0.013665
-0.013665
8.874434
3.985980
-1.346880
6.652409
9.318839
7.541219
10.207649
4.430384
0.430740
5.763599
0.875145
8.874434
8.430029
8.874434
8.430029
8.874434
7.985624
8.874434
7.096814
-0.458070
-0.013665
0.430740
-4.457714
-9.790574
-8.012954
-9.346169
-8.012954
-9.790574
-16.901053
-17.345458
-17.345458
-16.901053
-17.789863
-16.456648
-19.567482
-25.789152
-25.789152
-25.344747
-26.677961
-21.345102
-16.456648
-17.345458
-24.900342
-24.900342
-16.456648
-17.345458
-16.901053
-17.345458
-13.790218
-17.789863
-15.567838
-7.568549
-9.346169
-2.680095
0.430740
-0.458070
0.430740
3.097170
-0.013665
7.096814
8.874434
8.874434
8.430029
8.874434
7.985624
11.540864
18.206938
16.873723
17.318128
16.873723
17.318128
17.318128
17.318128
17.318128
16.873723
9.318839
7.985624
9.318839
16.429318
17.318128
10.207649
8.430029
8.430029
8.874434
8.874434
8.874434
8.430029
9.318839
1.319550
0.430740
8.430029
8.874434
8.430029
8.874434
7.985624
9.318839
3.985980
-0.902475
-0.013665
-0.902475
-0.013665
-0.902475
0.875145
7.096814
9.763244
0.430740
6.652409
3.541575
-1.346880
0.875145
-0.458070
-0.013665
-0.458070
-0.013665
-0.013665
-0.458070
-8.012954
-1.791285
0.875145
-5.790929
-9.346169
-0.458070
-3.124500
-9.790574
-8.012954
-8.457359
-11.568193
-18.678673
-11.568193
-8.457359
-8.457359
-13.790218
-18.678673
-16.012243
-14.679028
-16.901053
-17.345458
-16.901053
-17.789863
-15.567838
-11.568193
-17.789863
-16.012243
-8.457359
-8.457359
-8.457359
-8.457359
-11.123789
-9.790574
-8.012954
-8.457359
-8.901764
-3.568904
1.319550
-0.458070
0.430740
-0.013665
-0.013665
0.430740
9.763244
2.208360
1.319550
9.318839
7.985624
8.874434
8.430029
9.318839
8.430029
8.430029
8.430029
8.430029
8.430029
8.874434
8.874434
8.874434
8.430029
8.430029
8.874434
8.874434
8.874434
8.430029
8.874434
7.985624
8.430029
8.430029
9.318839
3.985980
-1.346880
6.208004
9.763244
6.652409
6.652409
8.874434
8.430029
8.430029
8.430029
8.874434
8.430029
8.874434
8.430029
8.430029
8.430029
8.874434
8.874434
8.430029
8.430029
-0.013665
3.985980
3.541575
-1.791285
2.652765
8.430029
8.874434
7.985624
0.875145
-0.458070
0.430740
-0.458070
0.430740
-0.458070
0.875145
-3.124500
-9.346169
-6.679739
-6.679739
-9.346169
-8.012954
-8.901764
-8.457359
-8.457359
-8.457359
-8.457359
-8.457359
-8.901764
-8.901764
-8.901764
-8.457359
-8.457359
-8.457359
-8.901764
-8.901764
-8.457359
-8.901764
-4.013309
1.319550
-1.791285
-4.902119
-0.013665
-0.013665
-0.013665
-0.013665
-0.013665
-0.013665
-0.013665
-0.013665
-0.013665
-0.458070
-0.013665
-0.013665
-0.013665
-0.013665
-0.013665
-0.013665
0.430740
-0.458070
0.430740
-0.458070
-8.012954
-8.901764
-1.791285
1.319550
-5.346524
-1.346880
0.430740
-0.458070
0.430740
-0.013665
-0.013665
0.430740
-0.458070
1.763955
8.874434
7.985624
9.318839
3.985980
-1.346880
7.541219
7.541219
2.652765
8.874434
7.541219
5.319194
10.652054
3.541575
0.875145
8.430029
0.875145
-0.458070
6.208004
9.318839
7.541219
1.763955
-1.346880
7.096814
3.541575
-1.346880
0.875145
-0.458070
0.430740
-0.458070
0.430740
-0.013665
0.430740
-0.013665
0.430740
-0.013665
-0.013665
-0.458070
-0.013665
-0.013665
-0.013665
-0.013665
-0.013665
5.763599
1.319550
-0.458070
0.430740
-0.013665
-0.013665
-0.013665
-0.013665
-0.013665
-0.013665
0.430740
-0.013665
-0.013665
-0.458070
0.430740
-0.458070
0.430740
-0.458070
0.875145
-2.235690
-7.568549
-0.458070
-8.012954
-8.457359
-8.457359
-8.457359
-8.901764
-8.012954
-8.901764
-7.568549
-3.124500
-8.901764
-8.457359
-2.235690
0.875145
-0.902475
-5.346524
-0.902475
0.875145
-5.346524
-9.790574
-1.791285
0.430740
-0.458070
-0.013665
-0.013665
0.430740
-0.013665
0.430740
-0.458070
-0.013665
-0.013665
-0.013665
-0.013665
-0.013665
8.430029
4.430384
-1.791285
7.096814
3.541575
-0.902475
0.875145
-0.458070
0.430740
6.652409
9.318839
7.541219
0.875145
-0.902475
1.763955
7.985624
8.874434
0.875145
3.097170
10.652054
1.763955
0.430740
-0.902475
3.541575
6.652409
-0.902475
0.430740
-0.458070
-0.013665
-0.013665
-0.013665
-0.013665
-0.013665
-0.013665
-0.013665
-0.013665
-0.013665
8.430029
7.541219
-0.013665
0.430740
-0.013665
-0.013665
-0.013665
-0.013665
-0.458070
0.430740
-0.013665
0.430740
-0.013665
0.430740
-0.902475
0.875145
7.541219
1.763955
-1.346880
3.985980
6.208004
-0.458070
-0.013665
-0.013665
-0.013665
0.430740
-0.013665
0.430740
-0.013665
0.430740
-0.013665
-0.013665
-0.458070
-7.568549
-8.901764
-8.457359
-6.679739
1.763955
-3.124500
-4.457714
-0.013665
0.430740
-1.791285
-8.012954
-0.013665
-0.013665
-0.458070
-0.458070
-0.458070
-0.013665
-0.013665
-0.013665
0.430740
-0.458070
0.430740
-1.346880
-8.012954
-0.902475
0.875145
-4.013309
-8.457359
-9.346169
-3.568904
0.430740
0.875145
-5.346524
-9.346169
-8.901764
-8.457359
-8.457359
-8.012954
-9.790574
-4.457714
-5.790929
-4.457714
1.319550
-0.902475
-0.013665
-8.457359
-0.902475
-0.013665
-0.013665
-0.013665
-0.013665
0.430740
-0.458070
-0.013665
-0.013665
-0.458070
-0.013665
2.652765
1.763955
8.874434
7.985624
8.874434
7.985624
8.874434
7.985624
9.763244
3.097170
0.430740
8.430029
8.430029
8.874434
8.874434
7.541219
0.430740
-0.458070
3.985980
9.763244
2.652765
-0.458070
0.430740
-0.458070
0.430740
-0.458070
-0.013665
-0.013665
0.430740
-0.458070
-0.013665
3.541575
-0.458070
0.875145
-0.902475
4.430384
5.763599
-1.346880
-0.013665
-0.013665
-0.013665
-0.013665
0.430740
-0.013665
-0.013665
-0.013665
7.096814
2.208360
-0.458070
0.875145
-0.458070
-0.013665
-0.013665
-0.013665
-0.013665
-0.458070
0.430740
-0.458070
0.430740
-1.791285
-5.346524
0.875145
-0.458070
-0.013665
-0.013665
-0.013665
-0.013665
0.430740
-0.458070
0.430740
-2.235690
-9.346169
-8.012954
-8.901764
-8.457359
-8.901764
-8.457359
-8.901764
-8.457359
-1.346880
-6.235334
-9.790574
-5.790929
0.430740
-6.679739
-8.901764
-8.012954
-9.346169
-7.568549
0.430740
-0.013665
0.430740
-1.346880
3.985980
6.652409
-1.346880
0.430740
-0.458070
-0.013665
-0.013665
0.430740
-0.013665
-0.013665
-0.458070
-0.013665
-0.013665
-0.013665
-0.013665
0.430740
-0.013665
-0.013665
-0.013665
-0.013665
-0.013665
-0.013665
0.430740
-0.458070
-0.013665
-0.013665
-0.013665
-0.013665
-0.013665
-0.013665
-0.458070
-0.013665
0.430740
-0.013665
-0.013665
-0.013665
0.430740
-0.458070
-0.013665
-0.013665
-0.458070
-0.013665
-0.458070
1.763955
8.874434
7.541219
-0.013665
8.874434
4.430384
-0.902475
-0.013665
1.319550
8.874434
7.541219
8.874434
7.985624
9.318839
1.763955
-0.902475
-0.013665
-0.458070
-0.013665
-0.013665
0.430740
-0.013665
-0.013665
-0.013665
-0.013665
-0.013665
-0.013665
0.430740
-0.013665
-0.013665
-0.458070
0.430740
-0.013665
0.430740
-0.458070
-0.013665
-0.458070
-0.013665
-1.346880
-8.457359
-8.457359
-8.457359
-1.791285
0.430740
-0.902475
0.875145
-0.458070
0.430740
-0.458070
0.430740
-1.346880
-8.457359
-8.901764
-8.457359
-9.346169
-8.012954
-8.457359
-0.013665
-2.235690
-4.902119
0.875145
-0.458070
0.430740
-0.458070
-0.013665
-0.013665
-0.013665
-0.458070
0.430740
-0.458070
-0.013665
0.430740
-0.013665
-0.013665
-0.013665
-0.013665
-0.013665
-0.013665
-0.013665
-0.458070
-0.013665
-0.458070
0.875145
-1.346880
3.985980
3.541575
-0.902475
0.875145
-0.458070
-0.013665
-0.458070
-0.013665
-0.458070
0.430740
-0.013665
-0.013665
-0.013665
-0.013665
-0.013665
-0.013665
-0.013665
-0.013665
-0.013665
-0.013665
-0.013665
-0.013665
-0.458070
-0.013665
-0.013665
-0.458070
-0.458070
-0.013665
-0.013665
-0.013665
0.430740
-0.458070
0.875145
-0.902475
6.208004
3.985980
-1.346880
0.875145
-0.458070
-0.013665
-0.458070
0.430740
-0.013665
0.430740
-0.458070
-0.013665
-0.013665
-0.013665
-0.013665
-0.013665
-0.458070
-0.458070
-0.013665
-0.013665
-0.013665
-0.013665
0.430740
-0.013665
-0.013665
-0.013665
-0.013665
-0.458070
-0.013665
-0.013665
-0.013665
-0.013665
-0.013665
-0.013665
-0.013665
-0.013665
0.430740
-0.013665
-0.458070
-0.013665
-0.013665
-0.458070
-0.013665
-0.013665
-0.458070
0.430740
-0.902475
0.875145
-4.013309
-3.568904
0.875145
-0.458070
0.430740
-0.013665
0.430740
-0.013665
-0.013665
-0.013665
-0.458070
-0.013665
-0.013665
-0.013665
-0.458070
0.430740
5.319194
1.319550
-1.346880
5.763599
5.319194
-0.902475
0.430740
-0.013665
-0.458070
0.430740
-0.458070
3.985980
9.763244
1.763955
-0.458070
-0.013665
-0.013665
-0.013665
-0.458070
-0.013665
-0.458070
-0.458070
0.430740
-0.013665
-0.013665
-0.013665
-0.458070
-0.013665
-0.458070
-0.013665
-0.013665
