0
0
0
0
0
0
0
0
0
0
0
0
0
0
0
0
0
0
0
0
0
0
0
0
0
0
0
0
0
0
0
0
0
0
0
0
1
0
0
0
0
-1
0
0
0
0
0
0
0
0
0
0
0
0
0
0
0
0
0
0
0
0
0
0
0
0
0
0
0
0
1
0
0
0
0
0
0
0
0
0
0
0
0
0
0
0
0
0
0
0
0
0
0
0
0
0
1
1
0
0
0
-1
1
1
0
0
0
0
0
0
0
0
0
0
0
1
0
0
0
0
0
0
0
0
0
0
0
0
0
0
0
0
0
0
0
0
0
0
0
0
0
0
0
0
0
0
0
1
0
1
0
0
0
0
0
0
1
0
0
1
-1
0
0
0
0
0
0
0
0
0
0
0
-1
0
-1
0
0
0
0
0
-1
0
0
0
0
0
0
0
0
0
0
0
0
0
0
0
-1
0
0
0
0
0
0
1
0
0
0
0
0
0
0
0
0
0
0
0
0
0
0
1
0
1
0
0
0
0
1
0
0
0
-1
0
0
0
0
0
0
0
0
0
0
0
0
0
0
0
0
0
0
0
0
0
0
0
0
0
0
0
0
0
0
0
0
0
0
0
0
0
0
0
0
0
0
276
293
296
236
344
299
195
170
207
257
304
224
101
69
94
190
190
147
71
-68
-256
-420
-343
-151
-215
-100
-95
-85
-36
-33
169
259
345
381
228
399
365
462
525
472
504
455
504
640
706
747
692
582
493
348
347
469
463
414
328
402
412
237
266
129
24
111
101
71
58
45
68
80
301
272
276
206
271
299
357
492
321
371
305
311
429
487
257
268
288
164
150
177
204
135
134
176
273
268
249
236
167
117
4
-128
-226
-289
-268
-28
62
197
275
179
-16
-106
-192
-150
13
147
240
296
286
207
244
444
571
356
167
-23
-8
89
-20
158
108
-144
-281
-327
-317
-359
-286
-454
-542
-545
-569
-419
-452
-661
-615
-543
-454
-346
-380
-390
-318
-409
-363
-389
-420
-500
-515
-646
-672
-714
-899
-903
-926
-918
-926
-823
-1214
-1504
-1736
-1741
-1612
-1571
-1499
-1410
-1426
-1414
-1352
-1248
-943
-966
-912
-920
-818
-831
-761
-576
-661
-709
-732
-786
-852
-737
-631
-537
-509
-524
-642
-516
-355
-290
-362
-527
-693
-620
-496
-435
-269
-288
-401
-300
-338
-362
-303
-366
-437
-509
-507
-548
-378
-258
-200
-210
-113
-166
-2
119
141
324
344
238
229
219
195
233
404
490
578
552
449
408
384
313
190
146
25
143
35
-54
-84
37
89
131
194
119
48
-47
-7
66
48
-57
-297
-97
-21
71
186
210
66
4
67
22
141
149
276
194
312
262
201
292
219
459
315
119
26
-78
-68
-16
152
83
-48
7
25
54
66
56
-8
37
23
217
231
173
157
27
-37
-68
70
61
46
-18
-225
-128
-274
-222
-106
-132
-72
29
53
81
329
274
62
-210
-409
-542
-533
-515
-513
-605
-626
-685
-622
-600
-613
-560
-624
-742
-760
-730
-758
-694
-596
-648
-630
-715
-744
-926
-915
-789
-888
-824
-671
-615
-556
-529
-501
-547
-636
-667
-584
-399
-294
-126
-51
-119
-73
-157
-226
-218
-105
-95
-191
-83
-156
-224
-144
-191
-216
-221
-125
-101
-42
149
132
198
266
466
594
660
773
710
528
564
429
438
467
400
468
425
177
63
-16
-104
-26
100
66
94
28
87
47
159
330
275
328
366
401
465
534
618
560
366
620
760
845
895
835
944
762
670
748
727
794
785
839
820
836
804
832
763
806
920
949
958
883
895
991
1272
1153
1098
1116
765
814
909
740
796
863
722
653
719
647
631
582
497
385
267
339
204
197
258
176
295
297
259
524
468
337
377
207
228
263
219
140
119
78
-98
2
-31
-117
-8
-154
-222
-188
-268
-250
-302
-227
-75
-180
-213
-202
-176
-64
-41
-276
-376
-418
-428
-448
-536
-520
-644
-646
-570
-583
-515
-537
-562
-579
-669
-564
-683
-655
-615
-652
-693
-752
-630
-537
-587
-535
-593
-672
-610
-616
-546
-477
-232
-91
-11
-98
-45
46
5
-87
-71
-146
-170
-166
-270
-301
-285
-135
-107
-51
-2
-95
-163
-157
-180
-206
-258
-213
-8
153
214
191
307
255
167
303
457
449
485
539
418
481
595
733
848
852
682
726
697
711
905
915
733
662
738
568
530
547
622
652
469
428
191
241
309
387
513
538
487
361
457
521
467
338
155
226
282
371
493
335
270
237
153
72
72
17
63
27
-46
-159
-205
-240
-263
-117
-240
-170
-202
-386
-570
-830
-676
-642
-601
-565
-515
-626
-467
-487
-496
-627
-630
-634
-664
-564
-714
-842
-931
-974
-1075
-1059
-1077
-1093
-1178
-1182
-1318
-1370
-1501
-1434
-1248
-1233
-1312
-1286
-1242
-1070
-1060
-1039
-1003
-1012
-972
-947
-908
-955
-925
-1045
-1104
-1110
-1207
-1149
-1060
-916
-660
-586
-531
-525
-651
-556
-432
-455
-502
-451
-256
-322
-154
34
57
73
-61
-194
-368
-354
-295
-427
-440
-581
-446
-250
-179
-126
-166
-158
-111
-13
-148
12
-63
-188
-156
35
-22
-16
-155
-229
-131
-229
-243
-229
-296
-369
-270
-122
-31
119
303
236
159
136
321
407
513
600
606
637
664
878
810
873
1091
1020
969
940
750
741
698
602
604
709
809
837
909
863
873
827
882
865
742
932
774
747
781
681
760
836
902
806
765
768
721
740
777
670
633
582
653
793
878
1001
788
614
727
891
905
1022
959
919
835
733
755
870
965
1004
937
701
648
724
743
714
555
633
657
531
577
519
393
278
269
402
425
368
409
493
474
360
419
321
547
496
486
482
448
270
46
27
108
185
280
371
215
240
203
280
350
91
296
309
170
145
151
126
199
256
125
130
62
76
47
55
-11
-41
-171
-120
-147
-267
-191
-203
-88
-37
-104
-94
-139
-333
-454
-475
-533
-566
-539
-607
-539
-643
-683
-728
-799
-756
-767
-807
-658
-659
-732
-626
-570
-439
-540
-464
-550
-489
-510
-530
-376
-276
-117
-49
4
158
122
23
-11
-77
22
-196
-232
-189
-271
-204
-92
-156
-201
-339
-376
-362
-270
-326
-358
-399
-397
-476
-426
-344
-316
-374
-369
-336
-391
-269
-232
-172
-156
-185
-139
-78
-172
-136
-47
-66
-19
-189
-140
-182
-186
-143
-218
-165
-218
-393
-439
-623
-680
-515
-570
-355
-475
-570
-460
-411
-456
-303
-277
-359
-152
-117
58
126
267
253
170
152
97
130
-50
-212
-226
-505
-549
-405
-457
-545
-669
-539
-550
-669
-585
-582
-682
-471
-461
-535
-550
-574
-595
-621
-561
-567
-653
-665
-626
-653
-554
-544
-570
-578
-635
-642
-744
-848
-882
-711
-848
-866
-825
-868
-965
-1083
-916
-990
-980
-1004
-991
-1164
-1201
-1016
-1072
-1136
-1132
-1038
-1005
-877
-790
-701
-531
-488
-359
-418
-344
-334
-453
-278
-309
-299
-341
-318
-339
-344
-286
-268
-242
-342
-245
-304
-183
-281
-272
-134
-223
-195
-219
-248
-149
-73
-101
-28
133
281
279
352
443
447
335
310
285
245
258
269
381
416
449
366
440
558
623
542
622
688
617
710
738
650
640
652
540
684
640
682
808
758
746
682
676
682
615
718
790
733
693
731
777
736
771
700
817
904
860
867
874
978
882
823
1028
934
996
976
897
684
613
734
479
447
456
451
323
364
400
467
455
354
286
397
525
715
689
690
698
618
577
634
725
779
754
638
481
457
497
627
797
750
675
581
439
382
451
491
502
616
663
514
436
490
489
614
523
432
411
315
440
545
601
505
292
157
71
181
319
325
439
168
68
21
25
153
44
46
-71
-109
-48
-49
-93
-156
-211
-296
-392
-582
-495
-522
-512
-421
-479
-504
-547
-509
-579
-623
-624
-729
-723
-544
-646
-639
-581
-802
-759
-704
-557
-422
-448
-390
-523
-484
-455
-345
-162
-194
-254
-563
-691
-620
-483
-325
-222
-139
-149
-309
-304
-252
12
115
55
39
-241
-255
-89
43
267
234
130
108
-22
194
504
669
844
733
458
447
486
711
849
947
945
759
703
706
785
573
635
573
434
485
505
682
768
785
822
743
836
729
788
716
644
623
516
358
512
477
222
279
234
166
55
79
-11
30
55
48
82
138
149
138
128
-18
-126
-245
-308
-177
-19
-74
-262
-470
-687
-645
-526
-500
-465
-560
-669
-634
-540
-357
-132
-220
-371
-312
-427
-542
-390
-294
-445
-555
-692
-810
-772
-722
-590
-592
-543
-646
-641
-727
-720
-580
-533
-494
-685
-684
-648
-718
-704
-644
-591
-570
-643
-687
-723
-671
-592
-429
-421
-521
-630
-773
-779
-864
-717
-660
-625
-698
-779
-772
-558
-456
-463
-422
-601
-598
-605
-572
-531
-423
-343
-445
-572
-571
-616
-584
-518
-506
-590
-654
-621
-661
-501
-488
-359
-318
-278
-243
-207
-187
-106
-61
-87
-224
68
257
249
368
174
112
103
172
5
-199
-413
-382
-315
-189
-6
-169
-215
-189
-62
17
75
187
75
1
-22
155
176
39
88
19
67
28
-24
18
98
131
170
202
86
102
120
107
15
164
146
71
225
36
0
106
119
77
-15
40
54
131
128
241
363
477
487
436
438
363
354
295
353
367
326
257
143
138
181
89
122
235
184
258
183
159
265
297
356
425
319
249
327
441
583
596
502
394
382
329
409
442
457
442
467
324
189
188
166
258
310
486
306
101
76
126
255
458
520
476
271
306
184
175
419
428
362
270
301
291
425
538
495
439
293
132
176
183
394
511
475
457
412
374
285
391
371
285
294
263
366
389
384
367
259
40
58
43
271
319
141
-45
-152
-75
-51
-133
-150
-93
-111
-30
-1
326
365
438
553
342
363
481
642
637
711
720
622
481
297
478
508
552
440
328
137
78
303
347
552
569
261
4
-160
-19
174
341
401
276
72
225
229
194
264
40
66
85
100
68
238
184
114
143
128
137
19
19
144
298
268
227
30
-4
54
69
193
248
107
-36
-38
-65
4
134
184
250
89
100
-6
-176
-307
-246
-225
-205
-305
-365
-422
-545
-349
-435
-443
-496
-641
-461
-236
-304
-179
-201
-246
-310
-295
-347
-336
-360
-322
-279
-198
-128
-87
-40
-134
-114
-64
29
-97
-48
-86
-216
-256
-331
-140
-372
-323
-415
-514
-306
-319
-246
-186
-132
-133
-287
-357
-262
-253
-386
-386
-356
-304
-228
-263
-193
-204
-175
-284
-419
-574
-496
-612
-550
-459
-602
-782
-1034
-1027
-922
-858
-741
-822
-1003
-932
-1023
-787
-640
-646
-673
-814
-804
-878
-631
-396
-377
-291
-338
-496
-616
-647
-522
-349
-440
-456
-437
-512
-573
-428
-289
-289
-375
-517
-372
-464
-522
-319
-373
-304
-359
-390
-366
-345
-339
-308
-314
-371
-457
-455
-325
-383
-341
-241
-244
-168
-75
0
69
63
38
-74
-185
-59
-33
137
276
295
260
243
292
276
370
373
263
272
164
209
276
432
437
317
360
323
374
262
198
172
242
164
280
352
332
407
435
512
550
634
685
792
815
905
1028
1045
1025
949
1057
1047
869
861
778
756
850
1005
1101
954
921
916
864
900
920
866
806
810
830
710
612
472
420
522
538
671
715
722
788
853
819
796
918
914
891
946
894
726
917
802
795
834
585
577
558
589
748
838
813
656
528
555
518
395
385
211
100
7
23
152
242
330
268
407
312
248
279
261
134
-60
-149
-174
-87
-94
-42
-151
-52
-30
-111
15
-41
138
3
-72
-61
-308
-194
-201
-245
-223
-341
-521
-560
-578
-333
-151
-147
-121
-248
-132
-144
-159
-221
-132
-130
-183
-127
-115
67
14
-4
92
32
90
172
226
371
497
438
435
506
497
504
514
311
307
397
384
477
340
236
263
66
112
186
238
300
218
119
107
111
269
307
384
416
382
460
304
225
201
138
53
13
-28
14
123
253
309
93
73
-90
-95
-76
-157
-73
-145
-256
-163
-91
-169
-212
-301
-173
22
141
202
93
76
-17
45
241
349
396
350
228
188
263
256
317
323
216
245
261
221
219
177
99
208
144
77
14
-7
-30
-12
43
-62
-201
-318
-394
-373
-266
-273
-131
-129
-94
-38
38
56
-30
-40
-116
-301
-466
-470
-463
-541
-608
-536
-514
-600
-577
-477
-379
-152
-344
-643
-710
-814
-672
-592
-609
-650
-801
-811
-751
-753
-852
-973
-822
-733
-699
-541
-393
-325
-431
-640
-742
-706
-599
-610
-638
-775
-760
-748
-673
-503
-453
-330
-401
-364
-384
-331
-398
-268
7
41
-26
-89
-226
-234
-273
-263
-121
-222
-279
-389
-408
-302
41
155
29
-119
-279
-430
-339
-91
99
-55
-134
-282
-420
-364
-118
-216
-401
-412
-509
-672
-754
-436
-449
-441
-354
-314
-328
-394
-370
-377
-442
-358
-402
-480
-442
-437
-463
-307
-188
-174
-260
-377
-314
-191
-138
-149
-246
-261
-288
-39
250
248
113
39
-179
-206
-133
-182
-120
-261
-197
-174
-257
-118
16
43
5
-153
-14
129
331
414
676
711
505
701
524
668
752
669
480
427
497
417
389
389
338
147
-48
154
339
355
347
316
273
177
163
240
521
523
455
259
138
148
247
262
246
354
251
225
145
183
241
259
128
25
52
24
-16
-21
-17
-183
-126
-320
-329
-208
15
172
47
32
71
19
-42
59
9
-105
-25
-74
40
179
441
376
253
190
44
-97
58
258
139
-24
-239
-377
-246
-189
49
135
69
114
-26
16
174
308
329
358
231
180
90
203
203
39
12
-40
-62
92
168
231
250
180
117
36
46
141
446
368
193
22
-69
69
122
104
145
69
45
124
211
265
298
396
291
145
111
107
193
311
406
426
327
138
75
113
158
368
484
401
306
103
-83
-73
173
187
236
108
-109
-89
10
206
256
367
106
139
78
153
317
283
351
334
288
285
263
461
571
700
850
864
898
790
967
841
728
741
845
837
993
921
852
785
614
601
376
676
692
708
626
456
505
419
391
314
239
149
77
-15
-161
-238
-66
180
119
211
176
-6
-145
-179
-172
-167
-96
-112
-239
-279
-381
-293
-210
-337
-238
-325
-256
-388
-509
-614
-652
-452
-501
-426
-346
-561
-621
-666
-613
-402
-442
-463
-275
-235
-124
-330
-421
-450
-498
-343
-352
-255
-356
-255
-317
-324
-253
-339
-352
-337
-284
-346
-429
-360
-298
-326
-304
-349
-377
-614
-624
-546
-498
-307
-254
-275
-293
-312
-290
-153
-2
31
-165
-393
-525
-509
-500
-499
-390
-515
-439
-483
-521
-462
-563
-624
-624
-544
-597
-529
-570
-637
-578
-470
-341
-359
-528
-626
-696
-735
-629
-563
-591
-687
-619
-621
-568
-546
-631
-517
-510
-378
-280
-179
-287
-453
-494
-304
-133
-8
44
-63
-101
-94
26
192
254
256
134
50
85
-9
-39
118
193
134
-1
-89
-254
-212
-31
-19
-50
-204
-381
-260
-331
-203
-96
-142
-204
-162
-132
49
-44
68
-23
41
-56
-56
237
143
30
-99
-114
-62
112
298
395
360
432
401
341
494
564
577
528
583
409
280
313
380
283
347
468
329
362
220
258
420
509
439
447
174
39
53
0
106
62
167
261
220
262
206
133
186
286
351
383
348
106
-157
-336
-269
-257
-269
-171
-130
-187
-234
-313
-190
-201
-204
-212
-11
78
101
180
157
39
-192
-209
-78
130
31
-155
-138
-181
-61
168
235
145
3
-222
-155
-144
25
118
94
220
-55
-123
-5
26
-77
2
-141
-184
-125
-71
48
12
72
68
164
191
181
303
274
139
33
41
23
62
51
114
152
93
160
325
432
414
494
515
564
674
734
674
776
803
699
868
734
720
599
539
688
580
559
402
386
523
633
682
740
779
797
785
622
695
723
813
874
1066
965
903
919
817
792
729
686
527
379
469
377
266
197
151
143
50
81
16
87
24
108
85
26
64
-69
80
-11
51
129
-31
4
25
-91
-172
-173
-192
-36
42
10
86
11
-85
-124
95
122
7
22
-90
-140
-89
-130
67
-32
-45
-231
-262
-214
-212
-69
-127
-249
-365
-590
-400
-365
-530
-523
-533
-591
-541
-515
-533
-429
-475
-346
-379
-412
-280
-173
-175
-370
-481
-406
-449
-512
-459
-570
-574
-486
-584
-585
-558
-497
-361
-334
-330
-427
-441
-316
-334
-492
-623
-649
-500
-397
-351
-446
-549
-479
-547
-506
-404
-307
-299
-392
-566
-594
-650
-469
-380
-257
-73
-259
-466
-442
-467
-182
55
14
-177
-316
-415
-442
-340
-168
-75
-115
-283
-310
-222
-212
-126
-67
-199
-273
-270
-249
-234
-263
-425
-388
-482
-441
-481
-404
-239
-182
-5
15
158
54
-85
-119
-23
-75
-117
-217
-297
-440
-410
-384
-366
-229
-256
-343
-315
-322
-207
-125
-136
52
88
68
243
367
303
237
209
298
249
247
233
223
168
203
190
178
312
320
348
457
396
331
448
515
610
495
534
411
203
264
254
305
390
350
82
-85
-5
37
243
285
223
176
-9
32
199
287
207
52
-229
-358
-252
-26
98
60
-161
-120
32
95
193
105
-98
-62
-166
-165
-178
-138
-219
-390
-372
-433
-364
-305
-464
-508
-453
-389
-368
-158
-248
-163
-179
-60
57
32
-14
-33
91
210
374
419
562
509
467
509
727
741
466
419
416
337
352
541
427
184
-40
-54
151
334
478
400
304
155
256
210
218
70
-182
-248
-399
-346
-130
166
261
284
187
141
103
202
551
731
817
764
618
414
354
508
640
672
479
504
394
535
479
466
429
91
8
71
220
310
129
75
-91
-116
145
155
125
57
241
62
51
67
91
46
16
-12
-65
35
191
231
349
475
289
33
56
128
221
282
383
210
59
97
167
154
140
200
106
259
239
396
359
318
338
154
178
112
293
347
299
232
185
202
115
205
339
388
466
437
356
387
323
382
203
324
259
85
27
76
131
75
176
118
75
-122
-91
-191
-101
-288
-489
-373
-326
-430
-494
-542
-872
-810
-637
-736
-529
-544
-458
-587
-571
-297
-78
-32
-49
-172
-139
-228
-146
55
-83
-50
-188
-196
-175
-96
3
92
-45
-143
-158
11
120
307
260
90
25
-136
-71
50
216
283
100
-27
32
39
167
255
171
-64
-149
-326
-341
-244
-176
-47
-233
-211
-78
-79
39
4
-161
-189
-188
-151
-111
-163
-290
-511
-644
-666
-566
-439
-562
-679
-873
-843
-592
-563
-574
-565
-714
-654
-858
-878
-822
-882
-794
-740
-650
-627
-529
-469
-295
-291
-313
-226
-336
-289
-246
-250
-86
-168
-248
-383
-261
-220
-104
156
164
92
-28
-176
3
95
107
69
-239
-381
-438
-353
-299
-136
11
176
388
362
256
324
366
457
478
254
216
126
166
312
367
336
258
87
43
-53
-163
-126
-47
-155
-48
98
74
197
68
-39
-32
-46
49
179
246
208
144
252
239
259
138
44
-278
-430
-308
-241
33
-83
-102
-81
-18
170
171
245
229
52
-124
-329
-320
-184
-288
-169
-234
-111
-141
-145
-128
-75
57
79
50
159
287
298
195
138
93
-113
-185
-180
105
182
323
251
303
162
45
-42
-10
33
-248
-296
-334
-336
-365
-462
-495
-591
-505
-376
-381
-270
-169
-185
-287
-189
-121
-80
-121
-169
-301
-257
-351
-384
-457
-430
-293
-480
-342
-456
-483
-508
-416
-290
-317
-469
-466
-420
-299
-317
-120
39
48
80
-73
75
89
117
156
31
89
8
87
184
186
159
11
2
-15
65
106
23
32
36
-83
-88
224
370
388
300
277
281
321
563
613
565
615
639
749
824
764
742
571
689
808
830
709
831
1090
1455
5117
6348
5831
4721
4353
5201
4270
4615
5227
4882
2691
1541
926
739
319
2207
3431
2581
739
-105
-1744
-3540
-3457
-1983
-1931
-3132
-2398
-3040
-4198
-3722
-684
2328
3763
4435
4744
2697
487
-234
835
2679
4284
4482
4266
2112
-453
-2155
-2480
-712
512
1494
509
-1861
-4674
-5561
-4645
-2122
-173
3148
2843
504
-2452
-4276
-4204
-3996
-2160
-579
355
-1810
-3964
-4818
-4378
-3549
935
4314
5387
3506
2765
2077
-38
1003
3707
5505
5482
4789
2671
-1114
-2656
-2134
-411
1337
1130
35
-3502
-6483
-8764
-8096
-6501
-5640
-5221
-5447
-7257
-8336
-8502
-7403
-4946
-2104
1394
961
1036
68
-344
1232
3144
5579
7175
7550
6306
4054
1947
1476
768
848
1861
2641
2091
-322
-3279
-4536
-4533
-4328
-760
898
-481
-3749
-5711
-6723
-7632
-5005
-1188
592
60
-1056
-2078
-3074
-3046
-838
2037
2818
1909
189
-1622
-3194
-4066
-2228
620
1860
2280
2300
1486
-474
-1785
-148
1830
2794
3162
3638
1440
-792
-1601
-805
-975
537
1783
1677
-163
-2480
-3411
-3656
-3649
-2100
-822
-2077
-2578
-3525
-3677
-3581
-2167
326
1762
2297
1991
670
-95
-261
554
1759
2549
2989
2715
1535
-34
-808
-36
1694
2734
3347
2211
947
-332
-1776
-1879
-413
1054
1933
1871
511
-1178
-1815
-374
-52
560
2136
2516
756
462
-221
237
414
2057
3713
3443
2566
1414
244
-766
413
1643
2622
2237
2187
1180
277
161
321
542
179
-563
-388
-1632
-2635
-2957
-2117
-1332
-2027
-3288
-2898
-2758
-2230
-461
-504
-188
-768
-699
131
1434
1409
2292
1908
1667
181
-857
751
584
400
-71
-1259
-3713
-4973
-4764
-5098
-4237
-2427
-2900
-2860
-3615
-4807
-5697
-3902
-1460
-94
687
253
-244
-1368
-1815
-506
1298
4032
4922
3793
2557
156
5
284
782
1215
1476
654
-1310
-2593
-2941
-3088
-3171
-1982
-920
-1108
-1836
-1996
-2366
-3021
-2268
-750
332
944
982
601
133
-753
-359
987
2149
3549
3810
2542
1005
-428
-677
-224
272
326
682
938
22
-916
-1167
-1114
-650
273
1630
2363
1537
694
463
470
643
1741
2189
2507
2290
1879
1272
1201
1200
1876
2294
1994
1748
1960
1078
838
630
1308
1826
1206
2342
1868
714
200
462
428
-89
-58
552
-179
-615
-224
-164
-1258
-878
-102
-302
-612
1111
1660
734
320
-615
-949
25
934
2021
2052
1229
1211
1104
1813
2320
2635
2259
1298
579
527
-6
-498
451
757
-48
-230
-802
-933
-598
-181
-433
-127
-156
-961
-1856
-1857
-1924
-1315
-457
-162
-1148
-1849
-1682
-1986
-1346
-484
259
14
-343
-663
-829
-679
5
1017
1511
961
381
205
448
998
1517
1469
1202
825
220
-212
-750
-983
-674
-790
-1057
-1720
-2250
-2174
-1961
-1144
-890
-754
-1074
-1327
-1011
-1043
-495
95
62
362
276
-333
-321
-397
-394
-502
-131
356
434
402
524
340
194
209
402
216
-617
-525
-140
71
318
799
141
-845
-1110
-954
-1055
-441
-191
-508
-329
-520
-1195
-1315
-176
661
1194
993
1350
806
84
6
330
590
634
1177
854
69
-747
-858
-1371
-1401
-1063
-215
-286
-1093
-1291
-1485
-2249
-1918
-972
-352
-13
439
423
197
18
151
894
1743
3090
3535
3015
1939
1794
1527
1202
1809
2965
2854
1930
1114
85
-670
-615
123
1114
996
722
-899
-2478
-2896
-2970
-2381
-977
-42
-381
-1178
-2296
-2623
-2356
-1628
-135
897
811
1425
1021
419
126
867
1777
2328
3115
3206
2019
1230
838
658
132
-24
914
611
445
-53
-916
-1469
-2354
-2139
-2055
-1782
-1682
-2001
-2131
-2850
-3467
-3145
-2098
-455
-270
-200
6
-777
-1331
-1307
-135
1298
2243
2580
2278
683
247
160
730
1040
1377
1636
952
130
-923
-1466
-2002
-2422
-1209
-794
-1847
-2730
-3272
-3621
-3860
-3264
-2452
-1859
-1367
-1748
-1936
-1824
-1279
138
1019
1778
1815
1394
645
406
822
759
769
1189
961
420
21
-45
-258
-758
-1005
-1092
-985
-257
540
394
117
-105
-444
-380
-166
242
720
965
1254
1672
1507
1752
1402
1746
2031
2329
2669
2842
2753
1992
1995
2355
2268
2399
2520
1749
1079
721
981
1358
2099
2127
1584
969
357
290
194
547
869
888
484
692
111
-645
-534
-52
262
262
799
838
573
185
342
289
539
926
1873
1899
2174
2042
1619
1223
1247
1935
2166
2177
1287
576
-11
304
959
1208
711
36
-846
-983
-600
-342
-671
-1043
-1696
-2219
-2067
-1196
-264
213
-493
-1185
-1382
-1294
-832
56
991
1219
1348
973
760
584
743
587
1213
1272
1071
591
389
203
-827
-1402
-756
-52
-76
-308
-736
-1570
-1794
-1029
-386
-656
-1322
-1218
-1515
-1101
-1164
-1571
-1888
-1357
293
1635
1083
-58
-1065
-1599
-1694
-57
1619
1822
1380
-216
-1306
-1490
-898
-429
-233
-228
-883
-1289
-1811
-2077
-2634
-2760
-2833
-2308
-1161
-718
-1226
-1757
-1915
-2526
-1973
-486
89
501
708
63
-107
519
1575
1816
2339
3025
3115
2250
1740
958
98
-289
-572
-254
-159
-1284
-725
-1434
-821
-920
-521
-167
-337
-447
-1121
-1294
-1328
-901
-520
1049
1374
1513
769
-746
-1283
-541
546
2326
2204
1322
-164
-1299
-352
1294
2179
1490
1024
514
-126
644
1292
1613
1465
202
672
1623
1982
2316
2360
2249
1669
1298
2002
3115
3948
3989
2846
2728
2502
2359
2654
3022
3382
2360
2146
1871
1716
1569
808
1009
1873
1584
1326
1508
1398
1122
314
273
634
1110
1779
1748
1151
655
-486
-1133
-1366
-1122
-417
360
926
1507
1494
826
24
-286
-49
-200
591
1375
1317
1051
506
343
153
552
1522
1515
1513
653
-651
-1054
-843
-411
238
-230
-874
-1511
-2302
-2696
-2382
-2062
-2374
-2795
-2711
-2659
-2300
-1828
-2200
-1904
-1972
-1735
-1369
-1208
-1065
-1558
-2429
-2230
-1967
-1492
-1114
-681
-626
-746
-782
-1177
-1129
-1464
-1496
-1190
-931
-1147
-790
-405
74
-2
-504
-1115
-1213
-1231
-811
-626
-863
-1431
-1682
-1345
-973
-179
532
-48
-1133
-1116
-37
138
181
598
1065
605
1977
4462
5163
3413
102
-107
-19
2267
4668
6380
5391
1167
-1153
-736
2431
5307
6277
3678
-692
-3701
-4606
-3144
-362
1498
-453
-3582
-5656
-5684
-4102
-2583
-586
544
338
-689
-1867
-2474
-2327
-1659
298
3735
7650
8542
7472
4425
916
-1390
-755
3364
7098
9275
7436
3780
-176
-2965
-2690
-1058
889
1133
360
-1440
-3582
-4027
-3459
-3539
-3422
-2746
-1694
-1009
-837
-990
-2022
-3686
-4306
-3332
-1167
391
618
473
75
-162
-798
-8
1421
2751
3081
2684
1730
1788
934
654
726
249
703
1438
2784
2246
1483
-87
-1830
-2352
-1147
-137
250
-208
-727
-1124
-1827
-2581
-2560
-2657
-2971
-2878
-1969
-1325
-1397
-2208
-3550
-4223
-3652
-2884
-1733
-428
187
-102
-432
-333
-448
-12
228
1280
1967
2084
1928
1372
294
115
174
-155
176
-106
-872
-2661
-3459
-2739
-2244
-2619
-1900
-2039
-2727
-3450
-3680
-3397
-2968
-2681
-2105
-552
391
1070
1460
1152
292
280
262
832
1728
2688
2559
2109
1716
1310
344
-719
48
1087
1563
1711
879
285
-396
-597
35
414
19
-1029
-1430
-1205
-975
-973
-661
-661
-738
-604
-658
-35
760
1805
2012
1657
1799
1039
695
1506
2412
3292
3341
3039
2247
2026
2652
2682
2475
2540
1561
1056
1507
1611
1532
261
-548
-873
-785
-389
-180
-311
-823
-964
-886
-1552
-1539
-220
860
1995
2053
1609
502
-16
643
1489
2510
3439
3091
2295
1314
541
876
893
782
786
1419
1876
1240
864
123
-1508
-1823
-1542
-570
387
592
-157
-651
-403
-460
-135
294
129
-69
-325
-861
-876
-517
-211
-35
333
42
-685
-1127
-626
-532
490
1121
1186
674
-73
-1236
-1030
-154
655
604
784
367
-679
-1316
-2069
-2004
-1343
-649
-995
-847
-909
-1903
-3310
-2853
-2028
-1501
-1248
-1371
-2039
-2255
-1936
-1432
-870
-659
-593
-577
9
554
898
884
295
14
30
-188
599
1123
999
464
-709
-1403
-1260
-1247
-506
4
-735
-1841
-2757
-2597
-1891
-1290
-1313
-907
-680
-866
-749
-557
-617
-1373
-1580
-1185
-162
379
477
399
122
68
69
63
-358
-968
-1792
-1833
-1532
-1393
-1198
-1352
-1776
-1708
-1272
-993
-1466
-1655
-1465
-1722
-1715
-938
-396
-1244
-1487
-830
-494
-391
-548
-683
-217
-142
-148
-127
51
-249
-427
302
1343
1577
1708
1590
1074
1068
1242
1533
1901
2756
2778
2886
2895
2985
2768
2078
1252
1400
2058
2434
2290
2256
2449
2391
2226
2173
2475
2454
3223
4217
4908
5105
4888
4826
4271
4568
5087
5747
6311
6498
6749
6734
6793
6782
6720
5952
4758
3731
3998
3728
3874
3253
2048
1020
91
-783
-1486
-1526
-2116
-2777
-3441
-3644
-4339
-4679
-4820
-4753
-4610
-4997
-5772
-6696
-7097
-7429
-7792
-7827
-7512
-7202
-7092
-7201
-7189
-7509
-7948
-8246
-8607
-9054
-9397
-9425
-9844
-10599
-10799
-10880
-11484
-12395
-13307
-14060
-14688
-15164
-13857
-10550
-7807
-8101
-9307
-9667
-8254
-6191
-1736
3265
5623
5014
4345
7076
11491
16523
20000
21172
20336
19474
20743
22970
25051
25459
23778
21042
18700
16686
13612
10359
7393
5840
4492
3421
726
-3014
-7003
-10407
-11339
-9205
-6729
-7182
-8611
-9653
-9863
-9159
-6549
-2476
452
2885
4747
6522
7894
9413
11632
13889
16509
18902
20608
20647
19779
18943
17907
16294
14740
13698
12267
9818
6573
3447
510
-2805
-5077
-6304
-7487
-9335
-12427
-15167
-17235
-18024
-17476
-16481
-15343
-15430
-16070
-16583
-15669
-14287
-12823
-11894
-11584
-10854
-10357
-9558
-9106
-8706
-9146
-10255
-11617
-12613
-13479
-13833
-14156
-14227
-13287
-11902
-12393
-15048
-16871
-16349
-13323
-10439
-6457
-4431
-4359
-4827
-2012
4311
10706
15936
18875
20524
21919
24232
27680
30400
31441
30215
28888
27366
26209
24098
21037
17281
13053
10300
7237
3663
-1688
-6972
-11905
-15178
-16226
-16116
-17094
-20091
-22508
-23285
-22290
-20490
-16910
-12867
-10735
-9531
-6969
-3099
1057
5687
10323
13503
15581
16972
18889
20921
22892
24360
25276
24563
23723
22462
20647
18670
16247
14923
12953
10518
7243
3848
-193
-3806
-6426
-8701
-10826
-13089
-15117
-17461
-19709
-20205
-19747
-18951
-18453
-18088
-17868
-18267
-17441
-15729
-13003
-10630
-8663
-7504
-7345
-7086
-6402
-5105
-4368
-4680
-5513
-7218
-8976
-10432
-11825
-13722
-15800
-16873
-18017
-18591
-18388
-18201
-20658
-23156
-22843
-19126
-15257
-12541
-9973
-8993
-8122
-5029
2571
10385
16018
19101
20519
20560
22413
26570
30712
32587
31772
29813
28017
26676
25976
24465
22403
18534
14683
10633
6796
2796
-739
-3768
-6965
-8841
-10449
-11864
-14293
-16588
-16931
-16043
-14494
-13223
-11748
-10431
-9045
-6807
-3436
459
3345
5917
8418
11309
13455
15685
17665
19293
20499
21318
21512
20716
20722
20716
20698
19136
17074
13887
9831
6695
4925
4293
2261
-591
-4453
-8250
-11678
-13804
-14584
-15561
-16606
-17756
-18610
-19479
-20103
-19434
-17876
-16030
-14060
-12341
-11109
-10196
-8690
-6896
-4930
-3856
-3337
-3193
-3080
-3076
-3375
-4474
-5986
-7606
-9648
-11937
-13624
-14573
-14987
-15201
-15581
-17739
-20911
-21199
-19010
-16336
-15470
-13646
-13113
-12322
-9768
-2480
4896
9696
12204
14615
17406
21198
26205
30225
32262
32415
31437
31000
31130
31658
28879
25227
21457
18768
16076
12653
8988
4272
90
-4267
-7133
-9531
-11757
-14478
-16546
-16734
-16675
-17129
-17951
-17752
-16406
-14805
-12259
-9273
-6558
-5030
-2826
-98
3383
6685
10101
12709
13999
15161
16668
18098
18851
19972
20370
19832
18841
18419
17610
15039
12719
10586
8796
6411
4215
1894
-709
-3465
-5885
-7479
-9490
-10848
-12037
-12959
-13664
-13727
-13591
-13452
-12822
-11762
-10323
-9049
-7658
-6616
-5323
-4088
-2823
-1575
-1388
-1516
-2602
-3408
-4435
-4822
-5046
-6241
-8413
-11548
-12960
-14932
-16507
-16935
-15971
-17988
-22857
-22736
-19568
-15483
-15913
-13588
-12205
-11664
-9344
-2583
6206
9675
12025
13243
16585
20612
26628
31149
32169
30996
28648
27947
28155
29219
27574
22650
18234
14185
12305
8557
5247
-130
-4222
-8453
-11155
-12611
-13611
-15832
-19784
-21073
-20646
-20053
-20027
-19125
-17084
-15396
-13076
-10928
-8298
-6499
-4151
-1147
2304
5731
8451
10360
11640
13309
14519
15695
16356
17407
17963
18036
17355
16906
15479
14558
13543
12873
11405
10092
7997
5525
3745
2740
1517
-277
-2198
-3967
-5814
-7044
-7718
-8282
-9333
-9183
-8980
-8700
-8496
-7662
-6735
-6754
-6562
-6197
-5628
-5390
-4942
-4046
-3320
-4775
-6494
-7806
-8170
-9701
-11063
-12462
-13954
-16186
-16825
-16556
-17194
-17328
-17202
-18240
-22834
-21992
-17852
-13054
-13976
-12898
-11551
-10347
-7810
-542
7137
8112
7421
8297
11900
17139
23457
27160
25931
23381
21990
22327
23557
24586
22563
16660
13077
11858
12892
9883
6178
427
-3331
-5960
-6121
-5082
-5480
-8018
-12075
-13238
-11945
-11193
-11669
-11715
-10165
-9712
-9317
-8408
-6389
-4928
-3492
-1091
394
1152
1395
3305
5731
9126
10004
9959
9903
11873
15243
16055
14592
11901
12923
14992
17793
18598
18322
16051
12789
12589
14096
15921
13456
9981
7150
5719
5440
4549
3663
650
-1949
-3565
-3966
-4337
-5735
-7674
-9948
-10141
-9666
-9500
-10882
-11820
-12536
-13280
-14050
-14318
-14393
-15072
-15433
-16121
-16839
-18280
-19532
-20413
-20382
-19381
-19583
-20142
-18980
-16148
-15886
-18579
-17542
-13901
-10038
-10658
-8558
-6788
-5436
-3610
1113
6761
7968
8343
8590
12106
16870
21470
21656
19879
18332
18331
19273
20974
22662
19701
13743
11084
11791
13340
10910
8153
4361
2174
-11
-606
-616
-2138
-5582
-9260
-9366
-7396
-7236
-9215
-10514
-9610
-9359
-9274
-8531
-6933
-6101
-5577
-4384
-3058
-1732
-101
1657
3248
6159
7985
8427
7911
11129
15578
17361
15668
15459
16993
18655
20138
22817
23772
21248
17339
16385
18430
20095
19337
15978
12482
9743
7654
6053
4162
1554
-2188
-5776
-7301
-7281
-7621
-9952
-12661
-14469
-15388
-16072
-16264
-15405
-15684
-17988
-19823
-19102
-16964
-16118
-15787
-15503
-16047
-17283
-17240
-15410
-14113
-14517
-14779
-15094
-15397
-13474
-10479
-10719
-15307
-14129
-10087
-6061
-7601
-7221
-8040
-9410
-7198
-592
5501
4343
2660
2455
6489
11682
16818
18075
16406
15091
15547
17906
21182
22920
20688
15617
15099
16494
18556
15971
13450
9223
6140
4679
4884
5691
3490
-776
-5795
-7726
-7737
-7596
-8674
-10593
-12424
-13943
-13733
-12692
-10916
-9473
-9122
-9533
-9493
-6999
-4318
-1811
-98
2759
4607
6118
8607
12252
15082
16488
18205
19743
20606
21559
22770
24125
24070
24184
22786
21066
19863
19521
17834
14922
12962
10593
7444
3728
1893
-391
-4668
-8161
-9865
-10729
-13062
-15201
-17578
-20345
-22077
-21489
-19434
-19560
-20859
-21654
-20913
-20903
-20071
-18319
-16488
-17020
-17698
-16601
-14828
-14065
-13641
-13077
-13459
-14106
-14232
-13180
-11220
-9285
-10846
-15314
-15288
-11212
-6697
-8705
-10583
-11875
-10596
-7408
-1272
4140
3894
1878
747
4931
12018
18697
19855
18008
16832
18636
22217
25853
27925
25096
19466
17465
20065
23752
21140
16131
10103
7452
5664
5918
5934
3133
-3020
-8984
-10155
-8431
-7888
-10695
-13853
-15771
-16260
-15363
-14459
-12919
-11975
-11056
-9656
-6893
-2961
-814
1322
3160
6036
7590
10442
14486
17383
19229
19881
21305
22102
24318
25699
25984
24358
22806
21811
21778
22238
21766
18914
13768
10034
7641
6284
4740
1388
-2777
-8542
-11577
-12519
-12667
-14097
-17200
-20025
-22736
-22460
-21476
-19743
-20034
-21126
-22243
-21083
-18964
-17155
-15779
-14998
-14594
-14956
-14579
-12053
-10363
-9779
-11269
-11781
-12118
-11530
-11168
-9172
-7709
-8502
-13129
-15158
-13053
-8779
-7006
-9658
-11590
-12762
-7970
-2517
3758
4901
3574
1291
4080
11648
19237
21230
19334
18065
19044
22591
27519
29846
26799
20710
18565
19658
22184
21027
16584
10532
5512
4932
4444
3602
38
-4421
-9254
-11520
-11156
-10537
-11623
-14315
-16080
-16604
-16217
-15374
-14342
-11868
-10312
-9015
-8080
-4775
-340
4362
5805
6631
7905
12654
15923
19695
21032
21100
20688
22251
25967
27900
27262
24018
22401
22576
23318
22163
19965
16262
12506
9078
7039
6005
3080
-1453
-5779
-8815
-9793
-11682
-13551
-16611
-18096
-19515
-20520
-21364
-20711
-19322
-18462
-18969
-19361
-18853
-17201
-15593
-14194
-13384
-13380
-14161
-14077
-12470
-9804
-9327
-11056
-12925
-13159
-12248
-10850
-9223
-10013
-13515
-17022
-14770
-10548
-7042
-8510
-10445
-12418
-9817
-4061
2725
5145
4472
3873
5431
10879
17559
22757
22307
20725
20349
22238
25272
27779
27754
22512
16865
16698
19144
20201
16200
11028
5127
1643
537
1513
847
-2879
-8403
-12435
-13350
-12771
-12445
-13975
-15671
-16510
-15852
-13848
-11528
-9151
-7950
-7641
-6834
-4127
183
4309
7871
8883
9993
10452
14858
18170
22621
22836
20832
18990
20576
24535
25528
23944
20490
18688
17218
17260
17187
15885
11686
6780
4098
3004
2499
-561
-4272
-8488
-11606
-12166
-13017
-13025
-15231
-16836
-19668
-20208
-19249
-17396
-16819
-17373
-18407
-19128
-18199
-16616
-14867
-13952
-14253
-15283
-16870
-16165
-14634
-13398
-13558
-14330
-14632
-15470
-15555
-14192
-11225
-11782
-15157
-17658
-14007
-10030
-7366
-8452
-8325
-8529
-6693
-1401
4691
7269
6164
5762
7453
12354
18490
22542
21575
19491
18818
19818
22119
24620
24976
19711
13594
12686
14862
16001
12600
8644
3671
389
-1039
1047
1804
-2203
-7831
-10617
-9478
-8525
-7929
-8802
-10459
-12121
-11677
-8478
-5972
-4298
-3505
-3064
-2295
7
4133
7457
9886
10958
11601
12082
14144
17049
19727
19842
18559
18519
18850
20433
21032
21000
18948
15726
13400
12098
12667
12972
11146
6930
2441
339
-373
-997
-2659
-5359
-8845
-11731
-12760
-11667
-11577
-13301
-16124
-18187
-18636
-17771
-16486
-16702
-18272
-20198
-19437
-18028
-16828
-16189
-16148
-16679
-17867
-17038
-15464
-15243
-16459
-16421
-15173
-14722
-13409
-11482
-10246
-12535
-14187
-11932
-8123
-5436
-5657
-5943
-6444
-4932
-1380
4076
7463
7944
7760
9368
13387
16737
19131
19421
19178
19131
19501
21120
22117
22376
20001
16818
14745
14399
14498
12269
9345
5651
2868
469
261
1482
645
-3152
-7119
-8018
-7477
-7033
-7211
-7869
-9302
-11133
-10300
-7263
-4104
-3208
-3680
-3522
-2141
1491
4869
6838
7053
7099
7598
9876
13493
16402
16581
14502
14923
16713
19338
19192
17760
16416
15137
14508
13592
14023
13386
10911
7760
4908
3750
1961
5
-2188
-3779
-6091
-8636
-10082
-10553
-10599
-12583
-15184
-17564
-18268
-17615
-17363
-17524
-18768
-20069
-21278
-20506
-19073
-18167
-18432
-19126
-19525
-19415
-18515
-17471
-16209
-16237
-16940
-17101
-14558
-11189
-9596
-10545
-10343
-9352
-7081
-5317
-2550
-1590
-1330
434
4339
8226
10622
12025
12070
13327
16727
21261
22296
21824
20697
20075
20428
22085
23436
21642
18196
16065
14738
13354
10882
9022
6373
3971
2012
907
172
-1607
-4027
-6278
-6860
-7416
-8267
-9041
-8929
-8159
-8944
-9090
-8530
-7137
-6246
-4937
-3557
-2404
-744
1120
3137
4296
6085
7508
8847
9620
12163
14703
15956
15342
14894
15695
16411
16718
16704
16498
15214
13705
13073
12457
11415
9583
7763
5258
2456
169
-1580
-3417
-5459
-6997
-9609
-12204
-13815
-13881
-14210
-15607
-17910
-20307
-22030
-21057
-18995
-18643
-20488
-22257
-22881
-22247
-20798
-19223
-18944
-20269
-20945
-20280
-18431
-17113
-15709
-14792
-13959
-14733
-13578
-10177
-6976
-5870
-5398
-4140
-3337
-1800
2047
7128
9461
10018
10255
12310
15196
19279
21756
22101
20661
19754
20365
22982
24868
23889
19683
16383
15905
16631
16774
14632
10439
5090
2092
1694
2549
1653
-1725
-6050
-8406
-7708
-6299
-6893
-9165
-11430
-11417
-10388
-8163
-7278
-8539
-9329
-8325
-5147
-2684
-972
-948
-917
1003
4425
7466
8221
8403
9345
11629
13943
15855
16639
15907
15667
16291
17791
17844
16441
14059
12707
12350
12247
11090
8483
5398
2778
1734
827
-911
-4199
-7169
-8976
-9978
-10835
-12709
-14816
-16969
-18305
-17777
-17329
-18291
-20710
-21378
-20367
-19655
-20321
-20951
-20547
-20762
-21180
-20354
-18790
-19099
-19697
-18596
-16037
-15340
-16545
-15575
-13431
-10518
-9125
-7236
-6332
-4680
-1780
2774
6882
9265
10835
11601
14541
18536
22868
24109
23732
23378
23459
24465
25478
26430
24248
20564
18739
18210
17951
15291
12007
8082
5159
3016
1790
536
-2043
-5468
-9048
-9801
-9346
-9282
-10896
-12311
-12581
-12586
-11726
-10925
-10679
-10309
-9253
-6846
-5559
-4478
-3505
-1345
623
3557
5815
6464
6550
8045
11286
13750
15089
14625
14834
15236
16431
17977
18551
17104
14134
12592
13190
13538
12187
9433
6431
3721
2342
1706
727
-2052
-5183
-7584
-8706
-9317
-10053
-11441
-13479
-14895
-15211
-15513
-16269
-17223
-17898
-18020
-17865
-17745
-18279
-18708
-18940
-18548
-18280
-17910
-18925
-19455
-18295
-16808
-16560
-18379
-17647
-16093
-13653
-12200
-10003
-8691
-8441
-6501
-1464
3976
6667
7558
8941
12249
15976
20116
23157
24741
24696
24397
26101
28873
29881
27252
23273
21393
20806
20682
18790
16213
12418
8698
5287
3558
3216
1286
-2641
-6955
-8015
-8209
-9611
-11117
-11437
-11041
-12333
-12555
-11699
-10205
-9804
-9190
-7237
-5730
-5098
-3866
-1032
1484
3404
4414
5556
6520
8950
11546
12549
11705
12157
13604
14713
15410
16235
15982
14249
13230
13876
14181
12702
10462
8083
5982
4365
4076
3000
918
-1443
-3269
-4875
-6300
-7218
-8629
-10172
-11523
-12154
-12655
-13175
-13142
-12924
-13315
-14304
-14967
-15125
-15724
-15968
-15979
-15640
-16431
-18023
-18046
-17037
-15442
-17058
-18170
-18344
-17255
-15815
-15017
-13750
-13496
-12180
-9234
-5166
-2077
649
2370
4576
8719
13540
17028
17685
19314
21000
22635
24380
25799
26849
24822
23147
22591
23014
22083
18344
14361
11907
10710
8776
6094
3712
1301
-2043
-4819
-5124
-5841
-7419
-9572
-10455
-10093
-11051
-10859
-10874
-9818
-9439
-9088
-8192
-7037
-4819
-3079
-981
760
2027
2130
3378
5770
8250
9166
9100
9218
9770
11436
12853
12940
11908
10957
10418
10101
10328
10390
8819
6070
4567
4487
3910
2259
167
-1439
-3473
-4348
-4812
-5869
-7631
-9148
-9539
-10248
-10405
-10849
-11846
-13036
-12817
-12185
-12183
-13694
-14703
-15262
-15811
-15819
-15874
-15485
-16039
-15929
-16837
-16624
-16332
-15648
-15712
-16135
-15396
-14094
-12089
-10223
-7252
-5126
-2939
-1421
1148
4799
8154
10935
12877
15337
16611
17955
20458
22659
23741
22028
20962
21258
22185
21398
19071
16045
13251
11284
9354
8886
7487
4877
907
-1476
-1894
-2214
-3039
-4354
-5700
-7246
-7579
-6521
-6129
-6785
-6477
-4973
-3441
-2353
-1527
-962
-1074
359
2548
4708
5111
5569
5837
7043
8729
9502
9268
8086
7902
7633
8093
8233
7679
6371
4921
4958
4556
3611
1887
193
-1417
-2689
-3098
-3876
-4913
-6494
-7697
-8650
-9159
-9380
-9687
-9880
-10625
-11679
-12084
-11546
-11140
-11275
-11582
-11578
-11990
-12456
-11663
-10760
-10620
-11893
-12024
-12915
-13948
-13094
-11516
-10651
-12303
-13329
-12182
-9480
-7252
-5704
-4818
-3314
-1994
516
4723
8793
10793
11142
12394
14835
17080
19102
19894
19602
17890
17723
18925
19423
18458
15518
12613
10151
9368
8202
6444
3862
1646
-517
-2200
-2287
-2439
-3746
-5051
-5740
-5511
-5478
-4527
-3447
-3431
-2984
-2249
-823
420
2281
4397
5563
5847
6659
8037
8798
10057
11281
11701
10191
9214
10222
10983
11014
10211
9103
7508
5970
5570
5305
3821
1215
-1173
-2132
-2532
-2989
-4385
-6513
-8372
-9058
-9161
-9776
-10621
-11744
-12696
-12798
-11915
-10863
-10965
-11595
-11588
-10895
-10392
-9636
-9059
-8753
-9725
-9176
-7645
-6247
-6704
-8430
-8120
-7062
-5550
-5887
-6400
-6497
-5818
-4908
-3749
-2837
-1622
-440
749
3527
6178
7853
8117
9051
12188
14035
15241
15149
15816
16170
16308
17261
17052
16548
13758
11587
9634
9372
8480
5422
2451
261
-883
-2996
-4830
-6316
-8307
-10108
-11274
-10855
-10265
-10460
-9688
-8714
-7192
-6305
-4813
-2926
-735
1595
3455
4873
5967
7866
9879
11511
12663
13710
14056
14183
15075
15670
15342
13823
12235
11183
10629
9426
6975
4453
2751
908
-1478
-2976
-4179
-6350
-8921
-11035
-12158
-13149
-14403
-16052
-17566
-18291
-18390
-18533
-18935
-18849
-18580
-18399
-17878
-16465
-15465
-15552
-14259
-13025
-10693
-9540
-7521
-6919
-7149
-6014
-3879
-1166
-1808
-2088
-2360
-448
1100
3693
4772
5083
4730
5462
8419
10647
12372
11280
10756
11445
13387
15727
16326
15768
13683
13022
14324
15169
14366
11120
8873
7133
7312
6802
4883
1893
-1097
-2697
-3931
-3698
-5064
-8080
-10365
-10859
-9807
-9724
-9830
-10417
-11154
-10302
-8284
-6238
-5255
-3620
-1894
-668
1038
3682
5745
7201
8852
10601
12165
12975
13986
15174
15954
16489
16435
15135
13786
12916
12111
10922
8927
6798
3989
1597
-612
-2158
-3881
-6626
-9296
-11652
-13356
-14616
-15733
-16927
-18145
-19672
-21021
-21551
-21189
-20913
-20827
-20879
-20458
-19535
-17855
-16946
-15224
-13830
-11389
-11134
-10243
-7566
-3725
-2229
-2942
-2166
-1009
1664
4569
8019
9333
9095
8499
11050
14637
17368
17253
15759
15552
16626
18142
18586
18149
16449
14025
12900
13385
14107
12513
8201
4351
3000
3463
2432
254
-2455
-4654
-7080
-7890
-7145
-7090
-8770
-11048
-11688
-11246
-10156
-8950
-9250
-9559
-8899
-7348
-6032
-4993
-3204
-2051
-1324
210
2965
5040
5746
6785
7760
8916
9794
10464
11693
12254
12179
11279
11597
11748
11903
10650
9013
7939
6307
5221
3883
2484
-317
-2818
-4917
-6262
-7827
-10034
-12143
-13850
-15124
-15901
-16510
-17249
-17930
-18667
-18982
-18339
-17452
-16292
-16001
-14831
-13265
-11955
-10032
-9337
-7503
-5979
-3361
-1975
-501
852
2794
5416
8521
11053
12409
13593
14969
16985
18776
20744
21194
21231
21151
21953
22689
22488
21168
18726
16951
15888
15117
13581
10168
6788
3706
2411
1169
-852
-3751
-7022
-9006
-10367
-10559
-10923
-12119
-13361
-13600
-13153
-12397
-11593
-10351
-10083
-9545
-8542
-6367
-4610
-3609
-1894
-500
1029
1794
3866
5025
6069
7333
8291
8758
8154
7910
8584
9334
9390
8232
7297
6611
5872
5501
4839
3964
2054
379
-836
-1748
-3203
-5070
-6925
-8808
-9764
-10908
-12599
-14776
-16097
-16842
-17582
-17739
-17491
-17860
-18749
-19302
-17690
-16383
-15750
-14437
-12797
-11014
-11739
-9405
-6287
-2982
-1328
132
1519
2915
5416
9079
13507
15392
16045
16079
18686
22122
25485
26825
25953
25313
25201
26443
27726
27127
24531
20662
17827
16913
16729
14273
9896
4974
1657
115
-2067
-4573
-8059
-11470
-15060
-16492
-16296
-16646
-17958
-19483
-19377
-18098
-17023
-15731
-14559
-13271
-11779
-9730
-6924
-4465
-2227
-134
1955
3373
4221
5614
7222
8474
9219
9307
8784
8189
8431
8881
8845
7777
5940
4131
2864
2460
1831
339
-2213
-4684
-5687
-6177
-6810
-8351
-10781
-12716
-13425
-13713
-14305
-15549
-17203
-18527
-18775
-18542
-17936
-18066
-18516
-18579
-17442
-17014
-15494
-14459
-12673
-11847
-10964
-9014
-6768
-3677
-2175
348
2002
4721
7038
10424
13529
16069
17731
19350
22450
25302
28376
29868
30492
30253
30025
31121
32383
32352
29708
26850
24691
23095
21955
18928
14366
9255
6449
4460
2206
-1517
-6340
-10641
-14080
-14667
-15522
-17762
-20518
-22440
-22298
-21684
-20016
-19369
-19653
-19709
-18407
-15124
-11976
-9959
-8539
-6969
-4097
-692
2085
3516
4451
5924
7433
8350
8976
9371
8551
7906
7939
8016
6698
4280
2461
1557
725
-891
-3459
-6230
-8286
-9577
-10282
-11928
-14314
-16908
-18760
-19641
-19491
-19509
-20558
-21762
-22410
-21956
-21436
-20726
-20446
-18978
-17962
-16007
-13891
-12059
-11278
-10598
-8065
-4867
-1658
-619
1108
2465
4782
8114
12208
14624
15351
16938
19651
23207
26123
28257
28552
28777
30015
31558
32512
32098
31469
30078
28937
28707
27969
25791
22436
19335
16069
13560
11025
8697
5705
2261
-661
-3052
-4703
-6553
-8824
-11168
-12905
-13743
-14208
-14044
-13886
-13662
-13347
-12603
-11240
-9986
-8553
-7583
-6640
-5354
-3519
-1683
-407
311
644
1597
2606
3222
4243
4582
4073
3420
3377
3374
2552
926
-465
-1347
-2575
-3643
-5398
-6698
-8212
-9802
-11421
-13469
-14521
-16030
-17057
-18326
-19199
-19876
-21132
-22194
-22522
-22208
-21966
-22340
-21746
-21053
-18963
-17452
-15596
-14505
-13617
-10519
-7553
-4788
-3970
-1882
8
2815
6537
10473
12629
13236
14733
18040
22001
24839
26676
26601
27208
28676
30740
32409
32314
30753
28504
27626
27496
26928
25000
21522
18136
14680
12631
10319
7991
5326
2123
-954
-3465
-3762
-4227
-5599
-7555
-9368
-10048
-10387
-9548
-7849
-7663
-7682
-7463
-5968
-3601
-1115
499
225
-31
565
2455
4200
5278
5198
3784
2695
2729
3365
2706
1132
-580
-1979
-3199
-4021
-4928
-6574
-8370
-10138
-11529
-12821
-13760
-14332
-15590
-16951
-18149
-19097
-19802
-20169
-19947
-20414
-20950
-21635
-21606
-21075
-20540
-19817
-19698
-19523
-19071
-17170
-15090
-14291
-14324
-13183
-10389
-7901
-5680
-4519
-3149
-2076
741
4955
8518
10128
10641
12019
14851
18885
22211
23959
24099
24602
25663
27632
29285
29247
27763
25993
25685
25744
25176
23385
20392
17180
14244
12728
10581
8599
5732
2663
171
-1887
-2783
-4168
-5206
-6174
-6935
-7590
-7606
-6546
-5440
-4416
-3131
-1922
-486
622
2800
4581
6077
7298
8536
9834
10497
11533
11744
11678
11037
10565
9654
8331
6949
5632
3230
739
-1752
-3768
-6288
-8619
-10488
-12940
-15756
-18286
-19688
-20973
-22340
-23694
-24932
-26579
-27088
-26741
-26566
-26438
-26470
-26321
-25326
-23966
-22381
-22105
-21611
-19391
-16833
-15036
-14724
-12867
-10254
-7850
-5793
-3520
-1498
-683
973
4450
8588
10332
10855
11622
13890
16752
19536
21533
21654
21807
22308
24260
26282
26678
25136
22325
21274
21958
22167
20233
17171
14198
11971
10356
8661
7261
4281
782
-2339
-3780
-4126
-5426
-7240
-8372
-8475
-8400
-8698
-8614
-7838
-6851
-5586
-3856
-1949
-583
659
2763
5194
7174
8580
9505
10405
11488
13071
13969
13338
12639
12724
12468
11482
10314
9057
6776
4341
2919
1422
-1184
-4214
-6892
-9046
-11515
-13915
-15745
-18127
-20190
-21884
-23006
-24273
-25695
-26559
-26787
-26648
-26475
-26314
-25801
-25133
-24373
-22455
-20756
-18673
-17820
-16756
-13943
-11016
-8587
-7089
-4907
-2845
-520
1968
5506
8502
10499
11709
13117
15658
18583
21553
22854
23269
23767
24114
25284
26338
26873
25802
23563
22420
21960
21592
19740
16943
13936
11373
9186
7420
5649
2941
-303
-3529
-5015
-5960
-7299
-8852
-10348
-10868
-11350
-10520
-9932
-9496
-9140
-8407
-6885
-4713
-2388
-991
-98
1405
3691
6055
7525
8866
9436
9167
10071
11574
12647
12454
11990
10816
9862
9131
8230
6779
4736
2905
853
-1377
-3213
-4702
-7228
-9898
-11951
-13484
-15469
-17295
-18375
-19250
-21016
-22320
-22651
-22574
-22786
-22710
-22348
-21810
-20625
-19662
-18200
-17480
-16151
-13998
-11849
-9492
-7345
-5214
-3439
-1624
1186
4589
7154
9133
10290
11644
13779
16881
19819
20925
21515
21843
22231
23150
24136
24444
23261
21727
20750
20039
19209
17794
15782
12903
10328
8724
7397
5492
3054
352
-2172
-3992
-5511
-6620
-7509
-8818
-10071
-10703
-10317
-9759
-9429
-9276
-9230
-8195
-6342
-4173
-2722
-1631
-532
520
1803
3777
5742
6308
6418
6695
7263
7998
8451
8195
7001
6001
5188
4593
3565
2439
1015
-1015
-2387
-3571
-4561
-6591
-8526
-10341
-12130
-13282
-14341
-14864
-15924
-17572
-18567
-19079
-19183
-19075
-18674
-18575
-18115
-17371
-16447
-15994
-15318
-12626
-10501
-9180
-8584
-6885
-4728
-2354
857
3941
6300
7583
9706
12226
14996
17127
19299
20616
21951
22695
23432
24396
24316
23875
22949
22704
22355
21313
19756
17637
15690
13327
11690
9878
7543
5171
2326
50
-1960
-3044
-4964
-7050
-8478
-9917
-10500
-11312
-11177
-10628
-10536
-10355
-10149
-9141
-8107
-6364
-4949
-3456
-2165
-1186
268
1798
3182
3683
3620
3691
4036
4531
4358
3950
2810
1593
996
495
-224
-2092
-3954
-5830
-7011
-8325
-9568
-11132
-13181
-14523
-15653
-15966
-16078
-16479
-17575
-18907
-19063
-18138
-17456
-17491
-17707
-17499
-17151
-15086
-13111
-11644
-11876
-11277
-9253
-6785
-4689
-3794
-2409
-1341
1031
3953
6695
8294
9404
10802
12992
15773
17986
18987
19254
19634
20992
22636
24096
23787
23174
21979
21583
21932
22074
21035
18191
16186
14812
14375
12405
10371
8386
5980
3927
2475
2107
349
-1967
-4161
-4854
-4983
-5740
-6189
-6637
-6641
-6626
-6330
-5669
-4932
-4495
-4358
-3526
-2501
-1250
-387
-16
476
826
1637
1721
1730
1553
1367
764
-154
-537
-1231
-2459
-4629
-6323
-7377
-8538
-10087
-11534
-12599
-13914
-15225
-15699
-16247
-17286
-18405
-18937
-18728
-19039
-19388
-19274
-18404
-17432
-16411
-15625
-14632
-12991
-11111
-10110
-9479
-7164
-4657
-2102
-956
822
2090
3895
6116
9131
10653
11035
11568
13071
15466
17351
19187
19230
18744
18879
20296
21594
22022
21155
19461
17958
17923
18307
17913
16062
14096
12066
10962
10167
9462
8436
6722
4918
3412
3202
3025
2543
1984
1536
891
499
853
1270
1293
694
476
413
834
1864
2562
2821
2195
2032
2093
2507
2605
2138
1182
126
-1055
-1526
-1654
-2528
-4436
-6512
-8114
-9284
-10023
-11060
-12836
-14563
-15477
-16283
-17116
-17853
-18511
-19338
-19995
-19881
-19712
-19933
-19731
-19438
-18869
-18177
-17348
-16956
-15895
-14477
-13183
-11398
-10055
-8543
-8663
-7132
-4864
-2009
-447
652
1573
2494
4840
7097
9290
9975
10795
11567
13138
14812
16423
17199
17009
17377
17936
18888
19391
19001
18254
16737
16252
15936
16121
15446
13657
11621
9861
9003
8417
7858
6901
5129
3408
2253
2455
2505
2265
1880
1657
1259
1445
2808
3592
3918
3685
4230
5250
6015
7071
7521
7487
7321
7666
8253
8312
8321
7340
6460
5621
4562
3408
2207
745
-1503
-3789
-5669
-7504
-9898
-12016
-13287
-14722
-16540
-18476
-19872
-21092
-22027
-22445
-22496
-23003
-23688
-23466
-22899
-21936
-20989
-20144
-19174
-18256
-17209
-15830
-14330
-12933
-11638
-10182
-8687
-7000
-5071
-3866
-2078
-1216
165
1349
2636
4096
4992
6254
7223
8719
9193
9628
9992
10717
11367
12060
12647
12455
12415
12457
12601
13250
12846
12694
11823
11271
10709
10752
10532
9571
8849
7510
7063
6134
5602
4919
4219
3563
2997
3018
2788
2730
2436
2435
2492
2834
3054
3145
3530
3834
4356
4655
4849
5202
5593
6118
6280
6108
5578
5468
5120
4697
4068
2820
1357
-198
-1220
-2353
-3370
-5360
-7140
-8898
-10393
-11336
-12005
-13262
-15127
-16150
-16920
-17096
-17427
-17751
-18223
-18459
-18061
-17339
-16792
-15909
-15107
-14046
-13104
-11554
-9731
-8303
-7405
-6492
-5241
-4111
-2702
-1514
-643
198
778
1687
2281
3072
4142
4433
4528
4674
5069
5242
6003
6652
6959
6705
6847
7164
7480
8023
8702
8433
8134
8551
9643
9807
9718
9842
9339
8744
8735
9333
9116
8505
8088
7592
7507
7555
7329
6883
6588
6366
6030
6010
5828
5490
4467
4115
4172
4083
3886
3181
2946
2684
2765
2399
1608
1563
1203
566
-241
-701
-1177
-2127
-2793
-3314
-3632
-4660
-5477
-6439
-7020
-7082
-7595
-8438
-9289
-9228
-9722
-10091
-10334
-10695
-11040
-10803
-10228
-9825
-9849
-9841
-9531
-9139
-8219
-7393
-6730
-6449
-5631
-4409
-3448
-2672
-1812
-1133
-673
-104
648
1157
1574
2001
2666
2644
2828
2400
2370
2429
2580
2748
2601
2809
2811
2901
3031
3419
3400
3374
3627
3778
4002
4166
4263
4855
5754
6175
6433
6267
6124
6158
6166
6435
6818
6928
6743
6645
6851
6943
6501
6272
5954
5695
5199
4737
4316
3920
3526
2964
2315
1985
1806
1524
1211
952
585
-65
-950
-1460
-1884
-2282
-2869
-3411
-4293
-4771
-4962
-5295
-5500
-5606
-5986
-6405
-6543
-6854
-6787
-6744
-6432
-6200
-6100
-6210
-6142
-5863
-5567
-5142
-4811
-4489
-4159
-3646
-3012
-2366
-1640
-881
-526
-74
227
893
1584
2073
2331
2749
2915
3179
3388
3534
3569
3513
3574
3518
3807
3617
3877
3486
3502
3611
3584
3228
3086
3263
3069
3178
3046
2777
2528
2375
2592
2709
2627
2300
2153
2175
2079
1974
1752
1371
1224
1226
1297
1327
1045
658
661
564
334
175
-232
-561
-645
-323
-452
-237
-333
-644
-886
-1169
-949
-1174
-1742
-2309
-2896
-3368
-3428
-3367
-3557
-4176
-4529
-4887
-4937
-4848
-4813
-5016
-5792
-6174
-6160
-6001
-5908
-5726
-5757
-5824
-5862
-5467
-4848
-4625
-4561
-4571
-4038
-3010
-2106
-1677
-1320
-984
-375
191
952
1634
2155
2638
2911
3391
3978
4404
4609
4768
4632
4752
4628
4633
4909
5208
5138
4608
4383
4211
4163
3981
4122
4076
3492
2996
3243
3587
3721
3449
2844
2636
2497
2608
2484
2180
1363
797
631
837
972
467
-63
-183
-95
-362
-711
-1380
-2117
-2411
-2518
-2418
-2848
-3512
-3907
-4195
-4125
-3928
-3894
-4046
-4192
-4105
-4068
-3859
-3771
-3765
-3917
-3844
-3717
-3573
-3347
-3083
-3324
-3673
-3876
-3980
-3505
-3359
-3408
-3612
-3822
-3942
-3688
-3761
-3669
-4005
-4117
-3856
-3510
-3049
-2754
-2520
-2111
-1382
-786
-224
392
1431
2189
2810
3527
4191
4687
5001
5545
5999
5930
6199
6792
7165
7399
7444
7402
7309
6955
6739
6939
6969
6437
5703
5175
5283
5240
4880
4399
3866
3415
2979
3201
2971
2294
1447
1031
1020
821
774
455
269
389
612
336
-390
-963
-1212
-1564
-1826
-2040
-2264
-2705
-3192
-3154
-2880
-3125
-3625
-4038
-4428
-4640
-5112
-5278
-5436
-5690
-5786
-5828
-5747
-5741
-5629
-5793
-5670
-5524
-5288
-4853
-4418
-3969
-3858
-3972
-3876
-3500
-3281
-3115
-3268
-3507
-3617
-3580
-3503
-3328
-2947
-3000
-2982
-2900
-2579
-2187
-1753
-1559
-1375
-851
-254
248
702
1397
2152
2858
4036
4947
5377
5582
6110
6885
7397
7848
8003
8256
8483
8940
9453
9320
9067
8890
8741
8539
8392
8046
7153
6665
6462
6421
5920
5099
4234
3331
2973
2640
2268
1693
1116
381
-33
-107
-473
-1121
-1572
-1797
-1952
-1775
-1900
-1981
-2349
-2590
-2402
-2166
-2083
-2301
-2507
-2463
-2426
-2483
-2566
-2778
-2972
-3176
-3187
-3251
-3252
-3439
-3899
-3846
-3682
-3863
-4255
-4574
-4697
-4519
-4256
-4351
-4659
-4474
-4593
-4635
-4716
-4785
-4610
-4764
-4331
-4054
-3716
-3402
-3218
-3127
-3066
-2924
-2700
-1924
-1521
-1063
-852
-566
156
881
1461
1898
2601
3026
3332
3654
4053
4774
5454
6012
6283
6187
6310
6404
6615
6682
6735
6450
5948
5572
5418
5719
5857
5512
4816
4532
4324
3967
3174
2589
2081
1412
1081
761
536
75
-555
-635
-765
-930
-1515
-1953
-2310
-2690
-2779
-2843
-2709
-2908
-2871
-2722
-2753
-2837
-2815
-2754
-2839
-3064
-3082
-3161
-2763
-2219
-1867
-1889
-2119
-2354
-2275
-2014
-1958
-1982
-2335
-2759
-2937
-2913
-2712
-2470
-2585
-2778
-3183
-3490
-3599
-3737
-3852
-3895
-3853
-3857
-3953
-3999
-4102
-3815
-3516
-3252
-3116
-2829
-2393
-2008
-1664
-1506
-958
-559
-38
266
517
1222
1742
2326
2867
3123
3301
3674
4481
5107
5416
5225
4957
4842
4770
4912
4940
4636
4095
3599
3685
4039
4171
3891
3514
3011
2460
1949
1619
1268
774
280
-119
-232
-230
-272
-606
-1212
-1713
-1899
-1950
-1979
-1991
-1896
-1773
-1660
-1235
-1089
-1255
-1601
-1850
-2010
-2014
-1755
-1598
-1474
-1407
-1279
-1143
-702
-428
-559
-737
-1062
-1244
-1224
-1151
-1152
-1220
-1147
-1231
-1530
-1717
-1715
-1786
-2025
-2039
-2033
-2132
-2508
-2560
-2551
-2431
-2207
-2228
-2112
-2046
-2028
-1764
-1497
-1102
-914
-515
-238
67
803
1387
1693
1683
1847
2080
2512
3095
3465
3484
3542
3762
3871
4217
4531
4540
4341
3908
3416
3143
3252
3450
3557
3563
3333
2898
2274
1705
1508
1166
735
265
-92
-301
-485
-550
-696
-914
-1159
-1463
-1807
-2216
-2445
-2568
-2501
-2197
-2120
-2135
-2244
-2043
-1775
-1772
-1937
-2172
-2353
-2403
-2264
-1965
-1492
-1552
-1392
-1360
-1182
-1077
-855
-786
-816
-730
-716
-591
-380
-149
133
215
310
537
518
619
735
808
629
634
971
1150
1192
1202
1252
1182
985
941
949
993
1147
1226
1376
1376
1358
1579
1660
2164
2562
2412
2131
2072
2259
2936
3499
3868
4090
4014
4076
4354
4508
4344
4118
3578
3312
3206
3158
3538
3825
3635
3433
3006
2322
1825
1369
923
482
-128
-730
-1015
-1278
-1474
-1428
-1623
-2052
-2436
-2853
-3145
-3200
-3533
-3799
-3696
-3439
-3286
-3205
-3498
-3870
-3871
-3946
-3807
-3726
-3793
-3848
-3947
-3729
-3201
-2897
-2760
-2878
-2880
-2824
-2514
-2312
-2111
-1883
-1851
-1606
-1409
-1174
-963
-963
-851
-436
94
464
628
778
1058
1328
1600
2092
2606
2723
2700
2569
2626
2881
3329
3842
3894
4079
4470
4435
4570
4670
4872
4692
4658
4485
4203
3928
3661
3624
3544
3671
3605
3360
3079
2640
2334
2155
1876
1751
1682
1491
1372
1265
1139
820
723
381
-120
-391
-304
-553
-1021
-1242
-1524
-1554
-1673
-1716
-1950
-2444
-2746
-3043
-3101
-3128
-2962
-3089
-3595
-3909
-4046
-4188
-4164
-4437
-4795
-5298
-5562
-5604
-5707
-5671
-5401
-5124
-5135
-5281
-5403
-5414
-5287
-5108
-4787
-4560
-4295
-4337
-4395
-4163
-3722
-3217
-3002
-2815
-2433
-2054
-1712
-1318
-746
-302
41
301
833
1151
1571
2119
2475
2770
2556
2904
3339
3681
4385
4802
5166
5281
5447
5748
5845
6075
6193
6216
6271
6316
6341
6372
6410
6386
6237
5901
5197
4712
4562
4346
4133
4059
3678
3426
3015
2668
2271
1806
1402
886
596
75
-180
-352
-737
-1022
-1504
-2047
-2357
-2762
-3033
-3389
-3640
-3886
-4007
-4060
-3917
-3891
-4022
-4157
-4084
-3857
-3743
-3585
-3666
-3632
-3952
-4217
-4329
-4181
-4121
-4255
-4175
-4317
-4651
-4819
-4645
-4305
-4162
-4375
-4646
-4747
-4640
-4182
-3950
-3917
-3766
-3721
-3752
-3507
-3104
-2720
-2479
-2061
-1537
-972
-588
-216
0
59
304
451
810
1306
1737
2229
2704
3408
3972
4360
4736
5140
5433
5581
5615
5758
5779
5566
5641
5959
6170
6121
6204
6161
6113
6199
6165
6078
5786
5448
5319
5179
5155
5113
4706
4028
3525
3074
2774
2622
2273
1942
1624
1270
940
866
608
288
-106
-565
-1124
-1867
-2215
-2390
-2615
-2715
-2906
-3422
-3886
-3989
-4147
-4355
-4468
-4870
-5288
-5328
-5103
-4732
-4454
-4382
-4265
-4202
-4339
-4233
-4057
-4025
-3843
-3638
-3519
-3580
-3394
-3021
-2579
-2020
-1820
-1806
-1882
-2140
-2048
-1759
-1254
-968
-920
-649
-322
-45
-75
144
217
313
381
454
952
1128
1691
2117
2532
2791
2929
3243
3402
3545
3768
3867
3947
4075
4461
4837
5051
5079
5056
5103
5135
5278
5344
5283
5360
5515
5447
5532
5558
5403
5230
4897
4440
4092
3877
3774
3732
3576
3306
2971
2493
1881
1627
1200
664
224
-274
-705
-1045
-1167
-1360
-1576
-1794
-1986
-2188
-2559
-3116
-3255
-3244
-3568
-3923
-4488
-4868
-5050
-4910
-4626
-4578
-4718
-5056
-5338
-5267
-5107
-5029
-4984
-4960
-4923
-4765
-4296
-3923
-3773
-3632
-3573
-3389
-3297
-3290
-3104
-2641
-2106
-1643
-1443
-1218
-1110
-1103
-939
-663
-464
-488
-273
100
436
733
766
906
1105
1231
1437
1304
1285
1331
1562
1836
2075
2222
2076
2004
2028
2257
2504
2893
3218
3307
3449
3459
3369
3397
3503
3909
3998
3849
3600
3162
2976
3078
3055
2970
2678
2372
2163
2217
2388
2427
2401
2116
1675
1238
580
147
-3
-4
-116
-272
-496
-871
-1334
-1650
-1797
-2106
-2472
-2865
-3017
-3228
-3542
-3737
-3768
-4077
-4185
-4224
-4398
-4408
-4336
-4116
-3853
-3612
-3558
-3535
-3402
-3106
-2831
-2741
-2694
-2731
-2541
-2203
-1734
-1414
-1249
-1332
-1283
-981
-680
-498
-649
-678
-656
-451
12
312
482
446
400
480
800
1096
1351
1438
1433
1579
1595
1818
1874
2018
2041
1861
2059
2192
2210
2227
2253
2084
2200
2180
2286
2406
2458
2577
2472
2521
2353
2052
1641
1425
1589
1747
1730
1536
1311
985
750
680
679
356
8
-248
-402
-451
-454
-421
-642
-1011
-1225
-1357
-1522
-1772
-2098
-2188
-2202
-2089
-2103
-2086
-2257
-2522
-2797
-3121
-3149
-2985
-2718
-2757
-3000
-3055
-2821
-2822
-2584
-2552
-2656
-2770
-2925
-2758
-2651
-2248
-2035
-1864
-1541
-1229
-705
-703
-613
-496
-415
-90
249
326
518
645
850
1414
1569
1555
1357
1217
1186
1320
1554
1460
1556
1613
1801
2179
2321
2314
2014
1881
1979
2142
2367
2529
2357
2226
2212
2169
2229
2265
2421
2355
2343
2511
2534
2325
2127
2089
2047
1932
1717
1489
1061
483
711
1096
1082
1057
741
370
10
39
88
-117
-476
-654
-725
-953
-940
-1060
-1291
-1580
-1775
-1698
-1815
-1929
-2017
-2153
-2196
-2164
-2390
-2111
-2158
-2483
-2524
-2588
-2178
-1708
-1400
-1261
-1050
-874
-863
-756
-521
-460
-345
-387
-462
-129
-6
-65
359
474
630
853
900
891
632
972
1129
1456
1898
2155
2156
1996
1761
1816
1770
2078
2486
2414
2535
2459
2338
2335
2315
2661
2677
2495
2235
1990
1995
1897
2021
2366
2591
2342
1641
1260
874
762
936
1261
1233
894
710
693
727
561
567
-48
-645
-1024
-771
-478
-306
-276
-482
-927
-1543
-1680
-1745
-1787
-1744
-1738
-1899
-1867
-1883
-2172
-2178
-2229
-2652
-2941
-3531
-3746
-3437
-2861
-2256
-1918
-2025
-2234
-2567
-2484
-2425
-2588
-2677
-3257
-3532
-3644
-3278
-2771
-2418
-2116
-1863
-1883
-1713
-1400
-635
55
400
665
315
67
74
428
880
799
929
1078
1070
1371
1947
2312
2230
1968
2140
1999
2154
2423
2570
2991
2961
2917
2863
2777
2980
3533
3761
3580
3188
2967
2743
2869
3392
3426
3064
2199
1878
2131
2407
2756
2837
2376
1802
1312
860
1070
1055
460
-36
-503
-966
-1093
-1228
-1159
-1179
-1472
-1872
-2155
-2439
-2716
-2502
-2672
-2534
-2502
-2954
-3130
-3204
-2935
-2551
-2468
-2531
-2978
-3404
-3790
-3696
-3207
-3035
-3230
-3433
-3765
-3591
-3287
-2947
-2388
-2679
-2893
-2787
-2678
-2495
-2256
-2177
-2251
-2542
-2636
-2548
-2353
-2145
-1762
-1635
-1700
-1552
-1109
-929
-639
-223
-46
-59
-94
214
358
691
1128
1640
1880
1800
2098
2400
2511
2832
3302
3185
2919
2555
2658
2814
2994
3212
3157
3224
3145
3124
3282
3066
2762
2552
2202
2203
2094
2194
2174
2068
2029
1618
1139
758
404
221
8
74
71
-190
-355
-518
-775
-1213
-1465
-1883
-1936
-1869
-1822
-1830
-1794
-2012
-2109
-2231
-2255
-2389
-2458
-2460
-2228
-2080
-2203
-2213
-2407
-2356
-2307
-2291
-2347
-2487
-2758
-2840
-2506
-2168
-2001
-1910
-1865
-2053
-2113
-1837
-1539
-1242
-1384
-1376
-1250
-1235
-1046
-824
-726
-751
-573
-366
51
279
540
844
987
1057
1136
1372
1459
1584
1801
2174
2557
2899
2957
3021
3086
3119
3147
3372
3238
3551
3693
3701
3751
3729
3373
3318
3311
3272
3090
2790
2877
2984
3290
3337
3377
3238
2827
2510
2386
2439
2190
1623
1124
922
902
1019
1155
1145
952
602
200
20
-235
-354
-410
-697
-846
-1083
-1395
-1601
-1525
-1422
-1344
-1421
-1577
-2011
-2220
-2356
-2093
-1887
-2002
-2213
-2549
-2745
-2599
-2551
-2352
-2255
-2465
-2620
-2728
-2490
-2369
-2296
-2403
-2424
-2523
-2642
-2550
-2066
-1938
-1927
-1849
-1666
-1750
-1701
-1526
-1238
-1057
-1101
-1053
-968
-758
-546
-218
-13
287
299
346
436
648
971
1350
1446
1636
1642
1523
1739
2045
2245
2338
2282
2290
2261
2254
2146
2290
2099
1652
1719
1768
2019
2221
2474
2609
2330
1809
1388
1239
1134
1306
1410
1232
1100
876
747
722
954
851
680
339
245
433
402
614
572
421
-2
-378
-357
-157
-381
-485
-729
-930
-1150
-1187
-813
-834
-718
-816
-886
-1093
-1218
-1053
-1031
-1118
-1136
-1239
-1482
-1633
-1796
-1736
-1791
-1870
-2039
-2175
-2073
-1979
-1728
-1643
-1755
-1764
-1739
-1487
-1409
-1071
-680
-510
-541
-440
-377
-493
-423
-247
-138
-70
121
30
184
89
67
63
106
245
258
361
512
816
997
1100
1084
1169
1282
1189
1149
1193
1112
896
619
614
656
600
923
1061
1022
1048
749
444
328
186
283
632
697
648
568
419
127
75
5
46
-210
-358
-357
-327
-70
142
110
87
82
57
-134
-411
-495
-715
-937
-1108
-968
-1016
-1146
-1062
-1343
-1532
-1613
-1801
-1652
-1463
-1223
-871
-988
-1220
-1325
-1463
-1361
-1359
-1264
-1114
-1276
-1182
-977
-824
-773
-888
-1224
-1699
-1998
-1905
-1719
-1392
-932
-775
-811
-980
-792
-510
-288
-113
-247
-247
-363
-546
-580
-556
-312
-200
-333
-536
-574
-712
-575
-425
-102
131
22
-69
70
215
197
346
204
-89
-265
-196
-12
289
416
183
44
-146
-246
-225
30
167
233
355
367
603
648
942
1063
898
803
700
678
535
561
338
320
283
364
343
371
356
555
787
829
959
1071
1118
1026
1239
1292
1433
1468
1407
1333
1177
1098
1029
1057
1112
1201
1109
958
923
892
699
633
679
812
969
987
1010
890
716
563
365
418
385
253
260
113
101
-138
-81
-234
-391
-367
-320
-83
70
197
267
259
217
202
167
181
90
143
-6
48
240
106
0
93
-116
-251
-215
-197
-65
-19
147
120
31
204
366
329
-20
-486
-754
-821
-710
-383
-197
-13
-85
-195
-58
-78
-265
-471
-697
-750
-678
-420
-121
65
127
59
-17
-161
-327
-346
-280
-143
69
384
526
470
451
537
578
885
1141
1209
1255
1141
1131
1248
1356
1467
1501
1160
1012
996
903
1015
1042
1072
946
812
890
1000
932
930
1039
768
468
574
637
819
789
563
411
26
-118
-209
-195
-173
-109
-123
-56
118
220
439
737
743
713
728
693
796
833
684
482
254
54
-239
-426
-413
-372
-226
-194
-225
-497
-956
-930
-761
-574
-447
-435
-668
-870
-932
-739
-531
-404
-430
-671
-853
-1049
-1069
-1114
-1334
-1304
-1423
-1543
-1460
-1263
-1052
-992
-959
-944
-904
-884
-809
-663
-523
-392
-393
-546
-616
-653
-508
-494
-523
-633
-712
-531
-142
340
609
723
622
518
433
610
711
914
1047
860
828
808
796
882
1029
943
617
320
119
81
133
369
369
186
-116
-279
-239
-137
30
29
-182
-319
-488
-510
-515
-405
-204
-106
-299
-582
-685
-866
-661
-455
-245
-202
-365
-562
-491
-392
-165
22
-132
-437
-889
-1058
-916
-708
-615
-676
-1069
-1501
-1731
-1705
-1473
-1251
-1106
-1270
-1533
-1887
-1895
-1740
-1448
-1354
-1532
-1838
-2021
-1940
-1574
-1395
-1337
-1264
-1343
-1246
-1017
-683
-628
-601
-519
-735
-793
-638
-468
-366
-148
-80
47
165
461
654
940
828
520
199
-50
239
538
863
1044
1035
1002
1039
972
1085
1080
1015
1020
865
798
729
652
653
784
765
710
577
506
700
1056
1300
1261
1040
860
106
349
1327
1754
1768
1153
1238
686
938
1112
1247
1236
1128
1312
635
625
892
1487
1564
1314
1729
1394
661
433
594
853
578
742
762
582
268
96
42
-254
-231
136
226
65
-64
30
-38
-336
-157
90
354
335
361
-6
-654
-810
-509
-134
163
285
581
367
113
-145
-420
-764
-605
-120
329
616
477
257
-34
-194
-113
47
-96
-308
-427
-439
-715
-719
-510
-448
-413
-444
-335
-245
-219
-285
-239
-352
-216
6
128
203
76
67
100
69
269
494
653
593
476
494
370
543
707
844
784
694
618
541
780
862
1191
1207
811
527
470
377
598
936
1006
1004
768
787
830
855
1045
1246
1283
1177
941
786
677
741
827
837
1046
860
650
479
460
545
781
880
830
818
626
611
352
343
559
503
698
922
1129
1229
1249
1189
1246
954
875
688
285
89
-6
52
11
130
-69
-139
-109
-176
-226
-188
-177
-273
-148
30
245
232
301
-5
-223
-313
-427
-375
-563
-492
-407
-224
0
-119
-174
-283
-383
-463
-603
-563
-306
-163
-62
17
308
398
342
276
203
189
94
148
577
1043
1160
1394
944
509
183
41
99
278
332
235
69
-195
-297
-154
-295
-345
-63
75
265
368
274
77
71
32
148
146
93
437
489
296
330
266
352
359
510
714
671
528
82
-245
-475
-485
-211
-288
-366
-466
-760
-993
-1226
-1048
-979
-796
-876
-1019
-1147
-1227
-1029
-1091
-1330
-1429
-1510
-1535
-1591
-1719
-1539
-1385
-1359
-1488
-1402
-1330
-1508
-1656
-1747
-2021
-2360
-2327
-2336
-2384
-2053
-1545
-1422
-1693
-1623
-1707
-1974
-2076
-2167
-2248
-2110
-1744
-1373
-1145
-1023
-892
-988
-1182
-1314
-1247
-1205
-1056
-857
-722
-620
-665
-457
-361
-414
-396
-321
-297
-278
-153
-97
-1
-30
-203
-208
-181
-262
-133
28
186
340
331
280
302
365
367
403
451
382
348
289
387
529
780
843
872
952
1019
1042
979
958
862
637
691
651
710
851
842
843
969
1022
1013
1052
924
715
446
263
143
-82
-199
-197
-190
-189
-230
-305
-341
-295
-62
262
531
374
231
-45
-319
-269
-293
-260
-69
-63
-323
-710
-731
-537
-509
-293
-183
-176
-165
-262
-537
-704
-534
-351
-270
-262
-298
-645
-790
-913
-763
-550
-384
-265
-212
-140
71
476
461
403
552
565
642
660
653
681
616
595
777
1052
1095
1107
976
931
1049
977
975
1140
1228
1241
1172
1273
1354
1322
1255
1282
1177
1233
1268
1337
1461
1374
1380
1372
1307
1089
854
588
339
450
761
871
1142
1162
1232
1313
1215
1180
905
856
874
681
813
791
638
637
491
305
43
-150
-279
-478
-413
-373
-254
-143
-199
-217
-255
-343
-419
-459
-374
-418
-456
-602
-664
-671
-778
-655
-604
-671
-867
-1049
-1042
-935
-658
-523
-501
-407
-278
-358
-324
-178
-185
-279
-291
-289
-135
12
116
150
76
138
156
276
139
44
126
130
329
413
518
704
904
983
1072
1043
849
610
394
431
490
665
696
614
678
719
919
895
705
549
422
399
426
492
630
713
654
627
680
769
903
961
912
891
808
650
501
413
372
218
328
432
409
115
-135
-287
-295
-292
-318
-305
-477
-519
-524
-527
-639
-900
-1254
-1564
-1888
-1935
-1731
-1682
-1736
-1915
-2060
-2181
-1931
-2077
-2189
-2100
-2158
-2115
-2141
-2189
-2203
-2169
-2020
-1874
-1780
-1584
-1608
-1614
-1564
-1766
-1689
-1872
-1943
-1785
-1489
-1386
-1406
-1469
-1506
-1620
-1787
-1578
-1325
-1205
-1027
-1150
-1183
-1059
-672
-447
-419
-360
-512
-706
-968
-906
-960
-923
-765
-654
-235
-95
-144
-276
-252
-147
-159
163
296
498
536
465
513
649
702
753
813
812
539
266
109
91
-16
-6
212
462
455
262
165
53
-80
75
117
272
472
447
814
853
825
800
714
618
490
451
462
458
300
331
153
126
241
361
422
375
342
195
20
63
231
398
445
334
306
315
247
290
228
27
80
65
111
88
276
434
700
675
721
835
749
894
949
1014
1122
999
728
636
584
746
836
888
882
873
833
918
882
866
961
799
536
345
150
-88
-238
-216
-90
-138
-241
-415
-588
-545
-432
-435
-518
-522
-409
-100
1
86
190
1
-55
-129
-90
129
193
187
72
-32
-131
-218
-309
-444
-422
-467
-632
-781
-774
-845
-815
-598
-569
-703
-917
-968
-926
-784
-535
-422
-350
-105
-5
76
205
156
47
-203
-290
-96
210
565
816
988
966
921
808
634
635
629
471
328
167
120
295
424
519
503
424
79
-285
-345
-298
-246
-155
30
33
54
124
79
-73
31
-27
-160
-249
-318
-209
-31
176
451
440
263
350
350
378
504
683
653
534
377
495
625
507
539
511
368
225
70
-109
-112
-31
-50
-170
-141
-7
75
326
398
544
490
249
88
101
404
636
880
811
872
901
796
920
810
837
731
481
313
336
340
614
678
626
680
611
534
422
344
209
121
-36
-149
-285
-193
-64
157
542
600
619
457
649
734
862
874
716
492
374
572
703
837
697
462
276
169
245
247
256
213
3
-16
-112
-284
-383
-594
-687
-795
-959
-1204
-1221
-1095
-992
-810
-799
-745
-603
-542
-491
-277
-250
-244
-217
-321
-307
-195
-81
23
158
118
132
149
54
108
-74
-108
-103
-214
-195
-184
-264
-329
-390
-642
-968
-1171
-1355
-1282
-1088
-1124
-1170
-1169
-1115
-1241
-1156
-1132
-1120
-1326
-1487
-1392
-1311
-1132
-712
-395
-106
62
-74
-145
-224
-37
242
194
173
97
162
190
231
318
53
-147
-198
-308
-473
-551
-718
-868
-1001
-1088
-912
-658
-512
-479
-488
-238
-298
-155
-26
96
157
170
163
143
259
331
294
266
361
398
410
504
613
613
636
640
402
158
80
221
247
127
172
72
-78
-172
-170
-126
-100
-299
-457
-483
-584
-410
-253
-9
217
494
542
612
626
460
408
248
213
178
76
40
15
-122
-188
-135
21
3
-148
-253
-129
-30
-195
-401
-502
-701
-719
-582
-622
-575
-634
-728
-615
-537
-340
-264
-334
-336
-298
-248
13
244
491
748
998
1158
1278
1280
1343
1586
1600
1518
1267
966
513
226
233
243
202
68
-185
-401
-473
-472
-369
-191
-203
-334
-702
-842
-873
-659
-382
-297
-131
30
225
184
56
133
201
178
264
463
431
513
662
777
916
882
686
315
225
249
112
66
-203
-337
-374
-495
-522
-473
-458
-597
-842
-1016
-934
-797
-619
-303
-154
-43
55
96
42
98
265
283
293
415
631
919
1098
1125
1079
977
833
732
872
924
990
1070
1090
1094
1106
1272
1183
1173
1014
890
683
455
380
399
515
424
420
455
330
301
289
385
580
685
871
913
963
955
1028
1168
1130
1105
1146
1200
1140
1140
1095
910
683
429
345
215
368
350
309
417
272
192
-4
84
214
440
409
596
588
618
659
728
915
926
1029
866
831
902
951
1011
978
1119
1209
1175
1031
880
841
778
697
626
696
599
591
553
478
645
474
352
157
67
-14
-83
-135
-264
-293
-306
-47
139
346
415
368
336
273
221
332
380
284
175
28
-47
48
69
-22
-186
-361
-515
-528
-478
-409
-277
-390
-686
-673
-827
-957
-946
-911
-888
-848
-1083
-1100
-965
-862
-571
-524
-494
-619
-531
-466
-419
-263
-146
-147
-210
-72
92
79
121
96
-6
-65
6
42
14
-64
-7
-41
-88
74
69
164
237
340
317
460
456
359
293
189
175
282
342
437
408
375
244
215
322
499
483
375
387
279
301
15
-162
-362
-670
-894
-982
-855
-687
-584
-571
-542
-509
-483
-619
-617
-632
-647
-713
-843
-642
-728
-713
-506
-446
-346
-350
-316
-158
-211
-124
-94
-161
-275
-307
-356
-388
-255
-366
-425
-583
-617
-698
-673
-616
-637
-541
-490
-402
-640
-694
-718
-576
-514
-638
-572
-433
-204
-148
12
183
340
186
269
164
108
201
223
255
81
-42
-62
-102
-232
-425
-621
-765
-808
-628
-431
-138
69
129
251
234
320
386
477
455
489
395
441
536
571
611
547
507
340
160
41
248
196
-7
-117
-490
-535
-519
-399
-438
-531
-610
-626
-523
-523
-458
-523
-788
-1028
-1268
-1391
-1221
-1212
-1097
-981
-986
-859
-877
-718
-588
-494
-396
-389
-265
-93
-11
87
137
114
-122
-271
-580
-854
-1006
-1043
-1068
-1000
-989
-1181
-1402
-1659
-1701
-1468
-1162
-1090
-1073
-1008
-961
-873
-580
-401
-275
-197
-425
-380
-209
-78
216
390
468
523
456
449
464
696
672
638
512
287
303
166
144
210
234
148
7
-186
-60
-45
71
250
241
350
558
844
1047
1274
1360
1474
1548
1673
1706
1761
1846
1868
1867
1848
1777
1689
1602
1631
1598
1361
1167
1074
1063
1093
953
899
669
329
86
-173
-197
-217
-349
-301
-299
-351
-328
-185
18
181
241
320
378
422
557
757
852
1052
1064
894
822
669
633
596
503
357
224
49
123
140
-150
-204
-421
-702
-1035
-1092
-989
-930
-944
-971
-929
-857
-784
-745
-622
-646
-488
-348
-247
-110
-111
144
66
21
98
174
214
311
352
394
546
447
398
203
-72
-169
-180
-65
-181
-366
-622
-713
-789
-742
-795
-730
-673
-735
-602
-452
-27
72
234
228
296
262
108
265
334
634
800
802
549
480
371
311
294
293
195
-193
-379
-262
-282
-372
-505
-694
-881
-865
-880
-985
-983
-1199
-1285
-1289
-1176
-1075
-977
-874
-694
-729
-754
-621
-628
-472
-293
-248
-158
-178
-244
-257
-259
-68
-115
-124
-219
-145
-33
-25
85
-145
-396
-426
-535
-566
-647
-583
-497
-550
-629
-643
-510
-544
-488
-378
-284
-119
-44
-61
-2
184
301
368
503
624
389
416
391
564
519
362
193
177
239
27
84
-44
-139
-164
-235
-296
-427
-371
-462
-514
-358
-299
-139
-282
-197
-212
-4
-23
-136
-272
-471
-555
-471
-235
-187
-172
-379
-388
-397
-272
-74
-159
-190
-174
-268
-151
-115
-133
-138
-197
-307
-369
-574
-741
-819
-952
-1029
-896
-967
-813
-609
-556
-473
-630
-712
-874
-874
-889
-865
-770
-719
-699
-592
-506
-362
-189
-215
-299
-438
-351
-378
-509
-519
-618
-642
-579
-506
-468
-477
-585
-422
-455
-348
-262
-345
-448
-538
-414
-585
-749
-839
-1028
-910
-807
-777
-655
-763
-868
-999
-862
-605
-731
-854
-1058
-1125
-1007
-949
-793
-898
-1048
-1244
-1394
-1358
-1217
-1042
-768
-466
-409
-329
-241
-395
-256
-90
27
103
197
217
228
343
234
183
95
32
-157
-157
-306
-218
-7
117
256
434
544
456
319
166
235
179
312
534
580
633
769
800
759
710
514
410
333
363
566
698
700
558
568
532
384
297
144
248
341
362
487
421
548
659
708
688
470
417
363
405
240
488
700
847
943
927
1021
1023
1181
1204
1222
1361
1299
1222
1255
1267
1356
1428
1340
1232
978
748
527
399
425
323
335
372
377
542
596
658
587
353
387
473
466
331
240
212
247
358
518
695
747
718
717
695
659
530
511
423
408
505
535
564
557
509
354
321
350
303
279
156
76
108
170
102
195
91
-16
-107
-140
116
237
329
409
361
342
388
428
612
810
899
608
547
331
118
246
266
407
617
765
817
852
766
685
689
783
786
604
631
600
440
359
311
327
262
111
48
124
32
-86
-41
74
187
370
376
404
559
469
255
55
83
132
254
390
326
449
475
428
269
55
-230
-522
-704
-772
-747
-566
-596
-645
-789
-1046
-922
-900
-834
-638
-446
-656
-733
-835
-941
-774
-563
-372
-399
-531
-735
-853
-703
-895
-718
-457
-527
-397
-320
-125
-135
-123
-391
-505
-454
-447
-424
-499
-330
-350
-337
-187
-86
-105
-219
-450
-456
-440
-436
-362
-490
-407
-389
-408
-221
-80
-57
73
116
202
446
450
419
473
380
379
370
240
148
-119
-269
-362
-334
-328
-460
-472
-380
-402
-246
-250
-141
-39
-151
-75
-158
-82
-47
-141
-437
-701
-691
-721
-703
-643
-636
-558
-639
-592
-495
-521
-689
-710
-636
-521
-453
-317
-295
-403
-475
-656
-848
-986
-1012
-971
-1028
-1034
-1047
-1085
-1106
-1206
-1207
-1161
-1170
-1205
-1095
-1178
-1023
-834
-853
-644
-560
-452
-495
-569
-534
-368
-345
-308
-165
-238
-148
-265
-268
-270
-281
-193
-139
-99
-23
95
86
145
159
133
181
204
80
9
27
-60
-49
-72
-222
-145
-271
-271
-77
89
309
229
142
184
290
392
540
618
508
440
398
397
379
406
377
405
416
386
563
781
731
795
824
787
686
615
719
798
829
939
1078
951
1039
1065
925
908
787
602
584
349
283
517
556
647
661
729
830
1022
976
841
717
472
408
423
362
403
418
252
170
242
200
212
391
389
424
374
351
383
536
684
817
807
779
721
800
761
716
788
541
483
380
376
445
567
570
596
481
286
358
304
437
519
497
490
332
417
553
513
559
539
535
488
392
352
287
309
396
388
467
739
830
805
625
551
449
491
625
645
762
696
658
641
594
391
214
127
-77
22
77
23
64
91
41
47
268
197
99
35
-85
-90
-49
139
206
101
-12
-58
-21
-33
-82
-246
-377
-522
-645
-519
-330
-203
74
42
140
8
-218
-262
-313
-360
-243
-130
-129
-69
-108
110
66
146
250
158
115
-91
-23
11
-36
78
176
144
70
115
240
247
169
120
118
139
236
194
290
401
516
483
337
163
-20
-107
-143
-140
-106
-18
72
-15
-13
214
145
300
411
331
395
464
574
554
719
958
974
860
853
734
560
405
343
400
370
483
446
437
383
287
82
23
21
19
26
-141
-282
-418
-306
-19
3
-13
31
-114
-228
-284
-223
-181
-158
-230
-109
-191
-222
-225
-276
-224
-180
-290
-408
-545
-725
-796
-881
-930
-1202
-1259
-1206
-1170
-1041
-1174
-1193
-1430
-1542
-1246
-987
-824
-816
-756
-808
-696
-529
-611
-687
-793
-632
-583
-510
-456
-579
-457
-514
-399
-343
-319
-254
-360
-476
-568
-638
-623
-633
-622
-613
-560
-438
-640
-753
-1034
-1226
-931
-835
-779
-736
-868
-638
-541
-532
-576
-697
-728
-562
-586
-456
-95
-229
-204
-108
-84
50
-33
-183
-338
-527
-640
-675
-727
-721
-701
-721
-782
-694
-493
-535
-355
-281
-207
-133
-241
-259
-129
-3
146
334
354
313
403
388
655
945
1045
891
786
672
661
718
642
640
470
358
365
377
206
197
23
-185
-231
-303
-282
-545
-704
-625
-614
-506
-553
-472
-525
-527
-328
-299
-137
44
140
150
148
293
398
296
243
450
427
401
404
274
29
31
106
155
429
454
336
180
42
-36
72
251
69
100
21
24
243
291
296
328
214
575
829
1059
1161
1200
1289
1344
1296
1290
1389
1247
1285
1242
1194
1164
1127
1118
1159
1339
1171
902
617
359
433
592
604
764
665
547
726
657
637
492
343
302
302
282
617
592
637
604
564
616
676
614
478
602
404
185
85
96
272
202
1
-104
-332
-549
-296
-55
52
101
72
107
120
203
324
323
166
-47
-274
-95
0
0
0
0
0
0
0
0
0
0
0
0
0
0
0
0
0
0
0
0
0
0
0
0
0
0
0
0
0
0
0
0
0
0
0
0
1
0
0
0
0
-1
0
0
0
0
0
0
0
0
0
0
0
0
0
0
0
0
0
0
0
0
0
0
0
0
0
0
0
0
1
0
0
0
0
0
0
0
0
0
0
0
0
0
0
0
0
0
0
0
0
0
0
0
0
0
1
1
0
0
0
-1
1
1
0
0
0
0
0
0
0
0
0
0
0
1
0
0
0
0
0
0
0
0
0
0
0
0
0
0
0
0
0
0
0
0
0
0
0
0
0
0
0
0
0
0
0
1
0
1
0
0
0
0
0
0
1
0
0
1
-1
0
0
0
0
0
0
0
0
0
0
0
-1
0
-1
0
0
0
0
0
-1
0
0
0
0
0
0
0
0
0
0
0
0
0
0
0
-1
0
0
0
0
0
0
1
0
0
0
0
0
0
0
0
0
0
0
0
0
0
0
1
0
1
0
0
0
0
1
0
0
0
-1
0
0
0
0
0
0
0
0
0
0
0
0
0
0
0
0
0
0
0
0
0
0
0
0
0
0
0
0
0
0
0
0
0
0
0
0
0
0
0
0
0
0