0
0
0
0
0
0
0
0
0
0
0
0
0
0
0
0
0
0
0
0
0
0
0
0
0
0
0
0
0
0
0
0
0
0
0
0
1
0
0
0
0
-1
0
0
0
0
0
0
0
0
0
0
0
0
0
0
0
0
0
0
0
0
0
0
0
0
0
0
0
0
1
0
0
0
0
0
0
0
0
0
0
0
0
0
0
0
0
0
0
0
0
0
0
0
0
0
1
1
0
0
0
-1
1
1
0
0
0
0
0
0
0
0
0
0
0
1
0
0
0
0
0
0
0
0
0
0
0
0
0
0
0
0
0
0
0
0
0
0
0
0
0
0
0
0
0
0
0
1
0
1
0
0
0
0
0
0
1
0
0
1
-1
0
0
0
0
0
0
0
0
0
0
0
-1
0
-1
0
0
0
0
0
-1
0
0
0
0
0
0
0
0
0
0
0
0
0
0
0
-1
0
0
0
0
0
0
1
0
0
0
0
0
0
0
0
0
0
0
0
0
0
0
1
0
1
0
0
0
0
1
0
0
0
-1
0
0
0
0
0
0
0
0
0
0
0
0
0
0
0
0
0
0
0
0
0
0
0
0
0
0
0
0
0
0
0
0
0
0
0
0
0
0
0
0
0
0
-476
-446
-410
-436
-356
-411
-319
-261
-162
-35
-129
0
-30
63
109
94
143
-31
-26
-146
-183
-326
-402
-333
-320
-271
-224
-224
-300
-308
-341
-169
-123
-161
-91
-301
-314
-223
-65
89
116
55
-29
-6
-19
22
148
249
208
210
149
59
134
153
153
176
164
130
215
263
300
258
252
239
127
168
37
16
-37
88
231
391
513
561
442
289
424
385
274
106
162
169
104
-95
-94
-76
-96
121
236
255
270
176
169
167
70
137
164
266
308
380
473
281
346
263
210
340
334
454
352
345
321
294
271
212
203
229
182
277
261
250
259
219
307
286
167
42
-35
-131
-265
-138
-49
-36
-26
23
32
160
172
160
56
-24
-87
-221
-286
-207
-160
-240
-94
-170
-216
-298
-437
-378
-258
-170
-194
-78
-131
-261
-348
-330
-262
-231
-239
-324
-406
-602
-476
-406
-218
-191
-179
-244
-172
-94
-5
96
304
277
192
234
139
265
190
194
36
60
-49
-20
24
152
305
246
82
-36
-31
-84
85
241
182
198
306
269
448
608
783
755
649
451
353
464
481
630
731
671
718
591
724
766
809
696
558
468
359
471
509
715
650
627
588
617
460
561
645
757
937
859
882
771
696
815
774
866
769
464
410
354
386
536
369
276
283
132
325
446
521
589
435
340
385
493
634
724
725
586
646
812
894
909
712
759
666
631
628
604
506
317
189
86
21
-174
-166
-31
140
180
219
184
112
2
-32
-120
-185
-278
-153
-115
-233
-140
-132
-7
-142
-194
-127
-203
-341
-376
-393
-369
-515
-393
-393
-486
-437
-412
-372
-305
-456
-460
-443
-556
-574
-595
-546
-473
-435
-563
-495
-449
-400
-571
-741
-689
-593
-514
-531
-507
-664
-677
-723
-803
-699
-664
-612
-546
-480
-347
-265
-202
-156
-182
-161
-175
-189
-292
-411
-336
-256
-290
-444
-307
-270
-323
-280
-379
-467
-497
-781
-766
-629
-606
-568
-601
-501
-456
-473
-407
-276
-179
-196
-184
-111
-257
-261
-204
-218
-229
-287
-206
-149
-145
-197
-126
-9
-15
-6
13
-53
-127
-68
50
233
145
100
10
26
23
44
46
76
-12
-52
22
93
159
115
92
20
78
76
147
317
365
318
316
333
456
391
484
464
530
640
617
560
422
427
370
526
649
735
645
580
680
677
673
567
505
492
351
404
228
265
209
22
114
128
104
253
194
-84
-56
-38
46
-17
-9
-2
24
103
133
-36
-188
-157
-154
-96
-83
-131
-124
-131
-177
-234
-175
-201
-284
-384
-375
-269
-96
17
-104
-218
-143
-128
72
91
80
32
66
83
89
237
324
336
328
331
297
373
361
403
477
452
294
352
509
522
534
513
518
424
443
456
447
572
549
538
490
408
346
207
101
303
270
332
341
309
390
397
638
704
704
739
665
635
571
796
934
1008
983
725
695
612
539
522
450
454
337
267
371
382
408
396
372
163
100
5
65
4
102
161
56
34
55
53
-60
-39
68
227
294
454
404
346
351
349
323
314
402
463
516
514
554
509
452
417
596
755
743
700
697
667
541
667
579
630
590
552
556
401
502
717
760
684
635
595
465
331
339
355
323
238
319
325
327
437
378
227
186
40
-71
-71
-165
-134
-140
-99
-229
-355
-494
-728
-843
-811
-946
-816
-774
-950
-858
-1017
-1071
-1181
-1198
-1209
-1277
-1191
-1116
-1026
-872
-918
-839
-892
-870
-746
-821
-877
-781
-779
-750
-690
-764
-829
-1029
-1077
-917
-830
-739
-638
-602
-529
-568
-531
-399
-483
-664
-761
-712
-759
-705
-719
-631
-741
-886
-917
-898
-886
-928
-820
-802
-883
-902
-864
-947
-847
-724
-755
-671
-721
-621
-633
-586
-338
-386
-259
-278
-279
-268
-230
-212
-242
-149
-228
-208
-263
-386
-548
-542
-524
-581
-443
-515
-571
-682
-852
-940
-940
-981
-908
-1058
-908
-871
-923
-894
-977
-981
-793
-664
-621
-489
-512
-450
-505
-485
-321
-386
-311
-227
-185
-190
-172
-148
-166
-216
-71
26
133
11
-65
28
-81
146
107
173
55
-19
182
120
191
197
268
119
136
228
174
218
197
163
187
75
16
-2
42
109
265
342
317
417
433
380
261
341
371
414
314
312
323
218
350
318
325
286
405
307
407
321
302
338
195
164
114
373
224
224
192
-63
-190
-245
-164
-160
-192
-84
-65
60
99
151
65
54
35
196
285
224
201
71
136
-45
-47
-52
-24
1
-42
-22
-96
109
-65
-113
-49
-122
-191
-61
-29
-181
-132
-269
-389
-495
-515
-450
-299
-253
-170
-153
-85
49
81
125
151
259
370
565
474
571
474
495
593
460
347
412
384
444
543
460
458
452
422
261
265
247
138
102
109
14
145
92
207
186
168
286
382
414
447
472
505
658
710
598
577
674
576
740
719
817
854
907
1144
1130
1179
1002
931
924
943
1102
1045
974
949
817
773
868
994
1045
995
846
702
620
581
640
591
540
390
509
422
449
538
484
465
380
386
335
341
372
332
264
274
277
343
60
26
3
-157
-9
74
136
124
169
42
110
160
73
28
-146
-116
-122
-297
-215
-182
-200
-86
50
190
192
159
165
134
261
274
249
310
137
-10
-23
123
103
60
169
17
-110
18
-20
-155
-209
-425
-595
-637
-641
-512
-481
-557
-717
-749
-572
-580
-644
-626
-725
-759
-721
-639
-282
-381
-432
-595
-728
-735
-694
-555
-548
-529
-559
-591
-556
-491
-409
-278
-322
-464
-458
-489
-446
-418
-340
-347
-372
-316
-600
-515
-720
-871
-795
-803
-569
-570
-515
-479
-499
-525
-574
-725
-600
-515
-519
-535
-402
-323
-407
-446
-226
-180
-253
-479
-348
-174
69
118
199
128
-40
63
62
205
242
168
90
23
-99
67
189
97
224
236
-2
-144
-245
-118
-47
-81
-82
-49
-29
-141
180
172
184
172
96
229
315
159
22
-39
-52
-232
-283
-192
-230
-306
-489
-410
-359
-408
-270
-316
-306
-138
-152
-265
-155
-74
-87
-214
-247
-303
-147
-23
-240
-100
-315
-393
-440
-462
-81
-189
-219
-197
-210
-122
-4
223
313
323
220
121
136
169
423
484
335
277
10
-40
28
1
175
326
156
139
108
58
222
239
77
11
-39
59
53
90
378
423
322
168
218
234
320
310
342
489
412
404
542
664
790
725
562
526
559
611
740
794
689
452
289
166
103
-83
-118
1
12
-4
10
-108
-41
-98
-207
-166
-135
-166
-192
-116
-86
-75
-111
-310
-369
-182
73
137
112
20
70
172
127
116
141
-37
-202
-69
53
64
269
56
99
-51
-40
-25
-151
-50
-92
-171
-222
-129
-202
3
-77
1
24
-50
-56
92
65
50
233
95
285
338
418
260
113
123
186
441
615
623
452
343
287
345
398
579
515
495
406
292
311
237
285
400
412
315
307
208
354
502
709
892
1011
927
813
709
722
823
932
879
698
623
574
730
767
907
808
613
662
676
729
768
732
584
387
331
465
305
391
397
411
363
149
190
126
124
84
-8
-46
-36
-117
-124
-91
-50
-104
-143
-233
-348
-286
-331
-587
-443
-484
-441
-350
-421
-252
-523
-532
-582
-569
-503
-497
-515
-441
-309
-307
-440
-432
-548
-576
-651
-783
-583
-766
-828
-669
-634
-496
-475
-481
-456
-603
-532
-467
-307
-259
-207
-229
-412
-527
-617
-551
-398
-429
-332
-307
-351
-246
-51
19
130
201
354
420
331
181
12
-41
-304
-234
-105
-125
92
123
133
108
36
-126
-196
-113
-149
7
-128
-296
-160
-347
-346
-288
-115
-76
-208
-173
-168
-312
-252
-336
-279
-151
-318
-241
-176
-89
110
273
214
123
-75
-301
-352
-183
-5
136
140
30
-124
-209
-132
-168
-208
-229
-198
-238
-247
27
55
0
-110
-240
-418
-425
-491
-410
-219
-11
217
284
343
218
150
145
209
401
409
594
702
802
783
742
759
545
265
154
199
318
422
423
156
75
27
173
179
46
-160
-427
-515
-360
-137
-40
19
-105
-297
-276
-88
30
253
11
-68
-269
-347
-137
-18
108
53
-43
-293
-290
-498
-553
-368
-130
-76
-74
-53
-218
-241
-341
-474
-504
-571
-545
-603
-584
-653
-782
-739
-754
-669
-741
-670
-503
-293
-185
-215
-392
-373
-368
-80
91
200
219
79
-85
-255
-334
-269
-104
-32
205
73
-156
-263
-129
-10
25
14
-139
-256
-426
-489
-476
-474
-640
-621
-596
-561
-491
-473
-467
-432
-446
-566
-676
-618
-496
-228
32
-24
-23
-266
-481
-249
-168
-83
-48
-150
-201
-329
-233
-144
-256
-351
-412
-321
-549
-435
-498
-631
-775
-913
-767
-724
-626
-505
-433
-495
-629
-604
-418
-261
-28
103
211
293
254
285
243
247
470
385
489
567
401
537
696
717
630
551
554
751
854
1060
1097
1057
975
863
869
910
1155
1238
1130
986
801
841
916
1008
1044
893
875
1016
966
980
1052
1169
1181
1090
1162
991
912
839
802
915
944
1037
1019
874
682
684
635
670
613
492
294
395
400
466
410
212
48
-288
-337
-262
-70
-60
-69
-167
-263
-309
-369
-305
-158
-257
-434
-274
-400
-340
-281
-247
-116
-271
-391
-529
-396
-399
-288
-278
-333
-263
-332
-474
-368
-322
-376
-533
-624
-613
-481
-363
-106
-148
-350
-560
-685
-577
-522
-401
-368
-335
-447
-632
-433
-368
-384
-309
-371
-452
-530
-577
-530
-534
-419
-238
-212
-299
-99
-154
-93
-34
-28
208
115
96
154
47
26
20
35
44
37
100
235
315
321
200
130
223
132
50
209
270
359
425
383
397
228
170
90
-1
10
43
-6
142
336
450
392
180
207
221
214
459
615
636
542
589
504
449
496
539
586
339
290
157
7
36
79
202
271
225
307
188
60
86
-7
22
9
144
88
130
222
207
211
250
187
44
197
227
310
354
374
410
263
446
389
302
340
215
243
218
279
251
130
89
-47
-35
-194
-202
-325
-509
-472
-476
-468
-597
-727
-759
-723
-571
-498
-434
-540
-500
-444
-477
-531
-634
-516
-345
-360
-259
-159
-231
-276
-317
-296
-242
-233
-348
-202
-131
-117
-152
-325
-368
-460
-438
-554
-593
-610
-768
-980
-936
-886
-983
-975
-1072
-954
-1004
-951
-833
-772
-931
-981
-1015
-852
-782
-772
-704
-929
-892
-1041
-1114
-1047
-939
-938
-934
-933
-923
-1058
-1092
-1125
-1137
-997
-703
-591
-708
-771
-752
-718
-764
-758
-907
-712
-551
-535
-360
-383
-391
-544
-651
-462
-340
-310
-222
-128
-183
-343
-338
-427
-303
-248
-40
148
271
229
151
254
377
358
364
354
298
338
326
445
466
584
537
587
704
673
620
609
649
782
829
884
1042
1105
1189
1234
1040
971
986
1013
1129
1219
1291
1254
1091
942
887
899
953
886
800
853
828
701
620
541
493
441
504
527
580
511
445
549
589
489
348
364
471
569
647
606
522
465
347
512
643
789
837
848
738
820
814
834
935
879
643
578
597
542
579
500
364
357
469
536
526
346
190
135
43
-32
-39
120
199
242
265
142
180
110
80
215
336
460
494
275
300
289
240
157
123
176
125
-25
-280
-192
-163
-165
-268
-360
-306
-300
-491
-640
-678
-920
-855
-862
-845
-840
-961
-946
-943
-947
-803
-764
-641
-582
-528
-403
-402
-459
-448
-493
-405
-374
-417
-466
-441
-474
-591
-544
-580
-474
-518
-566
-473
-333
-191
-175
-187
-77
42
192
473
514
415
214
232
348
290
393
581
607
588
770
645
609
608
596
602
634
644
615
617
564
458
478
470
558
441
560
568
453
536
520
605
759
752
740
619
455
446
576
661
804
774
725
652
527
414
337
417
352
420
244
246
102
-127
-40
-192
-203
-74
-68
-87
-151
-165
-229
-251
-189
-245
-391
-348
-517
-516
-364
-373
-326
-253
-151
-67
8
-93
-179
-105
-136
-71
-143
-257
-227
-473
-590
-639
-664
-737
-680
-808
-983
-827
-885
-772
-830
-758
-549
-545
-540
-525
-592
-653
-608
-444
-370
-289
-251
-166
-98
-31
103
-35
-98
-164
-142
-190
-109
-126
-246
-443
-641
-787
-825
-808
-853
-948
-1086
-1191
-1181
-998
-1015
-1051
-880
-763
-729
-719
-700
-631
-612
-605
-504
-473
-310
-177
-336
-181
-248
-395
-411
-455
-439
-409
-337
-501
-597
-714
-959
-901
-882
-858
-972
-983
-932
-949
-770
-763
-554
-441
-323
-275
-249
-85
36
43
73
124
99
242
192
269
373
334
507
468
498
758
736
817
819
957
1082
1018
993
866
784
804
931
854
951
1074
1070
1105
1074
1024
977
1101
1082
1318
1558
1465
1266
1143
1217
1271
1241
1315
1367
1240
1347
1272
1188
1153
1014
988
970
1064
1012
1013
828
761
750
746
907
945
894
785
544
354
366
434
542
532
536
484
321
219
294
365
579
597
491
663
630
619
637
602
603
629
500
291
120
108
97
132
238
317
415
422
468
443
344
232
158
341
280
282
266
188
208
35
213
295
402
342
407
176
354
65
1213
3444
2457
252
-342
979
1905
1466
975
681
171
1011
1865
3023
2027
2635
2974
5603
7556
7368
8488
8207
8987
8742
9322
8915
7902
6700
5696
5399
4660
1351
-411
-2889
-6544
-6751
-6512
-6836
-8364
-10261
-10717
-11084
-12251
-11537
-10342
-7579
-5223
-3023
-834
-451
-589
908
3579
6845
8656
10989
10887
10431
9821
8770
8287
8398
7896
8009
7497
4717
3658
1416
39
-1582
-2377
-2723
-3599
-4831
-6414
-8314
-8841
-8830
-8958
-8530
-9115
-9410
-9548
-10563
-9565
-8703
-7096
-5913
-5067
-3612
-3483
-3337
-3279
-2371
-284
1630
3375
4817
3125
2903
2504
2612
3395
3160
2890
3164
2732
1527
-46
-924
-1469
-2850
-2681
-3504
-2925
-3899
-5766
-6215
-7510
-8048
-6933
-6413
-6199
-6190
-7769
-7380
-6424
-6012
-4166
-1583
-1476
-1526
-1035
-2234
-1802
289
1910
3783
4861
2962
2131
1946
-216
-49
1748
2771
3657
2318
591
-638
-1047
-869
-800
-1112
-79
268
158
1451
901
-530
-929
1274
1853
2570
3075
559
-313
406
1453
2599
1097
-320
-591
-928
-987
-1511
-1204
-1415
-943
553
654
-1516
-3001
-3315
-1574
1649
3162
2068
2243
152
-92
1806
1419
1990
3710
4077
4100
2120
-4
66
314
1010
2484
2844
773
1157
-505
-1759
68
369
427
2351
946
180
-937
-1716
-1432
-726
-792
152
-123
-2595
-1991
-1887
-2593
-965
-332
-1439
-659
-1772
-1855
-1607
-1128
-302
757
1707
1278
712
979
-147
1055
1092
2130
1554
742
1613
585
-703
-497
553
1026
1447
1361
13
-751
8
-492
1063
2035
1077
143
-1275
-1077
-1726
-1823
-786
-1010
-1253
-1437
-2080
-3452
-3839
-3501
-4501
-3646
-2554
-1539
-812
-639
-1636
-2220
280
-435
791
1125
218
1296
403
1038
1002
878
-432
794
1291
1570
1962
359
413
736
1697
2451
2105
715
-709
-627
-624
760
1031
306
-191
-1106
-1264
-628
-1116
-1223
-464
-531
-364
201
-1119
-1928
-1086
-1369
823
2048
1904
1215
269
106
1328
1256
2169
3553
2635
1877
1899
1232
1159
2165
1781
1907
2748
2191
2001
1485
989
630
1207
1686
714
1915
916
452
1071
-55
-233
588
571
1231
904
-481
-472
-570
-748
890
1677
452
705
-587
-1157
-825
-977
-112
1522
2180
868
-763
-1904
-1762
-1119
45
1153
1271
54
-71
-532
-1265
-1087
-848
588
1376
778
210
-715
-319
-357
44
585
840
125
-209
-79
-1062
-927
-1102
-1682
-911
-1236
-1432
192
-163
170
80
627
1908
1965
1115
1166
1339
763
1906
2013
1204
355
-56
-60
-505
-1038
-810
-1120
-1338
-1128
-1483
-2353
-2831
-3026
-3394
-2538
-1879
-2363
-2452
-2741
-2858
-2420
-1463
-1317
-641
-61
54
418
318
277
206
189
38
241
920
65
150
1091
1252
688
-91
-968
-1301
-1737
-1183
-536
-1413
-2557
-2209
-2608
-3671
-3236
-4397
-4588
-3534
-3358
-2769
-2530
-3405
-3757
-3162
-2266
-966
-358
-266
1162
2089
2447
3378
2332
2924
4261
4111
4303
4500
3986
3967
3909
2823
1585
563
-305
-317
-635
-993
-1471
-3214
-2872
-2773
-3560
-3849
-4999
-5431
-4370
-3338
-2454
-1863
-2264
-2856
-2617
-2213
-343
654
2041
3007
2918
3698
4091
3375
3837
5184
5351
6221
6072
5077
4760
4025
3981
3355
2835
2954
2134
293
185
-39
-923
-1000
-632
-383
-1032
-1478
-1979
-1579
-1240
-341
265
121
446
650
707
831
1761
2587
3397
3152
2967
2833
2990
3014
2947
3601
3621
3173
2360
1742
1244
1205
1284
1256
1581
24
-1630
-2977
-3995
-3423
-3175
-3371
-3415
-4401
-5661
-5072
-4783
-5168
-5103
-4118
-3238
-2616
-2391
-2358
-3051
-3738
-2202
-682
27
-70
-710
-1395
-2024
-1945
-1825
-1567
-1565
-2246
-2872
-3645
-4997
-5412
-6044
-5748
-5077
-5545
-5492
-5889
-5799
-5696
-5298
-4983
-4686
-3949
-3220
-2014
-1326
-1507
-1789
-1913
-1248
972
2966
3335
3409
3064
2521
2582
3377
4656
5325
5822
6331
5998
5118
3778
3770
5236
6300
7488
7884
7349
5688
4763
4683
5928
7424
8796
9192
7862
7387
6418
6809
8110
9789
11079
10989
10018
8614
7001
6961
7245
7267
8495
7795
5867
3681
1499
729
650
1199
1268
565
-1244
-2429
-3701
-4586
-4731
-3960
-3230
-3572
-4679
-5547
-6525
-8074
-7604
-6498
-5953
-5901
-6049
-6525
-7355
-8421
-8318
-7597
-7236
-7108
-7259
-8159
-9493
-9927
-10468
-10588
-10300
-10196
-9662
-9854
-10392
-10922
-11941
-12130
-10857
-10621
-10858
-10394
-10537
-11069
-11352
-11561
-10976
-9568
-7741
-5809
-4675
-4416
-4499
-3020
-1275
354
2536
5379
7378
7750
8535
9427
10756
12280
14116
16265
17757
18375
18135
18325
17851
18509
19734
20250
20560
18260
16429
15912
15720
15544
14107
12576
10709
9393
8399
8208
7412
5641
4882
4446
3478
2776
2240
1580
1331
1230
2534
3336
2567
1852
891
498
1117
2371
3488
3605
3057
1737
443
-74
-653
-343
132
564
-305
-1999
-3250
-4829
-5927
-6202
-5803
-5943
-6410
-7354
-9173
-10725
-11180
-11298
-10862
-10925
-11413
-12503
-13354
-13865
-14325
-14147
-13443
-13435
-14150
-14464
-14469
-14295
-14407
-14021
-13125
-12656
-11809
-11563
-11416
-11581
-11526
-11104
-10131
-8828
-7540
-7399
-8184
-7799
-6298
-4069
-1792
17
1254
1652
2045
4233
6293
8662
10655
12540
13958
14076
14425
15072
15421
16229
17827
18370
17864
17030
16134
15449
14103
13334
12771
12707
12338
11509
10285
8553
7356
6370
5544
5144
5295
5743
5984
5869
5353
5288
4796
5068
6238
7412
8317
8447
8197
7834
6798
6166
6395
6625
6614
5514
4459
2773
1262
408
255
1
-1344
-3066
-5111
-6705
-8058
-8366
-8349
-9076
-10214
-10535
-11326
-11682
-11656
-11808
-10534
-9945
-9939
-10077
-10431
-10324
-9898
-9200
-8639
-7869
-7701
-7430
-7972
-8173
-8608
-9202
-8155
-7991
-7457
-7740
-8281
-8952
-9879
-9393
-9140
-9519
-9404
-8986
-8455
-8688
-8726
-8252
-7794
-7289
-6313
-5713
-4879
-4476
-4271
-4119
-3189
-1598
-692
-274
494
1033
1577
2149
1879
1888
1971
2756
3452
3742
4121
4780
4598
4255
4810
5351
6235
6878
7482
7199
6986
6944
7710
8495
8845
9294
9103
9413
9385
9598
9633
9514
9098
9074
8691
8497
9477
9694
8699
8140
7376
6434
6018
6204
6408
5715
5393
4906
4279
3543
3128
2572
2221
2135
1856
1590
1164
87
-1103
-1683
-1635
-952
-1254
-2051
-1792
-2209
-2395
-2760
-3114
-3244
-3501
-2845
-1951
-1020
-906
-1103
-2401
-3342
-3338
-2616
-1307
-1140
-1583
-2074
-2942
-3179
-2448
-2304
-2905
-3892
-4293
-3965
-4020
-3384
-3483
-4983
-5422
-5839
-5991
-5254
-4648
-3689
-2173
-2974
-3997
-4351
-4695
-4380
-3558
-1926
-975
567
105
-1349
-1917
-1913
-1388
-1085
-890
-164
346
-315
-639
-1525
-1802
-1721
-2476
-2343
-2588
-2735
-2011
-1788
-2371
-3063
-3908
-3695
-2554
-2365
-1627
-1248
-1422
-806
374
875
1086
1784
2274
2748
3896
5376
6801
6778
6928
7282
7354
8159
8208
8561
8544
8624
8692
7906
7071
5796
5301
5445
5614
5230
5093
5313
4910
4710
4356
4178
4272
4400
5155
5321
5092
5153
5500
4968
4464
4781
4101
3649
4902
4437
3827
2941
1591
2337
2524
1243
247
460
438
991
896
763
-190
-1833
-1452
-996
-1031
-375
-899
-1896
-1587
-1722
-1262
-2128
-2291
-2316
-4795
-4834
-3399
-4195
-6403
-7532
-7477
-7903
-8454
-8820
-10780
-12282
-12000
-11883
-12476
-13042
-14070
-15247
-15565
-16608
-16483
-17335
-18333
-18371
-18012
-15919
-13520
-12986
-14308
-13723
-12366
-9871
-7290
-4414
-2072
-1089
414
3838
7470
9818
10562
11342
13444
15411
18013
20392
21619
21159
19741
19296
19359
18865
17505
15974
15222
14206
11950
9596
6486
3333
1443
428
748
475
-303
-1243
-2003
-2739
-2271
-748
1158
3333
5628
7437
8578
9840
11569
13546
15469
17078
17829
18996
18944
18677
18606
17548
16406
15003
14117
12416
9752
6712
3957
976
-1637
-3507
-5030
-7476
-10640
-12682
-14428
-15344
-16134
-17092
-17738
-18487
-18007
-17874
-18182
-18191
-17815
-16695
-16240
-15911
-15219
-14612
-14627
-15384
-15881
-16702
-18017
-18420
-19002
-19595
-21146
-24094
-26303
-27510
-27896
-27317
-26817
-27055
-27011
-25585
-23009
-20204
-17775
-15313
-12847
-9862
-4879
1509
7817
12432
15144
17800
20488
22394
25014
28383
31499
32480
31690
30608
28324
26173
24141
22409
20754
18223
14770
10177
4953
540
-3280
-5653
-7173
-8135
-9398
-11222
-13058
-13855
-13238
-11696
-9144
-6319
-3003
482
3796
6641
10076
14033
18504
22946
26803
29375
30164
30590
31209
32011
32506
31598
30137
28240
25404
22357
18605
14671
10619
7034
3772
184
-3891
-8745
-12654
-15646
-17549
-18532
-19822
-21603
-23092
-24053
-23410
-21947
-20332
-18515
-16947
-15552
-14238
-12059
-10358
-8693
-7561
-6602
-6028
-5497
-5489
-6375
-7406
-8322
-8936
-9997
-12157
-15089
-18202
-21567
-23813
-24478
-24754
-25293
-26210
-26528
-26108
-25885
-24128
-21549
-18483
-15061
-10935
-6630
-2052
2665
7423
11918
16185
20573
23690
26359
28820
30907
31890
32403
32429
31108
28859
26376
24322
21857
18776
15439
11492
6294
1092
-3214
-6544
-8720
-10630
-11942
-13173
-14917
-16172
-16886
-16262
-14422
-12242
-9430
-6119
-2928
375
3800
6654
10057
13892
18044
21947
25038
27122
28725
30140
30990
31042
30164
28880
26945
25037
22549
19259
14772
9888
5859
2769
21
-3963
-8487
-12839
-16493
-18755
-20085
-21283
-22620
-24388
-25429
-24920
-23578
-22116
-20838
-19276
-16916
-14123
-11353
-9510
-7796
-5678
-3279
-1126
223
603
-30
-1470
-2401
-3263
-4629
-7011
-9579
-11912
-14806
-17725
-21003
-23967
-25314
-25127
-24546
-24786
-26082
-26939
-25027
-21669
-18161
-14375
-11281
-7916
-3456
2471
9247
14644
17742
19639
21483
23910
26987
30145
32212
32415
31217
29505
27660
25598
23875
22614
20498
17036
12319
6893
1458
-2680
-5249
-6565
-7648
-9653
-12390
-15156
-17139
-17806
-17378
-15462
-12968
-10399
-8311
-6736
-5199
-3286
-493
3203
7448
10998
13897
16049
17995
19759
21118
22043
23151
24412
24390
23074
20618
17514
14546
12755
11528
9320
5736
1309
-2452
-5327
-7385
-9149
-11085
-13140
-15187
-16438
-17294
-18116
-18712
-18359
-16704
-14877
-13318
-12204
-11405
-10284
-7886
-4764
-2089
-732
-203
185
374
646
707
15
-1509
-3547
-5284
-7296
-10187
-13385
-16694
-19169
-20244
-20477
-20670
-21813
-24020
-26008
-26059
-23242
-19144
-16144
-13790
-11388
-9028
-5169
640
7246
12395
15368
18094
21135
23715
26832
30396
32530
32065
30115
27782
25755
24246
22647
20601
17119
11876
5976
555
-4034
-7442
-9623
-11751
-13744
-16064
-18812
-21464
-23110
-23143
-21481
-18657
-15832
-13839
-12203
-10331
-7715
-3998
-1
4198
8195
10965
13184
15175
17133
19554
21941
23892
24375
23197
21778
21091
20486
19107
16779
14165
11535
9393
7382
4887
1269
-2515
-4851
-5624
-6127
-7365
-9568
-12221
-13960
-14120
-13231
-11980
-11183
-10829
-10130
-8857
-7120
-5653
-4546
-3290
-1218
714
2211
2428
1866
1354
1071
829
211
-1729
-4343
-7123
-9707
-12098
-14691
-17249
-18540
-18044
-17989
-19563
-23056
-24706
-23337
-19294
-14949
-12199
-11654
-12103
-9734
-3777
3881
9868
12547
13539
14804
17858
22557
27330
29765
28891
26491
24326
23015
21856
20472
18165
14426
9778
4490
-878
-5787
-9598
-11949
-12988
-14452
-16441
-19262
-22294
-23934
-23852
-21346
-17690
-14801
-13291
-12539
-11139
-8458
-4369
476
5182
8259
9896
11046
12742
15433
18110
20284
21801
22270
21511
20195
18983
18172
17406
16416
15027
12785
10028
7412
5472
4113
2627
1015
-505
-2047
-3581
-4864
-5925
-6650
-7278
-7254
-6950
-6691
-6520
-6182
-5537
-4586
-3481
-2111
-1135
-810
-381
193
618
700
372
-219
-1156
-2631
-4134
-5890
-8491
-11173
-13732
-15883
-17774
-19444
-20100
-20243
-20818
-22629
-24585
-24128
-20916
-16575
-14226
-13186
-11961
-8871
-3544
3232
9384
11969
12949
14485
18590
23751
27904
30491
30120
27893
25637
24348
23802
22607
21022
17944
13289
7129
1015
-3747
-7410
-9499
-10982
-12835
-15635
-19143
-21872
-23161
-22215
-20270
-18004
-16142
-14836
-13575
-11658
-8485
-4288
-224
2888
5527
7582
9752
12071
14534
17222
19177
20079
20022
20239
20279
19934
19434
18556
17762
15955
13947
11556
9529
8559
8079
7514
5506
2989
491
-1052
-1365
-1174
-1431
-2997
-4816
-5960
-6161
-5814
-5220
-4586
-4526
-4284
-3907
-3376
-2873
-2532
-2164
-1829
-1840
-2328
-2636
-3107
-4225
-5883
-7602
-9289
-11498
-13982
-16497
-18677
-20321
-21084
-20921
-20802
-21454
-23800
-25399
-23826
-19437
-15000
-13738
-13249
-11964
-8226
-2177
4302
9416
11041
12006
14375
19403
24995
28247
29198
27655
25824
24432
23801
23481
21943
19290
14896
9926
4563
-480
-4620
-7723
-9675
-11734
-14417
-17664
-20594
-22053
-21975
-20354
-18077
-16391
-15703
-14845
-13044
-9369
-5073
-1198
1741
3362
4973
6625
10140
13864
16588
17691
17577
18150
18422
19306
19545
19663
18717
17048
15750
13602
11718
9643
8847
8137
6603
4428
1960
434
-613
-728
-1185
-2365
-4430
-6329
-6910
-6739
-6103
-5760
-5820
-6388
-6916
-6379
-5154
-3961
-3337
-3045
-3378
-3557
-3539
-3175
-2996
-3445
-4672
-6723
-8904
-11227
-13109
-14980
-17094
-18142
-19298
-19309
-20050
-21250
-23976
-25731
-22574
-17439
-13348
-14580
-15934
-14450
-8992
-491
6162
9539
8668
8560
12534
19762
27035
30073
29994
27194
24879
25155
26352
27064
24988
21361
16672
11482
6787
2320
-1451
-5311
-7957
-10065
-12526
-16035
-19565
-21462
-21207
-19286
-17427
-16109
-15807
-15261
-13516
-9973
-5391
-1388
1255
2220
3689
6462
10574
13873
15599
16490
16613
17141
17849
18800
19281
18883
18028
15932
13381
11208
10008
9547
9116
7816
5068
2317
472
-329
-283
-607
-1212
-2932
-5020
-6433
-7016
-6843
-6663
-6195
-5884
-6283
-7011
-7159
-6528
-5600
-4742
-3998
-3412
-3549
-4179
-4102
-3370
-3394
-4576
-6637
-8826
-10870
-12410
-13773
-15733
-17756
-19619
-19430
-19327
-20162
-23480
-25459
-22371
-17078
-13636
-15092
-16036
-14132
-8600
-858
5618
9083
8132
8589
13945
22170
28929
30807
29651
27111
26047
28087
30666
30679
26985
21920
17697
14134
10454
6097
1344
-3068
-6558
-8785
-11359
-14817
-17969
-20243
-19929
-18725
-17391
-16712
-16452
-15162
-13271
-9459
-5219
-1782
200
1370
3827
7242
11255
13829
14991
16242
17275
18688
18805
19350
19769
19689
18883
16846
14786
12123
10562
10179
9807
8298
5314
2386
5
-852
-957
-1235
-1978
-3739
-5677
-7312
-8244
-8329
-7778
-7247
-7012
-7486
-8276
-8586
-7594
-6024
-4488
-3558
-3448
-3692
-3807
-3591
-2774
-2613
-3387
-5454
-7711
-9825
-11306
-13223
-14346
-15478
-15723
-16068
-17940
-20673
-24143
-21978
-17576
-13308
-14587
-17739
-16392
-11720
-3659
2336
6394
6270
5627
9926
18022
26311
29360
27973
25597
25160
27808
30623
31203
27802
22330
18050
15826
13655
9631
3774
-2342
-6222
-8906
-10386
-13552
-17254
-20518
-22019
-20876
-20157
-18995
-18576
-17454
-15523
-12705
-8254
-4865
-2416
-1288
1099
5237
9106
12345
13583
14690
15565
17160
18486
18775
18778
18831
18363
16864
14709
12430
10643
9577
8901
7135
4245
1476
-28
-1009
-1969
-3474
-5035
-6168
-6569
-6721
-7602
-9151
-10412
-10230
-9134
-7371
-6391
-6477
-6891
-6604
-5022
-3010
-1544
-1021
-962
-1042
-807
-553
-891
-2547
-4606
-6839
-8450
-10350
-12282
-14160
-14889
-14767
-16674
-19905
-24128
-22019
-17765
-14847
-17379
-20407
-18117
-13383
-5768
-365
2815
2370
1859
7128
16299
25374
29081
27354
24263
22661
26144
30734
32470
29598
23324
18039
15198
14410
12401
7367
475
-5133
-8288
-9868
-11934
-15226
-18820
-21605
-22167
-21575
-20497
-19176
-18058
-16377
-14513
-11201
-6971
-3706
-1350
356
3736
7595
10692
13104
14687
16587
17572
18269
18588
19136
19500
18840
17330
15406
13505
11920
10591
9102
7141
4125
1744
595
167
-670
-2954
-5070
-6885
-7165
-6691
-6785
-7557
-9469
-9759
-9053
-7340
-6121
-5739
-5378
-5487
-4078
-2315
-532
401
199
540
933
1421
864
-735
-2454
-4960
-6676
-8828
-10269
-12067
-13233
-13715
-15858
-19018
-22885
-20640
-16200
-14006
-17553
-21743
-19539
-13861
-6364
-1565
-304
-1729
-2235
3730
13469
21872
25384
23302
20915
20039
24270
29682
31155
28365
22582
17811
14874
13497
12002
7599
1186
-4260
-7783
-10230
-13533
-16636
-18910
-20482
-21657
-22497
-22631
-21651
-19973
-17284
-14348
-11641
-9078
-6808
-4026
-132
3991
7708
10134
12367
14815
17390
19986
21057
21072
20012
19781
20666
20446
19393
16473
13759
11811
10726
10027
6958
3683
1442
872
764
-922
-2931
-5381
-6819
-6374
-6055
-5855
-7585
-8817
-8857
-7587
-5799
-4708
-4096
-4011
-3393
-1571
174
1321
1096
1066
1999
3033
3537
1566
-909
-3931
-5232
-6513
-7073
-8500
-10107
-11886
-15333
-18693
-21015
-16655
-12271
-12402
-18139
-21781
-18235
-11701
-4744
-1210
-1464
-4125
-3471
4947
15324
21207
21981
19749
19116
20559
25502
29779
29417
25410
20699
17562
16021
14009
11127
6065
216
-4093
-7405
-10029
-14416
-18002
-19586
-20669
-21847
-24043
-24727
-23692
-21719
-19452
-16920
-14118
-12236
-10475
-7010
-1545
3040
5470
7012
9574
13641
17667
20704
21246
19959
19738
20692
22543
21681
19738
17072
15044
14714
13498
11276
6520
2943
2204
2743
2305
-1209
-4959
-7307
-8010
-7781
-8139
-8864
-10615
-11111
-10453
-8855
-8255
-8405
-7756
-6128
-3475
-1590
-623
-636
-897
126
1581
3476
3042
1098
-1424
-3492
-4620
-5460
-5915
-6689
-7284
-10122
-14113
-19297
-17420
-11967
-9076
-13482
-20029
-19677
-15846
-8920
-3583
-1483
-4482
-7325
-2803
7507
15440
18387
17037
15657
16328
20006
26092
28374
26193
21446
17773
16276
15048
12434
8605
3375
-452
-3926
-6839
-11127
-16157
-19164
-19686
-19612
-21174
-24036
-25007
-23349
-21105
-18258
-15935
-14055
-12921
-10852
-5321
189
3840
5012
6466
10542
14871
19712
22006
21792
20630
20846
23304
24606
23164
20130
17404
16309
16630
15556
11737
5712
2568
2804
3178
1133
-3034
-6291
-8104
-8270
-8107
-9558
-11854
-13477
-12347
-10231
-9070
-9672
-10757
-10069
-7226
-3100
-678
-614
-1834
-1818
-94
2510
3491
2332
-318
-2272
-4012
-5032
-5644
-6793
-6909
-9039
-11499
-17122
-19350
-15055
-11512
-12051
-19381
-20832
-17780
-12865
-7623
-4895
-4494
-7982
-6816
1378
10265
14283
14155
13625
14522
16625
21446
25576
25392
22206
19306
17847
17234
14416
10938
6097
2053
-101
-2821
-6355
-12400
-16960
-18431
-18430
-18568
-20826
-23342
-23661
-22384
-19577
-17237
-15494
-14573
-13257
-9582
-3606
643
3211
4417
7711
12236
16469
19549
20723
21061
21708
23694
25091
24169
21442
19565
18643
18452
17545
14497
9418
5444
4333
4879
3187
-1105
-5198
-7758
-7686
-7699
-8632
-11411
-14328
-14128
-12296
-9719
-9351
-10380
-10857
-9531
-5813
-2476
-353
-469
-943
-150
1660
3655
3762
2521
1041
-671
-1411
-1851
-2279
-3542
-5747
-8021
-12289
-13880
-11560
-8803
-10047
-15946
-17333
-14006
-9251
-5783
-4759
-4787
-6873
-5291
2007
9752
12952
11845
11658
14016
17488
21745
24508
23739
20970
19301
19436
19302
16899
12721
7881
3145
1525
233
-2497
-8059
-13217
-15303
-16200
-17228
-18658
-20483
-21274
-21433
-20099
-17740
-16238
-14906
-14208
-11197
-6801
-2652
203
2924
6298
9715
12742
16183
18612
19488
20410
21595
22913
22530
21493
20252
18812
17521
15369
13139
10065
7226
5280
3315
765
-2734
-5802
-7962
-9203
-9948
-11120
-13144
-14965
-15709
-14758
-13743
-13152
-12934
-12223
-10963
-9114
-6923
-4389
-2647
-1443
-623
815
2315
2490
2248
1691
998
-120
-1067
-598
-378
-2467
-5943
-10433
-10199
-6842
-4819
-7792
-13389
-13534
-10438
-7086
-4497
-4185
-5235
-6895
-4031
4180
9235
10386
8468
9589
13167
16224
19553
20747
19948
18012
17256
18433
17454
14215
10345
7436
5227
3027
482
-3192
-7458
-11253
-11953
-12807
-15277
-18536
-20125
-18914
-17759
-17623
-17307
-16712
-14624
-12777
-10048
-6795
-4648
-1858
385
4381
7461
10076
12828
15239
17879
18734
19436
19781
21079
21525
20810
19324
17394
15528
13215
11353
9478
6932
3910
532
-2141
-4522
-6758
-8601
-10791
-12532
-14059
-14811
-15606
-16173
-16078
-15429
-14874
-13693
-12139
-10450
-9213
-7513
-5151
-3173
-2074
-1195
63
655
914
596
827
237
-699
-625
430
98
-3370
-7548
-7240
-3769
-2830
-6235
-9926
-8445
-5405
-2866
-2139
-2208
-3041
-3381
335
6904
10514
9381
6952
8292
13003
16722
18316
17096
15129
13822
15292
17521
17086
12026
6811
4251
4291
4329
1574
-3065
-8530
-11877
-12150
-11652
-12611
-15894
-18801
-18811
-17639
-16069
-15610
-14998
-14589
-12914
-10256
-7310
-4518
-2897
-27
2547
6064
8657
10276
12736
14608
16837
17147
17330
17697
17144
16375
15210
14639
12844
10656
8057
6315
3998
1384
-1342
-4238
-6128
-8450
-10427
-12831
-14746
-15790
-16533
-16544
-16754
-17176
-17009
-15870
-13688
-12018
-10916
-10207
-8263
-5965
-3509
-1806
-713
-54
257
791
1974
2925
3217
1833
1858
2427
1831
-593
-2009
759
1981
-62
-4448
-4584
-1605
1873
3124
2538
526
-316
2724
8060
12945
13012
10806
9317
11886
16757
20235
19680
16819
14275
14323
15879
17446
15948
10812
5290
2872
3556
3870
1120
-3699
-8051
-10208
-10238
-10577
-11896
-14157
-15588
-15261
-14641
-14483
-14459
-13447
-11304
-9801
-8224
-6888
-4648
-2102
694
3684
5881
7702
9314
11513
13449
14487
15614
16101
16469
15280
13891
12704
12099
11403
9408
6899
3975
1232
-1543
-4098
-5993
-8112
-10646
-13453
-15518
-17012
-18174
-18084
-18199
-18243
-19023
-19020
-17334
-15036
-12575
-11188
-9992
-8789
-7408
-5070
-2574
-142
462
-35
-263
1094
2977
4562
5323
4023
1440
-319
2511
5387
5348
2269
790
1513
2701
4699
7004
6975
4427
3589
6408
11316
12910
12455
11139
11411
12374
14524
16591
17231
15544
13197
11806
12189
12585
11603
9028
5982
3476
1723
236
-1891
-4253
-6573
-7866
-9672
-10702
-11899
-12502
-13496
-13281
-12135
-11575
-12273
-12310
-9987
-7001
-5556
-4456
-3143
-1053
1533
4617
7270
8145
9260
10469
12755
13889
14711
14189
13646
13521
13402
12507
9711
7437
5644
4678
3131
394
-2887
-6923
-9854
-10829
-11195
-12998
-16951
-20261
-21424
-20687
-19222
-18753
-19652
-20839
-20251
-17527
-14651
-12588
-11588
-10696
-9983
-7769
-5223
-2570
-1036
190
1096
1954
3592
4587
4926
4826
6730
7903
7493
5285
5529
7919
10801
11776
10624
8690
8177
10907
14573
16611
14548
12058
11118
13736
16350
17059
14747
10995
9254
10461
12950
13057
9136
3799
981
1332
2524
1847
-555
-4617
-7892
-8913
-7438
-6784
-8523
-10488
-11062
-10298
-10201
-9432
-8574
-7807
-7960
-7712
-6229
-4227
-2601
-769
286
1092
1922
3645
6420
8084
9043
8907
9055
9284
10401
11172
10810
9211
8079
7034
5743
4057
2464
325
-2343
-4933
-6631
-8602
-11286
-14807
-17259
-17801
-18212
-19247
-21542
-23493
-24524
-23829
-21232
-19237
-19652
-21170
-20571
-17390
-14388
-12675
-11825
-10871
-9401
-6761
-3182
542
2024
1440
655
3243
8104
11256
9917
7952
9212
13088
16359
17350
17291
16025
16455
18245
21685
22743
21499
19603
18890
19857
19413
18514
16396
14830
13409
12251
10563
7611
4924
2872
1193
-409
-2611
-4941
-7313
-9093
-9349
-9066
-9309
-11037
-11798
-11665
-10008
-9006
-7649
-6572
-6226
-5659
-4745
-2401
-571
844
2349
3435
4350
4395
5379
7447
9084
9864
8846
8771
9003
9600
9440
9212
8578
7083
5416
4164
2925
1867
921
-421
-2745
-6069
-8177
-10163
-11018
-12445
-14263
-17061
-19641
-21025
-21255
-20947
-21259
-22200
-23344
-23994
-23543
-21862
-20270
-19189
-18996
-18436
-16464
-13629
-10734
-8113
-6374
-5540
-4890
-932
4069
7046
6607
6484
8983
12653
16510
18829
19865
18889
19272
22203
26609
28476
27353
25329
25159
26402
27294
26622
24132
21291
18707
16954
15082
12560
9175
5447
1582
-862
-2419
-3972
-7282
-10623
-12591
-13511
-14259
-15021
-15248
-15293
-15309
-14357
-12328
-10271
-8634
-7491
-5604
-2696
283
2492
4310
6030
7369
8242
9671
11888
13893
14254
13415
12036
11657
12456
13129
12150
9253
6781
5346
4594
3340
1606
-661
-3515
-6141
-7916
-9153
-10579
-11861
-13432
-15549
-18136
-19856
-19816
-19431
-20076
-22358
-24288
-24644
-24062
-23027
-22255
-21887
-21465
-22241
-21305
-18082
-14027
-11993
-12963
-12188
-8578
-3644
-133
1716
3234
5361
8291
12467
16290
18055
18879
20299
23512
26598
27943
27643
27558
29034
30739
30874
29296
27502
26363
25460
24352
22030
18616
14633
10888
9025
7431
5225
780
-3848
-6782
-8288
-9084
-10819
-13169
-15911
-17423
-16739
-15084
-14752
-15412
-15324
-13389
-10751
-8061
-5921
-4144
-2412
73
3397
6003
7588
9249
11850
13658
13775
13827
14340
15357
15498
14752
13585
11353
9776
8287
7980
6200
2967
-786
-3281
-4465
-6489
-9170
-12789
-15329
-17326
-18488
-19688
-21906
-24446
-26072
-25774
-25151
-25690
-27332
-28546
-27377
-25407
-23613
-22479
-21535
-20063
-19265
-17377
-14001
-10286
-7978
-6877
-5202
-2233
1687
6145
9866
12075
12554
13782
17575
22652
26062
26464
26029
26333
27829
29121
30364
30282
28224
25000
22778
22294
21657
19021
14964
11015
8313
6209
4381
2339
-1035
-4347
-6955
-8294
-9128
-9949
-10755
-11478
-12270
-12809
-12473
-11188
-9674
-8397
-7801
-6860
-5815
-3889
-1690
-229
694
1489
3237
5053
6398
6662
6889
7651
8969
9213
8763
8425
8574
8318
7130
5857
4448
2989
1916
1415
-123
-2874
-5740
-7198
-8382
-9753
-11850
-13949
-16253
-18254
-19574
-20738
-21861
-23481
-24094
-24431
-24906
-25449
-24571
-22433
-21610
-22086
-21738
-18584
-14616
-12440
-11378
-9634
-6768
-3194
1128
5700
8650
9119
10068
13735
19246
23027
24013
23656
23683
25018
27536
30103
30057
27699
25043
24212
24709
24104
21593
17271
12942
10144
8564
7364
4161
-35
-3620
-5527
-6629
-8274
-9944
-11336
-12190
-12847
-12380
-11033
-10056
-9399
-8499
-6669
-4407
-2466
-116
2216
4546
5830
6868
8401
10062
11774
12241
12028
11385
10933
10606
10155
9040
7249
4859
2600
633
-1201
-3369
-5726
-8017
-9933
-11914
-13796
-15069
-16441
-17319
-18582
-19450
-20391
-21471
-21950
-21824
-20826
-20671
-21697
-22250
-20336
-17822
-16689
-17188
-16364
-13923
-11585
-9537
-7558
-5779
-4947
-3376
244
4968
7172
7224
8048
11738
16529
19785
21166
21461
21637
22579
25250
27972
28773
26784
24114
23223
24048
24400
22410
18528
14599
12252
11300
10133
7356
3721
129
-2306
-3657
-4523
-5605
-7705
-9837
-11208
-11055
-10617
-10504
-10551
-10258
-9292
-8413
-7117
-5220
-2737
-659
917
2334
4506
6977
9381
11382
12499
12909
13365
14632
15983
16059
14608
12648
10986
9997
8929
7103
4184
370
-3246
-6397
-9035
-11277
-14501
-18959
-23166
-25531
-26284
-27278
-29537
-31488
-32078
-32450
-32093
-30957
-28465
-27096
-27468
-26701
-22984
-17935
-14779
-12970
-10483
-7034
-4038
-229
4534
9251
11224
11881
14057
18149
22169
24276
25470
25889
25996
26029
27068
28827
28985
26647
23856
22832
22649
21386
19111
16408
13886
11484
9301
7540
5500
3587
820
-1783
-3490
-4181
-4884
-6848
-8985
-9478
-9016
-8848
-8837
-8369
-7854
-7752
-6815
-4893
-2780
-1786
-1035
-7
1540
3407
4984
6248
6823
7291
7797
8536
9146
9309
9007
8484
8351
8071
7239
6131
5117
4118
2463
545
-1328
-3584
-6023
-8622
-11003
-13324
-15787
-18351
-21207
-23350
-24881
-26840
-29056
-30570
-29933
-29421
-30663
-32286
-31603
-29054
-27045
-25427
-23502
-21181
-19378
-16215
-11172
-5958
-2818
-615
2738
7431
12196
15885
19447
22245
24481
25963
27791
30014
31334
31427
30612
29988
28936
27403
25556
23903
22111
19405
16273
13176
10389
8088
5755
2962
-234
-2502
-3825
-5120
-6217
-7102
-7839
-8723
-8747
-7800
-6851
-6386
-5809
-4677
-3215
-1515
630
2264
2959
3788
5591
7634
8531
8941
9477
10016
10020
9755
9828
10057
9527
7570
5544
4601
4056
2549
-118
-2721
-4738
-7177
-9126
-11012
-12941
-15580
-18481
-20060
-21289
-22399
-23627
-24843
-26264
-26411
-25705
-24582
-25167
-25885
-24564
-22285
-20553
-19662
-18332
-16478
-14649
-12405
-8994
-5766
-3974
-2840
-928
2332
5615
8062
9897
11519
13235
14528
16090
17975
19431
19931
19914
20261
20909
21088
20442
19312
18098
17343
16813
15745
13874
11507
9675
8075
6836
5812
4484
2911
1124
109
-309
-825
-1588
-1822
-1663
-1440
-1220
-856
26
689
1349
2536
3830
4649
5013
5871
7463
8759
9410
9644
9881
10003
9946
10342
10390
9175
7286
6337
6280
5131
2525
-318
-1904
-3502
-6068
-8999
-11770
-14147
-16494
-18684
-20977
-23005
-25316
-27268
-28174
-28181
-28053
-29217
-30313
-29815
-27570
-25585
-24402
-23156
-20775
-17733
-14540
-10826
-7212
-4229
-2055
889
5227
9256
11630
12989
15169
18123
20142
20783
21156
21940
22303
21751
21539
21434
19858
16819
14581
13770
12696
10113
7204
5544
3968
1918
-362
-1674
-2368
-3152
-4075
-5007
-5442
-5382
-4768
-3799
-2893
-2194
-1599
-403
1761
3964
5429
6135
7188
9024
11317
13176
14137
14327
14538
15088
16050
16873
16793
15553
14230
13532
13451
12923
10885
8308
6043
4444
2738
670
-1987
-4796
-7803
-10322
-11921
-13502
-15710
-18887
-21037
-22541
-24046
-25447
-26408
-26432
-27309
-28541
-28683
-27362
-25679
-25152
-24575
-22944
-20742
-18642
-16272
-13526
-10834
-8447
-5715
-2026
1497
4288
6539
9140
12414
15485
17473
18711
19711
21100
22270
22787
23067
22542
21413
19812
18617
17939
16740
14379
11680
9504
7169
4511
1777
394
-1244
-3783
-6519
-8343
-8569
-8766
-8946
-9809
-10777
-10926
-9674
-7609
-5828
-4833
-4034
-2780
-718
2352
5005
6977
8028
9076
10954
13425
15760
16882
16766
16656
16745
17285
17669
17087
15525
13185
11523
10104
8273
5598
2587
-534
-3584
-6510
-9244
-12146
-15261
-17858
-20586
-22856
-24365
-25145
-26145
-28092
-28936
-28387
-27394
-27147
-26776
-25537
-23480
-21413
-19189
-16277
-13635
-11235
-8923
-5590
-1787
1533
4276
6775
9202
11222
13060
15384
17541
18407
18323
18435
18913
18958
18446
17907
16984
15322
13668
12530
11808
10429
8311
6403
4730
3494
2105
1010
-113
-1447
-2765
-3620
-3595
-3623
-4218
-5030
-4685
-3972
-3531
-3234
-2488
-1354
-624
50
730
1673
2841
3995
4796
5230
5666
6454
7292
8138
8319
7936
7855
8338
8657
8170
7300
6610
5794
4277
2916
1715
336
-1537
-3555
-4948
-6145
-8081
-10486
-12644
-13394
-14003
-15735
-17953
-19662
-19731
-19663
-19741
-19702
-19698
-19784
-19465
-17743
-15320
-13882
-13194
-11840
-9268
-6454
-3778
-1708
422
2772
5146
7512
9350
11156
12836
14143
15104
15990
16820
17051
16538
15994
15679
15320
14252
12962
11674
10333
8595
6567
5240
4398
3280
1078
-897
-2060
-2684
-3426
-3947
-3971
-4350
-4991
-5290
-4265
-2835
-2066
-1986
-1548
-149
1734
3057
3943
4809
5908
7122
8211
8753
8793
8911
9192
10016
9785
8904
7721
6906
6161
5080
3855
2074
59
-2279
-4101
-5402
-6584
-8583
-11235
-13353
-14860
-15716
-16754
-17777
-18961
-20087
-20409
-19677
-18967
-18913
-18838
-18152
-16520
-14870
-13072
-11577
-9985
-8273
-5938
-3184
-998
480
1986
4197
6408
8108
9500
10866
11541
11757
12185
13161
13592
12977
12057
11814
11441
10564
9453
8926
8406
7491
6197
5279
4419
3609
2976
2446
2224
1423
1036
784
908
353
-45
26
640
1121
972
1184
1392
1919
2542
3345
3927
3939
3828
4460
5277
5795
5743
6027
6101
6072
6013
6275
6532
6033
5200
4812
4659
4080
2916
1435
462
-774
-2571
-4918
-6592
-7439
-8340
-10162
-12002
-13190
-14205
-15294
-16372
-16714
-17409
-18279
-18790
-18398
-17719
-17425
-17217
-16225
-14870
-13641
-11798
-9830
-7799
-6004
-4034
-1598
1013
3195
5003
6719
8467
10069
11767
13334
14014
13960
13841
14359
14804
14637
13663
12549
11170
9959
8803
7842
6657
4889
3281
1626
799
-59
-1171
-2365
-3178
-3572
-3900
-4030
-3610
-3002
-3021
-2801
-1910
-490
686
1546
2774
3828
4580
5780
7350
8727
9070
8997
9452
10289
10758
10802
10413
10004
9352
8437
7900
7179
6069
4114
2158
777
-788
-2541
-4406
-5906
-7302
-9400
-11347
-12250
-12071
-12588
-14708
-16491
-16552
-15684
-15440
-15540
-15388
-15125
-15121
-14500
-12544
-10947
-10018
-9495
-7905
-5695
-4080
-3036
-1901
-493
1095
2410
3454
4315
5173
6032
6600
6985
6902
7118
7394
7557
7276
7235
7044
6622
5938
5188
4868
4102
3723
3381
3248
2433
1259
789
732
665
137
-350
-686
-903
-1050
-754
-594
-526
-563
-518
-190
294
770
1089
1473
2036
2598
3138
3660
4457
4989
5356
5895
6704
7512
7553
7345
7170
7242
7120
7031
6632
5677
4346
3183
2654
2094
827
-986
-2422
-2986
-3849
-5584
-7738
-8714
-9137
-9785
-10901
-11876
-12317
-12636
-12392
-11759
-11327
-11818
-11738
-10365
-7993
-6518
-6166
-5871
-4809
-3011
-1553
-340
621
1294
1832
2612
3957
5053
5134
4574
4245
4544
4753
4639
4240
3691
3144
2865
2798
2453
1399
118
-707
-816
-843
-985
-1561
-2048
-2079
-1764
-1183
-845
-904
-1272
-1276
-690
402
978
1378
1677
1984
2168
2158
2484
2893
3068
3141
3476
3713
4016
4147
4416
4753
4344
3758
3211
3352
3608
3413
2974
2163
1552
1421
1363
830
-163
-1179
-837
-477
-921
-1903
-2694
-1973
-1782
-2050
-2907
-3199
-2908
-2514
-2062
-1999
-2507
-2838
-1982
-718
17
-1153
-2034
-1949
-769
344
595
128
-657
-713
85
852
686
-148
-967
-1120
-415
605
885
4
-1362
-1539
-836
-80
-257
-705
-1138
-1260
-703
-44
651
405
6
86
927
1592
1858
1736
1953
2252
2365
2727
2932
3030
2661
2219
1923
2037
1942
1759
1394
892
627
389
320
391
151
-157
-820
-836
-370
-37
-182
-927
-1107
-1062
-793
-540
4
-200
-673
-1017
370
1634
1319
141
-458
1428
2331
2162
1386
1418
1956
2152
2448
2621
2631
2113
2545
3375
4034
3289
2389
2381
3175
3428
3019
2073
1646
1270
1347
1520
845
-64
-1326
-1201
-565
-3
-625
-1677
-2571
-2191
-1537
-1474
-2050
-2601
-2257
-1838
-1088
-931
-1132
-1482
-1230
-451
244
369
209
461
750
1125
1205
1561
2024
1901
1601
1372
1390
1019
652
915
1079
563
-117
-206
-58
-512
-1366
-1742
-1663
-2047
-2329
-2236
-1980
-2437
-3434
-3802
-3362
-3255
-3186
-2965
-2657
-2240
-2035
-675
-698
-890
-1371
90
2116
2400
1943
1573
2860
3897
4854
5000
4840
4302
4671
5855
6486
6142
5203
4930
5162
5327
4993
3715
1996
1253
1262
1313
-29
-1610
-2551
-3035
-3149
-3482
-4438
-5374
-5952
-5899
-5188
-4965
-5046
-5263
-4772
-3855
-3397
-3102
-2851
-1814
-883
-106
734
1735
2383
2790
3302
3816
3993
4083
4473
4737
4511
4111
3626
2950
2059
1189
457
-325
-911
-1580
-2011
-2671
-3629
-4455
-4907
-5016
-5212
-5560
-5722
-5855
-5800
-5739
-5276
-5030
-4826
-4692
-4143
-3708
-3142
-2041
-1225
-133
-565
381
984
2389
3211
2779
2907
2760
4193
5181
5802
5476
5225
5268
6115
6736
6739
6057
5452
5713
5908
5764
4544
3482
2581
2507
1935
1305
348
-51
-564
-1190
-1896
-2674
-3053
-3509
-3910
-4363
-4597
-4631
-4069
-4034
-4249
-4714
-4366
-3205
-2497
-2245
-2213
-1769
-999
-2
853
1216
991
714
1672
3065
3609
3256
2692
2853
2825
2982
2858
2383
1525
506
267
340
-2
-1239
-2373
-2853
-3110
-3683
-4646
-5515
-5851
-6241
-6323
-6227
-6189
-6046
-6085
-5716
-5283
-4815
-4750
-4567
-3164
-2150
-719
-790
-114
682
1551
2805
2794
3511
3466
4686
5748
6610
6878
6551
6710
6817
7162
6858
6790
6476
6320
5844
5422
5120
4492
3704
3086
2558
2425
1613
1014
604
115
-277
-965
-1054
-1319
-1453
-1786
-1401
-1217
-1117
-1368
-874
-336
-572
-633
-409
733
1255
1461
1489
1712
2194
2843
3083
2644
1603
1036
1081
1527
1608
1058
359
-171
-373
-687
-1127
-2100
-2751
-3209
-3487
-3770
-4122
-4035
-4178
-4469
-4750
-4725
-4271
-3864
-3702
-3415
-2933
-2662
-2114
-1662
-1220
-1308
-1265
-1297
-1063
-803
66
982
720
226
76
1655
2119
1780
1077
1378
2091
2250
2822
2710
2210
1422
2089
3102
3302
2435
2275
3285
3747
3885
3688
3877
3773
3775
4141
4565
4483
4405
4403
4604
4518
4176
4059
3973
3813
3252
3177
3455
3489
3086
2852
2580
2523
2121
2090
2134
1617
1083
408
682
835
648
307
-358
-606
-831
-1024
-1376
-1615
-1545
-1864
-2421
-2773
-2662
-2700
-3019
-3460
-4056
-4502
-4861
-4663
-4446
-4718
-5148
-5490
-5164
-4775
-4548
-4581
-4544
-4464
-4353
-4317
-4048
-3841
-3853
-3636
-3421
-3054
-3085
-3185
-2788
-2535
-2537
-2691
-2459
-1994
-1883
-1940
-1902
-1630
-1796
-1980
-2049
-1575
-1421
-1440
-1414
-1272
-1045
-727
216
850
795
643
1227
2193
3059
3302
3926
4517
5150
5582
6105
6801
7226
7617
8023
8418
8170
7939
8256
8527
8175
7530
7113
6924
6369
5932
5407
4916
3927
2850
2210
1642
1007
9
-755
-1068
-1395
-1879
-2419
-2939
-3350
-3481
-3446
-3771
-4277
-4813
-4582
-3998
-3428
-3212
-3240
-3131
-3193
-2786
-2581
-2294
-2343
-2564
-2408
-2234
-2148
-2132
-2305
-2874
-3585
-4238
-4360
-4489
-4594
-4886
-5592
-6043
-6162
-6054
-6254
-7124
-7513
-7628
-7493
-7406
-7152
-7023
-6983
-6887
-6402
-5580
-5099
-4781
-4526
-3725
-2872
-1930
-934
-32
744
1362
2100
3035
4011
4877
5654
6486
6910
7373
8328
9109
9347
9105
9035
9386
9719
9846
9675
9409
8941
8542
8306
7718
6741
5742
5520
5392
4523
3316
2371
1998
1583
946
188
-720
-1555
-1756
-1775
-1769
-2200
-2532
-2694
-2729
-2715
-2574
-2641
-2732
-2615
-2430
-1911
-1653
-1188
-1267
-1135
-1121
-1121
-1117
-1166
-1262
-1578
-1963
-2141
-2441
-2584
-2864
-3266
-4013
-4620
-4987
-5670
-6187
-6832
-7115
-7821
-8437
-9054
-9317
-9695
-9939
-10116
-9861
-9409
-9275
-9031
-9049
-8333
-7570
-6584
-5653
-4832
-3976
-3136
-1769
-458
815
1916
3038
4032
5107
6440
7736
8687
9305
9740
10299
10903
11320
11369
11122
11081
10962
10958
10730
10281
9485
8616
8002
7437
6673
5784
5028
4191
3393
2671
2158
1457
709
287
158
-66
-381
-787
-1123
-1247
-1019
-965
-866
-907
-562
117
730
836
828
875
1158
1564
1642
1526
1023
734
604
787
780
377
-341
-733
-1027
-1294
-1747
-2450
-3474
-4333
-4901
-5227
-5805
-6734
-7531
-8220
-8707
-9325
-9555
-9567
-9612
-9615
-9729
-9790
-9872
-9815
-9331
-8669
-8097
-7689
-7152
-6236
-5139
-3952
-3141
-2434
-1860
-865
324
1186
2101
2868
3939
4709
5474
6075
6734
7212
7476
7903
8306
8451
8255
8346
8451
8433
7964
7356
7108
6941
6838
6392
5820
5401
4800
4365
3826
3436
2831
2228
1851
1545
1210
674
43
-393
-517
-470
-554
-893
-1241
-1397
-888
-605
-711
-1041
-1315
-1118
-903
-763
-808
-1058
-1110
-1073
-844
-1033
-1205
-1565
-1727
-1974
-2137
-2385
-2915
-3418
-3800
-3773
-4272
-4980
-5471
-5672
-5873
-6249
-6485
-6708
-6960
-7173
-7118
-7111
-7253
-7091
-6923
-6444
-6169
-5950
-5657
-5084
-4288
-3612
-2907
-2305
-1628
-905
46
869
1383
1939
2438
3094
3528
3976
4528
4804
4955
4980
5432
5666
5663
5282
5035
5052
5044
5053
5236
5096
4696
4373
4451
4559
4281
3755
3311
3338
3212
3156
2955
2676
2194
1908
2045
2112
1744
1331
1127
1078
1010
740
470
446
304
-27
-201
-277
-258
-481
-718
-999
-1421
-1801
-2304
-2642
-2928
-3172
-3526
-3933
-4033
-4425
-4700
-5124
-5333
-5502
-5834
-6138
-6157
-5988
-6132
-6189
-6470
-6392
-6181
-5953
-5810
-5496
-5142
-4873
-4360
-3957
-3575
-3464
-3200
-2984
-2668
-2287
-1830
-1402
-1099
-618
-127
265
97
183
322
683
890
1051
1173
1337
1616
1680
1723
1706
1763
1743
1924
2224
2283
2134
2128
2282
2364
2331
2254
2323
2403
2475
2558
2573
2672
2845
3058
3276
3296
3237
3217
3221
3397
3470
3313
3388
3389
3065
2658
2400
2316
2028
1595
1390
1382
1096
646
74
-279
-541
-856
-1196
-1742
-2339
-2866
-3021
-3107
-3242
-3689
-4141
-4590
-4933
-5189
-5333
-5509
-5618
-5320
-5000
-4900
-4851
-4782
-4782
-4789
-4632
-4214
-3912
-3559
-3191
-2556
-1908
-1496
-1236
-863
-531
-165
196
401
920
1544
1960
2012
2174
2304
2402
2626
2788
2800
2805
2596
2460
2440
2509
2676
2513
2310
2385
2504
2580
2512
2554
2526
2439
2511
2488
2656
2765
2712
2930
3104
3186
3086
3011
3278
3482
3658
3439
3307
3090
2932
2988
3173
3031
2587
2400
2526
2614
2203
1629
1133
858
622
366
69
-198
-651
-1240
-1699
-2055
-2164
-2212
-2533
-2711
-2888
-3187
-3532
-3707
-3718
-3880
-4005
-4218
-4073
-4028
-4067
-4174
-4210
-4107
-3849
-3872
-3856
-3593
-3473
-3401
-3246
-3034
-2902
-2801
-2644
-2117
-1673
-1382
-1371
-1229
-1085
-903
-824
-693
-475
-467
-323
87
475
843
963
1082
1257
1501
1700
1774
2047
2183
2298
2473
2684
2796
2704
2911
3152
3140
3160
3049
3205
3425
3567
3535
3458
3529
3626
3753
3661
3544
3402
3179
3303
3531
3910
3906
3619
3247
2898
2787
2817
2741
2543
2375
2166
2067
1713
1221
724
371
166
-138
-297
-509
-773
-1141
-1623
-1728
-1961
-2166
-2210
-2110
-2151
-2274
-2293
-2229
-2141
-2266
-2388
-2402
-2303
-2233
-2259
-2127
-2013
-1834
-1711
-1676
-1745
-1724
-1747
-1908
-1808
-1699
-1609
-1611
-1763
-1849
-1839
-1930
-1994
-2055
-2195
-2258
-2057
-1852
-1661
-1528
-1539
-1458
-1223
-946
-775
-507
-199
198
703
1178
1406
1692
1794
1826
2023
2272
2466
2717
3054
3517
3580
3477
3423
3704
4100
4141
4081
3776
3622
3416
3438
3349
2823
2185
1868
1814
1624
1443
1090
790
519
272
128
-165
-521
-694
-709
-809
-976
-1056
-1290
-1317
-1400
-1477
-1557
-1681
-1776
-1705
-1470
-1457
-1587
-1716
-1741
-1883
-1965
-2106
-1958
-1922
-1774
-1853
-1823
-1738
-1919
-1984
-2162
-2163
-2384
-2464
-2603
-2605
-2732
-2893
-2921
-2939
-2881
-2969
-2839
-2838
-2768
-2841
-2593
-2423
-2504
-2458
-2259
-1905
-1558
-1241
-1102
-1064
-791
-547
-147
33
12
136
250
645
1125
1583
1746
1975
2185
2496
2818
2649
2723
2901
3139
3488
3617
3582
3298
3176
3267
3542
3567
3333
3085
2866
2806
2866
2708
2545
2271
1952
1763
1455
1106
974
1112
993
817
509
275
72
-95
-98
-136
-261
-344
-501
-434
-78
-235
-516
-700
-807
-740
-698
-537
-423
-545
-587
-731
-704
-617
-679
-686
-675
-602
-532
-606
-683
-763
-796
-922
-1193
-1210
-1335
-1321
-1151
-918
-909
-937
-926
-1076
-1118
-1203
-1073
-907
-570
-506
-614
-621
-694
-518
-388
-329
-334
-237
39
375
609
775
1001
1241
1444
1675
1752
1900
1982
2010
1995
2009
2010
1972
1934
1827
1770
1590
1410
1310
1423
1550
1600
1647
1628
1543
1482
1371
1447
1275
1336
1416
1441
1273
1089
1066
901
697
466
581
519
497
297
282
263
193
149
84
83
-63
-51
55
77
-216
-341
-345
-261
-309
-495
-591
-551
-443
-492
-338
-227
-367
-349
-93
20
-39
-105
-31
269
447
346
333
366
538
624
762
917
1004
965
837
845
930
899
851
947
1067
1108
1222
1295
1276
1285
1285
1296
1315
1352
1380
1383
1342
1573
1658
1539
1325
1134
1173
1209
1249
1279
1307
1344
1364
1505
1454
1351
1173
1068
899
763
844
947
1148
1123
1009
937
906
761
715
680
630
551
458
492
631
665
556
294
-29
-138
-126
-187
-384
-578
-598
-664
-1029
-1188
-1398
-1490
-1624
-1732
-1594
-1423
-1410
-1496
-1316
-1401
-1582
-1919
-1993
-1736
-1610
-1553
-1563
-1490
-1501
-1330
-1157
-1139
-893
-791
-661
-474
-411
-289
-319
-182
113
171
222
238
279
281
369
268
254
247
320
247
201
315
277
299
162
169
274
372
364
310
307
281
408
383
261
303
203
275
352
338
377
269
141
130
166
219
324
298
243
166
22
-77
-166
-200
-118
-250
-283
-422
-577
-740
-812
-994
-1130
-1029
-919
-726
-844
-922
-899
-818
-900
-938
-1014
-866
-824
-510
-281
-277
-246
-462
-516
-361
-226
-288
-468
-621
-504
-464
-273
-306
-342
-403
-517
-497
-484
-352
-382
-373
-346
-268
-282
-327
-207
-159
228
406
613
864
877
910
850
993
1103
1270
1206
1245
1398
1525
1685
1651
1701
1755
1738
1502
1268
1172
1061
913
860
814
671
651
576
527
695
785
849
773
628
672
684
680
558
388
219
204
287
396
508
549
648
673
461
239
156
138
73
-14
-240
-431
-394
-326
-384
-488
-595
-964
-1154
-1265
-1360
-1411
-1522
-1603
-1618
-1533
-1597
-1705
-1686
-1699
-1833
-1807
-1830
-1781
-1783
-1748
-1704
-1656
-1691
-1641
-1324
-1128
-786
-617
-522
-373
-303
-110
10
75
72
-31
94
213
458
522
506
562
695
874
903
1054
1086
1152
1080
1251
1195
1041
958
916
1077
1102
1140
1004
1119
1096
1280
1470
1429
1341
1176
1116
1159
1238
1244
1294
1325
1228
1231
1335
1353
1454
1415
1293
1088
1024
1129
1332
1492
1587
1533
1352
1160
1060
931
881
882
779
600
426
336
201
150
31
-19
-41
-150
-240
-343
-469
-580
-776
-1033
-1219
-1303
-1371
-1383
-1291
-1346
-1228
-1161
-1029
-941
-978
-955
-891
-706
-661
-543
-411
-106
111
173
305
399
543
524
688
741
741
823
849
966
943
946
929
959
1010
892
793
715
714
683
560
497
495
420
298
201
261
301
322
460
464
522
429
304
411
467
644
817
860
1047
1039
998
1062
1087
1097
1045
1078
1071
971
1022
957
1015
938
882
836
636
572
540
527
390
224
55
-23
88
-101
-473
-776
-1063
-1206
-1207
-1293
-1429
-1639
-1754
-1792
-1810
-1880
-1893
-1850
-1852
-1685
-1741
-1736
-1723
-1640
-1536
-1406
-1375
-1277
-1348
-1328
-1038
-817
-675
-595
-490
-358
-343
-227
-146
-161
-156
-174
-48
28
7
-14
-60
-2
45
-14
-206
-251
-233
-111
-134
-60
-9
41
136
178
155
0
49
61
44
69
-20
-181
-116
-85
10
-49
-274
-168
-45
119
317
293
326
329
576
616
637
674
660
678
716
645
560
428
380
390
297
154
-64
-317
-584
-610
-758
-826
-956
-1093
-1212
-1245
-1169
-1129
-1276
-1419
-1424
-1528
-1419
-1438
-1417
-1242
-1133
-1021
-1042
-1045
-1029
-1035
-1036
-892
-839
-665
-470
-387
-271
-237
-204
-144
-121
-60
10
-5
-8
-166
-86
-22
-47
-120
-271
-262
-314
-300
-175
-93
-24
-41
-113
-184
-259
-358
-432
-437
-375
-336
-226
-118
58
320
279
181
189
208
252
431
679
716
616
695
645
486
323
280
168
68
110
203
40
-200
-380
-460
-568
-690
-903
-998
-929
-854
-787
-899
-849
-1129
-1232
-1356
-1390
-1245
-1314
-1140
-1174
-1109
-1047
-1090
-962
-873
-839
-916
-931
-774
-643
-568
-392
-391
-385
-619
-686
-398
-374
-108
-107
-100
-15
-42
88
84
186
270
143
94
79
16
-28
-48
-12
-40
-7
-68
-194
-124
-81
52
146
231
236
267
215
199
158
108
360
464
627
527
385
591
545
608
636
638
655
678
856
764
816
745
704
784
807
983
953
841
875
1030
1097
956
707
575
539
510
635
733
709
582
334
108
46
-195
-480
-662
-770
-822
-872
-968
-996
-987
-1051
-1155
-1122
-1091
-945
-922
-805
-599
-699
-589
-623
-445
-347
-328
-198
-242
-29
-57
5
198
304
164
-9
-20
-169
-143
-37
93
264
342
237
138
61
-9
125
173
166
191
71
65
77
52
21
-286
-344
-301
-308
-333
-316
-121
-162
-134
-227
-426
-378
-404
-358
-283
-312
-226
-83
-135
-90
13
145
64
-33
110
283
309
410
334
236
122
-5
-20
-93
-72
-138
-162
-109
-157
-232
-338
-422
-661
-846
-939
-1167
-1159
-1207
-1204
-1109
-999
-1005
-1003
-998
-874
-739
-851
-930
-828
-822
-934
-922
-963
-978
-1115
-1150
-1165
-1126
-1034
-827
-730
-729
-673
-608
-639
-604
-753
-841
-733
-639
-473
-366
-421
-453
-297
-291
-202
-174
-323
-379
-480
-461
-449
-400
-267
-262
-152
5
161
177
169
44
-90
-25
-46
12
107
121
220
262
426
452
422
373
465
456
460
326
230
69
-154
-177
-383
-340
-393
-376
-334
-326
-401
-547
-609
-563
-478
-637
-543
-288
-75
-100
-209
-171
-169
-200
-209
36
-46
-24
-98
-142
-9
-124
-84
-173
-159
-158
-223
-99
-24
-76
-134
-237
-208
-191
-190
-196
-279
-241
-118
-6
-20
43
76
41
-71
-216
-267
-517
-547
-359
-282
-256
-351
-579
-613
-599
-618
-718
-784
-872
-834
-730
-738
-769
-793
-890
-886
-712
-710
-639
-635
-634
-582
-568
-573
-605
-661
-466
-385
-323
-198
-190
-113
-131
-71
-167
-252
-335
-314
-373
-529
-356
-257
-247
-391
-458
-369
-291
-338
-265
-468
-659
-641
-551
-423
-427
-463
-679
-705
-742
-619
-424
-427
-453
-526
-634
-720
-657
-587
-569
-509
-306
-97
138
232
346
413
478
707
724
684
648
752
1000
1093
1134
1147
1042
1002
981
971
833
511
476
427
354
369
433
463
303
250
325
431
349
412
415
448
469
357
213
168
136
169
224
115
73
-11
37
155
269
357
356
332
426
425
359
397
420
240
258
307
428
472
502
742
738
864
727
754
763
763
852
661
733
886
1009
941
759
497
240
276
284
372
405
340
447
399
325
440
499
485
504
525
590
646
840
778
678
772
711
543
406
423
504
572
644
636
645
602
482
512
510
413
369
441
575
608
663
663
606
493
568
578
519
499
501
512
488
431
310
198
141
6
-32
-134
-163
38
-60
-90
-199
-215
-187
-346
-298
-264
-402
-447
-646
-675
-567
-497
-462
-620
-810
-979
-1158
-1099
-931
-928
-956
-873
-931
-905
-810
-844
-849
-852
-937
-818
-520
-256
-12
75
40
48
86
114
312
566
666
712
709
686
614
676
675
672
729
720
690
711
824
858
734
672
815
740
743
859
851
843
703
616
409
355
346
260
300
346
255
203
186
43
58
-64
-128
-186
-124
-51
-216
-206
-126
-90
-179
-258
-214
-167
-200
-380
-454
-363
-272
-171
-76
9
-56
-252
-260
-341
-298
-375
-404
-470
-505
-408
-447
-580
-845
-934
-1099
-1168
-1205
-1289
-1436
-1403
-1305
-1178
-1130
-1093
-997
-929
-884
-870
-738
-576
-365
-304
-321
-345
-468
-416
-241
-134
-50
-83
-170
-63
10
132
316
381
468
493
655
610
682
941
966
965
880
906
906
923
898
912
888
634
593
543
535
650
615
531
322
-22
-93
-167
-191
-148
-109
-206
-157
-270
-266
-102
-59
23
-128
-64
-163
-218
-126
-85
15
154
93
-4
-26
-177
-201
-202
-256
-278
-359
-490
-441
-475
-518
-456
-539
-650
-559
-601
-655
-724
-818
-1028
-1101
-1167
-1194
-1167
-1283
-1247
-1277
-1188
-1123
-967
-863
-813
-791
-776
-708
-533
-326
-207
-35
186
118
311
281
395
611
725
1039
1167
1347
1377
1330
1376
1390
1593
1804
1868
1771
1705
1511
1479
1562
1547
1464
1436
1374
1251
1252
1264
1347
1363
1298
1111
1175
1234
1284
1236
1168
1131
1124
1112
1197
1243
1350
1426
1389
1381
1312
1190
1037
886
841
688
678
614
713
811
757
839
864
815
631
502
421
360
286
326
241
157
135
62
64
-186
-438
-673
-833
-888
-811
-688
-754
-911
-758
-661
-534
-386
-339
-296
-263
-29
232
392
405
465
431
471
595
638
659
634
632
675
658
716
789
810
837
839
793
709
830
871
936
1128
1181
1313
1161
1086
1147
904
963
1049
1100
1111
1178
1237
1198
1210
954
846
789
809
816
869
799
631
569
617
530
529
545
400
459
496
680
717
628
633
581
532
415
437
630
642
557
412
275
164
220
189
134
50
-101
-413
-552
-651
-864
-931
-933
-769
-782
-795
-676
-682
-683
-749
-695
-717
-703
-556
-349
-304
-207
-197
-101
82
160
408
432
480
526
537
513
525
417
575
662
757
815
954
1011
999
1131
1083
1097
1064
1100
991
719
721
722
675
573
617
603
556
631
512
343
54
-113
-174
-137
-159
-266
-182
-194
-90
114
117
76
-13
-55
1
10
91
322
246
350
531
534
367
335
167
-8
-27
-371
-634
-895
-961
-986
-1098
-1227
-1182
-1276
-1521
-1357
-1257
-1294
-1437
-1453
-1735
-2118
-2135
-2149
-2055
-2009
-1946
-1885
-2041
-1763
-1559
-1551
-1499
-1480
-1528
-1350
-1197
-1224
-1012
-930
-1052
-1156
-1131
-939
-651
-444
-293
-147
-153
-242
-154
-135
76
186
249
382
514
596
666
904
1017
963
778
703
681
762
840
894
797
534
403
480
691
781
767
745
526
297
139
224
323
199
115
-18
-158
-162
-149
-265
-225
-277
-353
-403
-456
-465
-539
-557
-597
-677
-801
-818
-752
-661
-643
-745
-829
-972
-916
-791
-701
-670
-776
-863
-911
-858
-762
-741
-714
-824
-657
-789
-633
-623
-692
-625
-581
-481
-389
-362
-352
-322
-206
-176
-278
-86
31
88
109
113
157
333
573
733
765
897
929
957
1151
1396
1432
1366
1417
1161
1105
1151
1146
1415
1307
1346
1317
1469
1651
1760
1831
1581
1370
1205
1276
1308
1374
1473
1419
1332
1312
1208
1019
1004
1029
991
872
907
971
1066
1136
1163
1018
758
587
405
430
592
661
637
659
474
273
203
139
65
50
78
-13
-182
-288
-219
-291
-409
-701
-768
-915
-1110
-1006
-979
-985
-1182
-1244
-1128
-1020
-897
-825
-915
-1037
-995
-1035
-790
-630
-534
-571
-492
-360
-354
-76
-125
52
99
107
177
203
433
419
433
438
496
580
678
716
913
959
956
979
773
611
473
412
536
521
668
639
778
800
843
818
624
608
393
318
261
348
522
584
740
868
851
651
470
356
396
398
365
455
345
307
186
42
255
226
18
-97
-219
-201
0
83
121
52
-75
-224
-538
-831
-893
-854
-989
-826
-839
-813
-691
-721
-617
-397
-551
-716
-783
-1016
-1091
-896
-904
-709
-840
-1142
-1191
-1139
-917
-591
-568
-726
-987
-1175
-1284
-1182
-1059
-957
-860
-873
-764
-732
-565
-405
-294
-282
-346
-414
-354
-402
-407
-86
177
266
323
188
80
158
89
160
203
24
85
-41
56
95
153
151
51
14
-74
95
256
399
336
136
88
-4
48
109
298
278
47
-14
-294
-242
-151
-89
-194
-470
-613
-836
-962
-901
-830
-559
-508
-431
-371
-295
-388
-321
-517
-550
-506
-565
-459
-330
-139
-237
-314
-424
-630
-679
-637
-693
-531
-643
-687
-842
0
0
0
0
0
0
0
0
0
0
0
0
0
0
0
0
0
0
0
0
0
0
0
0
0
0
0
0
0
0
0
0
0
0
0
0
1
0
0
0
0
-1
0
0
0
0
0
0
0
0
0
0
0
0
0
0
0
0
0
0
0
0
0
0
0
0
0
0
0
0
1
0
0
0
0
0
0
0
0
0
0
0
0
0
0
0
0
0
0
0
0
0
0
0
0
0
1
1
0
0
0
-1
1
1
0
0
0
0
0
0
0
0
0
0
0
1
0
0
0
0
0
0
0
0
0
0
0
0
0
0
0
0
0
0
0
0
0
0
0
0
0
0
0
0
0
0
0
1
0
1
0
0
0
0
0
0
1
0
0
1
-1
0
0
0
0
0
0
0
0
0
0
0
-1
0
-1
0
0
0
0
0
-1
0
0
0
0
0
0
0
0
0
0
0
0
0
0
0
-1
0
0
0
0
0
0
1
0
0
0
0
0
0
0
0
0
0
0
0
0
0
0
1
0
1
0
0
0
0
1
0
0
0
-1
0
0
0
0
0
0
0
0
0
0
0
0
0
0
0
0
0
0
0
0
0
0
0
0
0
0
0
0
0
0
0
0
0
0
0
0
0
0
0
0
0
0