0
0
0
0
0
0
0
0
0
0
0
0
0
0
0
0
0
0
0
0
0
0
0
0
0
0
0
0
0
0
0
0
0
0
0
0
1
0
0
0
0
-1
0
0
0
0
0
0
0
0
0
0
0
0
0
0
0
0
0
0
0
0
0
0
0
0
0
0
0
0
1
0
0
0
0
0
0
0
0
0
0
0
0
0
0
0
0
0
0
0
0
0
0
0
0
0
1
1
0
0
0
-1
1
1
0
0
0
0
0
0
0
0
0
0
0
1
0
0
0
0
0
0
0
0
0
0
0
0
0
0
0
0
0
0
0
0
0
0
0
0
0
0
0
0
0
0
0
1
0
1
0
0
0
0
0
0
1
0
0
1
-1
0
0
0
0
0
0
0
0
0
0
0
-1
0
-1
0
0
0
0
0
-1
0
0
0
0
0
0
0
0
0
0
0
0
0
0
0
-1
0
0
0
0
0
0
1
0
0
0
0
0
0
0
0
0
0
0
0
0
0
0
1
0
1
0
0
0
0
1
0
0
0
-1
0
0
0
0
0
0
0
0
0
0
0
0
0
0
0
0
0
0
0
0
0
0
0
0
0
0
0
0
0
0
0
0
0
0
0
0
0
0
0
0
0
0
54
-44
74
-55
-168
-199
-205
-336
-350
-249
-315
-275
-123
-54
-113
-95
-150
-163
-210
-380
-305
-101
-111
-142
-126
-128
-97
-45
-27
27
-18
11
46
177
98
178
227
226
149
7
73
15
76
110
118
195
149
223
272
359
305
232
80
147
278
43
89
44
-47
-81
-141
-192
-84
-50
-100
-79
-56
94
217
399
447
588
571
450
431
302
469
470
512
541
314
370
397
307
235
186
312
234
200
192
182
293
404
427
434
410
380
338
359
388
501
525
592
557
612
647
483
533
540
612
693
662
626
602
505
587
667
605
607
438
429
369
268
152
-91
-92
-46
-206
-291
-280
-219
-454
-436
-468
-475
-414
-349
-77
-177
-102
-105
-121
-45
-6
-80
-41
-3
2
-174
-143
-110
-271
-425
-524
-559
-504
-551
-387
-454
-454
-411
-501
-325
-169
-181
-421
-458
-565
-543
-503
-612
-528
-415
-415
-416
-423
-495
-410
-277
-300
-81
-132
-42
98
232
383
333
365
296
232
153
199
178
137
26
-18
-4
23
50
21
117
190
111
66
271
301
358
337
288
289
293
291
274
311
350
418
319
362
300
342
459
544
595
638
670
550
584
775
710
873
784
656
570
516
535
430
501
542
429
500
462
369
419
317
261
233
302
293
346
320
329
287
202
168
62
62
179
172
48
108
45
26
11
74
-35
17
-18
-156
-144
-223
51
167
180
131
84
-20
-123
-133
-227
-381
-402
-520
-590
-672
-733
-787
-773
-803
-716
-604
-496
-372
-247
-159
-209
-122
-164
-180
-166
-199
-130
-120
-198
-178
-108
-151
-152
-98
-153
-146
-176
-167
-128
-278
-362
-504
-624
-682
-707
-689
-551
-513
-508
-411
-389
-507
-635
-631
-661
-633
-740
-763
-716
-704
-626
-634
-428
-392
-374
-426
-421
-396
-417
-311
-239
-84
-192
-203
-257
-304
-272
-359
-327
-265
-372
-397
-393
-346
-385
-468
-408
-532
-497
-414
-347
-198
-156
-111
-153
-89
-76
5
18
54
33
-19
40
33
40
-104
8
-5
-75
-214
-235
-194
-288
-309
-453
-423
-393
-391
-339
-444
-238
-341
-443
-434
-408
-348
-414
-194
-271
-204
-195
-170
-71
11
78
186
154
167
173
-15
-75
-196
-217
-215
-266
-318
-291
-234
-205
-169
-223
-131
-233
-240
-372
-400
-344
-376
-472
-548
-563
-553
-510
-422
-216
-374
-316
-184
-105
81
307
408
388
441
507
525
502
537
462
298
379
292
243
258
144
193
146
138
205
204
221
366
203
240
157
184
276
201
300
344
471
626
689
720
750
830
818
653
732
715
577
681
804
748
747
680
738
755
849
912
783
772
731
711
696
756
608
538
523
384
461
437
220
266
115
171
269
393
314
110
169
182
162
124
196
280
324
229
300
394
403
466
352
436
478
413
508
440
444
396
402
320
335
203
274
236
86
30
139
224
172
220
123
167
68
5
34
108
18
-28
44
135
202
211
251
192
63
63
72
226
281
168
284
229
370
213
182
302
298
357
331
349
349
357
305
376
345
321
322
385
315
275
171
89
134
141
219
230
328
363
355
323
266
269
265
260
204
384
472
537
585
581
556
486
411
590
517
495
503
336
309
278
338
307
124
87
-25
21
63
-98
21
-51
-14
-142
-35
-54
-54
-43
11
191
92
89
55
107
5
-44
-6
-205
-268
-405
-523
-551
-414
-364
-395
-584
-669
-626
-598
-553
-655
-702
-833
-875
-824
-638
-668
-513
-504
-506
-542
-505
-496
-521
-576
-595
-586
-503
-512
-506
-461
-591
-491
-479
-445
-529
-697
-614
-606
-645
-660
-591
-626
-686
-711
-733
-820
-900
-1075
-1187
-1170
-1366
-1312
-1293
-1290
-1324
-1344
-1235
-1302
-1067
-1013
-1050
-931
-916
-865
-750
-767
-660
-643
-678
-558
-653
-610
-694
-612
-719
-779
-729
-815
-766
-821
-662
-781
-967
-847
-854
-899
-721
-661
-520
-458
-462
-676
-660
-634
-641
-549
-632
-621
-595
-472
-461
-301
-314
-292
-247
-230
-176
-86
-173
-203
-173
-130
-131
-153
-84
-32
35
57
74
101
179
150
171
97
77
187
70
23
-71
-74
69
155
354
419
458
438
471
407
481
534
475
511
424
375
358
389
417
448
406
395
494
519
729
722
811
793
747
698
699
659
619
556
461
403
376
492
445
695
754
698
767
703
670
681
690
739
561
449
303
118
52
206
210
172
276
288
368
362
545
613
691
705
729
681
700
706
650
755
659
744
773
694
692
516
508
572
530
425
452
510
395
489
484
401
600
595
667
748
719
806
789
671
642
589
543
543
435
303
215
119
59
-14
-21
69
0
26
57
-40
-75
-56
-56
-127
-193
-360
-369
-312
-434
-308
-388
-346
-394
-423
-306
-358
-269
-217
-80
-87
-148
-74
65
43
52
106
149
134
144
214
202
296
310
292
278
309
259
409
243
304
341
267
227
378
251
347
535
445
753
929
3786
2933
3216
2445
1493
1880
4841
7540
6532
2687
874
1890
3566
4975
3752
2647
407
2404
2963
3333
854
407
-1323
562
1736
1534
145
-1728
-1206
981
3443
2221
994
-224
1377
1674
3731
1997
2597
-28
315
794
776
-188
-429
343
1570
1622
375
278
-585
539
-220
911
584
1004
892
1213
1824
2799
1127
1514
1473
1569
1213
800
924
-491
-796
-996
-870
-1858
-2756
-2467
-2726
-3759
-3394
-3616
-4270
-4818
-4244
-4499
-5282
-5270
-4450
-3440
-3143
-2711
-2393
-2011
-2106
-1654
-1211
-1280
-1421
-1487
-1016
-768
-1862
-2006
-1745
-1978
-1405
-1562
-1780
-2855
-3166
-3090
-2812
-2833
-2996
-4081
-4060
-3248
-3275
-3940
-4122
-3434
-3995
-3121
-2166
-2247
-3490
-4246
-3599
-3041
-2943
-2275
-2036
-1040
-657
-1114
-994
-624
-543
-1273
-269
-256
-549
-999
-1655
-1222
-859
-1131
-1412
-1598
-922
-919
-1961
-1110
-759
-1993
-1434
-671
-1085
-761
-1022
-1912
-2142
-334
792
416
414
70
-282
504
2173
1620
327
442
1515
2596
3045
2113
770
699
1131
1508
1392
1653
879
297
385
556
514
-309
791
1088
294
-448
-664
160
1545
1855
2430
1941
1605
1193
1099
1261
633
1021
1824
2152
2070
2254
1130
546
935
1182
1254
1816
1546
519
238
241
-10
478
559
376
469
16
-312
-412
125
-68
-617
-307
697
1052
844
170
288
509
891
2152
2473
2765
3240
2632
1422
1428
2021
3046
2555
2852
2025
873
68
103
1224
883
114
-630
-869
-731
-1504
-2165
-890
-605
-305
-3
-535
-1902
-2057
-2041
-1613
-39
740
-43
-1112
-1306
-1181
-198
609
840
1008
1041
662
391
361
469
296
576
760
594
-161
-1267
-1819
-1618
-1047
-1238
-1352
-1532
-1416
-1223
-1728
-1464
-846
-625
-351
-527
-738
-543
-960
-1026
-208
558
1286
1569
1187
794
496
957
776
1107
1210
734
610
182
-421
-442
-246
-440
-676
-974
-1232
-629
-439
-470
-1170
-983
-505
-1277
-742
-171
-96
297
821
1005
1038
776
851
1378
2590
3700
3370
2461
3036
3988
4001
4216
4273
3407
2652
2365
1665
1966
2012
1847
901
802
256
-1519
-1503
-1239
-139
273
-284
-884
-1601
-1442
-1838
-1923
-733
-113
847
1424
1475
1124
129
826
1530
1992
3069
3380
2535
1813
1221
919
1169
1746
2166
1788
1181
566
-941
-1492
-1213
-299
408
800
131
-1318
-1635
-1783
-1337
-384
473
198
91
-130
-503
-817
455
1821
2444
2726
3145
2483
1156
772
1158
1763
2454
2929
2199
645
-675
-775
-348
379
928
831
117
-1058
-2027
-1778
-1556
-1751
-2093
-2494
-2210
-2023
-2248
-2824
-3434
-3146
-2765
-2623
-2869
-2652
-3191
-4141
-4011
-3467
-2915
-3233
-3549
-4008
-4427
-5360
-6028
-5010
-3724
-3396
-3796
-3984
-4247
-4537
-4341
-3510
-3530
-3577
-3322
-3004
-2929
-3231
-4329
-4682
-4140
-3101
-3390
-4027
-4231
-4281
-4665
-4546
-3847
-4019
-4430
-4620
-4237
-3851
-3933
-3066
-1734
-503
-352
-883
-444
-266
120
953
1716
3021
3487
3944
4065
3840
4734
5186
5355
5953
6847
7480
7171
7011
7165
6728
6517
6503
7153
7731
7685
7623
6982
7007
6736
7007
7154
6990
7046
6622
6492
6059
5559
5095
5219
5452
5207
4275
3369
2916
2766
2729
2896
2445
1992
1325
1064
212
-695
-1054
-1115
-977
-902
-926
-2436
-3925
-4015
-3857
-3433
-2919
-3453
-4273
-5426
-5661
-5678
-5883
-6207
-6405
-6701
-6769
-7243
-7809
-8903
-9707
-9547
-9389
-8982
-9087
-9702
-10678
-11346
-11377
-10716
-10643
-10899
-10650
-10237
-10508
-9995
-9547
-9385
-9046
-7771
-5111
-2819
-1328
-1024
-505
364
2757
5454
8521
10319
11149
12081
13277
14231
14767
15934
16941
17240
16888
16139
14997
14077
12996
12299
11329
10380
9420
7814
6308
4393
2688
1260
1205
1625
2250
1271
401
-421
-332
946
2425
3716
3784
3899
3797
4470
5533
6189
6097
5792
5811
6114
6078
5298
3879
2968
3275
2983
2181
564
-1703
-3178
-4138
-4513
-5616
-6358
-7253
-8351
-9532
-9614
-9168
-9466
-10064
-10077
-8752
-7351
-6548
-6740
-7687
-7257
-6032
-4631
-3564
-4376
-5685
-6119
-5275
-4258
-4476
-5219
-6004
-6466
-6582
-6578
-6672
-6311
-6591
-7320
-7030
-7080
-7452
-7468
-7099
-7749
-8140
-7844
-5939
-5377
-5514
-4826
-3554
-1949
-963
-412
442
1093
2364
4289
5349
5307
4360
4626
5933
7629
8388
7603
6313
6047
7142
8438
9090
8535
6957
5756
5803
6344
5925
5374
4957
5579
6079
5935
5279
4368
3843
4326
5459
6418
6735
6328
6013
5915
6306
7250
7713
7218
7343
7848
8209
8141
7316
6255
5732
6181
6631
6566
5085
3712
2477
2057
2195
1355
448
-810
-1631
-1975
-2305
-2922
-4125
-4751
-4313
-3759
-3542
-4010
-4723
-5277
-5081
-4334
-3822
-3778
-3912
-3990
-3944
-3936
-3914
-3286
-2896
-2685
-2718
-3259
-3813
-4083
-3793
-3289
-3277
-3172
-3050
-2991
-3317
-3520
-3846
-3918
-3548
-2731
-2626
-2053
-2370
-3525
-4142
-4363
-3437
-2958
-2311
-2811
-3392
-4046
-3878
-3417
-2525
-2223
-2608
-2958
-2838
-2283
-1690
-1066
-862
-1031
-817
-78
401
112
-362
-159
353
1375
1756
1797
1515
1271
1137
1101
1508
1528
1543
1507
1889
1635
1695
2017
2430
2424
1992
2054
2585
3191
3531
3813
3920
3744
3910
4402
4189
4029
3823
4204
4402
4196
4071
3885
3553
3330
3257
2863
2439
2484
2664
2750
2683
1779
817
217
483
991
1116
1051
653
53
-179
-579
-871
-337
49
88
-355
-779
-719
-912
-1202
-1476
-1354
-750
-706
-836
-1235
-1527
-1631
-1201
-746
-926
-1242
-1311
-1323
-1474
-1809
-1699
-1454
-1419
-1449
-1425
-1232
-1003
-807
-889
-1170
-1342
-1334
-1150
-955
-808
-793
-868
-737
-652
-688
-1025
-1337
-1387
-1417
-1512
-1586
-1750
-1875
-2171
-1971
-1915
-2153
-2490
-2978
-3182
-3364
-3564
-3781
-3964
-4452
-4447
-4292
-4237
-4384
-4425
-4099
-3563
-3462
-3161
-2832
-2512
-2149
-1899
-1546
-1410
-1024
-844
-540
-76
546
789
768
1061
1712
2105
2455
2938
3303
3427
3632
4244
4879
4905
4728
5222
6111
6995
7217
7352
7288
7375
7445
7690
7824
7699
7508
7190
7211
6870
6265
5573
5087
4626
4151
3499
2822
2228
1550
1237
576
211
-40
-530
-1034
-1337
-1657
-1878
-1713
-1635
-1618
-1955
-2247
-2326
-2602
-2312
-1969
-1596
-1396
-1504
-1777
-2068
-2002
-2073
-1865
-2303
-2667
-3152
-3383
-3363
-3551
-3842
-4495
-4796
-5074
-3902
-2925
-3747
-5987
-7090
-6224
-4572
-3918
-5182
-7090
-7833
-6898
-5494
-4960
-5174
-5929
-6703
-6292
-5061
-3891
-4167
-4033
-3365
-2595
-1721
-2351
-1644
-1010
-128
1017
1430
2442
2849
2909
3095
3028
3226
3573
3937
4166
3880
3775
3893
4044
4183
4088
3781
4242
4762
5511
5784
6265
7155
7810
8253
8890
9538
9952
10611
10855
11735
12164
12198
12399
12523
12455
12263
12117
11950
11093
10698
10711
10380
9322
8284
7608
6226
5577
4466
3353
2780
1802
632
-13
-753
-695
-1716
-2866
-3874
-4057
-4130
-4602
-5001
-5925
-5922
-6252
-6219
-6366
-6697
-7038
-6788
-6378
-6655
-7148
-8384
-8779
-8672
-8482
-9072
-9571
-9865
-10191
-10489
-10215
-10404
-10691
-11269
-11892
-12266
-12303
-12438
-12801
-13073
-13622
-14285
-15090
-15491
-15832
-16315
-17405
-18034
-17613
-14840
-11776
-10411
-11573
-12678
-12121
-9276
-5328
-1417
1099
2521
3838
5426
8350
11997
15081
17789
19819
21744
23096
24206
24921
24973
24628
23318
22041
20666
19116
17208
14719
12246
9476
6981
4914
2721
21
-2716
-4839
-6003
-6403
-6619
-6861
-6660
-6267
-5319
-3773
-2843
-960
1374
3736
5780
7867
10492
13239
15087
16250
16701
17255
18581
19927
20097
18528
16339
14398
12934
11317
9348
6731
3597
541
-2320
-4886
-7680
-9763
-12048
-13497
-14881
-16697
-18021
-18388
-18300
-18351
-18135
-17855
-16829
-15361
-13722
-12538
-11506
-10404
-9133
-8052
-7536
-7051
-6528
-5815
-5605
-6191
-7502
-9146
-10670
-11863
-13812
-16364
-17377
-16177
-14937
-15318
-17059
-19322
-20122
-19271
-16267
-12373
-8964
-6599
-5345
-3283
547
5374
10417
14979
19057
21438
23214
25360
28060
30765
31021
30349
28592
26489
24051
21528
19524
16556
12657
8704
4643
346
-4222
-8062
-11711
-14703
-16510
-17093
-17528
-18437
-19404
-19748
-18689
-16580
-13572
-10853
-7903
-4565
-1044
2579
5833
9023
12744
16789
19783
21635
23289
24624
25675
26221
26068
25233
23486
21597
19277
17182
14483
11338
7557
3976
1114
-1256
-3660
-6673
-10375
-13499
-15528
-16689
-17458
-18459
-19145
-19550
-19062
-18416
-17138
-15815
-15010
-14226
-12592
-10264
-8020
-6295
-5507
-5087
-4339
-3314
-3061
-3062
-4119
-5316
-6897
-8450
-10405
-12630
-15456
-18283
-19731
-19278
-17822
-17976
-19599
-22034
-22989
-22467
-18518
-12872
-8475
-6476
-5885
-3739
439
6291
12689
18302
22823
25077
25742
27033
29672
31748
32331
31906
30524
28759
26041
23399
20286
16576
12680
9032
5815
1756
-2597
-6978
-10533
-13209
-14572
-15040
-15017
-15254
-16058
-16384
-15718
-13235
-9893
-6401
-3289
-997
1568
4625
8198
11350
14455
17135
19009
21355
23591
25392
26363
25749
24449
22907
22507
21813
20161
17208
13086
9153
5884
3874
2019
-451
-3808
-7093
-9622
-11273
-12259
-13601
-15443
-16998
-17491
-17082
-16737
-16541
-16204
-15531
-13846
-11664
-8932
-6480
-5368
-4859
-4293
-3068
-1223
-277
-207
-1233
-2741
-4713
-6669
-8776
-11479
-13997
-17280
-20200
-21807
-21738
-21728
-22562
-24454
-27021
-28327
-26866
-22283
-17549
-15056
-14063
-12744
-8860
-3281
3635
9850
14198
17116
19460
22624
26681
30512
32338
32466
31721
30803
29568
27584
25503
22045
17954
13889
10593
6834
2227
-2906
-7524
-11125
-13665
-15001
-16087
-17581
-19535
-20825
-20781
-19379
-16775
-14095
-11053
-8675
-6497
-3684
-631
3341
7412
10809
13510
15680
18018
20248
22509
24139
25030
25144
24722
23628
21895
19952
17879
15841
13556
10997
8075
5100
2031
-889
-3173
-5028
-6658
-8202
-9879
-11565
-12585
-13096
-13070
-12866
-12217
-11537
-10788
-9861
-7983
-5644
-3415
-1727
-935
-80
846
2017
2589
2368
1236
-400
-2215
-4577
-6966
-10138
-13560
-17341
-20239
-21622
-21837
-22044
-23293
-26359
-30402
-31280
-28272
-21754
-17156
-15882
-15760
-14088
-9382
-2418
6053
12794
16474
17552
19127
23972
28910
32196
32417
31786
30508
29028
27354
25189
22537
18456
14091
9892
5476
-349
-6299
-11468
-15714
-18563
-20554
-21248
-23000
-25379
-27796
-28417
-26470
-23055
-18773
-15827
-14004
-12331
-9363
-4950
48
5057
8617
11633
14109
16867
19092
20841
22662
24084
25170
25378
25207
23428
21182
18419
16589
14866
13349
10889
7477
3784
322
-1896
-3267
-4227
-5877
-7656
-9495
-10639
-11300
-11657
-11097
-10292
-9331
-8889
-8329
-7450
-5992
-3929
-1856
-34
1041
1430
1505
1796
2225
2286
2061
573
-1553
-4427
-7307
-10522
-13414
-16026
-18592
-19593
-20776
-21568
-23508
-25553
-28639
-29029
-25490
-19578
-15028
-15356
-15596
-14595
-9641
-2535
5855
12769
15324
15967
17027
21978
27863
31441
32224
31236
30045
27551
26364
24659
22702
18529
14238
10551
6156
706
-5257
-9747
-13606
-16045
-17640
-18757
-20962
-24101
-25320
-24740
-21742
-18501
-15060
-13329
-12433
-10665
-7018
-1874
2907
7155
9581
11141
12653
15245
18313
20274
21461
21835
22289
21399
21049
20142
19037
16448
14067
12437
10864
9151
6320
3504
1143
-143
-950
-1980
-3122
-4410
-5511
-6051
-5846
-5636
-5580
-5441
-4759
-3874
-2718
-1352
-178
483
936
1990
3322
4322
4820
4662
3920
2508
1289
-74
-1443
-3235
-5710
-9093
-12920
-16497
-18963
-20706
-21937
-23834
-25608
-27315
-28260
-30495
-30387
-26597
-21462
-18791
-19842
-18075
-14748
-8751
-2739
4766
10653
13003
14187
16608
22568
28310
31831
31807
30302
29545
27983
27461
26129
24876
20862
16135
11979
8020
3131
-2190
-5900
-9085
-11539
-14057
-16579
-19387
-22041
-22035
-20784
-18198
-16575
-15189
-14740
-13887
-11019
-6527
-1987
753
3363
4563
5631
8185
11917
15001
15927
16421
16792
17258
17129
17340
17801
16915
15042
12591
11432
10148
8748
6486
4844
3751
2796
1593
-410
-1014
-1986
-2609
-3249
-3219
-3185
-3677
-3926
-3703
-3042
-2730
-2031
-1098
-372
-147
428
1270
1442
1335
897
427
-407
-1083
-1675
-2727
-4659
-7119
-10012
-12844
-15117
-16808
-18674
-19655
-20806
-21540
-22915
-24133
-25589
-25307
-21909
-18203
-15078
-14974
-13422
-11145
-6567
-641
5931
10894
13179
14336
17075
21478
26944
29942
30751
28930
28021
26643
25755
24635
22576
18933
14205
10168
6283
2091
-2356
-6099
-8882
-12004
-14606
-17015
-18427
-20034
-19951
-18952
-17493
-16154
-15464
-14481
-12958
-9540
-5830
-2585
67
1448
2549
3677
7095
10008
11899
12958
13604
13216
12804
13751
14780
14342
12691
11092
9478
8420
7675
6926
5196
3405
2305
1895
1524
147
-774
-2181
-2754
-2572
-2024
-1818
-2793
-3567
-4081
-3972
-3416
-2485
-1596
-1552
-1153
-812
-682
-1309
-1887
-2098
-2125
-2027
-2624
-3827
-5444
-7129
-9455
-12175
-14575
-15961
-16524
-17172
-18315
-21003
-22234
-23260
-23970
-25145
-21234
-16501
-14392
-16241
-16002
-11819
-7280
-2357
3718
9174
11986
12387
15054
19405
24332
26678
27884
27858
27254
26639
24957
23982
21855
19212
15367
12217
8735
4527
-146
-3893
-6655
-9495
-11910
-13849
-15659
-16611
-17236
-16599
-16073
-14796
-13613
-11958
-10075
-7361
-4551
-2092
288
1876
3480
4941
7346
9875
11355
12324
12485
12720
13489
14399
13990
12770
11986
10988
9908
9141
8413
7072
5304
4325
3793
3403
2954
2410
1316
483
213
250
104
-241
-724
-1009
-1579
-1803
-1957
-1693
-1015
-359
-415
-971
-1567
-1868
-1864
-1569
-1432
-1921
-3526
-5090
-6215
-7105
-9508
-12424
-14997
-16078
-16625
-16099
-17493
-19448
-21553
-22343
-23370
-21940
-18000
-14786
-14753
-15991
-13414
-9445
-4300
971
6197
9128
9999
12390
17761
23365
26747
26855
27197
27072
27642
26797
26472
25087
21479
17358
14636
12904
9003
3237
-1443
-4909
-7935
-10517
-12153
-14557
-17248
-19134
-18595
-17437
-16247
-15065
-13857
-12408
-10316
-7002
-4106
-1905
214
2355
4498
6225
8503
10289
11585
12170
12980
14342
14073
13530
12941
13139
12020
10596
8922
7263
5804
5002
4603
3436
1855
519
-453
-746
-805
-1022
-1984
-3054
-3265
-2726
-2547
-3002
-3652
-3860
-3649
-2512
-813
-308
-1012
-2215
-1982
-1113
-143
-24
-739
-1437
-2420
-3364
-4755
-6664
-8992
-11650
-13310
-13552
-13180
-14609
-16919
-19089
-20732
-22148
-20029
-16844
-15110
-16174
-16173
-13643
-10287
-5538
-646
3692
6408
8017
11223
16256
22623
26049
25686
25067
25823
27596
26632
26136
24919
21725
17018
14097
12947
9314
3539
-1574
-5209
-8209
-11288
-13249
-15435
-17679
-19609
-19883
-19497
-18266
-17019
-15150
-12854
-10265
-7431
-4924
-1961
926
3787
6431
8984
11211
13592
15619
15813
15940
17141
18348
18454
17535
15852
13404
10955
10356
10351
9007
6308
2859
111
-1626
-1774
-1748
-3209
-5592
-7543
-7603
-7742
-7701
-8064
-8381
-8321
-8044
-7037
-5847
-4870
-4282
-3401
-2100
-1032
-602
-374
952
1848
1645
1013
110
-1398
-3666
-5346
-6236
-7707
-9903
-11972
-13444
-14119
-15373
-17263
-20196
-20290
-19205
-17814
-18217
-18031
-16195
-14886
-11598
-6799
-1377
907
1927
5908
11391
16453
19584
22069
23526
23672
24651
25522
26642
24761
21757
18436
16611
14572
11311
7377
2897
-1907
-6755
-9942
-11874
-13582
-15649
-17938
-19440
-21223
-21154
-19759
-17543
-15295
-13254
-10210
-8419
-6004
-3118
1014
4075
7346
10562
12963
14325
15907
17389
18872
19569
20104
20204
18794
17070
14757
13765
12355
10192
7434
4638
2804
940
-938
-2852
-4816
-6811
-8816
-9090
-8981
-9242
-10311
-11086
-10959
-10245
-8901
-7642
-6471
-4959
-3271
-2181
-1497
-51
1818
3657
4247
4894
4465
3468
1688
821
-304
-1666
-3782
-5082
-7432
-9387
-10642
-11495
-14765
-17532
-16076
-14936
-15197
-18304
-17993
-16542
-14147
-11040
-6945
-4210
-2969
-1872
2710
7958
13718
15501
17315
18197
20188
21902
22996
24254
22521
19861
17140
16000
14190
10568
7113
3384
-234
-4494
-7562
-10177
-13122
-15168
-16843
-17285
-18904
-19618
-19835
-18555
-16228
-13703
-11445
-10159
-7739
-4368
-62
3472
5831
9152
11578
14474
16085
19845
21514
21805
20898
20573
20957
20080
19287
17083
14882
11753
8499
6354
4753
2915
-801
-3690
-5433
-7054
-9158
-11393
-11755
-13164
-13432
-13306
-12302
-12664
-13648
-12313
-9679
-7026
-5710
-3982
-2439
-1460
746
2950
4759
4420
4169
3880
3708
3054
1574
193
-1071
-2949
-5077
-6125
-6812
-9197
-12154
-11897
-11554
-12001
-14441
-13776
-12679
-11367
-9812
-7151
-5176
-4189
-2449
1876
6509
10851
12512
13406
14905
17832
20455
21604
22740
22483
20103
17411
17401
16807
13704
9384
6442
3438
-618
-3882
-6374
-8631
-11821
-14137
-15106
-16520
-17472
-18777
-17947
-16575
-14610
-13176
-12369
-10363
-7662
-4298
-848
2794
6618
8341
9964
12780
16932
20382
21467
22620
22548
22291
21833
22060
21729
19270
16287
13068
11002
8986
6429
3281
-409
-2867
-5849
-8101
-10571
-12152
-14322
-15796
-15830
-16221
-16663
-17386
-16670
-15251
-13576
-11350
-9633
-8119
-6651
-3868
-983
1300
2492
2864
3059
3356
3931
3924
2528
1263
435
-1201
-2430
-4431
-5821
-9510
-9504
-8729
-8552
-11437
-14446
-14462
-13304
-10039
-6861
-5569
-6312
-7396
-4671
324
6055
9569
9782
9721
10660
14083
16124
18523
19325
18578
16219
15375
15846
13867
10188
7144
5188
2278
-1154
-3414
-6251
-9440
-12419
-13030
-14164
-16228
-17746
-18441
-17832
-17113
-15213
-14006
-13538
-12084
-8886
-5269
-2902
-174
2575
5019
7745
12159
16490
17802
18147
19393
21258
22561
23250
22763
20620
18524
16843
15269
13906
11641
7904
3286
662
-901
-3707
-7564
-10192
-12099
-14311
-15756
-15882
-16185
-17790
-18603
-17343
-15638
-14040
-12290
-10682
-8572
-6400
-3245
-1179
680
2121
3937
5154
5823
5518
4395
3019
3504
3450
2558
429
-2359
-5191
-7717
-6066
-5516
-6769
-10839
-12863
-12346
-10867
-8246
-6221
-5792
-6641
-6100
-2343
1904
5588
6989
7412
8375
10711
13435
14907
16232
16129
15122
13841
14352
14295
12114
9095
6975
5093
2493
-383
-2569
-5006
-7740
-10268
-11680
-12978
-14443
-15411
-15731
-15401
-15479
-14598
-13916
-12257
-10214
-7505
-5329
-3829
-2261
661
4894
8336
10270
12414
14875
16441
18193
19727
20855
20270
20359
20469
19855
17738
15423
13294
11460
9379
7118
4382
629
-3118
-6435
-8332
-10106
-11936
-14017
-16115
-17169
-17969
-17744
-16823
-15760
-14635
-13809
-11919
-9884
-7258
-4562
-2605
-729
447
2387
3440
4214
4119
3856
3960
4018
3109
1283
682
-277
-2134
-5275
-4571
-4319
-5587
-8586
-9536
-8676
-8478
-7418
-5360
-3597
-3190
-3548
-1272
2493
6812
8971
8991
10005
11049
13166
14166
16739
17290
15128
12550
13094
14080
12155
9143
7210
4675
1203
-1271
-1996
-4074
-7508
-10399
-11526
-12713
-13770
-13991
-14436
-14829
-15370
-14161
-13068
-11414
-9832
-7880
-6260
-3858
-1591
1237
3575
5775
7869
10658
13969
15697
16561
16702
17356
17925
18769
19405
18214
16250
14274
12413
11041
9240
8102
5245
1882
-1585
-4123
-6459
-8961
-10787
-12340
-13671
-14856
-16203
-16936
-16650
-15322
-14114
-12906
-11531
-9768
-7915
-5911
-3318
-1469
-195
598
2140
3077
2945
2400
1655
1134
752
682
1621
307
-2399
-6615
-6591
-4171
-3771
-5739
-9649
-9788
-9600
-7881
-4326
-1910
-1740
-4113
-2636
2903
7975
10421
10086
10883
11055
12970
15657
18040
17843
14678
12930
13237
13880
12323
9307
6621
3669
1240
-955
-2214
-4962
-8082
-10630
-12003
-12373
-13850
-14775
-16209
-16087
-15438
-14522
-12940
-12576
-11062
-9708
-7266
-5320
-3012
105
2162
5067
6882
9363
10745
13529
15461
16358
16529
16238
16569
16736
17331
15692
13556
11768
10456
8848
7430
6025
2911
-798
-3260
-4622
-6627
-9476
-11377
-13141
-14166
-15189
-15140
-15304
-15331
-14617
-13486
-11793
-10343
-8108
-6120
-3965
-2253
-935
303
1270
2574
3016
3156
2127
528
118
615
882
362
-1268
-3583
-6241
-5417
-3883
-4287
-7190
-9001
-8057
-7202
-5363
-2900
-1429
-1975
-2061
1430
6204
9019
10573
11265
12340
13221
15613
17493
17781
16348
15152
14454
14255
13626
11481
8360
4877
2882
898
-1142
-3453
-6347
-8551
-10680
-11654
-13055
-14361
-14686
-15060
-14796
-14831
-13551
-12510
-11803
-9882
-7699
-5807
-5133
-2340
992
3615
5151
6600
9063
11201
12792
13531
14323
14367
14936
15135
15531
14275
12191
10226
9252
8886
7815
5207
2040
-1089
-3141
-4251
-5554
-7887
-10663
-12433
-13359
-13931
-14621
-14552
-14813
-14286
-12976
-11670
-10962
-9657
-7085
-4901
-2815
-1426
-422
-305
476
1931
2392
1309
-14
-58
458
-136
-171
-889
-2448
-5230
-5474
-3247
-3277
-5149
-7128
-6539
-5533
-4151
-2195
-435
-208
153
1968
5817
9141
11489
11964
12567
13818
15504
16805
16972
16481
15748
14435
12961
12157
10841
8743
5081
2595
381
-1900
-4355
-6301
-7499
-9312
-11374
-13012
-13502
-13534
-13788
-13716
-13093
-12272
-11589
-10461
-8918
-6592
-4544
-2910
-1796
323
3891
6215
7937
9600
11857
12234
12984
14240
15436
15480
15373
15131
13833
12244
10856
9701
8476
6852
4686
2275
-5
-2525
-4625
-6202
-7670
-9787
-11609
-12979
-14212
-15079
-15432
-14822
-14165
-13380
-12581
-11743
-10411
-8648
-6733
-4715
-2972
-2074
-1648
-1297
-19
527
584
-153
-158
-267
-256
460
-437
-1639
-3757
-1693
-876
-1016
-2562
-2793
-2339
-1739
571
2977
3398
3150
3436
6562
9616
12498
13425
13189
13407
14188
16152
16505
16945
15289
14110
12625
11908
10823
8485
6227
3352
805
-1422
-3289
-5111
-7960
-9038
-10307
-11237
-12462
-13030
-13011
-13366
-12029
-10891
-9433
-8940
-8047
-6326
-4231
-512
2256
2515
2174
3927
8746
11625
13309
12893
12671
12564
14245
16714
16661
14613
12013
10990
10764
11243
9518
5612
1761
-163
-664
-2445
-4810
-8206
-11383
-12992
-13217
-12433
-14587
-16910
-18296
-17428
-16065
-15208
-14398
-13729
-12864
-11382
-9424
-7127
-6010
-4787
-3830
-2482
-1911
-1989
-2342
-2038
-258
614
651
-1127
-1782
-2665
-998
1287
1613
149
-1785
-1007
192
2631
5249
5850
4766
4447
7066
10523
12336
13568
13085
13149
13076
14499
15211
14879
13889
12005
10546
9813
8989
6992
4247
2025
-233
-2497
-4624
-5913
-7644
-9714
-10783
-11457
-11786
-13021
-12920
-12870
-12230
-11319
-9641
-7956
-7761
-6600
-4043
-791
1462
2116
3188
4690
7837
10878
12526
12307
11528
12798
14928
16363
15825
13706
11916
10666
10987
11339
9470
5617
1589
-174
-1265
-2485
-5012
-8517
-11921
-14045
-14880
-15836
-17126
-18421
-19365
-19474
-19298
-18739
-17901
-16563
-14873
-13101
-11356
-10268
-8897
-7427
-5355
-4255
-3351
-2696
-2412
-2377
-1358
-531
374
-256
-552
-2038
-1481
555
2055
2373
726
1444
1823
3647
5801
8455
9061
8124
8397
11153
13845
15220
14890
14997
14333
14057
13779
14379
13955
12113
9660
7988
7166
4997
2847
331
-1855
-3982
-5870
-7475
-9027
-9885
-10603
-11583
-11472
-11389
-11389
-12221
-11007
-8906
-7113
-6278
-5767
-4439
-2074
1154
2695
3577
4564
6864
9356
12082
12964
12432
12717
14521
16573
17167
16240
14258
12155
11973
12400
11718
8450
4939
2802
892
-1338
-3440
-5600
-8704
-12343
-13780
-14580
-16668
-19033
-19785
-19753
-20132
-20255
-20388
-19824
-18818
-16482
-14678
-13262
-12027
-10730
-9005
-7525
-5346
-3848
-3132
-2769
-876
353
959
1145
1557
892
-48
2050
3416
4674
3733
4256
5077
6703
9329
11107
11653
11723
12390
14734
17039
19345
18956
17800
16825
16736
16956
16691
15771
12574
10019
8080
7356
5216
2371
-249
-3439
-6075
-7852
-8744
-9861
-11696
-12675
-13330
-12763
-12548
-11719
-10927
-10255
-8722
-7595
-4415
-1966
-149
-46
1533
4618
7318
9273
10926
12335
12193
12594
14908
17058
17517
16519
15959
15543
15214
15150
14046
12244
9749
7849
5753
4154
1536
-1842
-5089
-7190
-8478
-11218
-14178
-16888
-18323
-19486
-20341
-20738
-22299
-23209
-23015
-21600
-20012
-19486
-18957
-18396
-16536
-13643
-11594
-10084
-10103
-8623
-6833
-3146
-2157
-1177
-806
289
620
927
3379
3523
3791
3139
5352
6962
7681
9382
11762
13799
14721
15087
16957
18173
20016
20737
21708
20775
19423
18120
17395
17086
15221
12919
9095
6708
4235
1937
-1083
-4208
-6943
-10262
-12850
-14643
-15650
-16014
-17455
-17486
-17724
-16773
-15632
-14248
-11666
-9762
-6902
-5202
-2909
-436
2077
5562
7835
10157
11335
12478
14607
16335
18512
18467
18529
17719
17371
17682
17548
16722
13971
11697
9832
8134
5875
3370
433
-3057
-6124
-8508
-10147
-12662
-15657
-18478
-20194
-20919
-22043
-23095
-24114
-24206
-24544
-24245
-23182
-22185
-21500
-20680
-18830
-17338
-16131
-14914
-12402
-9968
-7485
-6837
-5349
-2918
-608
1294
877
2871
3081
5043
5993
7617
8713
7991
9139
11237
14643
16774
16564
16793
17702
20744
22756
23572
22740
21296
19926
19061
20111
19142
16437
12223
9921
7558
5187
2742
-740
-4705
-8415
-10288
-11791
-14123
-16253
-18337
-19095
-18912
-18104
-17170
-17706
-16429
-14821
-10850
-8213
-6304
-4083
-1455
2127
4712
8440
10624
11639
12910
16047
19359
19975
19643
19213
19279
20051
20484
19709
17025
14677
12863
11728
9957
7466
3367
-888
-3544
-5667
-7827
-11659
-14396
-17099
-19183
-20666
-21990
-22765
-24797
-25113
-25219
-25127
-25179
-24640
-23798
-23250
-22371
-20174
-18832
-17327
-15827
-12261
-10420
-9508
-6681
-3074
259
-1309
-127
2293
5643
6784
7954
9884
9797
9726
12102
15904
18303
17376
16931
17693
20045
21748
22548
22039
20147
18834
17803
18362
17831
16141
12362
9825
8394
7132
5022
2018
-986
-4609
-7212
-8575
-10146
-11765
-13928
-15207
-16066
-16480
-16411
-16194
-14687
-13201
-11519
-10917
-9797
-6933
-3504
-1386
341
2779
5116
7074
10166
13398
14804
14396
14968
16673
18526
19437
18574
17094
15913
15704
14938
13755
12026
9216
6269
3948
2525
-475
-4238
-7397
-9988
-11473
-14006
-16087
-18397
-19795
-20575
-21556
-21959
-23082
-23965
-24023
-23287
-22213
-21892
-21565
-21116
-19552
-17040
-14037
-12909
-10665
-9085
-5248
-3981
-1960
1197
2967
4938
5910
9698
11315
11605
12662
15202
18560
20171
20438
21035
21192
23002
23425
23854
23048
21124
18748
17175
16873
15625
12579
9352
6957
4934
2956
876
-1325
-4659
-7334
-8893
-9530
-10511
-11991
-13015
-13151
-13488
-13398
-12774
-11224
-9589
-9166
-8209
-7441
-4504
-2040
-145
1142
2272
3709
5154
7272
9624
10245
10232
9996
11256
13228
13767
12954
11490
11140
10966
10323
9904
8224
5870
3963
3214
2513
-372
-3285
-5542
-6505
-7713
-10278
-12193
-14135
-15565
-16712
-16609
-17038
-19248
-21086
-21300
-20299
-20613
-20880
-21370
-21058
-20133
-17565
-16438
-15157
-13346
-10359
-8395
-8032
-4970
-1859
766
2592
5223
8459
9792
11417
14557
18152
20804
21055
22243
23745
26085
27250
27605
26904
25315
23118
21754
21156
19028
15384
10972
8359
5929
3395
108
-3747
-6664
-9336
-10927
-12077
-13681
-15003
-16434
-15586
-14321
-12764
-12171
-12297
-10681
-8505
-4736
-2891
-1011
536
2244
4648
6909
9636
10732
10920
11030
11962
13234
13227
12426
11045
10352
8858
7626
6240
4661
2691
635
70
-1161
-2533
-4663
-6298
-7542
-9896
-11064
-11968
-12231
-13390
-14982
-15380
-16073
-15587
-15744
-15544
-15768
-16770
-16766
-17127
-16174
-16205
-16662
-16299
-16429
-14428
-14852
-13023
-11341
-8536
-7749
-8956
-6306
-3651
-46
1021
3078
5237
5672
8118
11752
16564
18913
19004
19919
21898
25713
27509
28825
28199
26978
25294
24721
25351
23575
19796
14996
12212
9580
6822
3742
-628
-5138
-9505
-11319
-13149
-15424
-17629
-19783
-20127
-20315
-18352
-16715
-15700
-14659
-13274
-9475
-5301
-1674
620
2555
6139
9265
12939
15599
16734
17117
17603
19497
19721
19338
17203
15122
12935
11718
9992
6724
3185
-305
-2787
-4932
-7125
-9851
-13570
-15886
-18209
-19285
-20254
-21265
-22416
-24252
-24114
-23739
-22652
-22337
-21941
-21266
-20573
-19561
-18168
-16845
-16293
-15684
-15034
-12866
-12420
-10561
-8342
-5174
-3954
-5011
-3174
-820
2311
4078
6503
8421
7933
8653
12707
17581
19872
19326
19527
20746
23629
26508
28056
27510
26058
24534
24323
24713
24566
21892
17400
14401
12620
10919
7454
4112
857
-3352
-6869
-9259
-10596
-12804
-15349
-16760
-17856
-17894
-17749
-16818
-15797
-14720
-12271
-9629
-7199
-4846
-1355
2368
5329
8614
12182
14814
16891
18620
21105
22960
23611
23267
22097
21005
19630
17907
15458
12246
8636
5150
2251
-634
-4638
-8634
-12377
-15300
-18133
-21033
-23260
-25637
-27637
-29352
-29818
-29914
-30302
-30333
-29733
-28219
-27368
-25992
-24900
-22453
-20421
-18146
-16215
-15029
-12244
-8731
-4102
-3313
-2470
-443
2842
6416
8708
11395
12305
12676
14733
18262
22609
23895
23651
23363
25009
27800
29328
29562
28041
26414
24605
24364
23952
21856
18201
14762
12915
10815
8489
5040
1185
-2019
-4122
-5628
-8170
-10269
-11925
-12741
-13339
-14093
-14016
-14784
-13669
-12154
-9910
-8478
-7370
-5123
-2983
674
3274
5719
7278
9454
11878
14615
17033
17644
17436
17768
19023
19504
18622
16808
14970
13195
11025
9251
7214
4328
362
-3770
-6657
-9320
-11768
-15514
-18720
-21358
-23411
-24922
-27319
-28696
-30473
-31625
-32204
-32291
-31918
-32571
-31879
-30989
-29660
-27661
-26194
-22868
-20991
-16546
-14297
-12051
-9595
-6016
-742
2356
5727
7797
9878
12589
16629
21492
23963
24491
24954
26876
29764
31675
32515
31574
30287
28580
28531
28304
26832
22730
18495
16075
13500
11118
7479
3819
-566
-4250
-5617
-7773
-9855
-12875
-14172
-14710
-15261
-14485
-14504
-13524
-13306
-11688
-8789
-6625
-4178
-2457
854
3430
5671
7899
9906
12560
13919
15404
16642
17245
16888
16287
16593
16094
14380
11762
9867
8129
5785
3182
711
-1620
-4466
-7285
-9621
-11903
-14130
-16576
-18363
-20088
-21679
-22947
-24022
-24913
-25769
-26298
-26237
-26450
-26045
-25309
-25225
-24987
-24816
-23249
-21931
-19433
-17074
-16679
-15991
-14384
-9767
-6027
-3570
-1897
-299
2813
6449
11118
14854
16803
17674
18958
22334
25999
27927
27948
27803
28127
28377
28443
27788
26202
23463
21159
18995
16737
14136
10636
6913
3133
1131
-1190
-3662
-6157
-8397
-10008
-11980
-12000
-12172
-11932
-11911
-12095
-10332
-8826
-6374
-4577
-2302
131
1882
4668
7544
10455
12306
13553
15049
16287
17161
17201
17117
17165
16425
14726
13014
11623
9543
6676
3603
1332
-1542
-4984
-8330
-10864
-13551
-16975
-19320
-21411
-23528
-25527
-26397
-26805
-28080
-28795
-28644
-28101
-27662
-27031
-25367
-24527
-23744
-21894
-17739
-14693
-14824
-14535
-11619
-6749
-3910
-1774
-152
1496
3017
6139
10986
14141
14846
14742
16143
18984
21629
23180
22933
22519
22060
22207
22768
22849
21277
18505
16491
15178
13886
11891
9222
6457
3862
2197
638
-1127
-2662
-3826
-4980
-5665
-5766
-5659
-5454
-4806
-3556
-2870
-1760
-448
1126
2851
4647
6806
7758
8909
10327
12134
13532
14400
15385
15057
14447
14246
14526
13950
12274
10765
9002
7170
5231
3398
1011
-2056
-4808
-7314
-9438
-11497
-14010
-16935
-19303
-20942
-22997
-24950
-26409
-26961
-28045
-28528
-28697
-28189
-27751
-27588
-26215
-24083
-20706
-19154
-18339
-16602
-13032
-8576
-5416
-2512
-484
1050
3964
7906
12420
14796
16065
16770
18265
21262
23747
24589
23461
22729
22418
22428
22109
20723
17480
14015
12062
10701
8777
5642
2289
-898
-3300
-4420
-5407
-7177
-9907
-11240
-11108
-10649
-9745
-9011
-8481
-8802
-7354
-3771
-611
1290
2351
4900
7576
10076
12705
15195
17097
17428
18120
19648
21091
21329
19910
18783
18016
16812
14910
12680
10186
7251
4041
1353
-1243
-4377
-7547
-11014
-13634
-16018
-18542
-20934
-23334
-24789
-26690
-28437
-29422
-29597
-29109
-29665
-29438
-28978
-27809
-26516
-23533
-20484
-19148
-18538
-16071
-11354
-7328
-4410
-2212
46
2624
6095
10886
14611
16008
16626
18245
21538
24225
25507
25153
24724
24343
24071
24286
23661
21394
18033
15310
13895
12248
9571
5876
2211
-302
-2087
-4095
-6523
-8841
-10565
-11696
-12334
-12132
-12050
-12493
-12409
-11195
-9169
-7794
-5896
-3857
-1470
446
3088
6203
9252
11606
13445
15864
17525
19032
19865
20956
21436
20968
20430
19539
18665
16976
14814
12688
10175
7490
4208
1496
-1103
-4609
-8102
-11584
-14264
-17436
-20570
-23222
-25336
-27475
-29300
-30775
-31500
-31401
-31491
-32001
-32548
-30601
-28090
-26792
-26182
-23442
-19777
-16599
-13445
-9471
-5952
-3452
-195
4663
9674
12996
15089
16751
19367
22319
25040
26187
26196
26007
25839
25520
24816
23036
20457
18009
15723
13132
10119
7044
3602
623
-1437
-3791
-6591
-9377
-10976
-11749
-12554
-13194
-13630
-13632
-13318
-12119
-10124
-8185
-7127
-6313
-3780
-281
2508
4175
5782
7894
9659
11967
14095
15859
16043
15431
16026
17384
17946
16591
15128
13884
12693
11355
10127
8642
6344
3518
992
-1098
-2677
-4451
-6748
-9308
-11916
-14255
-15828
-17113
-18688
-20999
-22529
-23134
-23484
-24712
-24395
-22997
-22281
-23014
-22698
-20255
-18564
-17218
-15364
-12553
-10998
-9316
-6448
-2441
1087
3581
5729
8406
11500
14660
17323
19011
20294
21160
21601
22798
23389
22878
21005
19392
18771
17507
15283
12647
10720
8234
5626
3423
1676
-260
-3001
-4772
-5770
-6873
-8267
-9308
-9281
-9220
-8965
-8249
-7486
-6797
-5562
-3202
-925
554
1837
3455
5123
7119
9444
11021
11420
11458
12452
13225
13497
13388
12685
11469
10218
9751
8964
7210
5522
3734
1567
-792
-2523
-4016
-6340
-8567
-10497
-12161
-13773
-15381
-16759
-17662
-18607
-19404
-20859
-20300
-19229
-18404
-19513
-19814
-17838
-16086
-14376
-12996
-10993
-10233
-9253
-6500
-2516
624
1747
2396
4234
6822
9689
11107
11907
12012
12324
13086
14158
14453
13600
11892
10758
10557
10356
8898
6668
4878
4032
2990
2079
561
-585
-1553
-1882
-1758
-2253
-2245
-2928
-2661
-1767
-508
-192
-191
624
1607
2356
3562
4930
5340
5470
6207
7683
8550
8682
8458
8497
9092
9181
9154
8573
7965
7116
6323
6165
5351
4011
2640
1652
336
-844
-1932
-3105
-4850
-6137
-6875
-7801
-8819
-10116
-11265
-12106
-12974
-13448
-14382
-13685
-13499
-13657
-15144
-14867
-13228
-11961
-10984
-10646
-9521
-9014
-7626
-5022
-2120
-1049
-964
67
2752
5132
6671
7680
8352
8462
9160
10567
11779
11122
10154
9245
9138
9176
8551
7548
5670
4300
3173
2608
1863
504
-637
-1424
-2008
-2588
-2590
-2264
-2665
-2851
-2296
-1335
-846
-116
1398
2260
2632
3261
5042
6382
6826
7311
7929
8266
8312
8367
8513
8730
8181
7526
6626
6282
5984
5155
4477
3171
1824
552
212
-726
-2052
-3552
-4686
-5683
-6693
-7207
-8007
-8635
-10005
-10330
-11111
-11316
-11951
-11639
-10960
-11232
-11683
-12527
-11359
-10381
-9156
-8982
-8868
-8380
-7474
-5597
-3647
-2387
-2026
-2302
-949
1127
3370
3836
3874
4070
4784
5600
6471
6936
6316
5339
4691
4950
5459
5195
3626
1938
1127
1060
698
-191
-1147
-1761
-2460
-2727
-2713
-2298
-1964
-2139
-2129
-1521
-345
577
1300
2391
2896
3134
4035
6054
6992
7149
7372
8002
8295
8253
8733
8869
8291
7354
6950
6365
5647
5029
4653
3770
2507
1134
641
264
-408
-1679
-2952
-3562
-4094
-4282
-4916
-5392
-6014
-6778
-7112
-7120
-6784
-7816
-7639
-7336
-6637
-7581
-7801
-6836
-6261
-5571
-5842
-5189
-5103
-4537
-3624
-2725
-2069
-1985
-1915
-899
442
1253
1204
1353
1912
2555
2799
2972
3090
2804
2415
2690
3246
3264
2471
1544
863
563
468
641
-130
-836
-1291
-730
-707
-1185
-785
-345
-347
-1047
-264
564
1073
1353
1920
1986
1875
2603
3535
4028
3660
3720
3921
4069
4234
4491
4629
4062
3907
3793
3660
3436
3472
3593
2971
2132
1872
2133
1904
1262
547
56
-515
-503
-662
-1518
-2260
-2823
-2855
-3589
-4200
-4923
-5667
-5143
-5209
-5195
-7321
-7546
-6899
-5901
-5619
-6257
-6199
-6719
-5874
-4578
-3142
-2897
-3666
-3529
-2322
-382
779
552
98
442
1489
2057
2488
2304
1607
507
830
1929
2266
1312
-61
-244
214
614
438
141
371
311
392
661
1818
2128
2003
2268
2732
3166
3446
4245
4691
4873
4901
5227
5450
5551
5541
5291
4811
4068
3555
2929
2579
2210
1361
528
-60
53
-88
-170
-266
-664
-905
-237
571
655
296
518
1139
1871
2491
2736
2193
1843
2074
3094
3672
3283
2515
1465
2179
2286
2647
609
-384
-807
-822
-791
-2021
-2772
-4319
-4258
-4211
-3880
-4212
-5283
-5568
-5489
-4419
-4121
-4379
-4539
-4457
-3707
-3114
-2309
-2365
-2221
-2148
-1732
-804
271
443
-440
-5
1396
1732
887
955
2001
2108
1917
1980
2725
2570
2352
2632
3080
3303
3237
3238
3477
3912
4045
3704
3523
3573
3514
3105
2874
2332
1324
497
157
162
-839
-1998
-2904
-3051
-3257
-3454
-3670
-4190
-4685
-4729
-3793
-3229
-3200
-3061
-2593
-1623
-760
-226
57
416
1202
1630
2069
3008
3468
2745
1897
2853
4170
3657
1975
995
1569
1176
278
-475
-603
-1904
-3117
-3410
-3052
-3363
-4516
-5242
-5488
-5163
-4996
-5375
-5981
-6290
-6129
-6005
-5668
-5142
-5692
-6086
-5489
-3994
-3601
-3776
-3023
-2189
-1409
-1068
-128
659
1244
1838
2319
3042
3569
4263
4266
4746
5075
5374
5138
5031
5166
5235
4869
4201
3934
3605
3049
2153
1538
878
0
-668
-1198
-1758
-2824
-3545
-3910
-3903
-3803
-4324
-4759
-4951
-4386
-3734
-3388
-3555
-3458
-2947
-2072
-1237
-617
-179
409
1253
1952
2586
3130
3707
4188
4192
4419
4447
4577
4538
4530
4008
2867
2376
2235
2167
1425
894
-176
-645
-768
-256
-708
-1566
-2165
-2436
-2160
-1965
-1862
-2544
-2664
-2384
-2049
-2238
-2240
-1731
-1610
-1871
-2167
-1474
-810
-1019
-1041
-635
-143
-295
-342
434
1442
1600
1001
1205
1791
2244
2509
2819
2924
2644
2667
2758
2865
2872
2520
2110
1789
1467
977
511
245
-48
-509
-1436
-2151
-2636
-2697
-2658
-2834
-3365
-4049
-3952
-3292
-2887
-2993
-3292
-3308
-2880
-2391
-1804
-1579
-1348
-1257
-761
-117
498
746
530
516
870
1670
2143
1933
1014
623
1178
1548
1485
690
-297
-912
-459
410
394
-503
-1234
-1068
-437
189
684
700
321
308
1080
2148
2597
2342
1870
2439
3291
3533
3198
3175
3429
3271
3234
3690
3794
3349
3138
3388
3534
3232
2987
3088
3136
3216
2901
2536
2790
3105
2615
1847
1835
1937
1522
1233
992
627
46
-153
322
60
-541
-1277
-1513
-1313
-1060
-824
-1324
-1606
-1654
-1541
-1218
-942
-554
-977
-874
-608
-353
-246
-220
307
306
191
251
290
100
-181
-405
-517
-860
-1220
-1880
-2157
-2489
-2471
-2394
-3020
-4475
-5341
-4911
-4031
-3690
-4521
-5719
-6252
-5154
-3820
-3242
-3160
-3274
-3179
-2337
-226
1560
1596
1335
2402
3967
4909
5547
6184
6497
6088
6246
6868
7348
7073
6860
6658
6423
5930
5380
5230
4870
4483
3631
2546
1873
1885
1584
877
-149
-599
-1090
-1379
-1364
-1826
-2577
-3268
-3016
-2951
-3036
-3004
-2779
-2942
-3319
-3137
-2673
-2382
-2307
-2037
-1899
-1860
-1714
-1227
-1139
-1103
-808
-864
-700
-779
-527
-635
-538
-577
-855
-945
-1077
-1150
-1279
-1682
-2075
-2522
-2800
-2799
-3195
-3843
-4768
-5195
-5663
-5892
-5945
-5872
-6414
-7505
-7732
-6960
-6052
-6165
-6034
-5777
-5321
-4903
-3457
-2043
-1540
-1170
-506
705
1819
3472
4601
5245
5626
6227
7166
8219
8837
8812
8789
8591
8740
8534
8584
8446
7615
6731
5742
5679
5306
4738
3610
2638
1831
1287
1190
484
-338
-1131
-1556
-1967
-2050
-2060
-2296
-2628
-2844
-2461
-2188
-1967
-1586
-1276
-1131
-982
-730
-279
80
420
594
797
1049
1051
957
777
857
894
590
87
-335
-532
-762
-1364
-1898
-2398
-2851
-3140
-3658
-4384
-5174
-5645
-5909
-6402
-6717
-7223
-7993
-8562
-8243
-7687
-7752
-8248
-8459
-7982
-7184
-6252
-5811
-5481
-5172
-4301
-3136
-1835
-940
-289
557
1602
2938
3972
5160
5993
6676
7095
7940
8794
9073
9257
9255
9483
9490
9574
8980
8482
8013
7390
6768
6028
5514
4565
3656
2887
2264
1367
398
-307
-533
-817
-1432
-1900
-2139
-2308
-2371
-2298
-2225
-2041
-1786
-1567
-1136
-662
-48
346
879
1428
1888
2260
2522
2849
3077
3245
3059
2871
2773
2647
2184
1724
1268
611
5
-708
-1368
-2166
-2754
-3653
-4536
-5425
-6175
-6771
-7682
-8561
-9127
-9352
-9827
-10266
-10383
-10343
-10286
-9992
-9242
-8601
-8133
-7432
-6485
-5556
-4565
-3498
-2286
-992
243
1423
2266
3308
4835
6128
6943
7604
8360
8828
9259
9789
10318
10661
10630
10142
10063
10281
10359
9484
8537
8190
7843
6861
5905
5104
4287
3326
2664
1934
1235
561
-220
-809
-1196
-1116
-1539
-1821
-1715
-1511
-1594
-1634
-1181
-550
-484
-321
179
587
1101
1579
2337
2335
2117
2163
2919
3574
3502
2904
2373
2048
1742
1683
1348
715
-310
-1263
-1870
-2279
-3175
-4320
-5144
-5862
-6754
-7493
-8002
-8505
-9300
-9938
-10084
-10184
-10457
-10677
-10511
-10248
-9860
-9298
-8555
-8112
-7483
-6651
-5574
-4465
-3659
-2762
-1909
-687
424
1291
2045
2899
3600
4289
5238
6018
6358
6288
6422
7051
7493
7529
7164
6750
6587
6592
6590
6131
5432
4976
4733
4531
4031
3381
2923
2596
2276
2037
1895
1719
1482
1381
1224
1330
1027
1001
1281
1429
1231
982
1154
1374
1557
1471
1458
1248
1150
1374
1868
1863
1419
1261
1405
1261
945
813
338
-19
-334
-464
-930
-1725
-2127
-2562
-2918
-3569
-4097
-4577
-5076
-5479
-5953
-6136
-6564
-6980
-7491
-7692
-7592
-7639
-7776
-7941
-7760
-7522
-7270
-7044
-6729
-6378
-5628
-4981
-4462
-3945
-3420
-2473
-1649
-992
-390
363
917
1213
1918
2733
3173
3378
3654
3950
4333
4669
4823
4927
5071
5013
4996
5074
4863
4731
4480
4350
4194
3972
3786
3634
3715
3809
3639
3311
3273
3291
3469
3391
3414
3269
3302
3439
3680
3550
3185
3210
3115
3457
3432
3256
2684
2443
2429
2331
2117
1714
1172
489
425
194
-295
-896
-1428
-1787
-2068
-2356
-2989
-3605
-4282
-4656
-4901
-5152
-5321
-5830
-6172
-6340
-6211
-6183
-6261
-6400
-6548
-6442
-6070
-5506
-5599
-5924
-5653
-5160
-4609
-4348
-4352
-3868
-3395
-2968
-2554
-2235
-2039
-1853
-1539
-1044
-587
-436
-466
-297
146
455
427
511
621
900
1254
1569
1853
1688
1611
2102
2809
3072
2790
2910
3178
3665
4076
4297
4246
4127
4500
4791
4978
4642
4547
4556
4508
4686
4654
4612
4371
4348
4477
4559
4440
4173
3975
3927
4003
3921
3822
3476
3073
2750
2478
2299
2017
1343
753
437
-45
-534
-1013
-1426
-1836
-2069
-2465
-3037
-3468
-3557
-3677
-4070
-4526
-4909
-5063
-5137
-5062
-4892
-4939
-5072
-5152
-5018
-4502
-4207
-4148
-4334
-4089
-3662
-3376
-3317
-3301
-3237
-3211
-3019
-2792
-2557
-2638
-2686
-2443
-2199
-1937
-1536
-1498
-1457
-1406
-1124
-774
-525
-167
83
380
750
1100
1654
1929
2414
2898
3399
3883
4014
4450
4978
5210
5345
5477
5855
5981
5964
5958
5979
5882
5631
5728
5649
5557
5142
4876
4786
4729
4593
4400
4313
3961
3664
3395
3349
3012
2711
2508
2403
2351
2143
2029
1600
1224
1001
960
754
249
-50
-273
-589
-915
-1359
-1763
-1976
-2332
-2605
-2822
-3157
-3464
-3638
-3747
-3835
-4214
-4495
-4483
-4264
-4172
-4493
-4610
-4686
-4834
-4831
-4647
-4445
-4639
-4968
-5042
-4867
-4550
-4395
-4453
-4555
-4424
-4287
-3985
-3716
-3410
-3199
-2981
-2641
-2269
-1739
-1148
-716
-219
220
540
891
1400
2007
2382
2624
2889
3243
3815
4168
4269
4407
4709
4797
4834
5044
5183
5068
4778
4938
4851
4621
4405
4220
4206
4100
3784
3411
3273
3067
2833
2703
2594
2375
2275
2278
2161
1979
1718
1515
1404
1449
1588
1557
1359
1014
780
794
858
633
17
-377
-495
-685
-969
-1120
-1378
-1842
-2154
-2287
-2462
-2855
-3069
-3190
-3415
-3810
-4063
-4159
-4332
-4453
-4670
-4825
-5049
-5039
-4853
-4756
-4867
-4836
-4810
-4616
-4240
-4048
-3949
-3975
-3780
-3406
-3034
-2565
-2302
-2020
-1700
-1186
-708
-436
-35
299
677
900
1267
1724
1995
2209
2508
2734
2860
2988
3134
3337
3504
3570
3547
3500
3592
3545
3472
3302
3129
2933
2744
2575
2484
2466
2248
2018
1924
1933
1883
1847
1790
1767
1773
1612
1465
1385
1473
1418
1186
1123
1153
1129
1033
1063
1054
989
865
787
577
247
85
-161
-356
-528
-918
-1414
-1771
-2153
-2538
-2910
-3306
-3701
-4088
-4363
-4622
-4746
-5109
-5414
-5551
-5449
-5489
-5512
-5482
-5296
-5145
-5029
-4567
-4222
-3985
-3772
-3484
-3254
-2927
-2423
-2046
-1830
-1529
-1193
-840
-540
-64
313
453
597
768
1003
1197
1447
1658
1695
1645
1737
1869
2092
2290
2220
2090
2098
2262
2387
2602
2648
2595
2601
2682
2782
2765
2539
2385
2175
2116
2169
2212
2354
2079
2022
2122
2260
2250
2241
2263
2233
2122
2137
2352
2273
2239
2142
2059
1997
1982
1957
2060
2011
1700
1310
1097
1164
910
616
261
18
-328
-596
-759
-1035
-1078
-1587
-2050
-2250
-2368
-2497
-2800
-3066
-3367
-3349
-3344
-3295
-3252
-3288
-3148
-3248
-3263
-3142
-3211
-2915
-2712
-2385
-2145
-2051
-1896
-1433
-1148
-1094
-999
-763
-464
-118
55
330
597
735
866
1105
1231
1236
1256
1371
1476
1410
1563
1537
1503
1302
1256
1393
1514
1529
1532
1814
1799
1689
1735
1815
1845
1750
1937
2050
2072
2044
2053
2191
2363
2234
2191
2342
2284
2124
1917
2014
1894
1805
1623
1699
1638
1440
1386
1329
1277
1094
967
670
540
383
-2
-294
-434
-520
-907
-1308
-1480
-1608
-1827
-1974
-2087
-2220
-2276
-2297
-2233
-2226
-2410
-2513
-2317
-2223
-2355
-2452
-2501
-2457
-2324
-2184
-2098
-2162
-1986
-1842
-1668
-1455
-1397
-1281
-1410
-1414
-1141
-881
-916
-832
-785
-751
-582
-428
-257
-171
-152
-108
86
329
469
420
623
749
770
1003
1210
1374
1336
1483
1590
1685
1516
1425
1564
1621
1655
1625
1758
1742
1777
1724
1775
1732
1625
1708
1825
1903
1875
1894
1849
2014
2004
1939
1801
1618
1663
1510
1405
1277
1137
846
561
463
328
-117
-393
-379
-400
-554
-950
-1215
-1319
-1392
-1352
-1581
-1974
-2027
-2129
-1936
-1856
-1999
-2182
-2351
-2200
-1910
-1680
-1908
-2213
-2414
-2348
-2171
-2044
-1993
-2077
-2059
-1946
-1447
-1237
-1312
-1229
-1173
-1140
-1141
-1057
-1036
-1113
-1249
-1337
-1287
-1331
-1206
-1145
-1104
-1057
-1245
-1193
-1079
-922
-809
-736
-639
-615
-469
-321
-236
19
244
314
470
579
751
1022
1161
1253
1200
1145
1139
1181
1349
1320
1427
1379
1519
1613
1520
1627
1559
1562
1367
1203
1199
1069
1091
1074
846
462
299
223
200
76
-204
-500
-711
-785
-784
-1029
-1322
-1518
-1664
-1683
-1536
-1548
-1756
-1984
-2029
-1868
-1846
-1836
-1893
-1994
-1977
-1737
-1591
-1371
-1395
-1487
-1394
-1336
-1386
-1317
-1109
-1044
-1053
-1099
-1072
-902
-866
-761
-751
-780
-812
-756
-713
-654
-655
-764
-718
-746
-727
-604
-499
-533
-564
-500
-342
-142
53
337
447
509
680
987
1406
1595
1647
1840
1924
2163
2496
2653
2910
3023
3109
3105
3222
3311
3539
3464
3288
3085
2974
2979
2906
2876
2716
2430
2087
1844
1725
1592
1312
932
687
468
216
94
-140
-356
-603
-797
-837
-798
-769
-807
-800
-952
-1069
-1220
-1317
-1363
-1307
-1341
-1396
-1396
-1341
-1246
-1000
-690
-782
-891
-880
-593
-398
-248
-262
-331
-344
-257
-130
-194
-262
-515
-668
-767
-751
-819
-944
-1065
-1251
-1434
-1497
-1538
-1663
-1714
-1720
-1666
-1603
-1551
-1433
-1355
-1176
-1198
-1041
-827
-738
-503
-385
-146
168
424
627
948
1251
1661
1737
1980
2195
2488
2811
2944
3265
3235
3203
3164
3263
3266
3038
2829
2712
2654
2554
2299
2117
1949
1660
1449
1271
1039
860
579
388
95
-230
-446
-591
-771
-832
-1041
-1166
-1155
-1140
-1048
-1038
-1140
-1192
-1201
-1169
-963
-949
-832
-712
-698
-590
-531
-364
-288
-199
-180
-203
-122
-29
-15
-207
-220
-276
-474
-423
-394
-453
-670
-943
-1027
-1190
-1311
-1368
-1393
-1520
-1554
-1593
-1569
-1546
-1522
-1511
-1496
-1399
-1376
-1362
-1196
-1079
-834
-665
-693
-585
-403
-83
78
345
528
730
1030
1318
1577
1698
1695
1758
1930
1989
2163
2241
2158
2126
2052
1960
1774
1695
1536
1436
1191
1044
1002
705
468
146
-63
-307
-399
-538
-573
-702
-996
-1078
-1197
-1310
-1180
-1135
-1305
-1418
-1349
-1156
-1195
-1193
-1098
-1040
-985
-973
-968
-915
-786
-677
-512
-533
-568
-509
-660
-654
-489
-384
-499
-638
-635
-617
-630
-604
-561
-664
-840
-882
-877
-835
-802
-915
-910
-956
-1011
-944
-976
-1060
-1040
-1071
-951
-871
-956
-1047
-943
-647
-446
-428
-286
-73
76
262
325
572
601
733
882
958
1133
1149
1278
1252
1415
1483
1602
1439
1327
1403
1260
1241
1109
1001
757
693
618
481
339
187
57
-109
-243
-295
-547
-782
-784
-764
-725
-810
-857
-844
-861
-867
-761
-671
-776
-589
-444
-201
-120
106
298
294
464
480
445
404
426
511
529
565
520
434
355
396
448
364
210
6
-169
-381
-395
-432
-518
-527
-490
-560
-550
-587
-401
-339
-243
-193
-266
-147
-52
140
219
400
415
526
681
847
1037
1104
1214
1322
1479
1631
1698
1801
1790
1750
1805
1935
2097
2073
2026
1959
1880
1910
1943
2035
1901
1718
1624
1513
1475
1448
1306
1217
1193
1125
970
681
446
415
236
96
-149
-293
-337
-389
-501
-490
-482
-569
-587
-547
-482
-411
-443
-401
-238
-125
-14
-125
-185
-160
-170
15
89
-50
3
-57
16
187
244
288
259
0
-81
-72
-133
-304
-478
-554
-737
-780
-936
-955
-950
-1071
-1287
-1223
-1143
-1153
-1230
-1104
-1013
-1171
-1117
-953
-745
-771
-758
-675
-482
-352
-188
10
90
215
281
334
405
707
801
775
791
883
972
915
849
905
886
862
835
905
851
689
616
537
392
325
391
334
203
293
391
274
357
359
248
127
231
259
240
305
371
494
358
340
341
327
384
421
499
351
347
414
507
711
607
595
518
403
490
500
476
354
277
105
181
194
176
-14
-166
-299
-366
-430
-460
-758
-813
-762
-842
-744
-775
-685
-803
-667
-537
-427
-256
-396
-303
-263
-302
-199
-123
-104
-156
-69
-54
-128
-119
-70
-114
-128
-74
-26
-72
9
47
77
262
276
394
490
455
426
368
380
368
177
204
51
-82
-89
-99
-19
-90
-116
-136
-229
-206
-71
37
-27
121
239
360
413
491
532
601
714
680
713
605
659
676
781
746
602
485
395
264
229
122
94
70
-39
20
-142
-214
-298
-327
-502
-608
-594
-684
-740
-810
-786
-843
-872
-865
-866
-853
-937
-1043
-1015
-1048
-1086
-1205
-1167
-1161
-1116
-1123
-1109
-1179
-1145
-967
-915
-763
-830
-769
-671
-491
-362
-262
-265
-301
-293
-159
-44
52
84
96
148
229
289
363
302
228
130
46
86
-74
-99
-138
-146
-126
-103
-70
14
164
264
194
232
202
245
419
499
564
578
551
673
788
657
739
840
898
873
907
961
976
1058
1031
1051
1017
1059
1047
1176
1007
907
881
795
690
474
353
260
122
-42
-129
-283
-475
-668
-725
-655
-564
-601
-665
-770
-907
-865
-819
-664
-704
-682
-749
-707
-617
-509
-487
-438
-386
-516
-517
-404
-289
-194
-204
-184
2
-9
57
58
6
-164
-211
-220
-177
-74
-65
70
-1
-35
160
58
84
152
103
246
194
137
296
302
419
379
330
264
356
456
650
630
544
643
642
807
849
884
925
912
850
915
907
824
909
1001
1062
1097
1126
1096
1133
1102
1138
1027
952
992
1003
1031
1027
875
816
686
597
435
199
97
-149
-264
-442
-602
-787
-882
-974
-1062
-1192
-1183
-1295
-1399
-1426
-1341
-1392
-1340
-1367
-1363
-1278
-1202
-1024
-1049
-960
-967
-889
-786
-855
-846
-698
-680
-622
-573
-457
-411
-278
-261
-163
-91
-171
-143
-218
-248
-264
-241
-295
-369
-196
-204
-133
-120
-40
35
16
26
65
89
69
199
139
245
382
462
600
680
845
921
1081
1184
1247
1337
1403
1539
1633
1709
1636
1639
1695
1599
1586
1594
1595
1627
1665
1630
1592
1646
1591
1548
1422
1127
1067
908
751
551
289
69
-40
-350
-516
-594
-738
-726
-877
-848
-923
-920
-1096
-1080
-1078
-1149
-1036
-1085
-924
-933
-964
-1025
-962
-983
-1041
-991
-853
-836
-926
-825
-856
-951
-961
-1054
-1150
-1088
-1263
-1196
-1155
-1201
-1208
-1342
-1329
-1378
-1360
-1236
-1244
-1274
-1097
-1009
-955
-969
-904
-865
-782
-724
-744
-596
-523
-487
-435
-286
-169
-148
-203
-92
-54
3
6
-80
-43
136
227
325
475
622
822
791
891
909
829
861
757
724
757
703
655
540
503
460
279
193
14
4
-83
-266
-352
-411
-593
-700
-845
-962
-998
-1182
-1156
-1170
-1171
-1177
-1229
-1314
-1356
-1497
-1577
-1617
-1610
-1693
-1555
-1499
-1418
-1288
-1173
-1139
-1191
-1080
-1078
-913
-874
-795
-820
-768
-849
-822
-775
-802
-682
-714
-624
-425
-420
-225
14
19
64
46
35
13
153
271
214
269
328
348
472
527
697
758
808
911
924
992
1106
1164
1251
1302
1312
1403
1544
1574
1555
1509
1597
1495
1423
1457
1342
1327
1280
1136
1175
1075
1092
1153
1062
1007
953
780
525
395
330
325
237
231
158
15
27
28
30
7
-223
-217
-273
-343
-331
-450
-552
-646
-723
-761
-861
-935
-1083
-1110
-1184
-1192
-1211
-1334
-1273
-1275
-1264
-1340
-1366
-1458
-1404
-1423
-1411
-1360
-1275
-1246
-1337
-1308
-1312
-1108
-999
-929
-836
-684
-611
-413
-198
-193
-191
-75
120
67
153
416
462
605
813
947
1018
1033
1194
1176
1205
1352
1451
1561
1583
1533
1464
1485
1500
1541
1619
1617
1412
1403
1399
1356
1330
1242
1277
1222
1184
1119
1028
1072
1128
1103
1079
1220
1041
855
880
636
539
589
384
358
278
109
64
-27
-90
-153
-212
-236
-247
-341
-419
-475
-634
-704
-851
-925
-1106
-1151
-1249
-1292
-1178
-992
-877
-977
-867
-928
-807
-766
-780
-784
-811
-848
-834
-696
-754
-711
-661
-660
-598
-538
-474
-254
-171
10
33
219
380
455
521
579
693
848
1068
1161
1340
1395
1464
1590
1686
1652
1573
1653
1724
1767
1757
1686
1561
1519
1541
1492
1539
1406
1343
1322
1312
1404
1230
1165
1146
1050
926
934
945
876
647
489
370
197
63
17
-19
-72
-67
-139
-171
-216
-309
-423
-376
-456
-584
-557
-749
-853
-825
-982
-906
-1082
-1328
-1381
-1471
-1590
-1663
-1593
-1629
-1741
-1726
-1819
-1992
-1988
-2065
-2145
-2223
-2193
-2278
-2307
-2388
-2412
-2292
-2371
-2295
-2366
-2303
-2207
-2057
-2022
-2161
-1983
-1881
-1781
-1604
-1466
-1367
-1284
-1071
-889
-775
-672
-413
-277
-213
-72
26
151
220
329
411
415
490
454
503
494
518
593
578
495
610
636
592
671
655
611
588
563
548
519
574
604
708
719
711
806
597
732
721
823
731
682
816
728
803
792
758
705
674
582
482
454
359
177
-2
-108
-153
-232
-248
-331
-302
-483
-596
-533
-674
-791
-838
-858
-848
-905
-988
-918
-911
-852
-873
-867
-804
-950
-997
-869
-787
-684
-594
-461
-377
-311
-217
-180
-180
-109
-26
-72
-11
175
201
409
537
622
686
640
817
836
814
784
853
832
857
924
917
914
838
842
809
726
639
716
630
582
554
420
323
432
393
463
464
559
641
573
572
474
498
454
464
401
368
375
313
393
508
424
358
386
342
290
297
251
249
349
298
172
114
21
-24
-65
-182
-315
-451
-479
-649
-814
-894
-1053
-1114
-1170
-1381
-1323
-1346
-1423
-1514
-1472
-1404
-1363
-1373
-1322
-1369
-1342
-1218
-1097
-906
-760
-605
-510
-460
-358
-265
-240
-42
157
172
353
476
448
485
470
449
443
450
504
545
593
648
575
589
621
627
530
548
538
482
537
547
580
580
754
825
779
846
889
972
1040
1076
1004
958
1128
1212
1238
1187
1174
1252
1211
1159
1182
1178
1148
1167
1126
1229
1145
1113
1033
924
851
666
612
401
422
373
277
246
149
61
-23
-195
-344
-397
-536
-692
-730
-896
-955
-1069
-1070
-1142
-1162
-1117
-1089
-993
-1117
-1020
-1044
-1116
-1044
-845
-914
-921
-812
-780
-696
-660
-826
-838
-742
-690
-611
-534
-492
-441
-411
-402
-325
-286
-276
-210
-97
-80
1
58
124
269
407
402
516
569
546
703
759
696
692
666
689
704
630
706
669
683
573
582
679
557
601
534
521
509
610
584
566
502
435
452
326
454
275
231
110
115
160
25
155
72
-126
-216
-276
-389
-449
-514
-639
-800
-904
-1020
-1130
-1240
-1371
-1370
-1524
-1533
-1535
-1715
-1766
-1847
-1787
-1931
-1933
-1788
-1827
-1701
-1652
-1587
-1537
-1523
-1455
-1375
-1332
-1217
-1074
-866
-687
-574
-432
-267
-225
-165
-41
-86
15
56
105
161
267
457
442
573
680
734
801
817
830
909
938
1015
1055
1106
1211
1190
1315
1309
1289
1464
1464
1461
1648
1726
1463
1397
1347
1274
1127
949
926
745
699
733
733
694
687
547
661
681
630
456
274
211
213
157
38
38
-8
-149
-242
-240
-337
-377
-460
-533
-507
-573
-531
-528
-672
-597
-724
-657
-697
-742
-763
-957
-866
-979
-938
-931
-1026
-1053
-1015
-930
-975
-889
-1024
-1036
-1052
-992
-912
-896
-876
-891
-889
-827
-678
-647
-684
-594
-362
-274
-243
-124
26
181
278
310
447
520
624
691
816
886
814
859
871
877
955
924
855
757
787
708
637
638
645
721
646
640
695
537
448
387
368
403
445
260
169
276
104
162
81
0
31
-17
59
42
-8
-50
-60
-100
-74
-220
-302
-404
-436
-374
-504
-423
-524
-504
-562
-437
-443
-461
-586
-673
-664
-666
-732
-795
-683
-732
-662
-707
-744
-682
-619
-570
-586
-407
-325
-430
-316
-291
-178
73
103
212
414
519
581
582
526
585
631
703
726
747
774
768
861
784
720
685
632
726
683
759
908
941
972
1024
1164
1277
1255
1204
1224
1207
1214
1226
1177
1285
1252
1274
1337
1259
1227
1134
1153
1089
1017
1077
988
874
804
845
799
669
529
450
393
277
346
435
326
234
272
247
113
123
18
8
-104
-29
-19
-144
-169
-245
-310
-431
-332
-263
-188
-207
-194
-225
-294
-256
-289
-294
-369
-461
-566
-522
-453
-427
-355
-422
-480
-260
-228
-242
-134
-242
-139
-17
24
56
0
151
172
225
355
348
472
474
546
645
616
691
738
753
721
645
538
460
407
440
408
558
599
596
565
325
400
397
422
434
522
594
516
520
537
634
555
494
472
487
412
370
370
225
291
367
382
381
419
388
418
323
253
265
186
152
136
133
171
152
128
61
-99
-179
-307
-488
-486
-538
-601
-556
-586
-676
-740
-657
-622
-637
-648
-455
-496
-553
-411
-308
-314
-273
-286
-316
-269
-228
-181
-212
-205
5
-31
73
109
17
85
113
156
69
198
248
179
275
375
235
281
217
178
178
295
419
399
461
295
229
198
135
26
41
121
130
159
29
2
132
71
-66
-85
-168
-186
-144
-159
-96
-266
-360
-386
-470
-577
-645
-610
-690
-646
-604
-843
-969
-1022
-1096
-1210
-1308
-1404
-1409
-1437
-1293
-1209
-1209
-1235
-1266
-1190
-1174
-1177
-1076
-983
-953
-909
-952
-807
-719
-757
-707
-714
-646
-735
-684
-600
-583
-513
-476
-468
-386
-281
-191
-323
-308
-386
-528
-416
-459
-383
-412
-407
-296
-299
-232
0
35
58
40
72
33
126
100
94
84
77
26
-59
53
18
123
201
188
138
294
320
320
350
284
287
292
281
303
254
331
269
301
424
413
405
467
368
409
448
235
235
301
230
168
222
214
268
145
116
135
143
269
194
180
-52
-71
30
127
135
122
156
137
130
9
-53
-165
-270
-314
-188
-127
-183
-257
-79
-129
-166
33
-39
148
125
196
254
248
415
460
604
767
720
728
777
804
850
904
922
1030
1052
978
960
904
733
642
611
514
550
548
651
728
787
926
937
951
893
905
970
1043
984
1075
1179
1156
1085
1036
1064
870
874
912
898
958
1034
870
854
885
790
785
694
659
622
758
949
845
829
854
863
779
674
659
543
372
376
257
209
79
8
75
-27
16
-122
-98
-125
-138
-167
-334
-385
-423
-421
-463
-388
-422
-279
-256
-296
-274
-342
-413
-360
-374
-411
-412
-367
-377
-441
-467
-467
-316
-335
-306
-211
-173
-207
-112
-48
-57
56
49
58
103
88
58
77
159
239
307
249
290
213
212
191
158
165
141
169
88
131
174
145
157
86
71
130
0
50
118
143
127
77
113
116
35
-33
-5
-11
-98
-96
-77
-164
-267
-382
-409
-451
-401
-413
-408
-244
-235
-207
-246
-210
-150
-385
-432
-525
-567
-541
-524
-667
-602
-503
-418
-435
-498
-521
-586
-571
-576
-525
-459
-420
-376
-281
-341
-360
-203
-196
-279
-249
-284
-299
-252
-224
-131
-87
70
42
-20
10
-136
-175
-204
-227
-301
-376
-370
-246
-181
-207
-347
-236
-230
-279
-198
-281
-232
-319
-320
-360
-338
-269
-281
-287
-354
-379
-477
-475
-580
-663
-664
-660
-654
-562
-446
-516
-543
-539
-627
-756
-795
-748
-807
-856
-712
-699
-735
-790
-674
-746
-699
-573
-661
-685
-804
-826
-827
-844
-876
-884
-835
-934
-881
-954
-840
-851
-849
-1012
-1056
-957
-942
-854
-891
-907
-922
-817
-804
-578
-564
-597
-498
-426
-378
-344
-343
-370
-275
-102
10
100
208
428
411
531
508
510
571
751
779
847
880
820
920
835
900
824
824
937
960
849
793
745
767
748
779
822
775
678
622
622
551
485
511
448
479
547
518
503
543
568
548
645
673
676
553
605
598
716
637
634
629
570
600
585
489
326
235
268
160
242
132
38
148
-87
-41
-155
-206
-226
-265
-278
-236
-262
-263
-150
-158
-186
-77
-82
-42
-27
-52
-54
-68
3
-1
107
157
242
262
253
316
339
217
207
235
396
542
547
595
674
752
803
802
769
781
651
482
486
653
627
597
565
537
516
506
513
680
602
626
556
503
689
639
605
615
469
326
357
320
417
488
571
527
449
396
225
261
254
217
101
180
261
271
326
231
167
51
-12
-99
113
210
26
-44
-149
-315
-325
-330
-293
-326
-307
-297
-385
-379
-338
-231
-175
-244
-259
-297
-311
-306
-503
-445
-479
-474
-456
-547
-601
-651
-509
-443
-410
-526
-776
-791
-686
-504
-398
-405
-358
-344
-322
-146
47
114
193
103
-89
-70
-139
-118
-190
-170
-165
-231
-206
-20
135
152
242
339
206
112
193
268
330
312
349
395
304
211
274
335
401
326
236
277
237
151
246
236
257
168
59
59
60
-77
-154
-192
-371
-373
-387
-367
-320
-287
-468
-491
-594
-716
-717
-659
-609
-501
-467
-547
-541
-534
-576
-589
-636
-688
-698
-802
-836
-692
-535
-539
-476
-500
-498
-500
-386
-280
-326
-277
-330
-268
-240
-194
-269
-291
-256
-285
-43
-20
57
92
-94
-39
156
184
132
129
179
223
189
209
60
32
-25
-67
-110
-136
-220
-319
-256
-342
-275
-229
-105
-17
-106
-162
-16
-37
-98
-50
-124
-107
-158
-164
-249
-336
-355
-465
-460
-304
-254
-376
-374
-402
-437
-458
-529
-403
-439
-536
-531
-570
-626
-680
-706
-806
-816
-873
-988
-885
-1040
-940
-962
-1005
-881
-889
-868
-821
-741
-755
-622
-631
-370
-398
-318
-267
-398
-314
-363
-205
-142
-101
-124
4
51
85
133
240
380
295
339
354
405
511
533
576
721
704
692
799
850
892
1169
1108
1121
1085
1030
1063
1124
1163
1065
1021
948
919
902
880
826
735
644
658
620
791
798
865
963
766
793
763
553
535
546
504
539
645
526
463
454
422
493
483
443
325
291
273
176
207
77
-14
-182
-222
-300
-520
-516
-560
-456
-456
-430
-445
-445
-433
-532
-543
-442
-372
-441
-414
-498
-410
-484
-480
-531
-665
-685
-575
-475
-432
-363
-278
-240
-302
-201
-174
-46
-44
-100
-16
11
102
154
101
93
96
137
148
118
119
153
307
493
522
501
416
476
453
326
319
187
142
142
162
321
364
280
278
416
464
539
559
434
495
393
527
598
558
445
232
139
93
88
160
163
102
113
33
-72
-19
78
-63
-22
61
231
171
39
99
59
173
143
-3
-72
-98
-188
-205
-46
-73
-75
-136
-73
26
51
92
54
35
-74
54
-24
-63
-6
15
7
-164
-158
-172
-94
-8
91
230
134
134
-146
-40
106
117
148
263
281
234
374
366
402
398
378
429
386
506
554
494
442
328
459
436
563
543
449
375
392
378
295
284
216
55
157
110
110
204
193
270
221
230
211
205
316
156
125
302
121
154
148
204
311
374
375
220
114
28
116
112
129
-29
-266
-388
-464
-425
-390
-515
-563
-564
-698
-685
-779
-712
-678
-682
-616
-606
-464
-413
-331
-358
-399
-399
-459
-578
-509
-453
-367
-380
-328
-345
-325
-377
-648
-610
-542
-497
-491
-565
-485
-583
-498
-384
-408
-431
-492
-436
-501
-440
-442
-292
-234
-336
-285
-427
-329
-342
-299
-121
-192
-179
-235
-202
-200
-218
-146
-232
-277
-289
-199
-90
-168
-137
-120
-148
-193
-260
-176
-254
-353
-492
-536
-471
-360
-353
-411
-394
-481
-537
-424
-358
-302
-405
-507
-446
-448
-394
-363
-317
-390
-448
-405
-387
-286
-305
-185
-66
-139
-61
-91
-59
-77
-39
-14
-11
-171
-231
-164
-238
-148
-205
-153
-175
-183
-93
8
210
211
229
223
187
177
178
120
181
210
219
223
226
225
200
237
207
170
51
9
69
-20
-223
-102
-158
-154
-54
-100
-17
-88
-98
-20
-54
-88
-51
-8
-16
-42
21
35
171
208
73
27
12
2
-14
54
40
78
161
148
363
356
400
369
279
123
56
77
60
148
46
-39
-123
-144
-279
-351
-383
-400
-412
-456
-374
-385
-375
-263
-300
-304
-271
-359
-273
-238
-205
-242
-199
-305
-274
-78
-128
-25
58
115
135
88
184
159
120
195
183
272
157
47
62
12
30
31
2
-29
-24
7
127
185
198
240
139
223
330
276
392
283
260
414
469
434
458
435
417
429
364
445
497
676
695
770
698
708
780
816
708
658
617
501
520
502
440
473
529
534
480
570
522
387
435
327
301
350
312
357
343
417
375
255
157
33
-14
-109
-166
-241
-152
-187
-312
-357
-394
-369
-352
-343
-329
-355
-393
-373
-270
-193
-119
-271
-407
-430
-446
-375
-376
-366
-284
-269
-105
-69
-34
113
28
103
83
141
160
188
333
298
476
461
411
424
418
441
484
484
549
602
619
647
556
548
475
536
532
454
377
315
263
151
-16
-102
-180
-195
-124
-172
-110
-10
52
-61
-59
-158
-282
-143
-263
-268
-242
-325
-365
-404
-480
-529
-550
-438
-549
-714
-589
-650
-765
-800
-792
-889
-919
-1055
-1142
-1154
-1102
-974
-996
-883
-805
-690
-584
-551
-417
-438
-346
-361
-311
-351
-325
-159
-207
-281
-332
-345
-346
-409
-369
-424
-508
-421
-465
-533
-491
-381
-441
-437
-415
-380
-295
-209
-109
-179
-127
-200
-187
-127
-227
-205
-133
-43
5
112
157
145
146
137
268
242
109
90
57
167
165
260
292
350
360
345
301
472
409
436
542
484
344
175
63
-88
-128
-259
-252
-289
-331
-386
-578
-485
-458
-413
-448
-520
-447
-428
-358
-472
-449
-582
-663
-660
-636
-657
-856
-836
-944
-879
-912
-812
-767
-724
-687
-742
-643
-690
-611
-613
-501
-479
-370
-288
-218
-146
-24
-5
-109
-112
-199
-94
-86
-112
-1
21
-15
16
57
69
193
213
290
251
301
291
242
238
247
245
226
204
164
258
182
276
312
307
441
436
525
511
516
418
516
600
580
592
576
601
501
568
515
486
434
491
555
533
544
478
575
515
571
591
463
424
404
476
392
269
252
185
47
-31
-133
-228
-173
-139
-108
-204
-314
-163
-150
-40
-37
25
255
284
263
335
295
351
374
235
289
261
427
533
564
660
648
743
806
823
877
800
824
810
734
762
678
645
557
581
467
335
327
342
271
334
457
425
474
429
463
441
282
206
137
82
35
-26
-90
-7
123
269
322
261
182
147
113
124
183
193
153
79
96
142
190
222
243
225
172
182
184
195
171
127
123
52
169
226
190
164
129
185
226
278
404
455
475
422
411
544
460
455
534
515
465
532
529
485
433
467
413
401
413
456
413
300
279
166
144
106
45
4
-35
-31
-18
-58
28
176
134
115
228
281
327
350
439
366
349
292
203
83
-1
-46
-91
-64
-63
-57
-165
-137
-61
-26
-13
-27
-216
-312
-355
-305
-253
-289
-321
-240
-167
-215
-170
-143
-205
-83
-52
-113
-111
-168
-100
-147
-211
-240
-212
-133
-99
-116
-115
-35
-107
-264
-192
-202
-363
-345
-393
-372
-450
-390
-345
-368
-423
-465
-310
-358
-402
-357
-420
-474
-478
-684
-761
-902
-904
-851
-936
-794
-757
-549
-574
-540
-430
-568
-495
-508
-415
-445
-470
-485
-459
-438
-575
-558
-670
-687
-695
-695
-728
-676
-632
-531
-560
-515
-370
-390
-309
-346
-372
-422
-401
-409
-280
-236
-109
-8
-74
-1
-64
-98
-156
-66
-151
-232
-216
-50
-104
-131
-87
-93
16
30
90
73
89
45
106
165
96
81
96
36
115
117
182
269
338
400
337
242
152
153
74
66
112
134
204
216
135
78
106
105
73
19
53
4
-41
18
-28
-27
-82
-118
-23
63
-21
-45
-98
-117
-131
-83
69
147
212
210
268
241
231
288
159
206
179
172
258
152
153
165
21
86
138
46
169
260
338
375
338
350
266
271
250
354
249
347
401
434
370
370
319
260
461
358
581
490
606
588
551
669
702
735
674
690
596
601
634
541
631
726
549
589
540
507
438
417
359
373
336
263
254
250
168
207
152
-23
-102
-199
-201
-339
-396
-282
-408
-520
-497
-605
-566
-530
-536
-545
-544
-491
-537
-541
-540
-605
-506
-460
-505
-542
-484
-361
-296
-307
-266
-380
-255
-171
-68
-67
-60
-107
-178
-92
-20
44
96
129
141
225
82
137
211
291
393
405
504
553
651
756
744
790
772
815
770
927
886
767
709
547
624
514
396
377
406
461
619
603
594
574
423
451
377
417
315
266
205
232
223
190
166
156
232
170
90
169
35
101
246
266
239
210
115
-11
-52
-36
48
4
-113
-149
-181
-151
-77
-63
-45
-155
-125
-183
-359
-318
-270
-318
-170
-173
-324
-352
-357
-274
-199
-199
-155
-106
-166
-57
8
-49
-35
-168
-134
-98
-140
53
174
211
192
95
13
27
-36
-107
-121
-169
-176
-117
-9
42
15
-58
-95
-101
-201
-137
-98
-118
-145
-296
-292
-403
-410
-402
-361
-348
-357
-402
-487
-399
-337
-263
-382
-376
-324
-392
-426
-513
-399
-444
-542
-399
-449
-506
-501
-513
-613
-806
-867
-834
-754
-726
-691
-713
-872
-1000
-911
-978
-906
-885
-845
-742
-666
-789
-741
-679
-648
-538
-479
-404
-340
-318
-494
-485
-434
-555
-571
-553
-509
-326
-310
-304
-305
-286
-215
-225
-228
-234
-240
-203
-211
-161
-131
-61
-33
86
4
-33
-1
-44
74
222
344
361
387
282
250
290
326
301
262
300
275
209
240
430
420
437
374
346
325
279
159
115
188
147
272
316
297
312
250
183
177
189
154
195
188
239
224
107
121
237
306
341
390
425
364
371
513
523
656
607
580
622
553
548
442
488
347
336
286
163
67
108
121
-17
-55
-35
66
-9
165
298
256
388
372
330
347
429
226
342
322
324
373
223
327
228
193
272
92
102
141
263
199
159
178
84
91
89
17
-99
70
81
1
-106
-146
-87
-102
-93
-97
-48
42
2
-68
44
7
67
12
-87
-67
-156
-112
-38
-47
34
-27
-34
103
33
94
-5
-14
-98
-178
-198
-253
-256
-308
-244
-261
-142
-154
-98
-225
-234
-205
-136
1
22
99
31
18
21
12
96
186
91
129
45
47
91
104
93
-12
41
-39
57
114
91
168
49
86
138
68
25
114
187
338
374
315
384
381
492
523
506
500
418
432
600
630
704
731
629
664
652
651
717
724
753
782
833
784
714
639
740
782
714
826
684
748
817
846
779
716
646
419
381
353
396
462
448
476
577
602
716
602
535
562
638
724
717
797
741
612
571
565
585
461
501
547
402
420
399
305
254
185
9
-68
-150
-211
-239
-386
-419
-506
-577
-499
-333
-336
-303
-265
-445
-345
-397
-333
-210
-123
-108
-48
-153
-212
-133
-161
-153
-159
-32
-154
-202
-189
-50
-106
-172
-209
-197
-151
-83
-102
-233
-196
-261
-317
-391
-233
-413
-320
-328
-515
-413
-445
-421
-412
-388
-389
-417
-342
-455
-480
-348
-350
-351
-498
-520
-444
-466
-403
-354
-472
-555
-543
-604
-463
-363
-313
-301
-301
-195
-239
-265
-199
-218
-188
-226
-148
-195
-125
-66
-34
-32
-79
-85
-165
-64
-49
-3
71
172
113
84
61
52
108
-59
-13
27
7
109
102
93
124
315
427
404
281
193
221
156
208
132
108
133
22
4
55
28
56
93
243
246
170
219
224
226
299
182
159
269
277
291
296
407
373
429
377
173
180
47
39
-210
-421
-390
-485
-606
-720
-688
-574
-535
-584
-568
-604
-517
-510
-374
-277
-343
-276
-176
-70
-273
-422
-409
-476
-431
-487
-472
-432
-413
-296
-417
-327
-344
-501
-431
-381
-377
-252
-264
-343
-306
-415
-229
-324
-460
-388
-449
-487
-352
-164
-259
-52
12
9
42
69
162
40
135
15
67
5
-61
22
-129
-90
-103
-120
-220
-292
-303
-480
-469
-440
-390
-442
-566
-620
-742
-659
-612
-664
-667
-684
-881
-904
-815
-769
-649
-644
-627
-644
-524
-553
-360
-386
-359
-155
-61
-26
-61
62
30
81
-1
-68
-40
-50
11
49
85
47
144
92
183
258
273
327
285
333
256
204
154
123
107
126
-59
82
149
191
258
236
378
445
386
499
479
479
520
373
437
359
493
495
459
551
631
607
615
751
605
613
725
766
709
688
753
510
571
620
629
688
604
486
387
483
606
632
649
781
746
784
719
724
905
762
672
629
545
471
549
605
528
603
582
495
463
393
434
473
562
454
310
421
258
305
360
296
288
165
104
30
67
194
151
122
87
65
199
243
246
174
277
371
267
280
251
107
118
76
62
147
208
101
16
0
0
0
0
0
0
0
0
0
0
0
0
0
0
0
0
0
0
0
0
0
0
0
0
0
0
0
0
0
0
0
0
0
0
0
0
1
0
0
0
0
-1
0
0
0
0
0
0
0
0
0
0
0
0
0
0
0
0
0
0
0
0
0
0
0
0
0
0
0
0
1
0
0
0
0
0
0
0
0
0
0
0
0
0
0
0
0
0
0
0
0
0
0
0
0
0
1
1
0
0
0
-1
1
1
0
0
0
0
0
0
0
0
0
0
0
1
0
0
0
0
0
0
0
0
0
0
0
0
0
0
0
0
0
0
0
0
0
0
0
0
0
0
0
0
0
0
0
1
0
1
0
0
0
0
0
0
1
0
0
1
-1
0
0
0
0
0
0
0
0
0
0
0
-1
0
-1
0
0
0
0
0
-1
0
0
0
0
0
0
0
0
0
0
0
0
0
0
0
-1
0
0
0
0
0
0
1
0
0
0
0
0
0
0
0
0
0
0
0
0
0
0
1
0
1
0
0
0
0
1
0
0
0
-1
0
0
0
0
0
0
0
0
0
0
0
0
0
0
0
0
0
0
0
0
0
0
0
0
0
0
0
0
0
0
0
0
0
0
0
0
0
0
0
0
0
0