0
0
0
0
0
0
0
0
0
0
0
0
0
0
0
0
0
0
0
0
0
0
0
0
0
0
0
0
0
0
0
0
0
0
0
0
1
0
0
0
0
-1
0
0
0
0
0
0
0
0
0
0
0
0
0
0
0
0
0
0
0
0
0
0
0
0
0
0
0
0
1
0
0
0
0
0
0
0
0
0
0
0
0
0
0
0
0
0
0
0
0
0
0
0
0
0
1
1
0
0
0
-1
1
1
0
0
0
0
0
0
0
0
0
0
0
1
0
0
0
0
0
0
0
0
0
0
0
0
0
0
0
0
0
0
0
0
0
0
0
0
0
0
0
0
0
0
0
1
0
1
0
0
0
0
0
0
1
0
0
1
-1
0
0
0
0
0
0
0
0
0
0
0
-1
0
-1
0
0
0
0
0
-1
0
0
0
0
0
0
0
0
0
0
0
0
0
0
0
-1
0
0
0
0
0
0
1
0
0
0
0
0
0
0
0
0
0
0
0
0
0
0
1
0
1
0
0
0
0
1
0
0
0
-1
0
0
0
0
0
0
0
0
0
0
0
0
0
0
0
0
0
0
0
0
0
0
0
0
0
0
0
0
0
0
0
0
0
0
0
0
0
0
0
0
0
0
145
270
174
204
222
37
58
101
286
261
303
580
647
584
474
332
287
357
461
422
313
349
374
233
309
496
608
650
797
737
792
770
927
1049
906
836
779
850
806
845
799
801
823
831
771
826
860
673
670
521
471
422
334
374
442
490
510
438
507
545
469
491
450
404
295
346
439
469
351
208
-89
-113
-69
51
154
159
235
75
158
118
156
255
156
76
114
-75
-229
-167
-341
-287
-312
-507
-578
-723
-700
-752
-877
-814
-944
-918
-829
-802
-643
-615
-585
-704
-685
-780
-815
-849
-866
-844
-1024
-1095
-1110
-985
-1078
-976
-995
-1091
-1082
-1047
-937
-896
-662
-547
-410
-444
-538
-522
-521
-623
-662
-644
-764
-868
-938
-876
-778
-799
-805
-893
-762
-609
-814
-852
-835
-777
-716
-608
-427
-411
-291
-250
-141
-88
-274
-224
-398
-562
-586
-633
-715
-767
-804
-732
-758
-642
-542
-541
-553
-392
-443
-375
-213
-403
-466
-527
-504
-398
-421
-356
-445
-604
-512
-609
-646
-669
-562
-578
-564
-402
-466
-448
-420
-542
-688
-655
-634
-635
-574
-625
-711
-764
-693
-698
-626
-598
-695
-742
-691
-725
-528
-283
-211
-239
-259
-281
-127
15
121
117
68
107
162
176
158
283
185
119
113
91
168
144
196
354
384
452
524
573
653
567
569
456
432
394
321
343
451
561
465
494
442
376
447
424
323
436
355
501
566
538
662
659
585
549
559
595
500
542
551
371
371
294
281
361
310
325
278
345
354
330
326
173
7
-58
-58
-130
-86
-2
-81
-95
-17
-43
-16
-30
42
11
-5
-11
41
107
201
295
219
266
101
179
199
67
166
97
118
94
95
39
38
25
-27
-58
16
-66
-76
-105
-87
-58
-109
-110
-61
95
26
134
174
62
38
122
101
155
175
103
4
-194
-284
-126
27
50
63
88
82
291
399
508
472
502
447
174
252
219
240
345
333
315
223
128
253
363
375
529
519
479
394
389
517
616
658
649
739
806
930
1020
1039
985
990
890
846
1029
944
900
874
808
822
593
616
577
659
627
513
494
455
389
400
352
293
443
426
500
542
664
806
1004
953
970
811
762
694
603
639
536
384
279
316
338
482
387
181
131
96
141
354
340
195
241
215
257
218
213
91
51
-98
-281
-375
-475
-356
-395
-339
-207
-186
-276
-435
-453
-526
-606
-694
-719
-615
-451
-381
-242
-193
-172
-252
-344
-460
-515
-624
-799
-756
-848
-725
-436
-274
-213
-341
-419
-383
-473
-405
-416
-427
-431
-524
-433
-377
-295
-357
-411
-480
-393
-432
-493
-440
-452
-500
-549
-446
-367
-125
-97
-87
-107
-88
-181
-288
-265
-187
-238
-268
-563
-658
-668
-582
-514
-488
-604
-799
-788
-887
-812
-726
-492
-475
-625
-702
-825
-941
-970
-787
-744
-671
-609
-553
-446
-465
-511
-468
-414
-409
-282
-174
-108
-144
-79
7
-36
112
170
103
-12
83
58
-176
-123
-144
-178
-196
-243
-119
-78
-26
64
-142
-147
-93
35
76
78
191
48
-24
-24
-114
-91
-134
-107
-304
-489
-441
-303
-191
-200
-248
-326
-450
-446
-337
-258
-111
-111
-277
-437
-301
-313
-380
-490
-386
-352
-268
-179
-238
-485
-619
-560
-574
-354
-523
-583
-462
-516
-252
-134
86
168
159
166
130
86
33
-153
-109
-124
-133
205
137
112
-11
-10
29
-63
198
220
50
-14
171
226
463
489
564
566
488
416
298
232
347
588
627
737
652
742
727
678
827
1023
1075
956
734
476
349
399
237
137
-25
17
-139
-247
-124
-137
-59
-99
-124
-208
-393
-476
-529
-482
-372
-514
-564
-445
-278
-181
-81
16
-43
-199
-155
-43
-100
-135
-27
-103
-145
-104
-112
-243
-234
-160
-244
-276
-212
-237
-211
-41
88
114
149
27
91
8
4
192
286
336
269
294
447
591
454
344
289
502
604
500
543
361
435
520
551
817
768
492
266
253
315
282
420
419
172
159
313
325
312
279
169
113
196
237
332
388
553
766
901
664
512
214
166
389
560
767
627
368
300
397
615
854
908
769
384
416
583
916
1143
1011
789
650
480
709
812
787
668
315
271
364
343
341
281
137
289
274
230
148
125
151
237
472
364
269
-134
-118
108
229
420
357
298
268
285
278
299
196
-127
-223
-356
-224
20
193
137
134
183
104
113
39
249
40
28
158
108
285
361
175
135
30
-125
-146
-291
-193
-111
-84
48
-115
-142
-142
-85
-153
-258
-366
-648
-621
-625
-422
-307
-361
-361
-629
-665
-616
-603
-670
-746
-737
-664
-573
-530
-425
-561
-490
-597
-583
-593
-659
-766
-758
-513
-439
-343
-363
-477
-524
-447
-358
-184
-51
-70
-208
-184
-30
104
113
-121
-333
-307
-294
-269
-345
-397
-532
-473
-411
-224
-182
-274
-357
-336
-181
81
221
213
117
-76
-67
-54
47
98
205
233
229
166
169
58
-154
-88
90
123
64
-90
-248
-446
-400
-262
-179
-185
-189
-134
-177
144
231
131
36
-92
-104
-43
-43
-77
-115
-204
-147
19
75
-85
-119
-216
-248
-159
-156
-130
-321
-481
-611
-470
-443
-522
-572
-604
-371
-53
43
214
91
-124
-111
120
231
388
371
191
117
0
47
-32
-123
-265
-218
-106
190
213
333
244
157
227
177
185
231
163
228
403
356
215
76
-46
-301
-222
-102
-94
-26
-121
-209
-146
-160
-226
-252
-250
-123
-68
-64
81
135
290
324
401
471
480
410
328
365
260
121
17
-58
11
28
16
152
-32
-24
-103
-81
173
396
474
338
132
15
34
-16
133
76
-36
-96
-130
-104
143
206
341
314
247
340
267
231
275
230
64
165
132
177
388
377
270
305
449
381
456
363
369
421
544
554
481
389
383
357
554
604
479
429
356
406
399
507
426
353
359
170
139
277
248
234
154
314
496
645
711
735
610
755
800
910
1013
838
795
718
596
602
573
351
222
140
208
304
456
479
461
425
520
409
493
546
505
445
332
323
336
344
416
503
402
449
427
436
507
530
522
504
450
292
311
337
485
505
556
494
186
-80
-92
179
198
166
114
58
-155
-159
4
-71
-50
-99
-297
-324
-282
-138
-32
24
-6
-79
-113
-120
183
116
86
-54
-185
-166
-112
89
190
297
206
199
120
80
-155
-13
-5
-221
-150
-94
-234
-284
-246
-207
-153
-130
-90
-84
-88
-121
-58
87
33
109
95
-39
-57
-183
-210
-165
-131
-113
-122
-204
-162
-28
-29
59
-19
-195
-177
-245
-220
-193
-138
33
103
195
110
44
1
-217
-225
-208
-209
-31
-113
-196
-339
-404
-460
-354
-328
-330
-370
-489
-510
-464
-407
-428
-494
-677
-711
-758
-644
-441
-473
-553
-554
-577
-456
-410
-369
-425
-596
-906
-920
-786
-855
-761
-806
-843
-900
-848
-740
-644
-419
-406
-365
-242
-223
-295
-303
-166
96
38
4
91
77
21
141
282
251
164
-138
-194
-101
-44
70
98
15
-58
-95
42
92
34
-123
-106
37
209
344
295
97
-159
-136
-75
-62
-69
-100
-258
-294
-317
-143
-47
-90
-39
-137
-81
-7
-10
-28
-28
5
-102
37
-6
-193
-439
-386
-266
-299
-306
-527
-630
-710
-724
-710
-684
-633
-595
-653
-757
-768
-751
-846
-719
-513
-341
-358
-387
-376
-601
-619
-637
-536
-535
-646
-379
-332
-204
-139
-258
-202
-287
-268
-370
-286
-165
-182
-258
-347
-373
-428
-473
-442
-500
-457
-326
-277
-214
-148
-10
168
179
169
82
34
124
156
206
239
405
374
367
539
497
517
439
384
285
218
211
418
480
534
485
428
366
351
290
232
173
28
158
262
303
194
170
218
253
242
185
148
135
154
220
246
346
457
437
466
394
255
400
342
389
412
279
357
365
302
285
198
296
200
145
177
80
66
-36
-63
-51
-153
-141
-201
-299
-192
-261
-159
-16
28
81
284
550
479
476
330
111
189
305
288
373
353
428
443
453
369
316
240
86
187
292
387
294
221
278
235
271
363
335
460
528
517
597
582
586
350
205
216
284
341
294
342
362
404
400
437
500
348
391
337
272
240
263
181
206
171
35
257
225
267
162
50
150
139
169
102
32
-34
-47
-95
-18
-34
-95
-42
-72
-99
-196
-131
-40
-77
-103
-123
-199
-137
24
180
283
284
394
365
273
227
172
182
190
109
88
163
239
242
210
266
152
130
-26
-35
-20
-160
-235
-266
-263
-233
-136
-129
-98
-92
-260
-231
-114
-204
-194
-17
68
211
237
171
75
-115
-189
-323
-322
-362
-399
-455
-517
-417
-451
-507
-601
-586
-645
-695
-707
-651
-570
-491
-520
-503
-526
-639
-678
-725
-773
-647
-589
-685
-534
-325
-141
-55
-98
-264
-267
-168
-255
-285
-293
-243
-279
-322
-261
-238
-303
-355
-261
-150
-197
-217
-158
-198
-122
-95
-74
-131
-302
-248
-171
-27
-208
-245
-203
-207
-98
-89
14
21
101
72
31
-17
52
67
-57
61
-36
-52
-91
-133
-186
-104
-107
-155
73
73
146
171
84
9
-7
40
30
179
20
-85
-115
-88
-63
196
172
206
313
197
207
204
136
195
229
187
140
-46
64
174
189
-44
-161
-272
-270
-231
-325
-263
-449
-413
-363
-418
-355
-466
-466
-483
-450
-472
-436
-573
-554
-554
-596
-464
-314
-243
-279
-345
-355
-436
-266
-247
-146
59
-62
-127
-225
-306
-337
-315
-400
-280
-296
-364
-231
-55
-43
-9
-9
-354
-248
-364
-377
-181
-101
-176
-266
-248
-277
-234
-282
-213
-264
-216
-219
-172
-26
21
196
57
116
235
124
160
91
64
67
40
120
215
276
122
131
28
-54
141
112
194
298
227
314
379
295
180
141
103
184
110
137
208
181
387
552
499
329
248
362
347
394
499
480
488
469
358
368
401
198
75
-11
127
99
162
208
288
398
301
506
395
532
511
478
415
467
604
685
767
553
537
700
666
731
668
654
696
687
674
571
409
389
544
531
451
477
644
725
843
840
659
639
576
461
381
448
348
278
107
179
496
701
722
613
455
414
398
634
690
751
808
566
635
543
552
562
463
367
307
284
420
574
563
617
590
591
587
458
384
352
335
461
400
375
268
184
298
169
181
176
-73
-211
-239
-191
-224
-334
-309
-324
-176
-256
-101
42
9
82
-129
-215
-229
-290
-387
-456
-414
-348
-361
-378
-449
-524
-535
-462
-439
-396
-428
-394
-335
-432
-241
-189
-226
-299
-278
-162
-152
-193
-199
-205
-314
-337
-277
-246
-197
-205
-279
-242
-242
-278
-403
-416
-488
-483
-326
-419
-338
-372
-299
-414
-374
-371
-407
-380
-265
-116
-149
-189
-266
-412
-625
-536
-492
-480
-567
-651
-607
-559
-295
-135
-64
13
4
-69
9
31
19
16
-24
-15
-102
-62
-52
-46
-3
-57
-5
-157
-126
-95
-216
-159
-81
-143
-194
-135
-304
-385
-257
-121
-79
-156
-277
-219
-79
-133
-16
-18
115
161
19
160
191
227
132
114
-92
-189
-272
-251
-438
-321
-138
-108
-47
-71
22
-47
-13
-251
-501
-600
-741
-714
-811
-556
-509
-463
-302
-384
-333
-184
-6
-2
-120
-146
-291
-428
-439
-356
-400
-499
-612
-710
-639
-594
-397
-121
-20
-14
-13
25
-40
-1
13
-64
-177
-352
-527
-478
-383
-382
-355
-460
-634
-641
-765
-466
-198
-151
-85
-239
-243
-237
-75
-40
-75
-125
-287
-233
-262
-107
-202
-302
-428
-623
-655
-556
-489
-695
-652
-622
-578
-497
-440
-433
-411
-315
-295
-423
-466
-492
-527
-338
-139
11
63
47
77
134
247
484
493
406
340
281
527
445
417
338
398
363
540
640
436
421
354
481
426
499
515
410
414
331
485
334
284
239
261
170
242
296
256
391
390
498
457
506
511
580
655
688
493
440
502
609
497
433
364
383
425
608
613
746
885
742
490
328
505
423
529
543
438
392
371
472
684
718
791
732
632
678
730
625
572
419
339
335
332
528
471
497
568
393
373
301
223
147
195
264
350
777
819
905
904
1015
1111
1093
1218
783
681
511
359
752
621
175
412
752
939
736
940
1309
1447
3214
2859
1601
1027
2788
1987
797
335
892
119
-600
-80
152
-37
-1298
-2011
-1768
-1134
-2275
-3020
-2751
-1181
-2213
-3480
-2831
-2209
-2442
-2162
-1623
-153
-91
-86
32
109
200
-112
93
535
327
773
833
824
916
730
375
-1
-331
-713
-144
99
-321
-288
-29
-477
-710
-714
-671
-352
-311
-549
-447
-70
275
666
696
1015
3565
4481
3425
1411
2070
2038
3074
6015
6791
4816
1655
678
3540
6305
4885
3278
-688
-569
-526
798
87
-1002
-3466
-4457
-1707
-156
-2154
-5453
-2480
-910
3024
3716
2848
-80
-1376
206
3760
5417
5680
6778
4551
4856
2809
3515
3515
3502
2397
1689
1480
23
-2211
-1388
-1323
-2889
-3455
-4958
-4940
-5831
-6386
-4902
-2967
-1949
-1996
-3802
-3098
-2061
-594
-338
2226
3750
3286
3277
3963
2869
3393
3661
2912
2700
3235
2880
611
-402
133
-1468
-3345
-4268
-5664
-5705
-7228
-7272
-8317
-8711
-8773
-9426
-9312
-7355
-6624
-6561
-5919
-4053
-3220
-3478
-1881
-61
456
582
1284
1642
838
1080
1185
969
782
1090
714
-12
-947
-1696
-1900
-2653
-3370
-4420
-3310
-4657
-4731
-5514
-5213
-4465
-5759
-5859
-6124
-4996
-4587
-4274
-3116
-2406
-3576
-2664
-1276
-909
1015
788
2591
1961
1082
2869
2332
3733
4191
4288
3368
2029
1572
296
710
1846
1799
714
358
-289
-2725
-4081
-2934
-4245
-3280
-2604
-3729
-3594
-3354
-3376
-2582
-546
927
1978
1968
2648
4118
5162
7823
8118
7230
8078
7240
6735
6741
6779
7376
6177
4861
3266
1211
-2314
-3189
-4851
-4823
-3590
-4406
-6152
-7388
-6718
-6818
-6433
-6154
-3553
-1941
-1131
-201
-408
615
2398
2609
3578
6120
7002
6841
7431
7541
6934
7153
7006
6301
4671
4596
4071
2205
2643
3873
760
6
-1841
-1668
-216
-1977
-1196
-1775
-3164
-1773
-1129
-4238
-2457
-2371
-2930
-1907
1936
2092
718
392
769
1742
1554
6060
4400
2384
3233
4052
2951
4640
4344
4621
2156
1573
4530
2133
2632
2986
-624
-2437
-1225
-3506
-5542
-4081
-2315
-2442
-3406
-2274
-3946
-5594
-3620
-1841
-1748
942
1726
-1647
-1075
-155
-11
1152
2947
2222
1346
523
1570
1424
1706
2074
1517
-225
-891
-1603
-3147
-2271
-3020
-2433
-2963
-2627
-2979
-2993
-3528
-2894
-2983
-2496
-1526
-1842
-882
-1048
-741
-228
284
81
-337
343
1187
2073
1426
1151
1066
1097
2052
1274
968
746
596
271
452
12
-115
-888
-522
313
-595
-322
-1217
-1069
-383
1387
1309
129
-863
-573
-751
-621
-883
-1313
-467
42
633
-135
966
26
279
727
1591
2014
1117
676
836
815
930
922
863
955
719
492
541
1399
572
-408
567
1035
139
461
-273
-926
-2190
-2217
-611
-176
-277
-828
-1002
72
-96
704
1804
1575
1740
589
1417
2287
1903
734
1298
1721
1571
493
561
1728
1716
1323
954
1181
1115
1197
142
242
-373
-487
-429
-83
-272
-347
-413
-821
-1296
-1366
-714
-315
297
-295
-1445
-2264
-3049
-2754
-2075
-419
-467
-1754
-2174
-2406
-2882
-2971
-2420
-1953
-1685
-1809
-2132
-2648
-2639
-3041
-2908
-3435
-1916
-1574
-2367
-2127
-1514
-726
-1945
-1517
-1392
-1689
-2089
-1508
-942
295
689
106
-545
-982
-947
-1179
-865
-176
-569
-1041
-1079
-1324
-1802
-3026
-3196
-2677
-2538
-2754
-2270
-2817
-4173
-4163
-3341
-3369
-2815
-2567
-2603
-2575
-1629
-689
-637
392
371
1583
1396
2331
2749
2635
2656
1840
1408
1333
1588
1121
1903
2092
1343
621
222
-894
-1101
-911
4
-94
-1033
-2698
-3762
-3622
-3243
-2342
-983
-368
-1853
-2081
-1719
-868
342
942
2223
3416
2948
3239
3061
3076
3964
4582
5178
5167
5388
4938
4696
5044
4824
3311
2322
2365
2943
2780
2006
1177
985
-6
-184
-254
-569
-1701
-2383
-1652
-355
580
-141
-156
-313
369
905
1411
2272
2751
2911
3494
4462
4072
2867
2327
2387
3106
3847
3353
2834
2204
1528
1398
1117
587
-768
-1610
-1847
-731
-686
-1895
-3344
-4838
-5107
-4278
-3487
-3754
-3405
-3321
-3175
-2584
-1442
-1132
-1979
-1589
231
1273
1527
2251
2863
3233
3168
3074
1922
1761
2407
2309
2266
2483
1739
-561
-1862
-2789
-3408
-4451
-4702
-4901
-5600
-6199
-6206
-6517
-6450
-5792
-5125
-3997
-2654
-1297
-980
-542
-330
249
1614
3017
3818
3698
3765
4000
4193
4504
4349
3817
3214
2791
2458
1666
863
-291
-956
-1697
-2395
-2897
-3780
-3858
-3838
-4081
-2998
-2752
-2294
-1950
-1332
-932
-695
192
1073
1438
1843
2953
3296
3689
3866
4023
4112
4242
4197
4962
5895
6232
4930
4495
4443
3802
3420
2707
2195
1550
1525
2331
2542
2688
1605
-290
-162
238
704
318
193
-57
-220
-10
411
1
-221
-611
-1127
-846
-440
467
507
302
-437
-1268
-2546
-2419
-1730
-1649
-1563
-1292
-1410
-2739
-3922
-4634
-3876
-3096
-3156
-3260
-3769
-4860
-6065
-5822
-5171
-4738
-4466
-4668
-4632
-5620
-5523
-5179
-4821
-4030
-3229
-3340
-3702
-4565
-4845
-4756
-4028
-2996
-2646
-2078
-2032
-2679
-3050
-2768
-1907
-1557
-715
-667
-1333
-1344
-360
999
915
1291
1665
1908
2530
3746
4494
5169
6296
7554
8679
9321
9988
9853
9640
10703
11776
11715
12103
11741
11151
10114
8932
8235
7665
7524
7465
6586
4875
3830
2831
2588
2210
1379
540
120
-333
-854
-1373
-1329
-1376
-2303
-2260
-1774
-1384
-364
-174
-1377
-2487
-2684
-2504
-2161
-1446
-576
-724
-1835
-2071
-2800
-3662
-3932
-4309
-4223
-3967
-3885
-4960
-6563
-6507
-6302
-6784
-7387
-7562
-7262
-5954
-5507
-6254
-7440
-6822
-6507
-6623
-6093
-5616
-5239
-5818
-5288
-4626
-3453
-3132
-3149
-3247
-3485
-2644
-2277
-1466
-764
-830
-1695
-1733
-2247
-1674
-468
-200
-321
-842
46
726
1270
1609
1846
1268
971
1237
1909
2915
2869
3094
3431
3377
4240
5178
5146
6227
6383
6657
6839
6570
6894
7482
7448
7405
7056
6724
6623
6143
5569
5018
5225
5245
5092
5210
4873
5246
5929
6400
6808
6991
7008
6648
5968
6508
7438
7359
7374
7365
7142
6558
5670
4876
4308
3901
3733
2656
1692
529
-996
-2534
-3779
-4294
-3838
-4042
-4577
-4813
-5153
-5701
-6055
-5520
-5389
-4759
-4440
-4142
-4080
-3782
-3435
-3483
-3504
-3555
-3564
-3087
-2390
-2379
-2285
-2072
-1982
-1950
-1231
-298
-306
-856
-1390
-1449
-1539
-1669
-812
266
142
-696
-1497
-2404
-2809
-2588
-2431
-2121
-1985
-2201
-3249
-4243
-4600
-4398
-3613
-3267
-3383
-3502
-3693
-3769
-3570
-3258
-2629
-1948
-1550
-1461
-1250
-967
-713
-529
226
1117
1523
1287
1269
1464
1705
1685
2000
2669
2658
2470
1718
1969
2257
1793
1511
1725
2245
2259
1900
1990
2154
2278
2316
2498
2786
3160
3305
2345
2401
2652
2481
2199
1913
1997
1572
720
726
288
291
757
957
802
372
-284
-1058
-2056
-2121
-1158
-611
-847
-1543
-1650
-2235
-2589
-2796
-1865
-957
-717
-805
-1036
-1200
-1068
-1052
-1476
-749
-63
-311
-448
-34
-254
-247
-632
-170
169
333
347
-440
-982
-515
-26
-68
-252
-698
-502
-1057
-1588
-1433
-1085
-680
-729
-987
-1356
-867
-755
-954
-606
-645
-822
-540
-259
-67
-342
38
931
806
935
688
914
1492
1240
1525
1298
1584
1608
1075
836
1185
1553
1076
710
224
698
274
80
240
989
1233
450
-247
393
1258
961
948
1281
1550
1359
1889
1195
1474
2221
2322
2231
1816
1768
1916
2009
2559
3290
2618
2589
2126
1363
1188
2397
3983
2929
1686
791
788
1179
2309
4047
3946
4357
3431
3028
2501
2642
4564
6176
5958
5456
4435
5557
5936
4508
3046
2559
3286
2950
3312
1978
1194
-287
-1205
-1296
-2485
-5011
-6045
-6054
-4530
-3603
-3899
-5073
-6496
-6264
-6498
-6711
-5685
-4355
-3221
-2474
-2306
-3097
-3419
-3566
-4355
-4495
-3752
-2467
-1800
-3481
-4656
-4832
-5471
-6136
-7481
-8572
-8765
-9558
-9685
-9909
-10484
-11365
-13091
-14715
-15066
-14822
-15227
-15293
-15223
-14689
-13487
-12286
-11515
-10875
-10433
-8965
-7406
-4517
-1343
1417
3528
4372
6138
9584
12879
15214
16221
17330
18864
20013
20839
21705
23029
22385
20221
18709
17879
17301
15817
14632
13605
11836
10345
8005
5831
3467
1749
1470
979
798
409
116
-174
-951
-1153
-279
1169
2833
3909
5188
5748
6037
6636
7574
8552
9674
10053
9761
9235
8194
7313
6080
4352
3116
1949
504
-1064
-3699
-6474
-9181
-11469
-13513
-15250
-17400
-19511
-21715
-23220
-24811
-26132
-26872
-27428
-28492
-29823
-31191
-32379
-31755
-28567
-23648
-21086
-21267
-22931
-22291
-19930
-14475
-8462
-2640
212
610
1217
5182
11724
18843
22757
23872
24247
24415
26146
28972
31940
32058
29794
26405
23557
20946
18073
15384
13886
11311
7233
2152
-2842
-7799
-12431
-16000
-17452
-17230
-17172
-17669
-19640
-21504
-22512
-21672
-18968
-14869
-10814
-6632
-3108
448
4271
8856
13289
17117
20580
24758
28803
31341
32355
32447
31704
31018
31113
31591
30715
27718
22963
18014
13514
10663
8797
5713
840
-5178
-9922
-13338
-15861
-18237
-20045
-21074
-22196
-23062
-23764
-23686
-22916
-21681
-19849
-17509
-15263
-13252
-11556
-10379
-9329
-8305
-7626
-7092
-6799
-6421
-6366
-6896
-8979
-11854
-14650
-15529
-15071
-14533
-15234
-16643
-19175
-22260
-22867
-19718
-14773
-11373
-10007
-9567
-7600
-4614
1345
8525
14700
18341
19384
20312
23002
26617
30163
31980
32570
30972
28414
25909
24418
22963
20028
16894
13180
8469
3092
-2167
-6780
-10640
-13335
-14499
-15706
-17394
-19906
-21201
-21581
-20714
-18700
-16064
-12615
-8928
-6013
-3090
-248
3766
8154
12934
17593
22344
25764
27455
28274
29077
30254
31660
32225
32113
30605
27961
24472
21039
17979
14959
11602
8245
5046
1226
-3250
-8270
-12374
-15588
-17526
-19444
-21292
-23067
-24737
-25717
-25671
-24592
-23298
-22277
-21011
-19588
-17731
-15649
-13218
-10872
-8761
-7486
-7306
-7383
-7308
-7087
-7185
-7964
-10240
-11934
-12574
-12064
-11946
-12660
-14499
-17998
-20945
-20001
-15391
-11324
-9831
-10083
-10825
-10177
-6520
235
7002
10684
11248
11286
13992
18968
23855
26699
27358
26771
24956
23296
23132
23056
21610
18746
15708
11652
6856
2188
-1939
-5479
-8334
-9860
-10936
-12533
-14681
-16938
-18336
-18167
-16752
-14140
-11336
-8851
-6834
-4775
-2263
381
3603
7829
12074
15687
17841
20125
22243
24273
25321
26650
27435
27654
26942
25776
24170
21068
17775
14657
12858
10985
8215
4351
-109
-3878
-7224
-9443
-10830
-12419
-15490
-18811
-21271
-22385
-22673
-22572
-22347
-22157
-21765
-21133
-19916
-18241
-16511
-14522
-12204
-9965
-8188
-7191
-6244
-6220
-6548
-6566
-6527
-7287
-9391
-10779
-11542
-10494
-9357
-8811
-12585
-17727
-18895
-15558
-10118
-7675
-6883
-8243
-9759
-8185
-1058
7525
12137
11792
11127
13140
18267
23531
28499
30277
29007
25442
23276
24774
27164
27034
23903
20105
15867
10524
5656
2160
-301
-3297
-6182
-8070
-10767
-13731
-16299
-17554
-18065
-17419
-15690
-13401
-12404
-11687
-10835
-8754
-6076
-2938
884
4170
5771
6428
8747
12344
15852
17695
18492
18929
19086
19639
20184
20146
18093
15718
14020
12773
11166
8561
5994
3097
683
-794
-1974
-3962
-7001
-10230
-12346
-13009
-13571
-14448
-15611
-16608
-17038
-16909
-16049
-14996
-14336
-12909
-10300
-8133
-6685
-5735
-4431
-2975
-2103
-1161
-1226
-2364
-4467
-6156
-7237
-8942
-10511
-12637
-11214
-10445
-11894
-18379
-21734
-19181
-13633
-10269
-10427
-10950
-13348
-13644
-7595
3589
12621
13354
10499
10690
15257
22426
27477
32054
32098
29736
25444
25849
29676
31370
29023
24898
21733
17617
11707
7490
3991
434
-4606
-7850
-10334
-14188
-18294
-21355
-22571
-24101
-24331
-23122
-21850
-21805
-21479
-19781
-16639
-13581
-10078
-6703
-3557
-1347
1079
4557
9612
13466
16190
16433
17282
18635
21409
23103
23696
21966
19077
16661
15624
15887
15091
12672
8442
4580
2630
1832
106
-2771
-5591
-7984
-9905
-11662
-12705
-13706
-14834
-15461
-15763
-14877
-14259
-13189
-11990
-9531
-7002
-5617
-4434
-3119
-1241
341
1408
1799
1226
81
-918
-1980
-3385
-6587
-8598
-10484
-7926
-7501
-9633
-16591
-19848
-16530
-13173
-11029
-13584
-13667
-16027
-14225
-7560
2350
7442
4480
1229
5209
13842
23533
26912
28990
27092
24932
23824
27075
32360
30998
25959
20389
17573
14631
10478
7375
3508
-1956
-7759
-12042
-13863
-17467
-19670
-21761
-22441
-24258
-25000
-24391
-23520
-22893
-21045
-17496
-13298
-11116
-9292
-7543
-4366
-820
3760
7922
10042
11071
12638
15765
18112
19480
19292
18682
17306
17260
17081
16763
14719
12533
10247
8247
6576
4993
4016
2604
974
-1341
-3678
-5774
-7232
-7312
-6881
-6816
-8036
-9638
-10355
-9227
-7020
-4733
-3184
-2571
-2466
-1833
148
2496
3327
2645
2214
2298
2068
1156
-1182
-3776
-7535
-9431
-11602
-11783
-13990
-12847
-14128
-17450
-24463
-26544
-21014
-17072
-14925
-18506
-18037
-19704
-16937
-9333
1314
6168
3555
1157
7645
16112
25099
27185
29945
28900
26711
26186
28322
32383
29062
24826
21104
19630
16070
10142
5858
1638
-3217
-6754
-9236
-10283
-15344
-19088
-22352
-22235
-21966
-20931
-20034
-19728
-20166
-19267
-16086
-12392
-9753
-7405
-4719
-1914
183
3173
6210
8419
9417
10747
14082
15583
16497
15370
15810
14868
13677
14198
14298
13983
11414
10697
10225
9070
7702
6173
6017
5576
4837
3096
1704
879
-301
-1489
-1709
-2388
-3001
-3896
-2675
-2275
-2323
-2932
-3057
-2673
-1903
-450
-83
-979
-2958
-4310
-4498
-5098
-6382
-8375
-9819
-11692
-14125
-16743
-18178
-19294
-18670
-16282
-18010
-22391
-27970
-22294
-17029
-13602
-16505
-17071
-15852
-13659
-6779
2263
7027
6114
3249
8524
17785
25632
27910
24598
25319
24597
28106
28980
31237
28496
21489
16600
15499
15718
11827
5439
943
-3980
-7033
-9497
-10687
-13187
-17032
-18730
-18870
-17652
-17890
-17703
-17393
-15903
-14299
-11188
-8163
-5502
-4024
-2664
-803
1519
4521
7589
9130
10553
10957
12498
13223
13975
15439
14916
14834
13475
14327
13735
13315
11808
10579
10994
11338
11304
9557
8734
7795
6588
5656
5376
4880
3450
2038
1219
-300
-1476
-2496
-2550
-2623
-2330
-1858
-3439
-4490
-5918
-5429
-5777
-5851
-6122
-6947
-7795
-9503
-10648
-12126
-13077
-14384
-15658
-17048
-18885
-20156
-19989
-17201
-18692
-22204
-26986
-21401
-15626
-13665
-16701
-17795
-14778
-12675
-6560
2788
8388
6165
1339
4792
15832
23781
27283
23530
23745
22564
23754
24657
27121
27090
20963
16563
15285
14912
10155
3521
120
-2665
-5254
-6921
-8633
-11565
-16161
-17175
-16420
-14837
-14815
-13993
-13660
-13607
-12591
-9657
-6264
-4671
-3309
-1682
1065
2963
4033
5102
6516
7794
10415
12645
13565
11280
10569
12534
13346
13159
11220
11979
10609
11175
10883
10890
9384
8118
8533
10453
11308
8917
4776
3313
4473
5711
4557
1838
-1511
-4304
-3383
-1566
-935
-3740
-5929
-7842
-7600
-7067
-6615
-7626
-10006
-11298
-11145
-9926
-10579
-12953
-15460
-16796
-17753
-18822
-20069
-19683
-20334
-19029
-19455
-22054
-26510
-26817
-17823
-13123
-12798
-18849
-18200
-14141
-8915
-960
5325
7361
3547
3662
13500
23690
28161
24981
22508
24245
26604
30000
30575
30415
24888
19593
17650
18936
17525
10796
4739
764
-1626
-4547
-6746
-8499
-12229
-15014
-16171
-15482
-15907
-16703
-15387
-14528
-13122
-12412
-9381
-6906
-5855
-4849
-2539
175
1656
3201
6598
9410
10065
9082
9816
11802
13795
14938
14516
13164
10904
11056
13031
15238
14308
10855
8149
8587
10849
12342
10595
7402
4247
3125
3815
4247
2621
-1391
-5327
-6284
-5376
-3769
-4566
-7255
-9779
-10858
-9844
-9295
-8982
-9440
-9384
-9880
-10468
-11172
-11676
-12945
-13630
-14136
-14231
-15445
-15822
-16119
-14828
-15928
-17906
-21106
-21535
-15231
-11942
-10801
-16820
-17732
-15193
-8319
-212
3310
2377
-468
1385
10771
20541
24988
22330
18781
20951
25068
28819
28767
27847
23218
19397
18778
20883
18325
11040
4541
1400
-215
-2278
-4481
-8529
-13175
-15517
-15291
-15361
-17123
-18130
-16786
-14412
-12464
-11921
-11196
-9638
-6757
-3808
-703
1798
2583
3582
5181
9510
11026
11618
12513
14136
15172
13710
14653
14492
13982
13185
12962
12389
11549
11911
11519
8221
7027
6544
7480
6601
5715
3881
305
-1404
-1533
-1336
-2762
-4939
-7349
-8903
-8168
-6673
-7419
-9706
-11265
-10951
-9674
-7680
-6724
-7477
-9677
-10654
-9309
-7835
-7707
-10331
-12724
-13144
-12198
-10780
-10134
-11875
-15635
-19790
-16696
-10885
-9108
-13024
-18157
-15761
-10643
-5095
-296
806
-732
-3469
1000
13058
21557
22573
17485
16871
21027
26343
29873
30006
27213
22480
20234
22054
23666
19898
12032
5360
2718
1805
-219
-4258
-9179
-13752
-16017
-15998
-15977
-17407
-19527
-19505
-17825
-16067
-14943
-13198
-11082
-8914
-6286
-3070
-782
964
3488
5807
8410
9672
11626
13068
14158
15219
14638
14111
13010
13583
13988
13028
11304
9435
8416
7553
6336
5271
4239
3351
1550
-587
-2241
-3818
-5072
-6135
-6035
-6965
-8193
-9815
-10036
-9805
-9385
-8380
-8067
-7992
-7957
-7571
-6359
-6038
-5284
-5873
-5882
-5910
-6926
-7825
-8819
-7575
-7891
-6833
-8730
-10137
-13975
-11992
-8581
-7298
-10364
-14692
-13347
-10315
-4404
-795
-240
-3708
-4633
23
11080
17930
18612
13197
13460
18808
24960
27389
27040
25665
21273
19872
21329
23402
18735
11975
7913
6549
4344
348
-4784
-8694
-12423
-13677
-14773
-16524
-19447
-22367
-21246
-18545
-16155
-16189
-16142
-15054
-12415
-8322
-3131
-1039
-495
1357
5934
9943
11719
13152
13816
14513
16199
18588
18245
15973
14096
14329
14328
14051
11440
8080
5492
5225
4170
2268
124
-2125
-4708
-6950
-6770
-7115
-9180
-11397
-12233
-11572
-11798
-12696
-12670
-11890
-10311
-9472
-8663
-7834
-7491
-6234
-4363
-2203
-1718
-2622
-3953
-3929
-2299
-1129
-2118
-4224
-3675
-4703
-5631
-7833
-4967
-4918
-6079
-9090
-8203
-6684
-5678
-4471
-2819
-1847
-2789
-1897
1956
8724
10769
10726
9541
13714
17084
19648
20406
21401
20222
18565
19092
19816
18552
14139
10055
6986
4673
2985
632
-3691
-8034
-11610
-12366
-14536
-15974
-17886
-19276
-19902
-19998
-17931
-16738
-16100
-16044
-13911
-10214
-5679
-2672
-105
2456
4838
7721
9949
14818
18032
18335
18101
18977
20613
20226
20064
20158
18131
15352
13540
12812
10467
7194
3927
846
-938
-2106
-3790
-7813
-11469
-13844
-14868
-14150
-14223
-15502
-18386
-20024
-18498
-16305
-13551
-13213
-13867
-12996
-10384
-6690
-5178
-5093
-5285
-4983
-2801
101
2977
1900
1586
-590
578
-371
1982
4412
3296
1290
-2676
-575
2131
5008
6273
4714
3010
1713
2636
8668
12261
13501
9072
8149
10167
13645
15051
14855
14391
11998
12483
13656
14749
10891
5904
3897
2882
1958
545
-2393
-5506
-10727
-11953
-11644
-11624
-13059
-16550
-17400
-17766
-16431
-14431
-13589
-13402
-13558
-12114
-8147
-6014
-2921
-1358
2056
3998
6389
9867
12407
14734
15798
18329
19178
20898
21334
22280
20587
19044
16875
15995
15019
14264
10557
5993
1124
-1129
-2574
-4334
-6978
-12090
-15397
-17305
-17722
-19290
-21176
-21816
-21815
-21954
-20941
-20980
-20394
-19819
-16767
-13359
-11536
-11738
-11063
-8691
-4127
-756
619
29
1621
3211
5387
4503
6369
8683
7645
6531
4773
8808
9751
10557
11763
11597
9929
7097
8573
14629
17606
16122
10449
8558
10139
12361
13047
12605
10787
6337
3926
5159
8375
6734
1521
-2626
-3936
-3008
-3015
-4661
-7682
-11213
-12027
-11875
-11421
-11998
-13698
-14062
-14424
-12929
-11418
-9819
-9406
-9050
-7117
-4870
-3333
-2917
-20
3177
4996
5440
6578
8882
10960
13170
15279
15317
15409
15213
17399
18840
19063
16198
13665
12906
13126
11355
8557
4950
597
-1897
-3880
-5175
-9603
-13235
-16077
-18182
-20046
-20682
-22224
-24709
-26573
-25058
-23365
-23384
-23561
-22885
-21017
-19598
-17319
-15770
-12810
-10704
-7836
-6621
-2858
-385
1821
1018
4690
9500
10526
8899
7421
11642
14294
16723
17493
17944
16099
15753
17440
23118
23874
21660
16952
17174
19802
20438
18529
14950
13178
9082
8744
7972
6747
1005
-3221
-4202
-5257
-7295
-9013
-11695
-13870
-15867
-14365
-13011
-14842
-16157
-17195
-15236
-14112
-12947
-11601
-10270
-9202
-7416
-4218
-1638
-880
-434
2930
6338
6518
6893
8477
11006
11487
12638
14166
13564
12413
13479
15804
16195
14288
12979
12553
11397
9747
8282
6749
4432
555
-2321
-3380
-5550
-9245
-13401
-14338
-15709
-18296
-20735
-22286
-23695
-25450
-25340
-24454
-24242
-25213
-25232
-24376
-22084
-20114
-18431
-16588
-13586
-11394
-7794
-5219
-2924
-2771
-1495
6572
9908
11226
7466
10363
15152
18242
20747
22240
21828
19858
19708
25166
29493
28423
24220
20909
22080
22786
23480
20531
18624
13017
9968
8155
8438
6190
-839
-5194
-7496
-8264
-10486
-13775
-15905
-17843
-18969
-18248
-18995
-18995
-19647
-17455
-15054
-13135
-12398
-12020
-8674
-5290
-857
-115
1010
2504
5283
9133
10594
12532
12278
12763
14116
15713
17189
16423
15047
15219
16006
16553
14278
12142
10990
10706
9096
6418
4401
2305
-83
-3425
-5572
-6666
-9124
-11877
-15466
-16636
-16936
-18169
-20015
-22237
-23285
-24289
-24691
-24188
-23726
-24303
-24739
-24190
-23454
-22128
-20341
-17431
-15866
-13421
-10075
-8543
-7605
-7195
589
4608
6042
3373
5397
11354
16027
19310
21196
21089
19678
20312
25799
32042
31762
28057
24707
26505
28081
28595
25762
23817
19451
15751
13894
12888
11256
5283
424
-3239
-5678
-7773
-10341
-12648
-15333
-18889
-19836
-20178
-19831
-20743
-20811
-19398
-17632
-16211
-14615
-11621
-8218
-4812
-2865
-416
1645
4616
7866
10858
13235
14097
14063
15163
16624
19243
19129
18253
16651
16471
16761
15897
14588
12389
10304
7089
4872
3540
2878
-511
-4441
-8909
-10792
-12278
-13027
-14795
-17577
-20281
-22291
-22640
-22678
-22759
-23716
-24927
-25489
-24575
-23418
-22596
-22285
-22696
-21824
-19599
-16684
-15440
-14329
-11522
-9865
-9103
-8939
-2311
1531
2789
562
2701
7512
10767
13944
17155
18105
17070
17176
22361
28663
29462
27310
24667
27259
28089
28688
27541
26858
23533
19102
18590
17983
15736
9767
5475
2845
-488
-3169
-5656
-8763
-12216
-15537
-16049
-16913
-18129
-19283
-19585
-18394
-17765
-17170
-16774
-14068
-10450
-8026
-6141
-5539
-3090
-755
4241
8270
9392
10156
10390
13533
15141
17429
18648
17832
15917
15974
17437
17437
15410
13028
11874
9748
7256
4893
3075
245
-2774
-7180
-8837
-11360
-13515
-16440
-18512
-19139
-22085
-24330
-25375
-24545
-24866
-25491
-26225
-25910
-26706
-25054
-23755
-21720
-21583
-20141
-18317
-14577
-11128
-10528
-10077
-11090
-4490
-635
2687
1199
1462
4379
7752
12125
15676
15349
13975
13900
19433
26241
27287
25136
21810
24749
27150
28445
26345
25036
22326
19788
19423
20029
17841
11254
6867
5551
5248
2307
-1245
-4561
-6960
-8823
-9074
-10968
-13989
-16565
-15597
-13974
-13473
-14388
-14680
-14048
-12584
-9358
-6976
-5320
-5469
-3740
-736
3099
4821
5422
5515
7287
9605
12033
13114
12222
11722
12139
14525
15219
14748
12645
10765
9910
10083
9749
7168
3194
-148
-1813
-3348
-4896
-7547
-10870
-14225
-16631
-17444
-18391
-20696
-23085
-24562
-24069
-24532
-25516
-26761
-26475
-25580
-24046
-22490
-20894
-19733
-19066
-15064
-13135
-9917
-10851
-6588
-2637
280
1174
1736
5583
8148
11049
14611
17357
17191
16150
18250
24937
27757
27169
23557
24603
26232
27222
26450
25044
23742
19452
18494
17783
17317
13005
7588
5581
3598
2168
-68
-2976
-5936
-9162
-9225
-8958
-10468
-11726
-12348
-10849
-10974
-10978
-9552
-7617
-6062
-5591
-4311
-2641
-1442
262
3002
4963
5318
4749
6131
7999
9676
10506
10691
8984
8479
9000
10998
11324
9649
8107
6683
6314
6225
5714
4443
1445
-1745
-3267
-4405
-4770
-6808
-9587
-13002
-15330
-15775
-16611
-18408
-20487
-22243
-23347
-24331
-24961
-24839
-25634
-25515
-25703
-24816
-24131
-21020
-17032
-16408
-16315
-16985
-10439
-5266
-2414
-2404
-1433
2640
5522
9047
13785
15930
15182
14599
18916
25873
27574
26151
24003
25944
27560
28560
27721
26579
24412
20837
19727
18648
16822
12192
7686
5534
3318
223
-2674
-5286
-7502
-10663
-11777
-11536
-12699
-14579
-15672
-13940
-12832
-12002
-11374
-8608
-7114
-5444
-2830
164
2661
2694
5337
8236
10688
11091
10762
11758
12219
12663
13419
13098
11540
9417
9245
9421
8236
6287
4359
3602
1935
-129
-1739
-3677
-4929
-7057
-8198
-10032
-12033
-13090
-14297
-14775
-17139
-18471
-19088
-19389
-19923
-21004
-21834
-22554
-23258
-22583
-21440
-21172
-21474
-21967
-18042
-15951
-14246
-15571
-13475
-8755
-4959
-2967
-2582
9
3540
7258
11354
15402
16402
16089
17122
23173
27751
28560
26247
26872
27997
28970
29068
29136
28436
23959
21221
20662
20807
17405
11947
7529
5650
2328
-240
-3770
-6853
-10035
-13218
-14059
-15060
-16492
-18522
-19308
-18391
-16621
-15908
-14493
-12966
-11185
-9129
-5838
-2507
1370
3291
5267
6932
10272
13881
15168
15958
17233
18616
18080
17050
16844
17271
15067
13187
11356
9881
6957
4215
1426
-617
-3650
-6364
-9032
-11893
-13598
-16434
-18397
-20182
-21608
-22725
-24288
-24809
-24862
-25748
-25596
-25899
-25914
-25883
-24742
-23225
-21596
-21537
-18857
-16651
-15048
-14237
-13738
-8016
-4186
-1712
-1927
-866
3214
7358
11158
15239
16769
16786
16424
21331
28122
30261
27386
25079
27658
30264
31781
30699
29649
26131
22679
22417
22813
21251
14905
9599
7136
5474
3571
-45
-3623
-8138
-12082
-13851
-13468
-14251
-16754
-19026
-19324
-18331
-18405
-16882
-14636
-12933
-13265
-12265
-8581
-3889
-1390
694
2417
4989
7845
10666
14314
16183
17532
17378
17791
19622
21106
20556
18371
16022
15374
13909
12467
9672
6633
3180
-43
-3138
-5768
-8253
-11923
-15991
-20039
-21218
-22601
-24896
-28166
-30394
-31081
-31686
-32055
-31766
-31228
-31406
-31003
-29520
-26350
-22219
-21013
-19504
-19177
-14403
-8734
-4924
-2746
-2143
1157
5532
10404
14667
17459
18408
19744
22076
27712
31402
31186
28489
28595
30875
32322
31625
29741
28446
25807
24783
23987
22598
18667
13668
10567
8715
6742
3817
-44
-4001
-6862
-8815
-10066
-11996
-14621
-16341
-17366
-17124
-17214
-17273
-16367
-15332
-14426
-13394
-11750
-8323
-5894
-3662
-1576
-130
2163
4525
8272
10799
11608
11605
11768
13193
15612
16998
16077
14193
13035
13189
12796
11709
9133
6380
3769
2179
-120
-2497
-5272
-8775
-11945
-15022
-15592
-17586
-20854
-24169
-26330
-27279
-28929
-29988
-29266
-30455
-31149
-32520
-29862
-26638
-25576
-25186
-25272
-20300
-16417
-12597
-10732
-7961
-4081
-263
4228
9928
13821
15344
16182
20607
26784
29645
28937
27846
29829
31136
32351
31569
32269
31129
28219
26394
25597
24651
20665
16288
13856
11841
8897
5534
1850
-1002
-4075
-6268
-7991
-10191
-12191
-14007
-14852
-14889
-15162
-14830
-14835
-13846
-12857
-11097
-9885
-8056
-6078
-3936
-1691
-426
1619
4045
6600
8004
8774
9877
11251
12133
12817
12769
12791
11948
11363
10372
9412
7747
5665
3685
2335
334
-2130
-5360
-7274
-8638
-10179
-12867
-15958
-17226
-18745
-19823
-21919
-22998
-23941
-24451
-25065
-25123
-26199
-24934
-23519
-22303
-22891
-23396
-19723
-16177
-13374
-13156
-11764
-9273
-5868
-2012
2763
5283
5530
6009
10671
17489
21003
20767
20076
22714
25677
28383
28804
29096
27661
26409
27012
27753
26907
23187
19480
17748
16115
14048
11108
7775
4988
1723
-158
-2481
-4440
-7234
-9002
-10346
-11207
-12565
-13168
-12504
-11900
-11867
-12242
-11047
-9190
-7022
-5205
-3374
-2467
-1160
960
4030
6490
7614
8127
8595
9639
11806
12656
12361
10937
10489
10167
9404
8409
6393
4179
2007
341
-1732
-4296
-6865
-8502
-10904
-12974
-15514
-17274
-19335
-21168
-22237
-22989
-23674
-24893
-25570
-25799
-25631
-23552
-22207
-22025
-23255
-22309
-17615
-14148
-12589
-12369
-10460
-7741
-4690
-620
4050
5863
5286
5868
10961
17117
19232
17939
17543
19913
22702
24533
24826
24871
22834
21459
21928
23023
22134
18571
15472
14097
13290
12116
10000
7236
5024
2863
1591
492
-1013
-2109
-3509
-4571
-5373
-6420
-5936
-5632
-5082
-4850
-5232
-4649
-3811
-1488
304
884
640
1201
3703
5941
7525
7415
6834
6894
8412
10368
10632
9058
7605
7055
7614
7509
6540
4262
1682
278
-579
-1459
-4168
-7356
-9881
-11698
-12873
-14781
-16798
-19418
-21225
-22316
-22675
-23123
-24583
-26001
-26919
-24494
-22315
-21736
-23549
-24023
-20539
-16110
-13362
-12782
-12729
-10863
-7193
-1899
2786
4325
4156
4641
9429
15422
19206
18913
17564
18337
21066
24358
25754
24958
22243
20279
20728
22129
21731
18156
14445
11967
10790
9933
8038
5133
1797
-525
-1999
-2977
-4413
-5618
-6800
-7712
-8249
-8036
-6792
-6358
-6158
-5639
-3593
-2000
-920
385
2730
4710
5681
6915
8540
10027
10926
12004
13099
13259
12743
12956
13573
13634
11758
10265
9298
8146
6431
4223
2645
263
-2573
-4578
-6133
-7969
-10943
-13386
-15114
-16636
-18456
-20190
-21369
-22688
-23323
-23636
-24009
-24550
-25426
-23369
-21706
-20751
-21625
-21632
-17962
-14945
-12098
-11562
-10442
-8918
-6237
-1590
2759
4421
3707
4634
9216
14636
17383
16877
16631
17534
20045
22768
23776
23501
21037
20011
20111
20800
20049
16982
13917
11684
10479
9354
6791
3983
1533
-140
-1445
-3508
-5153
-6154
-7282
-8168
-9103
-8699
-8285
-8120
-8102
-7294
-6144
-4316
-2695
-1519
-26
1766
4595
6366
7929
9225
10496
12034
13379
14463
14763
14608
14347
14363
13988
13468
12164
10109
8459
6863
5324
2598
276
-2157
-5031
-8374
-11256
-13257
-15260
-17983
-21278
-23719
-25210
-25309
-26198
-27178
-28878
-28983
-27268
-25486
-24301
-25057
-23556
-20805
-17275
-14531
-12581
-10691
-9070
-5930
-561
3822
5281
4958
7018
11891
16062
17911
17753
18062
18737
20593
22373
22827
21411
19138
18568
19025
18672
16692
13777
11326
9141
7982
6708
4412
1140
-1592
-2796
-3754
-5086
-6538
-8102
-9555
-10399
-9756
-9033
-9059
-8891
-8272
-7570
-6526
-4443
-1986
-422
-418
1000
3534
6820
8527
8990
9600
11035
12545
13733
14713
15166
14433
13236
13519
14240
13262
10776
8521
7201
5870
3682
2149
-671
-3621
-6599
-8566
-10227
-13092
-16204
-19446
-21614
-22284
-23041
-24457
-27392
-28691
-27537
-26426
-25924
-27194
-26168
-24102
-21197
-18850
-16614
-14582
-12860
-9947
-4766
489
2847
3274
5653
11064
15883
18269
18899
20968
22281
23951
25851
27335
27131
24367
23624
24155
24040
21610
18189
16009
14025
11475
9116
6561
4007
830
-1703
-3291
-5256
-7412
-9190
-9793
-10145
-11081
-11986
-11807
-11350
-10853
-10055
-8410
-6862
-6267
-4747
-2432
162
1635
2986
5298
7501
9424
10551
11432
12499
13631
14930
15105
14429
14263
14333
14085
12656
10987
9598
7877
6111
3700
1242
-1325
-3743
-6328
-8978
-11604
-14206
-17461
-19821
-21262
-22304
-24231
-26743
-27242
-27297
-26944
-28107
-28473
-26832
-24891
-22928
-21852
-20015
-17981
-15811
-12168
-7693
-4107
-2546
-959
3270
8231
12017
13961
15737
17768
19724
22369
24783
26226
25608
24854
25031
26025
26283
24518
22034
19455
17954
16606
14848
11909
8354
5313
3187
1713
-283
-3004
-5735
-7480
-8327
-8810
-9755
-10768
-11490
-11327
-10358
-9263
-8530
-7731
-6547
-4764
-2934
-1059
1037
2468
3909
5283
7227
9239
10273
10908
11370
11944
12588
12505
12816
12267
11248
10187
9230
8599
6307
4149
1950
617
-1706
-4673
-7428
-9685
-11781
-13688
-15826
-18478
-21162
-22828
-22637
-23045
-24068
-26574
-27155
-26251
-24221
-22494
-22373
-22008
-21348
-18443
-14376
-10604
-8537
-7737
-5821
-1599
3210
6882
8365
9822
11545
14327
17410
19667
20757
20215
20387
21096
22477
22856
21651
19679
18250
17646
17205
15521
12862
10404
8959
7857
5830
2764
472
-918
-1248
-2334
-4033
-5745
-6989
-6620
-6116
-5450
-6237
-6896
-6303
-4171
-2174
-1643
-1540
-846
1243
3460
5039
5689
6094
6748
7780
9004
10062
10078
9254
8750
8781
8663
7619
6539
5060
3598
1643
171
-1579
-3614
-5797
-8187
-10371
-12110
-13505
-15062
-17348
-19220
-19808
-19958
-20307
-22085
-23873
-23396
-21673
-20020
-20345
-20783
-20226
-18366
-15403
-12016
-10223
-9704
-8814
-5420
-829
2110
3597
4218
6011
8573
11624
13518
14134
14197
14900
16147
17019
17263
16593
15572
14696
14220
14051
13112
11008
9226
8202
7801
6386
4369
3195
2480
1679
108
-795
-1180
-1773
-2225
-2209
-1940
-2637
-2773
-2195
-893
-246
20
884
1979
3026
3875
4859
5926
6490
6894
7713
8770
9529
9180
8954
8713
8880
8717
8346
7849
6479
5091
3699
2595
1285
-538
-2107
-4992
-7661
-9609
-10492
-11930
-14999
-17176
-18416
-18470
-19633
-21091
-22384
-21673
-21270
-20721
-20835
-20088
-19146
-17929
-15395
-12697
-10996
-10417
-8325
-4848
-1397
247
2045
4248
6346
8191
10241
11885
12467
12569
13380
14804
15128
14515
13524
13150
12846
11824
10522
9703
8751
7379
5244
4397
3556
2367
1299
208
-138
-1576
-2047
-2104
-2246
-2486
-2589
-1917
-1611
-1575
-762
426
1586
2304
2814
3772
4583
5892
6926
7597
8024
8189
8642
9252
9810
9485
8668
8127
8274
8109
7000
5579
4276
3531
2891
1597
-410
-2662
-4310
-4948
-6086
-7447
-9745
-11634
-12562
-12560
-12933
-14453
-16588
-17536
-16806
-15819
-15578
-16677
-17037
-16467
-14661
-13006
-11472
-10705
-10144
-9023
-6451
-3604
-2245
-1555
-318
2166
4227
5516
6550
7826
8857
9454
10146
11166
11292
10739
10432
10801
10702
9550
8274
7627
7134
6242
5193
4226
3051
1737
1092
862
507
-790
-1510
-1632
-1394
-1508
-1344
-988
-695
-504
435
2009
2825
2920
3163
4440
5821
6720
7103
7580
8161
8847
9323
9778
9804
9493
9252
9478
9454
8638
7473
6698
6136
5162
3566
1449
-215
-1427
-1862
-3857
-6087
-8966
-9775
-10273
-11004
-11703
-13923
-15169
-16488
-14935
-13842
-14076
-15573
-16297
-15088
-12700
-10961
-10086
-10357
-9979
-8491
-5694
-2894
-1913
-1294
-1263
857
3042
5126
5646
5806
6132
6863
8143
8921
8745
7944
7424
7513
7411
6513
5771
5140
5080
3989
3085
2062
1755
1007
482
-45
-861
-1831
-2487
-1957
-1870
-2066
-2905
-2809
-2353
-1569
-894
-543
-44
503
1144
2222
3464
4784
4826
4796
5569
6977
8027
7746
7788
7871
8346
8349
8498
8360
7629
6531
5932
5892
5378
3881
1684
738
226
-449
-1968
-3657
-5168
-6756
-6793
-7623
-8614
-11112
-12011
-11705
-11460
-12007
-12819
-13169
-13486
-13044
-11643
-10392
-10511
-10876
-10648
-8185
-6230
-4490
-4451
-3869
-2780
-993
1122
2537
3124
2412
3176
4738
6362
6593
5900
5552
5406
5798
6616
6609
5347
3662
3603
4261
4474
3544
2228
1635
1176
1184
933
700
132
-565
-978
-954
-300
-143
-501
-513
-376
32
161
654
1162
1662
2161
2446
2697
2952
3700
4479
5136
5424
5611
5359
5763
6302
7221
7241
6675
5869
5379
5437
5725
5483
4381
2884
1974
1697
1362
626
-657
-1074
-2668
-3604
-4762
-4146
-4510
-5769
-7018
-7688
-7615
-7696
-7597
-7619
-8193
-8821
-8615
-7647
-6261
-6352
-6418
-6640
-5236
-4381
-3504
-3152
-2873
-2269
-2157
-924
-298
260
174
354
934
1190
1640
1783
1744
1673
1979
2161
1991
1757
1609
1744
1768
1655
1403
1337
1565
1711
1599
1783
1677
1614
1478
2194
2480
1865
1269
1281
2010
2201
2224
1908
1404
863
1381
2181
2579
2103
1351
1286
1883
2799
3377
3202
2344
2175
2732
3823
3972
3481
2894
2836
3339
3586
3551
2584
2181
2536
2608
2228
935
957
840
495
160
-253
-783
-1983
-2129
-1471
-1417
-2645
-3797
-3902
-3160
-2881
-3055
-3672
-4205
-4363
-4048
-3413
-3186
-3607
-4368
-4151
-3496
-2619
-2534
-2688
-2948
-2922
-2496
-1629
-1239
-1670
-1836
-1400
-590
-551
-553
-470
-20
446
584
247
185
315
848
1583
1311
1067
692
1287
1762
1839
1551
1007
853
1130
1818
1914
1037
279
541
1236
1409
1078
728
341
274
867
1796
1798
967
673
1056
1828
2118
2080
1859
1672
1732
2240
2388
2871
2526
2205
2613
2579
3542
2390
2648
2866
2889
3008
2358
2563
1830
1179
1409
1738
1380
142
-484
-294
259
236
-965
-1400
-1882
-1348
-1672
-1968
-2441
-3199
-2962
-3070
-2565
-3041
-3541
-3711
-3899
-3584
-3247
-2728
-3112
-3601
-3379
-2675
-2251
-2112
-1972
-1857
-1607
-1424
-1158
-617
-428
-147
-247
-166
276
279
496
474
272
-36
-504
-160
-336
-604
-929
-1702
-2237
-2266
-1745
-2171
-2952
-3472
-3450
-3357
-3180
-2909
-3000
-3329
-3243
-2260
-1391
-1212
-1477
-1270
-271
934
1357
1278
1529
2724
3621
3784
4163
4314
5307
4842
5494
5911
5726
5150
4452
5547
5433
4770
3588
3569
3886
3567
3111
2618
2159
1618
1135
1212
707
-41
-889
-1381
-1181
-1798
-1727
-2730
-2640
-2945
-3202
-3178
-3154
-2651
-2941
-2552
-2370
-2020
-1846
-1293
-892
-879
-567
81
491
570
696
1182
1486
1651
1852
1755
1725
1586
1844
1656
1444
928
347
29
-397
-790
-1476
-1920
-2600
-3480
-3903
-3943
-4360
-5115
-5488
-5429
-5486
-6017
-5929
-5690
-5701
-5477
-5176
-4607
-4286
-4089
-3474
-2649
-2101
-1506
-969
108
972
1045
1823
2341
3624
3432
3990
4892
5047
4694
4604
5667
6181
5363
4680
4751
4977
5155
4555
4489
3848
3533
2820
3057
2926
2513
1284
259
465
222
414
-394
-1020
-1580
-1612
-981
-1295
-1828
-2127
-2332
-1943
-1634
-999
-1118
-1541
-1460
-721
-70
380
426
329
534
866
1569
1632
1943
1969
1719
1780
1761
1857
1494
1077
881
114
-204
-537
-816
-1636
-2504
-2941
-3570
-3878
-4165
-4367
-5225
-5808
-5883
-5978
-5769
-5705
-5530
-5640
-5868
-5422
-4863
-4094
-3925
-3733
-3255
-2797
-2471
-1527
-670
-30
-207
8
1531
2005
2690
2481
2986
3297
3692
4274
4773
4606
4268
4176
4827
5303
5029
4325
4278
4602
4327
4112
3696
3928
3110
2886
2997
2733
2065
1724
2446
2144
1093
569
964
1194
1050
792
752
486
681
1377
1516
1170
863
1135
1713
2024
1891
1724
1694
1858
2068
2191
2115
1502
968
1303
1658
1296
598
393
39
-440
-693
-676
-1327
-2304
-2850
-2902
-3144
-3727
-3991
-4323
-4668
-4856
-4790
-5087
-5034
-5142
-4910
-4891
-4593
-4385
-4336
-4160
-3944
-3633
-3549
-3234
-3043
-1938
-1781
-1702
-2287
-1227
-185
-55
-501
-535
-152
86
679
1305
1415
785
929
1612
2519
2506
2610
2193
2608
3068
3692
3473
3267
3492
3266
3281
3533
4204
4144
3443
3303
3404
3577
3560
3586
3505
2825
2778
3063
3313
3102
2765
2352
2321
2622
2834
2745
2133
1956
1869
1758
1704
1294
758
479
432
347
-411
-870
-1087
-1328
-1374
-1850
-2190
-2659
-2898
-3045
-3171
-3357
-3765
-4303
-4293
-4015
-3921
-4213
-4436
-4261
-4220
-3952
-3743
-3420
-3659
-3685
-3624
-3373
-3257
-3361
-3253
-3297
-3246
-3290
-2817
-2241
-2591
-3497
-3540
-2560
-2002
-2057
-2764
-2882
-2773
-2038
-1043
-919
-1623
-1957
-1383
-59
1071
1331
862
793
2174
3422
4075
4088
4343
4455
4833
5801
6163
5948
5889
6265
6271
6003
6135
6407
6076
5639
5415
5455
5209
4982
4763
4428
3875
3508
3111
2916
2810
2227
1475
1070
1016
749
271
-133
-416
-877
-1021
-1218
-1603
-2335
-2478
-2451
-2658
-3037
-3073
-3255
-3781
-3814
-3564
-3410
-3970
-4108
-3847
-3729
-3817
-3799
-3878
-3845
-3825
-3798
-3984
-4003
-3927
-3851
-4038
-4396
-4391
-4271
-4127
-3976
-4201
-4349
-4182
-4281
-4116
-4285
-3680
-3708
-3734
-3920
-3679
-3213
-2771
-2179
-1986
-1673
-1540
-751
-29
878
1258
1381
2028
3223
4167
4539
4540
4880
5507
6408
7109
7088
6884
7143
7778
7943
7947
7806
7860
7586
7607
7369
6695
6397
6118
5956
5027
4404
4125
3659
3243
2759
2168
1169
721
431
168
-346
-1089
-1431
-1528
-1281
-1599
-2023
-2314
-2296
-2156
-2255
-2225
-2369
-2451
-2266
-2063
-2263
-2543
-2390
-2303
-2350
-2583
-2703
-2797
-3049
-3166
-3548
-3791
-4130
-4255
-4363
-4696
-5123
-5605
-5682
-5593
-5819
-6341
-6551
-6341
-6186
-6072
-6264
-6226
-6108
-5618
-5064
-4714
-4304
-4224
-3710
-2690
-1406
-773
-523
59
1040
2122
2833
3768
4537
4946
5370
6034
6961
7493
7956
8042
8422
8728
8883
9259
9077
8829
8545
8375
8335
8011
7699
7049
6372
5889
5452
5270
4620
3770
2957
2644
2346
1711
999
555
115
-271
-344
-309
-767
-1175
-1147
-984
-938
-1108
-1199
-1164
-952
-608
-739
-965
-1036
-859
-689
-927
-863
-1059
-1234
-1355
-1507
-1714
-2149
-2444
-2922
-3638
-4131
-4607
-4842
-5348
-5794
-6452
-6932
-7178
-7348
-7621
-7861
-8042
-8140
-8187
-8141
-7983
-8061
-7627
-7271
-6889
-6485
-5682
-4861
-4598
-3758
-2494
-1609
-1003
-118
1136
2013
2792
3698
4620
5436
6158
6847
7291
7708
8186
8514
8734
8994
9137
8995
8943
8967
8597
8242
7987
7614
7045
6583
6182
5476
4602
4011
3676
3084
2414
1915
1463
1073
894
678
342
-83
-270
-292
-245
-395
-622
-825
-853
-350
-72
-249
-464
-441
-143
145
161
49
-166
-179
-5
-122
-386
-865
-1145
-1323
-1729
-2245
-2817
-3223
-3690
-4239
-4705
-5390
-6303
-6792
-7055
-7176
-7693
-8235
-8688
-8960
-9007
-9008
-9088
-9017
-8560
-8337
-8037
-7641
-6963
-6149
-5437
-4701
-3924
-3147
-2157
-1094
-288
645
1400
2457
3281
3884
4494
5004
5723
6175
6570
6711
6886
7025
7085
7173
7168
7015
6649
6411
6305
6109
5657
5227
5073
4810
4490
3918
3533
3146
2704
2567
2238
2124
1871
1721
1608
1421
1364
1310
1516
1472
1516
1320
1151
1211
1170
1224
1071
1084
880
657
680
670
693
261
-76
-129
-389
-828
-1451
-1840
-2114
-2553
-2973
-3626
-4246
-4819
-5339
-5638
-5832
-6169
-6805
-7192
-7351
-7448
-7624
-7685
-7647
-7761
-7853
-7620
-7303
-7010
-6873
-6432
-5902
-5368
-4726
-4245
-3537
-3027
-2291
-1529
-1065
-535
44
644
1244
1761
2261
2815
3201
3601
4021
4441
4636
4672
4756
4947
5040
5220
5156
4805
4547
4493
4618
4246
3892
3662
3598
3341
3161
3105
2844
2748
2833
2960
2672
2284
2420
2846
3063
2816
2602
2435
2550
2890
3052
2863
2293
2300
2650
2717
2538
2187
1821
1479
1317
1242
930
527
108
-359
-810
-1275
-1673
-2131
-2718
-2997
-3328
-3882
-4260
-4567
-4848
-5225
-5595
-5875
-6078
-6263
-6390
-6323
-6319
-6256
-6191
-6115
-5933
-5613
-5043
-4776
-4514
-4230
-3649
-3038
-2581
-2174
-1890
-1215
-713
-94
285
669
950
1172
1832
2452
2690
2381
2706
3024
3483
3502
3762
3787
3490
3563
3888
4192
4021
3858
3848
3865
3654
3702
3713
3753
3696
3552
3497
3516
3501
3464
3372
3405
3465
3501
3388
3255
3216
3199
3290
3230
3075
2985
2868
2759
2617
2524
2305
2094
2015
1709
1412
1140
861
541
131
-359
-524
-852
-1253
-1834
-2238
-2557
-2910
-3213
-3467
-3811
-4224
-4625
-4816
-4955
-5069
-5182
-5478
-5736
-5892
-5661
-5531
-5482
-5298
-5296
-5022
-4724
-4289
-3892
-3718
-3404
-3144
-2664
-2118
-1661
-1446
-1155
-764
-229
73
263
607
1038
1235
1209
1454
1623
1804
1961
2060
2223
2124
2133
2282
2422
2279
2329
2287
2377
2640
2746
2715
2435
2649
2942
3052
3009
3014
2980
2950
3090
3368
3449
3254
3206
3222
3385
3173
3058
2897
2835
2844
2635
2501
2181
1934
1522
1445
1300
1177
690
196
71
-216
-441
-834
-1193
-1543
-1940
-2147
-2283
-2608
-3056
-3503
-3757
-3837
-3858
-4026
-4369
-4599
-4641
-4739
-4570
-4384
-4584
-4800
-4757
-4343
-3958
-3908
-3887
-3779
-3473
-3098
-2617
-2361
-2382
-2246
-1807
-1341
-973
-675
-613
-495
-301
110
309
329
391
581
828
870
959
1006
1144
1313
1521
1624
1656
1700
1780
1926
1918
2020
2121
2162
2469
2601
2519
2555
2590
2693
2744
2680
2753
2716
2699
2663
2743
2817
2923
2981
2952
2995
2854
2751
2686
2599
2478
2199
2011
1659
1280
1022
807
482
-3
-310
-640
-938
-1216
-1452
-1658
-1958
-2259
-2560
-2725
-2977
-3234
-3496
-3692
-3768
-3833
-3970
-4245
-4285
-4291
-4226
-4319
-4385
-4275
-4037
-3798
-3759
-3717
-3763
-3554
-3427
-3050
-2737
-2497
-2343
-2268
-1843
-1614
-1567
-1566
-1267
-842
-598
-571
-532
-275
50
384
667
889
1016
1037
1112
1406
1619
1635
1630
1907
2253
2437
2287
2163
2277
2525
2751
2939
2950
2775
2789
2808
2978
3115
3005
3009
3075
3055
2918
2917
3035
3042
2867
2777
2611
2391
2525
2600
2438
2149
1788
1873
1853
1764
1554
1071
895
653
505
498
285
-113
-541
-769
-879
-1155
-1402
-1554
-1691
-1962
-2006
-2144
-2323
-2486
-2457
-2366
-2533
-2791
-2816
-2778
-2767
-2676
-2571
-2470
-2503
-2514
-2574
-2496
-2456
-2389
-2139
-1923
-1790
-1719
-1552
-1292
-1121
-935
-935
-855
-674
-438
-192
65
112
203
446
910
1102
970
808
947
1209
1328
1500
1587
1734
1820
1980
2002
2045
2062
2091
2178
2316
2454
2441
2544
2466
2404
2439
2565
2670
2628
2587
2617
2659
2506
2338
2327
2327
2225
2211
2306
2068
1702
1525
1520
1605
1478
1054
638
429
352
159
-51
-183
-417
-550
-709
-826
-1083
-1421
-1521
-1501
-1560
-1749
-2007
-2306
-2357
-2430
-2318
-2289
-2518
-2632
-2657
-2596
-2621
-2637
-2665
-2604
-2561
-2567
-2634
-2595
-2512
-2378
-2373
-2217
-2264
-2410
-2412
-2184
-2029
-1942
-1837
-1660
-1376
-1262
-1100
-829
-684
-505
-401
-226
-15
75
168
416
886
925
1128
1298
1523
1675
1867
2047
1985
2195
2196
2335
2320
2261
2263
2288
2424
2522
2407
2309
2312
2272
2391
2393
2520
2348
2253
2358
2154
2085
2019
1930
1847
1660
1535
1385
1195
1098
971
772
667
491
334
96
9
-73
-309
-482
-555
-721
-931
-1005
-1177
-1205
-1260
-1323
-1368
-1333
-1354
-1468
-1420
-1331
-1516
-1649
-1768
-1734
-1613
-1688
-1822
-1835
-1806
-1905
-1893
-1832
-1793
-1815
-1946
-1939
-1769
-1702
-1732
-1689
-1598
-1379
-1188
-1090
-1043
-991
-827
-563
-280
-112
-95
-182
-132
75
194
289
334
484
602
736
773
881
927
1138
1458
1536
1578
1551
1517
1429
1596
1662
1686
1617
1608
1548
1466
1466
1519
1488
1417
1268
1116
963
881
852
616
515
345
279
86
-48
-49
-208
-344
-453
-558
-670
-753
-918
-984
-987
-1234
-1288
-1335
-1435
-1542
-1549
-1549
-1699
-1797
-1751
-1612
-1640
-1694
-1772
-1835
-1774
-1817
-1847
-1950
-1865
-1766
-1704
-1795
-1910
-1945
-1857
-1612
-1538
-1763
-1855
-1703
-1577
-1417
-1287
-1261
-1213
-1060
-879
-691
-603
-470
-433
-395
-76
193
375
549
861
975
917
957
1150
1393
1441
1621
1707
1763
1931
1883
1884
1935
2010
2022
1996
1970
1928
2004
2077
2145
1977
1767
1622
1566
1588
1602
1517
1308
1122
965
950
929
862
805
756
712
553
586
639
585
435
374
520
457
459
309
252
122
-29
-14
35
-50
-217
-266
-293
-425
-543
-615
-710
-784
-840
-979
-1051
-1182
-1224
-1275
-1283
-1256
-1395
-1499
-1576
-1653
-1634
-1480
-1546
-1463
-1344
-1296
-1146
-1013
-789
-562
-622
-507
-383
-108
73
182
326
446
633
793
1016
1169
1287
1257
1410
1453
1464
1604
1527
1555
1525
1566
1687
1648
1586
1508
1444
1435
1544
1640
1564
1442
1372
1243
1213
1244
1247
1187
1064
995
882
840
773
784
716
629
712
792
819
513
292
239
321
461
351
120
-23
1
85
305
320
115
-95
-42
64
67
-89
-212
-265
-376
-453
-457
-502
-666
-694
-851
-862
-854
-1002
-1179
-1294
-1234
-1335
-1445
-1459
-1550
-1706
-1585
-1337
-1377
-1469
-1332
-1241
-1101
-796
-598
-484
-468
-364
-17
215
358
494
487
672
748
964
1129
1212
1352
1302
1310
1466
1545
1690
1711
1739
1714
1691
1768
1983
2009
1803
1429
1293
1496
1571
1527
1411
1458
1230
1084
1044
1098
959
748
727
766
575
540
559
390
489
498
418
317
188
195
251
299
240
138
9
-67
-194
-358
-422
-659
-782
-935
-1154
-1338
-1416
-1542
-1708
-1848
-1918
-1909
-1920
-1981
-2101
-2215
-2205
-2212
-2235
-2166
-2234
-2316
-2325
-2425
-2512
-2494
-2463
-2395
-2146
-2010
-2001
-2039
-1945
-1776
-1605
-1441
-1390
-1380
-1252
-1074
-754
-455
-465
-411
-329
-394
-175
-72
66
10
-43
86
213
400
516
697
758
648
765
808
876
983
932
918
916
1051
1008
990
1064
998
1019
983
1036
974
872
837
971
1027
921
902
679
544
451
430
446
310
48
-88
-114
-61
-105
-336
-503
-680
-751
-832
-881
-1102
-1342
-1356
-1347
-1325
-1473
-1674
-1823
-1790
-1837
-1637
-1587
-1608
-1650
-1649
-1588
-1588
-1426
-1429
-1402
-1438
-1432
-1285
-1295
-1118
-942
-800
-701
-699
-687
-583
-439
-391
-147
-41
-1
224
413
503
684
897
1061
1078
1120
1087
1102
1226
1293
1398
1365
1357
1308
1168
1212
1363
1517
1489
1478
1507
1394
1584
1666
1662
1520
1430
1420
1394
1573
1522
1644
1622
1730
1741
1831
1787
1779
1938
1957
1968
1922
1774
1572
1558
1522
1697
1512
1214
1084
1047
1058
1105
914
609
448
257
256
67
-183
-357
-647
-715
-793
-896
-1145
-1275
-1366
-1402
-1353
-1353
-1420
-1654
-1722
-1694
-1772
-1702
-1589
-1580
-1486
-1434
-1249
-1223
-1366
-1083
-897
-751
-656
-549
-653
-691
-499
-273
-9
21
-136
-160
-59
86
294
224
114
191
362
304
237
320
409
548
585
554
493
410
483
732
821
840
816
750
815
920
1029
1052
1087
1008
1069
1074
1183
1283
1338
1472
1335
1301
1278
1294
1355
1453
1456
1316
1325
1276
1205
1139
1080
942
920
834
825
730
672
658
469
178
53
9
-104
-267
-383
-540
-740
-837
-849
-930
-1149
-1388
-1360
-1226
-1029
-1048
-1143
-1138
-1128
-978
-869
-788
-878
-762
-838
-731
-590
-422
-211
-148
-48
-87
-46
5
163
280
277
431
405
322
471
563
565
471
464
491
395
317
290
422
470
498
592
471
293
171
164
165
275
215
169
136
160
165
293
394
506
539
659
692
694
657
660
729
815
766
694
580
552
578
481
480
413
449
387
354
213
133
32
42
32
18
-144
-343
-448
-668
-714
-803
-825
-939
-1003
-1162
-1280
-1372
-1469
-1423
-1308
-1352
-1391
-1469
-1603
-1584
-1530
-1345
-1406
-1391
-1456
-1545
-1483
-1359
-1307
-1192
-1157
-1138
-1055
-1034
-1119
-1127
-1147
-986
-819
-671
-759
-824
-786
-758
-565
-477
-499
-434
-525
-444
-339
-334
-379
-377
-296
-290
-247
-196
-130
-181
-143
43
140
240
271
331
370
415
363
313
352
454
486
655
780
693
720
681
713
830
872
915
891
893
901
908
1089
1191
1123
1092
1012
889
893
739
706
628
449
420
393
289
301
335
248
74
-79
-149
-211
-269
-326
-258
-319
-328
-358
-532
-519
-492
-457
-397
-451
-484
-462
-389
-175
8
31
108
238
197
275
348
368
451
398
465
462
428
431
362
429
447
307
253
211
260
267
168
235
111
33
66
28
49
61
-10
-68
-47
-182
-112
-97
-56
111
62
-48
-11
107
117
292
392
241
152
220
358
467
653
732
776
783
748
677
603
534
468
453
515
588
579
483
338
368
275
187
92
-15
-38
-162
-292
-276
-320
-386
-328
-250
-121
-158
-254
-360
-340
-280
-425
-403
-400
-526
-589
-669
-632
-621
-630
-657
-637
-620
-680
-784
-699
-573
-509
-514
-580
-558
-648
-694
-633
-546
-471
-510
-542
-480
-289
-157
-151
-62
-104
-30
59
63
109
124
150
189
173
177
109
234
314
274
291
159
217
390
345
307
276
257
318
447
682
777
873
756
860
892
971
957
916
940
1050
1155
1087
1084
1032
1050
935
878
875
946
898
930
739
758
771
770
823
749
783
667
586
559
517
410
462
442
303
141
11
-12
38
-59
-193
-295
-497
-510
-568
-648
-650
-600
-717
-831
-870
-768
-782
-824
-688
-725
-794
-795
-693
-700
-686
-651
-589
-587
-663
-531
-621
-766
-863
-834
-709
-745
-701
-636
-533
-453
-585
-580
-625
-431
-299
-328
-190
-218
-378
-378
-220
-124
-48
-120
-177
-213
-224
-165
-77
14
9
-128
-235
-282
-372
-427
-424
-319
-396
-436
-540
-464
-368
-314
-311
-310
-314
-432
-465
-478
-487
-506
-472
-655
-672
-655
-597
-448
-375
-366
-443
-554
-464
-351
-309
-304
-375
-384
-339
-202
-185
-164
-129
-215
-248
-278
-409
-489
-395
-457
-398
-562
-765
-892
-947
-877
-831
-762
-802
-720
-779
-734
-674
-629
-668
-726
-746
-798
-818
-785
-591
-364
-269
-250
-276
-240
-230
6
221
293
254
185
204
241
249
276
424
400
405
482
568
438
390
363
286
302
267
233
266
178
126
145
193
101
5
1
-18
146
279
241
163
232
357
549
571
538
367
364
423
563
633
799
809
730
701
715
902
885
890
948
833
785
617
552
479
486
436
261
297
184
265
217
165
87
30
-100
-187
-152
-321
-303
-385
-329
-287
-400
-456
-501
-421
-468
-403
-555
-545
-506
-531
-419
-385
-328
-356
-345
-296
-165
-202
-239
-317
-402
-340
-336
-308
-256
-303
-327
-360
-321
-356
-395
-419
-436
-532
-588
-632
-537
-609
-594
-645
-768
-834
-882
-846
-826
-745
-678
-665
-716
-645
-706
-648
-584
-505
-463
-359
-217
-179
14
24
57
211
311
451
525
553
629
833
994
1056
1117
1167
1292
1289
1377
1454
1401
1347
1368
1288
1295
1354
1296
1286
1117
1036
905
890
803
702
583
468
495
489
476
289
281
108
-7
209
348
447
479
537
461
507
441
448
488
398
386
394
503
586
701
712
710
868
899
843
807
724
661
662
679
695
572
536
342
126
75
-62
-52
-182
-308
-465
-574
-571
-634
-605
-587
-677
-724
-813
-810
-657
-526
-406
-195
-91
-10
93
99
73
330
440
428
519
658
775
817
909
1011
1026
1123
1113
1099
1132
1107
1155
1178
1154
1109
978
940
856
786
812
703
607
512
447
367
359
197
80
-121
-317
-426
-463
-363
-379
-417
-458
-663
-682
-620
-633
-749
-723
-821
-900
-750
-668
-336
-235
-249
-409
-454
-341
-322
-234
-149
-259
-328
-410
-318
-230
-340
-324
-460
-565
-650
-593
-682
-800
-690
-858
-875
-961
-895
-855
-968
-1026
-1090
-1158
-1229
-1149
-1135
-1152
-1163
-1030
-931
-943
-811
-747
-680
-764
-722
-706
-686
-391
-288
-149
9
136
148
334
456
578
607
742
883
877
953
845
912
989
1064
1151
1147
1235
1116
1113
1094
1159
1166
1154
1158
996
776
800
707
546
467
308
237
140
141
141
192
181
147
93
-14
23
36
-39
-101
-76
-34
-13
-66
-127
-38
-24
-35
-26
-45
-67
-130
-90
-82
-218
-247
-335
-443
-614
-608
-637
-719
-728
-843
-959
-1093
-1067
-1042
-982
-896
-952
-1062
-1155
-1155
-1199
-1188
-1210
-1349
-1369
-1429
-1408
-1211
-1091
-876
-589
-614
-475
-448
-299
-104
-15
-28
-58
-41
12
223
259
215
196
283
254
309
231
186
140
178
286
322
381
312
282
186
167
171
-35
-224
-233
-348
-368
-296
-164
-161
-249
-299
-328
-238
-145
-96
-122
-253
-304
-287
-315
-246
-244
-253
-319
-462
-485
-448
-552
-500
-523
-608
-552
-692
-643
-597
-571
-551
-549
-558
-618
-481
-572
-572
-605
-522
-514
-453
-409
-460
-421
-460
-461
-574
-672
-675
-486
-394
-160
-89
-94
-158
-52
198
295
471
492
543
638
899
1045
1238
1423
1390
1385
1499
1543
1704
1800
1819
1837
1694
1612
1755
1787
1911
2011
2038
1994
1890
1935
1840
1723
1630
1604
1522
1349
1249
1113
1025
981
914
794
622
536
515
476
474
551
569
599
416
525
413
325
454
390
433
463
487
466
401
291
231
217
212
82
55
3
-15
-156
-128
-201
-308
-401
-469
-601
-718
-716
-844
-1033
-1095
-1194
-1217
-1216
-1126
-1092
-1246
-1146
-1007
-1027
-940
-827
-775
-785
-775
-773
-688
-491
-444
-314
-199
-130
13
2
66
145
145
153
235
288
291
270
361
236
280
225
200
45
64
106
28
117
65
152
159
139
122
49
-93
-46
21
42
-102
25
25
-89
-28
200
183
176
171
82
-42
-47
9
31
99
-27
-36
-181
-233
-170
-84
-75
-180
-179
-316
-393
-447
-312
-223
-264
-435
-478
-641
-619
-517
-510
-514
-580
-630
-720
-754
-639
-570
-441
-499
-438
-570
-619
-565
-525
-392
-416
-478
-492
-349
-288
-199
-89
-150
-110
-204
-178
-94
-1
83
184
123
155
118
77
184
164
195
105
94
81
213
474
413
364
226
97
94
235
339
401
485
430
536
519
482
405
388
423
520
506
566
456
264
290
329
261
249
74
-103
-180
-212
-297
-433
-447
-409
-477
-589
-798
-877
-855
-762
-648
-696
-632
-635
-692
-643
-611
-602
-691
-676
-757
-870
-879
-714
-803
-844
-869
-922
-911
-965
-997
-1025
-971
-951
-1007
-990
-847
-929
-921
-904
-1003
-991
-949
-876
-744
-747
-697
-594
-579
-466
-428
-388
-343
-332
-272
-177
-116
-34
60
12
-77
-148
-174
-198
-94
-6
210
230
269
144
116
158
151
340
351
257
95
108
213
339
353
377
219
201
237
290
473
507
412
376
419
398
497
389
353
385
469
467
531
554
517
503
527
608
596
424
565
508
427
336
366
532
403
363
241
85
79
-16
-211
-135
-166
-229
-293
-251
-95
63
-33
-126
-137
-157
-145
-115
-87
-253
-234
-230
-206
-35
190
241
67
73
122
94
188
294
239
166
333
371
268
444
466
497
519
499
561
645
718
735
830
885
819
692
704
673
812
1031
1038
1109
965
894
840
767
906
879
844
848
880
1000
958
921
963
815
769
870
985
1026
908
929
764
691
726
751
714
723
608
531
390
390
521
485
493
407
200
7
-54
-29
72
7
-11
-112
-200
-325
-362
-261
-294
-357
-449
-483
-515
-575
-494
-541
-387
-459
-604
-638
-562
-449
-440
-219
-177
-270
-251
-193
-123
-13
0
37
21
90
48
65
225
278
267
192
293
314
220
227
204
281
275
269
312
305
412
377
326
185
136
76
33
242
422
353
152
16
56
131
250
362
457
366
304
342
311
339
313
337
393
344
274
278
304
242
141
279
306
242
313
455
417
402
309
136
17
-32
36
15
5
-79
20
-61
-114
-156
-167
-165
-278
-259
-188
-265
-246
-264
-309
-301
-411
-424
-548
-429
-436
-471
-425
-516
-658
-746
-641
-579
-571
-612
-608
-680
-667
-605
-601
-567
-530
-617
-658
-555
-550
-486
-494
-441
-494
-306
-302
-135
-156
-237
-147
-167
-169
-186
-168
-213
-166
-223
-208
-134
-199
-324
-390
-332
-195
-212
-211
-306
-379
-531
-541
-399
-407
-497
-484
-534
-617
-463
-567
-505
-526
-429
-405
-397
-232
-272
-349
-326
-105
-92
-89
-326
-422
-561
-640
-521
-575
-719
-823
-894
-973
-868
-925
-894
-976
-1002
-1025
-1194
-1087
-1059
-874
-874
-862
-753
-772
-740
-651
-743
-636
-598
-563
-500
-487
-511
-433
-321
-346
-273
-156
-6
-59
-119
-118
-148
-165
-85
-84
13
0
123
212
219
326
278
264
201
132
101
96
229
259
177
73
127
150
229
160
167
266
134
240
247
248
343
352
407
400
481
558
535
503
495
491
536
556
484
399
430
442
424
336
286
202
90
185
180
34
20
51
18
56
201
323
262
260
297
255
200
171
-3
-139
-88
-147
-101
-25
-63
-194
-200
-77
-49
-130
7
-3
-65
-53
-34
42
-64
-3
76
63
37
38
0
58
201
222
208
230
234
246
236
496
634
611
612
648
657
676
739
778
830
862
855
878
835
830
762
668
718
731
736
830
767
719
707
808
991
903
934
829
657
688
788
851
882
876
828
752
678
756
763
698
540
451
417
306
328
360
227
245
254
217
215
194
187
88
177
192
115
88
80
141
187
8
32
-38
-63
-61
-78
-68
-80
-128
-188
-189
-255
-250
-147
-53
64
105
138
125
145
200
286
283
368
345
368
448
376
518
356
460
512
441
447
438
521
495
534
573
541
552
515
470
394
404
358
289
229
233
246
249
352
339
352
286
233
283
131
72
61
-144
-263
-286
-229
-247
-218
-175
-245
-232
-263
-363
-325
-389
-332
-344
-485
-401
-445
-601
-612
-678
-707
-693
-702
-618
-704
-723
-758
-759
-768
-764
-685
-833
-884
-842
-901
-832
-794
-705
-729
-773
-785
-921
-747
-772
-671
-675
-755
-760
-753
-779
-702
-688
-832
-760
-795
-862
-753
-655
-825
-764
-721
-571
-497
-488
-417
-424
-550
-550
-516
-440
-285
-239
-112
-46
-79
-163
-60
-9
-168
-254
-356
-381
-384
-249
-243
-188
-292
-353
-257
-190
-81
-120
-204
-314
-387
-252
-136
-172
-158
-240
-337
-392
-287
-339
-380
-440
-305
-223
-173
-158
-266
-265
-238
-224
-160
-251
-460
-556
-603
-637
-477
-526
-609
-592
-672
-725
-709
-604
-467
-597
-629
-610
-448
-375
-449
-329
-352
-351
-353
-256
-317
-391
-390
-519
-457
-224
-237
-226
-158
-167
-29
121
118
66
-50
-87
-16
66
255
349
126
53
-81
-53
126
91
114
24
-75
64
99
146
166
159
49
171
310
303
412
292
399
399
351
428
369
302
298
319
364
424
481
453
492
390
430
462
434
476
494
584
607
472
454
370
400
379
336
346
332
472
422
469
349
420
357
308
408
456
547
634
658
784
742
680
597
591
536
362
363
231
267
343
332
365
410
419
523
419
309
333
248
300
217
104
178
213
236
251
351
423
503
461
420
480
544
519
479
487
588
500
541
696
660
717
736
695
785
849
862
883
861
803
669
685
658
638
660
597
503
476
490
535
500
481
503
429
324
235
204
101
196
266
366
361
273
318
282
343
302
327
304
229
201
89
93
105
64
-11
-93
-135
-131
-160
-148
-128
-168
-282
-335
-260
-439
-362
-284
-330
-258
-358
-315
-299
-357
-281
-294
-324
-377
-295
-286
-282
-181
-156
-278
-220
-209
-178
-42
-23
-9
2
-36
47
187
187
244
218
249
366
299
179
268
253
208
314
410
392
338
288
304
204
216
299
346
215
234
283
248
237
233
209
202
187
227
365
379
436
301
272
330
320
207
261
300
179
102
-82
-49
-59
-137
-132
-236
-204
-180
-188
-137
-5
-26
19
-35
6
42
6
43
41
17
-2
-122
-183
-53
-76
-13
-24
-100
-172
-193
-175
-129
-180
-298
-394
-398
-465
-385
-406
-452
-629
-751
-694
-611
-493
-495
-444
-398
-378
-409
-410
-453
-344
-399
-361
-418
-437
-549
-590
-505
-434
-470
-500
-562
-572
-607
-594
-530
-446
-440
-616
-671
-655
-669
-573
-662
-581
-700
-739
-715
-824
-832
-758
-650
-524
-439
-455
-285
-325
-242
-148
-277
-237
-294
-326
-301
-244
-196
-204
-190
-189
-62
-97
-98
-76
-147
-142
-91
-1
-220
-274
-297
-391
-445
-559
-654
-721
-764
-718
-709
-825
-702
-755
-876
-901
-895
-884
-763
-711
-629
-417
-377
-334
-353
-271
-249
-196
-65
-59
-15
-22
33
19
47
-22
-59
-145
24
85
136
186
178
122
115
122
135
124
-25
19
17
53
64
152
96
56
23
105
159
231
214
128
205
206
278
317
349
383
180
193
322
448
505
374
443
543
523
646
756
785
704
606
708
734
636
698
653
681
718
611
609
620
704
593
610
821
810
738
706
588
537
550
526
497
590
539
480
462
481
513
345
118
12
-5
-28
4
-102
-198
-103
-171
-298
-217
-181
-201
-148
-34
18
42
28
49
39
-40
-115
-19
17
94
165
259
354
370
469
474
623
558
626
657
486
543
460
514
534
566
566
505
444
510
593
532
613
596
649
603
485
420
424
463
322
260
187
155
231
375
466
482
487
408
299
179
151
195
290
398
442
353
456
426
325
303
409
443
368
354
323
337
235
251
84
77
85
43
78
-38
-68
-132
-217
-275
-241
-189
-104
-82
-164
-108
-146
-145
-205
-109
-138
-147
-27
-57
59
63
16
-61
82
54
112
253
161
267
176
122
138
118
23
-26
-40
-30
-38
-46
-204
-141
-104
-255
-233
-110
-64
-51
47
-54
-82
-116
137
151
217
386
321
269
269
233
143
57
-27
-84
-235
-344
-311
-234
-251
-189
-217
-256
-266
-300
-245
-56
-46
-99
56
23
-3
8
24
4
-66
-117
-79
-89
56
14
-149
-167
-333
-193
-222
-234
-167
-180
-368
-349
-203
-243
-267
-366
-253
-271
-322
-349
-358
-461
-527
-515
-614
-649
-708
-798
-680
-642
-595
-618
-645
-723
-744
-758
-702
-657
-746
-660
-617
-563
-516
-464
-431
-477
-432
-422
-454
-333
-262
-245
-254
-240
-263
-236
-207
-252
-343
-277
-353
-405
-307
-133
-151
-120
-183
-144
-232
-272
-114
-201
-152
75
102
68
110
48
143
83
-48
13
62
73
78
94
19
-22
52
-23
80
16
-66
-67
-172
-181
-129
-153
-308
-373
-307
-321
-209
-256
-271
-216
-241
-174
-38
35
99
22
-1
33
-5
-88
22
19
-11
54
-66
-90
-93
-151
-84
40
-150
-72
-52
17
61
5
99
191
76
40
86
111
134
136
188
28
62
76
1
191
158
140
64
100
196
136
364
406
426
462
391
284
241
237
254
254
379
338
292
316
337
350
301
314
224
313
382
468
458
394
390
269
259
323
390
324
243
247
146
72
-12
75
26
-6
-1
-56
-9
-30
58
146
144
192
107
51
116
141
4
-43
-89
-82
-59
10
97
-100
-221
-92
-140
-305
-234
-212
-303
-317
-267
-298
-227
-111
-69
-47
-60
-92
-119
25
13
-41
-11
67
93
45
-41
58
210
161
165
93
0
0
0
0
0
0
0
0
0
0
0
0
0
0
0
0
0
0
0
0
0
0
0
0
0
0
0
0
0
0
0
0
0
0
0
0
1
0
0
0
0
-1
0
0
0
0
0
0
0
0
0
0
0
0
0
0
0
0
0
0
0
0
0
0
0
0
0
0
0
0
1
0
0
0
0
0
0
0
0
0
0
0
0
0
0
0
0
0
0
0
0
0
0
0
0
0
1
1
0
0
0
-1
1
1
0
0
0
0
0
0
0
0
0
0
0
1
0
0
0
0
0
0
0
0
0
0
0
0
0
0
0
0
0
0
0
0
0
0
0
0
0
0
0
0
0
0
0
1
0
1
0
0
0
0
0
0
1
0
0
1
-1
0
0
0
0
0
0
0
0
0
0
0
-1
0
-1
0
0
0
0
0
-1
0
0
0
0
0
0
0
0
0
0
0
0
0
0
0
-1
0
0
0
0
0
0
1
0
0
0
0
0
0
0
0
0
0
0
0
0
0
0
1
0
1
0
0
0
0
1
0
0
0
-1
0
0
0
0
0
0
0
0
0
0
0
0
0
0
0
0
0
0
0
0
0
0
0
0
0
0
0
0
0
0
0
0
0
0
0
0
0
0
0
0
0
0
