0
0
0
0
0
0
0
0
0
0
0
0
0
0
0
0
0
0
0
0
0
0
0
0
0
0
0
0
0
0
0
0
0
0
0
0
1
0
0
0
0
-1
0
0
0
0
0
0
0
0
0
0
0
0
0
0
0
0
0
0
0
0
0
0
0
0
0
0
0
0
1
0
0
0
0
0
0
0
0
0
0
0
0
0
0
0
0
0
0
0
0
0
0
0
0
0
1
1
0
0
0
-1
1
1
0
0
0
0
0
0
0
0
0
0
0
1
0
0
0
0
0
0
0
0
0
0
0
0
0
0
0
0
0
0
0
0
0
0
0
0
0
0
0
0
0
0
0
1
0
1
0
0
0
0
0
0
1
0
0
1
-1
0
0
0
0
0
0
0
0
0
0
0
-1
0
-1
0
0
0
0
0
-1
0
0
0
0
0
0
0
0
0
0
0
0
0
0
0
-1
0
0
0
0
0
0
1
0
0
0
0
0
0
0
0
0
0
0
0
0
0
0
1
0
1
0
0
0
0
1
0
0
0
-1
0
0
0
0
0
0
0
0
0
0
0
0
0
0
0
0
0
0
0
0
0
0
0
0
0
0
0
0
0
0
0
0
0
0
0
0
0
0
0
0
0
0
-447
-390
-462
-725
-677
-749
-731
-562
-613
-475
-453
-521
-373
-383
-382
-352
-231
104
47
148
118
148
175
269
295
162
39
-215
-320
-225
-272
-206
-214
-272
-245
-307
-251
-342
-299
-300
-280
-227
-92
-31
64
85
67
164
135
290
291
407
291
155
194
100
37
121
353
257
370
378
88
-109
-157
-110
-29
-81
-110
-65
11
87
34
-64
-131
-156
-363
-405
-513
-562
-501
-595
-447
-250
-223
-85
-116
-298
-502
-475
-312
-232
-282
-291
-467
-491
-351
-236
-152
-149
-300
-319
-191
-175
-131
-93
-80
-197
-204
-129
-189
-195
-192
-42
-190
-181
-26
-157
-20
119
200
267
350
186
117
45
34
88
141
180
53
173
167
139
132
212
293
173
193
215
293
349
270
124
-29
24
-155
-188
-97
-256
-139
-98
120
294
193
337
405
507
564
490
542
609
742
766
801
798
874
706
641
638
792
838
778
838
731
731
668
604
546
478
501
594
632
776
903
900
836
738
702
693
627
510
525
724
707
686
695
675
624
475
483
525
552
655
721
811
787
671
707
576
480
439
311
315
73
100
159
185
76
119
194
141
120
181
320
428
594
448
462
357
438
483
531
597
609
554
410
523
664
933
805
788
680
486
562
740
741
739
675
513
628
608
832
877
634
564
490
332
213
170
96
114
132
-11
17
138
6
7
56
64
199
171
250
334
201
122
-5
-29
51
174
252
206
181
217
155
111
169
-28
-141
-133
-280
-325
-260
-287
-285
-294
-184
-166
-86
73
102
-113
-184
-208
-394
-374
-310
-179
-128
-90
-46
103
183
150
310
350
265
162
329
401
472
431
546
460
200
184
113
212
80
-17
-79
17
64
148
308
387
384
350
268
246
112
-97
-59
-10
39
108
29
49
-19
-152
-186
-241
-300
-268
-158
-134
-130
-184
-302
-436
-506
-419
-505
-499
-465
-445
-347
-538
-616
-690
-618
-647
-721
-610
-521
-619
-636
-598
-477
-412
-317
-312
-287
-242
-150
-211
-177
-215
-272
22
-27
10
53
49
130
98
118
137
14
-200
-206
-241
-290
-211
-277
-237
-484
-597
-650
-648
-532
-459
-203
-213
-177
-143
-107
-88
-300
-438
-557
-539
-448
-417
-408
-415
-600
-632
-718
-687
-670
-702
-683
-786
-776
-840
-926
-973
-893
-781
-880
-1039
-1133
-1122
-1164
-1207
-1154
-1178
-1200
-1296
-1168
-1149
-1121
-1146
-1112
-1036
-1044
-1055
-1081
-1022
-936
-832
-675
-566
-410
-438
-512
-537
-593
-398
-264
-220
-323
-422
-503
-644
-782
-764
-877
-838
-755
-783
-756
-647
-497
-581
-404
-411
-414
-363
-356
-253
-302
-249
-279
-355
-311
-204
-159
-11
51
173
173
230
107
26
103
17
43
-28
125
36
46
281
25
77
-68
-175
-75
-94
-48
-17
-165
-224
-130
-143
31
112
319
419
508
773
809
765
563
537
478
358
344
228
233
147
66
145
156
238
253
493
550
544
516
518
655
425
422
450
411
551
517
579
672
670
575
517
585
469
637
680
935
1051
944
835
834
761
783
990
964
995
1047
1057
1166
1177
888
688
481
347
420
337
447
313
198
244
227
272
189
140
171
314
434
496
510
490
489
409
463
430
392
329
335
336
291
307
353
374
278
396
352
369
370
342
356
371
474
542
432
332
233
200
193
63
-70
-261
-254
-255
-195
-83
3
31
-167
-237
-332
-279
-125
78
65
113
141
15
136
115
-16
-142
-228
-198
-219
-308
-342
-445
-346
-278
-273
-131
-247
-348
-342
-245
-367
-479
-585
-670
-542
-462
-400
-365
-338
-434
-500
-424
-501
-452
-351
-309
-272
-412
-477
-549
-601
-621
-616
-520
-411
-304
-258
-195
-20
24
-168
-23
118
108
-14
-211
-194
-195
-293
-243
-229
-218
-191
-167
171
275
199
120
12
-185
-231
-376
-270
-134
-164
-201
-177
-238
-230
-97
-157
-10
125
159
98
146
241
271
285
119
25
-166
-273
-339
-326
-187
-140
-220
-249
-75
-140
-121
-8
-87
-47
-117
-171
-106
-50
-89
-218
-203
-155
-106
-48
-324
-301
-406
-493
-365
-577
-458
-409
-437
-430
-405
-388
-446
-558
-578
-514
-488
-380
-221
-137
-74
-324
-556
-468
-757
-772
-672
-654
-792
-880
-790
-584
-513
-473
-495
-422
-382
-713
-676
-833
-909
-1012
-917
-846
-939
-917
-978
-1062
-1060
-1037
-1134
-1257
-1115
-1086
-1005
-864
-781
-597
-621
-713
-752
-690
-750
-762
-807
-712
-649
-490
-479
-461
-425
-478
-495
-410
-312
-328
-397
-304
-351
-281
-263
-215
-62
-207
-142
-158
9
0
76
127
16
22
-89
-174
-329
-297
-234
-110
-98
-111
-177
-192
-105
-165
-19
47
139
356
450
345
279
199
324
346
332
155
50
201
440
571
593
763
588
495
565
535
753
852
891
973
969
1099
1123
976
746
814
727
784
838
709
599
494
671
695
795
924
1049
1123
1220
1285
1262
1358
1232
1157
1106
1179
1296
1235
1217
997
746
599
554
507
476
585
573
522
562
530
580
768
700
669
554
403
312
149
78
-8
-18
8
47
54
-22
42
22
20
24
-161
-186
-131
79
268
262
219
172
48
-75
-95
-164
-141
-278
-362
-494
-479
-378
-475
-542
-548
-522
-638
-499
-520
-464
-147
-258
-244
-318
-305
-237
-257
-225
-206
-158
-317
-360
-358
-197
32
-2
52
93
84
-77
-307
-419
-355
-388
-313
-203
-73
164
-3
-95
-379
-580
-688
-646
-578
-550
-686
-735
-775
-814
-540
-371
-112
-83
-229
-274
-246
-222
-101
-127
-191
-218
-233
-181
-86
35
19
164
257
89
255
231
242
320
412
353
422
527
537
386
156
146
221
248
377
317
159
204
215
305
361
464
806
834
842
792
619
432
454
399
369
346
276
250
207
380
456
456
514
525
441
439
416
495
615
495
298
123
187
289
398
422
481
400
486
401
265
172
190
303
465
518
503
400
353
132
58
223
309
368
364
388
475
576
632
461
224
-113
-125
80
72
104
101
-29
-208
-475
-640
-437
-491
-602
-748
-744
-722
-822
-660
-504
-515
-601
-663
-704
-591
-778
-890
-749
-817
-981
-1011
-953
-913
-811
-525
-364
-445
-516
-515
-385
-322
-442
-444
-606
-625
-788
-855
-824
-848
-914
-889
-1061
-1127
-1154
-953
-948
-906
-698
-560
-392
-479
-295
-107
-66
-150
-342
-561
-695
-765
-777
-705
-652
-644
-770
-787
-760
-757
-430
-617
-528
-416
-523
-407
-329
-26
-164
-146
-291
-428
-458
-481
-486
-542
-260
-110
-246
-275
-108
77
123
175
236
223
261
400
366
542
613
661
769
798
797
746
701
651
644
627
743
758
728
777
820
812
1078
1061
939
871
715
801
963
1048
999
1123
975
786
696
544
614
615
558
522
417
320
324
414
338
302
303
197
188
278
331
341
303
251
241
163
149
261
359
197
98
9
-62
-269
-530
-580
-503
-472
-375
-287
-255
-295
-100
43
40
46
19
151
104
128
191
183
151
-49
-197
-120
-95
-195
-42
-129
-241
-266
-288
-147
-128
92
151
171
219
75
-133
-260
-195
-47
9
-138
-279
-375
-678
-729
-581
-509
-522
-562
-441
-139
-77
-54
-12
9
78
-55
-245
-221
-280
-336
-282
-344
-334
-378
-529
-562
-538
-501
-526
-436
-508
-572
-535
-439
-273
-236
-170
-209
-299
-404
-385
-503
-527
-344
-361
-283
-162
-111
-210
-202
-229
-116
-50
310
466
685
634
586
569
662
792
691
889
794
972
848
823
764
781
756
564
583
477
546
608
674
871
1069
1043
930
762
556
550
630
953
909
771
723
709
612
444
399
545
684
854
1008
905
671
587
618
802
966
1009
1082
1034
1019
844
779
804
789
815
897
900
986
843
706
562
316
296
431
357
392
520
644
749
816
860
722
576
532
188
52
236
-37
84
103
-5
46
-39
-166
-229
-354
-307
-165
-123
-246
-494
-462
-590
-383
-504
-593
-722
-793
-849
-920
-894
-924
-941
-1102
-1167
-1063
-900
-941
-923
-818
-814
-921
-969
-892
-872
-980
-960
-951
-979
-1024
-1155
-1133
-1223
-1261
-1305
-1227
-1071
-1069
-1203
-1222
-1279
-1432
-1407
-1434
-1394
-1400
-1529
-1398
-1197
-1178
-1097
-1142
-1137
-920
-926
-703
-560
-555
-555
-724
-416
-309
-314
-179
-398
-464
-306
-372
-285
-190
-48
-24
52
115
-6
209
341
264
349
388
328
495
601
669
585
339
189
173
197
186
223
499
499
443
467
329
89
46
190
440
710
821
796
616
377
386
556
459
439
404
438
325
342
375
208
48
47
216
564
802
895
933
791
810
868
967
956
945
937
797
683
503
358
237
365
510
683
616
675
539
382
268
170
286
323
355
370
342
339
430
303
423
254
167
326
440
473
356
301
216
315
387
346
458
442
186
287
345
316
226
59
-38
-201
-140
-119
-154
-269
-435
-496
-370
-215
-298
-266
-342
-479
-513
-488
-456
-328
-259
-312
-497
-430
-312
-275
-174
-133
-278
-336
-380
-456
-277
-196
-280
-78
54
176
302
518
679
766
758
721
787
645
753
902
978
929
890
824
843
729
591
591
479
312
317
442
628
743
851
943
826
646
543
502
546
487
742
714
642
548
393
466
430
434
510
420
362
328
111
37
28
108
258
416
521
447
298
139
330
344
339
301
366
483
598
604
436
311
285
418
513
614
750
902
914
756
873
873
953
913
877
873
814
875
983
1003
837
814
645
688
633
809
951
780
775
673
650
614
400
300
268
275
513
608
609
575
436
321
414
471
494
589
531
494
526
425
368
318
343
456
541
611
597
524
420
288
311
142
-20
-82
-11
46
-72
-336
-270
-128
-184
-214
-312
-279
-435
-425
-446
-411
-487
-728
-905
-696
-718
-719
-681
-846
-909
-1017
-1026
-1034
-912
-943
-785
-500
-333
-274
-234
-426
-485
-538
-546
-596
-471
-346
-588
-765
-843
-877
-868
-786
-824
-929
-895
-869
-1010
-1024
-834
-548
-185
-203
-253
-506
-287
-107
562
806
2494
4193
2367
829
-349
1350
2042
2087
2638
4756
4663
3052
4497
4987
5319
3832
2763
2889
2663
1917
192
-357
-223
-1046
-1677
-2229
-2014
-2296
-1918
-2786
-1467
-2425
-3669
-4022
-5110
-5000
-5159
-3877
-2139
-605
184
633
495
1622
3650
4638
4670
3910
4270
4441
5338
6566
6484
6334
5028
4222
5917
5103
3761
3796
2921
2584
3244
2726
1889
-1507
-3248
-3198
-2969
-2285
-2341
-4090
-5593
-5255
-6535
-6219
-5384
-5660
-5503
-5725
-4890
-4199
-4232
-3893
-2764
-1559
-1032
-499
-891
-315
-142
1391
3047
4706
3950
2967
1791
1926
2221
2717
4033
3652
3243
2011
-509
-2341
-2819
-3291
-3337
-3341
-2708
-4248
-4932
-6202
-6869
-7427
-7402
-6661
-6598
-5925
-6055
-5785
-6400
-6164
-5370
-4084
-2423
-1185
-1059
-1102
-707
480
1067
1323
1825
2515
1957
886
500
74
1135
908
1489
1443
1108
-51
-1360
-1762
-2530
-1678
-1674
-2385
-3550
-4080
-4225
-5119
-4578
-3851
-2921
-2375
-1990
-2378
-2181
-11
913
1206
2130
1331
99
104
1749
2875
3150
2738
2597
2728
2585
3037
2648
1955
1816
2786
1874
1757
1807
478
12
-591
280
471
-891
-1396
-2134
-2109
-888
-1339
-763
-378
-491
531
1440
806
1624
2128
1212
1277
1068
2286
1804
1029
1412
870
634
1061
1340
1665
2039
1561
814
-273
392
88
106
-581
-552
-1101
-945
40
-68
-138
-582
-713
-1397
-703
-877
-585
-980
-933
-644
-905
-348
561
775
1420
1928
1904
2525
2589
3693
4268
4718
4410
4331
3131
2950
1961
1851
2450
2352
1757
1018
440
-919
-1627
-1942
-1490
-1618
-2000
-2485
-3276
-4136
-4402
-3310
-3258
-3117
-2079
-2261
-1424
-893
222
934
1335
1661
2351
2871
2456
2575
2835
3550
3596
3011
3129
2443
1064
559
-56
-135
-281
-870
-1288
-2251
-2676
-2889
-3271
-3690
-3758
-4254
-3803
-2374
-2506
-2087
-2210
-2542
-2142
-592
50
391
99
-364
467
298
1031
1154
602
927
1351
1697
660
294
362
-494
-756
-268
161
-106
-925
-1024
-939
-1363
-1599
-1876
-1960
-1547
-1296
-1347
-1506
-1908
-1807
-1530
-898
142
306
316
928
923
1030
820
563
1041
638
737
1034
1018
1401
1131
811
296
-200
-344
-1073
-549
355
517
515
-95
-376
-302
17
117
171
52
314
1171
1050
802
654
1206
1174
1267
2161
2063
2087
1817
1941
2261
2162
1893
1770
1316
1298
1132
783
391
107
-363
-338
-316
-9
249
-585
-849
-990
-1311
-657
695
163
-37
-197
-998
-1229
-797
-606
-72
165
346
548
-848
-899
-372
-518
-267
-375
-588
-929
-1191
-849
-590
-216
443
502
-609
-697
-1112
-1408
-1291
-905
-50
-70
-475
-840
-1552
-2019
-2171
-2419
-2306
-1871
-1289
-1319
-2142
-3016
-3913
-4400
-3936
-3700
-3815
-3525
-3740
-3924
-4435
-4493
-4092
-4100
-3820
-2543
-2242
-2672
-3040
-3281
-2737
-2019
-1287
-907
-1505
-2222
-2288
-2191
-1788
-893
-938
-677
-386
-229
-513
-1027
-1162
-1425
-1324
-1240
-1250
-834
-564
-925
-1538
-1252
-572
-311
85
1426
1676
1421
1910
2284
2187
2548
3404
4375
4215
3842
4716
4976
4661
4880
5159
5221
5557
6176
6957
6825
6327
6185
5995
6337
6399
5835
5179
4457
3921
4000
3642
2505
2336
1730
1235
1562
1807
1426
502
-212
-997
-1605
-2594
-2342
-2742
-3417
-3369
-3984
-4571
-4896
-4785
-5013
-4756
-4736
-5259
-6047
-6799
-6646
-6362
-6212
-6085
-6336
-7130
-7623
-7281
-7018
-7564
-8014
-7619
-7362
-7406
-6787
-6895
-7990
-9434
-9868
-9573
-9131
-8537
-7061
-6903
-7451
-7973
-7255
-6225
-4478
-2310
-597
137
880
2901
5503
7783
9788
10829
11679
13176
14745
16828
18506
19587
19884
20889
21303
21424
20736
19169
18478
17981
17896
17921
17485
15597
13257
10848
8998
8000
7855
7333
6504
5526
4546
3155
1778
1270
1090
1700
2138
2420
2931
3170
2915
3545
4448
4927
5074
5151
5232
5174
4504
3858
2900
2531
2504
1931
943
-1115
-3469
-4782
-6025
-7503
-8116
-8985
-10262
-11489
-12922
-14181
-15525
-16689
-17024
-16894
-16871
-16310
-16429
-17551
-18472
-19311
-19566
-18963
-19025
-19339
-19550
-20139
-20217
-20262
-20456
-19800
-18640
-17073
-16181
-14225
-13131
-11791
-10619
-7230
-3527
-680
1988
4393
7351
10042
13930
17113
19492
21935
23873
26140
27781
28839
28344
26910
25998
25372
24223
22756
20951
18119
14579
11473
8741
5775
2808
669
-1135
-2720
-3480
-4370
-5367
-5931
-5992
-4704
-3260
-1501
434
2265
3570
5548
7942
10301
12138
13670
14505
14830
15428
16001
16025
14908
13512
11937
9838
7855
6110
3460
809
-1878
-4288
-6606
-8607
-10848
-12830
-14407
-15641
-16735
-17173
-17404
-17860
-17779
-17573
-16706
-16211
-15359
-14252
-13327
-12181
-11590
-10885
-11134
-11513
-11293
-11083
-11367
-12407
-13674
-15420
-16201
-16852
-18361
-19693
-20749
-20974
-21402
-21510
-21857
-21549
-20484
-18716
-16244
-13273
-10089
-7934
-5278
-1422
3491
7830
11849
15948
19561
22274
25307
28223
30364
31649
32132
32565
31845
30309
28348
25956
23237
20194
16811
13098
9145
5256
1756
-1518
-4254
-7100
-9780
-11492
-12258
-11849
-11194
-10548
-9846
-8587
-6150
-3292
221
3423
6595
9601
12658
15562
17794
19906
21037
21564
21855
22157
21689
20390
18711
16082
13668
10694
7272
4132
1114
-2109
-4711
-7760
-10533
-12831
-15146
-16831
-18531
-18800
-19065
-19200
-18351
-17535
-16677
-15596
-14285
-12695
-11668
-10250
-8545
-7597
-6275
-5532
-5550
-5337
-5179
-5120
-4673
-5156
-5802
-6495
-7263
-7348
-7410
-8338
-8887
-10346
-11349
-11770
-12024
-11510
-11045
-10896
-10591
-10465
-9722
-8214
-6506
-4538
-3234
-1982
-512
786
2367
4411
6166
7787
9056
10066
11070
12008
12872
13243
13500
13732
13482
12989
12420
12096
11297
10866
10415
9444
8250
7237
6315
5551
5157
5201
5394
5583
5570
5717
5852
6474
7394
7987
8850
9678
10458
10863
11475
11908
11821
11598
11436
11195
10720
9880
9571
8779
7629
6677
5366
4228
3245
2091
589
-1045
-2437
-3654
-4730
-5451
-6126
-6633
-7266
-7675
-8295
-8681
-8799
-8679
-8413
-8276
-7956
-7802
-7399
-7124
-6693
-5883
-5064
-4222
-3620
-3354
-3279
-2296
-1369
-591
160
910
989
828
785
692
667
676
671
584
-41
-837
-1206
-1991
-2221
-2701
-3300
-4132
-4866
-5151
-5535
-6185
-6641
-6725
-6942
-6978
-7420
-7863
-8051
-7472
-6184
-4759
-3207
-2295
-1510
-737
704
2481
4493
6180
7251
7922
8520
9600
10300
10602
11182
11485
11169
10959
10499
10192
9681
9144
8381
7552
6570
5420
4156
2844
1866
897
253
-23
-500
-827
-1232
-1715
-2240
-2629
-2648
-2541
-2569
-2569
-2511
-2574
-2817
-3078
-3576
-3881
-4119
-4519
-4642
-4939
-4994
-5403
-5505
-5236
-4953
-4857
-5156
-4876
-4466
-4102
-3253
-2229
-1184
-939
-616
-113
437
1484
2771
3728
4960
5304
5316
5302
5050
5626
5668
5539
4297
3162
2453
1832
1363
662
-899
-2187
-3214
-4277
-4981
-6027
-7354
-8985
-10756
-12066
-12132
-11659
-10951
-10148
-9959
-10577
-11416
-11451
-10238
-7830
-5318
-3109
-1674
-497
1015
3224
5173
6961
8246
10001
11836
14198
16035
17093
16565
15071
13610
12678
12779
12339
11109
8845
5970
3148
809
-1337
-3820
-6505
-9149
-11172
-12311
-12826
-13046
-13158
-13389
-13758
-13286
-11659
-9410
-7243
-5266
-3175
-1248
995
3835
6632
8432
9618
10795
11935
13062
13911
14325
14005
13047
12134
10886
9799
8329
6354
4404
2877
1648
684
-86
-1823
-3455
-4570
-5434
-5335
-4988
-4840
-5815
-6449
-6180
-5080
-4041
-2926
-2824
-3717
-4188
-4202
-3627
-3604
-4057
-5149
-6889
-8367
-9501
-11012
-13014
-16161
-18341
-18819
-17209
-16278
-15988
-17611
-19635
-21181
-20220
-15916
-10860
-6709
-4881
-3611
-1723
1578
6280
11333
15759
18867
20758
23149
25821
28144
28474
27781
25920
23446
20803
18295
15579
12175
7656
2849
-2399
-7578
-12574
-17437
-21779
-25135
-27719
-29093
-29500
-29540
-29573
-29107
-28162
-25956
-22750
-17962
-12842
-7467
-2788
1792
5920
11466
17316
22293
25767
27919
28725
29251
30477
31973
32586
31660
29228
26353
23704
21692
19190
15628
11502
7322
4350
1728
-386
-3490
-7528
-10721
-12527
-12792
-12902
-13217
-14137
-14257
-13492
-11245
-8715
-6480
-5029
-3785
-1987
324
2041
3074
3861
4252
4401
4326
3234
1032
-1265
-3750
-5669
-8054
-10561
-12979
-14657
-16408
-17254
-17821
-19601
-21757
-23167
-21447
-17961
-14590
-11753
-9857
-8053
-5509
-791
5168
10622
14617
16753
18887
21383
24814
26998
27758
27016
24582
21976
19770
18284
15554
11543
6845
2139
-2953
-8033
-12480
-16382
-20181
-23368
-25006
-25877
-26385
-26794
-26375
-25405
-24299
-21580
-17958
-13873
-9604
-5283
-1166
2821
6812
10665
14755
19448
24027
28166
30496
31174
30770
30345
30444
30851
30681
28593
25252
20579
16827
13370
10237
6755
2932
-1133
-4803
-8104
-11207
-14203
-17085
-19153
-19924
-19619
-19496
-19683
-20100
-19364
-17302
-14445
-11491
-9132
-7688
-6265
-4415
-1926
665
2629
3471
3180
2312
808
-1027
-3697
-6602
-8824
-9593
-9825
-10717
-12903
-15502
-19891
-22550
-22631
-19216
-15325
-12893
-12032
-12035
-10557
-6803
-559
6355
11565
14939
16404
18971
23144
27330
29877
30505
30236
28019
26168
24648
23361
20699
16561
12557
8209
3367
-2079
-6926
-11681
-15770
-18632
-20133
-21105
-22396
-23752
-24386
-24070
-22704
-19729
-16099
-11833
-8228
-5297
-2078
1752
5773
9603
13650
17366
20726
23473
25486
26804
27506
28396
29494
29597
29020
26978
24144
20689
17599
14861
11735
8403
4815
1237
-2401
-5919
-9622
-12875
-15449
-16872
-17699
-18327
-19582
-20997
-21930
-21815
-20402
-18526
-16586
-15279
-13521
-11252
-8768
-6499
-4661
-3123
-2072
-643
461
542
-282
-1903
-4299
-6867
-9292
-10171
-10778
-11101
-12532
-14621
-19595
-22470
-22823
-19080
-14790
-12266
-11950
-13121
-12444
-8842
-1435
5805
10595
12831
14026
17439
22262
27079
29820
30079
29244
27432
27027
26661
25646
22732
19077
15182
11168
6514
1037
-3969
-8980
-12917
-15526
-16880
-18632
-20729
-22839
-24051
-23929
-22675
-19952
-17421
-14574
-11816
-8544
-5117
-1704
1781
4894
8349
11542
15048
18562
21151
23466
24458
25622
25640
26589
26950
26862
25069
22168
19108
15900
13436
10525
7818
3992
523
-2840
-5840
-8708
-11531
-14147
-16222
-17202
-18104
-18451
-19327
-20148
-20676
-19856
-17915
-15707
-13087
-11128
-9212
-7310
-5109
-2624
-856
1200
2162
2674
1984
945
-1231
-3565
-6360
-7848
-8893
-8131
-9047
-11522
-17716
-21601
-21146
-17106
-12483
-11323
-11390
-13904
-13580
-9382
-816
7358
11115
12397
13596
17528
23124
28065
31957
32196
32341
30705
30760
30458
29354
26606
23386
20568
16673
12034
6099
583
-5069
-9408
-12090
-14448
-17595
-21641
-24467
-26536
-27031
-26757
-24892
-23651
-22203
-20249
-17880
-13645
-9656
-4954
-1495
1588
4639
7554
11883
15246
19294
21125
22696
22949
23868
25654
26681
25905
22958
20321
17005
14965
13016
11120
7429
3047
-1125
-4553
-6869
-9256
-11550
-14349
-16349
-17992
-18685
-19415
-20102
-20302
-20120
-18599
-16957
-14954
-13390
-11446
-8587
-6002
-3063
-449
2270
4118
4894
5346
4577
3508
1412
129
-1770
-4109
-5448
-7774
-8930
-11904
-14590
-20775
-21626
-19425
-14753
-13179
-15517
-17396
-19616
-16397
-8923
1316
7971
8658
8411
9876
16140
22819
28077
31625
31990
32176
29971
30691
30913
29932
26977
24076
22048
17575
11819
5710
1017
-3517
-7367
-9865
-13244
-17627
-22176
-24789
-25705
-25355
-24797
-23537
-22569
-21499
-19812
-17037
-12791
-9090
-5535
-2245
1570
4929
8069
11462
14643
17522
20469
23374
25202
25632
25757
25241
23719
21401
18840
16263
13727
11750
9179
5174
109
-4367
-7078
-8146
-9187
-10823
-13890
-17229
-19437
-19583
-18724
-18035
-17602
-17519
-16661
-14721
-11967
-9395
-7429
-5216
-2327
758
3562
5282
5930
5986
6165
5994
5106
3427
1071
-2282
-5128
-6335
-7039
-8070
-11200
-15254
-19898
-18902
-17477
-14429
-17110
-17848
-18756
-17004
-11691
-4610
2290
2727
2645
4459
10709
19220
25472
28585
27724
27106
27386
28226
31247
31299
29397
23948
20245
17100
13369
8927
4349
219
-4985
-9530
-13379
-17248
-21011
-23448
-23960
-24152
-24581
-24573
-24009
-23402
-21294
-18094
-14053
-10421
-7184
-3951
-1300
1798
4815
8332
11402
14512
17167
19210
21530
22955
22533
21090
19578
19167
18065
17274
15186
12268
8411
4415
1120
-1123
-2263
-3522
-5065
-7740
-10305
-13091
-14745
-14751
-13064
-11820
-11914
-13041
-13785
-13362
-11030
-7402
-3820
-1560
-391
536
2077
4124
5769
7147
7234
6706
5495
4169
1837
-1385
-5479
-8679
-9650
-9405
-8854
-12263
-17020
-22775
-20825
-18982
-15197
-17324
-17537
-17672
-15968
-9782
-3232
2560
2034
2288
6642
14458
22921
26593
27176
26201
26132
28614
29991
32586
29619
25375
20064
18019
16317
12112
7146
1427
-3893
-8914
-12625
-15765
-19433
-23239
-25083
-25779
-25854
-26388
-26558
-25799
-24214
-20531
-16743
-12955
-10104
-7479
-4117
-752
3849
7838
10777
13504
15989
18908
20995
22876
23280
22182
22169
21431
21417
18969
16434
13093
9968
8214
5682
3227
148
-1792
-3621
-6118
-8303
-10193
-11619
-12099
-11588
-10688
-11747
-13088
-14045
-12685
-9405
-5884
-3230
-2269
-2093
-830
1110
4044
6202
7792
8050
7483
6691
4875
2464
-1076
-3877
-6197
-6417
-6643
-7618
-11537
-16119
-20722
-20540
-17345
-14490
-14532
-18416
-18526
-17361
-11827
-5686
-459
1414
595
3122
9560
17196
23465
24138
24575
23927
27260
28912
29081
27958
24145
21371
18108
17980
15057
9159
2744
-2723
-6342
-10099
-13147
-16464
-20148
-22696
-24083
-24804
-25489
-25771
-24198
-21851
-18586
-15366
-12730
-10262
-8051
-4246
-127
4386
7721
10133
12048
14370
16989
19473
21296
22356
22442
22182
21797
20554
18825
16286
14186
12145
10584
8421
5062
1354
-788
-1893
-2882
-5176
-7233
-8821
-9471
-8743
-8265
-8630
-10450
-11371
-10367
-7287
-4574
-2840
-2604
-2542
-1555
627
3231
5174
5925
5881
5303
4143
2360
-175
-2294
-3749
-5831
-8144
-9963
-12137
-13981
-16394
-18030
-20188
-19605
-18426
-17908
-18890
-20428
-17530
-14922
-8987
-4613
-729
164
769
5272
12218
20170
24831
24937
24196
23893
26637
27738
28534
27376
24184
20942
17396
15559
11319
5861
636
-3416
-6501
-9690
-13501
-17380
-21269
-22986
-23685
-23832
-23618
-23454
-21961
-20493
-17813
-15771
-13562
-10422
-6469
-2060
792
3082
4828
6641
9307
12934
17649
20724
20625
19016
18816
20507
21301
20393
18141
15536
13646
12753
12499
10635
6404
1910
109
1180
1720
-874
-4743
-7976
-8351
-7184
-6335
-7180
-10097
-12204
-11585
-8146
-5930
-5761
-6719
-6946
-4963
-2416
-355
257
-600
-903
-788
177
-1057
-3585
-6467
-8448
-9509
-10221
-10974
-11404
-11847
-14047
-16859
-18697
-15774
-15832
-14526
-16353
-13056
-11171
-8418
-5008
-1210
1383
1558
4572
11078
17359
21658
21759
21188
21621
22929
25436
25770
26232
22377
19080
15455
14193
11166
6948
2505
-749
-4342
-8030
-11707
-15143
-18142
-20014
-19486
-19843
-20870
-21465
-21180
-18935
-16634
-13427
-11885
-9984
-7219
-3776
-86
1866
3707
4979
7557
11288
14974
17599
18058
17910
17968
18886
19993
19764
18752
16598
15232
12763
11432
10066
8839
5954
3524
2177
992
-1067
-3771
-4643
-5074
-5439
-6283
-7709
-9340
-10537
-10262
-8999
-7911
-7200
-7349
-7091
-6770
-4923
-3503
-2328
-1509
-699
-448
-1063
-1735
-3122
-4636
-5402
-6476
-7523
-8836
-9048
-9887
-9810
-12177
-14918
-17809
-14254
-11067
-9018
-12050
-13341
-11753
-9521
-3851
766
4626
3016
3126
7250
14365
20044
21114
19426
20981
23069
26434
25511
25523
22299
18693
16234
16073
16137
11326
5806
1127
-2143
-5082
-7882
-10270
-12519
-14829
-15934
-17826
-18935
-19938
-18970
-17301
-14773
-12632
-11821
-11241
-9154
-5794
-2163
414
2739
5079
7621
10832
13224
15273
15675
16485
18027
20328
21655
19693
17115
14849
14718
14249
13435
11420
7770
3927
2517
1962
671
-2417
-5129
-6690
-7479
-7743
-8903
-11145
-13782
-14375
-13135
-11469
-10547
-10425
-10720
-10066
-8410
-5753
-4479
-3101
-1966
-462
-375
-1091
-1993
-3106
-3717
-3946
-3964
-4496
-6195
-7885
-7568
-8048
-8704
-12499
-10556
-10229
-8799
-11415
-11225
-9182
-7935
-5669
-2769
862
2008
2475
6284
11458
16016
17855
17099
18901
20262
23038
22175
22683
21471
20109
17571
16562
15359
11647
6754
3515
1410
-1573
-4591
-8246
-10675
-13433
-14426
-14933
-16442
-17714
-17959
-16622
-14430
-13354
-11810
-11757
-9413
-6855
-2622
-97
1817
3352
5435
9108
12804
15683
15845
15982
17107
19296
20342
19387
17006
15125
14110
14172
13322
11944
7759
3668
-10
97
-121
-2683
-7105
-10087
-10224
-10477
-10950
-12774
-14778
-16340
-16158
-14097
-12483
-12427
-12758
-12517
-9967
-7333
-5216
-4272
-3052
-1694
-901
-325
-469
-714
-1707
-2456
-2331
-4148
-4682
-7400
-5371
-6160
-6334
-10520
-11758
-9232
-9364
-9456
-12061
-9677
-8522
-7069
-4793
-2310
-523
-250
1566
7953
12070
16112
14685
16589
17848
20565
21549
21692
21708
19438
18172
16555
16096
12683
9308
6274
4415
916
-2473
-5274
-8041
-11029
-12191
-12616
-14044
-17038
-17679
-16435
-14309
-13550
-12596
-11777
-10804
-8267
-4840
-1567
-644
345
2248
6241
10781
12921
13161
13042
15570
17636
19113
18240
15895
13971
12919
13667
11891
9257
5563
2832
802
211
-250
-3112
-7289
-9897
-9918
-9785
-11062
-13171
-15478
-16216
-15623
-14015
-13189
-13208
-12842
-11919
-9577
-7591
-5555
-5095
-4295
-2943
-779
-316
-240
-1620
-1802
-3107
-2652
-3002
-3350
-6404
-6742
-5491
-4767
-7964
-10691
-8900
-7959
-7478
-9673
-6900
-5775
-4318
-4061
-753
2231
3252
4186
8226
12618
15670
14767
15698
18210
21228
21810
21297
21891
20068
18695
16313
16406
13495
9918
6598
4606
2480
-1129
-4317
-6670
-9071
-10144
-10852
-11537
-14299
-16128
-15635
-14002
-11862
-11289
-9994
-9274
-7962
-5608
-2181
509
1841
3240
6142
8388
10014
11777
13781
15054
15607
16596
16615
15695
14727
14130
13467
11344
8813
6521
4887
2992
279
-1861
-3640
-5175
-7305
-8711
-9440
-10478
-12477
-13336
-13507
-13947
-14689
-14082
-13144
-12158
-11133
-10032
-8501
-7604
-6023
-4388
-2613
-1795
-2048
-1676
-2198
-2146
-3517
-2945
-3917
-3833
-5812
-5675
-4239
-3931
-6659
-10009
-7341
-5999
-5159
-8384
-6694
-5830
-3871
-2595
346
2834
4140
4873
8842
12754
15099
13821
14171
17012
19102
20097
18934
19759
16862
16265
15186
15859
12880
8805
5831
4271
2141
-763
-4020
-6369
-9443
-11039
-10858
-11046
-12752
-16015
-15286
-13752
-11175
-10572
-9748
-9329
-8710
-6654
-3448
-347
1835
3019
5235
6544
9293
11359
13901
14421
15236
15414
14732
14456
14389
15064
14397
12650
10028
8004
7152
5989
3070
176
-1924
-3078
-5974
-7615
-9169
-10354
-12146
-12617
-11999
-12660
-14011
-14653
-13800
-12600
-11570
-10837
-9863
-9364
-7695
-6591
-5126
-4907
-3765
-3845
-3025
-3807
-3541
-4874
-4306
-4838
-4537
-4386
-5070
-4732
-6712
-2785
-3205
-2657
-6201
-4823
-2227
943
2820
3325
2132
2271
3846
10324
14061
15834
13474
11461
14568
16559
19605
17427
17139
13346
12125
11567
13126
10681
5790
2233
1363
958
-990
-3543
-6642
-9047
-11332
-10572
-10901
-11355
-14354
-14224
-13277
-10804
-9661
-9295
-8155
-6852
-4431
-2501
-443
780
3274
4896
6939
8145
11272
12347
13486
15222
16475
16480
14709
14754
14978
14031
12818
10114
8422
6879
5718
4184
1299
-126
-3009
-4975
-7925
-9111
-10763
-12869
-13993
-15091
-15579
-16964
-17366
-16804
-15754
-14780
-13835
-12706
-11282
-10448
-8251
-6987
-6123
-6352
-5883
-4407
-4671
-3442
-4093
-3154
-4805
-2970
-2795
-2624
-4701
-4129
-883
-933
-1472
-4198
-2052
-1106
835
3344
5490
5396
2979
3645
9106
12988
14419
10985
11109
11549
13387
14472
14995
15173
11708
9989
8719
10022
7965
4666
1288
-46
-1147
-3007
-4778
-6048
-8082
-9293
-9991
-9569
-10130
-11129
-10180
-9481
-8597
-8857
-7870
-7135
-5179
-2452
-109
1151
2040
3106
4912
8022
12498
13281
12902
11975
14193
16229
17991
18019
16633
14923
13767
13378
12910
12134
9819
6286
3166
1625
812
-1286
-4743
-8011
-10694
-11662
-12735
-13159
-14883
-16389
-17690
-18327
-18214
-17623
-16623
-15978
-15462
-14245
-12770
-11379
-9896
-8786
-7915
-7428
-6719
-4766
-3649
-2565
-4714
-3425
-3323
-2187
-3994
-3165
113
923
1189
-384
2234
2671
3627
5238
8209
9127
8104
7479
10636
13606
15319
13709
13700
14130
13849
13138
12730
12956
9895
7825
6677
6399
3328
633
-954
-2785
-5357
-6984
-7957
-9277
-10621
-9971
-10423
-11812
-13194
-11919
-10802
-9931
-8320
-6785
-5428
-5456
-2927
-588
2234
4343
6178
6367
5991
8011
12503
14305
15050
14066
14582
15404
17761
19216
18448
16975
14371
12673
12605
13664
11489
7486
3901
2175
-467
-1957
-3162
-5625
-10654
-13385
-13887
-13990
-16327
-17954
-18910
-19380
-19450
-18961
-17963
-17553
-16841
-15804
-14413
-12768
-11262
-10203
-9666
-8938
-6803
-5482
-4909
-4864
-952
-659
-539
-3994
545
2185
3669
2640
3460
5249
5355
8615
11315
13348
12032
10996
13280
18702
21259
20782
16338
16532
15802
17772
16865
17017
13142
8597
6270
6900
6956
2903
-1824
-5414
-7002
-8744
-10074
-12154
-13275
-15978
-15323
-15391
-13752
-15059
-14487
-12631
-10420
-8534
-8215
-6045
-3996
-1627
588
2950
4973
5556
6811
10039
14087
15832
14808
14416
15114
17198
18103
18921
17870
16378
14279
14332
14339
13821
10849
7943
5851
4782
3169
-823
-4122
-6563
-8070
-10661
-13029
-14217
-16487
-18872
-20096
-19991
-20307
-22011
-21788
-20773
-20064
-19771
-18992
-17876
-16953
-15705
-13941
-13097
-10974
-9854
-6810
-7116
-3379
-3330
-2707
-4141
-1878
2681
1559
1578
-308
3897
6191
8862
11116
12333
12650
12989
14710
20455
22091
22902
18998
20292
21588
21373
19899
17074
16600
12763
12183
9516
7409
2341
-1492
-4470
-6309
-8344
-10893
-14965
-17231
-18977
-18130
-18587
-19099
-18980
-19185
-16874
-15737
-12628
-11159
-9230
-7588
-4769
-364
1920
5589
7537
9416
10354
12721
16933
17238
18417
17461
19542
18675
19391
19782
19404
18401
15928
14891
14945
13950
10425
5953
5090
3341
134
-3729
-5644
-7955
-11988
-13932
-15606
-16610
-19961
-21350
-22040
-21960
-22828
-23858
-23829
-23153
-21778
-20812
-19851
-18944
-17604
-16408
-14334
-12264
-9657
-8724
-8010
-4720
-3248
-1802
-3826
1235
3030
3613
2129
4067
7201
7172
9534
12245
14883
14230
14340
16876
20977
23120
23368
21931
23448
23548
23828
22477
22688
19505
15197
13082
13595
11628
6118
1675
-1278
-3870
-7139
-9159
-12198
-15128
-18786
-18886
-19979
-19837
-21794
-21745
-21282
-18841
-15819
-14403
-13103
-11232
-7228
-3408
-596
1428
3779
6451
10098
11542
14476
14874
16911
17534
19403
20464
20507
20512
20226
19907
18746
16613
15378
13037
11155
8170
5247
2567
-1184
-3690
-6938
-7695
-11135
-14237
-17820
-19111
-20132
-21856
-23136
-24168
-24786
-24842
-24836
-23764
-23349
-23229
-22920
-21423
-19637
-18385
-15400
-13866
-11683
-11608
-5737
-4597
-2213
-4768
143
3268
4879
5734
5655
8920
8858
11733
14404
16736
16526
15597
17608
23247
25575
26644
23054
25197
24928
26548
24993
24601
22795
18872
17143
15784
15699
10976
6985
3081
1152
-1413
-4387
-7599
-10194
-13948
-15235
-17038
-16722
-19197
-20679
-20339
-19037
-17427
-17779
-15784
-13739
-11439
-8833
-5994
-3195
-1732
770
4786
7902
10569
11751
13907
15140
18073
19150
19973
18816
19340
19525
19935
18987
16977
15758
14254
12453
9021
6610
4041
905
-3191
-5487
-8472
-11704
-15793
-17721
-19431
-20899
-22908
-24270
-25277
-25578
-25989
-26586
-26008
-25177
-23758
-22963
-22452
-20959
-19775
-16508
-14497
-11894
-8093
-7515
-5624
-6825
-170
2033
4731
4204
5358
7886
9084
12939
15935
17659
17460
17429
20689
23746
25028
24990
23410
24354
22562
23793
22465
22854
19858
17330
15836
14807
14013
10560
7222
4069
1233
-1308
-4194
-6589
-8132
-11327
-12162
-14134
-13779
-15963
-17057
-16325
-15721
-14758
-15723
-14300
-12613
-11307
-9912
-9598
-6484
-4381
-1450
4
1359
3663
5235
7998
9858
11574
12310
11910
13214
15371
17103
16292
14407
14347
14675
14255
11683
8676
6901
4399
2325
-1371
-4564
-8028
-10950
-12550
-14696
-16284
-19735
-21788
-22854
-23139
-23662
-25271
-26828
-27341
-27386
-25488
-25333
-24189
-23992
-21746
-17923
-16893
-12342
-11838
-7512
-9217
-5161
-1159
2161
3880
3657
7758
9767
13331
16032
18202
19418
19312
21013
24690
26571
28013
25419
26979
25485
26184
23681
23594
21824
18499
16257
13247
12516
8230
6254
2817
674
-1673
-3521
-5866
-7787
-9581
-9599
-11208
-11384
-12266
-11833
-11526
-11679
-10407
-10888
-9690
-8923
-6027
-4668
-4133
-3837
-2513
-745
148
1309
2195
3046
3425
4305
6042
6696
7101
6798
8166
9142
9656
9003
8173
8208
7652
7107
6011
4630
2719
817
-524
-2700
-4880
-6683
-8513
-10786
-13314
-14420
-16444
-18493
-20314
-21268
-22193
-23695
-24243
-24730
-25059
-24831
-24591
-22740
-22320
-19341
-20189
-16549
-14305
-10423
-10343
-9659
-4551
-2048
2137
2403
6491
7694
9972
13386
17963
21176
21865
20926
24673
27553
31664
30309
30146
29170
27688
27923
27023
27412
21532
17400
13602
12969
10840
6718
2708
-1638
-4287
-5831
-7529
-8690
-12051
-13221
-13665
-13167
-12314
-13907
-12745
-12474
-9895
-8119
-5657
-3785
-3569
-2213
273
3887
5437
6000
5941
7137
8291
9660
10043
9302
8276
7767
8342
8397
7432
6310
4547
4059
4184
4483
3642
1271
2
-1380
-1416
-1981
-3153
-6178
-8202
-8329
-8475
-10196
-12623
-13669
-15045
-15681
-15672
-15870
-17082
-18572
-18774
-17856
-18343
-18527
-19213
-17756
-17561
-15475
-16340
-13486
-12830
-10156
-9537
-7996
-3965
-3227
-161
4
4583
6598
8789
11278
15063
18084
19557
19448
23621
26314
29461
28464
29395
30120
29388
29185
27769
28307
23697
20791
18057
16984
13355
8959
5331
1727
-2032
-4634
-7800
-9906
-13834
-15523
-17082
-17630
-17585
-18162
-16619
-16372
-13619
-12342
-8734
-6750
-4069
-2855
910
4377
7332
8466
9020
10752
12004
14286
14963
13979
12350
11605
11588
11457
10932
9974
5956
3491
2477
3486
1040
-2562
-5670
-7592
-7968
-8513
-9564
-13200
-16272
-16927
-16436
-16291
-17549
-18718
-18947
-18870
-18270
-18527
-18034
-18716
-18791
-18928
-17856
-17676
-16890
-16953
-14953
-14187
-12211
-9660
-8906
-7177
-8367
-3952
-2146
1191
791
2126
4103
6171
8698
11518
13758
15372
15408
17867
21908
25418
25889
24398
26224
27240
28737
26768
27291
24779
22187
19616
18688
16866
12154
7964
4683
1219
-1586
-4747
-7209
-10580
-13977
-15028
-16884
-16790
-18484
-18306
-18667
-17864
-16586
-14464
-11913
-10200
-8961
-6370
-1699
2229
4164
6225
9207
12027
14296
16535
17997
16981
16562
17151
18559
17633
15322
12392
10737
9408
8559
5763
2596
-1274
-4314
-6283
-8260
-9760
-13735
-16621
-19211
-19634
-20732
-21935
-23139
-24121
-24994
-24565
-23748
-22984
-23577
-23178
-22440
-20871
-19954
-18187
-16123
-14642
-13385
-12763
-7228
-5526
-2609
-5516
-1805
1609
4720
5562
5738
8634
8742
10964
14564
18702
18820
17148
17721
22381
25351
26533
24998
25370
24359
24730
24412
25873
23641
19629
16430
16091
16527
12722
8522
4538
2455
-678
-3075
-4836
-6917
-11426
-13966
-14755
-13716
-15925
-17528
-17882
-16584
-15457
-14446
-12392
-11481
-9797
-8199
-3449
-273
1810
2343
4852
9205
13048
14328
14116
14513
16464
18039
18699
18045
16302
14269
13811
14198
13309
10778
6649
3901
1447
160
-2414
-5787
-10467
-13915
-16652
-18366
-20529
-22843
-25875
-27394
-28121
-28430
-29043
-29706
-29103
-28749
-27359
-26840
-25949
-24067
-22236
-20028
-19804
-16801
-12695
-9346
-6995
-7654
-2994
327
5411
7452
9353
11521
12409
16409
20532
24097
24754
23366
24940
28059
31498
31485
29082
28065
27157
27999
26322
26510
23139
19353
15674
14279
14318
10258
5915
1101
-756
-2740
-5732
-8163
-10966
-13218
-15230
-16241
-15072
-16237
-16925
-16683
-14624
-12118
-11664
-9719
-8531
-5651
-2771
-170
1862
2553
5522
7690
10911
12744
13492
13286
13994
16925
18281
18552
16114
14959
13927
14627
14297
12490
9360
6461
5012
3101
753
-2908
-6209
-9290
-11712
-14135
-16722
-18795
-21459
-23374
-24341
-25207
-26521
-28746
-28746
-28463
-28263
-28660
-29551
-28348
-27780
-25542
-24397
-23098
-18871
-16362
-12483
-13234
-9219
-5159
-1081
2035
3643
7081
7735
12228
17364
22055
23095
21854
23080
26731
30649
32570
30772
29556
28315
29811
29971
29901
27382
22418
18900
16760
16198
12550
7397
2516
-1269
-3894
-6319
-9587
-12571
-15900
-17009
-18223
-18547
-18921
-19134
-18385
-17637
-15990
-14713
-12965
-10876
-8445
-5001
-2207
-208
1706
4557
8049
11229
13194
14119
14282
15236
16861
18167
17992
16118
14471
12691
12619
11914
10240
7494
4661
2804
1050
-461
-3176
-6799
-9105
-10727
-11541
-14399
-16200
-17851
-19740
-20936
-22625
-22233
-23835
-24746
-25714
-25284
-24544
-25376
-24670
-24466
-22302
-22154
-19544
-16369
-14050
-13497
-14653
-9892
-6042
-1560
-720
591
2866
4609
9614
14565
18577
19283
18316
21619
26435
31280
32116
30731
30926
30546
32330
31853
31984
28824
25134
22550
21232
20363
15704
11431
6264
3168
571
-2647
-5509
-10379
-13164
-15439
-16593
-17986
-20314
-19752
-19764
-19485
-19917
-18103
-14813
-13286
-10962
-8684
-5415
-2465
1567
5945
7752
9233
10439
14007
16470
18406
17979
17166
17097
16745
17066
15814
14209
11370
8868
7904
5969
3352
-605
-2943
-5362
-7915
-10184
-13081
-15450
-18778
-19817
-20258
-21376
-23661
-25818
-25221
-25257
-25380
-26285
-26334
-25403
-25379
-23640
-22951
-21706
-19687
-17268
-13871
-15074
-13288
-10675
-6101
-3269
-2432
276
1197
4668
8476
13809
16463
16053
16308
19567
25143
28429
27969
26872
26803
28712
29238
30168
28918
25998
23156
21762
22327
19369
16120
11806
9089
6431
3306
420
-2697
-5205
-7841
-10747
-12743
-13747
-13943
-15028
-16427
-17273
-16651
-14732
-12611
-11042
-10428
-9873
-7201
-3339
262
2695
4238
5888
7480
10826
13772
15576
15302
14723
15011
16183
16990
16238
13866
11789
10530
8942
7071
4626
1804
-1752
-4739
-7147
-9510
-12495
-14989
-17133
-19444
-21355
-22837
-24274
-25909
-26741
-26526
-26427
-26687
-27439
-27027
-25645
-24529
-22662
-20371
-17407
-17434
-16995
-12954
-8444
-5095
-4966
-2462
71
3251
7227
11418
14562
15079
15602
18464
22765
26843
26929
26113
25889
27175
27936
27634
27819
25310
22410
20181
20704
19776
16141
12089
9066
7418
5410
3034
817
-2490
-5059
-6879
-6997
-7475
-10261
-12068
-12605
-10343
-9480
-9305
-9092
-8722
-6892
-4307
-1224
-590
-160
1288
3772
5791
7246
8952
9476
10024
10270
11417
11216
10703
10503
9806
9119
7547
6876
5344
3819
1692
-836
-3375
-5180
-6276
-8681
-11858
-14543
-15785
-16242
-18004
-19808
-21961
-22647
-23173
-23458
-23522
-24551
-25343
-25654
-24710
-22541
-21074
-20365
-21391
-20832
-16153
-11685
-8716
-9343
-7423
-4711
-44
4400
8200
10320
10597
11744
15393
20661
23686
23530
22578
23580
26102
27776
27693
26508
23863
22121
21268
22073
19629
15713
12066
9741
8450
5871
3786
130
-2232
-3793
-4512
-5583
-7762
-8836
-9098
-8118
-7336
-7184
-7135
-7116
-4919
-2357
212
772
1029
2681
5172
8169
9870
10743
10718
11062
12324
13863
14015
13162
11796
11013
10087
8581
6737
4918
2653
474
-1765
-3912
-5831
-8063
-10473
-12960
-14870
-17022
-18507
-20157
-21324
-23271
-24154
-23884
-24004
-24024
-24754
-24271
-24144
-21426
-19075
-18487
-19796
-17769
-14104
-10237
-8800
-7499
-6514
-5204
-1319
3395
7314
7680
7520
9041
13833
18177
19680
17891
18056
19971
21903
22038
21801
20326
18152
17357
18146
17625
14000
10441
8544
8114
6334
3981
1252
-949
-2942
-3679
-4285
-5080
-7236
-8469
-8159
-7079
-5976
-6240
-6320
-6014
-3735
-1373
193
1326
2901
4751
6367
7824
10355
11393
12081
11925
13214
13886
13605
13525
13334
13238
11498
10203
8635
7240
5047
2453
-99
-2439
-4790
-7438
-10514
-13420
-16324
-18237
-20075
-22375
-24702
-25964
-27632
-28508
-29213
-27950
-28556
-28569
-26496
-24052
-22988
-23345
-19718
-16081
-12345
-10856
-7919
-5732
-2996
794
5220
8800
10048
10542
12513
16715
21016
21971
21251
21194
22174
23112
23185
23602
21556
19182
17083
16728
15260
12734
9855
7297
5049
2808
899
-1046
-3196
-4950
-6623
-8241
-9728
-10306
-10013
-9644
-9070
-9277
-9006
-8244
-5399
-2821
-1637
-775
739
3905
6492
8730
10460
11605
12862
13874
16106
17611
18025
17366
16683
16712
15960
14502
12807
11264
9829
7718
5370
2567
297
-1756
-4416
-7543
-10534
-13244
-15946
-18390
-19806
-22230
-24119
-26489
-26954
-28084
-28112
-26760
-27182
-27317
-27942
-24654
-22118
-19636
-17667
-15634
-12860
-9871
-5909
-1804
1672
4712
6753
9367
13321
17235
19201
20320
21738
23176
24155
24671
25348
24391
23661
22171
21491
19275
16952
14437
11822
9628
7015
4602
1724
-305
-2271
-4002
-6099
-7853
-9332
-10149
-10584
-10519
-10526
-10669
-11025
-9985
-8050
-5910
-4993
-4299
-2259
-71
2288
4217
5956
7855
9086
10691
12429
14212
15139
14837
15256
15450
15853
15291
14303
12978
11495
10632
9348
7370
4273
1929
-261
-2317
-4784
-7151
-9996
-13018
-15579
-17472
-19122
-20419
-23110
-24292
-24434
-24539
-25712
-27239
-25704
-24389
-22856
-22163
-20178
-18466
-16349
-13214
-9299
-6165
-3580
-1811
1592
6052
10425
12179
13266
15618
18343
20483
21467
23233
22801
21764
21232
22303
22571
20129
17414
15157
13779
11957
9531
6913
4144
1988
308
-1617
-4049
-5877
-7309
-8339
-9170
-9183
-9844
-10379
-9363
-7852
-6855
-6921
-5954
-4173
-2472
-399
1701
2553
2430
3407
6554
8946
9104
8384
8555
10127
10935
11104
10505
9412
8075
7560
7566
6820
4428
2236
972
286
-1480
-3801
-6508
-8135
-9318
-10346
-12096
-13834
-15452
-16156
-15573
-16371
-18059
-20037
-18637
-17535
-16604
-16793
-16564
-16327
-15154
-12375
-9934
-8906
-8643
-7842
-5425
-1850
1235
2601
3177
5102
7425
9259
10610
12266
12166
11581
12182
14119
14592
13500
12489
12072
11275
10683
10285
10205
8507
6527
5091
4643
4843
3642
2685
866
-433
-1128
-1245
-1035
-1908
-2488
-2919
-3274
-2720
-1939
-758
-1376
-1241
-562
887
1535
1855
3035
3105
3917
4438
5623
5822
5430
5259
4992
5788
5586
5099
3897
3317
2833
1676
777
-479
-1674
-3464
-4730
-5956
-7108
-7708
-8926
-10569
-11518
-10994
-11366
-13047
-13595
-12201
-11831
-11870
-11591
-10246
-10249
-10065
-9018
-7328
-6062
-5427
-4300
-3436
-2007
-370
1213
2273
3007
3824
4427
5307
6262
6505
6707
6298
6800
6646
6504
6444
5795
4644
3523
3727
3825
3379
2418
1994
1967
2211
2355
2089
2078
1595
2211
2441
3281
3796
3526
3855
4247
5979
6468
5997
5914
6370
7315
7223
6987
6592
6122
5732
5297
4904
4345
3407
2251
1591
1665
1580
-288
-1554
-1750
-1402
-1858
-3149
-3880
-4405
-4582
-4353
-4234
-4672
-5513
-6106
-6039
-6041
-5219
-5195
-5100
-6766
-7199
-5992
-4499
-3683
-4896
-5043
-5398
-4166
-2975
-2056
-2093
-2688
-2669
-2522
-1212
176
-103
-655
-978
559
660
763
1011
1598
1614
862
1341
1125
716
318
449
367
-698
-1304
-1433
-1056
-763
-797
-796
-1062
-993
-1036
138
1298
2040
1684
2053
3338
4480
5200
5422
6028
6232
6866
7697
8878
9033
8521
8039
8061
8412
8565
8337
7249
5923
5046
5121
4752
3768
2143
1013
-113
-705
-1343
-2477
-3972
-4717
-4632
-4783
-4955
-5845
-6541
-7236
-6476
-6120
-6465
-7098
-6352
-5253
-5070
-5451
-5243
-4715
-3424
-2512
-1494
-1654
-1679
-940
87
1305
1128
996
209
677
1440
2278
1993
1168
518
182
387
583
322
-644
-1496
-1881
-1992
-1908
-1894
-1973
-2697
-3735
-3475
-2746
-2384
-3130
-3088
-3068
-2831
-2281
-1210
-675
-556
-12
936
1968
2260
2683
3099
3788
4292
4895
5712
6084
5990
6264
6758
6660
5401
5385
5955
6498
5576
4502
3952
3302
2891
2532
2572
1326
303
-45
-29
8
-368
-916
-1479
-1566
-1410
-1809
-1936
-2471
-2208
-2000
-1354
-1199
-2031
-1084
-1434
-663
-2343
-1665
-1849
-1679
-1968
-2215
-1628
-2413
-2416
-2180
-1442
-1959
-2642
-2653
-2353
-1884
-2276
-2573
-2558
-2429
-2318
-3080
-2712
-3072
-3311
-3955
-3334
-3036
-3820
-4112
-3700
-2684
-2967
-2788
-2462
-1598
-1426
-843
57
823
1259
1450
2052
2583
3390
3585
3950
4338
4786
4691
5046
5582
6051
5637
4923
4429
4126
3692
2455
1284
613
346
-162
-991
-1204
-1894
-2840
-3286
-2926
-2748
-2987
-3290
-3191
-2845
-2113
-1061
-831
-446
-144
566
989
1355
2280
3027
3466
4073
4760
5086
4410
3979
4628
5343
5178
4121
3579
2953
2407
1926
1108
-108
-1636
-2574
-3111
-3508
-4249
-5201
-6260
-6386
-6436
-6696
-7829
-8494
-8864
-8717
-8065
-8006
-8583
-9138
-8555
-7672
-6875
-6082
-5743
-5561
-4957
-3326
-2094
-1313
-600
447
1327
2105
3264
4251
5101
5813
6667
6979
7411
7940
8418
8474
8711
8504
7804
7494
7417
7118
5792
4679
3373
2586
1531
586
-584
-2030
-3572
-4584
-4645
-5012
-5355
-6246
-6162
-5680
-5265
-5068
-4728
-3775
-2679
-1685
-530
273
869
1637
3293
4817
5911
6164
6507
6676
7192
8209
9312
9015
7431
6499
6949
7453
6876
5141
3431
2088
1150
700
-278
-1432
-3614
-5263
-6435
-6084
-6523
-8039
-9364
-9533
-9439
-10148
-10070
-9828
-9884
-9856
-9176
-8003
-7981
-7301
-6086
-4424
-3522
-2875
-1605
-684
705
1715
2807
3329
3955
5059
5551
5940
5881
6318
6234
6066
6013
5945
5826
4984
4480
4647
4698
4087
3030
2819
2658
1993
1026
497
15
-938
-1369
-1617
-1826
-2710
-3031
-2836
-2341
-2272
-2515
-2194
-1858
-1081
-754
-551
-112
639
1464
2139
2777
3405
3611
4013
4593
5150
5358
5306
5500
5526
5732
5233
4558
3868
3573
3054
2485
1402
-169
-1531
-2228
-2749
-3681
-4596
-5515
-6449
-7387
-7345
-7136
-7474
-8196
-8222
-7641
-7334
-7400
-7217
-6471
-5960
-5541
-4716
-3692
-2908
-2265
-1423
-502
624
1904
2354
3128
3902
4611
5145
5653
5912
5867
5965
5873
5945
5768
5404
4817
3858
3037
2189
1510
917
370
-410
-1210
-1928
-2349
-2618
-2763
-2824
-3141
-3258
-3219
-3066
-2952
-2779
-2176
-1754
-1294
-564
236
821
1341
2057
2763
3651
3821
3944
4339
4946
5387
5298
5332
5207
5083
4927
4813
4434
3616
2947
2600
2107
1550
547
-258
-1372
-1891
-2609
-3344
-3852
-4750
-5726
-6654
-6640
-6855
-7176
-7452
-7239
-6937
-7017
-6554
-6034
-5609
-5282
-4637
-3508
-2776
-2380
-2053
-1068
-82
291
784
1463
2161
2544
2971
3733
4414
4510
4419
4517
4422
4263
4408
4032
3282
2529
2319
2077
1289
236
-426
-795
-1610
-2382
-2869
-3210
-3558
-4068
-4392
-4406
-4304
-4532
-4396
-4169
-4067
-4058
-3751
-2874
-2354
-1848
-1634
-1012
-339
513
1464
1857
2200
2610
3479
3823
4202
4522
4427
4247
4149
4195
3446
2926
2558
2681
2604
1991
889
-47
-271
-605
-1192
-2047
-2690
-3178
-3878
-3950
-3865
-3960
-4341
-4609
-4490
-4237
-3937
-3816
-3702
-3443
-3015
-2576
-1973
-1348
-902
-917
-664
-105
350
669
1073
1581
1602
1968
2279
2752
3069
3278
3501
3637
3963
3826
3637
3542
3555
3354
2735
2299
2013
1480
855
504
-32
-630
-1019
-1115
-1327
-2124
-2647
-2912
-2575
-2532
-2583
-2760
-2891
-2644
-2319
-1600
-1347
-1540
-1342
-943
-454
6
515
759
654
1033
1586
2259
2402
2513
2608
2748
2841
2909
2802
2556
2261
2051
1817
1397
986
622
337
137
61
-485
-1155
-1673
-1816
-1783
-2066
-2470
-2719
-2636
-2649
-2805
-2697
-2852
-2659
-1972
-1040
-599
-1086
-866
-200
633
1048
1318
1578
1414
1920
2518
3278
3245
2871
2500
2513
3084
3220
3136
2559
2199
1740
1618
1714
1332
872
500
576
466
180
-99
-354
-674
-1039
-1142
-1299
-1452
-1693
-1588
-1448
-1127
-1094
-1172
-1008
-1098
-1113
-1017
-535
-334
-532
-590
-705
-315
-58
119
-7
-162
92
305
660
699
625
402
335
391
567
605
303
-96
-256
193
321
41
-230
-405
-737
-960
-920
-726
-921
-1163
-1296
-914
-654
-548
-674
-666
-277
-326
-256
-170
158
189
238
500
1093
1296
1376
1822
2369
2667
2561
2744
3202
3409
3398
3267
3190
3340
3310
3240
2819
2323
1810
1598
1650
1686
1058
618
506
479
278
-130
-428
-749
-875
-845
-819
-1108
-1418
-1557
-1458
-1434
-1407
-1249
-1213
-1256
-1173
-798
-170
161
313
94
-81
-1
237
469
623
454
83
-82
142
300
293
240
37
-204
-254
-11
-30
-163
-805
-1338
-1595
-1673
-1766
-2038
-2226
-2464
-2496
-2574
-2819
-2800
-2773
-2567
-2560
-2472
-2206
-2091
-1723
-1396
-1158
-1087
-813
-520
-401
-295
-308
37
416
876
1085
1042
1236
1495
1597
1787
1877
1913
1777
1864
2190
2151
1900
1341
1200
1444
1609
1220
774
529
259
248
47
140
-82
-638
-940
-1256
-1226
-1461
-1478
-1646
-1756
-1849
-1730
-1721
-1883
-1866
-1752
-1493
-1258
-1079
-1087
-1078
-897
-418
-12
141
-62
-126
-129
105
154
43
-276
-554
-352
-266
-490
-555
-585
-756
-778
-811
-601
-828
-999
-867
-840
-1123
-1698
-1771
-1689
-1458
-1532
-1511
-1647
-1654
-1248
-1068
-800
-842
-784
-441
110
394
569
813
1139
1899
2252
2154
2060
2249
2594
2813
2900
3145
3126
2948
2809
2898
2874
2549
2294
2244
2351
2076
1779
1651
1564
1596
1613
1492
1177
1126
1114
934
702
709
678
816
608
430
378
190
68
-114
-43
-205
-426
-384
-202
-356
-416
-374
-151
-184
-553
-571
-657
-584
-642
-627
-735
-1014
-1132
-1102
-1090
-1508
-1949
-2166
-1980
-1786
-1830
-1767
-1642
-1931
-2123
-1764
-1448
-1491
-1439
-1381
-1262
-1236
-1161
-1058
-1045
-1067
-995
-916
-760
-349
-346
-127
255
561
533
780
1269
1329
1233
1391
1876
2117
2245
2219
2131
2148
2043
2242
2239
2240
2313
2204
2102
2068
1771
1351
913
830
995
983
628
373
240
312
464
691
831
746
727
684
730
687
694
711
834
898
1000
840
906
857
743
718
708
854
657
466
197
183
372
419
372
224
118
-206
-436
-535
-747
-1079
-1389
-1614
-1791
-1894
-1935
-2145
-2438
-2281
-1996
-2002
-1935
-1977
-2234
-2402
-2292
-2120
-1963
-1629
-1409
-1275
-1120
-898
-657
-384
23
360
261
374
668
874
970
1143
1513
1597
1546
1432
1555
1617
1497
1459
1550
1691
1628
1505
1535
1403
1148
940
844
761
745
806
808
804
711
504
261
328
636
715
689
721
761
854
982
1329
1441
1503
1249
1069
1074
984
983
928
767
637
506
351
182
181
196
51
147
294
97
-147
-398
-528
-737
-937
-886
-978
-1391
-1884
-2000
-2021
-2243
-2269
-2225
-2304
-2621
-2844
-2642
-2370
-2444
-2358
-2188
-1931
-1739
-1849
-1710
-1669
-1701
-1856
-1753
-1370
-1010
-974
-1045
-946
-622
-453
-178
-120
-83
-196
-298
-224
-261
-214
-321
-360
-151
-56
-154
-298
-410
-247
-171
-106
-70
-163
-236
-247
-43
149
160
330
639
918
1180
1148
1158
1094
1202
1597
1689
1666
1563
1636
1749
1865
1767
1570
1408
1178
1033
918
665
439
176
78
-35
-189
-216
-449
-725
-801
-766
-816
-806
-925
-789
-824
-1061
-1049
-1133
-1132
-1025
-919
-984
-886
-1087
-1193
-1069
-863
-857
-986
-712
-618
-506
-563
-482
-224
-151
-2
101
40
-90
-197
-152
10
59
-60
-227
-257
-345
-457
-604
-622
-705
-630
-802
-736
-799
-872
-1045
-906
-873
-842
-908
-973
-917
-911
-647
-663
-627
-451
-154
99
264
213
325
525
916
1294
1626
1766
1845
1902
2108
2388
2620
2639
2687
2762
2726
2635
2498
2421
2207
1861
1701
1284
921
555
192
42
-97
-254
-546
-838
-952
-1314
-1599
-1752
-1874
-1980
-1966
-1928
-1794
-1704
-1555
-1276
-1360
-1225
-979
-605
-215
-191
-240
-144
263
630
731
868
844
817
807
812
913
638
94
-59
-29
30
-141
-268
-452
-715
-991
-1273
-1273
-1462
-1478
-1715
-1729
-1504
-1400
-1435
-1473
-1279
-1079
-775
-831
-746
-721
-724
-198
188
522
449
405
605
946
1454
1787
2018
1852
1887
2027
2281
2403
2452
2344
2396
2472
2573
2660
2427
2277
1994
1822
1741
1736
1521
1331
1071
781
582
454
237
155
136
83
-7
-257
-325
-218
-18
-204
-235
-127
-212
-433
-242
81
235
262
327
635
567
468
615
900
1083
1102
999
992
1103
1044
1182
1374
1363
1084
904
845
854
639
473
67
-81
-142
-279
-422
-791
-1058
-1326
-1345
-1430
-1724
-1984
-2139
-2175
-2043
-2097
-2133
-2280
-2148
-1763
-1631
-1326
-1241
-1141
-1145
-660
-163
144
425
443
608
859
1237
1444
1642
1774
1622
1495
1548
1417
1268
1045
980
796
739
713
518
456
158
7
-345
-489
-470
-302
-198
-229
-433
-694
-707
-624
-739
-815
-880
-992
-927
-1138
-1083
-1155
-1179
-1152
-963
-862
-785
-738
-823
-754
-589
-562
-462
-251
-107
109
39
103
73
77
68
151
100
-54
-197
-369
-250
-25
19
-166
-535
-953
-1061
-1391
-1448
-1447
-1572
-1703
-1868
-1811
-1920
-2106
-2260
-2295
-2260
-2062
-1874
-1840
-1975
-1865
-1764
-1620
-1352
-1181
-998
-982
-893
-782
-563
-138
113
104
166
440
852
1014
1285
1511
1548
1662
1711
1682
1533
1467
1548
1526
1505
1348
1072
1032
929
726
698
542
678
878
842
693
424
217
1
-164
-342
-351
-367
-468
-396
-361
-302
-425
-558
-494
-318
-363
-562
-548
-500
-206
28
215
125
47
179
285
587
547
601
631
737
856
911
932
853
954
1001
958
772
667
584
616
579
354
91
35
1
-98
-213
-206
-530
-711
-780
-575
-585
-635
-667
-955
-971
-1061
-1116
-1180
-1049
-1045
-1017
-908
-796
-594
-732
-752
-638
-566
-207
-62
50
211
405
849
1049
1353
1579
1507
1413
1271
1306
1297
1317
1381
1363
1253
892
620
545
607
437
258
179
-53
-311
-557
-592
-687
-759
-817
-836
-919
-933
-1042
-1123
-903
-690
-426
-369
-387
-526
-525
-263
-189
-105
-190
-221
26
237
382
440
519
674
503
641
759
617
500
392
349
397
639
522
341
247
131
11
26
62
-200
-395
-240
-79
-221
-276
-291
-509
-614
-602
-481
-434
-415
-417
-365
-190
-239
-184
-9
149
319
437
601
651
648
724
838
891
1090
1033
883
810
654
644
751
899
847
537
385
352
454
392
294
267
411
575
587
673
706
637
829
893
855
698
611
581
608
557
495
512
432
468
560
771
854
648
659
911
1115
1216
1033
1059
969
929
1005
1067
1250
1143
1049
801
604
559
512
470
293
110
-122
-436
-639
-643
-782
-799
-751
-648
-726
-800
-854
-710
-663
-408
-225
-285
-310
-436
-378
-456
-386
-196
-153
-257
-302
-238
71
182
166
7
-15
-33
-158
-187
-129
32
-130
-281
-291
-210
-375
-474
-692
-871
-927
-973
-997
-1136
-1426
-1519
-1510
-1577
-1662
-1583
-1528
-1730
-1751
-1622
-1464
-1272
-1133
-1193
-990
-743
-621
-753
-751
-492
-184
-61
-41
118
177
198
325
672
839
888
744
840
871
874
834
691
624
486
488
423
386
378
207
99
174
131
112
32
-229
-400
-568
-695
-639
-560
-495
-501
-737
-816
-697
-532
-150
56
-26
40
117
302
518
562
581
665
690
732
844
711
688
775
838
767
743
654
602
572
631
646
517
455
228
43
19
24
-64
-214
-405
-575
-505
-370
-475
-639
-714
-682
-740
-647
-538
-492
-533
-716
-692
-500
-361
-307
-317
-163
-50
86
108
289
504
533
545
564
627
756
743
613
368
164
-22
-87
-171
-445
-525
-535
-450
-484
-530
-657
-531
-404
-412
-345
-391
-629
-865
-824
-805
-757
-781
-984
-1211
-1205
-894
-897
-1082
-1055
-1025
-883
-864
-758
-637
-546
-499
-484
-278
-88
-32
-18
-13
-110
-101
-108
29
195
51
-117
-199
-254
-154
-172
-189
-208
-359
-606
-740
-917
-1105
-1194
-1209
-1136
-1142
-1148
-1088
-1031
-921
-736
-442
-307
-458
-530
-479
-443
-278
-47
83
67
-11
14
168
501
628
706
763
897
1107
1151
1254
1295
1314
1234
1232
1374
1454
1343
1211
1172
1073
1176
1116
1042
875
654
562
490
590
466
511
537
490
330
57
68
24
88
-10
-112
-155
-30
122
406
629
656
689
819
1033
974
965
1144
1453
1557
1516
1562
1448
1387
1353
1379
1311
1161
1015
863
809
811
704
587
454
260
200
153
174
151
130
28
-181
-370
-577
-667
-624
-696
-675
-682
-683
-628
-625
-684
-579
-572
-535
-403
-399
-280
-379
-241
-60
47
57
34
96
347
504
479
517
560
625
669
658
616
670
550
535
514
499
208
-127
-345
-533
-522
-505
-553
-616
-767
-986
-987
-1096
-1012
-964
-930
-745
-659
-653
-706
-882
-948
-744
-377
-216
-125
-190
-210
-201
-80
-37
167
298
154
88
162
222
354
317
188
160
339
474
491
545
506
509
688
711
655
609
259
76
-121
-212
-122
-173
-341
-378
-659
-898
-881
-830
-773
-664
-675
-633
-787
-951
-1035
-1105
-1007
-861
-751
-752
-822
-972
-942
-720
-485
-320
-180
-433
-425
-163
98
246
318
390
483
546
650
509
567
771
842
973
839
795
737
703
644
710
755
741
711
631
677
543
471
318
211
117
224
259
153
77
-54
28
125
319
476
514
587
604
767
1003
955
1115
1130
1152
1030
1020
1032
969
1119
984
970
875
616
506
406
342
420
279
107
162
55
-115
-336
-607
-718
-797
-978
-1065
-1212
-1338
-1298
-1296
-1514
-1502
-1517
-1504
-1503
-1577
-1727
-1873
-1982
-1955
-1942
-1899
-1837
-1978
-1925
-1896
-1900
-1904
-1710
-1580
-1442
-1399
-1521
-1360
-1363
-1366
-1253
-1192
-1237
-1209
-1047
-1037
-1083
-1219
-1274
-1196
-1028
-980
-782
-732
-508
-578
-626
-456
-344
-326
-377
-446
-464
-418
-327
-274
-109
-120
-304
-63
88
244
298
418
544
629
787
854
857
783
853
1099
1279
1269
1265
1246
1066
962
829
1000
1115
1216
1300
1209
1149
1035
999
993
1026
987
1012
989
874
621
280
313
453
400
256
261
158
-10
-135
-83
49
47
8
-64
-103
-206
-138
-177
-200
-202
-181
-203
-140
45
75
78
147
502
595
383
265
85
51
190
157
73
-12
-65
-114
-96
-9
-135
-83
37
241
351
190
104
102
306
461
612
719
600
600
549
602
682
837
968
1138
1177
1068
1028
1171
1469
1559
1534
1398
1270
1195
1477
1684
1574
1436
1292
1243
1187
1080
1056
1021
804
605
494
566
501
318
253
192
194
152
165
181
112
13
2
-35
6
-63
-18
32
-6
-157
-199
-220
-202
-65
-352
-411
-568
-620
-556
-457
-358
-259
-411
-403
-406
-343
-219
-196
-167
-367
-421
-603
-524
-497
-511
-747
-1021
-1225
-1551
-1376
-1226
-1030
-1017
-850
-682
-725
-696
-589
-496
-361
-203
-4
97
111
211
140
139
113
88
-1
55
135
79
115
50
156
307
400
451
644
696
809
852
745
873
1103
1220
1202
1257
1143
952
907
1008
1057
913
828
654
505
547
694
721
696
610
560
471
391
569
617
752
831
791
787
610
625
538
556
729
782
703
577
387
50
5
-29
64
161
-33
-59
-196
4
124
107
143
6
6
-86
-89
-262
-449
-736
-885
-945
-1117
-1205
-1450
-1707
-1875
-1931
-1905
-1532
-1334
-1413
-1455
-1385
-1266
-1002
-980
-838
-796
-839
-885
-886
-581
-530
-309
-183
-130
-27
-175
-396
-229
-46
-17
117
162
60
97
122
158
180
43
-107
-188
-106
-73
-110
-203
-292
-388
-431
-434
-415
-274
-275
-270
-454
-657
-810
-792
-703
-618
-646
-548
-461
-306
-193
-34
120
185
107
164
202
-44
-35
-65
-3
-64
-226
-372
-429
-371
-402
-545
-587
-681
-601
-592
-542
-547
-671
-714
-678
-638
-630
-716
-787
-953
-1009
-1096
-1115
-1139
-1155
-1053
-1151
-1314
-1378
-1242
-1120
-833
-669
-582
-646
-521
-335
-167
1
207
250
381
553
746
775
835
906
1009
1187
1167
1130
1081
1126
1208
1403
1450
1404
1225
1309
1278
1203
1321
1435
1358
1307
1165
1100
1148
999
903
722
582
501
504
413
475
226
1
4
-85
-20
53
65
62
285
262
333
429
530
374
308
184
124
344
317
441
337
311
203
119
79
-5
67
66
27
-45
-40
-78
18
-38
-159
-169
-211
-332
-400
-443
-506
-541
-728
-740
-802
-856
-896
-871
-837
-829
-832
-675
-586
-423
-215
-7
113
-56
-100
-198
-178
60
233
245
188
233
333
528
789
834
862
895
882
641
521
587
609
829
997
1028
949
900
818
660
698
646
622
447
372
232
172
344
395
393
278
208
21
-153
-245
-123
-111
-52
-3
-53
-76
-162
-281
-178
-113
-152
68
9
-180
-293
-543
-494
-579
-430
-246
-255
-266
-503
-670
-648
-505
-428
-292
-360
-441
-411
-327
-302
-265
22
134
411
399
262
113
62
10
-116
-117
-63
-77
-196
-270
-160
42
8
212
196
233
70
133
150
90
232
396
483
551
550
475
305
229
416
677
836
926
890
724
647
581
612
933
1080
981
1128
1140
1098
1160
1210
1260
1399
1536
1368
978
688
302
161
267
266
206
-68
-226
-536
-639
-660
-570
-424
-556
-601
-658
-674
-764
-815
-871
-707
-876
-1043
-1130
-1394
-1572
-1571
-1529
-1477
-1261
-1176
-1200
-1303
-1287
-1299
-1191
-966
-952
-971
-938
-767
-872
-963
-934
-914
-822
-735
-525
-655
-896
-1033
-940
-831
-688
-455
-591
-627
-744
-771
-530
-546
-476
-343
-286
-268
-490
-496
-401
-435
-497
-410
-401
-351
-418
-505
-479
-357
-383
-455
-326
-166
-44
-93
-19
-185
-225
-166
-145
-14
-136
-312
-394
-516
-400
-249
35
81
-104
-294
-474
-474
-416
-231
-200
-122
-288
-502
-531
-449
-374
-410
-488
-468
-587
-623
-622
-478
-309
-380
-528
-462
-417
-348
-424
-441
-541
-629
-425
-328
-299
-507
-649
-856
-814
-770
-751
-657
-690
-768
-626
-527
-557
-480
-477
-191
73
195
74
-24
-46
-29
179
465
549
229
-46
-101
-30
32
131
166
219
238
431
569
570
743
676
718
812
822
762
614
413
262
302
260
183
29
-81
-61
20
179
357
667
830
818
718
617
612
679
686
812
999
1017
924
690
583
449
246
194
213
144
41
-285
-375
-305
-165
-115
-105
14
-63
-68
-150
-205
-63
71
267
223
285
145
-74
-199
-72
174
233
407
382
416
318
328
390
596
854
927
947
921
774
704
688
771
902
890
775
635
565
564
427
423
486
663
745
665
440
199
213
352
529
799
1036
871
681
568
508
527
539
651
715
577
472
443
479
449
612
735
794
771
772
744
586
572
712
731
673
674
653
543
406
232
266
228
235
273
131
-113
-303
-321
-309
-231
-207
-144
-126
-272
-440
-526
-547
-468
-679
-715
-656
-746
-798
-768
-768
-700
-542
-489
-277
-170
-102
-55
-100
-22
161
360
449
632
626
701
637
676
645
781
1023
967
888
753
815
848
886
940
867
709
578
443
429
318
281
284
285
290
135
51
2
-118
-180
-183
-179
-198
-301
-430
-504
-447
-327
-74
-82
70
96
93
195
137
143
106
172
298
269
386
184
-64
-116
-132
-19
2
-73
-397
-408
-405
-481
-478
-440
-392
-465
-473
-645
-849
-965
-1033
-1046
-905
-890
-863
-1016
-1331
-1424
-1366
-1202
-1011
-956
-974
-976
-925
-907
-836
-754
-808
-831
-679
-527
-639
-676
-572
-455
-448
-483
-422
-321
-281
-317
-178
-24
145
191
52
51
163
180
196
311
473
601
546
430
336
234
287
416
498
547
526
679
675
556
475
439
180
58
62
149
-11
-280
-437
-440
-366
-483
-405
-321
-400
-553
-603
-582
-518
-564
-459
-430
-553
-642
-669
-557
-526
-384
-260
-173
-247
-398
-264
-189
32
164
192
78
-65
-116
-150
-246
-378
-462
-593
-514
-692
-563
-650
-854
-967
-1060
-884
-610
-315
-344
-551
-638
-546
-407
-269
-234
-161
-301
-491
-563
-455
-386
-290
-143
-47
65
135
189
247
297
428
664
644
612
529
595
748
867
816
885
910
847
912
1067
1092
999
995
970
999
954
1035
1157
1023
794
751
812
854
851
715
611
561
672
712
799
846
869
851
764
717
634
634
482
455
201
190
237
178
157
116
223
266
445
387
410
379
365
350
568
626
561
423
250
345
381
322
390
357
278
248
203
86
-51
-133
4
135
15
-144
-177
-99
-177
-81
9
103
32
-114
-26
13
49
-3
-135
-111
59
120
122
81
-6
-7
-3
-5
-46
28
-67
39
201
291
451
512
506
596
585
687
796
767
777
702
758
558
503
513
504
343
253
275
149
215
334
555
414
171
117
96
219
107
103
238
140
38
-157
-114
-67
-64
-19
-166
-312
-506
-460
-270
-67
-75
-150
-186
-163
-135
-128
20
-54
-202
-310
-356
-287
-247
-37
-27
-175
-327
-316
-208
-228
-73
-248
-350
-461
-476
-349
-345
-256
-243
-270
-280
-296
-152
-105
-28
127
206
180
-31
-31
20
24
-31
13
-64
-169
-122
-61
64
46
-28
-134
-233
-213
-272
-154
-165
-127
80
112
133
137
233
245
471
558
499
549
418
393
208
248
332
409
434
342
356
406
344
407
585
395
303
157
115
254
293
335
355
270
-14
60
20
-247
-245
-184
-271
-479
-619
-624
-648
-724
-652
-814
-803
-951
-1020
-1078
-1188
-1172
-1254
-1207
-1309
-1348
-1344
-1273
-1181
-1155
-1181
-1341
-1126
-994
-981
-981
-1115
-1046
-1087
-834
-795
-849
-762
-775
-608
-619
-612
-589
-562
-592
-623
-557
-481
-592
-721
-578
-280
-147
-107
-79
-67
-150
-325
-302
-188
-143
-141
-78
-329
-354
-355
-117
-17
-39
-55
-366
-464
-476
-266
-46
145
108
106
108
299
355
483
476
439
367
155
233
186
168
191
229
173
28
-52
-42
-123
-155
-127
-203
-311
-402
-597
-732
-756
-767
-844
-980
-1033
-829
-700
-690
-552
-578
-605
-539
-658
-605
-590
-442
-388
-414
-475
-527
-604
-590
-547
-643
-449
-495
-422
-372
-103
106
255
446
440
686
661
704
803
934
943
870
836
636
583
471
444
503
611
734
738
728
742
760
839
935
1005
1038
988
960
1116
1072
1134
1183
1136
1152
1143
1042
1067
946
820
814
773
555
356
404
404
402
421
379
267
222
58
10
135
143
94
-76
-75
-123
-151
-128
-88
-71
-60
16
-32
-171
-166
-186
-228
-342
-558
-540
-556
-612
-604
-428
-378
-332
-368
-350
-214
-57
-25
-122
-301
-430
-437
-273
-204
-245
-289
-423
-379
-246
-69
59
83
-152
-367
-433
-221
-139
34
228
268
201
230
424
515
518
510
534
676
691
749
951
960
1044
1163
1017
928
841
702
797
910
1055
862
637
470
395
606
798
882
729
423
408
412
435
280
111
22
43
156
117
177
123
142
254
326
283
305
392
398
342
209
-2
-112
-62
58
139
155
80
-68
15
176
300
197
229
221
227
134
60
105
58
109
-7
-114
-400
-540
-423
-282
-89
198
234
206
-174
-316
-16
234
390
256
218
106
47
383
593
631
486
373
262
320
564
530
420
392
468
526
412
309
224
229
244
308
356
364
332
114
173
176
53
-269
-376
-344
-266
-154
-51
-94
-186
-170
-53
83
90
99
58
70
35
3
42
11
-183
-140
-198
-252
-199
-277
-321
-426
-371
-562
-597
-777
-822
-854
-943
-918
-831
-729
-736
-746
-694
-671
-509
-310
-192
-142
-253
-148
-182
-314
-424
-328
-61
-323
-382
-405
-505
-452
-452
-453
-403
-401
-333
-245
-267
-298
-391
-382
-459
-561
-540
-425
-456
-491
-642
-581
-681
-656
-701
-662
-525
-681
-627
-721
-603
-375
-232
-248
-267
-393
-506
-482
-397
-224
-191
-141
-88
70
-29
-2
67
111
-4
-205
-224
-197
-131
-155
29
156
68
-54
16
32
66
-10
42
59
60
-94
-219
-156
-208
-19
-33
114
187
121
98
200
290
306
213
-19
-39
-204
-219
-149
-177
-214
-412
-591
-568
-583
-514
-495
-451
-650
-582
-358
-292
-203
-126
-109
-208
-241
-144
-70
-28
-144
-342
-345
-332
-358
-378
-326
-134
20
97
44
-145
-185
66
208
100
-141
-354
-308
-254
-151
-144
-123
-372
-381
-307
-198
74
46
-54
-76
-16
-51
5
-12
-194
-331
-193
21
91
120
43
105
192
197
248
276
327
468
634
701
852
703
527
569
728
745
608
507
199
104
58
204
189
106
-44
-71
162
286
379
137
87
-21
102
197
235
97
-26
82
359
526
394
224
99
148
96
88
185
207
189
271
320
249
204
218
276
383
456
524
507
482
291
289
303
372
414
321
395
448
571
588
569
461
355
418
640
511
361
397
356
595
690
562
496
295
382
594
558
595
334
420
840
1055
891
729
707
611
599
544
531
554
409
434
393
440
479
381
370
239
146
227
300
288
267
329
341
208
115
72
114
171
226
222
48
-26
156
253
266
215
102
0
0
0
0
0
0
0
0
0
0
0
0
0
0
0
0
0
0
0
0
0
0
0
0
0
0
0
0
0
0
0
0
0
0
0
0
1
0
0
0
0
-1
0
0
0
0
0
0
0
0
0
0
0
0
0
0
0
0
0
0
0
0
0
0
0
0
0
0
0
0
1
0
0
0
0
0
0
0
0
0
0
0
0
0
0
0
0
0
0
0
0
0
0
0
0
0
1
1
0
0
0
-1
1
1
0
0
0
0
0
0
0
0
0
0
0
1
0
0
0
0
0
0
0
0
0
0
0
0
0
0
0
0
0
0
0
0
0
0
0
0
0
0
0
0
0
0
0
1
0
1
0
0
0
0
0
0
1
0
0
1
-1
0
0
0
0
0
0
0
0
0
0
0
-1
0
-1
0
0
0
0
0
-1
0
0
0
0
0
0
0
0
0
0
0
0
0
0
0
-1
0
0
0
0
0
0
1
0
0
0
0
0
0
0
0
0
0
0
0
0
0
0
1
0
1
0
0
0
0
1
0
0
0
-1
0
0
0
0
0
0
0
0
0
0
0
0
0
0
0
0
0
0
0
0
0
0
0
0
0
0
0
0
0
0
0
0
0
0
0
0
0
0
0
0
0
0
