0
0
0
0
0
0
0
0
0
0
0
0
0
0
0
0
0
0
0
0
0
0
0
0
0
0
0
0
0
0
0
0
0
0
0
0
1
0
0
0
0
-1
0
0
0
0
0
0
0
0
0
0
0
0
0
0
0
0
0
0
0
0
0
0
0
0
0
0
0
0
1
0
0
0
0
0
0
0
0
0
0
0
0
0
0
0
0
0
0
0
0
0
0
0
0
0
1
1
0
0
0
-1
1
1
0
0
0
0
0
0
0
0
0
0
0
1
0
0
0
0
0
0
0
0
0
0
0
0
0
0
0
0
0
0
0
0
0
0
0
0
0
0
0
0
0
0
0
1
0
1
0
0
0
0
0
0
1
0
0
1
-1
0
0
0
0
0
0
0
0
0
0
0
-1
0
-1
0
0
0
0
0
-1
0
0
0
0
0
0
0
0
0
0
0
0
0
0
0
-1
0
0
0
0
0
0
1
0
0
0
0
0
0
0
0
0
0
0
0
0
0
0
1
0
1
0
0
0
0
1
0
0
0
-1
0
0
0
0
0
0
0
0
0
0
0
0
0
0
0
0
0
0
0
0
0
0
0
0
0
0
0
0
0
0
0
0
0
0
0
0
0
0
0
0
0
0
260
317
417
554
607
506
536
580
542
603
474
374
289
405
414
344
217
172
123
40
59
36
24
-73
-67
-85
27
229
152
387
398
463
585
608
776
953
820
812
831
752
685
646
755
708
701
450
344
348
275
324
124
24
-170
-146
-133
-223
-251
-235
-157
-178
-175
-175
-98
-212
-40
-32
85
260
286
437
339
440
431
530
365
296
348
276
207
170
212
286
234
392
393
342
464
365
329
260
133
50
11
-3
-174
-333
-464
-602
-681
-836
-932
-1138
-1158
-1324
-1376
-1383
-1184
-1085
-1124
-1129
-828
-835
-804
-779
-923
-743
-776
-849
-736
-707
-602
-373
-340
-407
-446
-459
-549
-517
-539
-515
-452
-493
-399
-434
-399
-338
-422
-245
-302
-331
-203
-240
-222
-247
-257
-176
-114
50
36
21
56
77
174
262
298
391
376
277
214
265
417
439
423
434
420
222
105
-22
-149
-127
-108
45
92
-12
-152
-167
-106
-13
-231
-189
-114
-241
-328
-388
-299
-362
-339
-469
-553
-472
-478
-515
-762
-748
-749
-778
-694
-824
-830
-794
-828
-933
-846
-720
-633
-664
-648
-673
-783
-762
-671
-737
-889
-718
-684
-685
-673
-755
-788
-719
-736
-729
-640
-615
-443
-400
-319
-260
-294
-228
-245
-242
-363
-445
-443
-257
-211
-183
-52
55
134
156
107
144
224
71
41
32
4
-120
-187
-93
-94
-30
-273
-336
-379
-372
-318
-405
-340
-408
-383
-371
-360
-441
-536
-424
-464
-417
-62
54
149
261
379
427
342
271
226
54
-71
-70
-177
-85
-20
-9
151
24
-21
9
-105
-190
-137
-310
-238
-48
14
87
141
160
237
279
258
361
477
511
660
687
676
786
873
938
1009
802
802
720
575
675
568
497
490
444
494
472
517
323
368
516
484
571
531
581
694
741
804
801
899
916
835
638
580
538
569
584
381
224
173
253
270
275
256
346
345
281
94
-21
-80
-250
-380
-329
-257
-259
-113
-87
-24
-10
-109
-70
-247
-177
-27
-132
9
-109
18
129
-35
175
161
85
-5
-14
102
121
225
296
296
334
276
303
282
302
214
332
406
372
398
388
503
542
549
598
497
355
178
119
-31
-66
-11
-124
43
127
412
478
516
609
627
550
501
465
343
302
387
457
517
671
614
697
697
680
595
686
709
731
869
1056
1169
1264
1426
1240
1170
960
927
783
733
640
631
553
540
584
551
521
448
230
-7
30
-25
174
39
114
218
256
254
388
420
344
210
-84
-264
-437
-440
-435
-413
-460
-416
-472
-443
-458
-401
-270
-162
-207
-200
-202
-151
-82
-5
50
-47
-60
-132
-179
-347
-409
-413
-436
-685
-747
-661
-687
-705
-814
-838
-731
-576
-460
-284
-265
-233
-308
-342
-471
-619
-583
-629
-530
-482
-490
-422
-464
-424
-420
-435
-392
-491
-482
-348
-305
-266
-180
-214
-124
-69
-196
-204
-296
-337
-360
-376
-262
-9
45
151
197
-2
92
156
-6
-115
-195
-97
-156
-155
-102
1
-5
-100
-110
-142
-8
39
17
-99
-323
-467
-550
-805
-776
-812
-690
-680
-687
-415
-497
-450
-488
-545
-632
-757
-653
-618
-550
-572
-507
-457
-484
-437
-359
-258
-205
-302
-227
-16
-16
37
153
42
94
-27
-242
-131
-72
158
234
387
384
291
172
89
144
102
154
272
279
199
244
277
372
359
443
470
448
508
357
152
-2
-19
-1
-131
-180
-153
-141
-166
-92
37
240
456
479
545
408
211
29
-55
-60
-180
-54
-177
-158
-292
-326
-280
-411
-435
-580
-538
-778
-724
-775
-574
-536
-525
-466
-441
-379
-424
-301
-159
-32
49
151
95
293
408
373
424
395
310
329
407
442
681
863
1003
957
849
598
597
662
676
822
924
925
1008
1031
959
872
678
668
392
365
558
435
371
488
420
489
499
402
430
679
834
909
952
1057
1024
1037
1094
1194
1278
989
947
796
728
865
886
730
703
679
937
1008
1057
956
825
717
651
811
656
617
489
328
128
215
345
502
529
542
612
580
599
504
371
431
524
529
585
453
387
302
106
-106
-372
-418
-480
-477
-557
-478
-303
-175
-118
-159
-151
-133
-58
21
68
59
138
323
432
353
498
632
636
628
608
743
780
932
1024
1103
1144
1091
1060
977
984
920
936
776
570
512
474
395
392
234
-50
-344
-531
-527
-462
-429
-387
-399
-455
-637
-531
-601
-609
-696
-685
-472
-424
-115
-151
-97
-90
-187
-210
-213
-174
-230
-318
-414
-527
-603
-521
-591
-506
-550
-575
-463
-505
-504
-680
-715
-660
-577
-514
-376
-333
-240
-174
-233
-249
-248
-155
-201
-178
-191
-269
-212
-279
-78
-91
-282
-180
-180
-245
-307
-225
-319
-447
-395
-385
-436
-535
-523
-587
-826
-687
-775
-829
-649
-603
-452
-312
-286
-155
-210
-287
-346
-523
-680
-822
-829
-702
-755
-797
-839
-864
-858
-687
-642
-568
-408
-342
-225
-183
-100
-202
-142
-163
-147
-315
-343
-340
-352
-390
-280
-157
-51
-32
-100
-134
-225
-106
-147
-160
-41
20
-10
110
90
229
323
259
242
105
185
203
94
35
36
-19
-132
-118
-59
-1
261
362
256
290
360
248
230
189
239
205
206
290
193
233
41
-166
-53
-133
-124
-143
-59
-53
-35
34
168
325
315
255
325
357
319
406
299
188
210
221
-39
-89
-147
-157
-200
-179
-149
-58
82
134
285
403
404
573
617
645
645
491
482
358
486
552
578
553
332
256
204
188
68
57
39
-49
-105
-215
-227
-289
-263
-46
107
123
118
55
77
131
-16
-8
26
62
-13
-184
-196
-235
-104
-32
-104
-225
-201
-312
-424
-424
-515
-408
-426
-389
-355
-386
-402
-279
-318
-413
-504
-524
-537
-628
-588
-635
-667
-729
-501
-274
-127
-96
-99
-143
-212
-66
95
279
288
318
229
194
145
81
58
26
171
129
65
39
114
162
70
97
3
14
-32
-60
-188
17
80
41
130
188
211
196
248
219
356
344
446
513
527
617
652
757
861
1007
1192
1152
1141
1091
984
886
791
760
593
465
272
151
257
25
-134
-274
-166
-126
-189
-141
-376
-482
-695
-844
-802
-799
-689
-688
-765
-743
-673
-555
-548
-367
-289
-243
-151
20
167
134
104
197
48
81
149
-47
123
46
79
-49
-153
-19
-214
-229
-248
-233
-224
-329
-177
-182
-141
-141
-71
125
89
170
278
257
214
343
373
451
580
580
588
651
602
476
418
224
212
168
190
94
-209
-135
-81
-233
-190
-266
-284
-214
-378
-327
-525
-649
-649
-733
-738
-803
-721
-710
-858
-920
-985
-1012
-1035
-1032
-888
-883
-863
-865
-746
-804
-862
-828
-794
-591
-681
-655
-695
-701
-685
-718
-624
-574
-502
-449
-367
-279
-200
-28
7
18
-57
-74
-145
13
136
85
71
-93
-81
-266
-336
-513
-584
-649
-621
-633
-665
-538
-513
-558
-600
-494
-663
-575
-558
-480
-439
-488
-384
-479
-380
-409
-441
-558
-731
-818
-900
-1100
-1136
-1082
-1079
-1180
-1304
-1388
-1460
-1384
-1462
-1374
-1261
-1275
-1136
-933
-908
-851
-752
-628
-569
-536
-460
-316
-164
-222
-5
-88
-52
-220
-417
-411
-446
-428
-348
-287
-329
-231
-249
-188
-198
-135
-118
-286
-266
-287
-125
18
14
-126
-200
-305
-370
-263
-406
-210
-142
-61
-51
-13
-1
-63
-33
-118
-151
-86
169
55
169
215
198
100
91
170
32
5
26
32
-115
103
118
61
72
-80
-35
-161
-281
-226
-151
-91
-44
-141
10
-146
-127
-64
-143
-90
-6
-1
-83
100
82
47
-38
-251
-440
-404
-375
-388
-454
-464
-532
-579
-558
-386
-241
-169
-76
-126
-132
-10
213
209
293
318
298
353
328
215
170
163
213
260
211
149
70
87
113
178
301
310
404
444
521
707
645
769
754
737
743
529
507
495
399
410
344
290
313
360
313
-8
-59
-121
-195
-336
-545
-354
-386
-429
-467
-453
-342
-280
4
172
342
435
459
357
590
553
497
449
246
268
230
273
227
213
147
199
-47
-70
-97
-15
109
135
159
235
354
286
346
350
301
338
315
256
261
240
250
122
176
36
88
-78
-139
-223
-264
-265
-262
-255
-207
-170
-225
-120
-185
5
-4
97
164
90
46
147
189
274
343
224
111
92
-61
-50
75
92
69
123
87
-109
-144
-359
-476
-431
-376
-390
-419
-355
-295
-267
-252
-289
-317
-348
-291
-187
-112
24
292
295
251
278
263
305
282
259
65
75
7
47
51
166
279
301
384
347
304
161
159
135
208
125
196
158
125
105
164
223
311
282
402
456
531
730
651
849
912
1024
948
911
889
625
406
363
344
336
439
472
280
203
151
218
124
47
13
28
-35
-79
-173
-311
-267
-174
-37
61
-65
-15
-55
-119
-27
-60
-152
-314
-253
-411
-405
-335
-284
-273
-438
-367
-341
-287
-242
-267
-121
-47
-21
44
104
246
314
198
381
337
290
280
244
200
107
32
-82
43
54
80
15
19
17
-110
-256
-295
-407
-297
-216
-202
-253
-324
-284
-132
-165
-137
-97
-279
-307
-364
-366
-487
-483
-652
-818
-796
-983
-1140
-1317
-1160
-1051
-1112
-963
-1139
-986
-878
-809
-705
-608
-475
-349
-332
-272
-231
-359
-359
-362
-362
-351
-321
-238
-9
147
120
252
161
204
215
111
164
208
344
303
434
553
579
499
336
326
265
222
309
145
113
110
32
21
79
31
-56
3
144
204
233
220
323
273
75
-2
-197
-318
-385
-452
-600
-592
-618
-713
-710
-647
-578
-543
-732
-732
-525
-380
-300
-277
-370
-422
-414
-457
-448
-306
-164
-42
13
-21
81
-10
95
89
43
-149
-272
-212
-244
-105
-20
-13
126
199
327
448
449
430
329
385
285
473
615
666
704
655
597
680
799
1035
992
744
783
783
872
804
648
585
468
124
-165
-260
-263
-64
82
66
113
113
211
284
385
428
556
435
429
533
321
494
599
472
380
171
50
-65
-72
-160
-320
-311
-574
-535
-429
-336
-237
-153
-119
-68
-126
-246
-105
-190
-199
-175
-76
21
258
582
880
1120
1081
1096
951
873
931
888
879
816
905
997
1021
1085
957
938
871
689
759
986
1045
1104
1122
965
953
1045
1081
1096
1002
1013
1001
1001
1042
1126
1172
1260
1228
1283
1402
1448
1490
1415
1409
1154
1076
969
838
878
770
789
894
899
980
1183
1178
1203
1151
1012
916
829
856
667
804
733
789
770
820
903
821
683
630
509
385
439
327
384
349
266
285
88
-20
-134
-312
-304
-291
-169
-201
-185
-186
-205
-73
18
96
223
208
225
334
357
425
411
563
540
561
565
489
352
166
186
79
-2
-118
-161
-255
-374
-423
-354
-338
-331
-309
-348
-390
-386
-383
-495
-535
-466
-399
-500
-564
-824
-788
-757
-925
-849
-870
-984
-1122
-1103
-1127
-1137
-1043
-1067
-1029
-992
-887
-862
-925
-811
-914
-1027
-807
-826
-791
-763
-934
-923
-1014
-1096
-1011
-918
-723
-709
-799
-891
-981
-1035
-917
-730
-807
-679
-655
-641
-423
-373
-295
-267
-341
-402
-286
-202
-238
-98
97
7
-99
-122
-23
-90
-209
-272
-402
-360
-267
-315
-244
-158
-138
-30
-87
-96
-268
-333
-356
-284
-82
45
300
323
285
362
461
476
409
386
410
421
528
609
619
565
490
326
136
-142
-307
-375
-370
-364
-375
-367
-284
-303
-274
-362
-244
-31
161
357
484
591
577
779
876
986
1143
1170
1200
1139
1220
1205
1193
1230
1200
1187
995
882
831
753
744
848
796
628
526
404
391
225
73
-96
-241
-237
-285
-273
-121
-139
-44
-94
-183
-322
-426
-238
-184
-121
-1
-1
-62
-213
-323
-511
-427
-438
-382
-394
-562
-611
-483
-348
-446
-346
-424
-453
-506
-455
-446
-267
-166
-105
-150
-222
-333
-446
-401
-523
-537
-529
-480
-554
-343
-231
-75
110
-83
-40
-41
123
226
381
490
418
421
271
318
279
312
369
436
459
675
815
734
711
695
650
788
708
625
583
494
571
486
470
504
346
54
-97
-122
-268
-184
-73
28
-66
-193
-244
-385
-391
-410
-334
-340
-241
-102
-100
33
-100
-103
-42
-173
-107
-113
-130
-122
-75
17
39
39
92
168
179
156
120
188
306
505
595
591
673
674
589
569
572
789
960
976
1196
1131
1145
1126
1033
1211
1142
1123
1144
1135
1108
1068
1004
846
808
618
442
412
388
430
320
362
279
306
404
387
325
298
368
70
111
269
241
360
406
425
238
173
-44
-198
-117
-234
-253
-231
-149
15
22
90
-24
-91
-61
-194
-62
29
69
66
24
55
45
-115
-242
-202
-168
-107
-96
-95
-62
-23
9
64
142
85
154
119
28
74
110
-16
-94
-8
-153
-111
-202
-215
-194
-224
-154
-145
-397
-383
-350
-392
-365
-482
-595
-594
-642
-704
-617
-654
-692
-604
-733
-587
-490
-583
-434
-528
-552
-362
-276
-353
-374
-272
-251
-363
-354
-566
-636
-674
-824
-879
-936
-792
-936
-892
-894
-1056
-1124
-1054
-1044
-925
-959
-774
-847
-931
-695
-533
-361
-318
-234
-108
7
-93
-105
-108
-165
-188
-206
-190
-200
-185
-69
-19
-211
-183
-221
-134
-88
-193
-1
113
307
328
215
233
176
149
279
47
53
119
-70
-86
-149
-268
-243
-301
-307
-303
-350
-287
-249
-162
-161
-204
-108
-141
-311
-287
-316
-154
-202
-152
-17
54
190
287
362
376
335
398
391
300
245
51
29
-100
-163
-64
-207
-381
-515
-561
-586
-443
-490
-629
-529
-408
-323
-192
-279
-280
-256
-346
-279
-350
-433
-407
-431
-460
-482
-564
-568
-564
-642
-579
-545
-556
-586
-607
-683
-599
-446
-406
-187
-16
57
127
224
185
249
251
233
104
208
354
297
362
315
248
60
-4
7
-72
-104
-211
-266
-287
-349
-481
-466
-541
-719
-809
-939
-917
-1038
-828
-782
-949
-861
-913
-900
-927
-873
-899
-745
-593
-523
-362
-427
-396
-275
-71
-162
-9
50
-25
72
112
258
302
309
317
196
230
353
449
557
776
882
1037
1230
1332
1366
1408
1522
1426
1345
1480
1782
1827
1901
2025
1996
1787
1651
1449
1181
1270
1122
1241
1218
1151
1051
926
834
780
744
699
551
492
423
203
147
75
124
166
131
173
86
-68
-119
-174
-176
-306
-426
-528
-608
-539
-513
-427
-658
-831
-898
-918
-1103
-1216
-1306
-1174
-1024
-904
-836
-801
-648
-691
-618
-539
-676
-700
-672
-742
-689
-532
-438
-225
-123
-173
-141
-8
161
363
518
446
219
242
243
324
394
589
781
876
997
936
1017
969
945
1028
991
955
821
671
633
594
513
534
360
247
342
265
319
269
133
86
132
32
88
119
64
-96
-219
-464
-563
-687
-686
-530
-693
-610
-233
73
-334
-159
-46
-62
-26
-54
15
-134
130
-159
-503
-420
-342
-444
-328
-396
-340
-286
-232
-23
-110
-21
-33
-117
-90
-179
55
185
218
341
385
506
641
439
565
595
343
307
50
-115
-197
-458
-576
-652
-559
-458
-357
-161
29
73
229
274
310
209
92
19
86
120
177
308
186
428
549
521
695
783
714
608
584
586
641
515
377
405
391
346
233
336
253
206
136
137
20
86
45
-118
50
-157
-231
-322
-296
-253
-240
-301
-274
-269
-335
-372
-302
-246
-296
-325
-221
-212
-290
-200
-398
-336
-317
-315
-291
-192
-151
-149
-119
-90
41
-133
-118
-177
-310
-462
-359
-317
-283
-455
-478
-484
-764
-805
-909
-1006
-1137
-1209
-1143
-1122
-1387
-1390
-1343
-1442
-1488
-1687
-1773
-1955
-2127
-2172
-2082
-1913
-1638
-1348
-1167
-1066
-942
-754
-691
-519
-568
-559
-340
-475
-461
-531
-623
-774
-1027
-1006
-1155
-1269
-1220
-1342
-1286
-1193
-1192
-1162
-1248
-1286
-1349
-1298
-1053
-891
-843
-905
-748
-798
-838
-720
-704
-644
-664
-455
-498
-501
-486
-551
-606
-670
-694
-679
-635
-600
-819
-657
-669
-767
-752
-711
-517
-334
-253
-167
-11
212
369
308
386
494
621
730
918
907
947
1139
1063
1195
1281
1381
1616
1688
1733
1802
1746
1732
1753
1580
1394
1427
1379
1397
1496
1512
1688
1668
1744
1705
1769
1913
1897
1809
1677
1625
1580
1489
1604
1668
1521
1572
1485
1483
1374
1280
1240
1043
922
874
926
795
862
783
796
657
530
418
367
427
477
402
558
848
868
890
804
760
724
571
620
681
671
830
746
685
655
615
570
519
470
561
452
439
367
88
-55
-138
-284
-109
53
-1
181
150
116
20
78
126
254
250
182
219
171
145
172
257
246
217
175
74
17
111
131
-52
-3
35
-2
141
73
117
182
150
258
180
168
249
299
349
580
526
500
421
305
163
-12
-236
-393
-389
-406
-396
-387
-376
-333
-155
-159
-145
-116
-46
-115
-110
10
0
49
-52
-98
55
131
125
256
282
175
163
-3
-89
-16
63
140
237
261
144
216
136
77
122
69
-56
-144
-203
-177
-300
-380
-305
-362
-281
-271
-339
-318
-419
-430
-336
-369
-300
-227
-298
-258
-276
-151
-118
-275
-279
-322
-306
-276
-363
-331
-278
-346
-314
-417
-470
-643
-681
-674
-717
-701
-673
-704
-673
-673
-666
-695
-777
-756
-701
-630
-681
-548
-477
-547
-434
-413
-384
-320
-264
-225
-253
-326
-436
-644
-814
-856
-938
-882
-786
-735
-761
-545
-445
-506
-271
-317
-348
-300
-302
-239
-172
-178
-154
-10
-178
-108
-180
-311
-214
-338
-377
-315
-191
-99
-45
53
128
313
403
450
438
350
374
468
546
537
577
578
482
311
211
106
-75
-216
-212
-143
-151
-138
-218
-147
2
33
-110
17
25
19
45
-40
-35
-120
-152
-247
-220
-44
-19
182
298
333
190
-7
-32
36
-107
-33
-79
-92
60
-12
54
127
183
99
204
38
-100
16
3
22
64
49
93
55
126
221
182
193
102
174
259
217
126
-56
-122
-36
-151
-148
-172
-147
-273
-248
-136
-79
-25
-12
63
173
295
355
329
365
238
301
458
219
121
14
-63
-39
45
-7
40
202
317
355
400
424
545
352
363
281
198
210
256
274
177
144
117
130
104
216
389
347
456
562
759
862
978
1084
1068
1072
900
1004
1070
1122
1008
957
1042
962
845
828
783
840
906
967
941
1010
936
930
904
676
786
776
801
798
1001
1082
960
1006
902
815
693
514
462
374
260
113
-134
-313
-378
-353
-434
-526
-515
-490
-500
-572
-544
-498
-422
-209
-198
-153
-271
-216
-205
-371
-153
-156
-29
-29
-105
-17
-77
-26
-112
-131
-197
-206
-151
-86
-85
-62
28
-173
-104
-202
-190
-249
-310
-330
-219
-224
-239
-158
-115
22
-56
38
146
-88
-108
-100
-107
5
-25
49
67
151
-38
-47
102
-15
7
-30
0
76
55
-4
-54
16
140
91
7
-129
-274
-204
-140
-181
-199
-331
-351
-587
-686
-675
-760
-670
-707
-662
-491
-312
-303
-173
-135
-46
78
216
467
538
580
739
787
779
862
822
722
781
756
724
737
681
739
666
613
531
438
423
461
278
165
132
-79
-146
-299
-230
-160
-231
-323
-170
-180
-138
-358
-502
-368
-408
-321
-205
-171
-169
-241
-303
-263
-260
-325
-255
-295
-290
-268
-355
-403
-456
-383
-412
-322
-245
-338
-377
-317
-500
-525
-612
-576
-536
-492
-484
-275
-87
-110
-68
-175
-157
-235
-365
-336
-351
-576
-637
-729
-840
-950
-1041
-934
-964
-885
-746
-822
-694
-654
-758
-785
-1013
-1022
-888
-815
-774
-882
-1030
-1019
-1099
-1034
-879
-923
-887
-796
-747
-707
-755
-985
-991
-948
-1012
-1031
-828
-644
-571
-546
-346
-293
-202
-29
32
-16
17
46
48
206
209
230
214
173
182
81
2
48
72
-96
-108
-265
-294
-306
-403
-421
-290
-211
-263
-253
-401
-404
-401
-383
-410
-451
-302
-324
-295
-428
-353
-339
-357
-212
-275
-127
-78
-49
74
48
257
320
288
151
62
71
-40
-113
-114
-202
-269
-316
-503
-471
-455
-313
-121
-105
-119
75
108
81
256
356
516
473
601
495
447
558
476
474
316
361
162
268
375
285
319
353
308
260
238
188
182
113
198
229
171
98
199
53
-11
71
55
158
137
118
95
63
45
71
49
133
80
114
105
136
331
321
367
371
274
179
220
140
125
149
203
37
-91
16
22
31
-60
-101
-223
-292
-380
-247
-292
-340
-253
-249
-69
74
72
56
227
170
264
267
343
418
343
433
528
493
511
581
660
665
742
715
567
642
661
735
519
707
841
741
880
920
928
871
678
527
466
456
446
368
431
598
629
580
466
457
271
86
165
159
164
107
178
304
165
114
149
180
365
441
542
853
879
881
880
753
624
478
336
101
103
67
72
142
90
81
102
324
333
300
367
291
332
301
204
192
330
398
449
532
398
341
204
175
194
263
364
460
460
487
489
329
303
302
426
272
350
343
187
375
336
363
252
215
114
88
175
199
153
126
81
7
-62
-272
-422
-295
-258
-312
-182
-250
-185
-213
-236
-242
-345
-197
-70
94
281
258
220
91
-32
64
9
-51
4
-45
-46
-88
-126
-102
-260
-485
-597
-648
-642
-707
-735
-753
-805
-896
-866
-711
-598
-535
-637
-556
-659
-589
-689
-714
-546
-531
-415
-340
-265
-351
-339
-519
-529
-561
-452
-347
-419
-279
-226
-232
-266
-440
-522
-627
-590
-408
-403
-408
-570
-508
-431
-503
-549
-608
-600
-727
-926
-791
-659
-606
-506
-367
-263
-160
-47
22
131
177
172
313
329
231
122
-27
-91
-233
-362
-388
-626
-707
-725
-922
-953
-879
-879
-846
-783
-915
-1026
-1179
-1292
-1355
-1400
-1353
-1323
-1406
-1381
-1239
-1194
-1241
-1106
-1177
-1036
-982
-1044
-933
-918
-819
-849
-754
-737
-689
-665
-776
-764
-881
-784
-735
-532
-501
-426
-304
-263
-130
-195
-278
-299
-284
-330
-201
-50
36
207
106
157
224
311
530
429
476
465
644
843
887
996
1033
1103
994
902
885
812
790
784
749
767
784
690
601
549
573
551
444
377
370
279
143
82
4
37
24
104
45
86
220
346
510
515
454
571
566
590
628
723
747
627
801
852
993
892
1001
890
595
392
211
159
76
91
84
94
163
192
38
-156
-250
-270
-224
-247
-259
-114
-108
-14
75
189
319
375
476
491
385
411
476
515
660
716
788
696
698
623
684
634
591
475
351
376
262
288
272
279
330
270
230
129
-39
-143
-160
-296
-275
-391
-297
-208
-287
-200
-185
-80
-60
-58
-10
4
-80
-126
-36
-75
66
171
244
486
649
628
767
941
892
833
887
717
584
502
397
267
352
343
325
340
262
292
139
43
-6
-39
-90
17
70
197
251
255
405
384
191
161
19
80
184
114
174
253
332
318
417
378
470
484
490
366
495
582
622
801
849
721
599
598
388
284
172
109
-6
-113
-44
5
141
268
361
476
614
840
773
790
674
582
593
530
539
608
578
535
393
351
462
461
559
443
226
162
22
-20
-77
-168
-154
-184
-199
-320
-230
-273
-325
-291
-517
-678
-778
-808
-743
-534
-495
-486
-443
-395
-356
-292
-214
-260
-162
-320
-439
-296
-156
12
57
22
112
160
88
37
-16
-96
-237
-190
-169
2
152
184
317
114
135
115
45
-130
-123
-97
-52
75
76
226
144
63
-35
-38
17
233
247
319
441
420
393
506
494
500
483
432
383
405
420
301
366
351
223
182
50
41
58
-26
39
14
-49
-128
-137
-219
-360
-508
-797
-845
-799
-877
-781
-697
-632
-737
-712
-831
-1039
-1088
-1136
-1150
-1224
-1188
-1166
-1087
-1062
-1026
-995
-1040
-1037
-921
-941
-1006
-1052
-1133
-1317
-1359
-1378
-1533
-1484
-1527
-1484
-1414
-1348
-1164
-1152
-957
-968
-899
-674
-661
-499
-279
-240
-280
-182
-285
-304
-202
-303
-307
-259
-209
-310
-368
-209
-337
-335
-141
-195
-103
-201
-93
-127
-142
-114
-119
-72
6
-27
126
224
120
309
216
187
133
-34
-112
-140
-66
84
213
144
173
70
39
-35
-42
-158
-246
-393
-599
-558
-717
-712
-712
-793
-772
-736
-693
-554
-527
-440
-550
-542
-479
-514
-448
-470
-350
-414
-549
-602
-692
-757
-722
-528
-628
-493
-371
-264
-186
-210
1
57
59
104
212
238
296
398
434
303
387
497
466
461
511
553
466
446
184
113
105
233
478
564
615
534
582
600
543
648
668
701
694
550
388
132
190
107
20
-36
-85
-91
-281
-238
-194
-120
-82
12
-63
-74
149
33
160
346
371
473
365
378
305
197
124
-27
37
116
229
377
473
769
834
766
808
874
731
663
676
667
731
822
932
966
921
938
1014
883
928
985
1066
1109
1233
1401
1497
1606
1625
1963
1977
2085
1973
1660
1506
1471
1443
1493
1640
1710
1752
1627
1434
1321
1321
1291
1108
998
1050
1027
1071
1049
975
962
791
704
449
410
180
8
161
150
216
172
150
213
165
124
44
92
121
88
193
199
104
48
-11
-56
-145
-294
-269
-303
-412
-559
-560
-629
-745
-854
-882
-790
-833
-748
-733
-683
-384
-163
-119
-188
-304
-165
-201
-259
-454
-643
-626
-582
-493
-348
-436
-475
-537
-544
-529
-595
-628
-778
-684
-617
-571
-543
-530
-613
-510
-537
-650
-722
-767
-804
-777
-614
-683
-683
-697
-841
-806
-1002
-991
-925
-932
-844
-869
-852
-1033
-1022
-969
-1043
-1126
-1103
-940
-1068
-979
-1000
-1021
-860
-856
-855
-815
-863
-1060
-1090
-1140
-1261
-1310
-1397
-1312
-1267
-1145
-1226
-1367
-1476
-1523
-1564
-1608
-1652
-1485
-1460
-1514
-1434
-1415
-1362
-1449
-1561
-1511
-1524
-1438
-1367
-1335
-1217
-1203
-1124
-1226
-1158
-1295
-1269
-1241
-1261
-1199
-1290
-1211
-1081
-972
-985
-950
-812
-774
-736
-743
-835
-723
-705
-641
-589
-667
-548
-408
-408
-326
-270
-165
142
335
384
466
586
592
566
569
490
415
567
542
449
604
540
499
553
476
471
352
284
539
487
652
753
805
881
839
894
825
754
601
706
702
830
845
1004
1095
1164
1246
1281
1579
1608
1757
1741
1697
1748
1793
1735
1832
1838
1761
1712
1550
1515
1219
1068
1103
1024
1044
983
927
819
872
820
710
741
782
836
854
1010
939
921
853
691
680
655
553
460
205
123
195
155
293
186
107
123
-1
-110
-289
-242
-393
-512
-448
-667
-608
-703
-840
-861
-1053
-1087
-1145
-1249
-1163
-1018
-1017
-825
-801
-767
-691
-805
-723
-745
-963
-828
-735
-837
-692
-653
-587
-552
-492
-544
-528
-651
-660
-657
-548
-407
-504
-415
-411
-336
-302
-266
-116
-92
35
103
230
124
192
210
274
399
405
459
514
666
683
736
805
828
855
915
1017
974
977
1058
1101
1152
937
930
931
1043
1041
1241
1520
1451
1518
1519
1481
1579
1548
1633
1759
1726
1765
1810
1881
1705
1408
1392
1258
1054
992
712
524
397
126
52
-84
-252
-290
-131
-16
30
133
167
387
583
622
722
732
798
711
753
692
593
466
326
221
-11
-29
-146
-328
-345
-428
-558
-560
-549
-498
-441
-493
-493
-589
-452
-382
-456
-349
-530
-666
-679
-565
-735
-803
-666
-803
-888
-960
-837
-767
-776
-792
-800
-785
-867
-1024
-1120
-1020
-882
-831
-730
-697
-651
-556
-520
-341
-338
-243
-186
-200
-124
-161
-70
-157
-144
-175
-266
-234
-240
-342
-427
-360
-318
-379
-529
-522
-640
-591
-324
-259
-82
170
288
263
224
263
197
197
265
376
374
411
500
432
415
432
333
383
221
214
213
171
335
277
231
142
-1
-130
-268
-370
-522
-708
-855
-916
-872
-731
-505
-395
-433
-367
-245
-255
-162
-90
-66
-47
-40
-7
-59
22
-11
-162
-153
-277
-319
-505
-563
-572
-637
-476
-539
-736
-704
-807
-824
-783
-729
-675
-602
-429
-532
-430
-413
-330
-331
-336
-299
-206
-392
-417
-428
-371
-287
-209
-250
-279
-187
-221
-172
-266
-221
-226
-281
-372
-377
-419
-327
-330
-185
-265
-298
-276
-405
-294
-136
-68
-22
105
131
77
-26
-38
45
59
22
165
225
399
363
406
394
466
540
500
471
410
459
287
205
32
13
7
177
224
368
273
203
186
69
210
161
246
178
275
103
-16
-36
-169
-186
-312
-381
-285
-329
-442
-500
-453
-355
-348
-327
-259
-53
-112
-46
-160
-130
-191
-154
-57
-100
15
66
-17
28
56
91
153
150
187
5
83
208
259
216
168
256
42
39
14
-22
16
-87
32
21
46
54
121
263
463
576
686
751
942
917
844
809
633
556
513
666
797
829
844
833
764
681
589
538
433
606
809
973
984
1017
943
926
1047
1086
1223
1173
1124
1019
902
925
770
702
516
431
497
531
626
640
700
634
660
701
592
712
774
763
831
872
783
564
603
579
560
587
474
441
332
197
96
129
191
50
114
128
236
319
342
326
261
259
212
147
77
218
246
199
291
206
192
199
107
162
273
421
501
600
633
693
574
493
404
280
250
206
153
170
-8
-72
-40
-114
-124
-177
-133
-194
-116
-120
15
-176
-110
-78
-92
7
-40
55
-37
-83
-192
-194
-169
-177
-88
-18
-25
-6
-138
-231
-355
-401
-502
-561
-666
-524
-497
-437
-258
-159
-202
-325
-272
-388
-300
-242
-176
-233
-322
-276
-197
-285
-153
-195
-71
-90
41
113
111
160
39
11
-82
16
48
162
99
168
-21
-45
-146
-293
-159
-185
43
43
121
92
16
46
53
-104
-58
-80
-256
-119
-189
-215
-100
-109
-112
-39
42
102
15
-12
-143
-248
-150
-304
-149
73
-7
-59
-139
22
-161
-235
-282
-276
-369
-491
-293
-389
-335
-247
-192
-298
-342
-277
-229
-74
-43
-22
-106
-269
-330
-279
-416
-379
-381
-447
-341
-471
-377
-462
-501
-551
-500
-333
-114
-99
-55
78
29
139
228
203
115
-47
-157
-342
-247
-98
-80
15
100
78
62
15
-111
-200
-185
-161
-160
-233
-141
22
144
266
358
295
205
140
-98
-59
75
-157
-30
191
224
432
532
604
635
470
349
293
188
131
68
-190
-242
-180
-171
-356
-493
-414
-417
-355
-511
-720
-600
-598
-568
-668
-781
-781
-778
-824
-749
-881
-872
-793
-778
-628
-471
-271
-408
-312
-172
-308
-278
-313
-262
-359
-398
-369
-425
-473
-517
-570
-548
-597
-654
-615
-627
-596
-662
-750
-683
-779
-698
-675
-555
-411
-389
-295
-331
-196
-248
-205
-177
-74
-70
-37
-37
-157
-98
-46
132
256
218
199
249
187
161
9
-120
-470
-592
-495
-515
-393
-275
-227
-320
-141
-110
-70
117
303
512
828
1069
992
1038
996
1015
901
849
706
696
689
692
809
863
912
997
1001
1017
1096
1086
1054
1058
1118
1041
1210
1262
1235
1252
1308
1222
1248
1248
1137
1111
1053
1088
1194
1160
1262
1208
1047
1111
941
748
671
578
558
347
266
350
342
200
217
240
221
375
359
292
350
579
593
602
757
719
673
538
624
709
722
701
628
657
563
403
250
238
261
215
327
282
305
182
219
415
438
496
501
430
405
271
322
289
137
-15
-166
-46
-133
-231
-198
-227
-182
-90
22
202
288
374
443
396
397
400
373
434
505
526
521
418
396
210
64
-52
-123
-254
-307
-337
-256
-83
-175
-91
5
-98
-69
22
100
156
29
153
172
143
263
221
351
375
421
449
233
30
-44
-117
-366
-272
-447
-500
-488
-539
-473
-487
-437
-398
-284
-151
-41
128
148
177
92
-18
-35
71
324
419
455
535
616
653
588
494
495
402
327
256
172
166
186
200
-66
-4
-149
-42
25
-61
116
206
298
240
239
159
169
76
178
84
-42
-70
-44
-72
-129
-218
-350
-250
-309
-317
-328
-366
-295
-252
-268
-236
-161
-117
-172
-72
-5
-87
-141
-245
-494
-691
-736
-917
-917
-905
-910
-697
-599
-623
-513
-653
-755
-659
-757
-805
-789
-678
-694
-781
-758
-755
-779
-724
-640
-695
-660
-721
-668
-799
-897
-937
-1119
-1131
-1026
-1046
-1168
-1136
-1184
-1243
-1222
-1097
-1016
-1047
-1027
-1035
-943
-1057
-1039
-1109
-1217
-955
-1021
-1095
-1050
-849
-813
-892
-931
-904
-909
-943
-889
-898
-904
-782
-587
-677
-589
-378
-357
-389
-333
-392
-429
-263
-234
-386
-346
-406
-422
-433
-563
-471
-595
-478
-274
-218
-217
-374
-390
-373
-290
-409
-406
-296
-99
-170
-92
-37
-36
-1
-7
43
-13
14
88
219
271
277
314
282
165
226
112
12
39
97
143
192
246
297
288
203
203
125
198
246
259
269
480
606
758
895
797
864
763
769
779
917
872
991
1038
1107
1127
983
961
910
911
913
895
992
1152
1037
1027
1000
945
926
948
802
907
1080
1058
1206
1205
1194
1249
1232
1265
1325
1285
1403
1467
1658
1797
1711
1610
1606
1500
1291
1195
1077
1003
898
853
932
1015
1073
1025
1091
1113
1062
981
929
782
709
585
483
567
402
534
451
477
472
335
254
95
55
42
79
-17
-143
-86
-62
-75
-29
-126
11
61
-126
-224
-309
-218
-282
-249
-261
-286
-334
-373
-406
-545
-600
-707
-907
-862
-777
-826
-659
-550
-577
-729
-776
-844
-1025
-1052
-1126
-1257
-1230
-1131
-914
-658
-600
-594
-582
-567
-627
-650
-574
-705
-613
-704
-734
-772
-737
-734
-708
-484
-477
-445
-580
-556
-497
-523
-622
-578
-600
-687
-576
-581
-511
-441
-562
-409
-387
-337
-376
-299
-278
-196
-162
-263
-278
-481
-528
-408
-367
-356
-501
-664
-698
-763
-744
-728
-747
-610
-707
-755
-475
-545
-593
-548
-646
-584
-561
-412
-438
-403
-462
-463
-474
-547
-393
-395
-410
-317
-422
-414
-430
-415
-224
-133
-196
-294
-96
-51
-51
-197
-277
-381
-444
-482
-460
-459
-566
-568
-536
-533
-632
-418
-376
-194
-109
-78
-194
-396
-491
-616
-585
-773
-940
-988
-986
-1065
-962
-979
-950
-1074
-1163
-1119
-1315
-1193
-1367
-1312
-1328
-1426
-1328
-1241
-1138
-1246
-1135
-1213
-1144
-1022
-1123
-1027
-1012
-1075
-1151
-1126
-1136
-1131
-1106
-892
-821
-775
-911
-915
-885
-875
-767
-736
-656
-690
-504
-454
-451
-241
-87
15
119
166
170
264
372
355
371
516
301
310
219
80
160
146
242
288
242
246
176
70
38
286
83
500
277
1314
1739
2687
3699
3663
4625
3299
3604
2343
1766
1302
888
936
1457
1771
2290
2647
2227
2825
2341
2148
2006
1665
1821
2219
2499
2647
2433
2536
2529
2149
2084
2713
3678
4193
2755
1616
679
1669
1753
1404
2094
1392
17
-926
-2408
-3277
-2885
-4709
-4396
-3891
-3012
-781
-667
-141
494
233
204
-1007
-2368
-2207
-1328
-1729
-581
-1411
-1311
-845
-1933
-1074
-1337
-2330
-2343
-2526
-2958
-2688
-3516
-3278
-3542
-3784
-3116
-3512
-3487
-3998
-5445
-5750
-6098
-6595
-6771
-6813
-6233
-5279
-4969
-4336
-4646
-4943
-5070
-5377
-5386
-5105
-4092
-3133
-2283
-1362
-542
195
900
1246
1662
1978
2473
3329
4223
5238
6542
7435
8179
9059
8958
9041
9100
8696
9153
9087
9499
10241
10310
10460
10440
9604
8863
8005
6989
6449
5542
4968
4623
4470
4327
4246
3676
2904
1787
535
-166
-1015
-1294
-1301
-1362
-1063
-1292
-1016
-1205
-1711
-2090
-2966
-3238
-3815
-4296
-3862
-3733
-3874
-3946
-4871
-5877
-7113
-8674
-10123
-11484
-12804
-14187
-15329
-16394
-17369
-18183
-17428
-15938
-14890
-15775
-15368
-14238
-13268
-13345
-11873
-8146
-5931
-5053
-2902
2703
6724
8323
10258
13479
16629
17776
18870
22265
24110
24220
23551
23515
23465
21545
18532
17063
15964
14110
11419
8912
6994
4753
650
-1965
-4208
-5770
-8106
-10012
-10136
-10198
-10372
-10500
-9512
-8835
-7984
-7079
-6108
-5094
-3691
-1625
-625
826
2538
4429
5765
6547
8698
10963
12327
13239
14345
15276
15788
15350
16053
16270
15134
13873
13279
12988
12346
11070
10263
9798
8413
7158
6183
5110
3394
650
-2024
-4163
-6232
-8429
-10832
-12678
-13438
-14051
-14552
-14859
-15056
-14994
-15376
-15463
-14957
-15112
-15450
-16600
-17281
-17276
-17765
-17923
-18413
-18824
-18933
-19780
-19040
-17830
-16883
-17541
-17375
-15337
-13432
-12193
-11235
-7899
-5751
-5002
-3552
623
4320
6269
8507
13159
17163
19675
21896
25264
27191
27163
26157
25668
24537
21893
18452
16332
14274
11148
7687
5038
3102
653
-2877
-5999
-8496
-11255
-14481
-16782
-17341
-17297
-17442
-16918
-14939
-12713
-10535
-8738
-6922
-5407
-4267
-2941
-957
1233
3647
6791
9578
12252
14988
18439
21093
22542
22939
23697
23630
22702
22057
21641
20838
18675
17137
16363
14966
12994
11050
9323
7514
5535
3346
578
-2817
-6475
-9743
-12736
-15561
-17877
-19553
-21247
-21531
-20516
-19220
-18362
-18008
-17216
-16482
-16998
-17274
-17601
-18175
-19045
-20070
-19875
-19534
-19345
-19333
-17530
-15688
-14764
-16160
-15869
-14142
-12882
-12597
-11995
-8634
-6857
-7078
-4995
100
4158
5359
7371
13274
17858
20537
22763
27227
29940
29414
28476
28596
28149
25268
21610
20195
18322
15339
11430
9166
7384
4345
321
-3227
-5594
-9044
-13068
-15624
-16170
-16384
-17488
-17107
-15202
-13276
-12029
-10404
-7834
-5947
-4633
-2820
-469
1773
3219
5379
7592
9661
12003
14159
16323
18071
19676
20891
21495
21881
21718
21067
19472
17900
16548
14765
12295
10123
7998
6156
4508
2912
1157
-525
-2793
-5149
-8418
-11607
-14364
-17486
-20593
-23336
-24419
-24533
-24230
-23456
-21721
-19680
-18273
-16713
-15199
-13628
-13414
-13386
-13765
-14320
-15399
-16804
-17632
-17843
-16929
-16167
-15037
-15089
-12974
-11329
-9728
-8451
-7470
-5336
-5608
-5608
-3545
-559
2142
3527
7412
12802
17552
21175
25054
29559
31737
32391
32400
32232
30870
27630
24768
22162
19622
16053
12827
11359
10112
7821
4678
2447
498
-2489
-5988
-8089
-9415
-12041
-14019
-14282
-13409
-12979
-12341
-10432
-8100
-6344
-4286
-1741
686
1716
2919
4023
5053
6023
7014
8239
9142
10884
13028
15031
16843
18391
19534
19870
19667
19097
17917
16224
14124
12016
9924
7757
6139
4870
3605
2676
1565
208
-1657
-3274
-5094
-7880
-10703
-13394
-16030
-18079
-19573
-19796
-19419
-19161
-18004
-16290
-14605
-12801
-11777
-10840
-10419
-10854
-11737
-12797
-14488
-15976
-18067
-18863
-18707
-17778
-17705
-17234
-14393
-12163
-10761
-10492
-8037
-6014
-6418
-5700
-3578
-495
19
1638
6430
10940
14606
18032
23663
27574
29373
30525
31792
32425
30373
27699
24792
21831
18039
13459
10021
7691
4785
842
-1614
-3003
-4628
-7343
-9448
-10297
-12085
-14741
-16412
-16887
-17353
-18443
-18452
-17222
-16027
-15045
-13156
-10095
-7831
-5606
-3312
-639
1848
2943
4407
5681
7442
8974
9841
11308
12743
14591
15421
16549
17791
18729
18747
17797
17430
15970
14442
12342
10621
9195
6888
4616
2439
706
-1290
-3596
-6420
-8734
-10915
-13133
-14841
-15899
-16255
-16858
-17372
-17132
-15901
-14938
-14257
-13046
-11977
-11281
-11512
-11206
-10780
-11331
-12944
-13539
-14306
-14957
-15336
-14695
-14572
-15426
-14326
-13454
-12368
-12254
-10327
-8039
-7954
-6872
-4819
-1862
-89
2098
6357
9876
13238
16742
21724
24986
26809
28398
29656
29641
28489
27401
25849
23181
19616
16467
13450
10193
6862
3517
632
-2435
-5091
-7506
-9486
-11230
-12797
-14278
-15079
-15911
-16423
-16287
-16183
-16335
-15533
-13958
-12470
-11428
-9942
-7508
-5399
-3962
-1985
714
3125
4563
6497
8288
10283
11181
12375
13810
14948
15445
15076
15494
15432
15069
14199
13693
13886
12876
11996
10990
10695
9475
7365
5250
2783
-194
-3313
-6114
-8420
-10157
-11509
-12332
-12588
-12396
-11788
-11102
-10213
-9174
-8436
-8036
-8279
-8192
-7941
-8379
-9221
-10709
-11903
-12888
-14551
-15261
-15396
-14457
-15115
-15768
-14476
-13360
-12211
-12470
-10436
-9287
-10030
-9440
-7555
-4462
-3348
-1373
2658
6924
10517
14329
20086
24080
26937
28543
30503
31227
29854
28316
26347
23627
20296
16978
14207
11415
8361
5106
2795
566
-1134
-3074
-4746
-5934
-7859
-9512
-10779
-11901
-12586
-13368
-13150
-12958
-12124
-10980
-9400
-7550
-5489
-3785
-2006
-150
1612
3220
4692
5802
7419
8771
9917
11142
12540
13428
14099
14732
15523
15888
15819
16030
15882
15345
14392
13489
12583
11341
9830
8353
6729
4602
2271
-198
-2622
-4998
-7103
-8951
-10144
-11102
-12140
-12625
-12794
-12557
-12241
-11919
-10937
-10164
-9778
-9529
-8692
-8408
-9208
-10590
-11485
-12497
-14172
-15638
-16014
-16449
-18235
-18408
-17414
-16333
-16099
-15172
-12715
-11836
-11069
-9036
-6008
-4127
-3451
-631
2810
5812
8201
12312
16513
19388
21480
23809
25895
26708
26100
25113
23772
21187
17685
14268
11220
7504
3339
-5
-2661
-4699
-6733
-8147
-8798
-9734
-10997
-11214
-11522
-11586
-12209
-12253
-12068
-12109
-11856
-11102
-9815
-8856
-7361
-5773
-3724
-1528
635
3220
5061
7214
8799
10116
10898
11812
12460
12329
12907
13030
13723
13524
13812
14290
13901
14032
13338
13365
12444
11390
9865
8393
6503
3937
1737
-914
-2637
-4783
-6716
-8032
-9123
-10121
-11207
-11250
-10908
-10168
-9660
-9056
-8097
-7971
-7889
-7977
-8002
-8492
-9618
-10734
-11254
-12330
-13307
-13961
-13847
-15063
-16274
-16044
-16010
-15955
-16331
-14330
-12937
-12704
-11541
-9233
-6557
-5858
-3882
-690
2178
4325
7404
11899
15104
17360
19750
22443
23573
23847
23804
23314
21431
18826
16318
13635
10439
6739
3254
574
-2271
-5090
-6841
-8110
-9052
-10413
-10816
-10873
-11152
-11224
-11251
-10491
-10862
-10766
-10286
-9537
-9445
-8955
-7261
-6070
-4500
-2641
-39
2241
3831
5843
7716
9705
10840
11956
12983
13603
13485
13187
13531
13264
12517
11942
12147
12221
11402
10949
10881
10510
9224
7865
6829
5420
2815
350
-1487
-3584
-5912
-8035
-9486
-10679
-11724
-11913
-11318
-10663
-9891
-8753
-7442
-6499
-6077
-5560
-5306
-6241
-7349
-8667
-10418
-12560
-14737
-15610
-16093
-16659
-18023
-17372
-16689
-15933
-15857
-14879
-12831
-12761
-12357
-10851
-8076
-6475
-5617
-2814
320
3175
6079
10667
15118
18447
20816
23750
26222
27268
27610
27413
26288
24241
21655
18629
15364
12174
8372
5027
2142
-26
-2027
-4087
-5409
-6356
-7591
-8863
-9596
-9575
-10360
-11010
-11289
-11027
-11089
-11019
-10400
-9163
-7836
-6826
-5135
-3248
-1352
348
1882
4029
5766
7422
8630
10023
11298
12326
12961
13190
14028
13896
13480
13149
12905
12900
11870
11577
11356
10746
9425
8472
7889
6768
4840
2992
1592
-487
-2896
-5027
-6825
-8463
-10231
-11198
-11618
-11193
-10889
-9738
-8298
-6946
-5918
-4837
-3693
-3607
-4134
-4981
-6450
-8309
-10690
-12475
-13647
-14982
-16118
-17430
-17048
-16620
-16173
-15371
-13894
-12357
-12146
-11181
-9570
-8011
-7187
-6254
-3524
-873
1858
5307
9721
13386
16471
19507
22951
25015
26092
26749
26696
25081
22926
20468
17093
13410
9871
6338
2763
-59
-2260
-4167
-6054
-6988
-7363
-8256
-8753
-9233
-9119
-9986
-10518
-10701
-10862
-11236
-11364
-10431
-9528
-8292
-6361
-4038
-1858
265
2495
4523
6126
7551
9257
10172
10815
11260
12159
12684
13086
13748
13985
13846
13338
13274
13330
12793
12511
11929
11336
10498
9424
8280
6740
4650
2668
259
-1880
-3754
-5842
-7549
-9171
-10490
-11448
-11822
-11427
-11109
-10590
-9638
-8468
-7271
-6450
-5627
-4934
-5336
-5890
-7115
-8411
-10406
-12947
-14226
-15811
-17249
-19444
-19575
-18893
-18564
-18173
-17045
-14107
-13331
-12737
-10999
-8408
-6666
-6104
-3106
435
3244
5397
9478
13838
17033
19536
22553
25317
26310
26387
26289
25621
23775
20705
17561
14268
10541
6249
2313
-390
-2901
-5355
-7125
-7646
-8400
-9839
-9649
-9489
-9648
-10682
-10729
-10210
-10628
-11020
-10365
-9228
-9113
-8677
-7315
-5468
-4208
-2736
-462
1338
2965
4190
5999
7079
7956
8741
9133
9699
10219
10853
10853
11686
12176
12694
12819
13384
14201
13664
13191
12987
12682
11130
9463
8023
6210
3600
1291
-300
-2192
-4311
-6058
-7060
-8147
-8809
-8981
-8874
-8739
-8342
-7574
-6814
-5985
-5330
-5156
-5468
-6180
-7100
-8568
-10709
-12799
-15097
-17020
-18651
-19851
-21403
-21872
-22193
-21747
-21120
-19716
-17121
-15990
-14373
-11930
-9107
-6746
-4957
-1513
1914
4621
7614
11982
15808
18875
21463
24439
26076
26521
26698
26731
25313
22735
20450
17649
14338
10470
6848
3631
344
-2438
-4585
-6028
-7155
-8155
-8755
-8235
-8209
-8050
-8194
-7821
-7714
-8162
-8028
-7388
-6984
-7009
-6822
-5916
-4832
-3954
-2508
-531
834
2087
3555
5164
6318
7219
8188
9085
9573
10044
10806
11245
11866
12622
13341
14132
14725
15496
15752
15784
15508
15072
14062
12361
10474
8527
6456
3864
1772
-64
-1916
-3886
-5438
-6161
-6872
-7673
-7874
-7488
-7159
-7106
-7024
-6826
-6916
-7693
-8299
-8973
-10520
-12667
-14755
-16587
-19244
-21153
-22552
-23471
-25668
-26262
-25515
-24903
-24294
-22951
-19452
-17780
-16332
-12802
-8828
-5870
-4014
-451
3676
6304
9282
13728
17593
20056
22290
25143
26685
26979
26792
26343
24649
22316
20014
17135
13892
10411
6860
3088
-60
-2543
-4808
-7014
-8373
-8700
-9409
-9249
-9037
-8228
-8051
-7772
-6927
-6707
-6733
-6999
-7035
-7076
-6764
-6486
-5549
-4350
-2999
-1446
-73
1793
3327
4905
6582
7943
9162
10313
11455
12300
12959
13944
14980
15709
16364
17559
18442
18734
19195
19413
19348
18528
17223
15834
14323
12380
10072
7714
5524
3364
766
-884
-2054
-3044
-4447
-5427
-5900
-6614
-7466
-7868
-7833
-8377
-8926
-9709
-10112
-10905
-12273
-14025
-16045
-18279
-20854
-23447
-24930
-26049
-27116
-28741
-28623
-27480
-26542
-25345
-22769
-18564
-16027
-13729
-9991
-5807
-2817
-860
2787
6726
9222
11152
14722
17897
19925
21461
23591
25183
25634
25584
25279
24108
22012
19373
16096
12914
9122
5182
1442
-1358
-3821
-6211
-7829
-8361
-8805
-9577
-9182
-8405
-8170
-8388
-8172
-7834
-8421
-9116
-8987
-9187
-9707
-9811
-9219
-8563
-7642
-6225
-4264
-2388
-321
2184
4266
6020
7794
9699
10977
11996
13054
14275
14995
15886
17407
18321
19184
19635
20427
20896
20564
20327
19669
18405
16897
14974
12899
10737
7953
5100
2399
165
-1895
-4263
-5873
-7124
-8205
-9628
-10305
-10633
-11170
-11997
-12426
-12686
-13325
-14346
-15660
-16742
-18665
-20747
-23259
-24739
-26876
-28425
-29322
-29634
-29977
-29789
-27663
-25779
-23157
-20597
-16570
-13264
-10950
-7512
-4144
-1157
414
2749
5888
8369
10828
14227
17591
20259
22298
24429
26156
26863
26832
26371
25034
22429
19672
16321
12895
8644
4901
1704
-1154
-3687
-5531
-6517
-7253
-7540
-7816
-7201
-7072
-7345
-7570
-7775
-7952
-9192
-10223
-10653
-10979
-11631
-11492
-10518
-9222
-8007
-6670
-4157
-1952
69
2348
4489
6672
8034
9469
11283
12668
13678
14234
15702
16320
16814
17578
19210
20401
20509
21512
22195
22383
21204
20123
18779
16427
13181
10212
7696
4343
1121
-2134
-3988
-6093
-8179
-9759
-10694
-11423
-12768
-13705
-13916
-14127
-15058
-15674
-16000
-16796
-18280
-19707
-20927
-22314
-24324
-25829
-26699
-27667
-27805
-27521
-26230
-25972
-24170
-21728
-19227
-17261
-14591
-10692
-8990
-7157
-4643
-1236
835
1918
5325
8489
10931
13293
17340
20695
22820
24708
27035
28262
28076
27342
26127
23761
20990
17750
14660
11277
8228
5231
2406
295
-1516
-2586
-3711
-4200
-4559
-4918
-4747
-5509
-5664
-6363
-7081
-8208
-9475
-10146
-10525
-10875
-11049
-10394
-9246
-7836
-6128
-3829
-1292
905
3274
5389
7751
9540
10981
12576
14213
15582
16166
17244
18635
19689
20339
21485
23066
23478
23826
24352
24745
23990
22611
21421
19431
16148
12641
9711
6011
1788
-1939
-4771
-7513
-10369
-12085
-13294
-14444
-15751
-16512
-16461
-16766
-17538
-18473
-18587
-19198
-20336
-21538
-22028
-22604
-23818
-24722
-24386
-24056
-24204
-23357
-21803
-20197
-20120
-18157
-15927
-13621
-12403
-10598
-7265
-5958
-4623
-2353
820
2563
4026
6733
10371
13316
15568
19299
22420
24596
25359
26715
27341
26827
25106
23465
21603
19007
16057
13141
10674
7946
5043
2937
1482
-146
-1666
-3058
-3777
-4989
-6384
-7229
-8331
-9578
-11106
-11672
-12562
-13715
-14516
-14347
-14039
-13794
-12924
-11486
-9680
-8148
-6098
-3722
-1172
1006
3032
5687
7661
9982
11966
14117
15817
17155
18613
20166
21673
22823
24039
24746
25269
25440
25421
25156
23650
21940
19730
16639
13036
9495
5912
2023
-2142
-5809
-8837
-11374
-13931
-15431
-16349
-17387
-18556
-18800
-18274
-18619
-19523
-19752
-19825
-20801
-21653
-21824
-21533
-22463
-22923
-22327
-21618
-21413
-21113
-19295
-17974
-17364
-17529
-15456
-14103
-13127
-12640
-10599
-7910
-7835
-6257
-3680
-484
967
2523
6489
9829
11853
14193
18229
20756
21609
22422
24147
24449
23167
22230
21467
19081
16238
14079
11827
8816
6110
4101
2101
-148
-2041
-3064
-4595
-5985
-7346
-8288
-9335
-11078
-11554
-12549
-13217
-13922
-14119
-14045
-13685
-13208
-12467
-11347
-9753
-7818
-5835
-3612
-1152
1486
3624
5711
8110
10409
12483
14525
16602
18358
20232
21601
23119
24380
25361
25997
26662
26590
26194
25536
24393
22483
20026
17416
14048
10244
6395
3092
-463
-4449
-7531
-10085
-12198
-14147
-15424
-16400
-17333
-18380
-19017
-19162
-19821
-20291
-20599
-20865
-21115
-21422
-21292
-20748
-20752
-20693
-20469
-20043
-19928
-19752
-18811
-17990
-17761
-18119
-16715
-15547
-14463
-13817
-11774
-9153
-8544
-6818
-4174
-854
712
2575
6231
9200
11381
13889
17498
19677
21086
22375
24118
24291
23474
22948
22169
19761
17663
15629
13348
10609
7943
5722
3216
882
-929
-2210
-3818
-5211
-6604
-7678
-8594
-10261
-10910
-11866
-12250
-13143
-13597
-13179
-12820
-12532
-11810
-10234
-8247
-6257
-4149
-1398
995
3056
5506
7955
10487
12685
15050
17307
19169
21072
22821
24465
25657
26429
27202
27501
27393
26474
25875
24684
22866
20593
18139
15612
12198
8687
5310
2270
-1554
-5233
-7984
-9955
-11835
-13714
-14439
-15203
-16195
-17172
-17095
-16993
-17523
-17698
-17632
-17308
-17289
-17346
-16873
-16789
-16963
-17323
-17342
-17607
-17957
-17780
-17640
-17130
-17642
-16919
-15589
-14389
-13339
-12235
-9173
-7720
-6343
-4346
-1509
944
1719
4134
7261
9988
11814
14837
18048
20180
21083
22458
24003
24087
23350
22340
21094
18915
16332
13930
11598
9017
6171
3811
1813
-361
-2137
-3842
-5146
-6565
-8168
-8898
-9972
-11097
-12385
-13054
-13293
-14174
-14178
-13697
-12786
-12260
-10880
-8694
-6609
-4687
-2641
225
2108
4198
6346
9116
11567
13277
15431
17578
19530
20512
21766
23122
23859
23974
23712
23957
23161
21901
20752
19740
17823
15300
13087
10600
7594
4121
1610
-1168
-4336
-7397
-9681
-11599
-13969
-15177
-15991
-16951
-17874
-17974
-17637
-17505
-17460
-17147
-16614
-16490
-16813
-16637
-16722
-17428
-18346
-19084
-19310
-20240
-20220
-20225
-19547
-19770
-19650
-18079
-16649
-15188
-14409
-11743
-10003
-8987
-7376
-5039
-2038
-1229
523
3618
6467
9005
11881
15810
18719
20542
22089
23853
24435
24095
23246
21679
19723
17056
14421
11697
8848
6193
3208
1120
-944
-2487
-4073
-5443
-6354
-7942
-8638
-9596
-10254
-11184
-12019
-11801
-12306
-12542
-12256
-11190
-10351
-9378
-7517
-5266
-3141
-1266
1609
4191
6138
7810
10087
12622
13845
15474
17419
19738
20548
21361
22606
23399
23271
22393
22817
22261
20927
19633
18781
17721
15323
13104
11198
8602
4924
1859
-949
-4010
-7637
-10471
-12290
-14123
-15702
-16404
-16774
-17101
-17333
-16875
-16258
-16063
-15917
-15452
-15146
-15739
-16268
-16728
-17470
-18727
-19757
-20300
-20683
-21132
-20966
-20702
-20884
-19720
-18601
-16524
-15348
-13455
-11045
-10110
-8284
-6407
-3825
-2333
-816
2005
4975
7831
11044
14717
17714
20216
22295
24050
24683
25095
24350
23148
21027
18828
16213
13104
10540
7632
4773
2270
399
-1176
-2981
-4537
-5254
-6439
-7626
-8283
-9033
-9703
-10950
-11040
-11287
-11659
-11407
-10771
-9978
-9205
-7540
-5518
-3656
-1779
768
3066
4663
6755
8460
10675
12058
13501
15018
16848
18481
19110
20376
21221
21935
21594
21480
21985
21371
20378
19141
18535
17224
15148
12660
10703
7805
4452
1386
-1315
-4005
-7487
-10166
-11839
-13214
-14591
-15262
-15033
-14994
-15318
-14793
-13955
-13799
-14002
-14244
-14100
-14996
-16064
-16837
-17652
-19186
-20410
-20797
-20513
-20857
-20935
-20961
-19895
-18893
-17720
-15759
-14176
-11504
-10469
-8762
-6584
-4173
-1986
-738
1863
4514
7307
10301
14210
17328
19908
22028
24128
25484
25660
25661
24526
22403
19941
17456
14687
11484
8483
5705
2841
481
-1175
-2300
-3789
-5093
-5583
-6489
-6874
-7689
-8082
-8745
-9330
-9558
-10085
-10123
-9662
-9213
-8794
-7681
-5403
-3392
-1965
311
3118
5202
6573
8288
10562
11802
12284
13327
15151
16515
16581
17614
18782
19094
19100
19191
20158
19978
19411
18779
18256
17303
16033
14318
12346
9962
6934
4238
1280
-1240
-4081
-6786
-8802
-10314
-11038
-11901
-12165
-12492
-12793
-13015
-12949
-12664
-12959
-13271
-13896
-14380
-15388
-16486
-17616
-18962
-19877
-21600
-21581
-21607
-21162
-21792
-21426
-19485
-18530
-16726
-15832
-12637
-10904
-10205
-7842
-5226
-2602
-1792
247
2988
5671
7949
11424
15292
18009
20355
22370
24360
24906
24674
24198
22753
20249
17450
14511
11468
8285
5127
2331
143
-2005
-3536
-4577
-5587
-6163
-7360
-7311
-7713
-8220
-8766
-9253
-9333
-10139
-10480
-10271
-9669
-9334
-8382
-6536
-4470
-2661
-741
1935
3948
5320
6808
8854
10484
10977
11685
12646
13940
14679
15145
16351
17206
17959
18037
19058
19980
19613
19064
18296
17748
16299
14434
12474
10413
7302
4221
1574
-1046
-3333
-5884
-7651
-9232
-10386
-11237
-11714
-11878
-12103
-12308
-12222
-12306
-12711
-12947
-13682
-14529
-15662
-16610
-17587
-19090
-20092
-21046
-21587
-22184
-22159
-21931
-22468
-21395
-20434
-18636
-17564
-15903
-13217
-11870
-10225
-8044
-4781
-2559
-814
1928
4840
7653
10267
13919
16991
19822
21504
23203
24218
24197
23740
22375
20417
17783
14981
11868
9142
6184
3079
825
-1043
-2720
-4236
-5134
-5637
-6440
-7411
-7254
-7408
-8089
-8950
-9020
-9438
-10274
-10604
-9960
-9750
-9417
-8040
-6079
-4105
-2449
123
2419
4203
5671
7445
9279
10091
10850
11496
12778
13157
13889
14571
15702
16391
16720
17435
18143
18478
17697
17020
16409
15515
13603
11698
9769
7384
4064
1036
-1265
-3831
-6683
-8915
-9938
-10834
-11388
-11849
-11504
-11436
-11640
-11870
-11443
-11676
-12255
-12666
-13364
-13861
-15276
-16080
-17149
-18307
-19451
-20439
-20607
-21103
-20841
-21335
-20517
-19527
-18271
-16821
-15709
-13176
-11961
-10216
-8262
-5679
-2910
-1390
1100
3849
6814
9525
12615
15814
18562
20849
22558
23962
24383
24044
23010
21443
19510
16668
13774
11078
8352
5419
2809
1122
-229
-1416
-2695
-3011
-3495
-4544
-4876
-5242
-5565
-6784
-7439
-7652
-8208
-8776
-8459
-7869
-7447
-6677
-4981
-2795
-1144
641
2966
5017
6452
7926
9773
10857
11492
12112
13061
13813
14202
14986
15881
16661
17104
17749
18775
19325
19012
18322
17681
16807
15126
12697
10571
8115
5101
1773
-881
-2906
-5179
-7381
-8413
-8720
-9306
-10042
-9881
-9591
-10036
-10611
-10593
-10779
-11501
-12004
-12225
-12650
-13624
-14770
-15600
-17151
-18133
-19198
-19725
-20115
-20177
-20581
-21122
-20099
-19591
-18255
-17630
-15653
-13559
-12450
-10206
-7882
-4847
-2690
-525
2303
5308
8237
11156
14473
17227
19716
21294
22798
23777
23797
23048
21731
20066
17925
15111
12549
9934
7327
4509
2506
1247
-205
-1358
-2270
-2447
-3386
-4043
-3899
-4476
-5485
-6378
-6595
-7058
-7820
-7997
-7652
-7555
-7201
-5795
-3840
-2203
-607
1491
3724
5284
6856
8620
10206
11164
11695
12391
13168
13656
14133
14812
15743
16399
17016
17726
18571
18641
18261
17685
16746
15510
13219
10964
8485
5772
2595
-488
-2892
-4922
-7173
-9086
-9708
-10092
-10589
-11059
-11177
-10975
-11277
-11635
-11686
-11854
-12449
-12995
-13612
-14270
-15148
-16403
-17487
-18396
-19454
-20388
-20812
-20664
-20802
-21772
-21449
-20622
-19348
-18679
-17274
-14809
-13544
-12235
-10348
-7514
-5151
-3342
-893
2209
5234
8086
11281
14503
17221
18940
20315
21485
22180
21420
20287
18581
16674
13834
11064
8872
6510
3586
1243
57
-1123
-2432
-3151
-3167
-3788
-4921
-4961
-5025
-5997
-7313
-7831
-7972
-8940
-9454
-8855
-8451
-8052
-7212
-5148
-3273
-1954
-397
1916
3700
4922
6770
8381
9565
10106
10903
12132
12739
13396
13981
15019
15508
15976
16701
17382
17578
17140
16345
15315
14166
12348
9981
7421
4848
1925
-1224
-3832
-5815
-7822
-9912
-10924
-11244
-11564
-11961
-12005
-11807
-11874
-12013
-11911
-11969
-12171
-12652
-13275
-13865
-14590
-15359
-16544
-17678
-18577
-19445
-20188
-20377
-20215
-20849
-20429
-19600
-18005
-16787
-15587
-13144
-11709
-10035
-8377
-5693
-3133
-1281
1210
3895
7106
10274
13385
16401
19133
21053
22531
23416
24053
23545
22032
20044
18219
15547
12431
9926
7655
5039
2057
541
-284
-1333
-2541
-2572
-2514
-3410
-3903
-3955
-4078
-5069
-5679
-6052
-6512
-7066
-6993
-6335
-5789
-5064
-3535
-1543
212
2165
4373
6462
7842
9504
11153
12300
12872
13466
14526
14996
15572
16276
17203
17480
17764
18116
18777
19104
18912
18334
17231
16176
14345
11928
9166
6432
3552
203
-2782
-4950
-6555
-8432
-9931
-10296
-10331
-10612
-10992
-10760
-10454
-10918
-11380
-11463
-11245
-11810
-12709
-13275
-14119
-15173
-16774
-17546
-18717
-19571
-20163
-20108
-20112
-20725
-19922
-19071
-17501
-16635
-14763
-12529
-11484
-9625
-7472
-4664
-2742
-736
2123
4922
7917
10859
14000
16823
19050
20882
22223
22768
22856
22081
20404
18397
16460
13665
10372
7683
5528
2868
272
-1347
-2190
-3154
-4363
-4382
-4229
-4481
-5007
-5021
-4903
-5647
-6213
-6612
-6757
-7191
-7204
-6729
-5817
-4689
-2907
-623
1236
3439
5694
7639
9135
10527
12403
13215
13794
14505
15440
15929
15913
16382
16902
17066
16926
17164
17526
17518
17074
16283
15474
14066
12195
9598
6743
4011
925
-2079
-4937
-6855
-8197
-9485
-10311
-10989
-10670
-10556
-10568
-10585
-10285
-10022
-10562
-11137
-11382
-11810
-13049
-14484
-15505
-16464
-18256
-20047
-20533
-20974
-21318
-22466
-22428
-21242
-20730
-19773
-18619
-16150
-14488
-13545
-11351
-8955
-6163
-4112
-2029
1293
4172
6906
10205
13715
16645
18521
20371
21980
22765
22574
21746
20391
17950
15349
12641
9712
6346
3225
521
-1778
-3961
-5349
-5985
-6855
-7469
-7854
-7396
-7253
-7869
-7684
-7582
-7804
-8409
-8770
-8169
-8058
-8003
-6961
-5422
-3218
-1483
556
3028
5289
7008
8690
10529
11745
12667
13107
14016
14371
14769
14872
15170
15383
15406
15877
15948
16015
15702
15387
14518
13302
12013
10390
8167
5467
2669
79
-2511
-5020
-7346
-8936
-9928
-10661
-10965
-11093
-10679
-10447
-10271
-10132
-10176
-10345
-10786
-11578
-12372
-13094
-14403
-15574
-16833
-17949
-19146
-19964
-20391
-20733
-21377
-21468
-20798
-19797
-19158
-17883
-15756
-13886
-12159
-10060
-7261
-4541
-2455
-216
2821
6019
9238
12280
15258
17999
19929
21234
22258
23181
23009
21760
19778
17754
15021
11578
8381
5567
2460
-831
-3347
-4803
-5878
-7224
-7786
-8068
-8391
-8428
-8343
-7659
-7374
-7263
-6985
-6802
-6279
-5643
-5033
-4091
-3169
-1676
-33
2010
4231
6483
8396
10396
12407
13619
14800
15534
16086
16539
16321
16271
15954
15770
15648
15155
14967
14811
14461
13985
13438
12604
11647
9887
8055
6019
3611
1303
-1346
-3599
-5557
-7002
-8237
-8882
-9172
-9076
-8732
-8293
-7801
-7248
-6842
-6764
-7226
-7817
-8525
-10057
-11863
-13446
-14885
-16545
-17963
-18777
-19013
-19852
-20765
-20394
-19884
-18965
-18614
-17102
-15312
-14454
-12777
-10768
-8188
-5947
-3757
-734
2433
5434
8975
12539
15685
18465
20695
22469
23351
23536
23174
21969
19867
17525
14774
11864
8494
5213
2193
-584
-3127
-5174
-6489
-7637
-8709
-9534
-9697
-9678
-9968
-9855
-9357
-8855
-8717
-8242
-6926
-6052
-5314
-3950
-2014
-255
1320
3377
5655
7923
9661
11517
13078
14437
15301
15659
16304
16329
16078
15749
15508
15020
14379
14136
13497
12989
12550
12047
11303
9990
8882
7312
5371
3396
1109
-1098
-3201
-4958
-6162
-7217
-8059
-8244
-8155
-7880
-7301
-6620
-5711
-5391
-5176
-4668
-4807
-5338
-6246
-7323
-8811
-10685
-12735
-14429
-15440
-16831
-17985
-19125
-19168
-19271
-19185
-18738
-17890
-16358
-15902
-14610
-12860
-10647
-8427
-6611
-3839
-826
2209
5497
9236
12969
16087
18775
20913
22415
23386
23460
22389
20691
18391
15827
12589
9097
5931
2619
-710
-3931
-6384
-8058
-9467
-10662
-11496
-11810
-12115
-12431
-12438
-12220
-11976
-11742
-11078
-9927
-8638
-7247
-5502
-3430
-1276
823
3168
5717
7965
9692
11486
12834
14170
14794
15161
15334
15025
14800
14188
13854
13283
12731
11863
11025
10329
9489
8731
7714
6753
5299
3677
2048
439
-1311
-2971
-4316
-5454
-6423
-7144
-7108
-6887
-6580
-6262
-5598
-4735
-4196
-3658
-3103
-2485
-2664
-3145
-3589
-4398
-5595
-7036
-8836
-10521
-12081
-13439
-14908
-16113
-16727
-17381
-17462
-17234
-16587
-15628
-14744
-13515
-12056
-10223
-8073
-6246
-3846
-1260
1667
5010
8315
11714
14852
17690
19843
21512
22856
23197
22330
20757
18884
16220
13065
9614
6401
3081
-582
-3687
-6153
-8111
-10066
-11392
-12178
-12789
-13071
-13246
-13019
-12796
-12379
-11666
-10954
-10033
-8777
-7110
-5194
-3199
-595
2016
4723
7400
9868
12056
13592
15214
15958
16631
16676
16470
15847
14893
14244
12824
11794
10654
9654
8671
7755
6901
5761
4362
3189
1992
-8
-2065
-3792
-5260
-7064
-8556
-9125
-9392
-9891
-9672
-8783
-7612
-6561
-5321
-3820
-2722
-1819
-1090
-243
-265
-545
-943
-1735
-2686
-4165
-5542
-6698
-8275
-9802
-11191
-12315
-12859
-13717
-13971
-14278
-13825
-13520
-13243
-12408
-11484
-9913
-8517
-6543
-4278
-1544
1572
4623
7811
11360
14711
17051
19090
21109
22406
22154
21508
20584
18840
15870
12554
9848
6620
2889
-563
-3196
-5706
-8222
-10058
-11160
-12241
-13246
-13922
-14350
-14470
-14712
-14543
-14033
-13352
-12280
-10831
-9016
-6807
-4210
-990
2204
5326
8737
11379
13940
16196
17857
19054
19256
19126
18531
17576
16349
15139
13644
12015
10434
9177
8024
6361
5010
3600
1959
153
-1638
-3584
-5807
-7688
-9182
-10485
-11324
-11888
-11910
-11456
-10503
-9072
-7587
-5752
-3993
-1876
-194
1004
2110
2656
2504
2047
1595
653
-470
-1924
-2842
-4024
-4971
-6228
-7392
-7724
-8473
-9022
-9550
-9323
-9521
-9782
-9559
-8896
-8077
-7554
-6142
-3985
-1831
751
3877
7051
10304
13311
15919
18012
19640
20799
20956
20278
19506
18146
15634
12791
9965
7129
3941
922
-1592
-3930
-6207
-8172
-9752
-10895
-12008
-13129
-13868
-14435
-14634
-14984
-14781
-14186
-13273
-12207
-10649
-8097
-5576
-2541
321
3719
7170
10088
12625
14923
16923
17994
18455
18619
18481
17623
16523
15064
13435
11909
10247
8458
6911
5285
3561
1602
-334
-2005
-4037
-6293
-8301
-10002
-11519
-13092
-14045
-14429
-14526
-14237
-13271
-11758
-10064
-8234
-6127
-3743
-1753
26
1501
2497
3184
3423
3154
2335
1304
247
-1024
-2182
-3244
-4351
-4953
-5785
-5908
-6381
-6248
-6134
-6435
-6322
-6391
-5802
-5644
-5274
-4431
-3324
-1790
232
2414
4665
7301
9754
12311
14327
16034
17186
17367
16894
16060
14699
12679
10010
7364
4418
1170
-1685
-4267
-6289
-8669
-10301
-11346
-12269
-13161
-13935
-14153
-14532
-14769
-14721
-14330
-13607
-12858
-11994
-10389
-8231
-5935
-3260
-257
2946
6244
9224
12379
14861
16544
17854
18558
18807
18368
17421
16006
14366
12466
10394
8374
6358
4394
2307
300
-1582
-3408
-5465
-7378
-9542
-11582
-13397
-14922
-16080
-17007
-17239
-16922
-16150
-14860
-13214
-11087
-8827
-6598
-4333
-2020
113
1825
3087
3821
4332
4172
3602
2914
1998
888
-635
-1533
-1971
-2394
-2739
-2606
-1935
-1789
-1627
-1296
-693
-110
-145
171
1021
1734
2553
3656
4974
6695
8096
9724
11350
13044
14322
14866
15383
15581
15014
13451
11573
9557
7042
3895
1024
-1734
-4431
-7164
-9317
-10780
-12074
-12915
-13329
-13209
-13310
-13242
-12816
-12454
-12081
-11550
-10654
-9876
-8622
-7103
-5032
-2984
-688
2262
5266
8388
11160
13872
16212
17914
18909
19507
19471
18484
17007
15259
13024
10615
7889
5398
2959
318
-1817
-3817
-5841
-7747
-9372
-10971
-12773
-14161
-15285
-16167
-17015
-17335
-17335
-17168
-16397
-15222
-13389
-11319
-9192
-6920
-4481
-2054
40
1823
3361
4288
4860
4958
5147
4776
4171
3286
2649
2333
1801
2150
2341
2585
2961
3706
4579
5249
6083
6879
7561
8175
9159
9819
10407
11161
11629
11864
12219
12469
12436
12296
11828
11397
10431
9496
8422
6870
5234
3230
1062
-1122
-3347
-5460
-7489
-9507
-10807
-12163
-13282
-13899
-13984
-13741
-13449
-12796
-11721
-10499
-9642
-8363
-6864
-5241
-3890
-2119
142
2107
3864
5762
7895
9865
11434
12944
14326
15070
15262
15003
14566
13505
11770
9944
7689
5166
2362
-541
-3437
-6172
-8822
-11129
-12984
-14581
-16014
-17145
-17946
-18258
-18677
-18553
-18262
-17868
-16852
-15896
-14611
-13168
-11274
-9056
-7167
-5170
-3016
-929
689
2177
3879
5325
5984
6494
7140
7360
7324
7238
7375
7206
6854
7046
7495
7886
8365
9153
10054
11091
12265
13329
14361
15062
15702
16067
15957
15898
15400
14474
13313
11989
10664
9074
7623
6186
4653
3099
1705
352
-1081
-2441
-3813
-5199
-6518
-7764
-8531
-9916
-10904
-11395
-11896
-12040
-11881
-10943
-9948
-9015
-7619
-5668
-3877
-2062
-151
1657
3293
4395
5665
6689
7651
8026
8425
8794
8823
8928
8791
8708
8148
7336
6347
5150
3678
1966
-21
-2492
-5060
-7716
-10383
-12964
-15396
-17534
-19171
-20567
-21489
-21723
-21760
-21467
-20659
-19729
-18571
-17263
-15885
-14461
-13057
-11515
-10017
-8569
-7230
-5786
-4254
-2767
-1479
-29
1768
3092
4522
5667
7151
8276
8975
9861
10333
10841
11322
11807
12434
13161
13922
14980
15748
16646
17645
18425
18760
18633
18328
17424
16119
14427
12956
10758
8245
5970
3576
1378
-560
-2278
-3958
-5152
-6284
-7173
-7878
-8282
-8344
-8773
-8985
-9059
-8794
-8794
-8883
-8188
-7374
-6650
-5828
-4294
-2521
-983
887
2802
4399
5563
6957
7996
8770
9139
9279
9496
8984
8357
7735
6903
5894
4620
3509
2194
797
-713
-2211
-3945
-5747
-7492
-9511
-11589
-13591
-15384
-16997
-18581
-19735
-20483
-21272
-21664
-21547
-20908
-20027
-19196
-18012
-16529
-15221
-14090
-12573
-11165
-9754
-8267
-6857
-5267
-3736
-1863
-163
1802
3696
5628
7358
8632
10124
11386
12710
13652
14455
15427
16385
17415
18486
19298
19924
20608
21030
21256
21293
21025
20357
19388
17947
16286
13996
11655
9164
6611
4044
1437
-740
-3067
-4732
-6059
-7138
-8339
-9084
-9275
-9663
-9766
-9700
-9333
-9040
-8782
-8054
-7109
-6030
-4843
-3398
-1676
-74
1751
3516
5442
6981
8456
9465
10274
10741
10688
10808
10240
9575
8565
7395
5992
4415
2779
994
-747
-2559
-4240
-6127
-7815
-9613
-11389
-13034
-14749
-16119
-17341
-18563
-19458
-20007
-20261
-20491
-20518
-20245
-19597
-18932
-18254
-17078
-16056
-15057
-13963
-12716
-11449
-10167
-8840
-7320
-5509
-3813
-2017
177
2217
4687
6617
8567
10881
12862
14459
15612
17022
18252
19163
20314
21346
22076
22562
22913
23349
23352
23237
22781
21820
20541
19099
17201
14789
12592
10058
7371
4545
2038
-189
-2255
-4163
-5679
-6634
-7553
-8164
-8665
-8720
-8528
-8428
-8183
-7524
-6586
-5791
-4734
-3361
-1619
-248
1395
3264
5183
6883
8288
9807
10983
11813
12306
12768
12677
12097
11335
10331
9066
7316
5464
3604
1738
-350
-2206
-3828
-5827
-7735
-9685
-11722
-13713
-15441
-17012
-18438
-19838
-21054
-22042
-22812
-23320
-23332
-22954
-22625
-21942
-20943
-19794
-18686
-17746
-16311
-15248
-13914
-12660
-11265
-10041
-8725
-7013
-5323
-3521
-1762
488
2481
4522
6686
8715
10681
12567
14347
15777
17181
18557
19954
21055
21925
22643
22920
22934
22422
21840
20884
19484
17737
15886
13739
11372
9001
6700
4314
1982
-105
-1924
-3472
-4858
-5938
-6757
-7219
-7899
-8273
-8156
-7867
-7494
-6922
-5919
-4965
-3911
-2428
-895
786
2608
4190
5847
7383
8721
10142
10996
11803
12300
12451
12261
11725
10977
10044
8838
7465
5787
4320
2670
911
-763
-2598
-4341
-6244
-8417
-10194
-11828
-13658
-15311
-16755
-18091
-19239
-20210
-20991
-21423
-21567
-21562
-21546
-21242
-20746
-19802
-18959
-18087
-17008
-16001
-14767
-13620
-12416
-10980
-9461
-7755
-5955
-3807
-1575
465
2718
5121
7310
9307
11159
13072
14729
16319
17710
19032
20067
20912
21488
21765
21955
21767
20970
19877
18604
16947
14779
12634
10510
7928
5383
2929
683
-1609
-3620
-5303
-6905
-7995
-8638
-8859
-9033
-8911
-8474
-7689
-6881
-5810
-4694
-3285
-2131
-961
612
2189
3679
4833
6384
7520
8571
9372
9955
10358
10321
10022
9672
8995
7825
6552
5141
3583
1615
-3
-1913
-3565
-5211
-6471
-7608
-8948
-9980
-11029
-12064
-13148
-13998
-14883
-15571
-16356
-16772
-17289
-17699
-17734
-17870
-17857
-17843
-17503
-16954
-16558
-15883
-14748
-13824
-12889
-11826
-10516
-9243
-7850
-6326
-4846
-3360
-1873
121
2009
3757
5788
7892
9821
11680
13805
15877
17791
19458
20860
22103
22708
23054
23222
22720
21696
20475
19014
16899
14446
12094
9702
7004
4263
1893
-279
-2526
-4446
-6012
-7333
-8358
-8877
-9041
-8926
-8443
-7489
-6300
-4906
-3213
-1473
489
2493
4442
6652
8539
10065
11761
13118
14134
14652
14900
14780
14083
13126
12059
10421
8444
6337
4199
1967
-236
-2555
-4766
-6799
-8795
-10525
-12050
-13244
-14218
-15008
-15622
-15987
-16319
-16487
-16307
-16090
-15824
-15386
-14652
-14082
-13283
-12572
-11902
-11032
-10308
-9479
-8585
-7823
-7068
-6131
-5366
-4468
-3464
-2404
-1147
-224
1072
2612
4037
5413
7027
8879
10304
11799
13203
14729
16021
17036
17994
18561
18849
18809
18582
18033
17261
16244
15053
13687
12255
10557
8668
6691
4725
2741
684
-1401
-3403
-5073
-6577
-7743
-8837
-9604
-9991
-10161
-9938
-9267
-8241
-6925
-5222
-3061
-919
1501
3916
6107
8221
10082
11693
13144
13979
14499
14580
14228
13393
12211
10973
9169
7269
5194
2727
130
-2857
-5745
-8566
-11427
-14205
-16770
-19071
-21032
-22806
-24152
-25226
-25910
-26126
-26065
-25386
-24640
-23490
-22128
-20496
-18769
-16880
-14917
-12830
-10588
-8534
-6580
-4583
-2495
-691
1119
2899
4608
6173
7636
9057
10614
12009
13153
14388
15319
16328
17220
18027
18497
19071
19360
19155
18891
18634
18081
17133
16004
14492
12737
10921
9147
7159
5159
3188
1251
-606
-2310
-3839
-5176
-6354
-7347
-8225
-8725
-8917
-8895
-8641
-8112
-7538
-6829
-6063
-4968
-3754
-2337
-896
642
2192
3744
5391
6884
8146
9059
10013
10522
10896
10815
10425
9719
8516
7160
5617
3720
1740
-436
-2631
-4668
-7117
-9445
-11745
-14042
-16219
-18462
-20279
-22046
-23655
-25028
-26043
-26999
-27704
-28048
-28059
-27703
-26976
-25926
-24164
-22058
-19997
-17466
-14491
-11612
-8923
-5975
-2956
-42
2494
5170
7807
10237
12547
14819
16914
18742
20407
22079
23438
24472
25301
25664
25723
25394
24805
23715
22347
20753
19042
17004
14884
12633
10580
8307
6036
4220
2394
617
-1171
-2571
-3677
-5047
-6096
-6964
-7697
-8220
-8697
-8572
-8376
-7770
-6874
-6035
-4659
-3114
-1562
37
1737
3309
4772
6201
7428
8301
8869
9081
9152
8777
8213
7283
6018
4646
3257
1725
-89
-1887
-3764
-5625
-7579
-9377
-11302
-12947
-14453
-16332
-17650
-18911
-20099
-21231
-22013
-22474
-22503
-22601
-22332
-21786
-21316
-20132
-19161
-17650
-16434
-14687
-12867
-11167
-9387
-7484
-5358
-3873
-1893
208
2418
4465
6560
8914
11206
13309
15421
17657
19639
21204
22421
23430
23910
24029
23877
23468
22758
21726
20395
18893
17587
16106
14642
13068
11725
10325
8777
7396
5999
4661
3194
2186
938
132
-675
-1251
-1564
-1752
-1640
-1399
-889
-204
980
2174
3197
4230
5247
6214
6975
7455
8007
8065
7672
7405
7065
6324
5209
4101
2949
1438
28
-1442
-2955
-4659
-6579
-8332
-9955
-11932
-13871
-15620
-17502
-19281
-20848
-22204
-23224
-24232
-24971
-25206
-25011
-24426
-23699
-22380
-21055
-19513
-17918
-15903
-13930
-11954
-9899
-7856
-5720
-4168
-2082
-219
1685
3623
5543
7429
9104
10819
12330
13743
14811
15573
15907
16056
15745
15184
14372
13513
12324
11042
9741
8650
7878
6925
6013
5376
5033
4335
3922
3522
3231
2848
2590
2529
2346
2422
2417
2756
3112
3745
4682
5616
6689
8083
9464
10995
12324
13371
14361
14832
15113
14933
14664
14104
13104
12264
10920
9593
8295
6902
5424
3693
1925
108
-1609
-3394
-5511
-7562
-9986
-12267
-14403
-16533
-18456
-20421
-22050
-23639
-24610
-25154
-25588
-25632
-25641
-25166
-24271
-23251
-21750
-20567
-18910
-17082
-15411
-13453
-11606
-9218
-7356
-5171
-2931
-537
2134
4389
6929
9222
11420
13134
14862
16116
17057
17556
17561
17474
17025
16094
14897
13638
12323
10669
8933
7335
5449
3692
2125
738
-540
-1786
-2981
-4079
-4997
-5701
-6141
-6547
-6699
-6509
-5815
-4985
-3820
-2286
-623
1088
2967
5038
7068
8828
10635
12404
13944
15181
16153
17046
17467
17531
17356
17254
16779
15915
14892
13720
12269
10432
8485
6345
4077
1710
-812
-3400
-6079
-8765
-11437
-13938
-16378
-18484
-20414
-21919
-23229
-24350
-25095
-25550
-25764
-25413
-24917
-24534
-23625
-22407
-20916
-19146
-17367
-14857
-12584
-10497
-7918
-5444
-2995
-872
1460
3873
5974
7938
9968
11679
13141
14370
15045
15724
15957
15831
15331
14814
14124
13103
11953
10651
9494
7844
6049
4607
2939
1314
-152
-1527
-2652
-3833
-4857
-5591
-6241
-6496
-6585
-6508
-6170
-5561
-4839
-3789
-2666
-1392
84
1495
2917
4400
5962
7389
8689
9869
10688
11297
11819
12060
12162
12077
11703
11324
10773
9972
9155
8234
7016
5655
4270
2861
1264
-477
-2297
-4117
-5894
-7666
-9436
-11199
-12775
-14247
-15526
-16656
-17506
-18070
-18381
-18634
-18617
-18171
-17404
-16641
-15619
-14438
-12991
-11700
-10244
-8377
-6493
-4675
-2618
-290
1838
3751
5855
8046
9931
11676
13069
14088
14677
15079
15001
14622
14329
13558
12643
11458
10262
8878
7308
6090
5007
3872
2616
1529
384
-831
-2142
-3185
-3989
-4806
-5415
-5789
-5805
-5807
-5371
-4688
-3800
-2571
-1291
87
1584
3129
4465
5763
6816
7702
8437
8995
9387
9508
9583
9527
9102
8753
8111
7286
6532
5362
4329
2981
1608
92
-1227
-2570
-4168
-5644
-7070
-8471
-9880
-11108
-12066
-12896
-13692
-14313
-14735
-15008
-15103
-14966
-14621
-14060
-13482
-12730
-11816
-10614
-9407
-8023
-6734
-5355
-3650
-2208
-813
720
2282
3845
5287
6735
8216
9496
10543
11611
12413
13028
13247
13491
13458
13307
12975
12456
12035
11057
10274
9271
8583
7543
6499
5638
4661
3678
2621
1594
790
-337
-1179
-1792
-2469
-2847
-3107
-3147
-3095
-2767
-2348
-1819
-1130
-279
706
1538
2557
3422
4365
5200
5972
6703
7017
7400
7381
7429
7052
6541
6095
5285
4483
3519
2624
1490
48
-1252
-2651
-3910
-5279
-6556
-7978
-9482
-10667
-11848
-12928
-13962
-14922
-15780
-16319
-16879
-17169
-17096
-16780
-16440
-15722
-14600
-13360
-11980
-10651
-9105
-7464
-5965
-4275
-2662
-1074
441
2025
3646
5081
6345
7617
8699
9689
10557
11367
11952
11976
11922
11513
10967
10262
9605
8683
7739
6805
5866
5088
4413
3859
3454
2959
2613
2359
2069
1868
1777
1688
1790
1822
1875
1890
1982
2131
2194
2446
2789
2955
3220
3796
4323
4741
5169
5527
5665
5573
5501
5288
4946
4449
3881
3253
2581
1887
1118
303
-661
-1404
-2319
-3298
-4270
-5207
-6095
-7095
-8074
-9080
-9940
-10708
-11580
-12433
-13222
-14129
-14853
-15419
-15800
-16087
-16210
-15949
-15631
-15098
-14451
-13575
-12593
-11532
-10335
-9176
-8052
-6843
-5526
-4357
-2936
-1582
-305
944
2197
3575
4867
5862
6703
7609
8148
8304
8409
8415
8066
7377
6751
6205
5442
4659
3987
3293
2636
2135
1862
1617
1404
1361
1314
1240
1197
1382
1542
1736
2078
2511
2928
3601
4274
5063
6043
6974
8044
9078
9872
10619
11160
11478
11568
11455
11338
10940
10452
9911
9253
8647
7796
6757
5768
4582
3245
2070
962
-263
-1364
-2611
-3770
-4961
-6294
-7498
-8434
-9457
-10220
-11026
-11782
-12385
-12767
-13034
-13148
-13013
-12889
-12621
-12250
-11865
-11338
-10751
-10094
-9329
-8405
-7371
-6287
-5102
-3951
-2686
-1565
-460
661
1885
2957
3798
4672
5414
6117
6718
7232
7588
7748
7722
7347
7036
6557
6102
5608
5004
4392
3707
2945
2311
1566
877
211
-461
-1014
-1539
-1765
-2042
-1994
-1891
-1490
-1075
-433
300
1162
2182
3168
4382
5555
6683
7677
8598
9360
9979
10462
10861
11327
11542
11580
11685
11700
11390
10706
10006
9075
8167
7078
5967
4930
3850
2597
1153
-214
-1552
-2958
-4199
-5311
-6467
-7441
-8652
-9682
-10564
-11421
-12042
-12508
-12864
-13219
-13450
-13546
-13380
-13024
-12491
-11959
-11139
-10318
-9728
-8991
-8082
-7039
-6030
-4955
-3879
-2921
-1563
-286
962
2236
3350
4385
5232
6163
6834
7207
7489
7756
7819
7712
7427
7335
7107
6586
6170
5481
5009
4321
3600
2850
2069
1279
535
116
-597
-1156
-1612
-2143
-2513
-2728
-2852
-2699
-2410
-1915
-1328
-736
124
1025
2016
2960
4075
4979
5837
6665
7377
8004
8542
8800
9055
9292
9186
8989
8705
8109
7433
6665
5666
4676
3520
2345
791
-696
-2285
-3921
-5511
-7030
-8509
-9757
-10953
-12150
-13026
-13837
-14301
-14705
-14900
-14825
-14595
-14217
-13526
-12882
-12234
-11148
-10167
-9027
-7750
-6413
-5095
-3882
-2671
-1462
-552
438
1466
2285
3095
3751
4340
4701
5015
5380
5635
5656
5700
5652
5627
5333
5037
4751
4389
3890
3409
2975
2682
2332
1686
1316
974
612
255
-42
-103
-221
-251
-99
248
507
928
1313
1987
2616
3162
3904
4375
5107
5616
6224
6872
7401
7908
8352
8697
8971
9003
8805
8482
8067
7628
6987
6315
5489
4635
3488
2404
1236
-18
-1397
-2673
-3864
-5074
-6394
-7638
-8717
-9953
-10997
-11957
-12625
-13138
-13674
-13943
-13845
-13756
-13418
-13047
-12373
-11595
-10787
-9757
-8594
-7469
-6417
-5223
-4048
-2829
-1613
-448
590
1465
2352
3133
3957
4600
5008
5421
5553
5694
5643
5347
5254
4639
4215
3717
3241
2831
2292
2085
1696
1107
656
392
115
-45
-148
-193
-58
-39
93
264
491
996
1540
2064
2670
3170
3875
4553
5193
5918
6369
6938
7545
8016
8500
8963
9223
9336
9244
9049
8943
8636
8154
7594
7102
6358
5651
4713
3785
2770
1681
636
-514
-1709
-3115
-4324
-5417
-6463
-7262
-7905
-8513
-9097
-9700
-10149
-10493
-10833
-10914
-10931
-10898
-10747
-10598
-10428
-9995
-9544
-9113
-8423
-7904
-7212
-6610
-5715
-4748
-3892
-3045
-2288
-1467
-862
-274
368
1004
1519
2027
2306
2587
2846
2799
2929
3018
2881
2799
2749
2473
2175
1959
1632
1253
863
559
273
182
-46
-149
-275
-222
-80
136
351
653
1066
1501
2085
2587
3165
3726
4238
4794
5322
5846
6320
6635
7038
7501
7817
8053
8236
8383
8382
8224
7917
7542
7001
6540
5911
5067
4298
3446
2531
1622
729
-98
-750
-1640
-2434
-3293
-4027
-4707
-5282
-5774
-6326
-6834
-7365
-7733
-7946
-8209
-8345
-8309
-8279
-7951
-7637
-6969
-6475
-6037
-5657
-5252
-4879
-4371
-3857
-3525
-3281
-2938
-2611
-2465
-2108
-1795
-1508
-1442
-1113
-845
-660
-601
-546
-254
-122
-38
135
81
219
393
409
564
651
695
634
971
1275
1514
1844
2007
2331
2784
3200
3907
4408
4714
5146
5566
5968
6441
6808
7189
7544
7712
7847
7951
7950
8033
8046
7929
7798
7581
7555
7338
6961
6497
6026
5608
5038
4451
4150
3625
3001
2494
1881
1339
884
442
33
-472
-666
-1076
-1747
-2152
-2765
-3100
-3454
-3940
-4293
-4621
-4809
-4962
-4928
-4835
-4823
-4737
-4677
-4645
-4448
-4379
-4269
-4240
-4146
-3958
-3843
-3745
-3740
-3626
-3627
-3606
-3523
-3584
-3493
-3531
-3502
-3570
-3683
-3695
-3807
-4028
-4400
-4670
-4826
-4924
-4996
-4859
-4820
-4700
-4629
-4291
-4057
-3664
-3214
-2801
-2220
-1740
-1087
-519
142
544
1043
1514
1997
2731
3307
3863
4442
5094
5726
6425
6934
7281
7506
7674
7691
7667
7493
7261
6877
6625
6275
5846
5241
4727
4344
3727
3287
2890
2525
1901
1345
840
266
-359
-870
-1473
-1918
-2337
-2701
-2992
-3082
-3142
-3270
-3191
-3041
-3023
-2924
-2769
-2581
-2437
-2395
-2183
-2177
-2157
-2175
-2129
-2045
-2097
-2074
-2072
-2121
-2124
-2133
-2122
-2180
-2265
-2412
-2509
-2721
-2945
-3092
-3269
-3434
-3595
-3771
-3918
-4243
-4617
-4667
-4817
-4782
-4855
-4650
-4739
-4668
-4562
-4420
-4022
-3816
-3498
-3360
-2912
-2535
-2108
-1658
-1005
-434
183
1065
1760
2356
2809
3260
3741
4332
4721
5028
5358
5650
5921
6194
6185
6187
6006
5841
5675
5379
5150
4859
4576
4309
4088
3741
3395
3043
2573
2073
1756
1420
1007
565
129
-89
-294
-394
-507
-589
-669
-831
-792
-740
-699
-431
-346
-390
-323
-315
-400
-268
-111
-130
-49
-107
-280
-364
-331
-350
-446
-412
-688
-1033
-1189
-1458
-1716
-1874
-2072
-2249
-2307
-2664
-2917
-3000
-2995
-3075
-3220
-3263
-3230
-2968
-2914
-2756
-2474
-2241
-2082
-1860
-1552
-1255
-913
-805
-603
-164
-23
233
550
949
1272
1511
1807
1981
2460
2744
3102
3335
3615
3848
4099
4270
4326
4436
4382
4418
4547
4614
4687
4653
4395
4110
3911
3726
3749
3652
3630
3423
3351
3155
2930
2832
2630
2558
2288
2223
2096
1911
1853
1747
1626
1549
1363
1190
1082
747
436
217
-5
-212
-380
-495
-548
-659
-744
-973
-1083
-992
-1109
-1097
-1226
-1292
-1671
-1819
-1944
-2300
-2595
-2790
-2938
-3033
-3142
-3411
-3454
-3485
-3458
-3530
-3488
-3369
-3448
-3416
-3334
-3199
-3115
-3212
-3149
-3052
-2961
-2915
-2730
-2572
-2337
-2137
-1858
-1449
-1183
-749
-454
-128
377
874
1119
1466
1720
1792
1980
1994
1950
1829
1898
1936
2011
1953
2007
2138
1940
2043
1826
1864
1988
1888
2144
2136
2262
2343
2273
2227
2155
2126
1841
1872
1909
1941
2029
1970
1866
1847
1866
1764
1797
1827
1627
1572
1419
1142
1010
802
532
404
233
101
-16
-220
-548
-670
-856
-1080
-1097
-1375
-1684
-1882
-2004
-2208
-2479
-2731
-2855
-2957
-3162
-3268
-3272
-3191
-3115
-3087
-2991
-2999
-2890
-2677
-2575
-2367
-2145
-2051
-1911
-1763
-1594
-1475
-1406
-1309
-1102
-923
-575
-458
-331
-77
-74
-61
143
153
224
232
340
405
327
184
114
158
134
170
149
134
181
273
359
351
444
413
484
621
606
670
655
800
752
665
631
828
947
1018
1306
1279
1237
1320
1189
1183
1136
1091
1067
991
1120
1037
937
839
629
576
413
442
369
251
40
-87
-186
-253
-452
-647
-752
-987
-1238
-1388
-1478
-1755
-1884
-2117
-2130
-2431
-2555
-2788
-3025
-3056
-3034
-2965
-2983
-2750
-2624
-2415
-2261
-2206
-2122
-1956
-1667
-1357
-1132
-1050
-884
-530
-317
113
507
904
1230
1545
1550
1602
1803
1661
1759
1728
1705
1735
1639
1533
1345
1149
1037
1087
1154
1024
996
1010
896
886
776
792
821
736
645
566
471
418
522
486
685
865
897
1008
1073
1154
1113
950
923
826
895
943
736
562
472
451
393
369
305
322
384
365
294
353
296
131
79
-102
-278
-573
-942
-1146
-1357
-1548
-1716
-1910
-1957
-2125
-2194
-2448
-2558
-2891
-3260
-3381
-3478
-3472
-3537
-3510
-3446
-3313
-3253
-3130
-2803
-2561
-2356
-2011
-1692
-1395
-1109
-801
-569
-356
-96
42
273
518
895
1102
1028
1283
1376
1598
1697
1973
2246
2276
2534
2628
2848
2962
3023
2979
2951
2915
2729
2647
2541
2557
2395
2269
2276
2270
2258
2263
2243
2055
2031
1864
1952
1886
1909
1748
1566
1766
1774
1874
1974
2112
2283
2386
2589
2677
2692
2866
2819
2855
2722
2500
2185
1920
1744
1477
1312
1063
764
352
-57
-287
-463
-699
-996
-1184
-1573
-1803
-1992
-2132
-2236
-2311
-2295
-2538
-2474
-2520
-2571
-2427
-2383
-2190
-2062
-1954
-2007
-1909
-1982
-1912
-1931
-2034
-1897
-1978
-1959
-2068
-1984
-1764
-1573
-1383
-1030
-654
-516
-373
-286
-192
-126
-210
-8
44
142
451
710
845
992
1449
1579
1697
1833
1700
1667
1490
1466
1324
1432
1524
1649
1752
1930
1964
1854
2033
1993
1964
2000
2039
2023
1878
1835
1659
1367
1202
980
935
888
894
880
833
636
481
407
66
-115
-272
-207
-438
-583
-532
-657
-771
-891
-999
-1024
-1080
-1196
-1480
-1650
-1830
-1975
-1943
-2123
-2230
-2285
-2315
-2575
-2628
-2590
-2724
-2892
-2936
-3000
-3031
-3024
-2860
-2720
-2657
-2570
-2488
-2379
-2198
-2050
-1783
-1630
-1464
-1390
-1216
-1158
-1110
-1102
-1200
-991
-908
-896
-974
-1045
-1018
-1069
-1102
-1101
-837
-835
-647
-504
-461
-382
-308
-201
-79
147
145
317
425
428
590
672
995
1162
1420
1577
1628
1850
2072
2331
2574
2745
2900
2997
3008
3050
2947
2847
2808
2651
2600
2417
2194
1879
1522
1252
896
597
330
153
-182
-590
-986
-1196
-1276
-1266
-1449
-1709
-1735
-1949
-2189
-2378
-2499
-2476
-2610
-2603
-2540
-2416
-2377
-2332
-2160
-2059
-2123
-1921
-1813
-1740
-1503
-1557
-1391
-1510
-1371
-1161
-1077
-805
-584
-413
-208
-139
-127
-166
-211
-368
-602
-723
-865
-824
-742
-646
-715
-590
-530
-273
-236
42
152
79
125
68
88
38
12
135
19
39
198
373
468
637
988
1131
1316
1394
1625
1663
1805
1968
2010
1979
2020
1988
1950
2025
2110
2192
2233
2304
2177
2181
2133
1996
1889
1789
1680
1502
1319
1278
1055
868
787
557
530
401
412
339
57
-68
-184
-283
-305
-237
-203
-203
-277
-236
-213
-267
-372
-299
-243
-430
-548
-640
-572
-639
-590
-595
-358
-147
47
293
338
344
217
236
296
256
308
318
339
315
377
631
523
584
549
618
779
863
901
861
940
873
851
662
693
638
533
543
540
627
512
540
579
589
579
565
468
484
453
324
388
321
284
358
422
221
185
326
356
447
489
578
493
348
376
322
338
343
247
155
-234
-386
-590
-795
-810
-933
-1020
-1111
-1181
-1245
-1279
-1217
-1114
-968
-817
-797
-735
-800
-711
-727
-795
-686
-681
-654
-726
-817
-754
-663
-687
-702
-620
-774
-819
-737
-609
-615
-547
-510
-467
-371
-323
-144
-68
-57
48
207
233
343
428
576
624
596
605
431
215
63
-46
-77
-99
-217
-276
-261
-353
-188
-213
-222
-160
-100
-7
-51
39
137
184
212
180
166
72
59
0
-228
-210
-305
-282
-166
-299
-256
-299
-315
-434
-409
-628
-787
-774
-872
-859
-982
-1042
-899
-1057
-1103
-861
-949
-888
-782
-656
-571
-652
-621
-658
-705
-706
-715
-748
-717
-775
-686
-477
-479
-313
-188
-91
53
154
474
689
764
856
868
843
761
712
530
537
388
359
159
260
341
406
476
635
783
893
956
937
996
989
1070
1175
1354
1422
1439
1491
1530
1466
1674
1655
1730
1739
1927
1980
1873
1787
1762
1770
1733
1783
1492
1383
1125
1141
933
751
592
435
336
97
-6
-317
-414
-639
-762
-852
-956
-1008
-1131
-1186
-1334
-1454
-1534
-1511
-1670
-1785
-1876
-1905
-1966
-2105
-2151
-2299
-2359
-2445
-2398
-2406
-2469
-2370
-2330
-2309
-2278
-2193
-2128
-2015
-1821
-1734
-1717
-1539
-1255
-1124
-838
-661
-596
-478
-425
-339
-227
-44
32
-81
-29
76
169
250
508
401
510
709
678
741
762
632
607
581
563
526
481
556
582
646
631
663
536
751
924
936
1089
1074
1168
1362
1470
1600
1857
2023
2104
2124
2100
2116
1998
2023
1983
2012
2085
1835
1769
1684
1648
1415
1270
1217
1127
1074
858
754
551
404
258
313
154
-156
-125
-341
-553
-610
-785
-837
-1043
-1008
-882
-978
-1108
-1231
-1277
-1295
-1431
-1493
-1599
-1741
-1641
-1644
-1660
-1501
-1390
-1410
-1370
-1189
-1149
-986
-887
-871
-666
-522
-688
-491
-184
-281
-272
-340
-309
-360
-432
-347
-332
-352
-272
-201
-196
-72
-82
31
-79
-49
-48
-180
-157
15
257
328
496
827
1085
1231
1341
1583
1670
1800
1929
2026
2091
2117
2167
2075
2042
1970
1927
1953
1838
1663
1627
1535
1445
1452
1537
1616
1483
1279
1190
1032
862
661
426
242
245
252
224
97
-65
64
45
-33
-19
168
134
148
154
133
198
217
233
173
254
171
62
-100
-43
-120
-20
49
-24
-111
-260
-166
-139
-255
-348
-598
-777
-910
-1155
-1259
-1400
-1394
-1293
-1269
-1287
-1276
-1126
-981
-981
-969
-874
-836
-745
-435
-307
-211
-117
13
98
108
157
310
483
572
665
811
906
995
1175
1126
1124
1258
1205
1290
1350
1362
1552
1725
1821
1857
1773
1725
1656
1644
1641
1668
1638
1840
1851
1648
1617
1436
1432
1324
1313
1153
1062
927
794
627
446
341
147
169
38
-107
-63
-178
-281
-384
-443
-410
-492
-625
-698
-864
-877
-992
-1186
-1304
-1312
-1405
-1604
-1654
-1704
-1849
-1887
-1982
-2037
-2079
-2042
-1852
-1986
-1956
-1984
-1885
-1870
-1961
-1918
-1879
-1753
-1754
-1728
-1507
-1608
-1547
-1606
-1591
-1445
-1411
-1281
-1081
-905
-856
-613
-425
-286
-162
-63
97
98
99
218
168
189
260
315
594
681
699
748
692
598
653
741
697
800
861
797
816
1047
856
977
971
872
814
692
812
591
574
472
337
193
150
-26
-174
-161
-139
-253
-423
-585
-629
-702
-817
-845
-951
-979
-1107
-1144
-1279
-1151
-1057
-839
-754
-691
-706
-738
-737
-866
-908
-869
-839
-751
-795
-921
-910
-1058
-1161
-1260
-1244
-1440
-1393
-1378
-1463
-1534
-1610
-1540
-1583
-1451
-1321
-1341
-1162
-907
-823
-637
-456
-227
-23
10
162
161
143
364
615
634
714
934
989
923
1040
1089
1130
1132
1272
1387
1413
1547
1820
1902
1875
1997
1985
2004
1996
1924
1866
1725
1711
1590
1513
1452
1296
1191
1136
1176
1106
1075
1042
822
812
699
537
452
424
291
105
25
20
149
76
34
-14
-206
-297
-154
-153
-142
-87
-79
-74
-361
-240
-363
-303
-296
-379
-311
-427
-288
-369
-383
-319
-331
-205
-223
-281
-300
-442
-419
-422
-383
-188
-132
-57
159
344
351
413
645
680
674
767
761
795
819
833
816
994
1163
1135
1357
1450
1479
1508
1507
1474
1611
1643
1745
1753
1706
1773
1917
1980
1969
2017
1877
1879
1838
1833
1679
1469
1516
1551
1360
1383
1350
1287
972
706
529
275
100
-26
-125
-141
-332
-402
-466
-558
-484
-719
-554
-499
-540
-542
-742
-624
-601
-674
-637
-699
-743
-844
-922
-859
-829
-1008
-1188
-1286
-1547
-1478
-1444
-1574
-1665
-1775
-1832
-1886
-1928
-2006
-2015
-2085
-2136
-1968
-1847
-1859
-1771
-1638
-1609
-1568
-1392
-1404
-1249
-1166
-969
-794
-925
-685
-555
-431
-323
-95
-51
-44
-23
40
212
342
419
551
761
893
1074
1100
1214
1271
1323
1303
1280
1102
976
878
896
878
754
568
494
441
247
54
-29
-221
-514
-639
-786
-859
-947
-898
-907
-763
-628
-717
-806
-875
-896
-960
-919
-891
-996
-1076
-1042
-1049
-1194
-1199
-1335
-1475
-1564
-1732
-1683
-1645
-1572
-1643
-1771
-1821
-1982
-1951
-1996
-2088
-2242
-2387
-2405
-2399
-2509
-2315
-2163
-2145
-2247
-2238
-2171
-2226
-2036
-2009
-1915
-1769
-1664
-1554
-1660
-1529
-1384
-1243
-1074
-1082
-857
-843
-773
-721
-531
-494
-523
-363
-440
-299
-97
104
129
377
426
593
756
902
1172
1281
1400
1304
1411
1496
1537
1639
1643
1708
1756
1701
1727
1704
1759
1610
1631
1451
1402
1288
1145
1028
910
781
778
801
733
686
578
618
633
782
584
485
400
273
213
178
-33
-294
-613
-794
-800
-944
-845
-836
-859
-846
-789
-828
-800
-760
-753
-767
-685
-601
-740
-721
-592
-592
-546
-548
-528
-484
-497
-601
-616
-649
-784
-677
-695
-617
-510
-324
-175
-135
-56
113
49
183
442
490
513
575
716
917
1008
1285
1355
1483
1635
1729
1902
1853
1941
1999
2051
2163
2227
2280
2322
2425
2343
2227
2210
2101
1963
2002
1979
1850
1899
1808
1783
1616
1634
1592
1469
1391
1192
1253
1033
1018
945
787
757
629
632
720
625
478
397
80
-36
-144
-285
-389
-604
-771
-832
-1118
-1252
-1251
-1417
-1445
-1491
-1510
-1674
-1627
-1610
-1570
-1552
-1571
-1509
-1628
-1509
-1464
-1508
-1325
-1263
-1292
-1390
-1415
-1437
-1470
-1609
-1662
-1679
-1689
-1589
-1469
-1477
-1599
-1576
-1533
-1390
-1256
-1104
-952
-863
-666
-522
-391
-275
-160
-73
134
196
364
285
314
302
273
232
206
315
263
224
193
227
234
360
361
414
369
416
440
627
688
748
1007
1188
1353
1357
1453
1360
1182
1080
1024
987
1037
1066
1075
1153
1048
878
849
748
596
617
575
532
420
234
249
199
75
155
216
142
11
-141
-177
-240
-332
-403
-426
-619
-879
-991
-1136
-1179
-977
-966
-956
-998
-911
-896
-791
-704
-773
-664
-647
-654
-640
-519
-487
-425
-405
-345
-424
-369
-318
-181
-38
-56
198
254
298
352
227
223
283
177
80
57
5
-202
-171
-260
-351
-413
-505
-518
-478
-251
-149
128
238
273
415
464
578
631
736
775
822
699
684
608
549
626
537
633
550
502
495
416
333
414
443
456
386
436
511
418
340
318
373
300
232
41
-14
-53
-83
-155
-342
-505
-541
-589
-648
-570
-624
-627
-677
-570
-481
-361
-281
-389
-280
-337
-282
-260
-91
-13
-40
-135
-184
-46
-102
-30
13
72
124
163
-19
187
330
497
541
630
582
548
402
449
505
397
630
536
589
603
734
903
876
772
724
659
495
453
380
424
508
511
413
428
367
405
387
437
360
317
304
236
184
104
50
-112
-42
-160
-196
-261
-361
-534
-592
-594
-743
-778
-798
-793
-794
-677
-605
-631
-642
-650
-772
-688
-695
-721
-708
-820
-826
-955
-1028
-976
-1100
-1279
-1307
-1409
-1435
-1507
-1353
-1390
-1389
-1298
-1197
-1156
-1055
-769
-728
-540
-350
-371
-283
-130
-150
-80
-3
78
126
64
163
93
11
-42
129
198
219
448
540
390
444
347
326
434
403
383
402
566
607
784
896
1022
1154
1091
1235
1238
1026
1161
1222
1120
1049
1023
1041
1157
1153
1096
1031
1014
1042
957
965
774
698
770
656
494
362
347
257
37
-41
-18
-200
-263
-121
-131
-93
47
78
45
127
114
134
-16
-89
-138
-341
-358
-300
-439
-430
-289
-465
-545
-544
-558
-634
-726
-762
-674
-610
-484
-469
-474
-332
-290
-109
-43
62
204
148
243
270
283
181
-10
-76
-234
-257
-253
-186
-302
-218
-96
-98
41
151
219
459
663
642
715
871
981
1053
1226
1248
1347
1285
1208
1131
1085
1168
1106
1123
1177
1212
1285
1243
1071
919
808
685
717
739
679
597
612
606
465
606
474
475
596
466
532
333
155
68
-136
-187
-225
-283
-351
-359
-221
-185
-56
156
179
271
323
299
177
176
39
17
3
1
-10
-70
-236
-281
-428
-557
-491
-522
-442
-545
-410
-406
-415
-439
-410
-416
-353
-156
-219
-129
-58
-65
28
-32
31
122
210
305
425
570
537
484
443
392
468
582
640
734
723
756
840
837
959
892
818
866
690
667
640
526
660
652
473
332
155
113
-2
2
-25
-252
-252
-366
-431
-421
-421
-504
-624
-516
-592
-641
-685
-769
-797
-647
-543
-603
-600
-754
-846
-870
-885
-889
-971
-952
-908
-985
-1223
-1281
-1120
-1109
-1064
-1085
-1015
-969
-1130
-1135
-1081
-1109
-1120
-1203
-1216
-1194
-1186
-1195
-1130
-1166
-1009
-837
-910
-933
-905
-936
-930
-962
-968
-988
-1009
-762
-744
-852
-788
-800
-753
-587
-624
-454
-380
-305
-314
-335
-102
-84
-10
52
143
303
375
470
642
674
715
666
617
662
480
439
444
423
443
378
344
97
132
243
188
145
86
-79
-93
-99
-173
-128
-120
-147
-284
-323
-441
-421
-482
-573
-495
-431
-340
-279
-262
-225
-132
-99
-17
-19
7
48
48
33
3
84
297
395
346
398
494
506
608
687
661
649
756
670
679
699
664
694
495
563
405
406
489
503
498
566
641
646
646
723
622
516
693
661
649
662
764
729
670
679
596
466
389
435
429
364
326
495
531
534
583
554
693
699
718
713
802
785
644
798
656
616
436
343
225
70
78
48
26
-11
80
145
190
140
-51
63
56
-69
140
36
18
138
30
227
297
401
449
458
505
465
451
364
369
452
499
586
613
587
729
626
472
532
554
634
571
486
391
379
440
537
741
863
926
840
940
894
876
962
868
921
1003
1046
1162
1105
1175
1185
1133
1219
1024
1024
1032
1030
1034
1064
1173
1239
1195
1192
1081
1143
975
821
808
792
774
647
681
619
627
483
427
407
417
375
127
87
-241
-220
-195
-330
-266
-86
-133
-168
-169
-329
-488
-643
-581
-621
-517
-517
-447
-458
-584
-613
-674
-596
-684
-659
-843
-686
-611
-612
-439
-473
-483
-538
-686
-749
-713
-744
-740
-761
-814
-931
-854
-871
-843
-619
-596
-426
-346
-217
-225
-102
12
25
9
-155
-173
-304
-434
-622
-712
-840
-785
-763
-904
-924
-1024
-948
-1073
-918
-801
-888
-878
-876
-850
-830
-940
-928
-825
-781
-802
-869
-626
-651
-708
-521
-771
-778
-705
-621
-554
-451
-448
-550
-446
-532
-457
-359
-341
-250
-321
-341
-231
-289
-195
-242
-375
-378
-516
-599
-737
-670
-604
-729
-669
-710
-737
-869
-910
-897
-1026
-884
-637
-648
-700
-683
-696
-553
-527
-431
-458
-339
-383
-487
-407
-369
-265
-220
-37
-27
-24
14
24
-18
12
-2
8
-92
-58
-61
-54
-118
-96
-56
-235
-211
-358
-451
-493
-525
-544
-430
-521
-540
-571
-569
-471
-493
-369
-349
-202
-289
-219
-105
153
446
560
675
681
723
668
666
741
694
582
546
430
387
261
215
224
223
293
208
323
357
371
492
554
543
578
542
452
591
549
538
468
526
594
384
289
256
21
-232
-294
-361
-331
-476
-613
-789
-936
-959
-1051
-1058
-1088
-910
-809
-852
-622
-487
-443
-409
-376
-353
-366
-348
-325
-174
54
68
149
285
215
339
352
353
405
397
408
526
574
685
664
690
717
626
574
330
380
329
500
407
588
678
493
430
330
218
183
169
139
184
120
275
303
246
307
160
24
-177
-97
-84
60
113
150
111
152
209
124
175
107
176
186
113
94
121
107
125
48
44
47
7
-119
-120
-231
-298
-318
-431
-513
-683
-505
-490
-483
-446
-514
-575
-551
-519
-642
-494
-419
-483
-300
-197
-42
27
114
241
52
151
-4
1
30
-73
-19
-66
-64
-126
-144
-216
-262
-149
-138
-195
-205
-183
-185
-139
-58
-35
55
132
334
454
604
821
916
1106
1259
1276
1295
1522
1564
1642
1721
1646
1602
1523
1307
1266
1184
1227
1294
1113
1191
1037
969
836
781
656
418
382
457
306
423
401
191
184
130
164
119
51
-77
-259
-238
-232
-356
-420
-528
-698
-850
-840
-854
-738
-721
-678
-684
-647
-795
-757
-768
-1047
-988
-1047
-972
-1054
-1074
-1196
-1084
-966
-1046
-910
-923
-905
-942
-956
-1116
-1103
-1286
-1424
-1430
-1379
-1375
-1457
-1353
-1418
-1450
-1340
-1233
-1191
-1121
-985
-899
-751
-605
-698
-441
-259
-148
-59
-57
-92
-62
42
41
91
216
293
261
300
368
347
362
259
296
304
99
220
267
260
196
233
296
373
338
256
160
56
41
8
51
-38
24
121
140
56
75
26
47
-116
-167
-106
-324
-206
-353
-481
-489
-647
-647
-628
-605
-616
-642
-623
-463
-491
-349
-287
-286
-275
-356
-277
-242
-163
-112
-78
22
-16
148
160
28
189
76
173
189
90
50
17
-183
-254
-198
-318
-315
-258
-136
-256
-152
-123
-119
45
59
162
128
153
230
191
88
75
145
125
150
12
13
-12
-53
50
174
282
289
363
152
24
23
11
-123
-286
-221
-157
-93
-134
-119
-138
-254
-189
-219
-309
-293
-292
-339
-308
-357
-388
-480
-558
-639
-765
-794
-764
-680
-769
-847
-754
-664
-741
-706
-683
-744
-852
-737
-526
-520
-372
-437
-394
-391
-412
-349
-303
-256
-205
-165
-150
116
89
178
413
306
369
333
317
434
434
492
475
561
590
475
558
582
547
512
393
407
453
469
491
599
609
695
792
843
939
973
950
941
915
845
694
787
866
842
870
839
774
616
690
651
554
544
483
519
572
603
652
557
408
457
424
511
675
753
822
775
617
611
627
523
484
442
391
267
354
387
344
293
391
352
219
301
310
306
398
478
447
435
468
457
565
647
711
650
639
561
451
435
320
317
143
94
-102
-176
-232
-342
-179
-182
-57
51
31
179
209
250
337
389
413
443
403
442
356
329
434
547
540
440
447
378
484
372
235
262
198
54
-41
-114
-58
38
39
141
89
38
25
-27
-25
-27
39
-51
33
133
89
5
-148
-218
-347
-471
-496
-478
-581
-551
-613
-621
-557
-563
-521
-599
-550
-690
-781
-659
-717
-603
-604
-582
-495
-396
-430
-377
-328
-311
-396
-354
-403
-411
-140
-83
-87
23
-29
-34
126
1
-47
108
26
109
71
94
148
270
252
211
83
62
130
108
237
174
193
177
123
281
337
320
225
193
198
163
-8
32
115
31
41
-92
-4
-27
-71
23
-43
-26
92
50
50
81
59
237
286
237
368
462
449
501
299
219
260
239
272
282
307
246
127
-54
-88
-109
-269
-398
-513
-511
-450
-451
-468
-441
-283
-383
-288
-295
-195
-193
-214
-21
-4
101
82
81
183
127
39
-42
-61
-179
-190
-146
-259
-206
-156
-179
-214
-192
-392
-415
-478
-431
-416
-453
-421
-546
-543
-497
-477
-449
-355
-250
-404
-376
-487
-434
-323
-373
-229
-16
265
246
283
358
438
373
427
423
283
299
162
192
210
227
161
163
173
135
171
32
-34
5
53
235
196
98
-87
-24
14
-201
-264
-153
-241
-336
-290
-224
-342
-253
-237
-201
-73
-4
18
-72
130
157
36
82
153
135
180
115
149
-16
-13
-63
36
80
-22
43
75
249
239
171
107
-7
76
110
224
362
310
235
380
337
387
445
499
537
476
699
672
696
600
495
382
420
464
379
327
281
255
36
178
185
72
190
158
83
198
347
280
207
209
196
121
133
222
264
263
292
249
325
195
253
376
408
477
452
465
453
531
498
715
653
731
687
627
615
465
450
171
212
295
185
323
200
155
112
105
118
79
125
34
80
-25
-8
99
12
6
16
6
-39
-42
66
34
90
221
190
141
99
72
88
-57
20
-53
-39
73
-3
140
273
432
375
257
448
419
494
403
386
354
273
173
162
191
167
95
-20
194
81
92
45
-55
30
-99
-1
89
214
289
309
334
411
477
426
464
567
544
601
576
546
496
507
537
524
472
373
443
491
523
546
621
549
645
638
513
581
581
347
317
244
200
207
130
109
54
113
48
102
100
262
141
215
302
275
378
215
274
232
118
114
201
241
277
313
427
303
260
159
61
174
118
149
174
101
-11
-141
-277
-395
-605
-604
-606
-677
-843
-841
-819
-687
-573
-452
-290
-212
-252
-382
-178
-375
-397
-248
-279
-217
-138
-40
-31
-28
43
-10
-63
30
0
-34
-236
-320
-499
-547
-639
-699
-566
-659
-685
-786
-950
-919
-908
-904
-868
-902
-748
-639
-544
-604
-661
-754
-669
-595
-664
-668
-847
-922
-1028
-1114
-1170
-1115
-951
-875
-996
-1010
-1050
-1141
-1049
-1083
-1059
-972
-956
-950
-1050
-1214
-1192
-1169
-1251
-1226
-1111
-1029
-901
-640
-570
-501
-289
-329
-195
-166
-278
-300
-140
-44
-116
-180
-267
-261
-81
2
-48
-107
-10
67
17
128
157
230
325
355
351
224
153
262
177
84
166
-10
10
-63
-224
-373
-227
-237
-227
-147
-187
-276
-402
-309
-432
-305
-182
-243
-113
37
52
-10
-6
32
15
53
57
-25
-44
-105
-79
-131
-86
-62
-12
-68
-265
-192
-268
-306
-360
-386
-298
-323
-343
-243
-200
-201
-185
-208
-77
72
163
256
357
453
492
544
579
566
549
565
538
585
644
559
522
647
536
493
414
498
412
368
369
234
81
30
79
101
-67
-18
123
50
187
197
235
553
641
710
981
991
997
1044
989
1084
1122
1022
1079
1055
1112
1117
972
945
875
878
887
974
903
917
898
819
635
478
506
493
300
302
250
135
92
3
-65
-153
-243
-366
-413
-558
-580
-708
-667
-723
-635
-577
-548
-533
-517
-349
-205
-125
56
119
121
298
203
298
499
540
584
550
662
611
542
473
467
571
642
642
642
719
737
722
785
834
705
685
680
565
566
708
567
490
592
573
575
575
630
576
524
589
588
648
721
624
502
358
249
206
176
348
381
438
460
295
389
357
329
361
323
452
495
548
483
557
479
459
428
208
226
170
225
122
159
236
126
28
11
57
77
88
27
-187
-305
-398
-537
-563
-571
-660
-692
-809
-889
-896
-880
-960
-1191
-1159
-1246
-1327
-1447
-1460
-1592
-1625
-1693
-1709
-1664
-1643
-1588
-1622
-1635
-1712
-1693
-1685
-1572
-1688
-1548
-1457
-1455
-1318
-1304
-1419
-1317
-1246
-1281
-963
-875
-774
-656
-531
-561
-506
-612
-739
-708
-707
-659
-799
-791
-753
-701
-686
-494
-448
-431
-271
-260
-235
-215
-70
33
85
41
1
67
-139
-321
-408
-423
-441
-409
-383
-329
-216
-146
-84
-161
-227
-307
-302
-157
-208
-195
-105
0
26
189
185
57
103
-81
-123
-212
-295
-177
-148
-167
-201
-53
23
51
59
84
41
179
205
296
439
339
412
383
373
323
235
153
213
146
137
280
125
95
68
45
33
-22
-35
3
-21
117
114
-28
-42
-47
-38
-139
-28
-86
-258
-273
-366
-398
-423
-458
-418
-324
-322
-331
-287
-267
-359
-372
-418
-424
-439
-502
-517
-580
-587
-616
-657
-546
-529
-507
-524
-585
-461
-496
-442
-348
-262
-262
-238
-65
-165
-139
-76
-83
-48
-157
-121
-192
-100
-162
-162
-235
-213
-203
-140
32
73
157
283
345
299
594
662
657
614
511
565
493
563
537
605
458
352
309
162
79
40
-86
62
35
16
-24
12
133
-44
129
67
65
51
213
257
155
328
327
366
464
458
421
396
441
410
271
350
417
438
381
358
410
517
497
569
621
588
659
765
891
966
920
952
829
921
948
866
1015
1047
882
951
901
980
1037
944
1006
959
1047
1074
1034
893
793
639
449
500
480
351
421
469
433
475
382
233
224
308
173
128
5
-108
18
-106
-73
15
-201
-224
-228
-251
-237
-176
-216
-177
-248
-316
-161
-240
-181
-206
-193
-294
-367
-332
-309
-251
-392
-455
-463
-564
-640
-643
-831
-713
-750
-774
-584
-639
-616
-702
-457
-485
-500
-392
-370
-521
-552
-495
-647
-689
-728
-563
-489
-475
-446
-454
-428
-297
-229
-118
-56
12
-24
-12
107
40
29
86
6
-85
0
123
209
162
174
234
183
319
324
416
463
540
395
373
235
432
493
344
350
384
464
603
612
427
490
563
587
671
775
675
757
755
703
605
521
336
185
98
-23
-30
-182
-155
-106
-135
-237
-164
-220
-303
-293
-303
-371
-531
-369
-451
-323
-248
-207
-111
-175
-72
-65
31
59
154
136
31
-89
-150
-229
-227
-288
-233
-259
-189
-20
35
220
334
313
350
496
461
467
532
502
431
348
364
363
399
305
148
248
255
287
264
280
301
315
257
260
222
165
182
51
286
273
137
139
111
243
216
230
329
322
210
210
193
221
238
174
37
-54
-47
-205
-225
-419
-349
-426
-552
-533
-614
-713
-690
-654
-577
-520
-566
-606
-583
-373
-275
-231
-100
-45
-153
-100
-90
-193
-133
-7
50
63
39
-20
14
133
266
202
245
334
296
382
244
354
335
329
265
170
195
188
274
127
206
170
141
146
248
289
279
339
386
343
368
242
212
175
168
165
25
132
130
158
92
84
119
38
-24
-27
-59
24
48
162
127
141
148
96
72
-37
-77
-4
80
112
139
180
109
80
138
205
125
154
72
84
174
150
116
43
102
86
115
71
16
-3
-58
77
126
-47
-5
67
57
80
140
267
267
271
249
101
51
109
134
189
232
332
374
408
289
238
200
122
32
-209
-206
-146
-72
-72
-23
12
-28
88
180
254
268
449
510
621
574
628
601
642
755
810
680
530
454
410
489
393
366
324
83
159
140
145
230
244
290
262
294
289
243
155
254
232
64
-34
-119
-131
17
125
11
15
56
92
51
-91
-112
-154
-203
-244
-214
-323
-428
-484
-566
-512
-555
-421
-338
-245
-197
-56
20
102
123
33
86
8
-98
-105
-157
-199
-68
121
87
15
62
147
24
47
165
110
269
283
190
139
199
15
31
75
95
244
292
343
230
206
248
190
179
204
295
205
262
193
231
227
254
366
348
284
244
286
418
498
604
732
710
805
827
848
898
842
972
950
917
905
1002
988
969
1057
923
815
808
801
713
680
553
513
190
168
159
132
70
73
61
13
10
75
-23
34
124
113
232
180
245
121
120
-23
-38
26
93
100
61
42
61
-71
-199
-310
-393
-313
-375
-455
-546
-437
-444
-553
-632
-653
-706
-671
-527
-543
-585
-552
-642
-534
-588
-575
-655
-786
-682
-631
-614
-606
-605
-596
-547
-766
-679
-792
-758
-830
-938
-864
-916
-864
-787
-842
-901
-840
-887
-1012
-890
-851
-889
-848
-765
-788
-722
-751
-673
-539
-567
-568
-437
-404
-405
-481
-604
-662
-626
-508
-535
-525
-423
-403
-397
-384
-377
-375
-254
-216
-289
-331
-369
-376
-432
-247
-220
-415
-457
-453
-425
-539
-438
-572
-462
-421
-515
-462
-549
-569
-521
-510
-442
-333
-352
-385
-340
-285
-296
-181
-178
-201
-161
-199
-76
-207
-76
-35
17
124
186
226
216
271
269
306
281
266
144
146
74
-124
-56
-221
-451
-535
-512
-461
-634
-530
-486
-478
-501
-521
-559
-502
-543
-529
-546
-538
-498
-505
-165
-175
-152
-122
-100
-146
-119
-122
-173
-152
-189
-99
-298
-249
-178
-279
-313
-387
-446
-496
-535
-582
-586
-606
-618
-559
-577
-572
-414
-457
-392
-264
-273
-264
-241
-142
-176
-104
-63
-72
95
129
191
235
439
496
474
616
631
723
598
579
491
520
569
595
611
478
488
466
450
348
416
412
470
528
538
558
463
345
389
272
179
194
95
27
87
28
144
220
232
417
586
676
632
716
0
0
0
0
0
0
0
0
0
0
0
0
0
0
0
0
0
0
0
0
0
0
0
0
0
0
0
0
0
0
0
0
0
0
0
0
1
0
0
0
0
-1
0
0
0
0
0
0
0
0
0
0
0
0
0
0
0
0
0
0
0
0
0
0
0
0
0
0
0
0
1
0
0
0
0
0
0
0
0
0
0
0
0
0
0
0
0
0
0
0
0
0
0
0
0
0
1
1
0
0
0
-1
1
1
0
0
0
0
0
0
0
0
0
0
0
1
0
0
0
0
0
0
0
0
0
0
0
0
0
0
0
0
0
0
0
0
0
0
0
0
0
0
0
0
0
0
0
1
0
1
0
0
0
0
0
0
1
0
0
1
-1
0
0
0
0
0
0
0
0
0
0
0
-1
0
-1
0
0
0
0
0
-1
0
0
0
0
0
0
0
0
0
0
0
0
0
0
0
-1
0
0
0
0
0
0
1
0
0
0
0
0
0
0
0
0
0
0
0
0
0
0
1
0
1
0
0
0
0
1
0
0
0
-1
0
0
0
0
0
0
0
0
0
0
0
0
0
0
0
0
0
0
0
0
0
0
0
0
0
0
0
0
0
0
0
0
0
0
0
0
0
0
0
0
0
0