0
0
0
0
0
0
0
0
0
0
0
0
0
0
0
0
0
0
0
0
0
0
0
0
0
0
0
0
0
0
0
0
0
0
0
0
1
0
0
0
0
-1
0
0
0
0
0
0
0
0
0
0
0
0
0
0
0
0
0
0
0
0
0
0
0
0
0
0
0
0
1
0
0
0
0
0
0
0
0
0
0
0
0
0
0
0
0
0
0
0
0
0
0
0
0
0
1
1
0
0
0
-1
1
1
0
0
0
0
0
0
0
0
0
0
0
1
0
0
0
0
0
0
0
0
0
0
0
0
0
0
0
0
0
0
0
0
0
0
0
0
0
0
0
0
0
0
0
1
0
1
0
0
0
0
0
0
1
0
0
1
-1
0
0
0
0
0
0
0
0
0
0
0
-1
0
-1
0
0
0
0
0
-1
0
0
0
0
0
0
0
0
0
0
0
0
0
0
0
-1
0
0
0
0
0
0
1
0
0
0
0
0
0
0
0
0
0
0
0
0
0
0
1
0
1
0
0
0
0
1
0
0
0
-1
0
0
0
0
0
0
0
0
0
0
0
0
0
0
0
0
0
0
0
0
0
0
0
0
0
0
0
0
0
0
0
0
0
0
0
0
0
0
0
0
0
0
2414
2946
2582
1899
881
290
205
140
381
469
763
928
927
883
891
598
336
164
-661
-1046
-632
142
1351
2143
2623
2452
1338
-582
-2264
-2460
-1828
-423
1177
2265
2348
1504
221
-1001
-1459
-673
824
1886
2319
1972
1232
910
1243
1858
2108
1841
1460
854
661
791
393
-243
-298
109
700
1143
1547
1348
612
361
363
572
1202
1520
1119
1000
582
334
202
-204
-426
-947
-1098
-905
-322
909
1687
2037
1649
678
94
-181
-45
532
1076
1501
1394
1379
1314
600
-47
-1243
-2574
-3300
-3033
-1876
-525
231
284
-15
-412
-1103
-1667
-1577
-1062
-374
170
1001
1510
1623
1630
1088
198
-655
-1146
-1525
-1162
-672
-6
1279
2174
2269
2053
932
-300
-1269
-1958
-1519
-483
681
796
286
-562
-1156
-1159
-829
39
892
1655
2212
2236
2209
1975
1617
1400
1774
2019
2188
2220
1397
320
-732
-997
-673
58
585
979
547
-480
-1399
-2099
-2011
-1537
-511
-90
-127
-662
-1285
-1692
-1797
-1492
-1209
-599
143
1062
1564
1376
422
-1154
-2182
-2380
-1703
-135
1268
1694
1417
678
257
-23
-119
-88
102
322
813
1432
1454
1127
284
-870
-1321
-1160
-793
-304
-47
-432
-1199
-1688
-1957
-1422
-643
52
136
-229
-506
-610
-189
384
669
683
1098
1516
2108
2350
2132
1701
1264
1005
787
810
787
195
-419
-503
-44
361
325
-537
-1655
-1964
-1612
-675
479
1153
1071
171
-864
-1722
-2251
-1705
-1166
-893
-802
-1204
-1744
-1985
-1506
-949
-882
-983
-1254
-1124
-561
31
468
470
7
-430
-739
-1037
-1015
-307
440
746
1090
936
529
-707
-1944
-2307
-1884
-686
641
1073
105
-1414
-3138
-3646
-2763
-1694
-727
-1065
-1660
-2297
-2538
-2028
-1475
-784
-300
-313
-498
-773
-492
131
559
703
-68
-779
-1300
-821
-72
-117
-302
-619
-1135
-1262
-1619
-1674
-1350
-1233
-847
-100
349
595
294
-674
-1268
-1512
-1148
27
1090
1219
662
-353
-1232
-1995
-2049
-1583
-1015
-989
-863
-246
857
1397
919
373
-17
15
391
1084
1778
2169
2078
1285
534
-54
-200
97
-380
-1166
-1333
-632
-284
-353
-347
-513
-979
-1571
-1709
-1206
-305
441
581
541
609
809
378
-847
-2029
-2365
-1504
-100
1233
1789
1261
-208
-1917
-2412
-2166
-1175
-151
210
155
-328
-378
-57
357
321
-258
-925
-691
57
297
210
-203
115
360
679
948
1458
1386
681
108
-166
278
1063
1368
1411
1407
1005
1258
1431
1885
2392
2437
1624
1173
1148
1230
1765
1793
1468
614
-273
-396
0
798
1060
515
-150
-377
21
623
1278
1585
1547
1585
1856
1673
1844
2164
2222
1798
1131
630
313
407
489
338
203
685
1145
1545
1884
1651
1262
840
815
1354
1628
1514
1052
333
299
387
481
600
469
302
-51
-126
-161
-164
291
680
604
475
-70
-253
81
193
25
-201
-108
-60
-147
-617
-987
-1064
-890
-652
-482
-57
536
664
341
-412
-870
-566
96
535
680
693
625
483
-141
-1198
-1722
-941
-51
575
526
827
1361
1429
859
259
659
1425
1784
1307
1084
966
951
784
869
908
972
945
667
340
229
0
102
704
1328
1634
1145
67
-926
-1520
-1658
-1289
-34
1354
1947
1719
683
-320
-1146
-1304
-1013
-631
-187
356
691
615
430
445
590
588
69
-1038
-1869
-2227
-1726
-1200
-401
108
283
532
239
-267
-1006
-923
-444
308
550
24
-1062
-1988
-2518
-2599
-2039
-1985
-2427
-2934
-3154
-2962
-2621
-1906
-1129
-766
-473
-704
-890
-385
455
753
631
-125
-549
-821
-817
-327
354
252
-130
-446
-745
-776
-1286
-1942
-1716
-921
-300
574
839
474
3
-772
-875
-553
-593
-944
-1553
-2076
-2170
-1700
-692
2
50
-278
-1172
-1930
-2109
-1393
-488
-68
121
-610
-1355
-1998
-2266
-1632
-1109
-209
592
656
107
-813
-1343
-1242
-670
253
1181
1647
1634
1068
-400
-855
-533
385
803
238
-556
-1203
-1381
-1009
-498
-527
-574
-1041
-1495
-1717
-1746
-1454
-1196
-975
-954
-1169
-1122
-601
447
1183
1227
860
584
-114
-704
-621
70
836
1363
1274
130
-1428
-2488
-2602
-2215
-1370
-263
484
29
-930
-1670
-1365
-258
1041
2161
2490
1986
1315
932
932
1560
1707
1776
1414
439
-299
-602
-351
249
945
1195
1336
1095
412
-637
-982
-491
545
1287
1233
397
-859
-1847
-2662
-2199
-799
97
308
-59
-982
-1708
-1672
-914
495
1299
1443
1049
708
954
1432
1900
2385
1924
930
101
-187
359
685
1146
1306
1605
1820
1379
807
833
1199
2217
3201
3488
2921
1652
283
-681
-1049
-818
8
488
731
179
-742
-1268
-1539
-1071
-273
66
49
394
1174
1877
2378
2697
2912
2685
2077
1431
1124
1445
1766
2381
2748
2545
2020
244
-1548
-2450
-2127
-901
535
1536
1811
1188
-192
-1269
-1606
-1063
-331
631
678
542
282
330
484
149
-375
-780
-743
-851
-907
-450
279
658
887
1009
1642
1996
2113
1832
1179
876
907
1191
1404
842
120
19
337
799
796
-101
-925
-2151
-3141
-2973
-2340
-1244
-564
-915
-1716
-2031
-2024
-1941
-1983
-2167
-1785
-1301
-908
-417
-422
-143
-341
-1290
-1666
-1690
-972
61
833
1083
1293
866
-50
-395
-419
256
1126
1801
2115
1791
707
-955
-2352
-3145
-2799
-1835
-878
-123
-441
-1365
-2361
-2766
-2548
-1704
-636
-31
-113
-301
-379
-290
-82
95
-540
-1120
-1396
-1446
-1260
-1373
-1065
-373
474
1124
1100
985
569
-139
-384
71
1297
2370
2646
2061
1243
574
183
-58
88
-42
-397
-763
-1261
-1286
-1044
-1018
-1412
-1704
-1456
-819
-506
73
617
690
297
-201
-661
-1017
-484
309
758
1219
1406
1309
668
-137
-385
-278
109
476
1040
1515
1596
1506
1363
976
430
-207
-686
-764
-216
496
927
872
179
-568
-955
-1470
-1332
-1136
-758
124
501
290
-237
-636
-514
29
648
1122
1532
1999
1510
487
-261
-382
-139
145
-5
199
440
450
277
-24
37
-154
-408
-546
-357
41
446
455
22
-856
-1504
-1655
-1820
-1848
-1498
-1071
-716
-804
-1266
-1606
-2119
-1748
-937
-113
463
857
1205
1190
763
63
59
649
1231
1367
535
-494
-1344
-1768
-1611
-1372
-896
-715
-1003
-1642
-2121
-1906
-1410
-851
-163
-78
-214
-666
-1135
-1179
-852
-258
330
367
-179
-607
-833
-796
-412
281
807
1589
1804
1638
1013
436
477
603
750
432
243
327
591
787
481
206
-53
241
459
684
667
542
313
-246
-508
-829
-1040
-1203
-1364
-2121
-2218
-2213
-2334
-2338
-2188
-1409
-612
-747
-1191
-1701
-1433
-635
90
518
579
1008
1582
1995
1777
1465
835
1199
1883
2169
1796
1133
793
283
-127
-197
317
665
300
-832
-1893
-1902
-1519
-846
-260
110
552
194
-506
-1537
-1987
-1712
-831
-423
-716
-429
-54
-87
-753
-1627
-1851
-1218
-492
-687
-972
-327
543
1319
1371
765
284
537
817
676
962
1434
1632
1305
593
-364
-1015
-1152
-1357
-1554
-1169
-543
-86
-456
-1392
-1824
-1532
-1336
-1044
-1007
-749
-214
130
89
-522
-1063
-1014
-229
769
1113
957
924
332
-644
-1107
-445
419
673
309
21
522
886
1190
797
224
297
734
1332
1594
1557
1499
954
187
-117
-94
200
417
-53
-666
-717
-439
82
99
169
-172
-387
-155
113
612
855
960
465
-599
-798
-332
93
673
854
702
592
815
1178
1629
1771
1433
622
-325
-668
-369
212
854
945
1200
1514
1736
1669
1356
1168
1561
1726
1679
1677
1785
1896
1539
945
432
736
1454
2018
2062
1958
2135
2676
2777
2360
1479
613
383
1251
2268
2857
2990
2248
1047
277
165
980
1868
2125
1773
915
321
54
-284
-95
467
707
794
451
466
546
592
780
464
240
337
322
-172
-499
-462
-474
-546
-421
71
511
427
244
75
-79
116
201
117
255
191
-106
-229
-572
-734
-457
-444
-1064
-1864
-1772
-918
-468
-660
-1116
-1468
-1810
-2066
-2460
-2444
-2216
-2127
-2037
-2347
-2364
-1481
-558
74
185
150
-355
-758
-850
-653
70
700
1009
966
913
828
453
-168
-75
481
1030
1011
206
-414
-917
-1182
-1248
-811
-620
-685
-843
-1081
-1242
-1223
-615
80
821
706
-134
-1208
-2202
-2877
-2483
-1406
-118
905
908
342
-507
-1311
-1811
-1741
-1407
-780
-380
-597
-1149
-1701
-1556
-1372
-858
-431
-303
-424
-890
-1384
-1432
-967
-476
-144
-179
-397
-447
-516
-1021
-1200
-863
-427
-128
-64
-304
-484
-419
-425
-61
236
-42
-662
-1511
-1798
-1247
-268
703
1218
1164
429
-729
-1114
-615
235
751
438
-264
-1044
-1085
-433
317
701
1175
1814
2061
1869
1319
1055
909
725
883
798
739
434
86
-61
320
907
1517
1481
807
262
477
1114
1924
2482
2229
1704
770
-239
-756
-432
307
1035
1134
927
502
54
-537
-1025
-966
-791
-336
-90
-180
-135
138
509
919
1395
2019
2239
1686
433
-342
-343
55
528
715
467
-9
-483
-985
-1555
-1235
-660
52
382
174
186
449
591
444
592
604
989
1118
1142
862
544
606
400
42
-598
-851
-448
99
547
262
-500
-1182
-1208
-742
-132
461
1177
1847
2013
2066
1537
866
293
82
345
570
576
-109
-758
-1202
-825
151
589
950
829
721
812
677
918
1454
2118
2361
2596
2442
2080
1596
941
766
818
661
320
60
-179
-133
56
451
777
839
786
984
1532
1950
2209
2589
2888
3036
2847
2612
2395
2292
2039
1168
401
-211
-742
-684
-510
-159
776
1531
1955
1777
1729
2040
2498
2145
1487
1135
636
428
357
694
952
1216
1218
1135
545
-276
-848
-1011
-839
-359
167
452
449
156
-177
-564
-378
-50
330
313
-138
-815
-1475
-1800
-1839
-1477
-1277
-1316
-1320
-1492
-1741
-1849
-1301
-298
1000
1804
1546
774
-40
-825
-1287
-1020
-720
-224
-368
-783
-1352
-1858
-2127
-2366
-1677
-971
-1022
-1427
-1688
-1475
-1322
-1057
-744
-239
501
415
-305
-1387
-2166
-2058
-1715
-1910
-2113
-2310
-2190
-1718
-1236
-938
-926
-851
-1154
-1507
-1629
-1425
-917
-567
-347
-55
-249
-779
-1529
-1951
-1860
-1190
-529
-54
45
-447
-623
-351
330
861
996
747
93
-574
-1158
-1346
-1390
-1522
-1328
-811
-135
206
29
51
64
210
248
-162
-597
-819
-950
-941
-150
1015
2022
1863
1285
756
122
-98
-71
-99
-16
-173
-485
-858
-1145
-605
61
779
957
394
-117
-185
86
241
365
595
970
986
803
711
252
-135
-252
-491
-574
-23
248
434
401
-35
-350
-317
-16
333
572
873
1157
666
92
-100
-144
-228
-540
-1041
-1136
-896
-845
-992
-1198
-1153
-686
194
744
824
602
353
-148
-311
291
912
1314
1460
1332
1109
662
479
577
623
515
512
339
201
173
394
808
1049
852
318
-135
-465
-456
-189
113
-173
-341
-683
-1178
-1444
-801
170
943
1543
1280
418
-675
-1366
-1355
-373
385
628
571
694
675
451
-9
43
1067
1742
1603
1122
317
-392
-986
-746
-6
771
1131
711
-338
-1320
-1659
-1536
-956
-394
126
186
-172
-776
-1700
-1769
-1232
-563
-396
-330
-276
-467
-637
-507
-668
-541
-554
-738
-732
-804
-186
380
503
140
-77
-570
-885
-1072
-1453
-1328
-763
-334
-297
-690
-1095
-1261
-1044
-611
-248
227
530
458
-107
-453
-320
404
1292
1400
827
-60
-573
-653
-291
163
795
1056
982
892
155
-31
45
466
746
1098
1552
1854
2060
1775
1354
854
534
490
871
953
1163
1496
1524
1717
1814
1603
1120
453
-18
26
391
611
516
261
10
-112
142
225
372
782
800
632
261
-249
-572
-216
162
749
949
724
375
-106
-671
-809
-706
-129
65
-398
-795
-1308
-1342
-1198
-951
-702
-1035
-1429
-1724
-1957
-1594
-1050
-450
-161
-94
-93
-170
-292
-601
-756
-464
-384
-392
-642
-719
-464
-625
-846
-874
-930
-873
-1265
-1571
-1621
-1698
-1202
-451
280
640
428
49
-523
-1201
-1284
-692
124
611
492
-57
-496
-855
-1171
-1111
-1083
-1384
-1378
-997
-533
-204
-312
-955
-1358
-1322
-1297
-493
629
1546
1842
1523
758
-347
-936
-687
411
1699
2545
2098
987
-198
-859
-1192
-1161
-319
846
1459
1399
433
-670
-660
-66
1231
2570
2886
2341
1571
823
841
1292
1565
1774
1243
646
37
-143
169
866
1716
1683
1168
223
-395
-717
-551
74
857
1145
933
-73
-1158
-1484
-1703
-1089
-669
-322
-44
-206
-294
-285
-538
-435
-148
-689
-1134
-1635
-1371
-983
-657
-425
-259
-73
-612
-1466
-2195
-2148
-1326
-611
183
777
1071
784
117
-624
-771
158
1009
1390
977
347
-191
-712
-1097
-818
-110
560
545
-2
-294
-222
296
472
436
328
135
-56
-53
193
307
600
821
900
640
295
224
95
177
281
22
-308
-808
-1157
-1420
-1215
-515
461
1325
1688
1590
933
293
-473
-987
-901
-380
-56
-505
-806
-1281
-1609
-755
34
223
-79
-431
-645
-623
-50
926
1514
1742
1311
872
499
55
-307
-485
-110
258
226
-404
-641
-538
-309
-229
32
147
197
409
334
156
464
591
114
-222
-823
-993
-1014
-1054
-610
-395
-251
7
338
437
598
695
659
623
725
1129
1305
1111
942
560
166
-60
-490
-690
-643
-345
-44
-13
-89
-384
-515
-779
-552
-132
660
1453
1624
1596
1523
1197
891
619
-199
-886
-855
-529
-225
-31
220
331
332
420
-33
-252
-170
134
329
391
883
1464
1839
2108
1730
1572
1319
564
374
320
175
124
-226
-485
-434
-403
-206
19
89
194
756
822
1106
1615
1603
1299
1187
936
883
1119
1279
933
521
82
-156
-482
-776
-689
-533
-376
-1130
-1647
-1671
-1487
-866
-184
515
1322
1757
1696
1212
268
-266
-587
-329
181
300
320
237
98
-325
-614
-523
-423
-196
64
231
712
1448
1923
2109
1740
1069
682
316
142
-193
-803
-1260
-1228
-1134
-937
-598
-939
-1344
-1988
-1869
-1487
-996
-470
-395
-264
-213
-229
-40
357
455
271
81
-135
74
207
445
416
-76
-254
-235
217
662
486
-14
-465
-708
-455
60
331
634
575
351
-124
-450
-378
-219
-318
-810
-996
-970
-739
-450
-164
161
407
702
1056
685
326
277
154
148
-19
42
473
857
920
782
215
-20
111
336
628
537
452
444
653
670
871
749
536
347
148
-173
-764
-1106
-1438
-1154
-993
-756
-603
-453
-475
-415
-121
2
271
50
-6
2
132
100
-205
-236
-311
-155
156
312
738
1062
1279
867
185
-557
-1069
-1147
-571
249
419
307
-268
-1227
-1971
-2148
-1790
-1378
-1307
-1515
-1662
-1419
-1143
-1047
-1051
-988
-696
-632
-678
-743
-1021
-1498
-1430
-1252
-1177
-691
-125
-9
-378
-1168
-1557
-1889
-1620
-1260
-1148
-839
-718
-672
-734
-580
-533
-897
-1355
-1461
-1494
-1317
-1340
-1095
-1297
-1661
-1480
-1383
-1416
-1364
-1164
-1305
-1206
-1024
-582
-102
286
795
815
909
1187
1423
1346
931
201
-269
109
561
734
802
674
189
-123
-177
-446
-738
-598
-549
-443
461
1294
1723
1842
1725
1573
1090
412
-160
-506
-792
-896
-618
-577
-842
-841
-796
-388
-296
-2
310
679
1153
1247
1558
1626
1403
1454
1341
786
522
98
-71
-388
-728
-828
-733
-609
-488
-817
-1370
-1587
-1695
-1540
-1225
-756
-310
-60
10
233
598
1146
1065
1078
878
555
324
526
508
440
493
545
519
235
72
139
313
262
224
410
639
1067
1379
1285
1230
1013
612
546
409
597
1020
1448
1458
1616
1758
1820
1948
1759
1328
836
431
191
177
117
125
430
991
1747
2301
2280
2065
1987
2155
2143
2122
1986
1811
1921
1811
1696
1695
1204
609
73
-76
99
219
440
474
542
733
904
1142
1183
814
448
532
1154
1682
1818
1633
1155
682
489
570
513
295
12
-68
215
559
815
972
1089
1135
1171
944
624
305
-151
-603
-844
-923
-927
-1161
-1487
-1714
-1805
-1286
-755
-499
-251
-173
-310
-533
-393
-356
-46
541
870
1127
966
697
282
-436
-1128
-1325
-1499
-1295
-756
38
739
768
358
-197
-665
-751
-308
-12
233
286
74
-415
-728
-1100
-1426
-1578
-2122
-2805
-3074
-2653
-1986
-1468
-1344
-917
-348
176
332
355
634
1062
1488
1830
1750
1526
1082
98
-412
-573
-312
-78
-330
-805
-1126
-1230
-1247
-1380
-1147
-481
-226
15
14
-38
264
273
334
68
-329
-554
-791
-867
-771
-315
-82
-139
-693
-1302
-1145
-702
50
615
375
-18
-227
-454
-573
-616
-600
-514
-498
-595
-461
-397
-711
-1109
-1541
-1777
-1934
-2255
-2561
-2870
-2788
-2439
-1863
-1315
-1076
-1001
-907
-844
-918
-770
-501
-240
361
638
652
766
694
741
602
328
103
-285
-777
-1103
-1326
-1122
-552
-207
-109
-55
-40
-37
178
432
529
289
181
299
536
856
971
666
239
-96
-382
-466
-607
-556
-259
342
1092
1582
1599
1107
848
779
987
1154
1440
1894
1830
1494
968
574
341
26
-24
-3
96
-53
-343
-355
-647
-454
-241
-196
-235
-507
-562
-473
-460
-698
-687
-636
-475
-437
-681
-698
-643
-468
-147
-77
13
-205
-487
-850
-1193
-1312
-1109
-756
-412
-245
-602
-846
-897
-1145
-1222
-1131
-1045
-714
-455
-681
-922
-1104
-925
-826
-950
-1166
-1495
-1202
-868
-630
-713
-911
-913
-746
-758
-778
-665
-237
-117
-593
-1052
-1345
-1196
-810
-320
-273
-582
-661
-656
-638
-579
-706
-986
-1139
-1000
-899
-526
-235
-386
-517
-481
-518
-551
-693
-867
-874
-563
-332
4
184
305
370
87
-274
-37
354
822
1521
1758
1913
1924
1689
1556
1968
2472
2828
2806
2608
2334
2336
2653
2821
2793
2173
1415
854
790
1248
1827
2287
2358
1762
1303
912
805
972
1060
1243
1392
1585
1816
1777
1479
1337
1372
1653
1740
1971
1972
1990
2011
1838
2148
2620
3216
3384
2935
2203
1406
1018
1146
1719
2058
2228
2110
1834
1369
923
703
608
615
529
617
960
1237
1594
1809
1595
1162
575
534
331
271
338
507
546
801
1023
1288
1677
1670
1780
1955
1965
1991
1758
1436
1144
909
795
538
492
272
-173
-644
-722
-588
-456
-424
-705
-780
-754
-727
-650
-557
-335
-385
-353
-308
-185
-351
-548
-934
-1006
-615
-86
446
531
422
18
-127
-131
42
47
76
-107
-299
-28
-112
-169
-423
-1016
-1588
-1869
-1763
-1704
-1614
-1306
-1038
-568
-518
-677
-1234
-1840
-1746
-1599
-1425
-1245
-1179
-1508
-2032
-2312
-2306
-1853
-1125
-434
-226
-327
-620
-854
-388
251
992
1385
1189
742
270
199
174
-20
-466
-976
-1756
-2113
-2298
-2252
-2110
-2123
-2017
-2003
-1768
-1788
-1820
-1756
-1616
-1388
-1060
-586
-311
-228
-211
-444
-810
-1061
-962
-1081
-1603
-2017
-2077
-1880
-1686
-1526
-939
-472
-70
138
65
208
94
-135
-411
-704
-950
-1304
-1578
-1698
-1797
-1915
-2175
-2398
-2189
-1956
-1584
-1164
-921
-709
-648
-633
-333
365
801
910
621
144
-51
7
82
168
444
664
849
780
513
455
653
980
1251
1577
1641
1401
971
721
661
903
1014
628
-67
-656
-910
-891
-459
-90
-12
-89
-504
-795
-831
-759
-676
-402
23
522
750
595
321
-232
-456
-198
133
502
613
162
-377
-676
-468
-297
-250
-309
-764
-1278
-1372
-781
-14
105
-241
-1150
-1995
-2479
-2876
-2668
-2321
-1931
-1712
-1983
-2121
-1988
-1964
-1838
-1744
-1514
-827
-563
-633
-867
-993
-944
-738
-409
-186
-177
-388
-567
-838
-721
-430
-16
339
211
-48
-4
-128
-51
-43
-243
-416
-739
-847
-463
-33
401
275
-133
-565
-959
-623
-145
335
524
574
939
1235
1464
1632
1395
1332
1557
1442
1327
1150
1071
962
935
1443
1826
1799
1535
1327
1100
1236
1703
2019
2116
1739
1026
500
226
182
356
707
718
573
183
-221
-597
-674
-432
-201
-34
38
6
-53
-204
-322
-329
-392
-55
31
296
164
-57
86
363
529
1018
1315
1177
682
-146
-817
-880
-446
120
587
512
306
-538
-1245
-1657
-1479
-937
-313
87
186
117
-452
-827
-846
-655
-305
155
510
819
830
836
997
1302
1431
1324
934
763
606
507
552
981
1487
1405
1278
1090
886
402
-304
-797
-523
-273
147
665
732
651
348
116
-74
-40
360
952
1165
1190
1397
1562
1797
1745
1559
1288
919
991
1189
1069
576
321
391
870
1467
1711
1659
1318
1049
529
291
143
506
811
813
764
654
416
271
241
-108
-190
-6
34
145
-138
-460
-446
-353
-316
-316
-294
-251
-135
247
609
776
1124
941
372
-421
-989
-1173
-991
-179
438
758
641
225
-159
-323
-91
186
153
-122
-265
13
-128
-220
-689
-838
-572
-619
-740
-915
-942
-795
-411
19
314
278
261
19
2
118
510
817
1063
1197
841
628
418
477
376
159
77
109
-15
-145
-225
-529
-795
-824
-353
-97
-94
-392
-705
-919
-1089
-1353
-1397
-1364
-1446
-1240
-1078
-653
-352
-318
-513
-1025
-1332
-1361
-1012
-657
-266
-31
-333
-660
-719
-838
-686
-229
136
224
10
-255
-496
-565
-630
-673
-741
-735
-700
-682
-824
-835
-622
-424
-487
-414
-415
-337
-23
52
186
351
348
276
236
-100
-384
-481
-135
132
284
99
-147
-258
-185
-196
-310
-184
0
247
22
-104
1
408
620
607
424
75
-179
-304
73
123
9
-251
-624
-1033
-1325
-1142
-1129
-885
-1114
-1271
-1394
-1191
-704
-278
258
353
427
557
454
411
285
213
339
414
395
162
-158
-682
-938
-711
-122
324
467
123
-162
-708
-944
-848
-664
-87
108
202
-126
-563
-882
-694
-556
-324
-11
116
157
112
140
120
282
703
1047
1338
1214
796
524
1
-79
30
159
141
-140
-304
-272
-39
390
685
582
216
-134
-210
-249
-411
-428
-325
-275
-56
-69
-146
-387
-482
-808
-1190
-1317
-1549
-1369
-825
-543
-155
30
-174
-247
-225
-124
2
131
310
271
-162
-624
-831
-804
-577
-256
-231
-687
-1296
-2056
-2466
-2887
-2715
-1992
-1214
-467
-108
-150
-467
-1191
-1871
-2092
-1970
-1499
-1217
-1031
-1047
-955
-591
-622
-690
-456
-248
-136
-155
46
306
681
862
678
341
-239
-563
-441
-123
375
755
914
804
187
-203
-341
-402
-126
113
220
4
44
671
1038
1448
1627
1339
1073
705
573
737
1216
1467
1259
1319
1098
1065
1316
1652
2166
2819
3129
3062
2908
2412
2109
1948
1688
909
189
-353
-762
-1086
-1206
-1108
-722
-323
-94
314
317
401
570
858
1252
1419
1708
1507
962
593
279
276
206
305
186
-39
-176
-500
-719
-646
27
753
900
579
81
-401
-402
-12
880
1196
1107
752
245
118
-185
-347
-445
-611
-610
-419
-197
104
489
911
1175
1057
856
707
562
356
88
241
598
743
605
545
644
753
978
1621
2041
2244
2250
2239
2288
2267
2126
1996
1834
1434
1011
724
647
845
995
1077
871
546
410
392
399
516
821
978
1274
1249
1361
1444
1134
799
793
865
855
1036
907
699
501
335
518
677
621
720
472
186
79
92
488
873
1266
1383
1181
908
429
228
120
29
-215
-565
-767
-1131
-1198
-852
-228
15
322
594
491
698
506
420
297
230
395
269
119
-274
-223
84
339
531
344
-130
-865
-1290
-1354
-951
-509
-633
-1020
-1354
-1475
-1211
-842
-729
-764
-947
-1278
-1373
-1382
-1252
-1107
-947
-789
-1069
-1297
-1406
-1296
-1043
-802
-454
-354
-270
-120
-166
-386
-604
-718
-736
-702
-912
-1190
-1401
-1643
-1527
-1051
-632
-626
-693
-1158
-1481
-1479
-1712
-1532
-1370
-1221
-1366
-1778
-1887
-1887
-1832
-1756
-1657
-1767
-2167
-2164
-2031
-1939
-1602
-1127
-657
-372
-561
-723
-814
-878
-641
-118
256
298
-68
-617
-953
-1287
-1415
-1169
-1210
-1287
-1504
-1654
-1391
-932
-389
-82
-264
-652
-777
-1076
-917
-407
60
385
191
-21
-77
-76
17
43
27
-55
-41
250
427
421
279
19
99
321
507
374
251
607
1021
1614
2030
2096
1923
1273
630
118
-102
162
519
792
510
240
-228
-287
7
315
608
446
150
-354
-432
-191
-106
-108
-20
78
75
80
-91
-144
-283
-238
229
599
388
117
42
172
689
1060
1288
1424
1336
1079
1050
969
934
1133
1233
788
101
-360
-422
-342
-196
40
13
-124
-673
-1140
-894
-443
623
1485
2202
2692
2507
2337
2016
1916
1843
1910
1771
1490
1261
993
954
1129
1519
1647
1699
1554
1313
1355
1563
1974
2564
2765
2840
2561
2120
1717
1036
452
35
-269
-593
-668
-746
-819
-732
-413
-36
268
205
62
-75
11
330
716
1063
1085
951
782
563
354
-8
-126
-105
11
-120
-51
-53
97
847
1300
1523
1341
917
236
-626
-950
-914
-818
-942
-1029
-976
-603
-95
138
7
-168
-415
-879
-948
-911
-1052
-1006
-489
74
453
331
259
195
36
252
514
601
741
670
450
495
937
1344
1427
1304
1067
648
431
101
-112
-354
-809
-865
-946
-671
-495
-328
-280
-135
-43
-105
21
115
125
243
255
159
-24
-405
-673
-651
-782
-427
-612
-866
-1094
-1049
-738
-697
-421
-91
289
433
437
-71
-345
-793
-1100
-1059
-1139
-1111
-1212
-1646
-1988
-1955
-1709
-1548
-1210
-1040
-778
-695
-837
-1025
-1277
-1186
-809
-640
-512
-456
-739
-722
-1231
-1540
-1470
-1244
-1035
-931
-1039
-1271
-1476
-1755
-1915
-2061
-1699
-1170
-848
-629
-478
-695
-827
-851
-817
-891
-1168
-1413
-1619
-1699
-2002
-2119
-1672
-1237
-848
-314
-192
-492
-448
-106
168
698
1026
1325
1284
1120
1038
975
1325
928
550
452
777
956
1055
1194
1107
1051
919
856
1111
1215
964
893
565
454
364
51
-2
-8
-15
-161
-358
-526
-489
-144
91
350
877
1397
1729
1527
785
145
-23
25
539
879
1109
1037
939
520
227
-167
-140
247
702
1279
1238
1242
1081
888
535
42
-433
-861
-1322
-1522
-1279
-830
-438
-52
235
262
161
82
23
276
755
1421
2070
2403
2615
2451
1989
1540
1220
1211
1378
1876
2298
2906
2975
2696
2165
1251
840
545
1220
1822
2430
2782
2638
2476
2161
2068
2262
2741
2812
3248
3778
3548
3681
3638
2940
2163
1474
864
146
505
203
345
79
-1189
-1564
-1921
-2929
-3336
-2811
-2531
-1557
-1139
-1353
-1117
-1053
-1224
-1066
-381
-1120
-2226
-2510
-3185
-3798
-3768
-3880
-3948
-3967
-4112
-4307
-4244
-4584
-5064
-5564
-6175
-6667
-6703
-5675
-4748
-3922
-3714
-4731
-5536
-6065
-5710
-3998
-2916
-2635
-2263
-2302
-2070
-1996
-2210
-1852
-1955
-1806
-856
-469
34
402
565
553
1148
1687
1524
1048
127
-707
-1218
-807
-93
481
678
595
372
282
566
1096
2012
3152
4162
4652
5020
5627
5724
6197
7054
8028
9357
10412
11613
12338
12959
13573
14145
14395
14420
13919
13093
12471
11314
10107
8956
7847
6464
4465
2163
-86
-1956
-3900
-5289
-6754
-8023
-8990
-10273
-11376
-12199
-12703
-13319
-14056
-13916
-13582
-13561
-13693
-13806
-14460
-14836
-15120
-15173
-15318
-15215
-15391
-15724
-15887
-16388
-16809
-17703
-19322
-20424
-18392
-15177
-13288
-14691
-14334
-11864
-9353
-7786
-4732
-149
2456
5448
11101
19104
23684
25791
28073
29568
30238
30873
32318
31769
29959
28527
27428
26119
23118
18789
13648
8668
4391
498
-2804
-6260
-9780
-14006
-17024
-18707
-20389
-21865
-23058
-22923
-22817
-21620
-18769
-14901
-11741
-8419
-4204
521
5121
9643
13498
16474
19774
23014
26005
28235
30026
31381
31995
32330
32202
31054
28171
24569
20866
17095
12725
8065
3698
-1092
-5801
-10481
-14693
-18979
-23495
-26895
-28814
-29935
-30840
-31508
-32306
-32062
-30768
-28834
-26663
-24442
-22281
-20237
-18011
-15619
-13435
-11797
-10316
-8277
-6613
-4948
-4295
-4392
-4291
-4188
-1507
-322
-268
-2503
-2087
-1085
-938
-537
180
1956
1456
2720
6720
10853
13267
14726
18046
19154
20325
21263
22267
21474
19255
19210
18390
17782
14644
11503
8954
5718
3404
474
-1270
-3953
-7335
-10454
-12200
-12744
-14128
-13928
-12962
-12124
-11928
-11062
-8658
-6652
-5024
-2555
1197
5000
8598
11934
14951
19076
21890
24769
26114
27137
27546
27005
26813
26562
26733
25776
24160
21931
19498
16849
12736
9049
4546
446
-3575
-7419
-10526
-14926
-18538
-20959
-22034
-22719
-23858
-25108
-25848
-25878
-25270
-23635
-22538
-21286
-19250
-17026
-14751
-13349
-12531
-11868
-11838
-11153
-10465
-9848
-10287
-11088
-11767
-10326
-6768
-5025
-5121
-7031
-6248
-5730
-6301
-5478
-3615
-1628
-1385
2760
8757
14112
16670
19447
23408
23643
24742
25324
26331
23853
20794
19961
18579
17011
12958
9743
5998
2296
-1136
-5314
-7895
-11987
-15423
-18839
-20132
-20656
-21037
-19764
-18205
-16846
-15756
-12914
-9272
-7272
-5058
-1440
2750
6319
9766
14318
18913
22767
25200
27917
30241
31873
32453
31486
30154
28166
26701
24479
22348
20562
17998
15404
11296
7734
2778
-1912
-6914
-11695
-15861
-20241
-22696
-24764
-25914
-27310
-28030
-27764
-27481
-26798
-26251
-25075
-24081
-22355
-19749
-17157
-14671
-13086
-11932
-10758
-9803
-8422
-7246
-6669
-6914
-7923
-8136
-9390
-9726
-8440
-7642
-7440
-10032
-8654
-7767
-6882
-6801
-6186
-3663
-4016
-944
3101
8513
12378
16072
21062
23215
26852
28411
30193
27476
25364
24323
21865
18980
14160
12006
8672
6320
4056
2400
599
-2892
-6189
-10261
-12877
-15586
-17371
-18011
-17882
-16332
-14320
-10689
-6729
-3737
-1148
1779
4659
6754
8850
11594
14163
17296
21507
26543
29752
31075
32209
31922
31474
29611
28202
25562
22253
20223
18315
16484
13500
11220
8138
4255
534
-4162
-8632
-14174
-18578
-22899
-26984
-29821
-31840
-32413
-32017
-30478
-28891
-27127
-25027
-22440
-20499
-19888
-19370
-18640
-17300
-15879
-14018
-11777
-10106
-8647
-7888
-6956
-6592
-6579
-7233
-6094
-5957
-6375
-8719
-8776
-6206
-5902
-4264
-3804
871
1735
3947
7635
11810
15549
16590
21693
23662
27487
28377
30766
30297
28499
28155
24491
21852
15831
11954
6970
3140
1129
-2192
-3832
-7002
-8559
-11418
-13934
-15208
-17506
-18189
-18703
-16843
-14844
-13091
-9516
-6628
-2354
571
4288
6619
8288
10855
12120
14884
15914
18314
19206
19316
20901
20565
21888
20447
20586
18544
16110
14548
12166
11147
7532
6006
3705
2404
126
-2562
-5366
-9246
-12531
-16315
-18989
-22082
-24103
-26116
-27154
-26663
-25712
-24606
-23613
-21562
-19647
-18472
-16954
-15024
-13804
-13121
-11851
-10626
-9718
-9607
-8919
-8234
-7825
-7741
-8342
-8079
-8969
-8287
-9362
-9021
-10264
-9290
-8094
-6936
-4920
-4431
-885
675
5317
8857
15014
18643
21180
24563
27082
30159
30066
32337
31149
30246
27912
25965
23361
17607
13741
10100
7566
3852
351
-2206
-6285
-8924
-11202
-12439
-14409
-17104
-18281
-19755
-19238
-18549
-16362
-14631
-12839
-10262
-7732
-4356
-2035
298
1084
2801
4726
6867
8443
9642
11128
11803
13742
15401
17099
16976
16894
17413
17032
16717
15607
14796
12506
9919
7766
5064
2211
-865
-3456
-6460
-9444
-11782
-14231
-16628
-19094
-21050
-23203
-24829
-24880
-25166
-25003
-24336
-22772
-20981
-19297
-16433
-13843
-12007
-10520
-9120
-7455
-6793
-6003
-4981
-3766
-3569
-3865
-3272
-3917
-2962
-3699
-2808
-4414
-4276
-3083
-2557
-341
-552
2957
2948
6159
8721
13182
16560
18159
22775
23798
27217
27265
29896
29434
27556
27005
24431
22860
17901
15740
12459
9391
6471
3049
1257
-2956
-5904
-9635
-11731
-12828
-14899
-14511
-15776
-14765
-15644
-15522
-13690
-12752
-11046
-11194
-8069
-6331
-4596
-2799
-703
2396
3189
5971
7507
9544
10314
11253
13133
13975
15778
17138
19442
20209
20709
21443
20468
19156
16738
14363
11852
8758
5973
2355
-483
-4003
-6718
-9604
-12265
-14627
-17823
-19850
-21903
-22960
-24223
-24945
-25635
-25707
-24290
-22232
-19285
-16682
-14366
-11886
-8860
-5990
-3463
-2085
-101
1250
1752
905
623
784
-539
-887
-1049
1
-1660
-918
-532
741
1130
2717
5052
4798
6519
7235
9898
9629
11659
14479
16128
18279
19352
22640
21634
21626
21272
20150
18274
14536
13628
10210
6819
3214
153
-1840
-5440
-6164
-7627
-8272
-10440
-11280
-11300
-12016
-12252
-13223
-12657
-13653
-13530
-13210
-11869
-10362
-9452
-6763
-4762
-1584
-178
1286
2812
3735
6047
6525
8607
9141
10499
11921
12550
14106
13997
15415
15236
15468
15407
14473
12986
9909
7839
4830
1534
-2392
-5823
-8723
-12030
-14351
-16390
-18200
-19955
-21250
-21589
-22307
-22329
-21800
-20848
-20172
-18852
-17037
-15142
-12956
-10172
-6627
-4298
-1899
-271
1928
3113
3942
3549
2614
1095
-884
-1051
-2203
-2896
-5399
-4326
-3376
-2145
-2269
-1376
572
362
1996
3442
6540
6391
8228
10836
12829
14743
15864
19359
19629
21006
21405
20808
19093
15554
14131
10823
9145
6329
3925
759
-2538
-3015
-4930
-5830
-8608
-9229
-10800
-12516
-13388
-14889
-14798
-16722
-15695
-14814
-12653
-11349
-11313
-9160
-7526
-4619
-2937
-752
1722
2050
3925
5615
7711
8311
8899
11031
12423
13915
14741
16511
16936
17033
16637
16400
14715
12226
9655
6909
4138
203
-2332
-5983
-8375
-11443
-13674
-15295
-16932
-17742
-19000
-19287
-19484
-19293
-18941
-18135
-16366
-14524
-12474
-10410
-7878
-5276
-2550
260
3147
5581
6364
6332
5753
4796
3414
1267
699
-846
-2971
-5221
-6300
-5558
-6706
-5376
-4637
-2268
-1396
-37
1715
2326
3406
4236
6723
8619
11257
13728
15838
17657
19418
21051
21476
20908
19474
17186
15179
12927
10997
8310
5576
3083
366
-1686
-4481
-6147
-8764
-10072
-10972
-11662
-12048
-13521
-14594
-16156
-16305
-15946
-15481
-14007
-12328
-10122
-7993
-5336
-2285
426
2779
5017
7411
9088
10554
12003
13753
15631
17305
18748
19902
20538
20566
20421
19765
19009
17520
15641
12639
9669
6001
2626
-613
-3618
-6691
-9991
-12752
-15149
-16917
-18189
-18675
-18928
-18652
-18528
-17718
-16794
-15822
-14619
-12543
-9942
-7812
-5219
-2483
454
3016
5050
6629
6416
5832
4179
2191
270
-883
-2313
-4371
-6557
-6441
-6667
-7127
-7785
-7081
-5450
-5396
-3422
-1980
8
64
1707
4953
7040
9623
10928
13438
14184
15439
16537
16564
16457
14786
14538
13043
11691
9136
6768
4942
2628
638
-2188
-3621
-5808
-7072
-8227
-9387
-10237
-12105
-12218
-12665
-12867
-13008
-13240
-12131
-12073
-10220
-8885
-7129
-5403
-4002
-775
1829
5311
6919
8980
10514
11581
12880
13655
15134
14985
15456
15676
16274
16066
15570
15555
14600
13463
11369
9260
6016
2224
-1459
-5402
-8541
-12030
-14024
-15666
-16449
-16603
-17353
-17202
-17371
-16614
-16214
-15868
-15076
-14091
-12852
-11067
-8021
-4998
-2564
-437
1407
2841
3380
3660
3410
2220
728
-952
-1508
-3665
-5922
-9061
-9287
-9580
-9885
-10128
-9755
-7903
-7613
-5302
-3009
197
1703
3656
6576
9017
11690
13854
16372
17265
17802
18853
19458
19437
17745
16765
15418
13954
12444
10259
8379
4911
2132
-726
-3091
-5669
-8885
-10490
-12269
-12893
-14204
-14339
-15044
-15790
-15805
-15704
-14719
-14228
-12315
-10648
-8406
-5623
-2291
964
3393
6292
8642
10245
11346
12517
13868
14008
15112
16338
17736
18151
18960
19678
19421
18573
16917
14856
11571
8626
5332
2023
-1576
-4870
-7695
-10238
-11783
-13377
-13977
-15017
-15191
-15597
-15510
-15467
-15331
-14360
-14214
-12866
-11917
-9768
-7642
-5516
-3024
-867
1625
2943
4397
4928
4627
3254
1614
-369
-2774
-5128
-8107
-10478
-13521
-13743
-14486
-14209
-13783
-11975
-9787
-8714
-5654
-2409
1003
2768
5461
9271
12008
14102
16591
19535
20727
21096
22720
23823
23239
21289
20075
18952
16862
13592
10907
8231
4968
1932
-1059
-3486
-7052
-9975
-12248
-13998
-15423
-17145
-17728
-18040
-18072
-17416
-16627
-14923
-13305
-10655
-7908
-4933
-2517
-125
1953
3569
5566
7228
8938
10339
12357
14209
16463
18437
20169
21232
21944
21977
21425
19957
17825
15132
12032
8479
4861
2096
-725
-3244
-5615
-7272
-8191
-9648
-10742
-11880
-12636
-13647
-14846
-15313
-15903
-16107
-16338
-15756
-14886
-13633
-11755
-8929
-6186
-3966
-1773
631
2361
2820
2515
1947
786
-1650
-4100
-6474
-8400
-11269
-13274
-14943
-15060
-15283
-15145
-13905
-12284
-9875
-8070
-5092
-1560
1956
4674
7688
11738
14994
17672
19728
22498
24379
25258
25865
25926
25176
22390
20382
18247
15585
12050
8413
5907
2535
-521
-3884
-6617
-9743
-13378
-15536
-17502
-18763
-20036
-20142
-19384
-18259
-16831
-15192
-13153
-10771
-8152
-6002
-3756
-1919
-446
583
1852
4013
5438
7879
9613
12469
14148
16033
18182
19706
21324
21222
21518
20486
19190
16366
13845
11020
8765
6002
3242
1402
-857
-2320
-4635
-5656
-7539
-9455
-11577
-13045
-14079
-15736
-16200
-16315
-16258
-16427
-15791
-14905
-13606
-11835
-9431
-6865
-4913
-2076
-282
1350
1809
2276
2220
1346
747
-800
-3052
-5981
-7697
-9187
-10462
-11595
-10661
-9901
-9513
-9094
-7754
-6395
-4783
-1922
2168
5617
8256
10759
13404
15745
17774
20232
21369
21941
22140
22264
21273
19181
15849
14143
12233
9284
8072
5833
2968
-902
-3975
-6371
-8757
-11183
-13352
-14637
-15509
-15635
-14610
-14053
-13311
-11955
-10733
-10074
-8819
-7188
-6373
-5072
-3580
-2230
-531
548
1548
3468
5612
7654
8975
10799
12793
14242
14215
15270
15793
15264
15400
15488
14815
12919
11702
10694
9332
6374
4151
1801
-220
-2128
-4089
-5317
-7030
-8874
-10824
-11233
-12285
-13117
-14476
-14850
-14872
-14855
-13731
-12989
-11489
-10461
-8626
-6056
-3575
-1327
504
2689
2839
2625
2343
2659
2122
227
-1289
-2957
-3992
-6612
-7943
-9814
-10501
-11277
-11530
-10380
-9445
-7483
-6312
-3263
-12
3148
5701
7816
11196
13373
15464
15784
17452
18204
18293
19131
19163
18724
16090
14327
12828
11054
8712
5805
3587
299
-2406
-5396
-7526
-9308
-11583
-12129
-12883
-12967
-14046
-13963
-13224
-12950
-12624
-12355
-10778
-9813
-8855
-7468
-5353
-3675
-2654
-1059
699
2524
4291
5926
8158
9648
10867
12112
12998
14414
15362
16102
15708
15598
14896
13410
11634
10300
9191
6665
4596
2787
1292
-1209
-3755
-4913
-6631
-8456
-10079
-10563
-11453
-12714
-13337
-12364
-11907
-11716
-10672
-9409
-8583
-7359
-5250
-2774
-954
341
1999
3143
3523
3647
3216
3044
1266
-480
-2492
-4611
-6686
-9459
-11036
-12900
-13698
-14708
-14523
-14009
-12560
-10626
-9162
-7143
-4342
-1223
472
2861
6177
9123
11609
13775
17019
18381
18489
18963
19148
18581
16058
14756
13118
10392
7578
5297
3501
313
-2219
-4378
-6481
-9369
-11110
-12409
-13758
-14846
-15304
-14433
-13988
-13165
-11994
-10524
-9196
-8122
-6050
-4283
-2431
-1062
530
2203
3679
5720
7913
10193
11205
12793
14310
15761
16417
17168
17269
16600
15526
14664
14053
12100
10286
8688
7272
4543
2756
1590
345
-977
-2350
-3258
-5536
-7023
-8145
-8588
-9474
-10546
-10971
-11130
-10723
-10253
-8825
-7078
-5489
-3307
-1303
853
1557
2843
4232
5185
5013
3857
2738
1641
-357
-2651
-5054
-7484
-9202
-11764
-12990
-15054
-15691
-16957
-17272
-17098
-16578
-15000
-13598
-10786
-7469
-3489
-825
2380
6410
9607
12567
14869
18318
20163
20999
21607
21808
21396
18949
17556
15659
12904
10034
6947
4981
1327
-1633
-4203
-6121
-8514
-11510
-12702
-13972
-14314
-14536
-13459
-12752
-12236
-11481
-10819
-9017
-7381
-5660
-4356
-3133
-1270
63
2141
3892
5885
7782
9045
11144
12215
14039
14836
15964
16226
16447
16129
15075
14435
13225
11991
9707
8677
7865
6157
4584
2877
1830
-346
-1807
-3263
-4699
-6469
-7971
-8589
-9233
-9729
-10339
-10242
-10437
-10336
-9637
-8157
-6843
-5020
-3084
-1298
-71
957
1782
2150
1288
635
10
-684
-2325
-4326
-6103
-8145
-9672
-12215
-14322
-16988
-18438
-19539
-19839
-19531
-18574
-16878
-15374
-13092
-9915
-5946
-2704
530
4686
8206
11121
12945
15997
18270
18944
19777
20756
20843
18500
16959
15774
13971
11131
8637
6530
2642
-794
-3148
-4938
-7634
-10491
-11664
-12545
-13458
-14143
-13549
-12936
-12600
-11738
-10353
-8630
-7893
-6359
-4343
-2683
-1094
90
2096
2968
4581
6122
7679
9118
10687
12933
14426
15458
15417
15938
15642
15184
14191
13807
12566
11131
10559
9238
7952
5966
5301
4235
1732
-288
-1872
-2974
-4956
-6106
-7175
-8368
-9840
-10581
-10042
-10736
-11313
-11346
-9722
-8559
-7037
-5302
-3658
-2342
-1749
-770
284
667
569
209
-356
-2263
-4741
-6861
-8994
-10737
-13803
-15758
-18685
-19833
-20782
-21245
-21279
-20659
-18626
-17192
-15090
-11998
-7763
-4429
-894
3658
7553
11178
13599
17072
19739
20699
22141
23019
23252
20948
19094
18001
15536
12664
9070
6511
3087
124
-1769
-3779
-6218
-9306
-10094
-10886
-11471
-11733
-11052
-10095
-10113
-9243
-7951
-6397
-5775
-4695
-2814
-1198
750
2383
4839
6168
7376
8717
10611
12392
13470
15120
16289
16792
16785
16947
16939
15979
15296
14293
13720
12434
11277
10515
8470
6770
4864
3877
2172
323
-1579
-3448
-5745
-8514
-10126
-11582
-12281
-13063
-12668
-12324
-11859
-10825
-8866
-6939
-5353
-3503
-1618
84
1480
2657
3658
3144
2549
1165
294
-1441
-3898
-6523
-9496
-11571
-14296
-16442
-19089
-19951
-21232
-21610
-21560
-19891
-18482
-17449
-15167
-11345
-6814
-3633
540
5854
10653
14185
17073
20955
23018
23758
24641
25267
24487
21857
20563
19292
16959
13574
10560
7950
4597
1541
-619
-2545
-5715
-8418
-9816
-10464
-11322
-12052
-11211
-10521
-10230
-9593
-8425
-7231
-6806
-5593
-3437
-1317
68
1234
3433
4992
7021
8678
10335
11628
12911
14864
16015
16720
16867
16965
16180
15461
15168
14239
12406
10251
9309
7659
5101
2580
904
-706
-3145
-4309
-5727
-7384
-10184
-11331
-11924
-13020
-14328
-15161
-14416
-14365
-13744
-12460
-10234
-8438
-6553
-3697
-1217
420
1383
2695
3596
3550
3249
2309
1075
-1231
-4065
-7589
-10510
-13445
-16012
-18512
-19838
-20170
-20894
-21449
-21171
-19167
-17685
-15303
-12175
-7915
-4577
-1519
2634
7364
11245
14346
17679
21125
22695
23545
25013
25981
24647
22122
20714
19051
15737
12222
9612
6664
2930
-880
-3465
-6113
-8894
-10769
-11624
-11993
-12689
-12884
-12197
-11611
-10767
-10176
-8783
-7712
-6843
-5684
-3446
-1312
282
1928
4025
5814
7735
9588
11643
13362
14134
15466
16044
16610
16499
16929
16576
15674
14038
12147
10031
7713
5999
4037
2214
-14
-1914
-3764
-5617
-7090
-9028
-10496
-12329
-13303
-14386
-15059
-15540
-15646
-15072
-14776
-13196
-11269
-8596
-6141
-3849
-1196
1044
2962
4312
5428
5508
4389
3279
1802
-533
-3673
-7144
-9606
-12529
-15378
-18637
-20170
-21038
-21709
-21750
-20959
-18735
-16779
-14047
-10970
-7294
-4492
-1334
3200
7245
11366
14448
18524
21639
23334
25193
25905
26817
25478
23822
22329
19723
16878
12992
10262
6501
2810
-677
-3441
-5674
-8333
-10314
-11817
-12674
-13442
-13986
-13894
-13487
-12155
-10889
-9468
-7767
-6016
-4038
-2681
-508
998
2973
4275
6555
8584
9926
12107
13634
15890
16632
17480
17959
17789
17366
16224
15762
14090
12337
9902
7890
5804
2645
348
-2239
-4064
-6067
-7664
-9597
-11590
-12794
-14503
-15221
-15876
-16235
-16441
-16020
-15089
-13855
-12026
-9934
-7476
-5091
-2305
393
3128
5268
7282
8164
8736
8241
7030
5210
2708
-322
-3788
-6423
-9902
-12437
-16000
-17402
-18793
-19637
-20014
-19070
-16896
-15695
-13194
-10004
-5997
-3505
-419
4233
8242
11782
14908
19586
22676
23965
25254
26391
26487
24541
23311
22571
20267
16568
13310
10865
7013
3317
23
-2566
-5763
-8862
-10402
-12248
-13690
-14934
-14844
-14693
-14673
-14006
-12737
-10797
-9470
-7504
-5372
-3414
-1342
811
3503
5173
7161
8807
11244
13510
14957
16786
17600
18254
17616
17718
17043
15791
14185
12093
9930
6981
4901
2067
-513
-3257
-5710
-7959
-10318
-11995
-13555
-14720
-15413
-15486
-15542
-15839
-15707
-15418
-14678
-13728
-12150
-10145
-7727
-4865
-2019
714
3198
5269
7229
8968
10072
10280
10123
9101
7543
4804
2328
-1026
-4943
-8266
-12125
-13817
-16045
-17181
-18005
-17903
-17050
-16094
-13781
-11029
-7622
-4651
-771
3257
6745
9572
11881
15099
17496
19979
21638
22866
23169
22442
21683
20682
19063
16057
13171
10404
7743
4821
1626
-1362
-4634
-7550
-10144
-12095
-13688
-15365
-16096
-15889
-15212
-14997
-14459
-12941
-11470
-9123
-6879
-3723
-1541
578
2919
5161
7583
8934
10995
12805
14666
16088
16888
17222
17213
17377
17073
16246
14777
13393
11417
8881
5818
2937
-274
-4084
-6606
-8875
-10883
-13132
-14725
-15656
-16252
-16855
-17402
-16996
-16757
-15976
-14602
-13506
-12001
-10373
-7925
-5322
-2738
-229
2335
4622
6912
8686
9681
9883
9968
9239
7854
5200
3105
496
-2935
-6418
-9998
-12054
-14771
-15912
-17156
-16466
-16187
-15973
-14494
-11588
-8281
-6110
-2344
1680
5484
7978
10108
13162
14561
15627
17013
18594
18949
17858
17460
16995
16231
13907
12004
10047
7591
5029
1981
83
-2764
-5404
-7953
-10262
-11770
-13831
-14515
-15412
-15326
-14890
-14249
-13001
-11939
-9261
-7252
-4625
-2017
1164
3859
6334
9061
11079
12974
14110
15796
16923
17130
17433
17180
17251
16266
15006
13801
12076
9884
7075
4358
1599
-1608
-5307
-8584
-11442
-13743
-15522
-16379
-17014
-17905
-18795
-19151
-18681
-18094
-16868
-15428
-13573
-11932
-9761
-6921
-4715
-2682
-361
2185
4931
6865
8884
9724
10209
10071
9859
8621
6940
5458
2606
-41
-3825
-5297
-7646
-9913
-12329
-13011
-12426
-12364
-11465
-9566
-6993
-5117
-2349
773
4044
6556
8692
11401
12842
14001
15075
16272
16973
16283
16020
15505
14338
12575
11141
10045
8348
6571
4831
2569
-342
-3140
-5241
-7188
-9265
-11297
-12180
-12839
-13308
-13414
-13000
-12264
-11465
-9892
-7446
-4699
-2388
-23
2611
4940
7743
10331
12262
13578
14497
15873
15761
15582
15521
15959
15361
14254
13457
11867
10089
7202
4741
1856
-1165
-4086
-7095
-9560
-12382
-14634
-16861
-18109
-19027
-19863
-19669
-19120
-17712
-16990
-15512
-13913
-11863
-9854
-8412
-6040
-3963
-1487
398
2507
4641
6210
7636
8622
9605
9909
9123
8629
7592
5772
3270
9
-1954
-4113
-5682
-7223
-7971
-8472
-8797
-8150
-6987
-5504
-4416
-2192
495
2928
5086
6982
9553
11131
12167
13321
13751
13428
12454
11887
11784
11032
9783
8859
8333
7200
5911
4692
3187
826
-1286
-3148
-4542
-6322
-8441
-9597
-10580
-11537
-12160
-11843
-10847
-10099
-8535
-6209
-3996
-2108
360
3697
6234
8391
10328
12680
13820
14323
14740
15355
15564
15025
14981
14537
13490
12125
11000
9541
6950
4347
1868
-856
-3383
-6245
-8818
-11875
-14425
-16145
-17339
-18406
-19397
-19622
-19475
-18761
-17554
-15814
-14186
-12553
-10243
-8045
-6093
-4372
-2223
-8
1657
3385
4924
6154
6992
7500
7842
7115
7024
6553
5762
4110
1849
564
-1104
-2529
-4179
-4398
-4441
-4764
-4821
-3711
-2932
-3035
-1803
359
2317
2944
4680
6860
7982
8665
9229
9578
8796
7781
7527
7052
6422
5355
4811
3987
2789
2150
1404
908
-563
-1373
-2511
-3456
-4878
-6193
-7462
-9165
-9875
-10485
-10305
-9911
-8195
-6233
-4708
-2818
-535
2005
3888
6398
9270
11152
12556
13389
15058
15481
15439
15300
14786
13746
12046
11296
10140
8805
6186
4146
1629
-1438
-4313
-6688
-8769
-11726
-14402
-16495
-18477
-20055
-21119
-21334
-21614
-21445
-20432
-19070
-17448
-16194
-14028
-11789
-9709
-7540
-5686
-3875
-2252
-700
434
2170
3223
4140
4111
4722
4917
4644
4073
3338
4175
3792
3489
2424
2456
2363
1757
2097
3283
4303
3908
4346
5643
6444
6916
7220
8491
8544
8300
8480
8489
7451
5950
5119
4571
3338
1603
815
488
-757
-1790
-2010
-1953
-2362
-3367
-3147
-3408
-3782
-4995
-5445
-5519
-6091
-6011
-6073
-5293
-5688
-5054
-3832
-1800
-124
1608
3677
5696
8179
9954
12014
13263
14289
14824
15083
15203
14610
13472
11870
10936
9344
7751
5857
3912
1516
-1272
-4015
-6389
-8297
-10393
-12233
-14408
-16557
-18968
-20910
-21596
-21272
-21322
-20859
-19936
-17772
-16233
-14681
-12054
-9883
-7952
-5806
-3192
-1007
406
1259
2651
3237
3503
3044
3648
4407
4169
4380
3867
5137
5183
5325
5400
5714
6394
6650
7340
8450
9629
10147
10807
11853
12204
11945
11088
11569
11396
10583
10303
10204
9297
6737
4785
3106
1570
-507
-2037
-2584
-3826
-5108
-6104
-6436
-6969
-7899
-7812
-7624
-7639
-8135
-7741
-6538
-6356
-5872
-5827
-4283
-3539
-2551
-1107
242
1972
3142
5857
7987
10400
11862
13581
15119
15382
15307
15302
15542
14302
13472
12004
10368
8513
6044
4384
1679
-696
-3511
-5660
-7960
-10200
-12073
-14468
-16291
-18586
-20185
-21516
-22503
-22852
-23292
-22987
-22167
-20478
-18640
-16521
-14129
-11618
-9313
-7473
-5165
-2615
-746
828
1982
3172
3107
3423
4102
4648
4521
3624
4998
5249
5880
5811
7409
8721
9283
10119
11140
12754
12922
14464
16351
17277
16998
16263
16908
16128
15132
13913
12607
10644
7418
5575
3256
726
-2803
-5077
-6571
-8553
-9780
-11200
-11874
-13244
-13756
-13381
-13185
-12648
-12514
-11049
-10384
-9390
-8203
-7038
-5302
-4066
-1563
346
2519
4192
5948
8180
9618
11829
13153
14804
15389
15738
16610
16424
16735
15629
14712
13091
11344
9226
6474
4859
2196
251
-2739
-5528
-8216
-10503
-12475
-14670
-16387
-18250
-19740
-20718
-21826
-22896
-23860
-23785
-23486
-22430
-21202
-19536
-17152
-14943
-12142
-9560
-6585
-4183
-2415
-271
1652
2922
3392
4390
4661
4851
4183
3769
4876
4232
3954
3929
5233
6128
6584
8549
10951
12501
12973
14640
16292
17241
17881
18602
19868
19142
18136
17424
16398
14188
10895
8621
6193
3544
967
-1195
-2828
-5410
-7441
-9118
-10648
-12269
-13646
-14080
-14410
-14599
-14515
-13911
-13038
-11903
-10522
-9051
-7549
-4865
-2473
-13
2425
5026
7945
9730
11819
13694
15441
16005
16698
17707
18165
17612
16780
16082
14581
12577
10603
8933
6535
3559
914
-1354
-4375
-7445
-9171
-11319
-13538
-15667
-16652
-17995
-19858
-20980
-21657
-21547
-22038
-21653
-20908
-19722
-18599
-17686
-15997
-14227
-12375
-10231
-7995
-5507
-3726
-1470
410
1904
3281
3580
4631
4863
6318
7001
7464
7515
7613
8125
8203
8973
10073
11383
12265
13158
14809
16134
17321
18218
19562
19547
18624
18372
17361
16110
13684
12317
10479
8185
6070
4025
2169
-735
-2837
-4577
-6198
-7866
-9518
-10070
-11007
-11825
-12671
-12777
-12547
-12925
-12513
-12112
-10332
-9238
-7350
-5334
-2989
-743
1221
3847
5812
8034
9925
11906
13596
14337
14982
15124
14790
14151
13013
12086
10699
9333
7456
5773
3251
538
-2031
-4261
-6571
-9329
-11665
-14019
-16275
-18460
-20387
-21710
-22820
-23022
-23091
-22703
-22085
-21445
-20603
-19323
-17541
-15977
-14161
-12138
-10050
-8622
-7377
-5703
-4343
-3129
-1569
-300
1502
2208
3910
4862
5917
6681
7612
9197
9875
11305
12436
14228
14907
15587
16559
17238
17733
17270
17968
17845
17321
16921
16176
15609
13227
11437
9326
7308
4355
1771
518
-1370
-3043
-4975
-5638
-6455
-7265
-7420
-7320
-7292
-7855
-7317
-6596
-5904
-5158
-4163
-3114
-2782
-1631
-1102
-198
585
2253
4422
6035
8073
9007
9998
10728
11256
11477
10802
10502
10129
9976
8946
7378
5814
3757
2278
106
-1449
-3678
-6185
-8250
-10322
-12035
-14282
-15666
-16872
-18309
-19548
-20392
-20235
-20542
-20248
-18982
-17592
-16791
-16549
-14990
-13572
-12051
-10480
-8304
-6808
-6065
-5809
-4590
-3489
-2780
-1281
-74
1488
2146
3072
4131
5682
7246
9084
10816
12705
14703
16130
17484
18799
19539
19995
19716
20446
20595
19631
18630
16994
15365
12222
10190
8600
6593
3963
1029
-948
-3232
-5316
-6737
-7471
-8037
-9535
-9843
-9370
-8610
-7921
-6607
-4981
-4058
-3140
-2336
-557
636
2329
4009
6053
7504
8344
9405
10169
10906
10622
10804
11419
11140
10512
9249
8180
6518
4237
2221
520
-852
-3108
-5023
-6907
-8346
-10102
-11332
-11853
-12531
-13612
-14872
-15166
-15739
-16098
-16382
-16223
-16094
-16636
-16805
-16241
-15053
-13822
-12711
-11461
-10673
-9896
-9083
-7873
-6849
-6017
-5555
-4040
-3436
-2682
-2459
-1497
-176
181
1265
2233
4284
5538
7039
8875
11311
12939
13782
15415
17258
18797
18997
19605
20170
19771
19319
18642
18133
16507
14405
12943
11045
8581
5470
3196
664
-2430
-5809
-8474
-10192
-11968
-13207
-13455
-13312
-13488
-13222
-11334
-9423
-7646
-5609
-2974
-74
2280
5104
7786
10825
12517
14535
16278
17808
18541
18461
18647
17638
16506
15077
13202
11082
8390
5404
2262
-1017
-4200
-7485
-10188
-13047
-15073
-17753
-19663
-21133
-21709
-22264
-22735
-22232
-22307
-21874
-21604
-19921
-18556
-17457
-15859
-13858
-11659
-10813
-9829
-8105
-6878
-5421
-4350
-2871
-2297
-1928
-942
-590
-89
-649
434
1372
2423
2950
3895
5191
5929
7540
9051
10899
11733
12859
14215
14981
15884
16115
17416
17477
17691
17659
16961
15999
14359
13286
11465
9507
6945
4692
2801
575
-1097
-3037
-4687
-6849
-8911
-10193
-11503
-11861
-12054
-11458
-10646
-9849
-8658
-7494
-5658
-4035
-1542
711
3909
7011
10017
12992
14704
16942
18064
19660
20049
20080
20033
18473
17106
14774
12582
9497
6335
3546
85
-3024
-6783
-9978
-13040
-15717
-18467
-21120
-23422
-26052
-27583
-28716
-28613
-28370
-27613
-26200
-25002
-23509
-21884
-19696
-17055
-14008
-10530
-7578
-4613
-2434
-426
1397
2631
3909
4858
5878
6323
7071
7500
7869
8088
8873
9858
10506
11218
12474
13300
13600
14303
15637
16570
16961
17226
17578
17587
16432
15764
14959
14124
12833
11825
10766
9452
7656
6008
4792
3269
1535
-265
-2014
-3892
-5309
-5793
-6469
-6839
-7177
-7211
-6805
-6810
-5809
-4903
-3578
-2413
-761
1088
2841
4789
6432
8188
9877
11301
12566
13394
14161
14208
13626
12977
12209
11101
9571
7765
5472
3004
-120
-2531
-4919
-7291
-9421
-12059
-14474
-17319
-19686
-21342
-22451
-23228
-24093
-24745
-25445
-25637
-26121
-25823
-24817
-23656
-21967
-20199
-18139
-16794
-15073
-12597
-10185
-7807
-5290
-2228
156
1380
3119
4915
6209
7551
9039
11433
12889
13805
14507
15557
16187
16974
18492
19629
20128
19699
20244
20194
19521
18552
17972
16932
14616
12356
10462
8479
5934
3971
3207
2118
315
-1671
-3087
-4876
-6432
-6810
-7068
-6813
-7528
-7306
-6698
-6393
-5994
-5488
-3975
-2308
-184
1687
3277
4941
6156
7505
8918
10428
11061
11420
11770
11578
11487
10515
10262
9179
7484
5315
3118
1066
-1348
-3687
-6181
-8257
-10917
-13279
-15032
-16454
-17465
-18276
-18713
-18958
-19996
-20860
-21503
-21576
-21952
-21740
-21258
-20733
-19857
-19465
-18329
-17858
-16878
-15581
-13630
-11510
-9823
-7684
-6111
-3956
-2334
-271
1990
3739
6025
7868
9805
11403
12782
14410
15891
17833
18971
20157
20639
21459
21750
21860
21884
21015
19806
17320
15427
13807
12404
10906
8957
7521
5390
2887
505
-1343
-2811
-4603
-5320
-5604
-5523
-6010
-5807
-5373
-5144
-4824
-4313
-2916
-1910
-958
185
1964
3343
4808
7018
9096
10774
11472
11966
12408
11759
11197
10119
9639
7903
5678
3310
720
-1519
-4633
-6458
-8348
-10429
-12716
-14842
-16491
-18267
-19508
-20316
-20712
-21243
-22173
-22897
-23615
-23738
-23846
-23091
-21755
-20076
-18676
-17001
-15495
-14291
-13041
-11538
-9447
-7484
-5630
-4444
-2689
-1440
-103
1249
2923
4425
5861
7030
8275
9664
10225
11315
12927
14444
15471
15930
16619
17047
17046
17162
17334
17365
16346
15332
14267
13565
12028
10554
9674
8622
7153
5517
4689
3444
2089
1025
858
928
642
498
577
505
516
944
2085
3141
3848
4659
5625
6191
6741
7417
8241
8933
9291
9926
10337
10047
9690
9115
8728
8037
7264
6153
4618
2430
-134
-2626
-5241
-7625
-10027
-12167
-14346
-16269
-18016
-19358
-20266
-20779
-21112
-21559
-21827
-21975
-21807
-20831
-19706
-18325
-17126
-15932
-15082
-14501
-13695
-12412
-10533
-9019
-7169
-6016
-3874
-2252
-412
1179
3261
5492
6882
8629
10548
11891
12527
13530
14653
15216
15062
15322
15640
15160
13906
13235
13015
12560
11279
10237
9024
7184
4766
3258
2841
2012
1141
704
579
-72
-904
-1013
-589
-11
284
945
1808
2221
2934
3405
4693
5895
7037
8084
9490
10394
10973
11749
12516
13197
13315
13484
13107
12020
10873
9584
8211
6701
4700
2918
894
-1293
-3739
-6358
-8990
-11433
-13308
-15073
-16708
-17884
-19038
-20077
-20973
-21367
-21695
-21670
-21166
-20586
-20085
-19922
-19501
-18527
-17245
-16250
-14824
-13125
-11611
-9967
-8845
-7333
-6101
-4531
-2876
-1642
28
1519
3466
5027
6589
8355
9502
10545
11448
12791
13365
13638
13666
14024
13903
13406
12900
12176
11084
9597
8684
7558
6084
4178
3077
1861
461
-597
-1126
-1524
-2187
-2613
-2466
-2558
-2939
-3090
-2570
-1913
-1554
-450
985
2646
3611
4801
5889
6760
7651
9021
10281
11243
12186
12883
13475
13428
13018
12465
11575
10303
8996
7650
6229
4478
2552
178
-2299
-4992
-7230
-9320
-11990
-14266
-16331
-17851
-19546
-21271
-22290
-23102
-23619
-24121
-23606
-22801
-21959
-20903
-19217
-17330
-16172
-15404
-14177
-12456
-10245
-8362
-6143
-4323
-2766
-1572
-268
1496
2676
4095
5577
7941
9781
10864
11683
11924
12292
11743
11862
12074
12514
12095
11038
10534
9190
7759
6362
5518
4176
2601
1543
498
-118
-1639
-2577
-2724
-3135
-3067
-3233
-2907
-2701
-2233
-1263
146
1193
1882
2759
3238
3941
4660
6196
7987
9286
10844
12013
12856
12799
12878
13291
13758
14365
14444
14344
13620
12410
10481
8650
7012
5253
3390
1578
44
-1932
-4371
-6417
-8220
-9798
-11667
-13259
-14753
-16386
-18268
-19965
-20604
-20993
-21122
-21214
-21051
-20717
-20663
-20245
-19131
-17924
-16940
-15420
-13720
-11703
-10213
-8446
-5750
-3527
-1376
630
2816
4902
6869
8858
11064
12777
13987
15410
16601
17256
17415
17369
17027
16423
15613
14560
13086
11787
10506
9094
7546
5606
3953
2294
1069
-76
-895
-1568
-2374
-3377
-3925
-3780
-3619
-3283
-2562
-1570
-525
590
1343
2084
3013
3814
5381
6819
8235
9655
10358
11021
11630
12156
12333
12468
13055
13103
12261
10957
9794
8570
6617
4799
3257
1776
-232
-2225
-3920
-5529
-7175
-8742
-10005
-11425
-12662
-13772
-14868
-15764
-16489
-16988
-17426
-17587
-17919
-18223
-18497
-18352
-17428
-16219
-14827
-13755
-12767
-12414
-12207
-11748
-10675
-9203
-7217
-5250
-3267
-1811
-449
1051
2726
4429
5927
7874
9541
11340
13011
14183
15200
15857
16736
17386
17626
17287
16684
16047
14602
13385
11933
10770
9013
7233
5809
4322
2912
1225
354
-424
-1210
-2146
-2616
-2781
-2995
-3129
-2659
-1818
-1319
-910
-422
145
46
525
2121
3733
5379
6682
7865
8902
8851
9160
9634
9979
9775
9366
9101
8712
7849
6063
4540
2747
696
-1298
-2819
-4585
-6388
-8083
-9631
-10880
-12179
-13417
-14355
-15137
-15323
-15657
-16387
-16761
-17081
-17261
-17411
-16747
-15745
-14906
-14078
-13238
-12670
-12323
-11664
-10494
-9114
-7545
-5937
-4384
-3014
-1547
-539
429
1670
2761
3956
4747
5729
6430
7430
8505
9625
10648
11349
11932
11953
11918
11705
11708
11797
12051
11998
11063
10054
8926
8003
6826
5933
5308
4550
3976
3149
2650
2293
2044
1807
1775
2073
2206
2412
2601
2717
2688
2865
3247
3514
4072
4234
4293
4276
4366
4605
4861
4887
4622
4457
4001
3835
3583
3536
3220
2408
1443
175
-1548
-3126
-4903
-6706
-8032
-9286
-10432
-11355
-12022
-12639
-13067
-13696
-14284
-14837
-14778
-14835
-14882
-14431
-13846
-12773
-12155
-11578
-11099
-10556
-9907
-9193
-8465
-7285
-6194
-5254
-4504
-3771
-3119
-2237
-1028
118
854
1553
2293
2779
3212
3459
4453
5454
6185
6717
7625
8112
8133
8664
9255
9751
10158
10288
10435
10313
10182
10140
10396
10401
9773
9532
8860
8064
6937
6044
5507
5314
5330
5297
5369
5194
4616
4233
3975
3759
3935
4219
4332
4003
3367
2735
2569
2555
2592
2417
2418
2406
2083
1637
1208
974
900
521
106
-642
-1666
-2675
-3444
-4497
-5471
-6683
-7902
-9232
-10320
-10927
-11624
-12086
-12606
-13013
-13499
-13755
-13692
-13643
-13598
-13496
-12909
-11933
-11040
-10197
-9591
-8698
-7972
-7290
-6504
-5414
-4108
-3310
-2335
-1249
-495
348
917
1725
2405
3036
3219
3384
3944
3921
4109
4480
5023
5585
5823
6036
6085
6009
5944
6214
6610
7048
7613
8188
8779
8748
8479
8108
8214
8216
8405
8770
8630
8672
8586
8522
8441
8258
7835
7403
7229
6626
5980
5660
5768
5666
5255
4591
3644
2890
2072
1585
1263
767
-103
-1093
-1591
-1840
-2012
-2026
-2093
-2711
-3561
-4264
-4870
-5688
-6616
-7311
-7900
-8097
-8310
-8692
-9282
-9753
-10276
-10560
-10947
-11075
-11131
-11441
-11377
-10922
-10068
-9187
-8237
-7167
-6462
-5947
-5457
-5350
-5194
-4881
-4232
-3139
-1832
-1025
-686
-248
411
994
1553
1689
1750
1828
1886
2293
2953
3427
3702
3970
3697
3501
3368
3113
2919
3018
3176
3515
4150
4910
5667
6329
7108
7802
8032
8252
8147
7996
7715
7751
8015
8411
8997
9486
9632
9456
9169
8467
8128
7677
7207
6642
6056
4986
3728
2807
2171
1769
1127
-120
-1616
-2813
-4204
-4799
-4974
-4781
-4598
-4342
-4458
-4811
-4792
-5176
-5382
-5804
-6294
-6172
-6224
-6641
-6899
-6852
-6585
-6409
-6082
-5975
-5677
-5744
-5943
-6018
-5970
-5779
-5583
-5185
-5074
-4863
-4939
-5051
-5007
-4853
-4401
-3886
-3331
-3001
-3157
-3219
-2877
-2276
-1726
-1103
-896
-908
-948
-907
-834
-656
-483
-9
442
681
1117
1473
2035
2405
2684
3575
4514
5260
5734
6439
7371
8208
8803
9610
10056
10081
10124
10123
10218
10189
10187
10113
10081
10167
9945
9260
8854
8678
8203
7517
7059
6285
4803
4011
3455
2969
2058
822
-702
-2083
-3234
-4184
-4699
-5277
-5773
-6403
-7144
-7728
-8204
-8256
-8127
-7899
-7539
-7455
-7062
-6904
-6983
-6999
-6610
-6180
-5571
-4729
-4240
-4141
-4331
-4347
-4084
-3879
-3603
-3398
-3499
-3811
-3948
-3886
-3914
-3443
-3073
-2958
-3211
-3733
-4228
-4254
-3597
-2917
-2288
-1973
-2314
-3173
-3802
-3636
-2826
-1658
-839
-267
-51
-128
-125
70
601
1350
2468
3791
4874
5542
5897
5846
6194
6670
7301
8082
8815
9215
8999
9136
9362
9825
10179
10763
10933
10721
10361
9834
9565
9239
8741
8112
7183
5775
4325
2915
2001
1585
1266
660
-286
-1124
-2113
-3378
-4483
-5170
-5397
-5530
-5514
-5893
-6849
-7814
-8407
-8694
-8515
-8222
-7748
-7392
-7292
-7379
-7419
-7195
-6612
-5488
-4797
-4332
-4214
-4253
-4277
-4236
-3656
-3077
-2853
-2819
-2867
-3130
-3172
-2999
-2534
-2225
-2043
-1905
-2291
-2596
-2819
-2570
-1883
-1261
-747
-553
-812
-1387
-1910
-2034
-1793
-1489
-1150
-462
-111
-168
48
599
1240
1878
2967
3990
4912
5305
5544
5900
6332
7081
7603
8140
8476
8349
7965
7634
7688
7895
8015
8058
8171
8111
7898
7539
7273
7414
7222
6781
5880
4882
3898
3123
2824
2386
1709
790
-108
-1113
-2364
-3299
-3721
-4000
-4430
-5145
-5567
-5945
-6462
-6728
-6556
-6208
-5846
-5329
-5176
-5347
-5763
-5733
-5582
-5134
-4319
-4033
-3814
-3921
-4169
-4321
-4589
-4781
-4899
-5053
-5161
-5296
-5341
-4797
-4119
-3599
-3400
-3405
-3301
-3496
-3319
-2900
-2415
-2014
-1721
-1576
-1753
-1742
-1714
-1567
-1188
-600
-35
353
706
994
1435
2166
3085
4020
4554
4828
5114
5308
5021
4893
5132
5656
6270
6723
7106
6956
6882
6906
6875
7119
7447
7707
7431
7378
7497
7227
6737
6452
6282
5806
5288
4820
4408
3861
3367
3071
2629
2217
1571
792
53
-588
-710
-691
-632
-745
-1043
-1838
-2692
-3161
-3558
-3926
-4052
-3993
-4093
-4295
-4482
-4793
-4848
-4687
-4441
-4492
-4575
-4796
-5221
-5715
-5941
-6110
-6324
-6087
-5967
-5918
-5942
-5719
-5296
-5284
-5380
-5502
-5738
-6054
-5951
-5578
-4931
-4075
-3477
-3351
-3649
-4141
-4423
-4225
-3604
-2322
-1208
-483
65
452
881
1430
2196
2756
3550
3996
4386
4328
4273
4419
4571
5149
6055
6422
6120
6122
5935
5615
5611
5846
5844
5820
5821
5761
5414
5224
5157
4811
4372
4213
3679
2904
2479
2259
2260
2254
2017
1411
518
-226
-957
-1481
-1685
-1669
-1482
-1333
-1208
-1260
-1679
-2041
-2071
-1883
-1503
-1136
-1241
-1663
-2043
-2419
-2463
-2749
-2741
-2554
-2838
-3276
-3420
-3721
-4269
-4639
-4895
-4754
-4783
-5156
-5659
-6031
-6056
-5950
-5733
-5120
-4819
-5182
-5955
-6355
-6426
-6156
-5417
-4960
-4725
-4310
-3572
-2845
-2109
-1763
-1596
-1483
-942
61
689
1083
1413
2181
3189
4155
4901
4983
4549
4395
4759
5204
5818
6557
7237
7430
6566
5792
5255
5047
5101
5399
5671
5700
5893
5937
6282
6138
5586
5260
4869
4456
4128
4115
3791
2781
2077
1731
1508
657
-143
-378
-146
158
375
672
389
62
-775
-2073
-3072
-2943
-1858
-1015
-619
-1139
-1872
-2527
-2888
-2735
-2677
-2579
-2428
-2396
-2344
-2353
-2669
-3250
-3516
-3243
-3471
-3920
-4412
-4783
-4746
-4203
-3718
-3790
-4006
-4112
-4178
-4060
-4106
-4316
-4552
-4761
-4505
-4271
-4204
-4359
-4227
-3651
-3210
-2560
-1716
-858
-214
-98
-132
372
1464
2615
3473
3889
4265
4434
4276
4046
3886
4094
4317
4520
4822
5001
5046
5063
5319
5573
5668
5838
5851
5757
5887
5942
5699
5288
4746
4342
4130
3866
3654
3194
2565
1905
1289
1017
969
874
692
754
854
774
532
401
-110
-689
-892
-874
-766
-626
-566
-969
-1426
-1773
-1947
-1921
-1971
-2058
-2064
-2340
-2644
-2937
-3097
-2947
-3066
-3222
-3232
-3250
-3328
-3468
-3727
-3682
-3520
-3595
-3668
-3679
-3854
-4281
-4584
-4544
-3929
-3421
-3142
-3205
-3346
-3427
-3404
-2883
-2258
-1606
-1116
-762
-754
-809
-534
187
927
1413
1951
2482
2349
1664
1434
1610
2275
3000
3460
3657
3632
3513
3036
3041
3633
4341
4600
4513
4226
4207
4609
4643
4288
3946
4061
4227
3908
3238
2508
2514
2734
2702
2420
1973
1488
1063
590
295
224
246
239
155
15
-430
-1434
-1989
-1917
-1465
-1447
-1921
-2224
-2552
-2865
-3255
-3417
-3214
-2897
-2732
-2970
-3590
-4120
-4249
-4122
-4090
-4391
-4460
-4535
-4601
-4702
-4946
-5160
-5324
-5096
-4684
-4319
-3880
-3666
-3525
-3224
-2860
-2595
-2336
-2010
-1720
-1385
-1214
-1233
-1079
-589
195
338
106
-243
-324
277
800
1296
1616
1956
2160
2210
2200
2297
2746
3029
2998
3073
2958
2956
2889
2656
2274
2324
2949
3363
3419
3037
2685
2581
2533
2473
2490
2544
2836
2936
2812
2601
2550
2662
2751
2547
2255
2146
2345
2837
3002
2817
2348
2107
1682
1234
856
380
210
258
275
172
121
-347
-603
-1100
-1511
-1846
-2046
-1764
-1881
-2122
-2621
-3045
-3281
-3816
-4483
-4708
-4944
-4734
-4543
-4519
-4707
-5096
-5206
-5112
-4949
-4858
-4946
-4896
-4392
-3618
-2803
-2457
-2722
-2934
-2606
-2006
-1304
-616
-154
-41
-113
-148
-6
600
1286
1640
1762
1810
1859
1812
1836
2026
2323
2548
2654
2835
3130
3396
3221
2945
2923
3201
3571
3716
3480
2875
2662
2483
2546
2491
2030
1642
1613
2103
2639
2861
2919
3095
3303
3216
3163
3269
3359
3636
3925
4414
4476
4031
3411
2567
1837
1204
1262
1671
2069
2204
1948
1493
819
163
-246
-397
-522
-833
-1029
-1197
-1727
-2574
-3289
-3429
-3400
-3320
-3411
-4023
-4226
-4213
-4207
-4018
-3930
-3902
-3954
-3891
-3906
-4010
-4254
-4100
-3775
-3503
-3195
-2810
-2413
-2220
-1901
-1513
-988
-497
-460
-415
-294
-85
406
953
1521
1914
2194
2317
2291
2306
2353
2346
2516
2909
3475
3887
4166
4187
3673
3307
3154
3193
3497
3725
3630
3518
3053
2624
2479
2391
2597
2566
2357
2152
1975
1951
2144
2474
2577
2549
2138
1617
1620
1928
2084
2168
1917
1257
615
101
17
465
621
407
75
-221
-639
-1104
-1484
-1919
-2088
-2254
-2403
-2623
-3021
-3301
-3691
-3888
-3886
-3846
-3875
-3864
-3409
-3061
-3262
-3597
-3700
-3779
-3549
-3422
-3148
-2928
-2924
-3306
-3872
-3941
-3385
-3112
-3449
-3678
-3472
-2995
-2367
-1763
-1475
-1058
-871
-736
-484
45
561
1128
1352
1399
1663
1921
1997
2070
1949
1790
1796
1997
2441
2977
3363
3389
3338
3121
3145
3140
3169
3415
3517
3380
3212
2698
2506
2667
2977
3274
3414
3426
3060
2936
2875
2569
1996
1724
1744
2074
2553
2779
2480
1967
1473
894
297
-118
-145
-22
-240
-649
-691
-970
-1108
-1377
-1479
-1702
-1834
-2204
-2660
-3012
-3613
-3903
-3873
-3740
-3484
-3065
-2894
-2988
-3310
-3617
-3757
-3815
-3481
-2856
-2137
-1704
-1757
-2033
-2271
-2388
-2539
-2671
-2741
-2618
-2342
-1937
-1514
-1097
-839
-934
-1074
-1294
-1230
-672
-203
58
191
215
50
-241
-463
-312
-58
36
53
-40
365
804
1140
1279
1289
1530
1630
1636
1513
1442
1596
1626
1642
1682
1831
2209
2460
2374
2041
1981
1737
1673
1734
1816
1890
1848
1958
2234
2559
2675
1980
1195
876
653
641
633
626
845
946
733
223
-412
-1087
-1605
-2051
-2241
-2109
-2038
-1938
-2096
-2259
-2638
-2889
-3050
-3007
-3031
-2691
-2388
-2123
-1673
-1539
-1305
-1652
-1861
-1866
-1614
-1186
-749
-578
-768
-857
-1069
-1072
-1024
-856
-596
-536
-315
-313
-526
-790
-1201
-1173
-1027
-998
-942
-988
-905
-657
-443
-466
-510
-470
-166
312
658
758
699
1053
1454
1572
1640
1396
1154
1407
1714
2042
2193
2271
2598
2956
2858
2524
2386
2190
2234
2411
2408
2369
2197
2143
1858
1789
2051
2021
2192
2455
2167
1645
1059
820
952
1204
1357
1378
1102
846
661
448
-219
-848
-1007
-871
-618
-699
-875
-1036
-874
-993
-1577
-2538
-3224
-3192
-2502
-2384
-2277
-2116
-1862
-1382
-1685
-2226
-2555
-2190
-1423
-784
-674
-907
-1185
-1385
-1902
-2480
-2508
-1652
-172
830
638
-111
-997
-1301
-1090
-755
-273
261
639
784
709
364
-160
-513
-833
-1337
-1358
-661
236
1019
1218
585
217
233
338
118
176
1086
2108
2931
3004
2611
2867
3263
3255
2955
2622
2591
2886
3654
4031
3673
3245
2930
2811
2960
3167
3206
3147
2992
2773
2520
2560
2529
2171
1859
1480
1028
781
908
919
846
424
-146
-399
-3
315
-293
-778
-1133
-1243
-681
-292
-547
-1094
-1415
-1568
-1544
-1494
-1792
-1791
-1541
-1213
-1198
-1158
-1250
-1501
-1633
-1701
-1663
-1968
-2152
-2213
-1883
-1202
-612
-530
-671
-918
-1047
-776
-614
-286
-219
-360
-527
-535
-289
-350
-384
-185
3
137
408
653
628
530
261
-71
-340
-168
156
568
1180
1408
1579
1576
1656
1848
1961
1842
2013
2196
2451
2666
2677
2605
2630
2196
1661
1264
1270
1898
2456
2564
2064
1550
1167
732
249
240
104
-28
69
-46
-214
-443
-813
-1230
-1872
-2517
-2770
-2580
-2536
-2638
-2712
-2901
-3270
-3444
-3412
-3488
-3408
-3425
-3180
-3003
-2957
-2912
-3042
-2815
-2575
-2542
-2998
-3517
-3677
-3774
-3412
-3193
-3073
-2811
-2576
-2260
-1930
-1777
-1952
-2006
-2103
-2311
-2193
-1611
-1156
-1053
-1236
-1516
-1372
-1253
-895
-522
-434
-527
-528
14
629
1257
1430
955
491
494
637
819
921
1074
1642
1851
2019
2194
2202
2307
2532
2957
3242
3089
2533
2140
1738
1518
1549
1741
1918
2006
1974
1339
828
586
686
993
1295
1336
972
276
-69
-271
-519
-584
-787
-949
-1633
-2400
-2943
-2902
-2739
-2531
-2402
-2570
-2895
-3131
-3007
-2873
-2486
-1903
-1887
-2190
-2372
-2255
-1882
-1424
-840
-750
-994
-1203
-1238
-1189
-1024
-865
-755
-539
-620
-718
-770
-857
-996
-989
-844
-596
-202
-223
-370
-439
-443
-532
-366
133
549
983
1009
864
649
706
853
830
927
938
1211
1596
1844
1660
1200
1081
1471
1843
1804
1750
1507
1296
1164
1123
1511
2093
2306
2138
1409
621
251
550
1104
1257
1052
581
428
273
268
265
70
229
419
768
868
559
504
580
537
577
290
-289
-551
-569
-727
-1080
-1385
-1330
-1011
-662
-845
-1459
-1661
-1474
-1269
-942
-711
-902
-1031
-1175
-1384
-1620
-1500
-1213
-735
-171
-343
-926
-1451
-1394
-1062
-517
-98
-279
-239
-147
54
241
271
480
963
1540
1930
1971
1671
1460
1609
1966
2524
2733
2423
1938
1574
1295
1156
1439
1972
2502
2734
2536
2391
2383
2440
2432
2255
1992
1499
1510
1665
1726
1632
1393
1398
1444
1318
1112
745
339
299
430
640
673
542
442
76
-107
-224
-296
-136
-74
95
347
310
150
93
-86
211
432
86
-514
-1059
-1151
-745
-267
-11
204
-57
-560
-1145
-1529
-1538
-1153
-419
-198
-519
-1123
-1501
-1677
-1681
-1624
-1665
-2071
-2286
-2447
-2716
-2517
-2173
-1822
-1700
-1548
-1601
-1836
-1905
-1859
-1256
-823
-347
60
152
220
105
-135
-183
-117
-151
-176
-253
-72
371
437
97
59
366
528
510
604
440
479
636
969
1520
1532
1065
383
-28
184
688
895
795
704
269
-492
-965
-1096
-819
-260
-91
-282
-640
-704
-332
-386
-882
-1210
-1144
-800
-355
68
536
690
566
125
-308
-612
-659
-221
-125
-44
-386
-517
-278
-94
14
-80
-412
-650
-388
135
721
961
897
609
231
-79
-179
320
619
861
747
218
-198
-547
-875
-1105
-1086
-1076
-1032
-1512
-1753
-1893
-1914
-1562
-1283
-1347
-1384
-945
-694
-509
-363
-293
-59
201
164
227
436
773
729
558
363
361
676
1152
1495
1506
1414
1395
1282
1100
994
1041
1212
1401
1406
1561
1556
1321
1213
983
785
759
869
754
568
189
-108
-277
-204
-62
74
-8
-308
-567
-881
-936
-913
-755
-605
-480
-148
428
724
555
357
85
-104
-275
-418
-238
368
558
192
-469
-679
-531
-438
-295
-573
-1128
-1223
-1041
-686
-557
-179
-93
-703
-1153
-1376
-1395
-1076
-659
-538
-788
-1228
-1445
-1409
-1304
-1037
-920
-758
-1031
-1437
-1376
-994
-372
-321
-504
-728
-662
-389
148
693
993
1242
1162
951
758
809
755
1032
1379
1579
1590
1100
865
812
892
783
502
567
953
1604
1906
1658
1384
1396
1518
1647
1865
2152
2406
2517
2108
1759
1863
2143
2254
2120
1965
1855
1998
2052
1843
1512
1027
689
250
-22
241
441
735
907
899
667
595
820
896
694
448
479
635
537
147
-254
-805
-1369
-1623
-1645
-1329
-895
-624
-961
-1405
-1536
-1655
-1467
-1499
-1354
-998
-711
-540
-473
-401
-410
-248
-157
-49
77
322
260
423
517
337
227
130
-64
43
65
202
648
1118
1620
1649
1175
771
646
971
1348
1515
1632
1451
1404
1473
1287
1259
1023
1009
967
652
669
541
577
989
1214
1364
1504
1392
1274
1181
824
480
226
339
598
626
615
453
159
80
22
-226
-354
-470
-567
-381
-69
72
8
-151
-576
-852
-1241
-1287
-1067
-1120
-878
-895
-1187
-1346
-1382
-1383
-1559
-1845
-2184
-2582
-2515
-2189
-1871
-1616
-2108
-2274
-2319
-1991
-1446
-682
13
245
83
-517
-609
-350
-142
-39
-116
-205
-189
-288
-283
-216
-111
182
309
157
170
352
657
1161
1515
1722
1833
1849
1981
2146
1810
1504
1279
1068
974
1009
756
659
805
828
705
313
15
-170
-258
-110
367
315
397
611
801
793
654
378
164
334
637
581
326
-8
-350
-553
-784
-833
-1041
-975
-1249
-1252
-1270
-1171
-1044
-1177
-1098
-671
-71
230
95
-411
-803
-1225
-1404
-1203
-1271
-1572
-1980
-2378
-2475
-2619
-2578
-2514
-2355
-2306
-2210
-1881
-1274
-635
-326
-374
-684
-955
-776
-353
-61
88
-27
-301
-261
228
622
817
765
655
491
289
282
424
674
1033
1176
1229
1109
1322
1663
1904
2084
2113
2205
2118
2139
1959
1742
1634
1421
1002
729
737
866
922
788
522
185
-40
-231
-203
224
967
1740
2111
1652
813
22
-361
-328
-265
-190
-309
-315
-277
-329
-430
-670
-845
-1240
-1537
-1324
-954
-449
-249
-351
-668
-946
-1195
-1398
-1410
-1327
-1035
-682
-600
-686
-585
-702
-1020
-1536
-2035
-2040
-1698
-1140
-778
-448
-478
-605
-837
-1288
-1376
-1244
-854
-496
-275
-140
102
420
599
500
434
186
7
19
410
942
1408
1588
1727
1753
1559
1435
1456
1793
1979
2081
2185
2364
2386
2410
2080
1600
1456
1466
1269
1012
808
704
907
1290
1467
1348
1401
1372
1440
1320
1227
952
847
1067
1159
1067
1116
991
626
258
-69
-20
-126
-184
-204
-188
-563
-849
-869
-952
-620
-578
-539
-635
-924
-1053
-900
-653
-640
-883
-1096
-1156
-1168
-1154
-1252
-1340
-1239
-1326
-1744
-1998
-2217
-2161
-1808
-1606
-1548
-1394
-1189
-693
-394
-132
95
-15
140
410
390
306
574
869
836
753
345
64
136
549
942
996
650
322
284
664
854
924
773
614
757
1095
1425
1347
1236
1100
1014
790
731
831
685
536
374
177
244
572
1018
1276
1367
1291
912
346
91
373
979
1164
834
382
-125
-530
-561
-738
-913
-1017
-954
-936
-1523
-1878
-2197
-2182
-1624
-1320
-1255
-1396
-1440
-1329
-1252
-1228
-1272
-1431
-1729
-2203
-2319
-2042
-2021
-1730
-1414
-1340
-1679
-1901
-1984
-1953
-1668
-1452
-1191
-736
-211
269
437
325
-46
-470
-251
364
760
657
208
-341
-621
-733
-670
-354
11
250
409
206
-144
-373
-415
267
1000
1384
1114
804
713
795
1043
1268
1488
1103
709
407
203
229
436
713
455
207
-52
-175
-102
79
95
-181
-509
-508
-495
-140
3
-122
-351
-503
-566
-606
-587
-527
-498
-629
-886
-1133
-1091
-1186
-921
-661
-747
-848
-948
-806
-287
-43
-57
-372
-887
-1174
-1286
-1231
-985
-657
-614
-724
-915
-1113
-1104
-860
-865
-1150
-1367
-1390
-1321
-1229
-1170
-1232
-1115
-1272
-1141
-960
-952
-851
-795
-610
-380
-456
-641
-522
-426
-271
-24
22
-100
93
349
491
755
558
193
362
825
1018
814
766
1172
1266
1226
1133
927
468
436
674
960
1028
680
254
-107
-187
-204
-105
-64
-195
-140
157
565
943
1240
1097
829
433
112
137
81
139
139
-40
-23
322
364
130
-473
-625
-431
-432
-233
-102
31
134
187
116
-19
-175
-242
-421
-448
-378
-396
-549
-552
-607
-763
-857
-900
-674
-395
-115
-186
-178
-190
320
909
1032
1070
1071
913
852
920
882
1081
1353
1578
1408
1222
1021
815
920
917
1006
734
550
699
770
832
884
992
1029
1370
1740
1693
1617
1637
1172
1000
928
835
1019
740
509
450
455
576
479
312
240
327
433
486
427
165
120
528
665
559
146
-401
-516
-623
-518
-576
-759
-813
-1071
-1345
-1565
-1680
-1552
-1547
-1330
-1462
-1484
-1454
-1420
-1110
-846
-753
-579
-403
-413
-440
-626
-786
-1088
-859
-680
-547
-301
-297
-314
-253
-375
-191
-544
-1119
-1164
-846
-585
-555
-396
-93
16
423
718
483
361
170
172
316
583
676
734
755
537
357
368
638
1110
1562
1710
1393
1303
1224
1363
1359
1390
1573
1336
962
624
264
344
265
298
136
-11
19
-201
-86
-7
206
496
271
84
-379
-707
-674
-745
-425
-537
-850
-723
-557
-560
-768
-891
-814
-796
-548
-504
-854
-970
-1000
-787
-550
-606
-671
-534
-366
-395
-680
-898
-970
-572
-617
-649
-479
-677
-536
-416
-836
-1050
-1195
-1401
-1314
-794
-344
-320
-277
-258
-320
-60
-25
240
414
678
703
453
290
517
671
853
831
733
622
524
755
819
992
1080
1098
1228
1443
1617
1750
1241
1068
759
898
1124
1035
1355
1196
1015
808
334
50
82
432
872
992
475
39
-176
-247
-294
-79
166
242
-37
-271
-614
-862
-561
-142
-131
-183
-282
-590
-878
-893
-607
-503
-386
-489
-696
-883
-1104
-890
-551
-297
-388
-630
-974
-945
-868
-942
-867
-811
-751
-580
-395
-608
-604
-567
-701
-679
-651
-444
-185
-403
-841
-1051
-964
-774
-492
-48
309
518
333
-141
-344
-633
-709
-565
-215
-259
-311
-678
-1046
-965
-756
-510
-137
214
162
185
-14
80
430
88
-77
-168
-436
-212
27
102
-233
-318
-424
-472
-555
-784
-959
-1075
-950
-794
-1071
-1075
-955
-972
-742
-696
-828
-945
-816
-571
-616
-487
-251
-381
-307
-592
-678
-868
-1090
-1047
-1082
-1185
-996
-500
-89
93
123
328
662
867
674
345
253
365
324
319
134
-101
-49
161
-207
-603
-916
-883
-666
-466
-177
72
183
227
362
210
484
674
628
337
66
-96
10
105
22
141
589
715
639
298
-265
-79
239
441
616
604
538
565
281
304
516
772
868
797
787
738
749
777
633
930
1007
984
906
491
233
98
-114
-284
-82
360
718
1055
1260
1194
1128
1173
1315
1202
1159
1004
601
400
319
558
721
797
981
769
276
-295
-523
-145
12
300
276
122
465
635
898
906
661
588
560
811
950
964
924
877
1008
954
569
478
182
92
326
361
813
824
737
843
611
796
745
547
600
624
700
513
238
177
149
396
623
943
1150
886
618
526
579
717
737
766
722
718
692
543
535
566
705
920
1410
1420
1462
1404
1053
672
541
687
863
1053
1026
1008
1104
964
771
586
476
687
933
1040
1069
977
1059
918
889
906
646
406
145
29
173
137
-50
200
294
348
395
-96
-539
-728
-811
-1057
-700
-534
-671
-522
-689
-765
-611
-385
79
328
281
125
-83
-154
-42
-126
-130
-76
25
-142
-230
-310
-431
-270
2
422
468
351
-6
163
175
-26
100
260
462
397
-82
-568
-729
-868
-830
-933
-855
-866
-642
-358
61
229
91
73
65
-40
-121
63
476
837
695
517
681
392
128
22
88
174
123
32
7
167
-12
-135
-327
-755
-1114
-1167
-869
-447
-273
-273
-310
-654
-890
-1035
-1000
-1104
-1314
-1260
-1365
-1404
-1292
-1269
-1408
-1527
-1584
-1508
-1277
-1053
-1095
-1318
-1243
-1183
-825
-615
-748
-844
-1268
-1375
-1480
-1699
-1743
-1844
-1406
-1266
-1204
-1215
-1558
-1877
-1961
-1644
-1394
-1242
-1137
-1156
-847
-674
-590
-624
-891
-981
-951
-792
-876
-1119
-873
-866
-823
-714
-809
-535
-251
-173
-47
-64
-100
-67
-202
39
-17
47
50
-17
251
307
471
600
331
-27
-39
-120
19
206
220
144
89
252
395
698
888
1116
1118
1104
1263
1049
909
591
608
328
114
-182
-591
-611
-422
-18
252
-20
-274
-243
-237
201
691
901
817
479
151
92
329
357
332
42
-324
-808
-1232
-1204
-1085
-753
-621
-762
-828
-738
-264
-86
244
486
649
604
669
1053
1036
1013
875
724
205
141
294
334
233
52
54
75
538
969
1041
1294
1543
1755
1879
2188
2354
2307
2293
2355
2231
1825
1467
1356
1406
1397
1428
1248
1010
749
377
181
266
621
1014
1229
1332
1754
1912
1780
1784
1740
1515
1647
1764
1634
1167
546
465
104
-307
-101
93
-185
-316
-357
-470
-365
-97
237
178
40
196
64
-268
-382
-396
-594
-694
-360
-398
-745
-670
-743
-532
-485
-422
-867
-1224
-975
-872
-569
-299
-558
-528
-580
-475
-421
-477
-425
-700
-947
-980
-406
103
335
881
827
450
558
322
403
204
7
280
545
972
1236
1508
1549
1548
1751
1352
1169
1122
868
1011
1136
1462
1466
1227
719
595
480
853
1128
1284
1174
964
852
646
558
686
837
734
1193
1388
1055
558
254
495
602
374
554
497
523
224
-31
-46
-163
231
48
-76
-10
-218
-263
-436
-588
-397
-287
-234
-172
-496
-1070
-1607
-1930
-1804
-1328
-1122
-952
-304
-518
-1382
-1910
-2323
-1988
-2119
-1192
-41
-834
-1166
-1449
-1592
-1600
-1284
-684
92
434
-660
-1079
-946
-1584
-1679
-1644
-1256
-969
-952
-588
-496
-1248
-1823
-833
-1524
-2124
-1610
-878
-941
-1056
0
242
-23
-406
-23
135
-481
-494
359
-41
-633
-813
-500
169
-1119
-1538
-97
-38
-815
-642
-576
-364
-539
-683
-622
105
21
316
158
-957
-632
-843
-605
-758
-1264
-1536
-1694
-1377
-1030
-1083
-1136
-1090
-1171
-1544
-1249
-888
-798
-727
-678
-308
-367
-294
-521
-408
-838
-1240
-752
-677
-672
-771
-1047
-1321
-1504
-1204
-777
-1042
-1235
-920
-135
-64
-400
-534
-521
-213
-392
-290
12
-305
-705
-550
-132
-158
-553
-673
-615
-772
-680
-518
19
398
502
581
188
-248
-530
-388
103
714
1391
1493
1295
873
473
219
-62
34
149
561
628
625
290
-12
-133
-8
320
706
1006
1074
1089
491
194
350
491
649
626
726
490
-499
-918
-624
-601
-706
-273
320
385
411
535
941
455
-41
97
312
224
-81
445
591
-260
-681
-705
-713
-659
-414
189
360
42
-251
-538
-449
-406
-174
74
262
317
-155
-182
198
484
295
104
189
221
28
-117
460
907
752
449
589
862
834
723
794
683
982
1203
1561
1784
1444
1407
1587
1636
1689
1938
1762
1659
1338
1239
1261
1515
1443
1207
1275
1225
1396
1327
1417
1427
1110
567
231
313
664
706
730
1132
1281
901
765
582
393
187
-154
-280
-657
-1138
-1247
-960
-802
-607
-360
-671
-1150
-1500
-1261
-1008
-751
-321
-563
-875
-1323
-1556
-1449
-1292
-852
-349
-270
-452
-933
-1050
-743
-795
-684
-429
-382
-575
-178
168
441
133
-185
-338
-37
453
431
125
-23
158
146
423
748
862
506
121
379
730
698
910
1301
1117
860
518
733
823
492
436
1039
1307
1317
1390
1288
766
422
440
881
1441
1165
1136
1068
609
601
1021
973
1032
590
7
-45
-166
82
176
140
416
526
557
321
145
10
-253
-58
43
-84
-93
-246
-54
-260
-583
-330
78
325
232
98
-153
-221
-284
-725
-718
-571
-151
599
915
848
647
633
483
219
105
176
321
382
267
-117
-402
-382
-243
-353
-257
220
539
12
-254
-368
-237
48
257
404
222
92
-212
-439
-487
-121
109
17
-134
-79
-36
-96
9
123
-115
-266
-48
65
150
115
335
316
33
48
-27
-95
-123
-78
135
105
13
-290
-556
-766
-1127
-746
-220
-35
245
621
503
-156
-724
-937
-834
-626
117
717
1023
906
562
191
-598
-842
-638
-191
-49
-107
-183
-444
-897
-1193
-791
-315
142
322
216
214
-114
-590
-621
-610
-589
-446
-350
-321
-690
-901
-981
-1083
-1396
-1841
-1726
-1270
-1130
-918
-485
-110
43
-33
-451
-816
-907
-717
-678
-539
-206
200
143
124
-172
-344
-568
-1085
-940
-826
-808
-710
-184
-65
-341
-272
-136
-102
-331
-309
-95
-272
-646
-419
-418
-442
-147
270
152
-422
-873
-667
-432
-333
-106
-72
67
25
292
408
546
624
396
277
134
-105
-13
-74
-182
-229
-341
-266
-82
126
138
169
-74
-748
-1060
-818
-271
-28
-111
111
295
237
-29
232
183
165
513
831
858
504
506
666
535
75
-25
412
557
321
218
446
232
0
-80
-29
55
122
326
413
146
178
385
588
538
473
370
479
713
378
194
224
231
157
312
226
32
-318
-127
-1
33
193
371
508
192
306
845
786
934
794
639
500
1
272
610
680
642
290
-44
-249
-291
-151
119
255
219
308
205
-202
-636
-668
-232
348
619
1020
1493
1283
468
8
-38
123
3
159
701
717
357
-178
-365
-551
-757
-642
-74
164
0
123
508
477
185
130
144
239
250
233
106
-164
-447
-536
-344
-611
-688
-710
-797
-658
-371
-124
-353
-334
-280
-114
151
532
1011
1126
611
214
204
345
494
820
1064
1001
618
576
892
709
602
167
-63
-224
-157
199
288
729
938
1049
1074
724
324
305
589
961
543
159
136
-268
-419
-227
34
-5
-25
310
333
321
495
240
172
168
113
22
291
821
1004
956
711
110
-418
-615
-649
-640
-618
-127
22
-223
-274
-488
-531
-662
-664
-235
0
146
316
187
-124
-436
-590
-666
-565
-641
-695
-730
-771
-1085
-1303
-1084
-811
-818
-660
-349
-400
-652
-481
-453
-857
-747
-588
-570
-441
-176
-84
-339
-570
-901
-1158
-1376
-1127
-1178
-838
-581
-812
-1137
-1235
-1223
-1223
-1160
-833
-190
-158
-287
-331
-358
-185
-144
-164
438
970
1127
933
873
382
-418
-345
-53
150
97
119
469
556
84
-7
240
286
150
107
116
140
173
366
537
512
752
1031
749
325
91
156
82
-206
-128
-101
-238
-305
-279
-282
-396
-666
-749
-649
-459
-251
-599
-530
-284
-97
-121
-248
-305
-432
-689
-1119
-1289
-681
-316
-140
208
-223
-796
-1081
-1076
-818
-823
-838
-791
-711
-372
-393
-471
-670
-439
-387
-288
49
-14
-113
-110
361
555
401
384
434
-170
-308
-268
-21
258
235
351
188
-79
-228
-161
-286
-84
275
660
876
820
345
-114
-547
-773
-173
209
237
-4
-71
-329
-337
-213
63
218
435
831
980
1131
1050
886
782
764
829
962
867
851
814
654
273
-23
-255
-573
-683
-607
-240
-180
-43
47
11
-229
-562
-634
-711
-725
-609
-343
-303
-309
-587
-921
-1200
-1343
-1236
-917
-631
-294
-182
-682
-1105
-949
-722
-710
-788
-543
-42
588
973
1260
1510
967
623
161
185
470
640
1177
1226
1354
1443
1340
931
801
918
759
860
883
953
945
672
864
815
887
1187
1520
1611
1208
1066
781
497
573
482
828
961
862
756
450
206
6
-61
-15
242
628
935
889
439
-165
-387
61
463
814
795
543
332
410
550
666
689
538
552
671
637
646
585
486
183
-208
-431
-41
514
827
1009
1054
776
328
58
-22
40
248
723
891
778
371
-58
-671
-821
-504
-433
0
167
302
581
578
656
623
627
704
691
864
1262
1645
1674
1859
1676
1546
1697
1666
1643
1164
1132
1354
1245
1102
1083
1182
903
687
502
501
209
240
572
464
362
-88
-378
-384
-302
-339
-361
-462
-645
-960
-1304
-1657
-1727
-1542
-1002
-973
-1318
-1392
-1832
-2338
-2301
-1954
-1862
-1356
-978
-1133
-1478
-1883
-1650
-1248
-904
-804
-991
-1330
-1790
-1941
-1924
-1673
-1184
-806
-398
-412
-740
-942
-1098
-1379
-1259
-428
-68
-132
-620
-856
-1153
-1298
-1124
-820
-549
-643
-746
-979
-1141
-1162
-990
-1168
-777
-417
-198
-290
-678
-775
-1057
-1273
-995
-687
-404
-187
-238
-286
-396
-412
-447
-153
-43
174
154
115
76
33
118
12
78
134
454
543
338
340
95
100
166
427
418
326
249
142
-178
-288
41
294
88
-254
-270
-328
-395
-171
153
141
-116
-395
-580
-1006
-1248
-1228
-1007
-796
-688
-489
-787
-1415
-1549
-1484
-1603
-1053
-800
-517
-327
-405
-511
-643
-160
-37
119
-59
-128
38
288
243
-67
-215
-335
-260
-181
-317
-181
-175
-220
-3
201
173
-42
-114
-59
-219
-365
-341
-450
-533
-519
-614
-402
-589
-494
-117
-371
-424
-365
-591
-644
-430
-103
-186
-35
62
326
741
795
960
897
654
64
-96
341
546
796
985
747
243
-155
-97
96
278
730
1135
965
419
198
128
-73
131
341
734
628
528
501
262
323
365
-12
-36
0
0
0
0
0
0
0
0
0
0
0
0
0
0
0
0
0
0
0
0
0
0
0
0
0
0
0
0
0
0
0
0
0
0
0
0
1
0
0
0
0
-1
0
0
0
0
0
0
0
0
0
0
0
0
0
0
0
0
0
0
0
0
0
0
0
0
0
0
0
0
1
0
0
0
0
0
0
0
0
0
0
0
0
0
0
0
0
0
0
0
0
0
0
0
0
0
1
1
0
0
0
-1
1
1
0
0
0
0
0
0
0
0
0
0
0
1
0
0
0
0
0
0
0
0
0
0
0
0
0
0
0
0
0
0
0
0
0
0
0
0
0
0
0
0
0
0
0
1
0
1
0
0
0
0
0
0
1
0
0
1
-1
0
0
0
0
0
0
0
0
0
0
0
-1
0
-1
0
0
0
0
0
-1
0
0
0
0
0
0
0
0
0
0
0
0
0
0
0
-1
0
0
0
0
0
0
1
0
0
0
0
0
0
0
0
0
0
0
0
0
0
0
1
0
1
0
0
0
0
1
0
0
0
-1
0
0
0
0
0
0
0
0
0
0
0
0
0
0
0
0
0
0
0
0
0
0
0
0
0
0
0
0
0
0
0
0
0
0
0
0
0
0
0
0
0
0
