0
0
0
0
0
0
0
0
0
0
0
0
0
0
0
0
0
0
0
0
0
0
0
0
0
0
0
0
0
0
0
0
0
0
0
0
1
0
0
0
0
-1
0
0
0
0
0
0
0
0
0
0
0
0
0
0
0
0
0
0
0
0
0
0
0
0
0
0
0
0
1
0
0
0
0
0
0
0
0
0
0
0
0
0
0
0
0
0
0
0
0
0
0
0
0
0
1
1
0
0
0
-1
1
1
0
0
0
0
0
0
0
0
0
0
0
1
0
0
0
0
0
0
0
0
0
0
0
0
0
0
0
0
0
0
0
0
0
0
0
0
0
0
0
0
0
0
0
1
0
1
0
0
0
0
0
0
1
0
0
1
-1
0
0
0
0
0
0
0
0
0
0
0
-1
0
-1
0
0
0
0
0
-1
0
0
0
0
0
0
0
0
0
0
0
0
0
0
0
-1
0
0
0
0
0
0
1
0
0
0
0
0
0
0
0
0
0
0
0
0
0
0
1
0
1
0
0
0
0
1
0
0
0
-1
0
0
0
0
0
0
0
0
0
0
0
0
0
0
0
0
0
0
0
0
0
0
0
0
0
0
0
0
0
0
0
0
0
0
0
0
0
0
0
0
0
0
-61
-148
-98
-31
43
-69
-142
-85
61
25
110
198
-17
15
32
49
190
236
261
363
393
467
341
242
164
124
32
77
47
-25
-108
8
216
320
349
375
349
251
320
320
262
88
-160
-116
-139
28
-29
-136
-245
-347
-376
-420
-497
-688
-622
-652
-397
-311
-292
-324
-414
-428
-561
-496
-282
-132
-108
-113
-71
-49
-132
8
-168
-166
-20
-90
22
-212
-470
-537
-477
-390
-438
-566
-462
-312
-243
-230
-270
-319
-371
-336
-320
-259
-50
44
176
134
167
86
-39
-100
-144
-20
133
212
294
266
63
-72
159
157
100
50
104
147
74
104
144
209
225
259
72
-92
-134
-133
19
133
228
112
154
187
363
523
605
589
448
558
527
555
512
513
539
405
116
-72
-43
121
132
20
89
-46
100
156
-31
70
198
303
401
295
280
242
126
246
248
214
195
250
399
440
565
741
644
536
645
727
850
729
541
506
539
602
603
546
462
425
575
662
642
757
788
861
941
942
957
1023
1126
1251
1115
1031
970
1161
1128
1126
1173
949
1034
1036
1065
1173
1121
1088
960
954
948
883
842
731
735
716
805
827
889
1023
1167
1196
1056
909
812
780
813
817
891
889
686
596
430
406
307
338
401
311
277
21
-150
-191
-100
26
57
-17
-224
-431
-538
-490
-505
-500
-356
-497
-521
-448
-347
-357
-437
-549
-787
-964
-997
-983
-999
-1046
-1189
-1114
-1194
-1093
-1034
-928
-836
-804
-755
-830
-838
-859
-758
-615
-495
-656
-642
-704
-763
-867
-850
-929
-957
-1049
-1115
-1113
-1293
-1445
-1572
-1686
-1696
-1531
-1463
-1365
-1429
-1421
-1497
-1591
-1593
-1619
-1448
-1390
-1452
-1596
-1674
-1694
-1789
-1731
-1715
-1617
-1675
-1636
-1535
-1470
-1326
-1199
-1201
-1170
-1279
-1341
-1402
-1178
-1106
-871
-562
-679
-692
-758
-614
-561
-420
-178
-261
-200
-38
32
-62
-27
245
191
326
296
194
171
-89
-94
-89
-190
-262
-101
-174
-89
109
151
61
-19
36
170
406
351
479
451
387
509
576
610
481
432
481
470
655
765
843
682
584
562
281
302
399
449
487
320
216
113
99
198
258
431
456
348
387
451
498
477
420
384
320
258
238
278
249
338
519
533
460
315
272
334
387
341
303
367
483
380
319
194
16
89
123
52
-52
-26
16
20
46
78
61
-62
-11
42
-32
133
291
241
149
166
227
261
357
372
347
243
183
320
286
311
329
435
453
618
729
669
659
663
795
728
525
373
165
204
279
366
516
490
509
600
800
920
915
957
1038
1065
1060
1008
865
1014
1102
1193
1133
1039
952
846
890
1063
1373
1449
1503
1635
1694
1831
1914
1922
1913
1798
1884
1898
1813
1791
1652
1639
1528
1417
1295
1358
1285
1169
1070
997
1174
1128
1273
1369
1439
1416
1402
1261
1308
1415
1457
1626
1488
1453
1378
1384
1237
1076
996
881
1110
1236
1224
1084
1040
1133
1099
1072
932
768
650
587
468
379
432
225
25
-36
-73
30
67
-229
-439
-573
-710
-635
-571
-390
-292
-281
-323
-481
-560
-558
-545
-417
-309
-234
-244
-307
-257
-444
-618
-661
-673
-717
-578
-443
-597
-529
-633
-709
-619
-622
-673
-771
-844
-886
-888
-992
-1066
-1083
-1127
-1049
-1084
-1145
-1107
-1003
-806
-857
-965
-839
-818
-742
-646
-659
-578
-706
-780
-773
-781
-814
-950
-1042
-1163
-1155
-1193
-971
-931
-994
-1011
-1156
-1154
-1163
-1016
-952
-920
-1001
-1100
-1074
-1090
-1025
-900
-896
-1079
-1225
-1278
-1305
-1182
-1059
-1026
-940
-1025
-1075
-938
-1003
-859
-714
-618
-584
-443
-85
-170
-319
-454
-673
-817
-755
-625
-579
-574
-534
-624
-534
-553
-471
-331
-436
-412
-481
-487
-444
-370
-310
-302
-203
-201
-257
-420
-452
-511
-498
-456
-276
-173
-119
-125
52
214
227
267
133
124
-54
-19
-37
-105
-64
-318
-336
-450
-633
-676
-592
-417
-361
-353
-420
-451
-485
-284
-85
109
165
132
233
383
480
517
387
501
565
671
430
319
402
331
416
372
267
78
91
75
258
336
518
665
760
1007
911
797
649
614
505
669
661
593
658
442
376
212
177
239
286
263
261
268
274
276
218
256
209
131
298
246
358
385
477
533
535
358
279
128
181
370
405
574
474
305
296
389
334
265
213
324
333
320
310
293
188
97
119
-35
-72
36
153
138
211
91
153
344
350
506
616
637
598
603
517
704
731
487
309
133
13
-99
90
26
-76
-18
-139
19
14
41
14
27
151
97
188
246
414
368
368
383
249
188
343
301
392
213
146
252
254
352
98
181
321
330
318
177
214
268
179
124
142
-15
84
254
330
385
284
156
210
324
267
234
124
-11
28
226
278
219
30
45
252
403
303
98
-100
-145
-105
-118
-13
68
28
-27
-19
42
222
198
167
135
140
113
116
149
108
-86
-89
-224
-462
-562
-755
-843
-891
-873
-1123
-1272
-1322
-1327
-1300
-1429
-1500
-1718
-1639
-1484
-1299
-1280
-1255
-1284
-1379
-1222
-1297
-1294
-1102
-970
-815
-800
-1013
-1069
-913
-692
-918
-1131
-1158
-1198
-1027
-1197
-1338
-1406
-1596
-1623
-1673
-1793
-1845
-1698
-1704
-1660
-1735
-1785
-1541
-1202
-1252
-1132
-1179
-1183
-853
-705
-706
-768
-532
-497
-470
-550
-713
-617
-611
-680
-592
-622
-807
-793
-770
-742
-632
-480
-363
-418
-423
-485
-673
-593
-465
-492
-327
-196
4
246
291
317
229
81
-28
26
256
338
421
529
663
570
577
601
473
439
513
295
318
498
582
670
645
797
816
805
766
821
776
785
788
589
622
713
775
781
751
665
620
566
394
303
215
217
166
270
502
457
489
562
694
736
643
600
520
431
450
598
515
449
600
612
601
634
505
233
182
158
100
-37
-21
-55
-356
-495
-731
-854
-967
-972
-913
-1007
-917
-882
-928
-914
-809
-578
-450
-486
-425
-447
-546
-450
-527
-478
-457
-410
-482
-394
-361
-264
-350
-508
-617
-803
-836
-850
-870
-973
-787
-709
-620
-394
-408
-415
-386
-381
-320
-289
-161
58
201
210
239
243
155
175
244
367
409
567
760
557
426
426
435
444
378
296
234
82
348
434
376
475
475
461
487
614
416
360
234
238
141
60
123
222
301
44
1
-96
-45
-64
-195
-9
-87
1
11
7
54
260
492
526
478
375
354
429
556
701
607
592
552
462
449
401
383
422
481
368
453
341
414
480
462
256
43
-141
-152
-103
-71
-81
-222
-106
-23
-77
-145
-295
-347
-177
-109
22
11
-232
-184
-171
-51
171
136
143
-37
-69
-208
-283
-270
-343
-230
-279
-428
-622
-882
-965
-895
-846
-924
-1115
-1132
-1098
-1164
-1299
-1258
-1301
-1213
-1143
-1070
-1028
-1092
-1257
-1081
-925
-871
-779
-680
-633
-721
-536
-559
-530
-514
-449
-499
-336
-151
-40
183
75
63
-114
-225
-140
-100
-67
-83
-42
-123
-111
-91
-95
-143
-54
-9
-141
-264
-185
-143
-126
-16
-28
13
69
179
311
308
355
356
548
739
869
999
917
785
741
838
1046
1026
1072
1095
1011
938
836
674
541
604
748
713
754
681
456
401
399
381
428
377
440
502
486
542
608
694
690
644
591
669
656
693
696
727
693
753
774
845
999
989
918
747
794
941
879
806
669
713
836
948
969
838
733
479
286
192
86
22
26
224
341
262
398
414
456
543
592
572
527
476
368
294
264
231
114
100
158
69
-52
-234
-252
-236
-144
-39
22
-24
2
-82
-62
112
113
228
35
-159
-303
-237
-175
-1
-123
-175
-122
-167
-52
-197
-260
-364
-317
-372
-470
-421
-473
-245
-6
18
-46
-117
-173
-285
-363
-373
-275
-180
-281
-201
-378
-460
-443
-558
-562
-459
-581
-411
-317
-331
-350
-298
-296
-489
-657
-672
-693
-521
-399
-365
-388
-401
-174
-169
-50
-235
-107
-86
-15
50
162
218
113
52
-98
-40
12
-96
-169
-196
-1
225
311
156
7
165
75
143
37
-84
-129
-316
-366
-311
-387
-274
-217
-288
-273
-109
-85
-120
-67
-44
-19
90
134
21
-5
74
20
-69
-37
-158
-59
-44
-44
72
103
170
264
303
347
312
249
124
96
205
85
124
-7
37
37
-34
-119
-56
-75
-52
82
-48
-42
-26
-86
-84
-110
-158
-119
10
39
204
211
98
140
228
172
108
20
-215
-208
-187
-165
-290
-248
-346
-495
-518
-399
-283
-320
-177
-254
-195
-251
-200
-33
75
175
205
175
159
265
240
303
347
120
250
419
282
171
43
72
102
288
392
318
269
127
0
-49
-6
6
96
63
129
350
341
329
362
554
588
553
518
471
528
544
547
682
626
526
573
498
398
488
637
676
788
758
772
735
717
802
693
619
853
897
980
817
710
699
875
981
984
962
823
839
758
965
954
916
857
768
787
871
760
630
699
756
668
603
651
757
820
953
1082
1182
1204
1157
1280
1344
1408
1441
1391
1470
1276
1318
1272
1265
1272
1229
1184
1149
1175
1138
1049
863
733
593
621
435
539
596
598
677
591
504
745
957
1048
1030
905
691
571
596
693
776
899
820
655
448
261
227
144
46
-151
-294
-368
-414
-472
-383
-206
-184
-311
-426
-510
-488
-544
-533
-229
-222
-178
-263
-189
-258
-275
-210
-195
-289
-441
-588
-612
-781
-785
-676
-824
-753
-923
-998
-1039
-1005
-860
-707
-708
-622
-568
-663
-544
-551
-596
-641
-567
-572
-596
-598
-738
-853
-966
-1028
-762
-481
-425
-365
-588
-706
-642
-494
-405
-402
-460
-546
-528
-543
-454
-442
-263
-45
89
216
98
142
169
192
171
85
-25
-133
-286
-221
-110
-169
-277
-453
-474
-560
-396
-470
-597
-417
-343
-347
-518
-509
-652
-724
-780
-902
-1016
-820
-681
-682
-638
-594
-541
-443
-402
-635
-623
-432
-231
-174
-220
-237
-254
-393
-472
-556
-487
-463
-156
-102
-16
-94
-330
-460
-535
-436
-328
-388
-548
-493
-600
-522
-496
-561
-498
-651
-801
-651
-608
-509
-479
-363
-282
-399
-593
-791
-695
-727
-621
-511
-471
-346
-362
-411
-488
-337
-334
-274
-253
-256
-174
13
180
179
16
-236
-425
-420
-377
-460
-471
-472
-411
-433
-407
-420
-252
-130
37
157
136
143
148
220
266
365
394
427
425
423
550
562
396
210
166
107
79
-141
-275
-342
-410
-167
-192
-91
-82
32
30
-52
-40
-15
-4
82
210
275
192
153
162
122
240
449
609
585
594
507
538
546
545
575
484
465
421
552
424
571
559
456
609
646
635
507
399
425
513
555
786
836
936
1014
1011
848
616
672
632
615
554
712
995
981
1180
1183
1011
770
657
408
237
335
472
869
939
947
949
907
992
1091
1099
1095
999
835
791
793
867
777
760
686
736
736
505
316
237
223
149
154
352
361
405
328
198
273
397
367
313
246
207
209
297
215
-221
-408
-399
-365
-145
276
632
840
1007
1029
703
501
427
416
501
667
865
671
342
178
152
-61
-138
-307
-524
-577
-712
-893
-850
-874
-1001
-752
-735
-822
-1047
-1208
-1455
-1731
-1535
-1221
-765
-261
-463
-958
-1219
-1014
-782
-584
120
349
-40
-464
-703
-1080
-1416
-1682
-1676
-1520
-1460
-805
-570
-969
-1382
-1170
-1347
-2049
-2168
-1957
-1402
-519
164
20
-860
-1669
-1867
-2049
-2137
-1708
-1412
-1190
-701
47
435
215
-87
-130
-225
-459
-570
-595
-485
-117
536
723
385
107
73
-148
-187
-167
17
206
-199
-569
-814
-968
-1125
-806
-340
52
424
642
704
762
499
-42
-374
-588
-408
-101
284
500
507
596
641
701
519
353
105
-152
-254
-272
-252
-243
-186
-221
-360
-437
-270
-117
-417
-476
-619
-828
-825
-711
-374
-200
-304
-311
-121
-83
-377
-460
-640
-807
-919
-982
-769
-444
-311
-115
-395
-624
-803
-861
-495
-398
-278
-210
-336
-319
56
335
152
-136
-383
-467
-619
-333
-165
-303
-421
-485
-363
-307
-132
-148
-124
-359
-547
-668
-537
-516
-609
-382
-326
-297
-406
-369
-118
-159
141
216
377
511
660
679
284
-144
-517
-394
-104
105
-3
-190
-182
-285
-230
-100
141
530
481
262
92
-22
-186
-297
-277
-144
-193
-82
27
362
879
1203
1165
666
180
171
265
348
156
-127
-220
-18
160
-33
-79
-173
-248
-201
-51
18
345
704
1003
1165
905
938
867
957
1027
763
522
540
818
1105
1453
1354
927
965
1094
1281
1381
1214
1313
1459
1584
1355
1466
1577
1745
1717
1236
945
746
679
693
865
1172
1301
1666
1896
1561
1228
1061
926
810
636
492
175
165
126
6
101
179
57
68
309
327
-154
-736
-941
-818
-549
-620
-812
-894
-857
-941
-936
-785
-727
-595
-724
-828
-734
-720
-427
109
431
26
-276
-606
-652
-476
-460
-533
-1026
-1227
-1164
-1005
-787
-913
-1115
-1330
-1252
-921
-841
-779
-843
-1197
-1355
-1167
-752
-414
-437
-283
-293
-56
421
801
755
673
596
101
-370
-750
-847
-794
-626
-380
-242
-207
-327
-293
-137
-5
541
344
120
-239
-719
-835
-790
-700
-863
-795
-381
-60
30
35
-293
-514
-628
-603
-689
-585
-516
-189
151
377
300
-27
-79
77
396
28
-380
-575
-671
-519
-149
80
148
331
490
440
136
-36
-353
-528
-398
28
519
535
495
588
416
343
301
119
-57
-154
50
231
409
367
434
487
289
784
1075
1174
1239
950
728
561
332
199
355
802
1325
1737
1879
1698
1396
1004
389
-58
-179
-132
55
302
812
905
521
251
-109
-266
-129
190
494
541
642
858
1176
1338
1496
1193
1116
1209
1319
1469
1294
1139
846
683
494
392
211
128
104
-234
-493
-653
-713
-399
-137
204
317
152
88
30
-87
-586
-1007
-1232
-1124
-727
-444
-259
-195
59
-24
-352
-473
-353
-344
-314
-361
-614
-532
-477
-550
-648
-571
-444
-171
60
-90
-271
-566
-695
-853
-1186
-1162
-978
-965
-1098
-914
-578
-337
-216
-315
-732
-1138
-1025
-617
-120
154
596
755
798
709
467
-242
-959
-1056
-1003
-670
-227
220
458
348
269
236
145
-232
-711
-667
-697
-663
-680
-672
-407
-380
-276
-233
-294
-324
-501
-639
-422
-117
138
228
277
388
546
690
648
590
430
490
528
352
250
162
122
167
9
-293
-626
-588
-332
-104
-290
-461
-595
-856
-719
-802
-943
-1019
-1102
-915
-984
-932
-655
-109
191
428
593
254
-33
-115
168
495
754
606
218
-28
-146
-134
-193
-114
107
125
369
313
458
222
-204
-448
-850
-1024
-1222
-1100
-1046
-985
-847
-758
-755
-961
-1065
-1042
-901
-983
-780
-310
-110
-29
-207
-234
-120
-146
-177
-490
-727
-942
-815
-508
-153
211
516
498
133
-53
-219
-262
-234
-126
-94
-28
-54
-296
-391
-358
-292
-173
126
436
721
1032
981
849
683
581
470
313
146
179
112
36
-4
-9
-149
-308
-453
-274
-22
203
631
1015
1082
1112
1185
1235
1047
842
772
631
604
737
805
773
697
853
892
758
822
591
382
198
309
308
258
384
454
974
1444
1740
1663
1457
1409
1330
1387
1385
1267
1115
1181
1263
1235
1203
1057
1012
1161
1304
1417
1341
1306
1362
1179
1048
1043
1179
1425
1547
1479
1521
1625
1790
1961
1742
1133
845
763
910
1153
1268
1162
1290
1352
1250
1145
617
370
261
181
70
-133
-422
-691
-874
-790
-605
-482
-241
97
231
478
691
357
10
-244
-185
-33
-16
-397
-510
-310
-454
-480
-305
-566
-688
-643
-789
-1092
-1456
-1582
-1373
-1269
-1226
-1111
-820
-477
-97
122
188
370
353
564
775
991
878
588
313
-24
-222
-417
-515
-702
-688
-282
61
155
-60
-306
-455
-893
-1172
-1394
-1528
-1287
-1146
-1037
-890
-811
-545
-397
-311
-533
-497
-170
-154
-17
-184
-337
-342
-443
-545
-407
-310
-216
130
338
346
273
1
-250
-492
-684
-717
-918
-1133
-883
-594
-473
-649
-881
-890
-678
-458
-550
-565
-593
-878
-950
-778
-620
-611
-450
-468
-706
-885
-845
-875
-721
-713
-608
-506
-531
-525
-641
-578
-672
-753
-1094
-1392
-1503
-1506
-1393
-1228
-1058
-907
-740
-552
-422
-558
-538
-556
-470
-319
-146
-26
-35
-131
-235
-124
-233
-321
-536
-621
-633
-659
-590
-407
-384
-301
-77
-118
84
37
93
-93
-303
-575
-764
-859
-1003
-768
-734
-702
-526
-282
-119
140
75
-125
-340
-541
-644
-1106
-1215
-1133
-809
-682
-450
-262
-196
99
68
70
215
307
278
457
525
757
517
-2
-107
-191
-22
303
394
638
933
1014
932
742
745
614
267
31
-135
-356
-251
-132
185
381
453
827
1017
1143
1263
1181
1043
1295
1396
1335
1090
755
617
280
58
-278
-495
-232
0
382
604
581
625
798
845
858
865
655
612
680
608
614
719
665
716
886
1131
1202
1000
928
866
657
508
537
601
654
728
742
670
554
505
517
689
462
307
370
650
781
763
866
857
959
886
846
822
402
213
122
84
244
291
316
479
380
488
394
141
93
-129
-109
-70
-101
46
462
734
1001
1016
661
390
218
146
112
217
551
669
768
795
839
823
593
531
392
357
432
595
604
516
460
330
36
-380
-269
-6
289
484
545
384
220
203
383
584
705
748
1022
1427
1545
1135
537
-122
-681
-722
-555
-295
-113
-107
-284
-419
-721
-1041
-1051
-858
-465
-209
-120
-17
-142
-244
-159
30
241
304
207
262
206
30
103
60
-17
-192
-392
-284
-114
71
-70
-373
-718
-993
-1280
-1636
-1605
-1680
-1308
-1122
-1011
-889
-850
-508
-169
17
-86
-205
-234
-49
86
189
5
-203
-529
-886
-1078
-1086
-1076
-928
-705
-417
-124
-96
-312
-715
-969
-1299
-1335
-1321
-1107
-1044
-1126
-908
-851
-596
-458
-432
-277
-179
7
209
301
162
98
86
-237
-564
-522
-410
-334
-97
196
81
155
248
274
446
247
215
78
-96
-452
-741
-859
-969
-850
-790
-754
-738
-872
-956
-1074
-1198
-1164
-1161
-1056
-1163
-1170
-1059
-984
-708
-651
-421
-540
-496
-500
-575
-492
-437
-152
-36
127
283
314
160
136
70
152
231
109
-252
-494
-566
-631
-673
-872
-898
-1009
-1176
-1338
-1342
-1104
-698
-237
-70
-132
-214
-273
-218
-188
-260
-346
-554
-765
-919
-950
-1005
-987
-892
-712
-552
-492
-612
-798
-916
-961
-1026
-913
-746
-761
-686
-634
-534
-461
-317
-188
-197
-279
-317
-504
-347
-228
17
290
302
154
184
375
494
690
772
737
814
737
588
400
622
911
993
965
931
1002
1063
890
916
714
497
500
414
588
708
1048
1084
1123
1215
1112
820
562
755
1070
1392
1518
1608
1342
809
328
-46
-253
-223
11
291
519
630
586
798
1166
1459
1287
1063
781
233
-44
233
611
1070
1254
1127
875
713
626
586
764
536
31
-302
-306
-5
277
268
278
140
-61
52
257
419
598
831
566
290
48
-154
-30
85
190
133
257
173
-30
57
150
455
1078
1548
1836
1842
1561
1134
894
719
876
978
848
818
593
354
124
46
82
600
1000
1370
3324
4502
5951
6381
6760
6731
5328
3826
2913
2363
1817
525
258
1035
1585
2287
2566
3717
3730
2952
1714
477
-795
-1689
-2588
-2798
-2761
-2009
-1519
-701
176
781
780
1584
727
-455
-1259
-1941
-2137
-2703
-2176
-1105
-1651
-3399
-3638
-4215
-4945
-5791
-6077
-5463
-4497
-4236
-3474
-2404
-1426
-1105
-1654
-686
-668
-1124
-1601
-2089
-1702
-1800
-2045
-1151
-958
-690
-447
-1414
-2071
-2872
-3736
-4322
-4606
-4645
-4520
-4387
-4143
-4523
-4948
-5739
-6682
-7424
-7780
-7686
-7632
-7494
-6759
-5409
-4654
-3829
-3405
-2375
-1893
-1743
-1637
-1148
-542
340
2015
3499
4691
5764
6602
7482
8242
8563
8787
9120
9815
10530
11253
11367
12021
12192
12076
11848
10974
10345
9891
8401
7235
6031
5328
4591
3833
3069
2343
1469
420
-453
-1416
-1967
-2471
-2748
-2773
-2684
-2772
-2772
-2795
-2739
-2581
-2625
-2857
-3093
-3034
-2857
-3098
-3386
-3699
-3999
-4054
-4777
-5252
-6787
-9144
-10618
-12195
-13365
-14946
-16580
-17934
-18746
-20025
-21482
-20808
-19369
-17342
-18423
-17251
-15179
-12749
-12044
-10659
-7697
-5551
-6096
-4231
736
6543
8465
10485
16090
21158
23248
22594
25652
27645
27055
23504
22901
23307
21753
17830
17042
16604
14950
9926
7639
6114
2884
-2463
-6059
-7482
-9816
-12223
-13114
-12194
-12120
-12225
-11706
-10795
-10889
-10742
-9815
-8150
-7595
-6205
-4355
-1340
781
3973
6679
9060
10014
11011
12705
13657
13356
13106
13990
14786
14884
15139
16130
16563
16025
14865
14531
13766
11844
9817
8760
7343
5199
2870
1744
973
-550
-2442
-3733
-4772
-6490
-8956
-10422
-11342
-12759
-14147
-14473
-14282
-14179
-13917
-13365
-12828
-12979
-13816
-14511
-15118
-15746
-17371
-18763
-20107
-21224
-22457
-22010
-19642
-17290
-17069
-17451
-14837
-12455
-10984
-10860
-8245
-5107
-4881
-4293
1083
7227
11340
12544
17750
23661
26311
26082
27519
30914
30568
26866
24958
25543
24283
20142
17457
17553
15633
11202
7374
5846
2150
-3492
-8242
-10883
-14369
-17725
-18921
-17925
-17961
-17979
-16410
-14313
-13734
-12874
-10206
-8447
-8068
-7268
-4467
-1117
900
3598
7813
11079
13161
15403
18729
20912
21608
22125
22996
24058
23890
23432
22862
21721
20784
20144
19639
18683
16932
15102
13002
10178
7219
4284
1131
-2791
-6167
-8998
-10949
-12985
-14931
-16737
-17746
-18627
-18907
-19052
-18802
-19049
-19386
-19554
-19292
-18294
-18046
-17729
-17932
-17552
-17616
-18479
-19789
-21280
-22633
-22248
-21601
-20252
-21062
-19923
-17196
-14963
-13345
-12032
-9393
-7883
-8033
-4059
1149
5317
7315
10400
17856
21806
23274
25531
29943
32635
30576
28328
28019
26894
23356
19659
19435
17645
13788
9595
8092
6474
2309
-1738
-4207
-6841
-10882
-14573
-15220
-16131
-17103
-17440
-16596
-14942
-13599
-10901
-8000
-6495
-5668
-4256
-1854
-365
885
2919
4715
6222
7423
10222
12926
14596
16253
18770
21033
22099
22064
22517
22402
20746
18700
17698
16526
14296
11618
10396
10049
8474
6266
4615
3433
815
-3378
-6615
-8910
-11881
-15897
-19016
-19948
-21133
-22527
-22704
-21248
-19690
-19339
-18374
-16173
-14260
-13805
-14312
-13284
-12776
-13436
-14254
-14136
-14273
-15822
-18694
-18249
-16140
-15433
-17113
-16984
-13107
-11345
-11189
-10771
-7706
-6166
-7415
-5211
-19
3679
4871
7061
14663
19806
21864
23820
28927
32680
31099
29535
29631
29486
25780
21546
20821
18882
15103
10919
9637
8833
4874
1284
-1254
-3424
-7145
-10142
-10985
-12836
-15194
-17186
-16501
-15678
-15691
-14153
-12054
-10692
-9732
-7916
-4483
-3469
-3179
-1931
187
1127
1095
3291
5595
6808
7603
9906
12347
13652
14365
15689
16131
15835
15712
16388
16597
15002
13430
13202
12890
11620
10195
9682
8740
6372
4393
2617
528
-3099
-6130
-8045
-10135
-12579
-14595
-15750
-16680
-17587
-17537
-17193
-16175
-15094
-14397
-14329
-14405
-14062
-13729
-14236
-14837
-14630
-14891
-16674
-18220
-19200
-18325
-17535
-17477
-17741
-17428
-14854
-13147
-11549
-10376
-8531
-6818
-7275
-4905
-330
3405
6018
7902
14403
18899
21282
23121
27791
32297
31744
30065
30148
30323
27183
22407
20854
18656
14744
10360
8803
8053
3417
-1359
-3932
-4391
-6978
-10394
-12055
-13779
-15854
-18346
-18237
-17549
-17758
-17345
-16497
-14553
-12837
-10803
-8537
-7183
-5697
-4263
-2567
-1645
-208
2269
3477
4350
5665
8246
10195
11079
12451
14639
15665
16512
17487
18302
18685
17427
17113
16939
16554
16087
14512
13864
12681
11390
9723
7830
5734
2939
328
-2782
-4810
-6714
-9074
-11361
-13097
-13571
-14470
-15171
-15194
-14508
-14490
-15372
-15012
-14395
-14121
-14810
-15336
-14445
-15165
-16374
-17399
-17486
-18012
-18397
-17777
-16954
-17995
-18383
-16298
-14302
-13687
-12917
-9842
-6716
-6202
-3773
331
4544
5895
7917
14101
18310
20824
22580
27518
31427
30204
29470
30393
30831
27078
22430
21018
18784
14460
9087
7236
5329
554
-3074
-4152
-3640
-6316
-9268
-9834
-10231
-12065
-14581
-14419
-14067
-14934
-15420
-15134
-13432
-13027
-12118
-10150
-8707
-6745
-5176
-2695
-1240
638
2673
3643
4082
4600
6273
7647
7895
9072
10614
12585
13738
15299
17860
19083
19495
19589
20990
21851
20597
18953
17770
16912
14855
12674
11232
9484
6753
3378
1680
493
-1621
-4525
-6782
-7691
-9242
-11412
-12520
-12541
-13182
-15222
-16368
-16058
-15821
-16495
-17085
-16172
-15581
-15998
-17146
-18244
-19168
-20881
-21123
-21045
-21052
-22809
-22331
-20344
-18788
-16321
-13539
-9101
-7887
-6675
-2221
1996
4975
5250
9523
14340
16350
18135
21862
27734
28516
27490
28478
30216
29407
24921
23170
21678
17350
11558
8283
7315
3355
-1312
-3823
-4187
-5666
-9127
-9811
-9709
-9876
-11177
-11489
-10596
-11832
-12765
-13255
-12891
-12953
-12620
-11114
-10903
-10355
-8924
-5930
-4050
-3136
-568
1744
2422
1640
2942
5241
6038
5716
6651
9308
11129
11936
13788
17294
19462
20474
21713
23963
25256
23202
21744
20843
19855
17103
13613
11431
8583
6079
3028
899
-731
-3152
-5132
-7221
-8273
-9527
-10980
-12487
-14227
-15118
-16684
-17541
-17807
-17333
-17267
-18384
-18099
-17701
-17133
-18055
-19096
-19576
-21422
-21745
-21735
-21051
-22211
-23186
-21523
-20050
-17894
-16282
-12628
-9879
-8306
-4233
-239
3975
5205
8469
13223
15876
17893
19530
23655
24794
23946
24320
25813
26415
23580
21954
20856
17943
13948
10120
8459
4803
396
-2761
-4192
-5701
-8494
-9263
-9362
-9570
-10433
-10544
-9186
-9506
-9882
-10240
-9839
-9571
-9933
-9474
-9805
-9515
-8978
-7473
-6193
-5214
-2501
-549
814
1439
3457
5798
5885
6428
7916
10687
11532
12274
14503
16950
18920
19071
21259
23200
23793
23811
23510
24213
22698
20411
17710
15126
11946
8109
5128
2133
-414
-3231
-5893
-7683
-8906
-9669
-10704
-11936
-12358
-12533
-13404
-14731
-15196
-16008
-16812
-17895
-17991
-17112
-17915
-18709
-19326
-19326
-19910
-20936
-20347
-20181
-21231
-23424
-22306
-20221
-19459
-18697
-16950
-12890
-11894
-9947
-4977
-337
2876
3981
8682
12991
15261
17073
20614
24614
24461
24183
25295
26609
25548
22623
21777
19991
17100
14043
12160
10197
5609
2572
837
-244
-3030
-5633
-5845
-7446
-8566
-9494
-8569
-8024
-9655
-9492
-8928
-8361
-9368
-9837
-8751
-9266
-9639
-9615
-7564
-6699
-6343
-4736
-3222
-2008
-1257
1841
4440
5081
6297
8917
11921
12491
13763
16530
18520
19401
19686
22449
24019
24084
24484
25475
25802
23518
21562
20326
18566
15023
11339
8972
5788
1342
-3077
-5378
-7180
-9495
-11032
-11444
-11329
-12289
-12867
-12816
-13297
-14292
-15639
-16425
-17306
-18110
-18763
-19453
-19865
-20112
-20323
-20687
-21539
-21529
-20915
-20983
-21634
-22063
-21060
-20224
-18997
-17096
-14303
-11294
-9560
-6557
-2214
1990
5046
7425
11691
15771
18261
20223
23601
26753
27238
26558
26742
27291
25376
22692
21658
20014
16811
12631
10613
8990
5761
3117
1396
214
-3083
-5463
-5839
-6911
-8645
-10238
-9991
-10293
-11741
-11802
-11381
-11208
-12369
-12353
-11679
-11914
-12287
-11948
-10658
-10364
-9754
-7784
-6178
-4721
-3252
-236
2285
4117
6711
9428
12108
13161
15530
17902
19283
19515
20821
23520
24079
24258
24706
26042
25773
23700
22623
21207
18683
14436
11304
8362
4720
687
-2422
-4446
-6803
-8685
-9887
-10108
-11213
-12609
-13134
-13857
-14695
-16219
-16967
-17744
-18920
-20043
-21786
-22234
-23039
-23452
-24262
-25110
-25509
-25153
-23833
-23422
-23334
-23764
-22496
-21122
-20402
-18371
-15732
-12515
-11234
-8868
-4051
56
3756
5938
11377
15740
17773
20060
23377
27222
26787
25734
26104
26688
24648
20917
20344
18984
16120
12719
11935
11762
8292
5815
4370
3658
560
-2487
-3073
-5144
-7891
-10352
-10223
-10316
-12351
-12331
-12093
-12251
-13543
-13587
-12173
-12903
-13176
-12659
-11002
-10914
-10372
-8267
-6507
-5174
-3536
497
3265
4944
7516
11081
13995
14760
16613
18936
20353
20702
21845
23993
24502
24269
24763
26026
25926
24436
23199
21888
19406
16188
13265
10250
6079
1997
-1192
-3819
-6695
-8932
-10749
-12445
-13855
-14956
-15133
-16215
-17508
-18640
-19717
-20974
-22646
-23343
-24368
-25214
-26248
-26540
-25918
-25724
-25191
-25344
-23554
-21836
-20805
-20914
-20165
-17492
-16729
-15888
-14414
-10857
-8614
-8025
-4118
601
4943
6704
10341
16298
19327
20820
22827
26870
27646
25847
25292
26054
25214
21558
20306
20211
18397
15757
13948
13783
10630
7307
5514
3893
787
-3414
-4513
-6151
-9019
-11704
-12183
-11969
-14483
-15439
-14859
-14036
-14888
-15513
-13571
-12876
-12854
-12625
-10553
-9063
-8648
-6777
-4489
-1931
-167
2763
6520
9123
11697
14340
17405
19439
21391
23595
24763
25519
26003
27891
28652
28561
28941
29174
28635
27050
25720
24402
21570
17896
14529
11886
7775
3068
-919
-3913
-6877
-10298
-12509
-14042
-15724
-17430
-18136
-18707
-19668
-21087
-22035
-22522
-23601
-24672
-25596
-25970
-26117
-25593
-24761
-24299
-24058
-23188
-22163
-20868
-19959
-19078
-19231
-18579
-17244
-15735
-14399
-12844
-9648
-7707
-5279
-1348
3130
6879
8383
12398
16635
19381
21308
23784
27434
27686
27173
27414
27851
26204
23035
22082
20651
18314
15809
14545
13262
9474
6535
4395
2213
-1441
-4705
-6503
-9520
-12548
-14233
-14209
-14752
-16166
-15667
-14835
-14562
-14767
-13787
-12760
-12860
-12634
-11743
-9793
-8575
-6808
-3925
-1782
263
2967
6441
9315
11408
14711
18060
20498
21996
24309
26057
26184
26397
27361
28693
27935
27706
28125
27884
26204
24107
22690
20066
16154
12684
9521
5817
1091
-2856
-6220
-9615
-12919
-14982
-16614
-18980
-20696
-21373
-21446
-22398
-23177
-23197
-23495
-24628
-25206
-24502
-24581
-25495
-25589
-24566
-23674
-23672
-23048
-21904
-21243
-20502
-20096
-19240
-19569
-18401
-16950
-15620
-14456
-12600
-9265
-7917
-5613
-1565
3075
6305
7881
12338
16633
19419
20927
23827
26901
26852
26592
26721
27092
25264
22748
22127
20592
18652
15967
13860
11420
7611
5366
2719
248
-3390
-5774
-7198
-10417
-12370
-13072
-12466
-13541
-14792
-13698
-12753
-12980
-14242
-13254
-12271
-12732
-12642
-11029
-8575
-7686
-6035
-2924
355
3117
6026
10050
13235
15491
18017
19752
21232
22247
23657
24159
24029
25353
26321
27349
26830
27358
27826
26318
24760
23477
21603
17615
13341
10344
7115
2192
-2757
-5483
-8671
-12395
-15043
-16384
-17642
-19992
-20818
-20372
-21007
-22063
-22892
-22661
-23618
-24852
-25001
-24700
-24974
-25625
-24041
-22776
-22306
-22021
-20797
-20084
-20476
-19633
-18898
-18562
-20427
-19539
-17467
-16659
-15794
-14042
-9892
-8541
-6528
-1521
3719
6815
7966
12863
17448
19438
20419
23540
27462
27051
26274
27341
28799
27394
24645
24282
23363
20805
17132
15432
13800
10084
6761
3912
1515
-2196
-5205
-6664
-8888
-10730
-11556
-11402
-12289
-13516
-12930
-12399
-12996
-13820
-12806
-11718
-12101
-12029
-10226
-7669
-6319
-4122
-624
2804
5354
7352
11116
13951
16076
17827
19563
21208
21588
22487
22919
24054
24848
25551
26057
26356
26895
26033
25156
24126
22431
19294
15151
11831
8283
4182
14
-3286
-6446
-10238
-12556
-13652
-14987
-17624
-19236
-19303
-19826
-21030
-21729
-21646
-22124
-23352
-23555
-22612
-22098
-22699
-22237
-20757
-20443
-20551
-20375
-19243
-19670
-19840
-19201
-18040
-18905
-20363
-18294
-16877
-15615
-14970
-11602
-7890
-7108
-4098
767
5541
7506
9931
15176
18587
20160
21651
25951
27908
27169
27721
29196
29940
27059
25484
25115
23099
19563
15871
14062
10599
6366
3173
205
-2387
-5927
-7518
-8682
-10274
-11064
-11484
-11565
-13131
-13722
-13053
-13159
-14095
-14440
-13100
-12763
-12651
-11654
-9362
-7339
-6136
-2736
948
3752
5718
8227
11309
13170
14606
16656
18688
19553
20224
21157
22749
23578
24968
26250
27280
27530
26800
26796
25481
23573
20445
16999
13648
9719
5854
2247
-957
-4553
-7671
-10278
-12000
-13628
-16135
-17364
-18586
-19487
-20717
-21880
-22118
-23011
-24070
-24708
-24027
-23430
-23132
-22277
-21277
-20460
-20360
-20391
-20071
-20204
-20980
-20516
-20101
-19891
-21259
-20142
-18023
-16501
-15405
-13178
-8916
-7364
-5286
-1168
3491
6445
7536
11911
16520
19016
20336
23143
26758
26917
26591
27481
28893
27693
25097
24103
22713
20138
16547
13938
11269
7033
3816
906
-1246
-3841
-5655
-6333
-7830
-9050
-9625
-9675
-10818
-12146
-11843
-12020
-12833
-13668
-12951
-12160
-12517
-12015
-10421
-8418
-7357
-5443
-2385
-143
1574
3611
6683
8864
10594
12952
15468
16897
18211
19734
21757
22760
23813
25734
26446
26793
26451
26684
25961
23610
21413
18538
15460
11755
8645
5557
2005
-1982
-5537
-8134
-10732
-12421
-14859
-16702
-18090
-19505
-20030
-21389
-21947
-22480
-23061
-23186
-23165
-22222
-22171
-22144
-21815
-21103
-20476
-20809
-20721
-20502
-20977
-21082
-21036
-20106
-20719
-20508
-18924
-17076
-15161
-13915
-10027
-7764
-6115
-3079
1063
5366
6550
9869
14498
17689
19533
21829
26076
27125
26779
26950
28402
28055
25126
23746
22309
19861
16135
13249
11509
7790
4693
2496
737
-1934
-4436
-5282
-6896
-8566
-9314
-9272
-10237
-12383
-12089
-11469
-11870
-13233
-12775
-11461
-12156
-12582
-11643
-9498
-8924
-8026
-5044
-2119
-73
1483
4635
7625
9509
11553
14273
16843
18202
20183
22363
23845
24919
26364
27707
27512
26938
27161
26918
25202
22777
21107
18502
14809
11252
8319
4950
241
-3687
-6492
-9336
-12526
-15124
-16606
-18239
-20263
-21133
-21222
-21727
-22599
-23038
-22951
-23329
-23520
-23094
-22885
-23004
-23235
-22579
-22477
-23076
-23607
-23462
-22430
-22292
-21731
-21572
-20177
-19007
-17994
-16024
-14031
-10941
-9157
-6735
-2862
1260
5109
7443
11553
15869
19039
21397
23960
27841
28843
28686
28673
29374
28698
25652
23908
22160
19943
16523
13444
11306
7826
5028
2302
290
-2284
-4556
-5495
-7200
-8514
-9125
-8976
-9701
-11144
-10995
-10896
-11336
-12208
-11858
-11139
-11781
-12107
-11325
-9416
-8163
-7107
-4810
-2201
370
2592
5456
8292
10666
13258
15467
17923
19867
21671
23360
24680
26435
27734
28555
28704
28594
28428
27519
25693
23438
21287
18248
14371
10694
7603
4194
5
-3946
-7139
-10156
-13277
-15743
-17409
-18844
-20361
-21168
-21066
-21473
-21916
-22236
-22411
-22786
-23479
-23372
-23391
-23859
-24393
-24215
-24107
-24429
-24865
-24273
-22657
-22477
-22070
-22388
-20354
-18906
-18030
-15787
-13667
-10406
-9356
-6648
-2314
1415
5168
7444
12225
16375
19232
22079
24960
28465
29310
29663
29972
30255
29264
26610
25222
22912
20402
16974
13932
11579
7685
5163
2554
536
-1820
-3895
-4708
-6886
-8082
-8894
-9118
-10332
-12100
-11605
-12087
-12970
-13689
-13060
-12466
-13049
-12831
-11300
-9313
-8148
-6137
-3205
-792
1510
4041
7025
8975
10972
13389
15748
17502
19165
21918
23573
24862
25938
27496
28508
28352
28647
28579
27314
24929
22683
20652
17489
13502
9409
5852
1895
-2310
-5396
-8560
-11329
-14323
-15968
-17644
-19401
-20347
-20885
-21059
-22290
-22719
-22834
-23124
-23723
-24375
-24126
-24643
-25262
-25500
-25197
-25184
-25856
-26287
-25486
-23992
-23955
-23933
-23595
-21213
-19711
-18919
-16588
-13587
-10203
-9044
-6073
-783
3073
5893
8239
13519
17692
20129
22951
27139
30603
30729
31069
31807
32322
29936
27520
25904
23063
19698
15987
13784
10554
6662
3991
1602
-777
-3317
-4590
-5904
-8165
-9400
-9885
-10495
-12081
-13276
-13019
-13579
-14174
-14184
-12874
-12614
-12796
-11406
-9341
-7415
-6345
-3744
-1491
360
2660
5301
8226
9509
11678
14032
15989
17140
19007
21415
22531
23892
25161
27029
27247
27034
27372
27137
25716
22944
20944
18141
14195
10337
7183
3921
-628
-4395
-6956
-9564
-12461
-14841
-15808
-17330
-18875
-19894
-20383
-21038
-22669
-23210
-23278
-23414
-24153
-24846
-24734
-25144
-25427
-25669
-25206
-25334
-25780
-26138
-24980
-23869
-23663
-23552
-22926
-20221
-19135
-17897
-15765
-12350
-9247
-8090
-4246
572
4706
7169
10541
16202
19751
22307
25295
29726
31563
30966
31185
32000
32168
29388
27216
25677
22564
18947
15261
13329
9954
6261
3841
1421
-749
-3482
-4595
-6451
-8888
-10041
-10609
-10892
-12835
-13228
-12631
-13120
-13765
-13174
-11134
-11069
-11205
-9541
-6991
-5448
-4579
-1724
766
2355
4017
6538
9554
10936
12753
15061
16977
18342
19737
22230
23387
24277
25272
25940
26266
25708
26131
25754
24106
21834
19403
16673
12523
8703
5097
2041
-1904
-5371
-7540
-10150
-12284
-14690
-15583
-16580
-17990
-18806
-19201
-19587
-20602
-21029
-21096
-21028
-21761
-22461
-22184
-22341
-23144
-23631
-23606
-23759
-24583
-25017
-23638
-22758
-22592
-22956
-20766
-18645
-17682
-16037
-13730
-10023
-8494
-6688
-2601
1691
5209
7050
11712
16693
20001
22476
26176
30348
31175
31208
31536
32429
30838
27624
26144
23862
20616
16869
14084
11821
7745
4729
2335
73
-2360
-4583
-5108
-7348
-9057
-9830
-9956
-10733
-12631
-12144
-12199
-12889
-13780
-12481
-10806
-10847
-10062
-8415
-5336
-3844
-1896
991
3047
4826
6271
9051
11054
11939
13471
15006
16665
17712
19017
20834
21548
23083
23880
24923
25114
24770
24656
23302
21800
19298
16875
13419
10076
6901
3081
227
-3378
-5777
-8479
-10726
-12274
-14486
-15349
-16470
-16888
-18036
-18884
-19108
-19722
-20205
-20911
-20756
-21364
-22174
-22632
-22999
-23492
-24192
-24379
-24156
-24892
-24508
-23530
-22512
-22897
-22867
-20241
-18784
-17200
-15984
-12511
-9417
-8643
-5583
-1314
2972
5245
8570
13826
18041
20498
22621
27203
29594
29650
29838
30698
31043
27986
25579
24120
21381
17602
13942
11978
8748
4990
2264
214
-1633
-4333
-5508
-6643
-8512
-9725
-10378
-10634
-11954
-12581
-12443
-12540
-13089
-12631
-11058
-10638
-10266
-8897
-6780
-4693
-3226
-756
1754
3318
4983
6929
9273
10908
12290
13631
14988
16094
17440
18691
19363
20425
21300
22141
22466
22799
23392
22647
21321
19578
17618
14528
10895
7871
4435
905
-2945
-5845
-8270
-10913
-12963
-14396
-15488
-16625
-17205
-17302
-17511
-18040
-18861
-18886
-19423
-19992
-20485
-21573
-22124
-22991
-23196
-23481
-24017
-23831
-24307
-23789
-23404
-22376
-21863
-22057
-20075
-18591
-16961
-15811
-13640
-10115
-8780
-6142
-2292
2056
5312
7719
12768
16931
20303
22359
26162
29438
29775
30019
30351
31254
29077
26092
24424
22074
19102
14681
12318
9969
6442
3115
611
-669
-2909
-4356
-5334
-6881
-8011
-9079
-9141
-9869
-10362
-9963
-9829
-10208
-10738
-9328
-8625
-8253
-7279
-5152
-2751
-1717
591
2984
5284
6463
7905
10111
11587
13318
14291
15983
16973
18163
19454
20127
21170
22024
22922
22849
22776
23153
22511
20864
18925
17459
14798
10915
7695
4716
1492
-2552
-5831
-8515
-11325
-14031
-15674
-16102
-17332
-18105
-17812
-17338
-17572
-18408
-18228
-18290
-18893
-19270
-19577
-20068
-21291
-22096
-22228
-22622
-22941
-23437
-22803
-21991
-21500
-21023
-20922
-19193
-17842
-15941
-14310
-12297
-9432
-8029
-5308
-2152
1481
4313
6705
11159
15067
18721
21171
25081
27923
28812
29387
29452
29899
27799
25136
23077
20523
17751
13944
11257
8549
5347
2931
340
-1348
-3582
-4686
-5422
-7122
-7718
-8532
-8359
-9609
-10028
-9490
-9535
-9805
-10466
-8905
-8301
-7734
-6530
-4382
-1985
-1065
1280
3513
5354
7021
8838
10920
11833
13288
15023
16203
17095
18008
19678
20538
20686
21293
22323
22680
21892
21738
21461
19833
17501
15443
13370
9448
5866
2992
23
-3766
-7553
-9703
-12293
-14653
-16361
-16595
-17345
-18640
-18310
-17373
-17355
-18135
-18178
-17692
-18795
-19892
-20030
-19997
-20951
-22330
-22157
-22196
-22600
-23263
-22009
-21401
-21551
-21794
-20012
-17604
-16847
-14932
-12959
-9947
-8632
-7222
-3567
-1167
1703
3559
7815
12043
15066
18384
21466
25420
26634
27673
28168
28517
27794
24969
23173
20594
17788
14483
11023
8636
5354
2618
456
-1262
-2665
-4760
-5422
-6390
-6853
-7358
-8234
-8295
-9567
-9549
-9874
-9598
-9779
-9655
-8814
-8157
-6368
-4680
-2368
-822
896
3367
5276
6771
8290
10198
11961
12612
13313
14896
16053
16654
16284
17780
18604
19179
19288
19807
20820
19421
18498
17092
16411
14235
11227
8657
5598
2712
-1393
-4111
-7119
-10051
-12819
-15181
-16018
-17156
-17846
-18387
-18716
-18442
-18262
-18134
-18453
-18015
-17824
-18390
-18949
-19317
-19303
-20887
-22087
-22996
-23048
-23616
-23348
-22465
-21841
-22137
-21659
-18770
-17029
-15502
-13868
-10635
-8572
-8045
-4538
-912
1937
3166
6366
11421
14417
16773
19968
24582
26075
26049
26892
28092
27486
24257
22467
20802
17364
13571
9830
7673
4033
658
-791
-2090
-3133
-5047
-5416
-6021
-6782
-6787
-7357
-7524
-8730
-8792
-8745
-9024
-8925
-8200
-6869
-6349
-5056
-2777
-550
1121
2307
4798
6960
8507
9912
11107
12958
13836
14669
15865
16908
18252
18361
19204
20093
21361
21672
20789
21134
20589
20031
17750
16194
14913
12146
8939
5429
3289
-106
-3770
-6927
-9106
-11179
-14204
-15370
-15897
-16544
-17401
-18016
-16938
-16480
-16627
-16431
-16216
-15935
-16883
-17351
-17716
-18011
-19184
-20730
-21541
-22183
-22892
-22841
-22009
-21369
-21760
-21201
-18775
-16946
-15399
-14092
-11227
-9031
-8509
-5454
-2036
1084
2260
5111
9769
12783
15222
18051
22798
24803
25400
26173
26994
26584
23580
21694
19689
16886
13246
9667
7256
4013
849
-1313
-2636
-3529
-5050
-5603
-6345
-6988
-7120
-7683
-7431
-8237
-8497
-8667
-8547
-8224
-7874
-6812
-6300
-4571
-2727
-291
2059
3711
5837
7383
9205
10697
11733
13374
14490
15238
15798
16771
18392
18673
19367
20017
20952
21079
20315
20551
20020
19030
17178
15468
13582
10443
7049
3982
1990
-1287
-4441
-7343
-10055
-12014
-14551
-15472
-16428
-17379
-17807
-17966
-17220
-16818
-16450
-16085
-15807
-15486
-15746
-16278
-16785
-17562
-18593
-20223
-21155
-21847
-22345
-22318
-22053
-21087
-21582
-20295
-18552
-16662
-15353
-14144
-10853
-9288
-7976
-5048
-1724
1232
1956
5663
10385
13707
15520
18533
23150
24394
24805
25444
27195
25840
21942
20398
18879
15889
11210
8037
5992
2314
-1019
-3110
-3721
-4898
-6317
-5988
-6579
-6969
-7408
-7464
-7298
-8238
-8049
-8451
-8515
-8367
-7310
-6375
-6144
-4157
-1762
1250
2990
5432
8399
10077
11748
12982
14909
15470
15865
16325
17423
18457
18459
18806
18833
19183
19680
19756
19470
18591
17833
16366
14819
13334
11177
8011
3705
201
-3002
-6021
-9021
-11225
-12754
-14847
-16471
-17161
-17044
-17298
-17533
-16950
-16053
-15097
-14974
-14379
-13762
-14055
-14551
-15420
-15799
-16609
-17799
-19280
-20282
-20818
-20636
-20715
-20336
-20406
-19755
-18482
-17161
-15286
-13616
-10910
-9642
-8547
-6059
-3077
-695
593
4148
8329
11992
14207
17456
21488
22951
23555
23582
25107
24381
21523
19529
17547
14988
10971
7536
5208
1911
-1356
-3501
-4418
-5282
-6626
-6680
-6902
-6938
-6819
-6374
-6359
-7233
-7243
-7248
-6961
-7019
-5940
-4689
-3853
-2685
-326
2809
4760
6534
9389
12152
13909
14953
16044
17608
17969
18159
18367
18562
18440
17802
18394
19030
19431
19140
18856
18491
17706
16719
14698
12522
9633
6447
2790
-675
-3685
-6883
-9912
-12843
-14561
-15964
-16797
-16995
-16959
-16093
-15634
-14717
-13683
-12929
-12731
-13233
-13561
-14237
-14659
-15391
-16077
-16314
-17327
-17957
-19341
-19475
-19708
-20075
-20647
-20767
-18633
-17617
-16225
-15191
-12333
-10268
-9914
-7649
-4927
-1499
-407
2068
6344
9694
12354
14349
18681
21150
22139
22539
23596
23990
21562
19425
17384
14857
11365
7276
4358
1090
-2084
-4478
-6576
-7344
-8573
-8873
-9006
-9070
-8309
-8024
-7227
-7609
-7340
-7052
-6811
-6434
-5757
-4161
-3259
-2007
-220
2578
5004
7032
9860
12364
15023
16618
18763
19855
19903
19841
19152
19194
18540
18402
18352
17505
17220
16897
17207
16698
15685
14771
13262
11390
8966
6821
4046
667
-3119
-6589
-9551
-12459
-14511
-15872
-16524
-16828
-16386
-15402
-14514
-13270
-12234
-11378
-10720
-10561
-9963
-10445
-11737
-13134
-13936
-14811
-16323
-17808
-18234
-18141
-18826
-19211
-19039
-17481
-16671
-16019
-14675
-12539
-10156
-9502
-7474
-4793
-2024
158
1859
5688
9070
12258
14673
18511
22106
23852
24573
24714
25293
23581
21065
18738
16347
13187
9040
5670
2621
-1209
-4373
-6728
-8385
-10207
-11481
-11142
-11192
-11118
-11174
-10131
-9929
-9848
-8735
-7388
-6040
-5332
-3600
-1681
265
2263
4435
6873
8842
11019
13631
15822
18021
19650
20814
21627
21233
21191
20599
20178
19718
18489
17668
16652
15689
14641
13862
12971
11776
9988
7973
6598
4375
2121
-445
-2600
-4811
-7703
-10223
-12283
-13360
-14378
-14744
-14385
-13835
-12739
-11391
-9996
-8656
-8231
-8102
-8164
-8167
-8879
-10198
-11491
-12868
-14259
-15905
-16463
-17116
-17556
-18816
-18421
-16975
-16333
-15512
-14580
-12410
-11907
-11268
-9243
-6331
-3966
-2854
279
4008
7665
10522
14216
18203
20815
21955
22767
23922
23362
21206
18428
15932
12932
9025
4819
1500
-1688
-4728
-7555
-9746
-11120
-12730
-13374
-14214
-14212
-14411
-14510
-14271
-14500
-13641
-12970
-11716
-10547
-8608
-5975
-3352
-220
2811
6552
9322
11611
13836
16002
18051
18538
19600
20109
20148
19965
19258
19497
18610
17697
16490
15413
14696
12984
12258
10879
9712
7229
4659
2692
153
-2087
-4968
-6593
-8342
-9881
-11215
-12107
-12148
-12721
-12514
-11906
-10837
-9580
-8863
-7312
-6101
-5229
-5002
-5430
-5133
-5773
-6423
-7780
-8454
-9592
-10888
-11884
-12726
-13806
-15022
-14647
-14354
-13891
-14079
-12923
-11713
-11968
-10708
-9013
-6644
-6208
-4449
-303
3486
6057
8455
13386
16996
18946
20043
22562
23916
22105
20030
18627
16807
12965
8490
5489
2319
-1862
-5539
-7962
-9223
-11573
-12624
-13182
-13743
-14252
-14981
-14382
-15063
-15105
-14871
-14376
-13795
-12179
-9301
-6841
-4048
-577
3829
7167
10166
13807
17696
20052
21380
23089
24064
23965
22695
21614
20414
18528
16403
15390
14653
13743
12529
10844
9778
7871
6026
3761
1207
-1246
-3977
-6477
-8995
-11007
-12453
-13914
-14810
-14378
-13441
-11935
-10771
-9018
-7172
-5718
-4165
-2656
-1103
-811
-707
-921
-819
-1795
-3054
-4461
-5427
-6501
-7566
-8050
-8896
-8324
-8374
-8044
-8465
-8113
-7284
-7664
-7410
-7111
-5504
-4839
-4501
-2619
-177
2346
4133
7513
11143
13797
15658
17413
19599
19907
19241
18390
17205
15479
12279
9385
6304
2921
-179
-3263
-5283
-7860
-9960
-11780
-13096
-13711
-14464
-14222
-14787
-15104
-14840
-14118
-13387
-12996
-11550
-9754
-7631
-5021
-1586
2587
6028
9288
12748
16241
19125
21214
23342
24796
25604
25313
24472
23025
20719
18711
16259
13668
10879
8959
7250
4891
3079
1090
-733
-3417
-6066
-8297
-10707
-13174
-15200
-15808
-16247
-16814
-16734
-15587
-13750
-12022
-9799
-7092
-4437
-1921
-216
1912
3180
4225
4258
3740
3326
2183
1640
159
-495
-1716
-2085
-2483
-3243
-3384
-3682
-2919
-3687
-3586
-2939
-2226
-1602
-1903
-904
-126
655
1481
3065
5453
6733
7584
8609
10222
11026
10805
10821
10405
9343
7114
4891
3797
1828
-590
-3418
-5042
-6774
-9295
-10755
-12099
-12811
-14336
-15115
-15212
-15557
-16028
-16154
-15038
-14341
-13366
-11937
-9521
-7150
-4928
-1740
1476
4350
6704
9481
12576
14737
16272
17947
19301
19943
20142
20274
19867
18704
17179
15390
13353
10522
7602
4774
1523
-1731
-4853
-7597
-10793
-13501
-15724
-17405
-18848
-19855
-19765
-19608
-19199
-18326
-16714
-14872
-13541
-12269
-10417
-8535
-6374
-4163
-1694
377
2154
3883
5161
6784
7576
8569
8021
8065
8408
7861
7200
5968
6262
5954
4880
4554
5028
5709
5199
5809
7343
8511
9050
9188
10399
10583
10054
9337
8541
7773
5828
4174
2636
1621
184
-1676
-3052
-4264
-4843
-6135
-7142
-7585
-8652
-9554
-10664
-11209
-11496
-12593
-13032
-13465
-13601
-13540
-13104
-11782
-10631
-8812
-7146
-4668
-2018
476
2338
4057
6146
7584
8860
9591
10770
11492
11625
11957
12466
13332
13438
13403
13252
12966
11630
9877
8127
6064
3420
-224
-3739
-6905
-10364
-13775
-16835
-19052
-20908
-22650
-22970
-22821
-21825
-20786
-19432
-17456
-15822
-14221
-13204
-11788
-10216
-8512
-7148
-5737
-3899
-2273
-380
1358
4262
6651
8410
10704
12455
14455
14708
15369
16269
15849
15695
14989
14936
14305
13543
14053
14729
15565
16044
17461
18703
19277
19267
18870
17959
15029
11592
8384
5378
1737
-2133
-5027
-7869
-10262
-12270
-13036
-12790
-13020
-12631
-12196
-11425
-10950
-11526
-11289
-11396
-11209
-11441
-11295
-10550
-9636
-7862
-6391
-3449
-566
2405
5218
7553
10621
12386
13618
14034
13990
14007
12891
11773
10499
9460
8093
6595
6032
5140
4760
3527
2634
1786
91
-1573
-3870
-5948
-8857
-11679
-14494
-17619
-19651
-21425
-22152
-22908
-22964
-21645
-20396
-18848
-17119
-14889
-13124
-12116
-11055
-10006
-9408
-9245
-8341
-6620
-5247
-3614
-1740
626
3355
5853
9078
11541
13742
15988
17080
18550
19382
20392
21012
20831
21209
21636
22512
22604
23429
24694
25314
25031
24199
24043
22636
20265
17342
14726
11376
6868
2744
-984
-4646
-8295
-11002
-12357
-13997
-15682
-16512
-16565
-15584
-15284
-14741
-13964
-13165
-12010
-11124
-10046
-8967
-7626
-6266
-4370
-1922
646
3300
5620
7856
10118
11777
12821
13599
13807
13652
12665
11343
9426
7582
5292
2913
1046
-1158
-2893
-5263
-6785
-8412
-10157
-11813
-13794
-15369
-17131
-18609
-20021
-21380
-22410
-23392
-23953
-24020
-23833
-22972
-21845
-20608
-19602
-18483
-17026
-15845
-14647
-13492
-12656
-11510
-10317
-8874
-7396
-5902
-3803
-1611
846
3042
5950
8902
11146
13888
16062
18414
20208
21513
23109
24359
25573
25823
26609
27509
28319
28409
27893
27759
26481
24794
22337
20016
17100
13236
9293
5307
1366
-2388
-5478
-7625
-9746
-11421
-12615
-13381
-13375
-13345
-12552
-11697
-10849
-9852
-8875
-7649
-6693
-5440
-3734
-1854
-154
1714
3791
5864
7836
9703
11485
12749
13489
13635
13354
12580
11143
8998
6635
4227
2131
-268
-2972
-5396
-7666
-9491
-11419
-13041
-14678
-16548
-18347
-19972
-21218
-22599
-24022
-25327
-26313
-26886
-26893
-26144
-25402
-24109
-22441
-20731
-19020
-17316
-15493
-14587
-13875
-12800
-11349
-10492
-10010
-8715
-7543
-6029
-4136
-1722
1299
3591
6412
9745
12678
15403
17603
20111
21971
23629
25035
25981
26765
27121
27524
27617
27556
26915
26057
24581
22812
21052
18646
15616
12195
8843
5500
1969
-1013
-3966
-6706
-8847
-10583
-11117
-11216
-10875
-9911
-9187
-7677
-6148
-4291
-2407
-422
1522
3071
4951
6581
8401
9868
11505
13192
14298
14956
15225
15618
15397
14446
12742
10611
8132
5240
2584
-331
-3291
-6341
-9201
-11437
-13965
-15873
-17668
-19423
-20881
-22362
-23001
-24110
-24585
-25346
-26036
-25921
-25940
-25295
-25163
-24591
-23626
-22544
-21349
-20112
-18389
-16809
-15352
-13958
-12091
-10525
-9128
-7688
-6024
-4009
-2174
-47
2030
3993
6023
8020
10218
12220
14414
16783
18620
20512
22106
23508
24289
24700
25125
25112
24580
23774
23110
21795
19801
17332
15026
12704
9949
7441
5213
2937
165
-2348
-4063
-5879
-7312
-8002
-8316
-8257
-7884
-6480
-4700
-2578
-163
2041
4515
6806
9503
11959
14095
16086
17870
19364
19942
21059
21690
21509
20559
19316
18058
15817
13543
11210
8765
5363
1758
-1571
-5263
-8831
-12397
-15521
-18339
-21210
-23267
-24878
-26050
-26965
-27341
-27256
-26980
-26197
-25592
-24680
-23927
-23070
-22138
-21565
-20616
-19729
-18476
-17135
-15723
-14050
-12017
-9592
-7161
-4972
-3100
-1012
846
2205
3830
5254
6621
7743
9199
11001
12440
13784
15160
16882
18037
19121
19845
20180
20206
19491
19026
17878
16061
13895
11486
9071
6028
3416
1300
-1014
-3111
-4826
-5710
-6608
-7204
-7428
-7492
-7245
-7170
-6822
-6243
-5630
-4864
-4057
-2735
-993
1401
3787
6537
9604
12570
15523
17741
19985
21773
22971
23558
23532
23118
21716
19734
17620
14965
12250
8954
5853
2896
-433
-3485
-6552
-9499
-12308
-14931
-17410
-19881
-22055
-23884
-25462
-26727
-27690
-28370
-28610
-28512
-27777
-26682
-25163
-23201
-21214
-18853
-16622
-14154
-11930
-9431
-7307
-5155
-3082
-1407
629
2022
3853
5673
7366
9348
10801
12428
13879
14996
16004
16794
17581
17586
17340
16771
16231
15499
13835
12568
11297
9785
8027
6329
4956
3013
1065
-741
-2160
-3839
-5615
-6781
-7804
-8650
-9015
-8930
-8848
-8751
-8064
-6788
-5483
-4426
-2688
-631
1153
2790
4612
6851
8360
9656
11368
13257
14466
15267
16169
16828
16539
15970
15472
14748
13376
11858
10416
8359
5957
3610
1245
-1571
-4304
-6465
-8604
-10807
-13127
-14787
-16328
-18183
-19617
-21139
-22465
-24005
-25101
-25530
-25675
-25434
-25147
-24139
-22990
-21350
-19460
-17381
-14659
-12163
-9268
-6667
-3885
-1129
1064
3697
6407
8995
11145
12990
15150
17152
19158
20617
22173
23206
23545
23415
23157
22658
21020
18922
16511
14056
11257
8522
6187
3594
1009
-1236
-2920
-4233
-5404
-6405
-7147
-7989
-8453
-8496
-8623
-8798
-8745
-8396
-7676
-6683
-5476
-4068
-2560
-629
1651
4272
6493
8715
10651
12110
13467
14724
15251
15171
14725
14097
13125
11833
10349
8478
6401
3772
1544
-371
-2312
-4266
-6237
-8183
-10330
-12132
-13937
-15875
-17544
-19163
-20479
-21745
-22667
-23018
-22963
-22744
-22257
-21401
-20578
-19475
-18123
-16351
-14781
-12944
-11050
-9212
-7349
-5585
-3581
-2109
-309
1701
3892
5987
7986
10795
13137
15390
17557
19774
21677
22563
23122
23526
23566
22630
21468
20631
19367
17630
15517
13541
11641
9527
7649
5661
4034
2343
649
-633
-1943
-2670
-3684
-4466
-4961
-5227
-5254
-5257
-4775
-3881
-2804
-1767
-69
1844
3373
4866
6376
8025
9159
9969
11059
11271
11045
10491
10196
9633
8397
7049
5833
4774
3049
1319
-276
-2165
-4285
-6426
-8461
-10671
-12721
-14750
-16781
-18645
-20482
-22132
-23581
-24719
-25666
-26610
-27360
-27673
-27547
-26917
-26347
-24869
-23367
-21312
-18621
-15963
-13136
-10440
-7030
-4097
-1046
2052
4877
7647
9587
11856
14418
16443
17802
18982
20621
21617
21990
22038
22111
21599
20059
18411
16883
14889
12740
10461
8351
5960
3705
1981
614
-87
-1141
-1737
-2172
-2254
-2314
-2290
-1748
-1497
-708
71
1465
2801
4072
5261
6654
8599
10062
11779
13204
14560
15657
16393
17358
18182
18152
17689
16984
16129
14839
12952
10917
8831
6570
4122
1841
-478
-2704
-4987
-7072
-8957
-10907
-13153
-15586
-17802
-19802
-21650
-23095
-24371
-25665
-26795
-27765
-28414
-28510
-27730
-26860
-25614
-24548
-22749
-20658
-19010
-16726
-14526
-11724
-9485
-7345
-4638
-2171
35
1704
3888
6378
8689
11099
13423
16090
17915
19335
20476
21377
21765
20926
20197
18877
17241
14966
12524
10492
8024
5623
3262
1388
-241
-2021
-3021
-3854
-4859
-5581
-6409
-6543
-6991
-7385
-7255
-6921
-5995
-4919
-3233
-1283
946
3293
6006
9075
12032
14913
17286
19158
20557
21671
22154
22130
21848
20749
19431
17944
16237
14565
12703
10813
8989
7310
5676
3836
2034
-237
-2790
-5308
-8082
-10993
-13752
-16170
-18476
-20595
-22284
-23572
-24769
-25447
-25618
-25516
-25065
-25086
-23925
-22815
-21647
-20293
-18892
-16896
-15862
-14138
-11811
-9455
-7196
-5320
-2468
208
2799
5315
7995
10743
12067
13547
14868
15723
15720
14944
14073
12451
10792
8586
6617
5067
3202
1860
234
-707
-1794
-2861
-3535
-4573
-4872
-5580
-6136
-6295
-6498
-6442
-6858
-6448
-5940
-5021
-3988
-2679
-871
758
2797
4614
6707
8310
9517
11030
11872
12858
13087
13054
12767
11903
11427
10789
10497
10089
9412
8950
8169
7502
6582
5718
4771
3566
2198
537
-958
-2705
-4333
-5881
-7283
-8344
-9621
-10491
-11373
-11696
-11880
-12018
-11873
-12155
-11606
-11433
-10805
-10407
-10215
-9541
-9493
-8431
-7248
-5918
-4503
-3190
-1224
441
2101
3641
5374
6715
7255
7993
8467
8760
8225
7395
7083
6300
5383
4123
3238
2294
1275
481
-214
-832
-1582
-2176
-2770
-3289
-3759
-4445
-4695
-4693
-4501
-4318
-4357
-3963
-3268
-2200
-1431
-169
913
1708
2354
3303
4539
5412
6186
6763
7630
8152
8286
8750
9037
9076
8669
8259
7824
6794
5673
4714
3736
2623
1565
265
-1006
-2281
-3600
-4821
-5890
-7016
-7960
-8867
-9483
-9986
-10161
-10305
-10583
-10286
-10273
-9789
-9659
-8828
-7715
-6735
-5395
-4095
-2156
-1141
278
2212
3891
5560
6612
8324
9678
10705
11796
12701
13715
13760
13684
13628
13190
12514
11178
10331
9235
7547
5707
3864
2449
667
-772
-2127
-2942
-3785
-4862
-5078
-5496
-5346
-5342
-5134
-4556
-4479
-3957
-3460
-2419
-1457
-344
858
1651
3089
3967
4999
6045
7015
7829
8128
8836
9319
9515
9242
8881
8711
7986
7332
6298
5541
4620
2978
1895
646
-39
-1269
-2319
-3094
-4202
-5066
-6280
-7081
-7976
-9023
-9757
-10615
-11149
-11800
-12272
-12812
-13154
-12952
-12989
-12963
-12651
-11651
-11022
-10503
-9691
-8748
-7906
-7619
-6213
-4754
-3540
-2696
-1605
131
1379
2694
4425
6398
7905
9009
10132
11325
11863
11920
11741
11397
10617
9343
8303
7257
5873
4571
3332
2414
1580
794
329
-176
-778
-1438
-2120
-2947
-3723
-4216
-4669
-4735
-4571
-4234
-3884
-3374
-2146
-650
700
2031
3756
5348
6291
7134
7879
8307
7896
7326
7275
6998
6360
5362
4796
4111
2813
1954
1347
761
-23
-1022
-1889
-3075
-4426
-5712
-7079
-8530
-9824
-10902
-11974
-12870
-13276
-13865
-14317
-14307
-13818
-13441
-13416
-12763
-11928
-10964
-10444
-9646
-8883
-8365
-8084
-7236
-5806
-4815
-4026
-3119
-1629
-351
942
2330
3643
4583
5058
5708
6474
6780
6542
6001
5769
5243
4535
4010
3382
2731
2189
1830
1609
1357
975
634
272
81
117
78
106
253
419
522
640
943
1308
1846
2728
3618
4641
5183
5768
6673
7302
7744
7905
8376
8725
8567
8390
8503
8487
8143
7663
7456
7395
6929
6584
6497
6088
5399
4575
3904
3146
2233
1085
-271
-1611
-2972
-4240
-5303
-6216
-7016
-7854
-8649
-9125
-9598
-9846
-10371
-10824
-11192
-11370
-11607
-11978
-11657
-11334
-10982
-10425
-9392
-8224
-7030
-5705
-4281
-2701
-1521
-225
1192
2317
3441
3931
4570
4856
4545
4192
3665
3495
3016
2561
1954
1329
929
582
187
-247
-485
-1279
-1969
-2362
-2630
-3114
-3640
-3788
-3688
-3875
-3893
-3490
-2583
-1894
-1132
-29
1015
2132
2757
3841
4523
5294
5659
5885
6367
6334
6136
6220
6788
7197
7553
7561
7849
8081
8166
8354
8509
8509
8140
7575
7034
6519
5909
5189
4511
4223
3513
2980
2608
2484
2187
1528
1175
563
167
-586
-1295
-1998
-2826
-3502
-4248
-4656
-5218
-5691
-6164
-6437
-6324
-6206
-5682
-5184
-4644
-4326
-3922
-3335
-2821
-2134
-1754
-1313
-813
-319
397
578
962
1214
1464
1649
1706
1784
1655
1349
874
541
-152
-925
-1366
-1764
-2033
-2162
-2337
-2564
-2700
-2866
-2761
-2733
-2771
-2545
-2322
-1941
-1527
-1161
-976
-739
-180
93
60
152
113
248
547
711
950
1133
1280
1403
1694
1861
1872
1594
1546
1694
1646
1503
1603
1885
1825
2032
2397
2710
2921
3012
3171
3403
3556
3393
3335
3186
2908
2500
2175
1943
1570
1136
819
522
90
-304
-638
-721
-557
-678
-793
-917
-1186
-1422
-1550
-1080
-1029
-831
-634
-313
154
346
603
313
337
42
-119
-266
-498
-654
-1101
-1288
-1283
-1261
-1336
-1628
-1663
-1903
-2314
-2479
-2957
-3166
-3506
-3573
-3535
-3730
-3785
-3530
-3169
-2834
-2399
-1966
-1409
-1100
-817
-393
-41
31
33
-54
-255
-477
-621
-650
-696
-592
-727
-493
-535
-718
-720
-862
-955
-1130
-1398
-1672
-1920
-2205
-2167
-2105
-1977
-1993
-1708
-1565
-1399
-867
-608
-332
-293
-220
-155
-152
-247
-477
-637
-836
-840
-712
-473
-249
-2
368
692
1206
1618
1985
2443
2560
2798
2792
2857
2690
2549
2514
2314
2129
1747
1661
1605
1605
1362
1381
1571
1466
1406
1306
1247
1198
976
868
422
100
-128
-277
-163
-124
11
-101
-295
-422
-304
-608
-778
-914
-1155
-1420
-1956
-2282
-2633
-3103
-3627
-3964
-4023
-4002
-3745
-3478
-3374
-3192
-3201
-3096
-3081
-3070
-2653
-2575
-2546
-2385
-1987
-1704
-1394
-1015
-780
-518
-547
-222
3
306
525
497
512
317
39
-299
-394
-458
-834
-1200
-1280
-1439
-1748
-2026
-2104
-2019
-1969
-1649
-1224
-1085
-870
-613
-212
72
468
954
1652
2276
2545
2958
3299
3550
3773
4129
4555
4838
4687
4662
4693
4638
4611
4488
4378
4179
4024
4073
4167
4123
3893
3759
3585
3514
3222
3013
2954
2760
2572
2480
2378
2278
2225
2123
1753
1444
1192
899
469
85
-107
-615
-803
-1153
-1307
-1663
-2058
-2371
-2717
-2892
-3223
-3148
-3180
-3117
-2883
-2640
-2341
-2058
-1624
-1202
-654
-257
150
360
542
538
528
552
408
286
166
32
-186
-300
-549
-944
-1427
-1461
-1519
-1730
-1784
-1779
-1699
-1560
-1393
-1062
-896
-697
-381
-191
241
499
1100
1477
2026
2510
2959
3309
3350
3347
3216
3100
2973
2715
2420
2254
2286
2269
2222
2131
1914
1612
1118
925
774
695
522
239
196
26
-226
-475
-773
-920
-1368
-1557
-1625
-1747
-1688
-1689
-1471
-1296
-1113
-865
-670
-405
-184
47
346
632
853
783
526
538
454
470
546
637
641
627
662
755
747
650
527
156
-36
-306
-579
-1012
-1483
-1903
-2166
-2339
-2684
-2974
-3309
-3461
-3524
-3504
-3330
-3222
-2954
-2652
-2326
-1911
-1449
-883
-313
285
917
1459
2218
3040
3885
4725
5263
5797
6096
6327
6501
6687
6707
6497
6110
5713
5124
4300
3705
3012
2261
1784
1143
548
-30
-744
-1243
-1760
-2157
-2465
-3012
-3509
-3905
-4167
-4365
-4584
-4817
-4730
-4858
-5011
-4881
-4851
-4660
-4357
-4031
-3692
-3420
-2915
-2527
-2261
-1878
-1710
-1529
-1422
-1314
-1203
-1004
-726
-399
-259
-281
-349
-243
-277
-305
-458
-500
-444
-567
-613
-717
-829
-950
-1039
-1356
-1570
-1794
-2089
-2223
-2317
-2455
-2386
-2399
-2275
-2102
-1813
-1401
-947
-265
280
879
1506
2078
2406
2841
3351
3764
4091
4257
4541
4725
5043
5300
5412
5634
5720
5623
5561
5281
4922
4541
3945
3369
2796
2142
1633
1263
741
353
-25
-596
-1209
-1755
-2086
-2266
-2380
-2510
-2661
-2794
-2905
-3033
-3189
-3137
-3150
-3089
-2994
-3040
-3083
-3108
-3218
-3087
-2916
-3007
-2821
-2855
-2901
-2907
-2902
-2715
-2693
-2741
-2770
-2943
-3168
-3287
-3398
-3638
-3915
-3874
-3934
-3989
-4026
-3880
-3472
-3190
-3055
-2755
-2567
-2475
-2315
-2073
-1846
-1720
-1402
-1068
-617
-223
276
916
1589
2207
2747
3334
4149
4809
5556
6248
6749
7128
7315
7607
7696
7656
7612
7716
7680
7662
7626
7579
7415
7006
6756
6210
5900
5555
5115
4512
3973
3216
2569
1965
1391
867
557
263
22
-5
-238
-532
-719
-594
-307
-251
-237
-439
-912
-1411
-1779
-1717
-1751
-1588
-1687
-1506
-1236
-1108
-978
-1087
-1216
-1338
-1548
-1704
-1880
-2088
-2280
-2566
-2786
-3022
-3454
-4077
-4356
-4733
-5181
-5624
-5979
-6267
-6481
-6708
-6916
-7125
-7173
-7503
-7718
-7747
-7885
-7721
-7528
-7196
-6987
-6657
-6276
-5644
-4906
-4075
-3099
-2261
-1207
-108
1050
2097
3055
3866
4623
5462
6171
6935
7663
8317
8834
9361
9672
9642
9702
9725
9748
9546
9162
8677
8142
7492
6869
6160
5397
4575
3859
3221
2567
1946
1569
1170
753
518
267
204
82
-55
-142
-279
-524
-777
-922
-860
-916
-747
-613
-520
-246
2
330
542
646
566
408
325
224
128
40
-112
-394
-725
-1139
-1520
-1806
-2173
-2788
-3302
-3837
-4258
-4588
-4909
-5177
-5548
-5993
-6395
-6679
-6937
-7006
-7252
-7378
-7475
-7564
-7535
-7418
-7129
-7215
-6990
-6628
-6159
-5395
-4557
-3813
-3161
-2451
-1550
-643
144
860
1468
2100
2706
3322
3768
4416
5110
5765
6388
6803
7130
7498
7776
8049
8313
8423
7990
7605
7329
7082
6941
6504
6092
5723
5194
4689
4442
4252
4010
3594
3052
2573
1963
1573
1349
1237
1129
914
574
317
219
159
283
501
583
675
670
702
507
302
89
-186
-330
-381
-312
-515
-769
-955
-1134
-1452
-1719
-1985
-2407
-2769
-3345
-3906
-4433
-4854
-5178
-5312
-5468
-5860
-6023
-6334
-6578
-6840
-7003
-7204
-7374
-7405
-7321
-7131
-6845
-6427
-6113
-5435
-4850
-4299
-3663
-3139
-2322
-1704
-1060
-529
-152
144
479
1064
1570
2069
2470
2880
3160
3266
3534
3846
4066
4042
3834
3788
3515
3488
3358
3314
3520
3572
3620
3543
3591
3613
3649
3639
3612
3692
3674
3766
3704
3380
3164
3030
2936
3035
3242
3275
3192
2982
3065
3018
2792
2655
2344
2175
1935
1755
1632
1451
1338
970
636
320
-10
-345
-818
-1270
-1826
-2249
-2707
-3176
-3624
-4066
-4366
-4688
-4848
-5172
-5540
-6035
-6307
-6414
-6258
-6318
-6240
-6094
-5967
-5723
-5433
-5041
-4777
-4382
-3915
-3510
-3068
-2727
-2406
-2114
-1669
-1530
-1183
-880
-629
-141
167
725
1101
1473
1636
1705
1684
1599
1620
1598
1490
1201
996
785
660
634
423
297
279
254
158
180
182
399
595
624
487
425
526
528
870
1092
1031
720
804
1222
1441
1911
2148
2185
2093
2072
1985
2153
2233
2235
2096
1891
1661
1390
1281
1175
956
617
487
285
28
-117
-433
-649
-934
-1334
-1707
-2137
-2414
-2812
-2982
-2991
-2905
-2876
-3077
-3146
-3184
-3326
-3353
-3257
-3198
-2910
-2649
-2468
-2021
-1684
-1387
-982
-766
-378
109
561
1159
1864
2198
2448
2658
2726
2719
2666
2854
3043
3204
3354
3604
3773
3762
3844
3811
3729
3415
3022
2859
2581
2424
2444
2518
2350
2044
2062
2096
2138
2251
2285
2192
2005
2061
2166
2280
2287
2314
2295
2161
2246
2195
2219
2263
2066
1992
2015
1850
1798
1910
1743
1499
1346
1152
891
676
332
-104
-388
-767
-901
-1088
-1047
-1167
-1252
-1352
-1555
-1722
-2147
-2351
-2521
-2690
-2861
-2926
-3002
-3060
-3190
-3013
-2795
-2613
-2403
-2346
-2071
-1835
-1444
-1170
-896
-595
-473
-361
-82
111
161
350
424
608
749
883
1433
1720
1924
2172
2339
2476
2619
2681
2632
2623
2473
2106
1880
1732
1585
1456
1340
1430
1539
1746
1762
1909
2086
2136
2031
1915
1841
1686
1715
1754
1888
1821
1643
1426
1154
1057
996
1035
1110
1139
1025
997
824
911
932
932
777
546
193
-464
-896
-1299
-1461
-1703
-1967
-2262
-2573
-2847
-2927
-3002
-3209
-3471
-3960
-4073
-4242
-4226
-4440
-4598
-4654
-4754
-4542
-4415
-4205
-4182
-4096
-3876
-3620
-3371
-3044
-2725
-2343
-2257
-2220
-2278
-2223
-2133
-2110
-1981
-1835
-1621
-1581
-1322
-1137
-1139
-1084
-1128
-981
-806
-639
-346
-119
-154
-232
-318
-328
-121
-150
104
299
323
511
558
725
1032
1327
1418
1521
1592
1807
1960
2063
1998
2090
1988
1723
1727
1674
1780
1842
1754
1995
1944
1955
1929
1712
1551
1320
1049
732
729
424
54
-121
-186
-430
-611
-832
-875
-979
-888
-1019
-1241
-1447
-1670
-1737
-1972
-2146
-2317
-2429
-2611
-2593
-2612
-2561
-2644
-2756
-2740
-2686
-2651
-2683
-2760
-2798
-2676
-2577
-2516
-2611
-2647
-2729
-2720
-2806
-2730
-2531
-2454
-2364
-2294
-2016
-1771
-1492
-1253
-1167
-1127
-1201
-1228
-1089
-898
-654
-420
-242
-189
-119
-62
169
251
369
506
671
1065
1272
1605
1849
2034
2350
2408
2422
2578
2741
2961
3306
3492
3618
3772
3896
3981
3996
4162
4245
4217
4217
4180
4105
4119
4139
4079
4090
4014
3872
3773
3579
3479
3273
3084
2885
2818
2513
2139
1913
1707
1350
1220
1056
627
267
59
-41
13
-121
-252
-294
-420
-391
-365
4
101
339
476
527
453
174
151
119
131
-43
33
-52
-235
-196
-267
-329
-243
-345
-454
-451
-520
-427
-376
-279
-298
-490
-736
-833
-794
-738
-546
-519
-592
-566
-501
-375
-308
-391
-597
-749
-706
-581
-296
-71
38
169
242
339
432
691
829
916
1104
1219
1337
1520
1735
1943
2158
2337
2317
2379
2342
2302
2343
2381
2428
2582
2539
2371
2454
2383
2304
2173
2217
2271
2264
2306
1953
1739
1590
1401
1225
951
669
452
383
325
216
180
152
-69
-224
-30
40
81
-166
-359
-501
-667
-518
-501
-775
-931
-1297
-1531
-1578
-1633
-1558
-1600
-1554
-1585
-1663
-1727
-1885
-2059
-2172
-2144
-2239
-2224
-1963
-1899
-1858
-1900
-1985
-2153
-2206
-2251
-2150
-2016
-1811
-1705
-1744
-1854
-1936
-1930
-2052
-2118
-2208
-2147
-2031
-1981
-1909
-1760
-1658
-1456
-1326
-1212
-1238
-1252
-1062
-1029
-936
-819
-629
-577
-445
-454
-395
-275
-129
286
435
485
492
352
387
517
671
689
766
806
725
752
716
694
796
793
789
798
783
672
608
683
592
586
474
303
287
259
181
77
150
-38
-129
-164
-246
-435
-620
-702
-796
-580
-530
-391
-518
-691
-718
-858
-984
-965
-978
-1100
-1033
-1060
-1018
-1164
-1053
-1119
-1224
-1081
-959
-759
-574
-525
-574
-474
-433
-279
-418
-449
-587
-795
-710
-633
-727
-699
-847
-803
-636
-640
-509
-330
-387
-481
-467
-650
-750
-721
-613
-741
-747
-847
-899
-941
-860
-560
-399
-173
-61
-9
-34
13
96
97
53
207
135
113
39
28
52
115
83
150
191
167
335
378
591
690
709
613
454
509
635
543
690
907
930
1087
1171
1159
1107
1141
1144
1173
1063
1035
922
824
844
668
745
759
798
792
776
703
661
542
564
532
586
601
548
503
174
184
15
207
388
408
410
471
557
706
887
1083
1109
1313
1539
1603
1731
1788
1687
1520
1367
1209
1155
1115
1048
1113
962
893
695
339
291
271
291
114
5
-24
-54
11
-49
-88
-286
-270
-366
-308
-196
-165
-107
-96
-99
-124
-84
-221
-366
-409
-484
-553
-567
-591
-712
-817
-984
-1124
-1315
-1295
-1229
-1316
-1296
-1369
-1326
-1348
-1260
-1282
-1332
-1321
-1326
-1123
-909
-757
-652
-561
-666
-754
-668
-480
-321
-281
-133
-48
67
140
403
630
727
832
721
722
696
856
951
862
738
606
701
868
947
798
755
521
329
319
416
308
303
337
208
99
50
-22
128
256
267
561
705
833
754
672
676
508
331
203
160
60
223
253
195
30
63
132
134
209
-16
56
-14
-72
-110
-286
-590
-794
-1112
-1327
-1286
-1260
-1082
-1078
-1058
-1249
-1388
-1399
-1330
-1273
-1236
-1410
-1595
-1573
-1523
-1678
-1807
-1787
-1850
-1921
-1909
-1999
-1977
-1986
-2090
-1966
-1804
-1540
-1423
-1329
-1229
-1104
-891
-755
-600
-294
-93
57
233
449
586
718
901
854
885
993
1088
1173
1125
1213
1340
1275
1515
1615
1649
1569
1337
1096
1076
1173
1139
1261
1116
1101
1065
858
996
850
799
972
969
1041
976
1076
1025
1191
1290
1157
1256
1298
1389
1363
1255
1186
1101
1104
1038
997
914
912
738
621
527
580
606
304
25
-113
-109
-120
-10
-34
-301
-488
-481
-685
-711
-750
-669
-850
-951
-1050
-1179
-1205
-1346
-1279
-1244
-1269
-1543
-1587
-1756
-1850
-1768
-1779
-1844
-1798
-1795
-1625
-1363
-1168
-953
-927
-1116
-1155
-1002
-907
-710
-537
-488
-512
-443
-369
-253
-33
38
235
299
281
136
181
301
528
713
735
768
494
334
50
142
135
172
239
319
530
699
836
932
829
723
823
807
811
711
616
557
575
579
553
396
415
229
226
247
268
335
182
131
-34
-200
-157
-164
-124
-341
-436
-393
-452
-277
-406
-494
-751
-891
-1092
-1318
-1366
-1389
-1387
-1321
-1444
-1496
-1457
-1495
-1457
-1536
-1556
-1468
-1262
-1170
-1047
-897
-957
-977
-1062
-1086
-1025
-1247
-1372
-1334
-1385
-1221
-1111
-805
-575
-625
-658
-532
-527
-674
-815
-867
-1082
-1177
-1266
-1152
-897
-787
-710
-659
-700
-570
-524
-524
-463
-526
-263
-75
123
87
26
-64
-73
-81
-59
162
282
495
682
723
914
1124
1138
1168
986
763
688
791
1010
994
908
951
783
913
1016
928
825
639
612
550
532
592
622
715
762
656
548
393
320
265
262
289
128
-6
-16
78
80
159
262
332
255
288
157
-54
-70
-241
-75
68
181
147
-19
-62
57
128
66
159
161
102
243
320
213
132
-144
-274
-259
-197
7
75
202
288
318
284
413
537
729
876
894
877
810
703
531
745
830
972
1004
804
807
793
727
729
713
670
753
766
932
996
1061
957
772
623
712
914
889
944
958
920
1010
1046
1078
1174
1237
1229
1334
1182
1049
950
975
960
863
881
716
706
677
842
682
580
534
377
463
384
387
461
408
377
426
569
608
657
442
474
386
307
440
321
494
634
650
616
517
548
642
754
548
565
600
615
736
647
717
687
636
620
399
312
355
458
467
430
305
156
-22
-3
-7
-170
-119
-127
-195
-371
-434
-560
-542
-398
-316
-379
-549
-764
-836
-782
-770
-551
-562
-777
-1084
-1431
-1420
-1447
-1307
-1212
-1229
-1311
-1381
-1374
-1253
-1281
-1308
-1404
-1626
-1644
-1606
-1527
-1637
-1804
-1929
-2077
-2144
-2039
-2018
-1936
-1884
-1797
-1771
-1743
-1823
-1999
-2112
-2171
-2147
-2125
-1963
-1894
-1944
-1815
-1722
-1636
-1498
-1583
-1602
-1458
-1470
-1465
-1402
-1303
-1213
-1092
-1118
-1027
-991
-1018
-970
-1064
-1022
-882
-733
-556
-475
-498
-558
-443
-480
-362
-305
-286
-268
-212
-160
-33
-109
-263
-86
-76
77
112
116
64
42
16
-4
41
43
126
7
102
197
232
288
280
196
30
-8
-13
27
-62
-109
-135
-346
-513
-572
-654
-704
-798
-922
-956
-895
-958
-984
-923
-821
-686
-652
-577
-553
-493
-482
-416
-485
-521
-502
-442
-366
-310
-127
60
191
238
213
124
191
249
248
356
534
765
1034
1258
1289
1285
1331
1111
1118
1220
1203
1286
1386
1559
1698
1722
1801
1850
1878
2128
2208
2315
2271
2203
2059
1851
1837
1776
1941
2133
2052
2007
1905
1686
1579
1592
1770
1948
1978
2004
2110
2209
2208
1977
2044
2035
2033
2225
2146
2127
1886
1821
1767
1677
1846
1663
1535
1295
1049
1077
1061
1108
1046
670
672
538
473
333
97
49
-136
-170
-426
-466
-362
-498
-537
-637
-738
-862
-720
-600
-458
-402
-494
-551
-658
-601
-512
-324
-240
-246
-430
-412
-397
-488
-325
-290
-268
-145
-40
-55
-70
32
35
141
273
284
375
369
232
279
338
354
306
262
450
456
441
301
325
334
354
343
271
443
579
506
479
589
683
724
641
769
925
986
1008
1078
1272
1370
1400
1321
1208
1200
1156
1071
1056
1141
1085
1154
1110
900
816
686
569
459
503
385
322
285
182
76
-103
-246
-320
-273
-384
-511
-536
-670
-645
-475
-414
-183
-164
-258
-587
-780
-901
-786
-618
-640
-859
-1169
-1075
-1038
-992
-1125
-1143
-1293
-1483
-1475
-1637
-1632
-1573
-1539
-1385
-1339
-1422
-1482
-1426
-1385
-1410
-1346
-1396
-1415
-1325
-1178
-1065
-956
-1015
-967
-981
-833
-779
-653
-563
-487
-537
-685
-746
-781
-574
-397
-421
-411
-98
-159
-277
-314
-374
-482
-447
-369
-302
-113
-94
-151
-223
-239
-90
-95
-51
-63
-200
-110
-83
-76
146
75
71
182
58
-83
-92
80
254
322
518
469
399
396
352
368
361
461
383
289
181
81
100
9
107
34
132
178
145
99
3
-137
-191
-99
-114
-77
-74
88
123
178
276
359
473
640
694
679
534
337
198
276
359
359
450
398
405
303
219
85
80
109
97
173
148
33
42
56
27
121
118
41
-24
59
76
153
200
200
161
152
223
94
86
33
36
-109
-444
-397
-382
-191
-168
-267
-362
-536
-503
-377
-113
-11
4
-29
116
218
233
285
293
163
137
302
254
325
401
551
792
731
731
778
726
775
888
1017
1040
1005
1118
1151
1336
1468
1613
1760
1678
1630
1569
1406
1284
1204
1168
1166
1146
1073
934
744
607
512
516
538
550
678
601
546
505
592
658
633
711
665
801
732
505
467
354
222
195
206
160
165
129
58
-28
-79
-78
-83
-71
-30
126
228
248
19
-277
-544
-859
-988
-1020
-1190
-1240
-1176
-1116
-1241
-1287
-1508
-1683
-1745
-1877
-1668
-1539
-1476
-1444
-1401
-1418
-1399
-1459
-1411
-1372
-1271
-1346
-1403
-1318
-1369
-1204
-1109
-945
-767
-479
-302
-486
-391
-168
-11
199
366
241
370
436
554
705
701
799
670
753
911
958
932
1009
1010
978
1056
906
900
843
897
966
1001
987
894
791
741
834
744
759
823
789
798
795
874
949
1050
1161
1018
922
1044
1066
1013
1156
1243
1300
1227
1065
1106
978
836
629
566
318
-107
-368
-597
-570
-416
-160
-271
-394
-483
-641
-702
-637
-546
-442
-368
-402
-315
-530
-617
-637
-533
-358
-351
-387
-421
-609
-602
-616
-656
-675
-651
-524
-385
-381
-363
-373
-374
-359
-315
-195
-185
-23
153
457
467
393
444
419
208
205
293
325
344
381
477
574
737
624
571
704
727
534
360
320
258
318
492
559
573
495
427
495
388
366
343
307
398
355
371
547
683
703
544
313
291
224
213
175
100
150
96
157
247
144
133
-83
-199
-392
-464
-465
-390
-336
-329
-392
-463
-501
-459
-467
-601
-636
-491
-514
-407
-275
-348
-453
-622
-502
-449
-454
-294
-226
-467
-555
-630
-628
-543
-336
-197
-212
-208
-273
-81
-78
-26
61
124
253
182
238
312
207
95
6
44
35
-1
9
-176
-292
-306
-148
-236
-273
-366
-623
-952
-1076
-1055
-1125
-1014
-941
-729
-769
-902
-730
-659
-600
-564
-595
-507
-439
-344
-296
-361
-372
-524
-718
-734
-598
-544
-585
-478
-461
-435
-645
-735
-507
-624
-781
-967
-1010
-1057
-1183
-1108
-1117
-1129
-1152
-1174
-1235
-1177
-1068
-940
-1062
-1147
-1093
-1185
-1173
-1177
-1205
-1291
-1347
-1221
-1269
-1183
-1111
-1079
-968
-941
-917
-752
-587
-628
-494
-401
-299
-270
-209
-123
-393
-387
-451
-561
-510
-634
-664
-857
-870
-800
-866
-879
-927
-875
-893
-963
-1101
-1156
-1101
-1005
-849
-909
-966
-974
-1100
-1058
-820
-699
-458
-432
-372
-370
-288
-254
-318
-242
-436
-545
-550
-436
-438
-437
-401
-338
-367
-385
-485
-407
-479
-339
-269
-209
-95
-112
-104
-211
-219
-36
241
317
372
303
574
602
556
700
541
478
485
522
703
744
626
565
390
361
369
412
424
447
377
292
271
237
563
788
1047
1270
1348
1409
1368
1238
1180
1266
1298
1192
1087
1187
1169
1313
1232
1121
1029
919
1117
1339
1562
1661
1671
1610
1565
1598
1716
1949
2029
2029
1999
2014
1967
1907
1904
1775
1649
1602
1668
1715
1865
1783
1624
1419
1147
1115
1113
1004
873
853
711
790
804
850
813
663
593
542
553
470
550
469
422
438
538
822
961
931
868
825
772
677
585
619
573
584
431
169
-95
-192
-428
-439
-417
-443
-359
-427
-346
-156
-276
-32
71
141
286
335
401
425
410
260
202
55
164
322
406
357
423
165
-38
-119
-100
-60
-155
-101
-119
-22
-69
87
105
-39
49
190
146
268
266
270
258
331
402
389
469
398
575
694
764
587
547
521
390
369
469
363
198
184
113
19
-25
-92
-201
-259
-493
-597
-614
-534
-551
-656
-713
-847
-991
-1063
-1220
-1327
-1449
-1497
-1723
-1799
-1987
-2085
-1976
-2170
-2261
-2399
-2284
-2258
-2119
-2032
-1997
-2013
-2052
-2236
-2348
-2331
-2320
-2360
-2336
-2372
-2370
-2391
-2239
-2092
-2070
-1899
-1828
-1907
-1866
-1819
-1837
-1715
-1575
-1521
-1611
-1539
-1545
-1514
-1485
-1255
-1057
-955
-815
-889
-911
-800
-560
-378
-336
-367
-140
-208
-121
80
220
487
668
737
660
523
603
674
643
488
423
355
339
376
382
443
527
452
409
375
445
448
368
362
342
376
350
309
285
284
336
395
366
383
390
280
194
94
-46
-53
-224
-428
-702
-1019
-999
-920
-782
-687
-662
-673
-579
-456
-473
-478
-518
-624
-694
-727
-558
-582
-489
-486
-387
-364
-523
-277
-311
-209
-284
-302
-330
-310
-258
-242
-382
-473
-417
-614
-510
-395
-232
-40
77
256
318
401
572
443
408
467
529
567
573
625
707
716
1040
1362
1593
1509
1377
1205
1072
913
785
852
697
826
760
925
1036
1087
1282
1524
1585
1618
1665
1563
1649
1453
1427
1307
1302
1017
782
618
526
679
651
676
598
658
564
604
513
358
140
125
133
52
151
88
108
9
93
225
234
249
221
263
358
494
829
1043
1080
1050
902
597
466
596
490
542
423
289
226
237
-27
80
159
54
-14
41
233
309
317
326
214
163
136
160
308
176
112
68
-2
-60
-41
-62
-17
-228
-213
-65
65
161
353
260
233
285
367
748
836
829
713
619
469
430
544
605
754
727
736
761
568
568
649
730
812
660
446
203
-31
-45
21
32
-25
51
-54
-85
-59
16
65
31
-64
-68
-44
-81
-59
-227
-351
-462
-505
-390
-417
-497
-602
-662
-619
-581
-560
-462
-528
-644
-653
-705
-688
-658
-740
-668
-526
-538
-449
-404
-370
-384
-499
-498
-295
-266
-45
25
135
199
163
212
151
78
-117
-258
-470
-570
-630
-634
-450
-190
-74
120
115
38
96
-69
-80
-266
-471
-751
-1073
-1379
-1417
-1428
-1297
-1175
-1153
-972
-938
-837
-681
-600
-593
-567
-561
-596
-668
-729
-851
-854
-971
-1011
-1034
-1076
-984
-1018
-1024
-1142
-973
-858
-775
-550
-428
-297
-486
-511
-497
-686
-583
-573
-542
-481
-553
-657
-618
-492
-338
-263
-454
-534
-421
-346
-158
42
243
289
57
-112
-117
-150
11
101
92
108
38
220
212
307
352
348
433
312
211
331
483
540
511
540
474
268
-19
-162
-93
-97
-104
-52
-185
-258
-100
-103
-69
1
44
31
64
85
112
231
209
333
329
308
554
570
553
496
507
407
276
144
-124
-180
-393
-478
-478
-555
-642
-894
-798
-695
-709
-610
-523
-464
-365
-291
-351
-303
-222
-136
-93
50
-184
-211
-218
-226
-67
-17
-138
-269
-153
-249
-89
-2
-113
-63
-113
-103
-40
-108
-193
-94
-98
-118
-5
-190
-182
-297
-117
-48
-53
90
10
91
104
151
236
272
223
248
227
265
230
237
276
187
134
125
247
379
424
243
246
280
308
403
618
797
719
692
727
744
594
478
471
512
576
602
675
708
616
467
231
259
218
225
239
326
279
298
220
283
471
547
654
564
533
466
428
380
516
555
593
417
208
108
163
223
314
458
468
608
691
702
724
836
868
998
994
906
1077
950
986
950
959
1007
1140
1193
1106
1095
1115
1220
1065
1117
1225
1072
1037
1054
1116
1277
1279
1390
1366
1362
1335
1204
1116
1071
1168
1238
1124
1089
1077
1017
948
815
585
508
508
600
749
701
742
559
376
250
202
164
109
58
53
9
-104
18
-46
59
75
81
270
155
346
326
197
271
196
206
201
209
139
-42
-125
-315
-281
-158
-90
80
-87
-286
-423
-404
-430
-376
-356
-517
-570
-703
-675
-745
-718
-762
-645
-620
-616
-556
-466
-353
-324
-357
-475
-176
-124
-49
-93
-50
-23
66
83
-67
-56
-73
-68
-140
-249
-235
-286
-344
-371
-280
-271
-211
-219
-199
-138
-104
-70
-2
100
68
119
232
90
37
144
159
305
409
469
429
328
333
404
567
730
587
483
383
231
331
251
32
-87
-258
-336
-365
-298
-258
-319
-300
-445
-443
-444
-240
-78
-208
-253
-451
-601
-691
-636
-658
-687
-773
-794
-897
-904
-766
-688
-727
-689
-606
-590
-393
-242
-107
-51
-146
-289
-390
-389
-401
-358
-225
-44
95
92
59
-54
-261
-390
-486
-574
-601
-612
-671
-571
-603
-550
-432
-278
-328
-127
20
135
396
466
355
337
369
330
475
518
496
570
445
413
511
693
699
557
434
188
-22
-41
35
-19
-70
-173
-363
-652
-565
-552
-562
-594
-592
-491
-469
-483
-538
-636
-791
-843
-736
-824
-818
-593
-622
-508
-562
-734
-769
-871
-681
-715
-700
-770
-815
-690
-563
-418
-354
-300
-547
-563
-508
-506
-259
-342
-425
-473
-422
-395
-381
-347
-421
-446
-481
-458
-593
-663
-725
-578
-555
-598
-555
-586
-592
-420
-363
-293
-282
-177
-235
-216
-52
99
241
104
83
157
184
264
330
181
255
423
423
371
430
444
475
464
296
299
270
366
375
411
510
519
485
553
415
466
481
497
662
503
606
550
430
509
613
685
805
940
818
791
638
675
721
640
694
666
579
509
449
280
146
95
-54
-56
-38
12
80
-102
-59
-69
-47
52
139
162
162
412
543
631
740
584
508
398
361
469
589
636
522
483
372
442
671
654
678
582
391
291
262
214
290
292
345
302
145
76
-12
138
117
47
-20
78
89
295
415
372
397
402
315
404
581
622
584
515
545
450
460
455
458
467
417
252
236
181
68
-77
-322
-362
-242
-397
-402
-280
-250
-174
-148
-292
-308
-306
-394
-409
-308
-173
-259
-194
-163
-179
-336
-452
-367
-436
-439
-448
-419
-323
-321
-351
-190
-239
-144
38
74
75
56
168
24
98
101
82
123
127
78
10
24
78
183
165
277
336
347
388
489
561
702
736
807
891
797
813
689
620
580
692
534
439
449
508
691
623
507
364
230
137
167
105
135
248
80
-74
-165
-333
-378
-434
-472
-358
-429
-450
-576
-536
-484
-520
-423
-436
-399
-473
-528
-575
-677
-756
-837
-839
-837
-938
-765
-828
-941
-832
-766
-780
-773
-753
-817
-746
-798
-774
-662
-633
-586
-462
-454
-505
-514
-576
-716
-657
-644
-719
-887
-900
-676
-628
-659
-569
-550
-664
-579
-440
-353
-372
-476
-567
-338
-167
-169
-211
-345
-361
-195
-127
-125
-65
57
45
82
64
153
167
52
203
40
47
94
117
208
194
235
304
165
30
-89
-319
-326
-360
-347
-213
-250
-387
-407
-391
-334
-331
-171
-32
-134
-294
-469
-406
-447
-431
-386
-684
-890
-1000
-927
-919
-801
-821
-970
-1230
-1462
-1508
-1587
-1466
-1427
-1434
-1499
-1571
-1474
-1497
-1568
-1534
-1608
-1403
-1408
-1295
-929
-926
-849
-998
-861
-698
-609
-547
-555
-630
-764
-693
-743
-644
-587
-595
-486
-487
-558
-546
-593
-570
-364
-190
4
159
38
-37
-92
-107
30
213
458
408
440
460
449
487
587
634
650
733
639
528
606
641
666
695
684
704
667
779
817
912
877
884
900
1045
1164
1070
1142
1067
1119
1107
1209
1148
991
877
719
834
875
995
966
705
587
431
292
256
219
292
313
246
254
353
518
649
903
851
812
762
642
736
700
697
570
458
324
269
361
291
185
43
-52
-163
-237
-258
-266
-195
-313
-340
-295
-325
-287
-342
-339
-329
-368
-214
7
189
422
345
300
535
551
661
774
667
571
562
563
592
350
155
36
-31
38
-7
-17
-14
-23
-24
-64
-44
-62
117
267
271
189
175
72
100
290
260
307
219
163
139
159
305
441
509
767
782
946
1064
1068
1216
1133
1031
943
710
625
625
472
719
754
797
785
663
564
680
766
729
699
466
358
162
174
146
151
198
212
320
318
283
129
137
187
370
250
227
21
-26
7
-55
140
179
199
203
226
183
203
207
72
-11
-161
-184
-119
-213
-88
-153
-91
-154
-225
-465
-537
-595
-488
-218
-184
-97
-197
-189
-165
-98
15
110
81
-39
-96
-60
-105
117
230
97
198
263
349
311
441
250
91
-66
-284
-308
-360
-449
-479
-660
-724
-637
-638
-555
-519
-600
-661
-564
-622
-396
-349
-344
-270
-365
-461
-598
-592
-588
-588
-518
-614
-673
-574
-515
-438
-404
-387
-477
-575
-656
-690
-611
-785
-906
-1119
-1281
-1285
-1146
-1078
-1158
-1235
-1386
-1368
-1387
-1330
-1314
-1300
-1336
-1233
-1295
-1107
-1010
-1062
-945
-968
-997
-997
-921
-881
-934
-789
-690
-688
-562
-639
-726
-756
-685
-516
-420
-518
-601
-621
-664
-634
-614
-500
-534
-592
-700
-646
-625
-402
-383
-472
-568
-492
-383
-309
-272
-350
-226
-226
-221
-331
-319
-466
-487
-443
-201
-175
-160
-135
-143
27
167
365
415
337
175
74
52
24
148
213
190
92
148
181
258
190
126
67
-41
-73
-59
74
89
-24
-52
57
-25
98
128
18
4
-7
111
180
139
136
233
72
86
106
75
212
256
286
227
167
304
423
578
626
615
484
443
418
582
706
837
686
646
603
477
668
734
938
889
708
520
647
659
669
894
832
881
963
1014
1033
1220
1309
1223
1263
1170
1214
1247
1555
1605
1603
1462
1268
1223
1210
1246
1086
1032
825
861
928
862
840
683
560
345
243
336
343
389
340
217
215
248
488
592
610
555
542
552
547
671
727
614
551
372
381
521
603
558
378
236
0
0
0
0
0
0
0
0
0
0
0
0
0
0
0
0
0
0
0
0
0
0
0
0
0
0
0
0
0
0
0
0
0
0
0
0
1
0
0
0
0
-1
0
0
0
0
0
0
0
0
0
0
0
0
0
0
0
0
0
0
0
0
0
0
0
0
0
0
0
0
1
0
0
0
0
0
0
0
0
0
0
0
0
0
0
0
0
0
0
0
0
0
0
0
0
0
1
1
0
0
0
-1
1
1
0
0
0
0
0
0
0
0
0
0
0
1
0
0
0
0
0
0
0
0
0
0
0
0
0
0
0
0
0
0
0
0
0
0
0
0
0
0
0
0
0
0
0
1
0
1
0
0
0
0
0
0
1
0
0
1
-1
0
0
0
0
0
0
0
0
0
0
0
-1
0
-1
0
0
0
0
0
-1
0
0
0
0
0
0
0
0
0
0
0
0
0
0
0
-1
0
0
0
0
0
0
1
0
0
0
0
0
0
0
0
0
0
0
0
0
0
0
1
0
1
0
0
0
0
1
0
0
0
-1
0
0
0
0
0
0
0
0
0
0
0
0
0
0
0
0
0
0
0
0
0
0
0
0
0
0
0
0
0
0
0
0
0
0
0
0
0
0
0
0
0
0
