0
0
0
0
0
0
0
0
0
0
0
0
0
0
0
0
0
0
0
0
0
0
0
0
0
0
0
0
0
0
0
0
0
0
0
0
1
0
0
0
0
-1
0
0
0
0
0
0
0
0
0
0
0
0
0
0
0
0
0
0
0
0
0
0
0
0
0
0
0
0
1
0
0
0
0
0
0
0
0
0
0
0
0
0
0
0
0
0
0
0
0
0
0
0
0
0
1
1
0
0
0
-1
1
1
0
0
0
0
0
0
0
0
0
0
0
1
0
0
0
0
0
0
0
0
0
0
0
0
0
0
0
0
0
0
0
0
0
0
0
0
0
0
0
0
0
0
0
1
0
1
0
0
0
0
0
0
1
0
0
1
-1
0
0
0
0
0
0
0
0
0
0
0
-1
0
-1
0
0
0
0
0
-1
0
0
0
0
0
0
0
0
0
0
0
0
0
0
0
-1
0
0
0
0
0
0
1
0
0
0
0
0
0
0
0
0
0
0
0
0
0
0
1
0
1
0
0
0
0
1
0
0
0
-1
0
0
0
0
0
0
0
0
0
0
0
0
0
0
0
0
0
0
0
0
0
0
0
0
0
0
0
0
0
0
0
0
0
0
0
0
0
0
0
0
0
0
472
164
-75
-373
-138
178
196
370
661
617
26
-314
-524
-657
-833
-503
-37
634
906
870
473
-34
-133
-111
145
296
825
951
889
537
457
632
448
213
-102
-315
-391
-274
-206
22
404
631
401
-94
-331
-653
-865
-1031
-812
-534
-500
-405
-149
-312
-716
-536
-482
-570
-243
47
563
573
248
-29
-375
103
399
830
872
861
969
454
129
-154
-80
505
786
856
726
518
52
-278
-392
-259
-140
-226
-461
-884
-1115
-1209
-956
-444
209
446
203
-50
-310
-394
-216
151
334
484
362
275
231
144
287
393
188
69
-211
-305
-29
217
265
575
998
1165
1175
961
667
520
627
672
693
832
741
257
-23
-434
-497
-598
-376
-211
-159
61
-143
-608
-940
-1106
-790
-99
41
407
164
157
-78
-534
-461
-348
-112
-68
62
-211
-746
-685
-514
-498
-65
36
-78
-304
-544
-265
72
201
532
1087
1279
944
260
-42
-180
-27
235
555
630
7
-402
-329
-221
-167
-195
-103
-221
-369
-457
-770
-1031
-1142
-1168
-945
-820
-606
-554
-572
-806
-1070
-981
-1014
-1242
-1485
-1816
-1903
-1464
-1133
-1181
-1166
-980
-721
-736
-282
129
201
379
525
1010
1412
1204
1102
749
411
151
462
1162
1039
758
449
189
-62
44
21
-158
-346
-266
-219
-511
-707
-640
-403
-505
-774
-978
-1166
-1202
-1066
-981
-680
-469
-450
-736
-785
-771
-811
-717
-385
-15
539
1036
1090
995
840
697
745
1166
1498
1670
1519
1539
1215
882
741
755
726
418
409
622
577
657
640
617
175
-257
-323
-451
-559
-204
403
613
255
-28
-376
-594
-626
-670
-316
-252
93
690
801
579
139
-119
62
427
1058
1471
1316
1327
1333
1254
1110
854
1155
1604
1653
1527
1569
1603
1420
1353
1303
1181
801
724
935
948
1238
1313
1120
531
-52
-828
-880
-171
275
435
920
1706
1507
806
11
-312
-151
413
981
1316
1736
1756
1162
697
282
14
293
768
1360
1526
1210
994
646
520
462
660
786
704
625
273
151
245
527
950
1171
972
548
-104
-548
-162
156
617
1064
1340
874
100
-364
-601
-128
321
704
1254
1323
834
355
-106
-472
-568
-482
-256
181
169
-178
-405
-617
-665
-409
-437
-585
-619
-921
-1184
-1108
-1000
-678
-316
-369
-173
-490
-849
-992
-621
149
559
906
982
634
405
274
378
505
516
752
891
1069
1076
921
285
-447
-684
-461
-166
-199
-19
-220
-397
-679
-733
-754
-1023
-1471
-1521
-1643
-1581
-1487
-1079
-483
-462
-800
-1151
-1602
-1385
-898
-207
309
349
355
-82
-338
-979
-910
-59
370
394
241
289
262
150
104
-12
66
391
40
-649
-986
-701
-310
-447
-689
-1020
-1465
-1583
-1795
-1820
-1727
-1733
-1604
-1436
-1510
-1704
-1741
-1904
-1673
-1526
-959
-545
-714
-1121
-1353
-1078
-848
-313
227
386
203
-556
-865
-961
-879
-441
-294
-204
-6
106
248
163
308
188
-293
-435
-698
-565
-577
-541
-53
25
-272
-1029
-1582
-1881
-2032
-1291
-745
-513
-145
-261
-600
-693
-608
-538
-399
-442
-495
-635
-518
-506
-346
-265
-554
-878
-1032
-1047
-912
-756
-761
-957
-916
-484
-231
-338
-331
-291
-551
-728
-509
-297
-15
-192
-139
-94
-554
-785
-814
-1040
-823
-257
58
257
28
-395
-463
-450
-327
-354
-65
196
-64
-151
-415
-407
-453
-225
82
55
131
238
-140
-371
-217
-212
118
57
-42
-242
-409
-232
36
67
-262
-807
-911
-759
-484
157
790
1124
920
338
83
187
412
553
977
1039
874
473
317
132
128
272
396
817
667
783
591
456
530
297
391
695
1006
1214
1275
1125
867
805
1079
1170
998
589
252
201
445
313
472
660
972
1105
1106
1243
1315
1374
1379
1576
1570
1584
1669
1837
1726
1661
1442
1245
1166
997
878
615
591
867
1178
1535
1563
1147
757
525
628
726
1072
922
260
210
200
102
-170
-208
-182
-53
-413
-702
-760
-595
-305
-28
277
401
164
-176
-418
-337
-189
-124
62
468
592
462
202
393
490
228
217
400
616
435
637
580
476
387
410
428
514
587
333
349
146
267
409
502
403
-193
-373
-616
-563
-74
57
86
-141
-529
-729
-743
-466
-124
33
78
-159
-444
-653
-529
-40
364
547
548
421
89
-276
-564
-301
254
731
692
289
-98
-117
103
340
644
746
944
558
374
413
661
1216
1170
756
346
-155
-335
-131
99
210
-240
-971
-1299
-1295
-1184
-574
-123
101
113
-278
-400
-373
-96
179
-218
-229
-328
-598
-935
-882
-768
-709
-617
-710
-752
-657
-649
-582
-525
-321
65
307
491
348
479
612
533
580
688
787
822
785
540
271
299
672
852
539
344
487
547
409
566
797
366
171
66
-78
43
366
521
307
20
-138
-519
-473
-382
-705
-713
-381
1
52
142
44
-255
-455
-381
-32
206
2
-347
-398
-374
-425
-474
-376
-360
-438
-295
158
248
89
68
-201
-429
-269
92
-39
-192
-851
-1408
-1542
-1300
-925
-940
-1019
-1286
-1446
-1698
-1361
-910
-297
-329
-890
-1350
-1562
-1599
-1400
-1200
-1340
-1524
-1571
-1324
-1181
-859
-678
-566
-632
-814
-931
-506
58
567
816
726
548
389
405
130
8
271
403
435
524
462
399
464
64
-239
-437
-305
-185
-392
-154
166
56
-398
-996
-1380
-1344
-1258
-731
-476
-705
-1167
-1610
-1874
-2030
-1513
-912
-526
-576
-755
-843
-649
-470
-376
-420
-376
-185
100
44
-225
-229
-150
81
261
382
540
1038
1216
975
625
429
477
204
74
265
333
293
-24
-312
-441
-239
159
353
250
357
127
-321
-488
-290
-2
328
510
359
-31
-353
-395
115
558
666
942
764
400
443
627
673
692
792
903
1153
1335
1461
1494
1310
955
778
808
700
550
617
638
675
511
446
317
110
45
-47
81
222
546
324
8
70
181
70
135
397
313
103
-194
-349
-327
-316
-136
5
66
-102
24
233
214
219
56
134
99
-152
74
332
457
515
261
-145
-395
-202
38
316
828
862
999
886
545
-17
-136
488
681
889
1211
961
443
409
274
595
1159
1601
1513
940
835
883
1087
1323
1497
1283
809
484
747
1022
1202
1026
730
727
586
257
122
428
517
443
795
1171
1372
1223
741
230
165
492
876
1429
1785
1398
646
-145
-502
-315
201
959
1617
1718
1649
1313
618
202
-47
179
673
1290
1145
878
388
-71
-384
-545
-193
-300
-58
27
119
137
273
601
713
799
610
247
-141
-156
204
938
1228
1000
499
-225
-564
-335
477
1088
1164
945
793
681
621
576
395
262
309
403
475
805
784
515
399
271
253
281
237
-119
-266
-132
-43
138
500
355
-17
-334
-652
-645
-318
8
152
-167
-741
-992
-823
-490
-46
57
175
299
179
108
-80
-12
84
163
234
312
614
396
-68
-419
-624
-426
-394
-288
-227
-330
-457
-494
-280
-38
-261
-837
-1451
-1787
-1670
-1074
-530
-247
-433
-837
-1643
-1966
-1808
-1519
-1097
-790
-874
-1209
-1148
-915
-756
-743
-750
-667
-672
-574
-306
-296
-366
-565
-868
-1279
-1530
-1288
-824
-620
-309
-361
-525
-453
-365
-313
-349
-582
-741
-489
-388
-360
-509
-956
-1558
-1781
-1850
-1577
-1301
-1187
-1344
-1743
-1847
-1591
-1339
-1110
-988
-1140
-1105
-1137
-1121
-814
-394
-460
-497
-359
-433
-363
-236
-548
-465
-15
461
1046
1255
797
170
-236
-195
292
849
1126
846
106
-165
29
447
992
1150
1061
732
429
61
234
404
281
393
479
514
575
573
338
474
181
-298
-445
-317
85
117
16
21
139
463
639
656
524
93
-21
40
313
788
884
355
-301
-901
-1013
-685
-149
119
-126
-726
-1192
-1476
-1722
-1622
-1458
-1236
-1023
-1117
-1131
-1188
-1267
-1376
-1478
-1109
-793
-891
-915
-1075
-1117
-1206
-1120
-603
-252
-177
-533
-884
-955
-864
-500
-48
44
191
209
-24
-235
-484
-729
-550
-331
-314
-233
-102
64
-34
-85
-383
-642
-363
-88
277
606
639
384
296
374
676
856
908
795
484
553
686
820
1048
977
552
194
311
308
517
802
1014
1275
1066
920
706
437
231
233
355
542
662
504
200
-29
136
310
405
338
184
178
125
301
649
955
757
646
821
1167
1101
890
726
1016
1176
1358
1414
1097
541
215
320
592
796
790
474
226
372
293
166
112
266
353
428
524
369
147
32
348
820
1016
913
597
209
-85
129
485
1075
1355
1560
1422
1054
844
793
917
1095
1469
1258
980
886
709
165
114
265
451
684
798
377
-181
-355
-586
-717
-607
-525
-630
-430
-368
-370
-338
-570
-733
-814
-567
-252
-338
-272
-611
-698
-403
-51
-68
-193
-267
-157
58
99
191
201
142
-45
63
-204
-444
-388
-503
-344
-225
-428
-983
-1526
-1522
-1401
-1200
-838
-689
-755
-811
-1197
-1276
-862
-589
-345
-308
-385
-712
-794
-371
-51
-83
-128
-199
-315
-493
-642
-543
-509
-307
-49
79
268
93
-143
-158
-215
-284
-495
-382
-312
-419
-561
-970
-1007
-1137
-1115
-988
-1118
-1311
-1479
-2077
-1620
-1017
-480
-197
-205
-675
-1415
-1228
-1176
-678
-28
406
463
130
-110
-285
-446
-376
-413
-492
-767
-1039
-1099
-1003
-999
-885
-799
-1041
-1321
-1456
-1510
-1556
-1358
-1015
-921
-1266
-1109
-866
-721
-724
-607
-386
-39
44
53
188
371
422
325
272
191
217
360
768
1281
1284
1187
1142
777
619
430
425
421
331
296
161
-113
-703
-920
-1127
-1422
-1429
-1553
-1588
-1124
-758
-892
-1502
-1646
-1677
-1530
-1186
-1121
-815
-791
-823
-592
-619
-318
-131
-286
-154
-219
143
461
691
625
495
532
496
188
-197
-402
-491
-514
-372
-63
-150
-628
-1047
-1408
-1632
-1516
-1544
-1442
-1258
-1160
-1122
-1085
-1071
-1284
-1596
-1876
-1724
-1740
-1788
-1577
-1626
-1502
-1275
-1171
-1297
-1294
-1139
-886
-682
-383
112
350
75
-379
-575
-930
-872
-807
-652
-480
-528
-607
-723
-907
-1187
-1280
-1347
-1337
-1195
-885
-585
-761
-1123
-929
-856
-729
-273
104
187
69
367
370
512
576
570
658
573
662
628
772
1122
1193
943
547
505
526
660
1056
1330
1133
722
489
410
601
1098
1234
1039
549
358
595
564
659
565
753
605
724
985
1060
1401
1266
1139
1370
1608
1735
1836
1571
1394
1309
1168
1404
1560
1717
1485
1129
964
865
992
1194
1455
1303
860
518
404
414
499
741
1153
1021
880
790
524
246
-59
-91
-389
-600
-515
-256
-55
110
161
65
79
19
225
518
832
688
736
890
997
1004
772
626
240
54
14
270
239
-215
-467
-780
-687
-440
-288
-20
-15
-273
-488
-650
-544
-201
-172
-66
-8
-324
-590
-354
61
103
142
-87
-253
-269
-419
-277
-93
261
127
-25
-91
-279
-215
-190
-260
-198
-90
110
122
-81
-198
-568
-810
-816
-445
-219
-176
-211
-229
-77
-53
-202
-51
269
96
285
452
426
78
148
105
6
35
183
392
216
289
61
114
-57
146
454
109
167
-2
-108
-64
127
185
0
-382
-623
-840
-772
-544
-452
-473
-682
-613
-517
-488
-414
-390
-136
66
57
-107
115
577
767
900
960
868
543
363
336
566
1010
1333
1547
1215
512
-20
-201
-160
-9
418
1002
1081
839
377
168
252
311
744
1023
1114
1052
933
534
283
248
393
472
549
756
652
702
560
862
1072
1200
1268
1111
738
467
604
916
1063
1107
994
502
-44
-443
-421
-219
-6
32
-167
-340
-774
-953
-1042
-896
-719
-591
-678
-698
-616
-564
-476
-506
-578
-715
-770
-788
-794
-785
-613
-473
-235
-270
-523
-653
-721
-436
7
67
79
-180
-441
-849
-1117
-1163
-899
-709
-948
-1289
-1697
-1848
-1896
-1579
-1368
-1439
-1609
-1771
-1441
-1484
-1319
-1207
-1378
-1420
-1455
-1197
-867
-706
-1113
-1274
-1112
-949
-670
-303
-331
-464
-501
-284
24
-54
-56
-179
-684
-1279
-1077
-844
-561
-322
-281
-615
-955
-916
-1178
-1224
-965
-762
-842
-714
-495
-292
37
-17
-167
-184
-430
-373
-307
-122
-4
32
161
89
57
206
534
824
957
1182
1367
1448
1520
1557
1439
1396
1186
1036
883
862
946
687
528
224
275
412
447
623
623
449
425
534
655
739
697
633
839
1098
1440
1644
1533
1244
1101
935
1095
1381
1388
1410
1674
1976
2278
2390
2317
2385
2600
2538
2176
1845
1621
1584
1320
1235
1225
1099
1164
1172
1172
1241
1170
1145
1076
806
795
637
649
706
655
705
1116
1380
1535
1570
1234
943
679
561
635
1269
1711
1784
1417
952
1097
1060
961
1178
1084
1140
1118
776
478
371
365
333
258
241
167
-39
-118
-143
272
465
293
-5
-412
-575
-380
159
776
791
758
691
462
404
276
424
283
482
586
717
1097
1051
752
440
125
324
511
395
318
112
-63
-95
87
296
310
129
-88
-511
-426
-84
156
134
-35
170
114
-48
60
55
-63
-182
-21
212
111
80
149
168
284
430
552
516
467
316
160
191
179
177
203
250
-13
-397
-472
-589
-585
-449
-273
-94
-82
-84
-327
-647
-670
-682
-430
-248
-213
-122
-217
-134
-99
1
215
380
481
442
212
208
286
407
480
300
54
-99
-249
-166
-90
-100
-296
-354
-567
-737
-719
-827
-767
-774
-1036
-1224
-1234
-1332
-1308
-1175
-871
-652
-707
-866
-766
-672
-859
-805
-768
-682
-594
-834
-826
-447
-437
-199
10
-62
38
138
218
51
-319
-373
-522
-524
-665
-448
-317
-687
-726
-901
-1292
-1422
-1379
-910
-585
-471
-380
-683
-1115
-1427
-1528
-1445
-1264
-1097
-861
-830
-816
-939
-932
-771
-735
-509
-360
-207
-219
-476
-643
-501
-494
-617
-831
-862
-1009
-1041
-663
-382
-230
-327
-563
-724
-961
-1178
-1468
-1268
-931
-788
-620
-635
-571
-831
-1263
-1136
-1182
-971
-687
-422
-68
-3
40
241
350
233
118
56
327
730
770
519
346
292
270
136
36
178
139
-123
-86
-286
-264
15
80
196
298
407
338
408
493
631
634
574
480
343
224
277
614
695
663
487
420
465
455
465
506
877
1279
1610
1578
1469
1158
718
777
932
1009
856
785
586
482
543
721
706
324
183
141
402
999
1392
1411
1005
678
574
685
936
1222
1340
1203
1259
1410
1518
1718
1979
1899
1728
1695
1424
1652
2064
2326
2460
2207
2105
1920
1755
1875
2030
1875
1882
1803
1460
1268
1295
1492
1463
1315
1153
921
1042
1277
1221
1187
1285
1288
1259
1305
1014
822
667
847
1294
1603
1534
1148
808
513
734
1085
1329
1500
1076
639
494
468
594
858
835
486
-39
-311
-309
-301
-191
-163
-401
-659
-703
-712
-372
-274
-381
-756
-892
-745
-702
-470
-551
-575
-740
-832
-599
-539
-614
-632
-499
-495
-523
-352
-340
-329
-329
-462
-574
-689
-573
-413
-326
-446
-867
-948
-771
-681
-730
-606
-542
-425
-378
-302
-198
-301
-266
-313
-267
-125
-148
125
151
445
373
266
397
91
-225
-272
-403
-218
167
311
378
201
79
-15
-136
-101
155
482
290
218
180
-16
-42
-44
-5
-221
-232
-203
-46
-67
-97
-149
-341
-456
-461
-317
63
-5
-261
-353
-455
-523
-633
-390
-220
68
218
-107
-322
-411
-478
-440
-340
-332
-249
-267
-304
-521
-707
-714
-558
-535
-525
-292
-56
-264
-554
-619
-677
-675
-604
-737
-893
-910
-722
-502
-240
13
-222
-406
-563
-570
-516
-366
-81
-8
-24
-79
-320
-745
-827
-1057
-1349
-1305
-1277
-1023
-858
-975
-859
-956
-1146
-1241
-1410
-1247
-1117
-1117
-1018
-1140
-1050
-892
-837
-609
-594
-737
-1057
-1285
-1037
-845
-745
-774
-899
-904
-830
-795
-1004
-1032
-769
-454
-175
47
-7
-345
-824
-1141
-1237
-969
-826
-885
-845
-967
-1317
-1495
-1514
-1338
-1001
-639
-732
-613
-635
-527
-151
-80
-60
1
-144
-32
300
397
175
-205
-414
-660
-596
-209
9
190
25
55
146
-123
-88
-228
-204
-208
-271
-350
-73
276
392
285
-48
-530
-768
-691
-476
126
529
442
254
-45
-242
-193
-169
225
818
778
582
818
759
528
412
435
490
544
500
430
181
-35
-22
111
46
261
665
634
363
159
119
25
-10
-13
-115
-235
-282
-328
-286
-69
108
-4
-275
-457
-510
-587
-138
323
331
410
481
491
546
300
587
630
433
529
711
751
731
790
982
980
750
844
1005
1109
1175
1157
996
1000
839
705
631
427
260
159
7
547
749
661
314
-39
-199
-111
-93
254
613
805
853
317
30
-159
-55
25
186
307
461
157
107
10
-64
56
273
399
556
501
624
602
638
728
874
770
611
372
35
-233
-365
-117
-62
285
144
-197
-498
-778
-630
-374
-244
-277
-506
-670
-889
-619
-151
-58
-177
-396
-419
-565
-481
-16
66
157
115
105
-20
-273
-252
-222
-82
146
252
147
-259
-125
-342
-274
-117
-223
-205
-737
-1248
-1384
-1021
-788
-370
-384
-354
-396
-553
-674
-758
-554
-475
-433
-420
-374
-426
-533
-808
-794
-809
-734
-839
-1055
-854
-801
-728
-435
-281
-130
-197
-127
-6
116
167
310
314
502
454
321
206
81
128
184
127
-29
-93
-215
-282
-492
-309
-5
56
140
257
497
366
293
212
65
144
322
449
414
258
-103
-89
177
151
44
-431
-673
-597
-583
-319
7
306
130
-267
-556
-617
-500
-377
3
431
684
437
-63
-627
-1051
-1188
-1086
-804
-414
-432
-548
-634
-597
-518
-620
-857
-742
-540
-537
-396
-195
-309
-448
-488
-456
-126
-120
-116
-313
-365
-600
-762
-686
-493
-335
-268
-256
-208
-273
-68
67
125
320
333
125
71
118
52
-163
30
401
352
334
125
13
-287
-289
-99
37
51
114
95
-176
-388
-476
-503
-491
-396
-250
-67
186
143
245
424
381
-24
-42
344
492
703
660
500
392
80
60
287
266
377
372
247
191
3
-349
-495
-472
-313
-40
200
369
305
288
118
173
231
349
294
-275
-399
-286
-225
-296
-280
-402
-827
-1025
-1158
-1158
-812
-342
-11
104
73
99
-14
52
136
211
443
437
355
338
105
117
34
-58
10
28
116
127
107
146
0
171
599
900
993
732
593
254
95
33
7
82
-20
-226
-64
158
139
-21
-102
-210
-90
15
14
265
504
313
303
163
-57
-66
-193
-92
-119
-5
44
-130
-370
-814
-720
-584
-395
-198
-309
-247
-146
-222
-473
-633
-739
-543
-322
-287
-423
-559
-911
-1246
-1118
-965
-871
-1094
-1355
-1064
-904
-578
-467
-459
-454
-915
-1010
-972
-768
-643
-674
-359
-270
-744
-883
-794
-684
-935
-1023
-830
-845
-746
-593
-281
-165
-268
-493
-592
-482
-296
48
-70
-63
-72
-14
-236
-322
-226
-252
-364
-610
-570
-495
-408
-157
-17
6
40
205
532
787
1028
998
640
322
189
124
257
387
511
502
468
355
376
373
293
463
401
352
535
936
1333
1082
874
1009
849
974
1054
866
882
691
562
599
703
610
196
305
370
542
806
1013
1129
1194
1075
1081
1082
1324
1439
1380
1299
1289
1098
940
1157
1193
1249
1140
1083
1125
1014
852
868
905
1107
1424
1555
1584
1383
1219
1290
1122
988
923
913
787
611
625
775
922
1068
851
699
804
1078
1156
1230
1167
995
1037
1425
1683
1713
1470
1244
1000
841
1190
1354
1536
1984
1840
2148
2466
2610
2952
2853
2556
2594
2736
2884
3789
3856
3847
3718
3123
3364
3028
3200
3181
2937
3177
2544
2202
1909
1817
1288
1221
911
806
256
117
1240
583
-273
-507
-923
-1434
-1745
-1997
-1034
-1331
-2131
-2540
-2568
-2581
-3327
-3285
-3387
-3779
-4665
-4725
-4822
-5099
-5511
-6298
-6083
-6235
-6405
-6074
-6388
-7233
-7646
-7073
-6838
-6292
-6037
-5896
-6035
-6361
-6372
-5552
-5560
-5222
-4636
-4467
-4673
-4993
-4957
-5128
-4962
-5165
-4565
-4147
-3888
-3699
-2771
-1797
-1442
-866
84
1231
2534
3598
4814
6213
7324
8519
10073
11560
12246
12861
13121
13700
14306
14690
15033
14805
14070
12931
12086
11497
10296
8999
7542
6364
5341
3657
2394
942
-633
-1935
-3072
-3976
-4659
-5254
-6105
-6538
-7019
-7435
-7666
-7944
-8324
-8383
-8114
-7801
-7081
-6804
-7193
-7505
-7761
-7861
-8002
-8646
-9764
-11040
-11982
-13029
-13537
-14971
-16725
-19195
-21352
-23860
-24127
-22438
-20131
-19936
-21846
-19609
-17662
-14980
-15102
-12430
-7588
-5485
-1674
4518
14141
18781
19063
20942
25161
28368
27352
29029
30855
32285
29219
26628
27906
27352
23346
17357
14826
13146
7723
1940
-1585
-3739
-7924
-14062
-16050
-16953
-17776
-21167
-22480
-21922
-21545
-21762
-21156
-17951
-15898
-14406
-12685
-8794
-3650
-212
2922
5038
8837
11739
14403
17975
21265
25134
26388
27532
29433
30871
31182
29554
28214
26923
23933
21592
19928
18251
15156
10658
7004
3783
474
-4377
-9387
-14584
-18363
-22262
-25021
-26886
-28262
-29624
-31559
-31265
-30645
-30037
-29613
-28940
-27627
-26007
-24609
-22531
-20586
-17661
-15028
-12752
-11252
-10420
-10153
-8165
-5546
-3013
-2618
-2699
1681
4396
6251
6734
8304
10612
9034
10916
16132
20926
21209
20329
23665
27414
28038
25858
27124
26889
23889
17803
15995
15910
12210
6384
2910
3372
291
-5769
-9488
-10800
-14297
-21072
-24934
-23831
-23710
-24325
-24026
-20447
-16732
-14424
-11594
-8234
-5145
-3894
-2004
1551
6434
11297
15237
19375
22929
25417
27225
30758
31977
31971
31060
31925
32157
30776
30414
29059
26617
22694
20694
20184
16791
11746
6502
2848
-923
-4965
-9173
-12942
-17359
-20862
-23322
-24328
-25500
-28174
-30487
-31451
-30025
-28903
-28056
-27389
-25851
-24291
-22657
-20385
-18647
-17502
-16738
-16412
-15589
-14280
-13322
-10541
-7344
-4001
-3425
-2935
701
2361
3785
3651
6318
8039
7452
12637
18438
21864
21123
21879
26998
28973
28246
27408
27964
26029
20146
16503
16418
13782
7257
885
398
-1137
-6598
-10959
-12435
-14770
-21209
-26647
-26120
-25134
-26969
-27913
-24820
-19899
-17795
-14719
-9711
-4215
-1399
406
3979
8996
13669
16407
19967
22939
25056
26753
27937
30970
32295
32264
31049
29304
29270
26558
23225
19553
15984
13864
9962
8033
5833
2805
-284
-4638
-7430
-10587
-14477
-18808
-22952
-25660
-27649
-29494
-29908
-30262
-29613
-29145
-27828
-25905
-24515
-23418
-22835
-21897
-20916
-19977
-18513
-17354
-16100
-15236
-13994
-13408
-12828
-9714
-7577
-5617
-6121
-3537
180
1158
2695
3418
6660
7239
7517
13342
17497
20834
19369
21974
26143
26366
26234
26111
27956
23911
18179
16005
14999
11338
3509
112
156
-2384
-7362
-11337
-11627
-15368
-21072
-23981
-22902
-23320
-25204
-24787
-21040
-17603
-15059
-11554
-5679
-967
1716
3719
7290
12278
15152
17922
20491
23489
26337
28140
29875
30942
31929
32073
30948
29891
29281
27654
23582
20066
17224
13998
8532
4791
3020
250
-3729
-7577
-8640
-11342
-15084
-17898
-20629
-22741
-26773
-29975
-31307
-32125
-31934
-32648
-30523
-27536
-25475
-23059
-20831
-17923
-17049
-16944
-15703
-14888
-13813
-13658
-13197
-12318
-11444
-7514
-5357
-2837
-2557
-1096
2148
2547
4987
5493
7637
9211
8796
13971
16934
20610
21129
23267
28367
29201
30441
30592
32325
28847
23498
20875
19545
15134
7510
3124
1385
-1811
-6241
-9308
-10296
-13349
-17534
-19478
-19168
-19857
-22507
-22713
-20689
-19198
-17625
-14303
-7687
-3992
-512
3811
9120
13981
15729
18816
20818
22687
23338
25108
26818
26631
25655
25364
26767
26465
25223
22514
21071
18649
15125
12283
7942
4344
-842
-3450
-5550
-8319
-10707
-12874
-13635
-15095
-16554
-18047
-20103
-22192
-24159
-25756
-26618
-27181
-27318
-26413
-24472
-21136
-18495
-16271
-13968
-11640
-9617
-9168
-8895
-9601
-10003
-10918
-10930
-11658
-11197
-9620
-8757
-8168
-7346
-2525
-336
594
1098
3090
6102
5417
9126
12930
15678
16379
18325
24925
26814
27972
28231
31463
31590
28340
25745
24443
21890
14172
8563
6962
4705
-958
-6360
-7727
-9388
-13974
-15975
-15266
-14812
-18361
-20625
-19535
-18591
-17774
-17874
-14319
-11738
-9222
-5823
-1268
4436
6436
8829
11387
15454
17804
18629
20245
20505
20630
19885
20448
20767
19699
18358
16804
16401
15815
14731
12740
9560
7203
4026
1307
-1498
-4471
-7152
-10160
-11780
-14029
-15267
-17123
-18891
-20471
-22086
-22521
-23011
-23144
-23220
-23259
-22629
-21577
-20413
-18692
-16686
-14927
-13754
-12678
-11318
-10434
-9424
-8798
-8738
-9789
-10810
-9566
-9281
-8986
-9867
-8227
-5837
-5585
-2608
-271
3819
4870
6566
12056
15637
18701
18868
22217
25509
26924
28016
30146
32261
30696
28642
27819
26536
21962
16303
13527
10540
5254
150
-2889
-5039
-10614
-14206
-15335
-15954
-18752
-21886
-20320
-19850
-19679
-20005
-17378
-14396
-14830
-12561
-9179
-4869
-3648
-1995
2283
5527
7293
8843
12447
15501
15707
16382
18755
21194
20236
18649
18581
19416
18153
15589
15435
14395
12961
10235
9679
8790
5350
2080
-1144
-2639
-6549
-10722
-14154
-16479
-18843
-21897
-23388
-23788
-24432
-25548
-25651
-23954
-22753
-22426
-21172
-19336
-17104
-16433
-15625
-14244
-12339
-10954
-10430
-9026
-7820
-8166
-8473
-6357
-4804
-3966
-5487
-3435
-1039
-990
736
1885
6228
6111
7954
13991
18203
20461
20176
25011
28362
28486
28856
30433
31432
27207
24489
24752
24161
19209
13736
11791
9636
4579
117
-2417
-4136
-9399
-13538
-14664
-15847
-18783
-22262
-20888
-20001
-19772
-20202
-16837
-13215
-12502
-10464
-7345
-3747
-2677
-1503
1057
3432
5127
6537
9763
13630
16275
18001
19835
22249
22865
22086
21396
21847
20309
17226
15561
14629
13304
9768
7975
6858
4435
962
-2347
-4246
-7594
-11932
-16001
-19020
-22191
-25533
-27778
-28331
-29010
-29747
-29407
-27049
-24880
-23914
-22417
-19189
-16477
-15097
-13406
-11383
-10210
-9806
-9001
-7573
-7053
-6532
-3864
-2315
-261
322
3734
5043
5408
6801
7670
10249
9079
11920
15247
17347
18711
19423
23816
25433
25752
26766
28101
28344
24927
23574
22546
19474
13679
8831
7379
3753
80
-3113
-4157
-6479
-11382
-12930
-14069
-15053
-18761
-19607
-17856
-18661
-19213
-18260
-13806
-12517
-12271
-9106
-4731
-2036
-2295
344
4513
6136
6389
8468
12247
13710
13389
15067
18425
19776
18850
20007
21559
21862
19094
17366
17336
14986
12611
9740
8568
5473
1064
-792
-2650
-4942
-8410
-11162
-13288
-16955
-20291
-22676
-24954
-27256
-29539
-29684
-29231
-29151
-27599
-25151
-22065
-19716
-16840
-13542
-11402
-9935
-8417
-6515
-5062
-5036
-4699
-3455
-1397
-847
-136
811
3776
5302
5718
8342
10342
12645
11778
13216
17166
19303
19450
18856
22170
24607
23976
24181
25957
26737
23336
21061
21140
19613
14021
8195
5804
2881
-1788
-6045
-8838
-10617
-14554
-16503
-17050
-16805
-18214
-19522
-18496
-17848
-16638
-16169
-14122
-12959
-12149
-9201
-6375
-4234
-2549
390
4059
5595
7250
10129
12313
13235
13560
15485
17705
18054
18133
19237
20465
19705
18328
18541
18604
16214
13359
11886
10526
6613
3530
1398
-787
-4832
-8017
-9886
-12355
-16298
-19782
-22242
-24461
-26472
-28338
-28719
-28691
-27972
-27096
-25424
-23242
-21137
-19179
-16794
-14897
-13124
-11618
-9526
-7745
-6943
-6166
-4753
-2556
-2012
-1198
-493
2354
3498
4816
6625
9499
12089
12257
15065
18465
20861
21301
21715
25247
26482
25626
25926
27229
27372
23112
21365
20289
17987
12107
7002
5048
1250
-3606
-8612
-10972
-13455
-17260
-19089
-19599
-19823
-21326
-21788
-20368
-18764
-17399
-16516
-14454
-12981
-10466
-7726
-5068
-2165
10
3397
6061
8591
11434
13609
15553
16765
18939
20727
21422
21415
22113
21891
20388
19793
19046
18662
15719
13561
12536
10267
7316
4594
2982
780
-3481
-6526
-8337
-11702
-15465
-19552
-21736
-24338
-27422
-28674
-29766
-29425
-29293
-28058
-25997
-24131
-22003
-20076
-17486
-15498
-14502
-13122
-11536
-9435
-8708
-7871
-6597
-5553
-3316
-2191
-387
15
2803
4551
5557
7031
9125
12053
11830
13185
17141
19887
20935
21003
24538
27047
26764
27026
28491
29944
26145
22759
21214
19744
13884
7251
4490
1742
-3256
-9086
-11848
-13135
-17370
-20897
-22129
-20901
-22393
-23986
-22668
-20315
-18562
-18702
-16012
-12817
-10197
-8082
-5518
-1906
491
2314
4813
7677
10810
12653
14208
17337
19506
21239
21832
23405
24268
23206
22711
21985
20928
17940
15136
13406
10979
8124
5478
3635
1191
-992
-3864
-5733
-7592
-11180
-14766
-18747
-20510
-23779
-27163
-28663
-29451
-30330
-30595
-28588
-25721
-24285
-22285
-19095
-15441
-12939
-11270
-9115
-7929
-6577
-6577
-6295
-5845
-5133
-3691
-3118
-1465
-497
2338
3755
5461
7327
9934
12806
12848
14817
17999
20735
21108
20842
24226
25976
26026
25449
27207
28191
24128
21258
20225
19704
13990
8003
5511
3021
-1851
-7874
-10671
-12468
-16881
-20610
-22093
-21040
-22664
-24136
-22962
-20027
-17280
-16417
-13038
-9833
-6394
-4352
-1845
2167
4490
6402
7155
9809
12315
13631
14668
16440
19516
21173
21524
23533
25312
25615
23784
22931
22152
19409
15423
12053
10545
6143
2235
-810
-1739
-4108
-8435
-10030
-11572
-13738
-17765
-20534
-21159
-24349
-27765
-29706
-29695
-30150
-31509
-29949
-27113
-25022
-23670
-20656
-16240
-13245
-11749
-9216
-6386
-4627
-3966
-3625
-3005
-3297
-2274
-2051
-1146
-1607
-231
1501
2327
4246
6351
9484
9973
11376
15206
18389
19652
19182
21982
25041
25179
24552
25619
27161
23633
19821
18262
18006
13158
6873
4527
3241
-1052
-6642
-9533
-10469
-14399
-18126
-19363
-18788
-20193
-22468
-21611
-19311
-17052
-16544
-13388
-9782
-6570
-3768
-509
3719
5794
7659
9523
12207
14168
15138
16050
17288
18551
19651
20426
22224
22849
22557
21721
21271
20627
18607
15966
13362
11453
7574
4144
324
-2366
-5633
-9718
-12247
-14268
-16489
-20005
-22622
-23661
-25398
-28382
-29551
-29151
-28825
-29591
-28655
-26075
-23880
-22474
-20449
-16700
-13935
-11738
-9995
-7316
-4986
-3819
-3290
-2102
-1501
-421
-754
-99
192
-66
1799
2000
3885
4499
6424
7935
7440
9785
13238
15763
16159
17919
22377
24015
23841
24465
26839
24926
21009
18272
17930
14439
7721
3843
1911
-861
-5813
-9540
-9708
-11554
-14649
-16723
-15933
-14976
-17541
-17780
-16354
-13691
-13538
-12679
-9581
-7091
-5181
-2944
530
3210
5205
7294
10201
12406
13937
14792
15591
16548
17874
18408
18967
19070
19288
18746
18597
18755
17465
15515
12444
11301
8869
6001
2996
694
-1929
-6315
-9457
-11656
-14078
-17887
-21079
-22753
-24132
-26991
-28735
-28997
-28533
-29002
-28675
-26417
-23915
-22465
-21031
-17766
-14578
-12884
-11407
-9107
-6663
-5900
-5543
-4144
-3399
-3239
-2539
-1507
-106
-578
484
2540
3486
4837
5234
8117
8022
7982
11281
14136
15625
14912
18413
22561
23793
23325
25454
27830
25013
22215
20874
20523
14865
7840
5190
3535
-625
-5822
-7987
-7571
-11028
-14558
-15258
-13334
-13505
-15175
-12705
-9267
-8364
-9455
-8078
-5695
-5189
-4578
-2422
639
2908
4253
7476
9904
11769
13306
15315
16270
17240
18330
18553
19728
19618
20042
18365
17460
16232
15196
13743
11203
10242
7734
5519
3676
1616
-1554
-5035
-7524
-10314
-13535
-16285
-19131
-21375
-23992
-26115
-27422
-28424
-28924
-29169
-27037
-25731
-23665
-22050
-19359
-15903
-13377
-12037
-11056
-8923
-7502
-6787
-6641
-5663
-5060
-3899
-2992
-2196
-870
-1535
1047
2177
3791
5750
7157
9450
8782
11160
13841
14837
15014
16070
20530
22270
22744
23973
26969
27079
24452
23658
22739
19731
13422
9233
7666
3574
-2258
-6790
-8172
-9784
-14015
-14897
-14573
-13214
-15145
-15025
-12207
-10668
-9886
-10753
-7820
-6709
-6054
-4596
-1995
369
521
2740
5874
8309
10227
12116
14586
15808
16621
18083
19558
19638
18827
18877
17920
17432
15061
13840
12024
10273
8554
5603
4328
1680
-1228
-4345
-6768
-8728
-12292
-15422
-17424
-19937
-22380
-25425
-27079
-28700
-29634
-29863
-29128
-27628
-25894
-23487
-20896
-17694
-15211
-12717
-10677
-7809
-5216
-3969
-3098
-2687
-2627
-3139
-2317
-1554
-1542
-1846
-1892
1613
2222
3807
5221
7339
8859
8193
11087
13685
14470
14002
15359
19213
20360
20809
21150
24114
23552
22164
21447
21327
18839
13002
9365
7258
2806
-2914
-7322
-8922
-11575
-15162
-15377
-14985
-13448
-15062
-13487
-12095
-10239
-9601
-8533
-6280
-5640
-4550
-3363
-1093
417
1253
3553
5966
7705
10311
11995
15146
15518
18154
18915
19577
19116
18540
18966
17300
16869
14178
12964
9822
8626
7033
5010
3099
38
-1979
-4686
-7463
-10045
-13380
-16006
-19340
-21408
-23609
-25966
-27610
-29113
-28674
-28977
-27862
-26959
-24570
-22255
-20102
-17337
-14848
-12312
-9671
-7156
-4785
-3401
-2808
-2509
-2441
-2033
-1598
-1003
-1152
-950
-1083
810
1135
2540
3640
5081
7400
8076
10951
12741
14196
15087
16694
20493
22298
22901
23432
25687
25665
23817
22051
21556
18962
14216
10819
8951
5168
207
-4137
-6333
-9468
-12765
-14031
-13882
-13277
-14465
-13856
-12479
-10865
-10142
-9217
-7438
-6796
-5798
-3756
-1715
-569
312
2635
5006
6490
8658
11527
14103
14824
16396
18672
19494
18107
18477
18999
18023
15552
14175
14078
11462
8205
6254
4670
1267
-2470
-4245
-5414
-9315
-12871
-15190
-17176
-20946
-24640
-26092
-27243
-29678
-30463
-29149
-27636
-27026
-25978
-22619
-19643
-17667
-15045
-11472
-8324
-6549
-5319
-2240
-925
-275
-191
232
518
225
327
766
739
434
1986
2207
3816
3893
5580
6727
6856
9245
11398
13941
15044
17235
20773
22724
23072
24033
26110
25858
23575
21832
21201
18870
14053
10128
8561
4919
857
-3991
-5690
-7967
-10820
-12655
-12913
-12087
-13553
-13411
-12525
-11014
-10632
-10187
-8871
-8053
-6238
-5246
-3919
-2425
-754
2080
3239
5241
8049
10835
12896
13514
16420
17632
17897
17260
18032
18377
17033
15095
13959
13014
10097
7784
6230
4170
1344
-2081
-3426
-6109
-9783
-12434
-15137
-17166
-21077
-22984
-23987
-26200
-28072
-28403
-27114
-26721
-26470
-24269
-20729
-18023
-16532
-13142
-9446
-6872
-5590
-3822
-889
-325
-240
-444
782
912
782
742
1098
127
-428
808
1390
2849
2728
5137
6854
7582
10745
12953
15075
14964
17300
21308
22741
23054
24452
26849
25973
23662
22052
21747
18751
13272
10090
8511
5041
251
-4449
-5689
-8983
-11790
-13544
-13279
-12686
-14275
-13978
-13552
-11745
-11692
-11220
-10035
-8860
-6863
-5814
-4210
-2524
156
2298
3320
5670
8661
11365
12683
14096
17464
18372
18239
17908
19394
19020
16796
15040
14161
12581
9485
8104
6354
3686
541
-1487
-3013
-6636
-10277
-12643
-15402
-18909
-22457
-24113
-25935
-29087
-30536
-29778
-28326
-28449
-26798
-23400
-20153
-18363
-16199
-12264
-8970
-6876
-4862
-2508
-224
-150
539
800
1464
832
574
1147
1129
347
-543
1355
1330
1913
1293
3890
5917
6439
9050
12162
14852
14478
16630
20915
23089
22274
22893
25777
25856
22598
20587
20464
18016
12356
8571
8284
5458
615
-4218
-4594
-7111
-10424
-12599
-11656
-11468
-13970
-14600
-14079
-11979
-12759
-12482
-11194
-9563
-8519
-7386
-5381
-3297
-2035
44
1631
4155
6635
8790
11138
12297
15244
15699
17073
17004
17676
17577
16256
15001
13365
12342
10091
8300
6057
4099
2094
-1503
-3676
-7213
-9973
-12837
-16579
-18634
-22267
-24154
-26827
-28253
-28803
-29022
-28488
-28333
-26249
-24207
-21267
-18789
-15750
-12306
-9927
-7065
-4720
-2155
-64
218
1238
814
1700
1362
2130
2015
1209
663
-436
1986
1606
2737
2592
4760
6639
6578
9059
11342
13717
13851
16530
21681
23509
23459
24287
27396
26904
23396
22142
21538
19238
13087
9507
8824
5440
1054
-3404
-3562
-6113
-9459
-11045
-10338
-10298
-13096
-13298
-12097
-10770
-11756
-12023
-10723
-9888
-9082
-7550
-5098
-2730
-2133
-182
1227
3769
6146
8002
10320
11231
14401
15652
16323
16504
16667
17041
16203
15423
14680
13322
10504
8759
6803
4520
2064
-1125
-2659
-6042
-9100
-11672
-14930
-16915
-20519
-22115
-24359
-25835
-26506
-27038
-26116
-26032
-24190
-22060
-19080
-16088
-13843
-10700
-8415
-5831
-3945
-1999
364
649
1488
759
1875
1640
1634
1716
1084
691
-781
1116
1283
1827
1638
3400
5599
5405
7873
10896
13534
14221
16357
21359
23248
23264
24261
27394
27734
24608
23439
23324
21383
14988
10768
10025
6778
2314
-2775
-3134
-5608
-9257
-11244
-10759
-10741
-13530
-14093
-13358
-12029
-12588
-12828
-11688
-11152
-10429
-9335
-7396
-5006
-3721
-1051
420
3399
5938
8650
10700
11562
14232
15641
16631
16246
17141
17491
17011
15799
15137
14359
11417
9237
7945
6157
3314
-369
-1944
-4683
-8208
-11301
-14022
-16424
-20315
-22453
-24396
-25894
-27400
-27634
-26351
-25764
-24244
-22329
-19330
-16807
-14585
-11366
-8402
-5377
-3483
-1628
60
968
2042
1749
1778
1292
737
1153
-382
-136
-2366
-1535
-1374
-1257
-663
-710
2536
2708
4974
8200
11656
13425
14333
18519
21857
22818
23018
25715
27596
24611
22821
21858
21087
16171
11093
10703
8246
4635
-426
-1967
-3419
-7479
-9914
-10794
-10363
-12899
-14856
-14902
-14529
-14205
-15284
-14232
-13623
-12551
-11051
-10193
-7826
-6726
-4217
-2033
757
4020
6234
8782
10587
12960
15386
15788
16512
17408
17997
17837
16814
16241
15526
13827
11897
10386
7680
4823
1703
-1106
-3875
-8004
-10979
-13961
-17562
-20400
-22953
-24243
-26195
-27336
-28148
-28071
-27537
-26524
-24112
-21891
-19095
-16774
-13583
-10386
-7597
-5602
-3608
-1415
481
1269
1389
1467
1525
196
633
-374
-383
-1916
-3128
-1007
-2225
-1025
-1813
710
2070
2432
6185
9846
12304
12980
15926
20850
23208
23561
25151
27447
26079
23378
22130
22060
19302
13302
10861
9338
6391
1991
-1378
-1778
-4809
-8363
-9710
-10097
-11375
-14880
-15269
-15011
-14861
-15642
-15620
-13889
-13568
-11863
-10476
-8106
-6835
-5094
-1812
229
2952
5259
8235
10405
12289
15159
16922
17956
17771
18658
18648
17686
17013
16255
16397
13812
11980
9782
7511
4597
1061
-1623
-4873
-8650
-12313
-14930
-17542
-19849
-22666
-24393
-25145
-25926
-25929
-25032
-23430
-21588
-20278
-17445
-14705
-12034
-9831
-7076
-4791
-2814
-778
1155
3187
3157
3608
2847
2309
807
474
-775
-1671
-4182
-4458
-3630
-4281
-3695
-4051
-908
805
2272
5852
9575
12293
14003
17769
22453
24152
24554
26214
28626
27320
25180
24245
23374
20210
14990
12982
11492
8063
4228
887
-84
-4488
-7534
-9360
-10063
-12248
-16033
-16831
-17198
-16916
-17945
-17456
-16900
-16024
-13927
-12393
-10086
-8674
-6155
-2523
-284
3452
5581
8073
9776
11871
15416
16174
17247
18038
20609
20051
19383
18857
18611
17727
14094
13480
10383
8015
4360
1648
-445
-5286
-9232
-12441
-14511
-18140
-21590
-23659
-25281
-26188
-26875
-25962
-24660
-23556
-21487
-19699
-16614
-14882
-12255
-9659
-7373
-4599
-2738
170
1826
3365
4101
3759
3604
2694
1462
938
-1492
-3080
-5787
-6251
-5678
-6763
-6251
-6173
-2910
-1602
395
4507
8864
10924
12489
17134
20859
22681
22382
25371
27734
25944
24167
23801
23636
19701
14980
13926
12303
8377
4065
1171
249
-3688
-6656
-8888
-10161
-12990
-16183
-16787
-17103
-18027
-19597
-20016
-19160
-18161
-16446
-14786
-12480
-9748
-6956
-3892
-1329
2335
4632
7242
9419
12245
14738
15889
17129
18834
20018
19587
20118
19863
19514
17183
15527
14243
11577
8188
4430
1652
-2575
-6625
-10184
-12873
-16635
-20374
-22489
-24274
-25320
-26798
-26900
-26253
-25444
-23932
-21960
-19488
-16798
-14203
-11465
-9476
-6561
-4529
-2166
-341
1430
3130
3517
3763
3105
2753
941
840
-1455
-2493
-5622
-5741
-5911
-7558
-7063
-6867
-3633
-2489
-357
4567
8285
10747
12902
16741
21145
22101
23140
25592
27589
26227
25166
25389
24744
21391
16456
15340
13188
9227
4999
1849
560
-3927
-6981
-8957
-10390
-13357
-16820
-16774
-17404
-18150
-19986
-20392
-18971
-18327
-16236
-14608
-11812
-9670
-7360
-3527
-904
3060
4915
8475
10978
13755
16315
17464
19495
19823
21616
21365
21852
21262
19812
18637
15952
14471
11611
8258
5005
798
-2908
-6538
-10289
-13526
-17439
-20321
-22590
-24140
-25904
-26483
-26479
-25744
-24841
-23820
-21396
-18740
-15497
-13234
-10911
-8440
-5460
-3029
-504
1291
3319
3954
4469
4543
3860
3165
1045
323
-1792
-3008
-5565
-5485
-5421
-6182
-6388
-6336
-3836
-2145
-659
3320
7176
10167
12305
15613
20292
22372
23628
24924
27658
26832
25937
24477
24169
21780
17376
16058
14299
11330
6677
3195
1923
-2044
-5877
-8950
-10500
-12845
-16459
-17386
-18340
-18658
-20584
-21153
-20357
-19599
-18070
-16680
-13709
-11682
-8431
-5117
-2313
1406
4121
8153
11018
13404
16377
18428
20053
20873
22435
22509
22074
20633
20431
20101
17404
14916
11595
9053
5635
328
-3161
-6657
-9827
-13727
-17576
-18978
-21687
-23986
-26108
-25825
-25909
-25664
-25529
-23670
-21233
-19226
-15862
-13101
-9976
-7726
-4936
-1940
271
2032
4021
4980
5866
5354
5020
3481
1622
403
-1840
-3104
-6428
-5774
-5794
-6023
-6429
-6248
-3346
-2132
-353
3555
7200
9952
11736
15804
19910
21337
21361
23366
25390
24832
24015
23368
23548
20754
17411
16426
14121
10639
5661
3013
1476
-2830
-5957
-9153
-10492
-13552
-16799
-17975
-18812
-19893
-21505
-21001
-19953
-19077
-17816
-15677
-12940
-11391
-8832
-5414
-2519
1425
3915
8412
10869
13753
16731
18609
20531
22027
23042
22744
22379
21177
21201
19167
16472
13685
10165
7021
2938
-1715
-4195
-8193
-10862
-14723
-17738
-19950
-22846
-24463
-26242
-26514
-27234
-26617
-26350
-24063
-21623
-19153
-16459
-14093
-10657
-7724
-4828
-1844
1200
3152
4638
5254
6329
6069
5700
3340
2929
1091
-91
-2141
-4020
-2615
-4893
-3996
-4403
-1392
865
1226
4817
8161
11046
11565
14102
17821
19850
20219
21429
24221
24886
24019
24154
23802
22781
18195
16152
14798
11260
7271
2466
1567
-1881
-5593
-9001
-10470
-12047
-15872
-17880
-18025
-17909
-19546
-20573
-19204
-17919
-17045
-16577
-14112
-11319
-10199
-6600
-3654
692
2989
5696
10001
12343
15164
17133
20437
22144
24046
23867
24080
23040
20874
19906
16325
13802
10109
6879
3164
-626
-3606
-6227
-9972
-13030
-16171
-18658
-21398
-23732
-25330
-26357
-26641
-26906
-25839
-24953
-22626
-20821
-18237
-16011
-13774
-10661
-7944
-4633
-2092
392
2416
3604
3860
3970
3657
2798
1796
-217
-510
-2704
-3195
-2548
-2334
-1333
-1668
814
3411
4436
7151
9506
11712
12172
14358
17109
19071
19193
20197
22727
22588
21814
20345
19689
17941
14238
11566
9671
6976
2656
-1187
-2910
-5239
-8558
-12518
-13575
-14881
-16824
-18181
-18608
-17132
-17837
-18230
-16925
-14906
-13616
-13722
-11604
-9062
-6837
-5543
-2975
611
3365
6078
9724
13570
15662
17707
19361
22571
23195
23015
22492
21667
20565
17711
14957
11835
9037
4729
1546
-1869
-4768
-8335
-11629
-13903
-16339
-19301
-21996
-23430
-24654
-25519
-26347
-25894
-25300
-24808
-23701
-21163
-18593
-16431
-14289
-10872
-7515
-5032
-3021
-619
2146
2655
3051
3303
3933
4214
2172
2223
1164
1069
1184
624
2347
2600
4410
6421
8494
11713
13514
14957
15894
18123
20137
20993
21314
21888
23434
22296
21461
20202
19034
16540
12834
11242
9471
6131
2130
-1249
-3071
-6032
-9352
-11518
-13459
-15264
-16864
-16497
-15992
-15646
-15955
-14387
-12567
-11180
-9486
-8094
-5944
-4722
-2362
558
2659
4599
6698
9342
11813
13819
16375
18032
19572
20584
21905
21815
20776
20127
18302
16565
13251
11048
7771
4052
275
-2912
-6274
-10382
-13481
-15457
-17115
-19567
-21777
-23130
-23736
-24771
-25662
-25765
-24680
-23944
-22841
-21186
-18615
-16494
-14752
-11925
-8815
-5890
-3664
-1920
-17
606
690
787
2416
2594
2792
1602
2364
4133
3955
4740
4746
7203
8225
9227
12119
15713
17962
18554
20332
23625
25774
25109
23887
24639
23813
21619
19401
17956
16219
11486
7917
6126
3711
-588
-5353
-7221
-9060
-11394
-14351
-14728
-15064
-16148
-16408
-15788
-13835
-14018
-13283
-11830
-9199
-7460
-6708
-4359
-1601
1135
3458
5387
8445
10273
11906
14060
16484
17574
17114
17051
17687
18590
16330
15427
13888
12907
9840
6925
5067
2426
-1062
-4938
-6523
-8750
-11603
-14916
-16914
-18104
-20470
-22968
-23797
-24807
-24845
-25859
-24867
-23801
-22725
-21729
-20048
-17035
-15392
-13692
-12490
-9471
-7564
-6469
-5878
-4581
-3275
-3081
-1583
-355
1581
1123
2531
5317
7105
8046
8405
11098
12726
13249
15383
17755
19456
19255
21029
24005
25077
24533
24110
25785
25580
23836
22113
20094
17152
12342
8897
5778
1331
-4288
-9032
-11632
-14722
-17207
-19571
-19740
-19398
-19067
-17707
-16219
-14124
-12631
-10668
-8468
-6327
-4177
-3081
-1036
1289
3565
6180
8050
11247
13692
15929
17561
18935
20410
20581
20430
19871
18482
15660
12369
9254
5854
2082
-1768
-4397
-7034
-9797
-11367
-13594
-14789
-17199
-18793
-19498
-21245
-21852
-23952
-24519
-25657
-26682
-26428
-26308
-24875
-23741
-21661
-18992
-16419
-14066
-11725
-9100
-7243
-5470
-4857
-3977
-3924
-4061
-4018
-3956
-3152
-3193
-1090
1529
4234
6789
9044
13182
16213
18829
21350
23588
24953
24786
26110
27112
27363
25520
25578
26368
25830
23706
21832
20806
18250
14041
10735
7742
3748
-1562
-6279
-9440
-13770
-17360
-21124
-21698
-23114
-23250
-22232
-20593
-18201
-16063
-11899
-8015
-4173
-988
2795
6535
9595
11971
14735
16782
18395
19590
21599
23178
23810
23970
24292
23878
22259
20273
17629
14797
9417
4853
-159
-4047
-8911
-13621
-16815
-20164
-22210
-23978
-24897
-25033
-25574
-25766
-25202
-24948
-24321
-24353
-24221
-23942
-23375
-22477
-21065
-19562
-17456
-15198
-13245
-10448
-8019
-5968
-4487
-3753
-2275
-1013
-766
-161
-451
-224
732
1255
2655
3538
6207
9403
12168
15660
19282
22759
24414
26729
29213
31182
30621
29014
29125
28153
25742
23161
20780
18600
14910
11316
9302
6716
2811
-1779
-4742
-7952
-11475
-15321
-17972
-19961
-21892
-22473
-22172
-20912
-20093
-18151
-14997
-11075
-6648
-2803
2195
7205
11412
15661
18543
22327
24787
26426
28523
29386
29854
28639
27572
26586
24186
20299
16717
13732
9279
4619
-836
-4719
-10024
-15038
-19201
-22517
-24855
-27990
-29884
-31472
-32097
-32501
-32269
-31367
-29548
-28191
-26509
-24773
-22172
-20176
-18337
-16455
-13922
-11634
-10423
-8819
-6807
-5262
-4373
-3461
-1134
-125
377
870
1446
4144
4482
5892
6495
7941
9624
10426
12518
14783
16720
17821
19326
21578
23317
23807
23892
25253
25738
24858
23321
21306
19400
15417
11816
9035
6197
2507
-2159
-4642
-6846
-9569
-12619
-14849
-15636
-17196
-18008
-17878
-16628
-15426
-14651
-12611
-10440
-7463
-5364
-1840
2135
5450
9267
12202
16726
20153
23284
26122
27866
29393
29551
28988
27868
26094
23599
19845
15605
11262
6747
1275
-4118
-8726
-12796
-16974
-21121
-23617
-25538
-27592
-29218
-30267
-30842
-31737
-32522
-32019
-31467
-30663
-29147
-27187
-24154
-22039
-19448
-16490
-13752
-10942
-8377
-5520
-3265
-1841
-1008
694
1340
1989
2009
2618
4317
4597
5684
6709
8730
10566
11693
13341
15368
16539
16843
17887
19427
20311
19682
19404
20442
20901
19806
18645
17844
16735
13906
11788
10022
7558
4149
6
-1992
-4664
-7355
-10111
-11897
-13085
-14823
-15480
-15151
-14157
-12927
-11148
-8858
-6434
-4255
-1542
1613
4871
7628
10175
12719
15142
17421
19425
21184
22818
24073
24607
24681
24332
23331
21403
18843
16160
13056
9012
4653
101
-4128
-8886
-13126
-16787
-19957
-22903
-25483
-26961
-28188
-29281
-30238
-30738
-30637
-30367
-29716
-28966
-28038
-26658
-25505
-23392
-21584
-18675
-16073
-13043
-9986
-7432
-4739
-2775
-128
1754
3537
4042
5231
6420
6706
7087
7035
8559
9511
10360
12495
14516
15889
16210
18029
19949
20782
20368
20619
21693
20738
18918
17534
16387
14023
10858
8756
7344
5037
1618
-556
-1951
-4057
-6370
-8260
-8706
-9982
-11759
-12164
-12260
-11910
-12167
-10706
-8446
-6239
-4111
-2013
1767
4834
7731
10890
13854
16685
18415
19994
21939
23250
23441
23114
23215
22493
20736
17813
15716
13216
9889
5856
2459
-942
-5428
-9719
-13447
-16353
-19675
-22553
-24303
-25436
-26944
-28173
-28757
-28777
-28694
-28617
-27538
-26169
-25128
-23724
-22293
-20587
-19620
-18259
-16775
-15219
-13374
-11994
-9696
-7266
-5015
-2560
-961
1522
4425
5750
7780
8767
10720
12023
12449
14272
15650
16413
16110
16936
18450
19336
19071
19496
20926
20872
19903
18936
18222
16690
13804
11779
9974
7774
4424
1010
-772
-3625
-5729
-7862
-8834
-9156
-10462
-10364
-10048
-9570
-9200
-8500
-6583
-5065
-3196
-1515
873
3422
6141
9016
11027
14087
16546
19196
20546
22066
23168
23513
23355
22313
21567
18891
15938
12629
9404
5914
1886
-1456
-4745
-8108
-11478
-14491
-17297
-20140
-22373
-23974
-25108
-25999
-26850
-27196
-27099
-26493
-25653
-24535
-23574
-21851
-20140
-18458
-16835
-15500
-13834
-12580
-11035
-9366
-8184
-6917
-6165
-4657
-3775
-3125
-1203
1
2162
3091
4871
7174
8342
10419
12443
14466
14792
15099
16091
16773
16775
16549
17556
17653
17156
16736
16602
16053
14343
13132
11813
9899
7402
4717
3175
929
-1155
-3019
-4777
-5412
-7254
-7947
-8273
-7599
-6981
-6580
-5351
-3714
-1543
-691
1051
3323
5204
6786
8079
10905
13048
14283
15691
17323
18740
18555
18580
18565
18289
16273
13844
11973
9257
6489
2762
72
-3202
-7000
-10672
-13861
-16264
-19209
-21610
-23174
-23900
-24502
-25141
-25323
-25079
-24960
-24526
-23396
-21896
-20703
-19460
-18007
-16119
-14490
-13397
-11765
-10104
-8412
-7356
-5980
-4153
-2540
-1929
-617
1297
2176
3640
4513
6542
7757
7970
9530
10589
11648
11661
12612
14154
14795
14793
15086
16530
16490
15933
15410
15067
14050
11960
10803
9907
8483
6362
4294
3319
1563
-24
-1644
-2583
-3185
-4559
-4962
-5515
-4966
-4652
-4081
-3269
-2527
-965
-65
1864
3429
5249
6971
8504
10942
12590
14349
15389
16401
16952
16596
16094
14787
13816
12001
9911
7717
5092
2764
-627
-3212
-6329
-8621
-11433
-13880
-15627
-17678
-18900
-20955
-22046
-23018
-24079
-24601
-24734
-24244
-23869
-23347
-21991
-20552
-18614
-17327
-14943
-13240
-11626
-10186
-8716
-6969
-6277
-4844
-4066
-2483
-1971
-475
1559
2654
4416
5304
7300
8430
8667
10253
11074
11872
11690
12250
12933
12726
12198
12174
12920
12344
11927
11647
11866
11077
9727
9188
8270
6779
4803
3577
2598
515
-964
-2139
-2594
-3559
-4413
-4089
-3532
-2921
-2463
-719
582
1974
2921
4337
6166
6814
7600
8857
10069
11488
12217
13634
15101
15717
16268
16213
16193
15272
13833
12120
10228
7520
4420
1126
-1739
-4737
-8013
-11025
-13447
-15756
-17788
-19504
-20593
-21653
-22847
-23084
-23155
-22808
-22510
-22033
-21092
-20085
-19268
-17775
-16356
-14929
-13543
-11914
-10167
-8401
-6852
-4955
-3140
-1896
-438
-147
1335
2141
3196
4504
5512
7385
8443
10101
11697
12707
13378
13622
14460
14582
14450
13998
13667
13358
12203
11675
10946
10300
8627
7418
6638
5588
4455
3026
2295
1380
-124
-1009
-1993
-2585
-3869
-4683
-4576
-4470
-4142
-3814
-2065
-603
735
2036
3790
6097
7549
8861
10245
11726
12658
13205
14507
15438
15979
15701
16081
16094
15150
13815
12104
10953
8446
5463
2310
-439
-3395
-6841
-9785
-12355
-14866
-17946
-20652
-22013
-23438
-24776
-25784
-25610
-25109
-25231
-24573
-23646
-22435
-21775
-20407
-18502
-16410
-14635
-12569
-10348
-8465
-7060
-5217
-3211
-1392
-215
1382
3449
4479
6145
6895
8692
9546
10207
11412
12441
13314
13074
13770
14038
14043
13061
12490
12328
11283
9995
8917
8229
7151
5644
4837
4174
3095
1626
802
633
-677
-1468
-2601
-2860
-3346
-3888
-3628
-3326
-2810
-2528
-1395
-363
1430
3105
4711
6390
7757
9262
10692
11753
13122
14020
14630
14887
15302
15290
14977
14350
13619
13115
11323
9903
8122
6263
3895
904
-1997
-4693
-7436
-10407
-12849
-15180
-17212
-19557
-21277
-22340
-23337
-24371
-24986
-25013
-24637
-24560
-24078
-23357
-22474
-21513
-20259
-18196
-16415
-14802
-13041
-10827
-8681
-6980
-4785
-2339
328
2402
4286
6494
8214
10366
12062
14071
15748
16473
17111
17244
17778
17391
16624
15907
15115
14172
12254
10607
9235
7373
5235
3312
2278
980
-629
-1926
-2296
-2817
-3817
-4302
-4681
-4730
-5206
-5612
-5238
-4752
-4083
-3406
-2146
-697
672
2014
3714
6082
7762
9407
11108
12885
14240
14719
15280
15516
15402
14618
14213
13836
12645
10846
9146
8143
6275
4134
2009
40
-2268
-5354
-7802
-10116
-12526
-15193
-17449
-18638
-19897
-21337
-22269
-22434
-22572
-23193
-23258
-22800
-21843
-21595
-20729
-19615
-18457
-17620
-16745
-14783
-12844
-10735
-9440
-7151
-5127
-2935
-827
1274
4132
5875
8193
10546
12708
14646
15814
17262
18548
19685
20662
20719
20696
20443
19767
18468
16673
14452
12001
8996
6272
3973
1436
-645
-2519
-3577
-4398
-5726
-6139
-6308
-6226
-6298
-6302
-5658
-5127
-4431
-3689
-2422
-1294
233
1674
3206
5003
6671
8686
10473
12255
13978
15219
16240
16854
17270
17128
16630
15801
14753
13069
11108
9016
6710
4378
2177
200
-2079
-4653
-7052
-8941
-11181
-13010
-14839
-16268
-17961
-19530
-20627
-21413
-21924
-22197
-21999
-21557
-21229
-20467
-19771
-18751
-17686
-16591
-14987
-14200
-12255
-11284
-9290
-7793
-6041
-3528
-2173
92
1586
3902
5923
7602
9830
11626
13304
14160
15398
16522
17345
18010
18123
19019
18871
18141
17347
16122
14914
12260
10221
8204
5899
3777
1283
44
-2240
-3793
-5628
-6481
-7045
-8007
-7608
-7613
-6439
-6100
-4914
-3549
-2403
-984
9
1601
2759
4133
5607
7296
9334
10413
11692
12682
13660
14405
14480
14834
14306
13814
12412
11269
9725
7547
5372
3115
1449
-1416
-3958
-6383
-8551
-10707
-12870
-14355
-15960
-17490
-18701
-19505
-19832
-20543
-20578
-20477
-20140
-19824
-19527
-18627
-18152
-17109
-16389
-14931
-13300
-12067
-10150
-8777
-6397
-4700
-2773
-650
1193
3316
4652
6617
8122
9656
10592
11512
12978
13536
14350
14806
15769
16245
16009
15895
15201
14675
13366
12323
11290
9524
8046
6172
4942
3203
1274
-261
-1798
-2689
-3722
-3982
-4199
-3853
-3307
-2840
-1886
-1686
-1069
-523
351
1380
2176
3555
4448
5613
6655
7676
8572
8844
9481
9751
10067
9937
9910
9738
9203
8481
7259
6156
4234
2518
836
-900
-2631
-4906
-6416
-8252
-10068
-11465
-12962
-14158
-15596
-16612
-17396
-18255
-18921
-19593
-19396
-19317
-18987
-18495
-17455
-16467
-15617
-14328
-13368
-11539
-10370
-8442
-6868
-5592
-3993
-2689
-594
1188
3212
5213
6829
8477
9504
10536
11239
11588
11849
11759
11726
11435
10989
10473
9668
8992
8176
7344
6429
5940
5114
4508
3919
3484
3130
1948
1464
633
55
-918
-1190
-1161
-1287
-871
-208
1104
2365
3703
5300
6914
7990
8614
9050
9504
9551
9273
8822
8564
7725
7036
6168
5409
4787
3797
3311
2394
1897
1017
91
-614
-1735
-2715
-4097
-5455
-6658
-8081
-9230
-10415
-11339
-12275
-12951
-13686
-14203
-14575
-15002
-14894
-15214
-15078
-15197
-15179
-15321
-15096
-14550
-13658
-12649
-11475
-9671
-7984
-5843
-3915
-1799
-32
1421
2761
4290
5746
6877
7962
8905
9594
10128
10312
10435
10566
10289
10009
9457
8990
7857
7052
5953
5108
4136
2750
2117
1408
1098
644
592
630
594
1020
1343
2006
2464
2918
3916
4463
5296
5627
6144
6816
7365
8299
9280
10618
11571
12211
12809
13198
13190
12670
11939
11149
10031
8316
6579
4683
2768
795
-1100
-2514
-4166
-5653
-6808
-7482
-8034
-8713
-9089
-9344
-9616
-10340
-11112
-11512
-11933
-12283
-12601
-12805
-13034
-13623
-14052
-13776
-13441
-13306
-13066
-12197
-10979
-10164
-9212
-7769
-6218
-5034
-3999
-2626
-1127
119
1241
2830
4191
4989
5572
6476
7487
7754
7841
7932
8040
7804
7187
6685
6247
5395
4475
3549
2925
1981
804
-23
-684
-1040
-1695
-1644
-1795
-1468
-1182
-544
46
755
1637
2465
3305
4003
5063
6022
7425
8404
9613
10528
11490
11946
12693
13313
13816
13883
13681
13125
12246
11342
9887
8874
7421
5836
3972
2338
778
-1004
-2378
-3395
-4665
-5846
-7176
-8087
-8858
-9396
-10032
-10798
-11272
-11694
-11779
-11837
-12015
-12456
-12840
-13049
-13082
-12811
-12524
-12309
-11876
-11433
-10761
-10354
-9396
-7920
-6380
-5068
-3729
-2385
-1274
-193
987
2431
3371
4053
4624
5264
5441
5473
5388
5521
5560
5500
5384
5059
4500
3991
3446
2949
2396
1451
915
-7
-390
-1001
-1201
-1113
-1234
-1170
-1134
-777
-488
72
799
1893
2764
3745
4682
5808
6794
7448
8278
9233
9988
10535
11141
11741
12164
11958
11775
11438
11024
10406
9908
9209
7966
6506
4992
3711
2282
890
-568
-1783
-3210
-4778
-6200
-7387
-8520
-9286
-9919
-10601
-11389
-11944
-12281
-12447
-12141
-11963
-11796
-12089
-12100
-12199
-12058
-11977
-11478
-11002
-10431
-9789
-8938
-7888
-6765
-5493
-4576
-3608
-2856
-1753
-1128
-142
884
1776
2479
3011
3647
4026
4299
4515
4664
4776
4459
4099
3698
2989
2772
2422
2517
2259
2116
1781
1503
1251
734
838
445
401
361
267
397
463
943
1202
1562
1907
2716
3632
4444
5606
6582
7728
8633
9523
10261
10541
10793
10929
11122
10810
10400
10038
9521
9367
9030
8492
7382
6130
5105
4284
3485
2577
1533
256
-1166
-2605
-3723
-4845
-5839
-6703
-7578
-8533
-9462
-10244
-10790
-11166
-11281
-11561
-11953
-12164
-12243
-12014
-11547
-10762
-9805
-8837
-7957
-7052
-6147
-5334
-4251
-3256
-1945
-1240
-727
-440
-249
136
349
1075
1547
2008
2327
2598
2990
3319
3508
3458
3323
3108
2794
2904
2925
2728
2480
2047
1849
1095
653
466
348
214
147
313
28
-221
-90
203
725
1030
1549
2216
2700
3407
4133
5128
5912
6563
7072
7659
8351
8971
9577
10058
10223
10097
9727
9378
9170
9170
9153
8642
8161
7274
6295
5106
4042
2870
1315
-385
-2034
-3528
-5063
-6297
-7229
-8179
-9351
-10326
-11095
-11883
-12778
-13227
-13417
-13492
-13317
-13029
-12734
-12251
-11559
-10506
-9497
-8419
-7274
-6195
-5242
-4256
-2988
-2027
-1266
-394
384
1005
1482
1975
2407
2613
2749
2834
2914
2813
2696
2514
2245
1820
1570
1297
841
557
447
218
-210
-614
-878
-1198
-1486
-1640
-1437
-1232
-1067
-900
-755
-461
-166
378
1028
1919
2903
3741
4693
5655
6834
7905
8710
9430
9840
10055
10259
10563
10690
10790
10910
11000
11036
10928
10963
10625
9951
8917
7736
6647
5320
4237
3049
1973
878
-594
-2110
-3600
-4835
-6286
-7676
-8961
-10003
-10864
-11513
-12012
-12317
-12345
-12304
-11958
-11810
-11766
-11633
-11013
-10128
-9207
-8158
-7024
-5984
-4999
-4075
-3109
-2207
-1172
-181
538
1080
1698
2366
2964
3341
3511
3374
3004
2720
2320
1845
1200
531
-105
-865
-1453
-1752
-1938
-2091
-2463
-2632
-2808
-2934
-2807
-2586
-2629
-2772
-2735
-2330
-1947
-1458
-549
222
1164
1836
2569
3452
4214
5094
6014
7191
8359
9325
9813
10266
10342
10457
10287
10207
10272
10384
10211
9800
9694
9504
8919
8039
7208
5866
4552
3257
2573
1671
684
-145
-1243
-2406
-4140
-5618
-6746
-7763
-8659
-9315
-9480
-9698
-9960
-10143
-10338
-10444
-10175
-9862
-9609
-9068
-8320
-7402
-7036
-6696
-5868
-5183
-4393
-3624
-2694
-2069
-1742
-1166
-468
191
318
390
452
510
609
600
616
499
106
-390
-1164
-1674
-2068
-2482
-2880
-2788
-2501
-2630
-2672
-2592
-2610
-2934
-3226
-3193
-2824
-2647
-2456
-1902
-1206
-722
-173
699
1721
2715
3645
4642
5618
6447
7124
7743
8292
8637
8961
9086
9103
9191
9072
8910
8624
8371
8097
7707
7377
7073
6747
5999
5320
4740
3998
3158
2413
1495
332
-693
-1595
-2310
-2818
-3463
-4254
-5151
-5920
-6524
-6923
-6994
-7048
-6855
-6869
-6804
-7008
-6940
-6564
-6270
-5887
-5702
-5352
-4951
-4465
-3918
-3344
-2777
-2149
-1629
-1156
-1001
-1091
-1321
-1322
-1248
-1272
-1296
-1502
-1597
-1921
-2106
-2362
-2523
-2507
-2705
-2787
-2818
-2870
-3102
-3107
-3220
-3409
-3241
-3044
-2797
-2554
-2420
-1979
-1808
-1514
-938
-479
327
916
1621
2538
3493
4305
4942
5506
6016
6639
6954
7072
6989
7283
7700
7906
8200
8217
8059
7434
6834
6485
6273
5900
5366
4729
4294
3778
3295
2794
2367
1881
1150
643
-20
-370
-913
-1239
-1329
-1545
-1893
-2244
-2402
-2810
-3196
-3312
-3328
-3173
-3277
-3215
-2963
-2712
-2690
-2764
-2353
-2048
-1981
-1851
-1440
-1378
-1195
-1142
-987
-1025
-1250
-1340
-1606
-1561
-1875
-2290
-2692
-2802
-2870
-2846
-2726
-2519
-2761
-2971
-2887
-2908
-3088
-3624
-3829
-3754
-3680
-3494
-3042
-2796
-2407
-2427
-2259
-1723
-1323
-821
-530
9
591
1142
1637
2468
3437
4322
4985
5532
5948
6192
6139
6367
6898
7400
7676
7507
6981
6383
5936
5561
5488
5103
4614
3889
3207
2668
2270
1985
1832
1670
1285
558
-322
-1109
-1585
-1723
-1796
-1882
-2044
-2295
-2427
-2182
-1854
-1594
-1790
-1835
-1839
-1839
-1708
-1422
-1140
-937
-657
-449
-294
-407
-499
-241
-143
-231
-441
-672
-697
-749
-796
-878
-1305
-1937
-2771
-3445
-3791
-4010
-4145
-4299
-4586
-4569
-4689
-4971
-5137
-5415
-5439
-5431
-5401
-5325
-5244
-4911
-4367
-3765
-3314
-2913
-2714
-2465
-2236
-1660
-896
-205
406
976
1671
2185
2735
3282
3809
4090
4306
4739
5403
5732
5890
6087
6074
5812
5423
5213
5110
4846
4486
4181
3610
2911
2381
2044
1741
1395
1095
647
193
14
-281
-527
-519
-409
-136
136
263
32
-294
-454
-470
-343
-293
-127
-107
-58
163
202
589
916
1114
941
695
362
114
340
626
976
758
342
-187
-469
-739
-1127
-1521
-1958
-2449
-2951
-3374
-3616
-3957
-4293
-4532
-4668
-4873
-5145
-5272
-5355
-5045
-5004
-4983
-4779
-4541
-4267
-3994
-3429
-2849
-2154
-1665
-1440
-1248
-1068
-765
-395
328
1048
1659
2218
2717
3350
3740
3932
4215
4320
4346
4362
4619
4806
4894
4891
4647
4296
3940
3787
3649
3382
3118
2972
2881
2758
2543
2212
1737
1126
611
252
-369
-649
-627
-562
-525
-475
-261
-238
-130
25
248
317
485
802
917
830
767
693
662
847
1007
1129
929
567
120
-189
-333
-448
-517
-653
-782
-1197
-1749
-2154
-2501
-2674
-2942
-3211
-3220
-3342
-3450
-3333
-3135
-3025
-2949
-2931
-3054
-3237
-3578
-3719
-3613
-3627
-3353
-3247
-2904
-2641
-2394
-2185
-1917
-1516
-1099
-650
-215
94
433
722
1066
1516
1734
1939
1993
1994
2146
2358
2468
2612
2541
2705
2983
3372
3818
3715
3611
3424
3218
2678
2277
2174
2111
2078
2100
2222
2365
2403
2243
2233
2226
1974
1686
1399
1186
1142
927
838
728
953
1178
1427
1665
1836
1793
1468
1332
1305
1527
1876
2033
1915
1507
1095
616
95
-386
-753
-944
-1346
-1697
-2187
-2375
-2611
-2867
-3187
-3571
-3542
-3623
-3535
-3482
-3557
-3869
-4012
-4069
-3922
-3576
-3265
-2704
-2313
-2017
-1792
-1576
-1450
-1339
-1187
-1265
-1476
-1423
-1215
-1008
-628
-102
137
389
541
581
717
886
1044
1139
1151
1215
1452
1555
1461
1515
1611
1599
1545
1390
1469
1513
1611
1966
2328
2532
2546
2416
2186
1944
1704
1622
1751
1873
2022
1994
1845
1710
1518
1561
1541
1515
1597
1800
1978
2106
2234
2066
2078
1978
1880
1789
1828
1896
1899
1631
1268
835
383
140
102
-14
-118
-551
-904
-1301
-1730
-1875
-2169
-2284
-2452
-2574
-3097
-3495
-3747
-3980
-4081
-4173
-4127
-4088
-3843
-3738
-3485
-3161
-2878
-2617
-2383
-2147
-1963
-1697
-1444
-1111
-837
-701
-618
-446
-270
-18
212
280
346
584
631
816
921
889
1019
1177
1227
947
797
813
955
998
1054
936
872
772
879
1156
1259
1219
1164
1240
1181
1143
1039
1215
1539
1770
1796
1726
1579
1457
1656
1685
1986
2068
1947
1929
2119
2301
2116
2232
2091
1895
1789
1863
1862
1769
1796
1563
1355
1133
1075
1021
1070
922
456
-127
-717
-1052
-1123
-1212
-1343
-1798
-2347
-2638
-2979
-3433
-3919
-4169
-4240
-4226
-4321
-4342
-4358
-4289
-4120
-3957
-3850
-3808
-3858
-3699
-3358
-2770
-2223
-1785
-1388
-1290
-1059
-896
-575
-89
253
407
562
557
738
1060
1311
1476
1104
886
681
569
575
714
745
720
569
328
239
81
49
-46
-20
26
128
118
120
239
343
421
609
875
966
854
732
655
733
970
1278
1677
2067
2275
2434
2658
2709
2768
2963
2983
2898
2927
3168
3210
2875
2507
1966
1611
1508
1392
1244
958
406
-57
-460
-528
-735
-1014
-1140
-1488
-1879
-2217
-2391
-2210
-2089
-2343
-2627
-2721
-2671
-2664
-2465
-2121
-1776
-1706
-1765
-1784
-1807
-1556
-1257
-916
-843
-906
-1089
-1270
-1183
-853
-409
10
368
551
634
715
771
729
745
705
806
883
1164
1311
1385
1654
1579
1472
1340
1091
984
843
910
860
797
880
773
763
667
643
588
518
583
650
830
1140
1505
1856
2171
2307
2448
2640
2722
2828
2819
2693
2498
2523
2641
2556
2540
2436
2514
2505
2334
2217
1876
1719
1481
1302
1191
791
260
-281
-676
-1008
-1259
-1579
-1651
-1596
-1679
-1763
-2035
-2226
-2418
-2534
-2544
-2716
-2685
-2686
-2644
-2468
-2375
-2208
-2080
-1799
-1585
-1412
-1048
-736
-376
-183
-25
159
102
106
116
269
356
441
359
279
239
123
168
15
-92
-124
-100
102
370
562
533
340
187
290
347
446
666
668
602
657
615
635
435
77
-274
-417
-326
-31
270
367
372
403
433
684
947
1055
1314
1575
1556
1600
1722
1824
2033
2080
2083
1801
1295
1012
1021
937
738
596
440
187
-264
-800
-1370
-1877
-2203
-2274
-2108
-2172
-2328
-2472
-2585
-2570
-2675
-2953
-3195
-3367
-3472
-3340
-2994
-2852
-2849
-2979
-2865
-2627
-2321
-1990
-1740
-1344
-1040
-786
-480
-52
346
502
551
601
396
258
71
-34
293
422
407
258
288
175
79
24
-36
-187
-273
-240
-227
-125
67
279
407
469
113
-97
-58
154
291
514
795
964
840
596
654
769
1006
1206
1238
1145
1150
1353
1811
2004
1972
1869
1617
1289
992
993
1067
1026
985
883
444
195
-34
-257
-345
-572
-821
-1085
-1101
-948
-1017
-1285
-1516
-1670
-1978
-2242
-2239
-2042
-1755
-1701
-1713
-1814
-2183
-2199
-2155
-2337
-2115
-1996
-2108
-2058
-2011
-1975
-1527
-1083
-716
-459
-769
-923
-542
-209
-6
336
217
-133
-205
-400
-203
335
410
451
652
312
328
811
821
800
923
853
707
644
383
372
541
588
508
424
198
149
103
-286
-210
264
404
643
931
986
952
921
851
1010
1265
1232
1490
1789
1961
2257
2238
2114
2071
1792
1908
2136
2332
2365
2367
2292
2025
1755
1570
1758
1809
1439
885
317
35
-113
128
255
-30
-385
-678
-793
-911
-960
-1071
-1155
-1209
-1072
-1116
-1080
-1216
-1436
-1526
-1585
-1131
-959
-708
-444
-375
-213
-446
-527
-449
-199
57
64
136
331
482
469
549
594
726
719
860
1118
1226
1244
1229
1114
955
747
467
287
175
267
696
947
706
457
166
164
331
732
1136
892
559
405
371
494
548
914
1466
1884
2032
1757
1534
1536
1500
1608
1878
1692
1316
1100
926
951
1069
1167
1071
990
912
847
870
702
442
134
-276
-774
-1153
-1376
-1407
-1324
-1095
-1001
-1120
-1061
-1286
-1440
-1344
-1322
-1542
-1750
-1924
-1913
-1935
-2112
-2172
-2274
-2557
-2858
-2935
-2885
-2303
-1706
-1412
-1390
-1435
-1400
-1227
-1027
-674
-332
-182
-363
-614
-719
-609
-333
-3
99
-235
-668
-1027
-986
-671
36
567
567
424
175
-123
-317
-118
201
298
332
136
84
350
837
1179
1434
1566
1558
1646
1519
1406
1246
1314
1399
1563
1599
1449
1553
1583
1663
1473
1311
1054
862
604
429
494
454
325
-75
-374
-649
-795
-965
-1083
-1303
-1390
-1374
-1450
-1522
-1529
-1442
-1428
-1168
-964
-879
-1087
-1099
-1067
-1323
-1769
-2073
-2140
-2132
-2073
-1952
-1842
-1927
-2006
-2112
-2167
-2173
-2046
-1791
-1477
-1401
-1209
-1056
-1311
-1428
-1226
-1060
-1007
-910
-1107
-1315
-1445
-1093
-667
-462
-285
-161
-127
-245
-335
-373
-153
-196
42
481
696
1018
1096
1101
1126
1013
657
326
166
346
857
1535
2184
2350
2682
2906
2962
2869
2728
2688
2633
2565
2364
2333
2389
2223
2021
1690
1401
1150
1012
1104
1089
929
628
356
348
206
89
26
-172
-525
-1079
-1490
-1874
-1954
-1927
-1802
-1595
-1390
-1221
-1344
-1522
-1443
-1215
-1067
-1302
-1350
-1455
-1346
-991
-669
-464
-414
-401
-440
-552
-595
-471
-378
-219
-368
-585
-886
-998
-920
-839
-709
-644
-770
-755
-652
-407
-149
-152
-216
-549
-640
-602
-614
-605
-611
-406
-337
-298
-193
-98
72
282
652
1104
1609
2105
2335
2470
2565
2531
2615
2703
2764
2903
2725
2666
2757
2894
3034
2891
2673
2111
1680
1522
1554
1398
1269
1216
1215
1067
814
703
623
253
32
-161
-430
-400
-499
-531
-623
-930
-1223
-1427
-1575
-1711
-1865
-2106
-2203
-1904
-1440
-1100
-836
-811
-759
-389
-273
-307
-582
-867
-822
-791
-914
-1126
-960
-727
-800
-912
-989
-1003
-940
-782
-560
-444
-353
-587
-893
-865
-559
-387
-373
-712
-1157
-1401
-1867
-2068
-1849
-1517
-1028
-528
-211
-171
-104
289
642
941
960
866
832
1123
1651
1970
2123
2200
2091
1879
1759
2147
2493
2630
2690
2608
2634
2626
2743
2599
2532
2554
2432
2205
1871
1749
1659
1510
1347
1223
827
436
147
-453
-639
-579
-227
-128
-351
-697
-1053
-1373
-1574
-1629
-1528
-1443
-1484
-1594
-1576
-1404
-1176
-1154
-1083
-994
-988
-1011
-1398
-1636
-1486
-1061
-986
-798
-805
-854
-1049
-1277
-1282
-1149
-814
-664
-450
-374
-391
-368
-425
-359
-507
-880
-1271
-1625
-1533
-1474
-1261
-1201
-1287
-1256
-1141
-661
-415
-308
-313
-439
-260
-83
304
667
619
429
309
21
1
291
802
1246
1492
1606
1712
1974
1939
1988
2101
2352
2769
2794
2557
2463
2567
2616
2454
2121
1838
1662
1576
1430
1314
1471
1728
1706
1127
594
268
75
45
-126
-291
-142
-108
-258
-444
-688
-907
-1073
-1207
-1321
-1486
-1445
-1422
-1388
-1406
-1780
-2189
-2367
-2388
-2156
-2059
-2085
-2035
-1799
-1563
-1645
-1742
-1827
-1819
-1750
-1657
-1758
-1902
-1827
-1891
-1853
-1513
-1052
-790
-620
-675
-794
-1016
-1191
-1153
-936
-686
-877
-724
-634
-716
-724
-795
-615
-387
12
77
100
108
333
432
681
807
705
699
890
1293
1308
1299
1446
1767
2034
1897
1716
1518
1495
1409
1321
1176
906
756
660
879
826
830
881
1133
1339
1197
988
637
543
379
88
-102
-216
-231
-220
-301
-393
-349
-463
-693
-830
-889
-798
-880
-894
-743
-712
-750
-718
-822
-828
-1133
-1326
-1317
-1350
-1389
-1518
-1459
-1569
-1644
-1613
-1981
-2081
-1973
-1898
-1613
-1375
-1234
-997
-873
-835
-675
-689
-584
-524
-545
-722
-621
-353
-383
-487
-500
-510
-708
-873
-751
-384
-104
124
145
293
304
466
782
1224
1497
1778
1701
1349
1280
1344
1647
1723
1913
1700
1457
1532
1667
1898
1984
1991
1926
1638
1469
1289
1121
1217
1214
1174
857
616
706
889
1348
1744
1590
1169
766
431
495
580
606
535
192
-107
-296
-418
-401
-254
-322
-429
-446
-326
-294
-364
-248
-51
-115
-517
-1126
-1617
-1839
-1637
-1257
-1107
-1234
-1542
-1768
-1900
-1903
-1814
-1553
-1292
-1310
-1256
-1280
-1351
-1215
-1272
-1041
-1054
-1334
-1487
-1708
-1676
-1357
-1046
-585
-369
-389
-297
-125
374
868
1156
1082
931
957
1115
1303
1603
1645
1595
1509
1498
1668
1737
1843
1774
1732
1608
1577
1887
2132
2501
2814
2862
2624
2173
1897
1557
1660
1806
1898
1950
1560
1412
1337
1197
999
1032
974
673
384
298
539
885
1167
1187
1108
846
633
377
180
158
246
266
295
258
-52
-264
-206
-146
-341
-477
-685
-666
-558
-442
-460
-667
-1003
-1287
-1296
-1176
-1122
-1352
-1693
-2170
-2648
-2828
-2684
-2523
-2440
-2298
-2015
-1877
-1857
-1847
-1642
-1299
-1102
-979
-1106
-993
-745
-379
-180
-104
164
208
161
409
567
882
1077
1066
1029
1060
1145
1372
1545
1525
1611
1642
1439
1333
1384
1475
1654
1634
1514
1408
1275
1186
1266
1370
1223
997
642
432
330
111
-21
-62
95
192
139
112
156
266
216
334
280
183
244
231
491
521
354
241
-126
-422
-542
-601
-416
-57
76
-112
-299
-571
-856
-1041
-974
-1025
-925
-1009
-1021
-954
-1003
-914
-803
-890
-1005
-1079
-1305
-1667
-1880
-2163
-2359
-2282
-2222
-2108
-2084
-2288
-2255
-2182
-2114
-1913
-1620
-1103
-815
-783
-717
-592
-531
-460
-513
-509
-403
-232
-213
-193
80
313
592
827
792
891
926
951
1043
931
863
767
742
800
1021
1151
1260
1107
980
817
827
884
757
523
182
88
160
249
351
329
139
19
-128
-294
-402
-322
-159
22
46
8
19
-34
-72
-35
-37
-22
-67
-50
11
-15
-12
-170
-185
-32
-131
-382
-763
-1084
-964
-854
-813
-781
-802
-868
-828
-944
-951
-684
-732
-838
-1117
-1359
-1282
-1085
-964
-887
-756
-641
-421
-406
-565
-847
-901
-842
-733
-687
-576
-183
172
543
664
564
630
792
932
949
854
1062
1376
1451
1581
1561
1379
1236
1095
1073
1215
1483
1750
1852
1684
1671
1544
1360
1371
1218
1404
1600
1603
1638
1481
1154
893
963
1213
1297
1340
1293
1413
1467
1095
917
783
677
483
335
260
133
217
558
664
651
336
60
-192
-302
161
417
381
184
-99
-370
-640
-713
-697
-1062
-1183
-1278
-1210
-1166
-1191
-1111
-1195
-1170
-1088
-974
-741
-630
-570
-612
-758
-919
-972
-760
-577
-491
-446
-577
-560
-401
-316
-75
127
346
573
412
170
141
206
592
706
776
1098
1377
1630
1663
1548
1614
1668
1826
1883
1631
1587
1658
1630
1709
1491
1630
1832
1629
1289
1064
1138
1206
1306
815
58
-225
43
296
263
231
367
660
541
235
-5
33
194
375
411
429
537
423
375
175
-351
-442
-338
-387
-204
-401
-653
-921
-1324
-1380
-1417
-1081
-671
-605
-797
-1186
-1184
-1029
-921
-753
-904
-1108
-1359
-1545
-1748
-1573
-1154
-876
-953
-1215
-1640
-1911
-1749
-1589
-1234
-792
-464
-216
-29
170
47
-270
-346
-434
-369
-309
-83
296
435
550
625
627
622
680
873
1065
1380
1654
1616
1388
1068
982
946
936
1081
1120
859
552
460
344
46
-437
-811
-626
-433
-368
-237
-274
-256
-206
-134
-318
-657
-947
-1082
-1242
-1169
-1083
-744
-179
89
325
183
62
-209
-502
-843
-923
-1005
-1013
-956
-767
-330
-20
-192
-460
-656
-755
-754
-1052
-1179
-1270
-1379
-1616
-1849
-1856
-1723
-1455
-1624
-1973
-1981
-1860
-1417
-1198
-1189
-881
-683
-419
-441
-534
-409
-381
-231
-82
395
844
1147
1114
878
836
947
1185
1187
1302
1357
1274
984
586
220
105
113
-52
-129
-271
-62
60
175
376
299
128
-86
-155
-65
42
244
457
393
226
222
429
481
471
179
-87
-81
-204
-594
-602
-392
-288
-94
-109
-208
-397
-420
-468
-377
-105
79
82
-60
-66
26
119
295
426
461
284
-68
-202
-223
-156
-55
-101
-116
-324
-340
-170
-200
-126
-211
-95
97
100
-100
-366
-502
-607
-512
-397
-154
-262
-318
-347
-203
-50
-93
220
407
683
828
1024
945
693
721
877
1161
1375
1487
1685
1791
1700
1664
1308
1184
1081
1027
890
861
907
907
1244
1258
1314
1181
845
606
640
627
524
337
189
169
281
410
407
458
273
24
-96
131
383
303
-193
-674
-879
-830
-392
-205
-104
-3
66
101
26
4
-157
-133
-109
-321
-718
-856
-992
-848
-783
-1032
-1157
-1229
-1097
-687
-449
-466
-627
-731
-931
-1074
-1031
-1005
-951
-891
-815
-675
-424
-291
-253
-289
-534
-832
-862
-686
-326
-90
-4
-24
200
445
434
294
175
108
25
256
334
293
255
412
647
627
551
280
226
325
295
168
-21
-89
114
304
447
501
431
454
333
201
31
31
-6
-269
-348
-318
-295
-73
-186
-307
-473
-400
-120
-26
10
-26
161
255
333
361
334
451
237
45
82
286
322
166
37
-300
-374
-370
-154
-14
-101
-139
-336
-389
-407
-416
-381
-333
-385
-328
-285
-109
-5
-118
-207
-394
-663
-826
-613
-443
-317
-322
-339
-345
-240
76
459
562
366
120
67
170
375
595
624
498
231
125
187
108
108
237
283
536
682
699
784
753
620
570
290
-16
-112
-273
-329
-267
-288
-150
-76
-115
-31
-9
187
412
651
749
597
325
23
-163
-64
43
214
297
126
-60
-179
-142
-50
-211
-313
-427
-511
-551
-670
-782
-788
-488
-181
9
-239
-706
-858
-824
-596
-408
-241
-105
6
-89
-252
-301
-405
-502
-456
-560
-698
-628
-484
-309
-218
-317
-392
-538
-565
-517
-405
-325
-391
-609
-768
-671
-669
-411
-381
-591
-955
-1179
-1050
-864
-654
-377
-44
-158
-239
-105
-50
38
-54
6
169
324
199
-42
-46
196
309
374
367
194
62
-11
76
384
504
568
371
12
-234
-152
233
538
375
290
217
30
-231
-330
-398
-515
-774
-953
-905
-704
-405
-229
-81
-276
-321
-387
-197
8
-12
32
1
36
-131
-285
-350
-531
-560
-447
-537
-393
-96
258
592
736
732
862
962
876
717
491
368
114
97
209
358
489
446
365
289
325
204
223
127
5
-132
-204
-80
81
177
218
220
194
328
517
654
555
522
352
199
158
349
586
765
1024
1021
1074
1026
1262
1311
988
636
408
422
628
906
921
1024
1126
1026
823
588
418
276
70
-75
-8
87
351
462
264
128
-208
-536
-678
-561
-359
-263
-396
-762
-888
-1028
-946
-831
-820
-798
-852
-1037
-1260
-1329
-1239
-1069
-1121
-1289
-1381
-1173
-948
-757
-678
-560
-652
-615
-406
-327
-265
-334
-517
-630
-840
-936
-762
-715
-670
-631
-669
-742
-593
-457
-436
-441
-218
-172
-324
-295
-334
-138
57
189
268
282
366
512
352
285
565
1017
1332
1182
1150
1136
914
787
838
967
1192
1385
1643
1906
1969
1982
1896
1619
1166
1181
1255
1307
1389
1281
1493
1661
1578
1492
1324
1128
1178
1218
1147
1157
1197
1245
961
368
-36
-119
-267
-251
-181
-222
-373
-447
-416
-229
-53
-29
-247
-331
-514
-821
-1006
-1106
-1097
-1012
-1043
-998
-836
-584
-226
-51
55
-96
-160
-89
-245
-441
-430
-414
-359
-350
-154
-94
-87
-2
-36
-33
-120
-31
-52
-70
144
269
310
231
262
328
266
135
-134
-262
-252
13
-27
-61
-25
-1
172
266
90
-133
-77
-215
-288
-192
-130
150
399
264
281
206
256
397
231
-5
-155
-203
-180
-304
-382
-415
-350
-410
-610
-522
-432
-235
-155
-232
-292
-293
-202
-263
-357
-420
-752
-749
-474
-278
-145
-225
-442
-775
-1153
-1482
-1494
-1489
-1372
-1291
-1258
-953
-875
-880
-874
-758
-726
-745
-765
-811
-722
-798
-889
-967
-894
-777
-833
-903
-789
-254
-10
134
406
526
649
529
607
642
818
1022
1067
861
811
730
596
733
729
552
291
228
171
133
251
398
491
624
570
484
166
-36
-259
-348
-232
-70
138
293
652
456
276
217
94
-31
-163
-124
-34
138
171
185
331
372
392
194
55
42
29
-137
-283
-540
-523
-361
-268
-293
-373
-282
-351
-577
-708
-562
-420
-469
-593
-704
-766
-654
-616
-874
-1179
-1210
-1150
-1100
-929
-651
-306
-252
-309
-329
-428
-291
70
460
515
442
564
418
200
-80
-191
-433
-681
-598
-517
-258
-167
-220
-483
-571
-357
64
506
632
508
346
106
12
59
308
622
819
871
780
467
397
444
328
101
-284
-494
-426
-319
-94
246
582
838
886
858
887
1058
1087
933
779
611
510
369
357
366
273
221
250
288
298
366
258
227
180
224
428
656
797
788
521
389
502
575
627
643
734
650
629
694
828
797
539
343
296
300
233
191
53
73
234
369
337
486
763
747
728
717
905
1060
1027
962
737
457
345
348
561
779
1069
1126
1035
1099
1289
1734
1680
1499
1331
1228
1315
1376
1432
1363
1305
1127
950
757
644
574
805
931
881
711
651
770
931
1169
1109
1050
808
699
678
886
1044
928
901
666
582
531
556
549
430
155
150
369
433
655
664
599
647
369
381
413
245
-94
-662
-1000
-1264
-970
-800
-854
-888
-1007
-1151
-1093
-847
-664
-295
-340
-490
-500
-730
-649
-701
-841
-1025
-1162
-1102
-1194
-1396
-1413
-1425
-1370
-1165
-921
-530
-289
-414
-601
-667
-706
-468
-632
-782
-868
-1044
-1293
-1537
-1693
-1682
-1409
-1183
-913
-554
-365
-302
-53
-67
-252
-69
101
203
165
-18
-236
-447
-443
-593
-604
-467
-251
42
-95
-109
-111
7
225
47
-40
-53
58
-21
-297
-502
-645
-643
-885
-861
-997
-1206
-1212
-1275
-1415
-1730
-1935
-1676
-1327
-1073
-1004
-1078
-878
-577
-255
-255
-439
-645
-762
-752
-608
-465
-582
-637
-544
-343
-355
-447
-383
-388
-421
-489
-637
-641
-645
-416
-140
125
162
-110
-300
-288
-64
-175
-299
-481
-677
-728
-862
-838
-816
-684
-911
-1055
-1052
-979
-541
-150
186
234
192
-29
-51
346
570
711
872
761
599
323
229
381
404
532
534
638
739
811
712
597
594
616
540
363
126
143
260
280
375
410
380
258
69
-178
-192
-91
-35
-95
115
209
344
424
387
497
506
339
51
-103
-141
-5
239
414
350
338
208
72
144
188
223
355
341
358
374
229
201
-2
32
-10
-173
-177
-244
-171
14
278
326
292
241
438
500
515
516
297
225
217
186
8
-57
-42
-153
-211
-304
-205
-167
-85
249
617
792
834
837
728
808
847
1073
1161
1188
1118
843
529
428
376
225
262
543
767
866
1144
1357
1358
1407
1361
1187
1150
1035
1022
1067
1125
1073
894
535
240
-15
-31
-160
-171
-32
52
-88
-160
69
257
619
942
1224
1137
1068
1061
880
572
562
741
779
855
828
847
670
377
104
23
94
77
98
-7
-49
-58
20
-26
197
115
-86
-44
-201
-132
0
199
212
42
-150
-245
-325
-339
-321
-133
27
36
67
117
379
605
731
722
588
245
-78
-31
142
164
-106
-277
-253
-129
117
283
244
333
466
378
263
85
5
-140
-275
-415
-610
-540
-398
-311
-384
-473
-807
-955
-923
-1043
-1166
-1287
-1278
-1262
-1009
-960
-908
-857
-819
-774
-615
-611
-688
-977
-1264
-1208
-1046
-977
-810
-786
-837
-1016
-1312
-1205
-1039
-745
-757
-818
-1029
-1243
-1386
-1276
-1142
-1114
-1083
-1188
-1253
-1470
-1510
-1260
-991
-893
-767
-853
-789
-733
-402
-156
-213
-320
-692
-896
-812
-679
-714
-800
-575
-388
-411
-342
-85
54
-164
-223
-193
-174
-174
-7
175
277
495
538
427
191
27
-197
-405
-564
-725
-745
-849
-756
-747
-818
-528
-348
-114
-97
-243
-26
111
254
258
108
-56
55
157
310
443
410
410
401
180
0
0
0
0
0
0
0
0
0
0
0
0
0
0
0
0
0
0
0
0
0
0
0
0
0
0
0
0
0
0
0
0
0
0
0
0
1
0
0
0
0
-1
0
0
0
0
0
0
0
0
0
0
0
0
0
0
0
0
0
0
0
0
0
0
0
0
0
0
0
0
1
0
0
0
0
0
0
0
0
0
0
0
0
0
0
0
0
0
0
0
0
0
0
0
0
0
1
1
0
0
0
-1
1
1
0
0
0
0
0
0
0
0
0
0
0
1
0
0
0
0
0
0
0
0
0
0
0
0
0
0
0
0
0
0
0
0
0
0
0
0
0
0
0
0
0
0
0
1
0
1
0
0
0
0
0
0
1
0
0
1
-1
0
0
0
0
0
0
0
0
0
0
0
-1
0
-1
0
0
0
0
0
-1
0
0
0
0
0
0
0
0
0
0
0
0
0
0
0
-1
0
0
0
0
0
0
1
0
0
0
0
0
0
0
0
0
0
0
0
0
0
0
1
0
1
0
0
0
0
1
0
0
0
-1
0
0
0
0
0
0
0
0
0
0
0
0
0
0
0
0
0
0
0
0
0
0
0
0
0
0
0
0
0
0
0
0
0
0
0
0
0
0
0
0
0
0