0
0
0
0
0
0
0
0
0
0
0
0
0
0
0
0
0
0
0
0
0
0
0
0
0
0
0
0
0
0
0
0
0
0
0
0
1
0
0
0
0
-1
0
0
0
0
0
0
0
0
0
0
0
0
0
0
0
0
0
0
0
0
0
0
0
0
0
0
0
0
1
0
0
0
0
0
0
0
0
0
0
0
0
0
0
0
0
0
0
0
0
0
0
0
0
0
1
1
0
0
0
-1
1
1
0
0
0
0
0
0
0
0
0
0
0
1
0
0
0
0
0
0
0
0
0
0
0
0
0
0
0
0
0
0
0
0
0
0
0
0
0
0
0
0
0
0
0
1
0
1
0
0
0
0
0
0
1
0
0
1
-1
0
0
0
0
0
0
0
0
0
0
0
-1
0
-1
0
0
0
0
0
-1
0
0
0
0
0
0
0
0
0
0
0
0
0
0
0
-1
0
0
0
0
0
0
1
0
0
0
0
0
0
0
0
0
0
0
0
0
0
0
1
0
1
0
0
0
0
1
0
0
0
-1
0
0
0
0
0
0
0
0
0
0
0
0
0
0
0
0
0
0
0
0
0
0
0
0
0
0
0
0
0
0
0
0
0
0
0
0
0
0
0
0
0
0
-1072
-1260
-1083
-581
-173
47
241
109
-132
-388
-596
-789
-1130
-1143
-1143
-1057
-831
-442
-275
-312
-400
-402
-430
-566
-687
-762
-671
-541
-608
-425
-213
-7
111
-72
-123
-435
-740
-1149
-1244
-1097
-816
-706
-597
-489
-569
-556
-751
-1051
-1102
-921
-926
-1107
-1199
-1105
-971
-690
-359
-277
-301
-529
-803
-1085
-1159
-1175
-1203
-947
-838
-504
-380
-360
-230
-606
-582
-585
-800
-721
-677
-732
-757
-616
-158
69
214
246
199
42
-186
-562
-895
-908
-848
-422
-14
361
735
728
677
366
360
317
-70
-178
-263
-104
64
249
369
428
578
515
453
406
245
-75
-309
-454
-232
49
210
460
636
644
620
329
168
87
-67
-88
120
425
656
898
881
1018
1000
683
488
275
-32
-135
-12
159
500
790
1018
1077
1227
1030
747
433
118
-20
-44
401
783
1117
1275
1463
1424
1308
944
537
39
-318
-381
-571
-529
-237
115
470
685
785
557
333
247
110
182
486
670
886
1198
1306
1332
1231
1128
1011
910
898
815
732
879
1071
1224
1489
1925
2176
2153
2092
1720
1271
980
813
831
892
1092
1333
1612
1766
1976
1915
1680
1254
831
542
243
-15
-196
-96
110
119
450
703
528
279
-109
-192
-303
-351
-399
-156
156
313
725
950
891
853
726
222
-167
-190
-147
11
234
512
644
777
983
843
540
136
-488
-853
-1166
-1103
-869
-470
-140
295
392
282
82
-372
-745
-894
-948
-826
-311
44
531
700
1009
1131
921
635
383
179
-148
-356
-440
-362
-295
-96
160
322
391
309
-96
-378
-736
-880
-730
-557
-298
56
402
553
676
597
195
-291
-912
-1298
-1652
-1692
-1381
-923
-548
12
348
217
-187
-783
-1319
-1760
-1955
-1877
-1517
-1029
-346
-132
91
185
-74
-313
-552
-790
-943
-1140
-1109
-710
-626
-373
-286
-306
-211
-370
-890
-1364
-1604
-1782
-1497
-977
-411
228
696
906
813
622
328
-35
-196
-510
-580
-534
-351
-130
125
288
383
329
-40
-288
-629
-1004
-1260
-1391
-1256
-1034
-623
-271
247
477
363
48
-477
-856
-1168
-1082
-1025
-795
-254
87
567
788
826
694
154
-232
-644
-957
-900
-792
-582
-270
-77
80
-211
-455
-888
-1308
-1408
-1576
-1495
-1337
-988
-512
-207
103
238
-32
-654
-1197
-1711
-2028
-2155
-2033
-1709
-1159
-259
480
917
1181
1071
612
-37
-449
-675
-822
-718
-549
-157
216
489
715
789
359
106
-228
-468
-413
-445
-129
305
986
1475
1857
1915
1478
922
-130
-980
-1386
-1441
-1007
-206
620
1185
1292
1169
777
220
-245
-442
-694
-649
-186
11
503
1095
1518
1794
1797
1469
1058
521
-6
-302
-436
-239
117
455
753
1026
936
642
64
-438
-872
-1255
-1158
-755
-186
70
477
735
872
882
500
63
-637
-1237
-1781
-1876
-1551
-925
-255
282
494
501
140
-540
-994
-1489
-1483
-1349
-853
-266
478
894
1051
1132
1127
1027
557
40
-656
-940
-993
-803
-519
-149
555
1077
1382
1210
891
283
-199
-343
-450
-23
445
909
1136
1119
1004
814
464
101
-376
-827
-1179
-1249
-1129
-888
-335
127
582
860
750
250
-519
-1006
-1445
-1563
-1131
-666
49
634
1037
1163
854
392
-162
-577
-859
-808
-696
-548
-26
455
998
1362
1290
968
652
92
-268
-260
-229
186
748
1111
1336
1535
1511
1023
487
-145
-784
-1296
-1479
-1370
-851
-233
176
647
824
675
355
-255
-855
-1186
-1343
-1235
-864
-256
263
656
555
501
271
-102
-655
-1028
-979
-947
-499
-286
170
455
503
759
782
587
220
-45
-454
-616
-526
-285
7
260
560
592
421
83
-505
-1099
-1593
-1805
-1772
-1498
-992
-571
-317
-127
-134
-446
-1037
-1560
-1867
-1876
-1560
-1220
-714
-44
454
772
818
925
877
475
201
-185
-358
-390
-389
94
693
1393
1588
1538
1139
493
4
-426
-568
-675
-377
50
545
1055
1220
1136
758
169
-567
-952
-1369
-1481
-1470
-1143
-653
10
489
687
564
83
-442
-1143
-1344
-1258
-943
-476
89
659
878
677
478
97
-294
-638
-968
-1048
-1089
-1145
-927
-375
212
815
983
930
426
-261
-773
-1238
-1277
-871
-179
432
935
1281
1045
614
-126
-885
-1415
-1703
-1571
-1273
-642
-42
353
524
565
567
444
324
1
-527
-654
-636
-421
68
505
886
818
712
391
82
-487
-896
-1004
-982
-754
-391
153
733
930
948
868
368
-22
-405
-441
-317
-92
206
626
1000
1257
1356
1243
846
279
-311
-834
-1109
-948
-626
-419
46
321
306
172
-173
-633
-727
-734
-695
-469
31
508
834
934
896
850
476
208
-235
-403
-398
-348
-360
-68
320
759
1219
1281
1091
505
-120
-730
-943
-801
-426
101
372
842
1070
841
548
66
-348
-997
-1090
-934
-776
-246
-36
127
258
-55
-202
-621
-1169
-1315
-1287
-1211
-874
-268
311
871
997
840
667
104
-296
-542
-726
-629
-321
-52
140
368
470
362
146
-219
-754
-1175
-1687
-1801
-1658
-1243
-722
-388
-56
-3
8
-216
-583
-956
-1169
-1079
-624
-67
283
533
525
394
127
-463
-1088
-1317
-1234
-1137
-817
-332
203
788
1231
1117
927
432
-155
-571
-970
-1039
-1026
-747
-215
393
867
971
958
587
-191
-747
-1117
-1229
-1098
-467
265
629
1214
1537
1507
1219
662
229
-24
-469
-294
240
503
1303
2011
1768
1230
721
-26
-942
-938
-836
-491
-269
16
452
508
189
-12
-377
-910
-739
-367
-166
28
376
439
304
114
38
157
0
-68
-7
-334
-634
-1014
-1060
-779
-326
212
692
906
914
576
-18
-438
-974
-1411
-1521
-1257
-633
80
494
581
432
241
-181
-654
-968
-1055
-970
-601
-384
-2
456
485
120
52
-61
-30
463
955
1519
1510
1469
1259
729
339
412
577
716
581
569
518
467
516
608
696
661
733
466
455
286
280
157
22
99
140
497
1062
1570
1804
1586
1333
558
-9
-383
-744
-771
-426
-95
540
1204
1550
1565
1223
841
374
347
402
663
1018
1417
1824
2205
2345
2150
1945
1905
1665
1388
1192
1013
869
869
1025
1092
1131
1473
1499
1271
1262
1099
683
226
-199
-347
-103
241
945
1143
1284
1176
826
341
-212
-249
-392
-279
-136
458
718
657
638
477
140
-91
-375
-543
-602
-563
-315
-183
196
529
798
810
765
561
433
4
-285
-664
-1053
-849
-541
-208
-116
-148
-346
-541
-553
-695
-712
-612
-568
-260
114
402
568
577
80
-485
-970
-1181
-1035
-712
-280
221
523
618
476
232
22
-448
-553
-291
-238
-116
196
433
830
973
890
547
11
-402
-860
-949
-1061
-912
-737
-545
-407
-362
-216
-59
263
192
-338
-483
-758
-895
-750
-704
-544
-271
-20
-10
-44
-387
-764
-1228
-1596
-1746
-1705
-1515
-1168
-991
-1084
-1350
-1558
-1811
-1633
-1494
-1281
-778
-247
344
588
839
726
295
-116
-399
-517
-532
-381
-376
-263
-252
-201
48
-14
5
-28
-196
-465
-817
-934
-955
-712
-396
16
387
523
416
107
-191
-640
-916
-1146
-1251
-1149
-1040
-756
-533
-309
-401
-471
-792
-912
-748
-817
-630
-384
-160
217
715
1075
1320
1303
1251
901
694
508
253
14
-371
-383
-351
-465
-422
-166
-108
138
-45
-257
-684
-941
-826
-564
-482
-455
-362
-333
-392
-413
-662
-792
-891
-1050
-835
-596
-395
-260
-116
-352
-580
-1111
-1193
-1061
-983
-480
28
576
757
873
989
957
640
382
317
74
283
635
917
1022
1003
928
926
604
251
38
-198
-184
-173
-94
240
562
889
1276
1325
1373
1191
1025
753
727
628
435
562
389
515
659
864
756
475
207
-233
-608
-797
-616
-317
189
568
1235
1608
1790
1761
1371
887
649
590
565
968
1356
1612
1587
1514
1347
935
511
37
-167
-570
-676
-570
-523
32
520
957
1227
1505
1465
1325
1313
928
564
488
537
638
797
927
1100
1142
1217
801
673
595
700
773
890
1181
1150
1225
972
892
928
817
760
866
892
1229
1566
1718
1690
1425
1038
671
317
-4
-170
-145
-384
-205
283
393
438
585
576
324
231
123
134
266
534
466
346
346
353
400
382
508
493
199
-346
-656
-1097
-1203
-1251
-1138
-858
-434
124
521
876
1058
1078
876
348
-58
41
203
499
750
951
1180
1158
1028
710
300
-71
-375
-582
-547
-274
-99
301
414
225
195
2
-327
-696
-842
-905
-647
-689
-585
-617
-778
-804
-709
-712
-997
-1252
-1675
-1902
-1824
-1659
-1330
-906
-422
0
348
572
350
173
294
57
79
242
161
-38
-164
-479
-735
-820
-1203
-1503
-1559
-1568
-1533
-1586
-1567
-1424
-1239
-931
-794
-860
-782
-929
-1219
-1297
-1440
-1484
-1644
-1482
-1287
-1224
-957
-1034
-1128
-1413
-1744
-1962
-2102
-1907
-1690
-1532
-1216
-1098
-812
-465
-257
-184
-293
-581
-806
-918
-803
-384
38
256
325
300
110
-389
-873
-1307
-1577
-1659
-1623
-1342
-917
-167
312
608
774
663
217
-235
-770
-1138
-1018
-893
-438
20
439
642
559
393
90
-262
-468
-560
-678
-531
-219
-16
192
437
704
641
505
418
316
341
417
813
1195
1497
1526
1493
1390
1241
1008
595
186
9
-93
-124
-36
10
219
536
728
795
969
906
606
356
116
-48
-49
67
236
345
561
609
595
273
-1
-97
-415
-413
-339
-254
-188
67
335
633
836
838
950
725
689
701
902
1255
1578
1946
2070
1848
1343
566
-147
-629
-997
-952
-753
-262
178
411
553
412
261
-175
-482
-667
-697
-552
-288
363
657
796
879
771
537
18
-647
-1191
-1385
-1464
-1240
-809
-453
246
935
1297
1266
1003
672
169
-289
-605
-522
-63
299
817
1191
1538
1504
1318
853
322
-148
-422
-481
-492
-130
-27
203
382
340
196
255
325
185
259
275
255
232
224
162
1
-158
-266
-171
-247
-209
-238
-227
-276
-358
-52
195
657
918
973
775
415
-90
-285
-335
92
866
1609
2043
2056
1963
1771
1346
695
334
-43
10
117
306
379
469
677
615
916
1033
1072
903
741
558
264
371
420
371
186
75
-58
-434
-743
-1016
-1115
-1088
-829
-505
-437
-491
-531
-518
-649
-806
-844
-966
-1150
-1209
-1026
-881
-433
195
552
891
690
387
32
-531
-1030
-1388
-1327
-1083
-631
-275
97
254
217
-79
-610
-839
-900
-799
-649
-241
-26
197
100
12
-303
-792
-1295
-1963
-2190
-2303
-1943
-1648
-1457
-1149
-987
-910
-1053
-1360
-1504
-1414
-1522
-1440
-1217
-898
-449
33
447
577
192
-273
-573
-1025
-1238
-1193
-1177
-900
-457
-73
345
659
909
978
684
105
-591
-1059
-1154
-1064
-785
-214
447
757
774
469
-252
-1103
-1770
-2422
-2721
-2433
-1877
-1050
-264
248
450
432
322
36
-304
-795
-873
-977
-986
-418
-141
161
458
611
384
47
-493
-1030
-1455
-1667
-1540
-847
-450
-94
465
771
807
463
32
-394
-569
-480
-230
51
442
869
1116
1229
1128
554
-88
-841
-1405
-1530
-1364
-902
-381
172
840
1240
1405
1357
973
469
-235
-673
-810
-817
-656
-21
513
1015
1293
1282
846
211
-319
-955
-1144
-1002
-560
-73
399
647
1012
1204
929
464
-7
-316
-468
-211
88
426
914
1341
1550
1486
1087
421
-426
-1104
-1407
-1545
-1277
-948
-427
79
509
768
702
408
-210
-697
-1212
-1397
-1187
-547
178
964
1329
1238
741
-19
-504
-1065
-1475
-1526
-1231
-622
170
967
1759
2370
2495
2276
1685
1086
593
183
58
420
669
1036
1476
1554
1374
1096
612
-64
-915
-1711
-1924
-1766
-1268
-596
257
673
904
932
489
-277
-1100
-1628
-1831
-1598
-1024
-220
449
714
814
598
75
-250
-760
-1151
-1265
-1139
-945
-636
-233
306
654
737
486
37
-426
-588
-527
-337
117
371
876
1241
1430
1364
955
319
-709
-1483
-1946
-2078
-1779
-1140
-412
265
922
1238
1241
968
436
-268
-658
-848
-926
-677
-186
429
857
1018
874
364
-55
-390
-675
-423
-84
357
829
1376
1713
1650
1455
1202
888
752
790
1024
1438
1656
1673
1461
1322
1115
838
712
434
67
-316
-585
-576
-349
147
659
1080
1461
1588
1741
1546
1169
912
560
177
214
308
508
649
775
769
688
398
91
-223
-525
-627
-618
-462
-110
477
864
1347
1496
1497
1371
1111
1010
1072
1231
1183
970
473
224
-59
-54
86
101
213
32
103
-48
-295
-339
-442
-370
-143
80
355
137
31
21
-278
-479
-491
-174
-83
-120
-2
42
-132
-219
-380
-426
-454
-597
-643
-338
-112
156
340
578
776
857
991
1067
1335
1535
1562
1437
1176
611
266
-21
-158
-284
-199
-130
-195
-312
-491
-661
-846
-961
-923
-791
-700
-351
47
409
378
346
160
-57
-180
-503
-595
-650
-593
-649
-647
-699
-935
-1016
-1284
-1172
-960
-546
-257
-126
-142
-195
-162
-35
70
271
514
603
607
508
256
-8
-140
-88
11
-71
-151
-415
-691
-802
-838
-977
-815
-712
-575
-216
-86
-8
50
-20
-145
-139
136
524
630
712
777
451
101
-144
-328
-399
-353
-413
-502
-463
-349
-354
-416
-558
-693
-907
-985
-873
-599
-313
-46
77
-123
-240
-476
-411
-433
-481
-602
-819
-1089
-1399
-1647
-1680
-1464
-1489
-1313
-1132
-718
-346
-242
-213
-234
-283
-352
-377
-404
-534
-724
-759
-1043
-1160
-1557
-1944
-2095
-2092
-1752
-1410
-1116
-660
-409
-152
205
436
667
866
1130
1111
1051
874
705
431
249
382
487
469
510
628
534
447
-26
-506
-574
-778
-808
-684
-405
18
439
685
646
689
447
336
210
274
377
426
546
470
235
-41
-410
-726
-817
-815
-605
-542
-85
227
423
506
434
580
685
919
1103
1305
1453
1472
1518
1290
1124
824
559
421
204
40
-237
-528
-813
-913
-780
-422
159
351
512
609
589
605
462
336
183
221
276
507
594
719
960
948
625
257
-68
-342
-321
-261
28
601
764
970
1140
1275
1357
1340
1414
1319
1478
1354
1489
1603
1451
1446
1342
1085
859
609
377
244
-22
-107
-44
-24
251
582
730
695
926
1268
1410
1635
1627
1529
1618
1609
1581
1538
1199
938
630
287
41
-118
-111
-100
-132
-148
-115
-15
179
528
787
895
1064
1240
1202
1297
1437
1338
1274
1118
899
515
296
354
295
371
421
293
64
7
-87
-137
-233
-82
-21
-35
244
605
1061
1119
1337
1298
1179
1073
956
787
684
524
223
-94
51
129
36
28
-190
-253
-378
-158
-49
-68
-48
-162
-260
-410
-396
-336
-66
214
217
-17
-147
-178
-325
-511
-590
-723
-738
-663
-672
-770
-835
-1055
-1075
-1225
-953
-563
-375
-238
-298
-335
-624
-700
-838
-840
-834
-1012
-1087
-1054
-1205
-1256
-1403
-1620
-1734
-1950
-1730
-1579
-1049
-474
-329
-133
36
70
-75
-132
-291
-312
-283
-439
-502
-475
-545
-518
-630
-914
-1167
-1423
-1662
-1493
-1042
-765
-663
-503
-611
-724
-673
-567
-439
-417
-474
-747
-816
-825
-756
-602
-708
-700
-800
-806
-690
-732
-834
-914
-892
-856
-756
-395
-270
-106
133
276
446
465
510
386
350
551
474
523
550
558
468
256
-34
-290
-518
-758
-679
-440
-92
137
492
663
771
795
751
583
420
493
312
473
528
433
608
642
443
242
8
-232
-484
-618
-639
-476
-202
334
823
1057
1133
842
733
287
13
-15
151
578
976
997
872
930
806
718
625
431
392
318
251
64
-22
93
151
290
407
433
421
489
542
518
460
756
933
994
1065
1209
1195
843
693
403
61
-427
-830
-1072
-1042
-926
-642
-2
203
528
602
610
229
-148
-324
-337
85
381
678
964
987
913
817
380
89
-260
-376
-236
-123
230
291
303
154
-76
-94
-217
-185
-330
-444
-491
-497
-311
37
202
113
36
-112
-215
-470
-772
-942
-1274
-1561
-1657
-1672
-1411
-917
-470
-129
-123
-330
-838
-1355
-1586
-1484
-1209
-739
-165
-129
-112
-7
112
-42
-173
-511
-833
-1010
-1091
-1037
-799
-620
-633
-287
36
132
359
282
44
-324
-528
-752
-738
-681
-426
-55
145
326
308
145
-177
-422
-916
-1281
-1306
-1102
-595
43
638
967
981
805
366
90
-220
-283
-128
-28
-98
79
139
11
-180
-353
-427
-687
-865
-722
-613
-447
-239
-50
145
311
328
144
-40
-513
-751
-950
-1056
-880
-255
754
1401
1797
1654
1270
725
179
-34
-257
-485
-742
-463
11
614
1062
1162
1014
407
25
-215
-330
-60
261
462
665
889
1030
1023
838
467
63
-496
-813
-897
-753
-515
-200
118
361
554
753
746
595
301
-207
-596
-809
-726
-481
-74
439
677
626
388
145
-354
-535
-839
-988
-961
-826
-339
195
732
969
1098
867
871
751
587
394
194
268
238
241
356
280
139
220
21
-141
-232
-258
-263
-393
-365
-351
-314
-91
184
204
192
7
-276
-461
-553
-578
-396
-111
-2
-20
-149
-552
-774
-909
-1229
-1262
-1369
-1399
-1255
-1092
-691
-408
-210
-148
-352
-676
-695
-604
-421
147
511
857
923
1037
1212
1149
1052
924
668
642
663
628
663
529
361
181
134
291
489
704
904
618
507
142
-26
-157
7
386
711
1109
1210
1327
1300
1311
1055
966
697
421
126
5
75
63
383
401
341
385
402
414
400
551
862
998
1155
1223
1043
971
586
276
60
68
325
406
317
-28
-315
-603
-734
-676
-774
-927
-1132
-1299
-1397
-1239
-981
-948
-706
-706
-783
-799
-815
-848
-890
-1129
-1516
-1716
-1860
-1914
-1930
-1945
-1894
-1815
-1834
-1835
-1853
-1759
-1777
-1749
-1788
-1885
-1872
-1803
-1898
-1899
-1759
-1884
-1930
-1797
-1721
-1516
-1387
-1423
-1268
-1426
-1568
-1571
-1631
-1661
-1574
-1501
-1613
-1681
-1940
-2247
-2204
-2114
-1791
-1386
-998
-785
-642
-468
-491
-395
-469
-529
-578
-666
-664
-760
-914
-905
-736
-464
-289
-67
128
43
-16
-85
-6
-67
-110
-204
-75
183
286
429
492
635
476
206
-61
-82
-74
-130
152
184
251
231
43
-80
-182
-206
-292
-361
-415
-445
-383
-47
307
433
399
449
425
359
247
256
258
235
417
549
670
823
995
1243
1337
1468
1573
1416
1382
1420
1323
1589
2006
2276
2448
2541
2734
2665
2415
2235
1915
1405
1259
1256
1415
1530
1510
1422
1134
763
696
618
480
643
720
870
1080
1345
1482
1421
1303
1092
833
571
484
449
444
438
579
549
514
361
506
590
541
619
740
924
867
995
670
521
478
436
515
457
461
464
415
424
252
66
43
90
84
319
302
22
-183
-285
-230
-249
-134
-94
51
172
110
219
48
113
100
-37
-94
-122
64
64
191
140
-20
-150
-244
-192
-117
-33
97
280
505
714
788
658
620
654
562
408
404
424
339
460
300
316
367
375
336
556
904
980
1111
1072
857
722
750
672
667
584
539
533
529
476
415
371
258
11
-77
-245
-251
-112
3
214
187
129
254
457
801
2439
2798
4218
3997
4531
4590
4080
4808
4330
4428
4885
5030
5170
4312
3937
3741
2811
2432
762
455
-669
-1177
-2596
-2813
-3290
-4267
-3927
-3339
-2309
-2062
-2724
-1767
-1156
-1375
-1431
-1476
-749
-418
-259
234
1186
1578
1610
736
-569
-2310
-3532
-3175
-2514
-2214
-2441
-3206
-3965
-4722
-5700
-5534
-4555
-4857
-4479
-3670
-4341
-4563
-5574
-5150
-3944
-3892
-3929
-4150
-4036
-3833
-3958
-3661
-3619
-3867
-4504
-5362
-4774
-4026
-3735
-3201
-2766
-3012
-2982
-3470
-3589
-3580
-3221
-2807
-2245
-2125
-2134
-1832
-1711
-1817
-1225
-822
116
1147
1848
2786
3160
3558
3696
4449
5293
5923
6723
7673
8430
8905
8906
9218
9011
8715
8391
8073
8092
7972
7255
6888
6427
5462
4539
3739
2620
1853
803
-67
-370
-1210
-2169
-2857
-3469
-3830
-4114
-4501
-4776
-4759
-4834
-4788
-4876
-5053
-5142
-5044
-5078
-4700
-4970
-5487
-6094
-6713
-7376
-8581
-9420
-10475
-11770
-12968
-14397
-15988
-17616
-19907
-19686
-18227
-16176
-17061
-16969
-15253
-12088
-11085
-9594
-6753
-4432
-4723
-4023
1286
8474
11751
13374
17569
22675
24349
22771
24702
27416
27978
24157
22877
24128
23106
18785
16426
16724
16071
10460
5998
3783
1862
-3346
-7703
-9293
-9847
-11848
-12720
-11526
-10287
-10689
-11452
-11060
-10347
-10322
-10082
-9142
-7327
-5531
-3489
-228
2537
5524
7673
9478
10655
10991
11250
12336
12837
13324
13928
15288
16738
17579
18018
18177
17416
16111
14684
13311
12349
10467
8942
8024
7198
6248
5027
4063
2572
635
-1013
-2389
-3954
-5963
-7489
-8237
-9190
-10146
-10205
-10004
-10493
-11009
-11183
-10857
-10981
-11918
-12071
-12300
-12861
-13668
-13994
-13989
-14784
-16297
-17386
-18421
-20088
-20207
-18714
-16774
-18170
-17805
-15335
-12082
-10661
-9091
-5090
-2750
-3814
-1656
3546
8924
9869
11948
17966
23051
23801
23189
27157
30585
28652
24613
24352
24269
20505
15651
14660
14325
10523
4941
3312
2701
-735
-7239
-10619
-12229
-14803
-18251
-18911
-17596
-16839
-17008
-15600
-13557
-12347
-12026
-9966
-7915
-6443
-5453
-3123
-154
2614
5541
8760
11220
13513
15884
18633
19487
19956
20735
22237
23119
22110
21993
22021
20954
18935
17986
18050
17241
14654
12695
12150
10661
6825
3727
1998
-420
-4904
-8820
-10259
-11493
-14825
-17345
-17612
-17187
-18577
-19283
-18344
-17602
-18700
-19780
-18932
-17473
-17295
-17596
-16624
-15812
-16273
-17745
-18696
-19958
-22016
-22402
-20603
-18750
-19954
-19123
-15751
-12047
-10776
-9314
-5878
-4825
-6434
-4420
1412
6344
7543
11326
19624
24006
23912
24686
29797
32520
29782
26285
25279
24144
19134
14533
13747
12474
8509
4420
4049
3782
-750
-5826
-8258
-9579
-13539
-17357
-17742
-16884
-17281
-18252
-16505
-13494
-11691
-9974
-7787
-5461
-4447
-4110
-2401
-519
723
1423
2828
4870
7069
9346
11653
13439
15356
17018
18282
18017
17681
17704
17261
15896
14069
13629
13596
12429
10493
9566
9357
7742
4929
3031
1924
-1049
-5690
-8737
-9938
-12186
-15820
-17848
-17721
-18335
-19864
-19695
-17637
-16179
-16849
-16604
-14968
-13954
-14602
-15403
-14749
-14540
-15631
-16612
-16678
-16962
-19326
-19813
-17777
-15552
-16517
-17645
-14585
-11405
-9990
-9718
-6581
-2953
-3235
-1653
2908
8477
10739
11573
17788
22645
24456
24779
28426
32416
31161
28019
26533
26585
23167
17962
15589
13725
10868
6326
4798
4632
1453
-2735
-5537
-6625
-10131
-13714
-14799
-14648
-15652
-17675
-16565
-14202
-13006
-11677
-9507
-6746
-5530
-4425
-1829
599
2182
2859
4941
6902
8285
9368
10547
12017
12865
14205
15660
16616
17203
17469
17437
16348
15203
14641
13815
11923
9528
8842
8235
7066
5427
5141
5621
4390
2149
954
478
-1765
-5713
-7691
-8062
-9391
-12168
-13381
-12479
-12215
-13265
-13674
-11875
-10922
-11672
-12228
-11352
-10716
-12209
-14281
-14749
-15567
-17806
-21077
-22131
-20199
-18726
-18600
-19517
-16756
-13505
-11716
-10702
-8555
-4448
-4134
-4301
-526
4181
8134
8112
12487
19010
22236
23478
25283
31002
32360
29844
27727
27667
26519
20972
16716
14556
11891
7053
2607
1790
-129
-3321
-7378
-9096
-10364
-13255
-15142
-16619
-17507
-19368
-20036
-19049
-18318
-16898
-15276
-12677
-10651
-8199
-4807
-2572
-774
863
3794
5771
6250
7575
9251
10815
10696
11401
13424
14955
15604
15723
16665
17243
16717
15941
15478
14455
12343
10698
9887
9455
8108
6559
5669
4904
3883
2670
1573
-257
-2372
-4433
-5750
-7019
-8303
-9207
-10170
-11032
-11886
-11785
-10925
-10038
-9808
-10090
-10008
-10187
-10545
-11302
-11908
-12599
-14420
-16499
-18130
-19817
-20800
-20351
-19596
-19797
-20355
-17963
-15395
-13387
-12187
-9379
-5920
-5808
-4384
-296
4782
7454
8597
14433
19640
22353
23416
27371
32178
31467
29629
29341
30388
27227
22071
19426
16977
12569
6997
4789
3068
-1321
-6221
-8873
-9253
-11255
-12943
-13824
-14271
-15788
-17520
-16956
-16667
-16573
-16530
-16003
-14506
-13185
-10538
-7535
-4991
-2865
-593
2006
3506
5172
6986
8356
8516
8143
9499
10577
11432
11552
12473
13399
13209
13769
14341
14817
14042
13129
12969
12671
12071
10690
9718
8411
6643
4666
3123
2099
572
-1090
-2417
-3074
-3799
-5065
-6016
-6490
-7129
-8397
-9365
-9482
-10054
-10808
-11608
-11761
-11856
-12607
-13249
-13869
-14257
-15311
-16972
-18229
-19686
-19809
-20081
-20200
-20906
-20810
-19036
-17544
-15422
-13744
-10420
-8034
-6329
-2504
1491
5442
7154
10170
14834
18036
20315
22200
26391
28241
27739
26927
27445
27368
23743
20802
18523
15819
11744
7834
5859
2308
-2047
-6075
-8406
-10136
-12188
-13039
-13661
-14185
-14991
-14616
-13632
-13478
-13023
-12322
-11268
-10789
-9814
-7802
-6474
-5352
-3931
-1177
927
2236
3847
5663
7112
7285
8132
9510
10135
10083
9961
10819
10813
10482
10800
11397
12037
11834
12314
13442
14132
14316
13900
13765
12803
11227
9635
7817
5697
2745
337
-1430
-2701
-3939
-4787
-5221
-6165
-6875
-7096
-6833
-6869
-7594
-8751
-9982
-10945
-12190
-13221
-14213
-15162
-16086
-17301
-17905
-18495
-19474
-19139
-18735
-18310
-19578
-19454
-17651
-16407
-15479
-14664
-11373
-9561
-8472
-5902
-1688
3296
5215
8722
13393
17793
19985
21710
25389
26971
26430
24234
24134
23050
19614
16838
14621
13294
9966
6976
4683
2238
-560
-3467
-5150
-7433
-9055
-10267
-11288
-12041
-12816
-12406
-12186
-12328
-11392
-10542
-9564
-9073
-7559
-5748
-4810
-3803
-2875
-1440
-863
318
1413
1974
2491
3143
4960
5728
6445
7545
8946
9653
9485
10822
12277
12585
12069
12570
13953
13986
14214
15062
15950
15106
13854
13931
13703
11821
8875
6585
4341
1367
-918
-2128
-3029
-4897
-6615
-7052
-7529
-8052
-8897
-9091
-9823
-11096
-12065
-12952
-13310
-14134
-14598
-15876
-17599
-18830
-19612
-19964
-19997
-19608
-19412
-20282
-19508
-17201
-14895
-13811
-12743
-9493
-7384
-5900
-3589
56
3388
4696
7564
11819
15740
17977
20626
24137
25792
25540
24798
25096
23669
21084
18570
15998
13157
9351
6994
4689
1726
-1117
-3082
-4279
-6104
-7276
-8065
-8827
-9840
-10614
-10383
-10531
-10939
-10740
-10421
-9739
-9249
-8135
-6942
-5926
-5032
-3956
-2556
-1410
71
1430
2395
2549
3164
4233
4577
4579
5051
6034
6490
6657
8064
10107
11397
11791
13099
15438
16563
16745
16783
17091
16584
15049
13815
12657
10631
7890
5459
3563
1788
251
-1455
-3204
-4966
-6223
-7486
-8732
-9442
-10285
-11269
-12828
-13365
-13483
-13798
-14538
-15488
-15738
-16621
-17363
-18119
-18740
-19820
-20526
-20573
-20660
-21403
-20268
-18305
-16740
-15866
-13614
-9545
-7616
-6202
-3369
843
3714
5231
9203
14016
16882
17830
20781
24932
26286
25280
25139
26317
24254
21057
19154
18014
15042
10488
7963
5673
1991
-1612
-3283
-4503
-7192
-9164
-9386
-9352
-10412
-10951
-9889
-9329
-9831
-9690
-8656
-7883
-8221
-8359
-7521
-6635
-6298
-5571
-3943
-2125
-361
499
1714
3042
4273
5059
5016
5322
5667
6019
5773
6618
8393
9802
10200
11473
13704
15985
17045
17462
18347
18181
16965
15358
14194
12855
10738
8163
5731
3635
1659
-500
-2877
-4378
-5647
-6894
-8049
-8809
-8388
-8936
-10132
-11483
-11859
-12799
-14294
-15194
-15416
-15903
-17365
-18222
-18319
-18953
-20017
-19766
-19326
-19873
-21316
-20304
-18825
-17868
-17480
-14904
-11027
-9694
-7827
-4144
872
3650
5037
9199
13182
15265
16207
19800
23824
24539
23410
23860
25293
23260
20792
19392
17868
14457
9950
7650
5346
1879
-1336
-3018
-4694
-7245
-8681
-8890
-9703
-10705
-10485
-9332
-9399
-9738
-8520
-7108
-6824
-7364
-6148
-5085
-5295
-6012
-5057
-3477
-2903
-1864
-463
2014
3172
4629
6071
6949
7420
7001
7086
6607
7285
8177
8952
9741
11009
13203
14890
16318
17611
18876
18489
17035
16096
15091
13223
10425
7362
4795
2094
-741
-3216
-4738
-5952
-7506
-8464
-9120
-8902
-9011
-9313
-9637
-10365
-10746
-11889
-12771
-13792
-14807
-16364
-17606
-18207
-18661
-19380
-19593
-18673
-18608
-19143
-19828
-18126
-17201
-16895
-16175
-13489
-10489
-9731
-7099
-2812
1680
4038
6373
11346
15379
17630
20006
24122
27045
26780
26383
27133
27098
24309
22109
20687
17932
14167
10792
9199
6001
2121
-273
-2289
-5015
-7714
-8246
-8783
-10806
-11998
-11290
-10093
-10994
-10910
-9090
-8047
-8223
-8537
-6615
-6080
-6907
-7190
-5928
-4665
-4677
-3365
-1294
813
1653
3211
5449
6549
7234
7702
8941
9232
9729
10888
11842
12781
13424
15237
16536
17676
18926
19891
20313
19740
18968
17886
15713
13262
10381
7976
4979
2248
-306
-2441
-4501
-6243
-7305
-8120
-8354
-8584
-8448
-9021
-9444
-9698
-10462
-11345
-12975
-14366
-16199
-17894
-19321
-20149
-21420
-22372
-21934
-21734
-21876
-22466
-20467
-18955
-18290
-17617
-14716
-11557
-10728
-8780
-4542
-399
1475
3444
8601
13261
15407
17640
21806
25471
25567
25362
26553
26715
24010
21550
19999
17567
14004
10624
8482
5087
1287
-1020
-2842
-4894
-6949
-7430
-8124
-10097
-10705
-10249
-9554
-10571
-10825
-9529
-9515
-10052
-9895
-8250
-7854
-8274
-7643
-6138
-5446
-5257
-3800
-2196
-1168
-542
1440
3540
4476
5090
6259
7612
8108
9049
10521
11243
11434
12128
13783
15232
15976
17558
18849
19356
18745
18491
18018
16235
13637
11184
9064
6244
3661
1378
-761
-3507
-5768
-7297
-8460
-9478
-10134
-10401
-10776
-11629
-11838
-11951
-12662
-13926
-15465
-16647
-18334
-19896
-21418
-23064
-25114
-25788
-25801
-25456
-26053
-24981
-22891
-21581
-19681
-17095
-12810
-11046
-9543
-5777
-1322
1691
3385
7452
12326
14629
16563
19941
24019
25360
25332
25972
26806
25952
23636
21867
19333
16365
12401
8770
5403
1866
-1169
-4313
-6639
-8002
-8442
-9237
-10369
-10019
-9358
-9078
-9617
-9444
-8483
-8792
-9300
-9737
-9085
-8588
-8572
-8152
-7121
-5668
-4934
-3742
-2581
-1031
74
676
1991
3375
4709
5533
6098
7514
9091
10193
10453
12017
14039
15336
16165
17103
19105
19537
19182
19365
20346
20034
18348
16629
15312
13193
10045
7394
5342
2481
-875
-3566
-4970
-6327
-8256
-9141
-9686
-10026
-11014
-11345
-11406
-12077
-13605
-14981
-15778
-17436
-19225
-21159
-22756
-24966
-26686
-26863
-26364
-26342
-26666
-24445
-22347
-20161
-17987
-14000
-10161
-8634
-6020
-1622
2541
5047
6784
10916
14474
16454
18593
21811
25273
25942
26117
26548
27483
26085
23696
21487
19558
16749
12298
8790
5911
2670
-1414
-4693
-6032
-6616
-7944
-8844
-8704
-8446
-8524
-8642
-8256
-8236
-8434
-8824
-8842
-9113
-8755
-8432
-8481
-8334
-7323
-5739
-4964
-4143
-2678
-596
270
1148
3129
5186
6341
6771
8255
10268
11309
11596
12803
14724
15860
16280
17371
19502
20512
20437
20912
21975
22276
21027
19411
18388
16435
13508
10600
8194
5306
1657
-1583
-3948
-5969
-8457
-10326
-11470
-12373
-12945
-13389
-13400
-13681
-14433
-15239
-16185
-17173
-18557
-20254
-22261
-24277
-26342
-27202
-27096
-27007
-27247
-26415
-23592
-21196
-18539
-15535
-11173
-8201
-6699
-3177
918
4301
6159
8654
12960
15393
17273
19320
23107
25261
25206
25157
26384
26993
24688
22634
21021
19194
14904
10689
8293
5131
539
-3414
-5066
-5898
-7860
-8659
-8670
-8754
-9206
-9415
-8796
-9129
-9157
-9270
-9336
-9787
-9641
-8744
-9215
-9661
-9111
-7484
-6695
-6317
-4910
-2903
-1867
-1549
492
2986
4379
5160
6285
8694
9809
10319
11194
12990
14608
14972
16426
18247
20148
20243
20135
21244
21676
20812
18957
17945
16270
13622
10625
8461
6240
2782
-550
-3571
-5829
-8656
-11059
-12465
-13676
-14534
-15173
-15269
-15225
-15785
-16157
-16726
-17430
-18492
-20004
-21532
-23705
-25402
-27258
-27519
-27661
-27204
-27012
-25773
-22993
-20680
-17576
-14839
-10601
-7917
-5602
-2003
1737
5083
6356
8878
12563
14827
16209
17987
21658
23247
23244
23760
25625
25926
23576
22012
20732
18220
13647
10185
7751
3691
-663
-3568
-4607
-6129
-8187
-8606
-8870
-9087
-9728
-9017
-8386
-8605
-8489
-8972
-9096
-9912
-9626
-9460
-10085
-10308
-9658
-8290
-7854
-6775
-4929
-2919
-1683
-711
1778
4091
5650
6342
7770
10186
11216
12404
13222
15547
16681
17706
19475
20917
22499
22403
23135
23564
23846
22883
21042
19392
16787
14017
10527
7605
4194
145
-3769
-7223
-9165
-11740
-13658
-15599
-16228
-16530
-17308
-17267
-17068
-16854
-17591
-18341
-18630
-19060
-20448
-22089
-23060
-24138
-25653
-25751
-25181
-24343
-24980
-23276
-20275
-17490
-14911
-12066
-7278
-5186
-3199
243
4471
7214
7605
10882
14644
16506
17483
20151
24261
24790
24503
25151
27148
26355
23813
22764
21149
18156
13606
10991
8411
3917
-241
-2740
-3891
-6057
-7521
-7838
-8295
-8986
-9408
-8490
-8452
-8972
-8919
-8880
-9256
-10064
-10016
-9813
-10573
-11177
-10464
-9098
-8618
-7476
-5318
-3013
-2083
-1085
2028
4416
5859
6626
8983
11342
12556
13653
15366
17716
18833
19716
21063
22979
23880
23820
24105
24909
24921
23302
21392
19654
17448
14068
10376
7231
3743
-679
-4961
-8181
-10407
-13249
-15770
-16838
-16870
-17065
-17653
-17177
-16742
-16768
-17590
-17871
-17650
-18574
-20340
-22002
-22796
-24249
-25158
-24793
-23637
-23287
-23328
-20494
-17287
-14238
-12109
-8553
-4848
-3644
-1336
2339
6072
7375
8186
11917
14784
16258
17753
21434
24102
23663
23566
25000
26521
24349
22351
20987
19017
15019
10923
8823
5701
1463
-2249
-3988
-5320
-7226
-8213
-8420
-9096
-9830
-9520
-8727
-9258
-9389
-9363
-9497
-10089
-10410
-9538
-9929
-10727
-10864
-9390
-8576
-8019
-6034
-3721
-1986
-1671
469
3216
5080
6089
7503
10448
12135
13848
15305
17494
18909
19860
20852
21906
23271
23450
23599
23618
23771
23360
21348
19504
17499
15286
11786
7965
4803
811
-3607
-7802
-10247
-12749
-15296
-17274
-17723
-17596
-18183
-18161
-17496
-17051
-17542
-18333
-18374
-18801
-20179
-21683
-22944
-24171
-25845
-25921
-25290
-24737
-25217
-23651
-20466
-17662
-14936
-11894
-7240
-5005
-3233
170
3715
6193
6459
8861
12280
14311
15812
18364
22381
23557
23395
24174
26266
25710
23331
21400
19613
16598
11948
8950
6494
2844
-1419
-4286
-5675
-7356
-8923
-9459
-10114
-10532
-11184
-10383
-10245
-10572
-10452
-10834
-11210
-11935
-11292
-10987
-11508
-12014
-11283
-9904
-8959
-7310
-4944
-2628
-1373
62
2729
4942
6663
8154
10083
12298
13622
15298
16824
18577
20075
21205
22257
23235
24478
24932
24639
24170
24204
22782
20385
17874
15497
12567
8251
4240
891
-2973
-6988
-10486
-12381
-14251
-16120
-16815
-16810
-16417
-16966
-16558
-15904
-15567
-16017
-16575
-16623
-17869
-19470
-20995
-22105
-23315
-23658
-23333
-23180
-23642
-22036
-19406
-16684
-14326
-10788
-6761
-4902
-2655
1060
5094
6986
7859
10821
13915
15244
16400
19587
23059
23778
23544
24714
26666
25601
23459
21707
19941
16525
11942
9006
6062
2055
-2211
-5365
-7125
-8802
-10294
-10992
-11768
-12200
-12342
-11681
-11427
-11230
-10480
-10627
-11000
-11578
-10494
-10168
-10782
-11199
-10203
-8806
-8206
-6460
-3891
-1212
191
2198
5177
7297
9281
10823
12339
13523
14768
16736
17386
18643
19683
21120
21935
22312
23913
24429
24110
22955
22382
21295
18369
15254
12408
9528
5116
1015
-2224
-5444
-8912
-12268
-13670
-14840
-15739
-16045
-15317
-14589
-14671
-14197
-13558
-13647
-14436
-15183
-15516
-17199
-19289
-20657
-21875
-22190
-22717
-22140
-22419
-21708
-19651
-17719
-15381
-13256
-8747
-6340
-4613
-1744
2247
5583
5733
8089
11631
13893
14616
16606
21297
22818
22553
22570
24772
25083
22746
21215
19671
17179
12416
8799
5997
2377
-1611
-4932
-7162
-9266
-10474
-10853
-11573
-11992
-12058
-11259
-11142
-11363
-10230
-9523
-9858
-10995
-10122
-8753
-9034
-9472
-8646
-6681
-5915
-4960
-2671
193
2154
3458
6032
8312
10029
11268
12427
13805
14079
15465
16381
17158
17870
18424
19827
20329
21215
21865
22034
21398
20649
19774
17987
15542
12544
9331
5493
1548
-2063
-5550
-8686
-11938
-13807
-15242
-16381
-16290
-15973
-15225
-15384
-14478
-13745
-13513
-13883
-14155
-14109
-15269
-17028
-18358
-19352
-20557
-20982
-20767
-20517
-20815
-19113
-17155
-14826
-13608
-10387
-6859
-5493
-3473
-714
3316
4580
5540
9215
12485
14398
15187
19082
22826
23490
23223
24418
26140
24175
21944
20434
18654
14495
9959
7051
3453
-617
-4342
-6811
-8990
-11179
-11516
-11842
-12643
-13191
-12439
-11487
-12328
-11989
-10670
-10308
-11177
-11475
-9660
-9163
-9414
-8987
-7300
-5899
-5275
-3168
-796
1200
2399
4431
6812
8222
10000
11070
12587
13237
14294
15709
16004
17255
17853
18833
19195
19760
21393
21347
20964
20083
19598
18041
15207
12852
10060
6791
2279
-553
-3215
-6393
-10087
-12214
-12920
-14790
-15478
-15079
-14092
-13998
-14081
-12644
-11454
-11938
-12346
-12456
-12902
-14968
-16795
-17308
-18682
-19518
-20212
-19585
-20326
-19737
-17700
-15380
-13556
-12291
-8593
-6499
-4695
-2501
699
3518
4247
7024
10566
13453
15365
17560
21629
23298
24085
24274
25728
25371
22862
21050
18877
16053
11253
7573
4267
344
-3518
-6491
-8364
-10560
-11860
-12126
-12683
-13183
-13332
-12416
-12359
-12885
-12367
-11842
-11875
-12501
-11523
-10325
-10207
-9680
-8057
-5821
-4860
-3092
-703
1507
2739
4077
6618
7982
9055
10269
11709
12428
12529
14002
15003
15668
15991
17024
18112
18145
18777
19551
19613
18510
17181
16341
14334
11470
8545
5844
2573
-1487
-4275
-6742
-9078
-12054
-13284
-14064
-14851
-14701
-14267
-13587
-14235
-13870
-13001
-12425
-12946
-13029
-12779
-13818
-15999
-17109
-17669
-18764
-19693
-19895
-19065
-19926
-18597
-16850
-14802
-14218
-12700
-9481
-7894
-5711
-3112
602
2737
4257
7946
11714
14355
16131
19920
23428
24732
25536
26276
27385
25327
22885
20756
18200
14694
10139
6887
3144
-691
-4150
-6877
-8767
-10607
-11389
-12105
-12594
-12681
-12526
-12011
-12616
-12319
-11823
-11685
-11539
-11341
-9778
-9071
-8374
-7262
-5388
-3421
-2293
110
2075
4046
5412
6917
8827
9616
10952
11292
12557
13133
14467
15463
16256
17613
18061
19111
19190
19954
20342
19875
19443
18143
16924
15123
12682
10316
7035
3987
343
-2293
-4906
-7393
-9758
-11580
-12308
-13689
-13677
-13370
-12546
-12581
-12740
-11954
-11438
-11401
-12034
-12107
-12399
-13927
-15508
-16283
-16933
-17192
-17886
-17605
-18441
-17929
-16444
-14818
-13164
-12206
-9098
-7696
-6209
-3519
61
2844
3767
6857
11068
14382
16377
19246
23927
26021
26545
26739
28197
27483
24443
22092
19388
16588
12193
8342
5049
1100
-2720
-5925
-7760
-9831
-11125
-12002
-13008
-13716
-13859
-13305
-13539
-14223
-13648
-12993
-12900
-12968
-11474
-9727
-9159
-8133
-6150
-3428
-2049
92
2427
4342
5592
6482
8684
9660
10933
11461
12555
13058
14077
15297
16156
17303
17756
19113
19108
19820
20374
20145
19005
17498
16556
14739
11815
9364
7149
3998
-80
-3251
-5228
-7837
-10915
-12354
-12734
-13708
-14967
-14776
-13355
-13242
-13971
-13672
-12592
-12430
-13154
-12966
-12525
-13335
-15225
-15991
-16363
-16444
-16911
-17011
-17680
-17362
-15986
-14983
-13266
-12264
-9272
-8052
-6817
-3791
-415
2666
3313
6583
10808
13684
15957
19224
23719
25247
25531
26252
27321
26297
23091
20787
18004
14517
10132
6455
3538
-869
-4636
-7887
-9904
-11901
-13551
-13988
-15290
-15900
-16368
-15777
-15591
-16245
-15268
-14933
-14692
-14671
-13135
-11002
-10097
-8772
-6718
-3991
-2509
-790
2100
4164
5191
5513
7683
9447
9731
10418
10929
12364
12092
13028
14888
16326
16943
16845
17883
18288
17721
16792
15900
14768
12632
10258
7865
5442
2842
-415
-3217
-6199
-8039
-10615
-12435
-13761
-14539
-14800
-15722
-15021
-14100
-13317
-13545
-13056
-12082
-12193
-12982
-13170
-12550
-13611
-15566
-16523
-15764
-15634
-16524
-16917
-16599
-15138
-15261
-14079
-11720
-9675
-8081
-7502
-4568
-1144
1131
3070
5071
9510
12446
14683
17551
21650
24796
25042
25602
27095
27707
25239
22611
20686
17944
13456
8856
5886
2434
-2125
-5458
-7814
-9676
-11809
-13006
-13523
-14968
-15621
-15640
-15039
-15573
-15253
-13866
-13381
-13104
-12379
-9876
-8518
-7478
-5519
-2301
-57
1356
3888
6656
8395
8868
10239
12196
12908
13208
13644
14833
15690
15404
16321
17174
17963
18031
18087
19103
18928
18128
16498
15677
14303
11545
8642
6073
3874
480
-2447
-4922
-6732
-9562
-11711
-12384
-12569
-13063
-13573
-12751
-11585
-10972
-11137
-10821
-10086
-10181
-10980
-11344
-11093
-11330
-12816
-14147
-14371
-13228
-13480
-14095
-14499
-12420
-11307
-11385
-9925
-7440
-5190
-6015
-4656
-906
2231
3412
4443
9217
13298
15537
17620
21827
26257
26746
26990
28188
29751
27971
24402
22393
19891
16128
11064
7559
4682
247
-3849
-6899
-8508
-10879
-12781
-13336
-14484
-15169
-15935
-15131
-15301
-16252
-15791
-15688
-15140
-15125
-13042
-10853
-9679
-8215
-5476
-1808
239
2548
5279
7756
8665
9417
11715
12751
13008
12562
13913
14517
14407
14804
15013
15873
15086
15635
16426
16501
15712
14340
13690
12312
10112
7375
4867
2075
-1519
-4686
-7143
-8645
-11101
-13068
-13476
-13274
-13039
-13738
-12709
-11257
-10553
-10514
-10369
-8868
-9211
-10191
-10898
-10914
-11425
-13820
-15217
-15717
-15054
-15314
-15631
-15310
-13278
-11495
-10646
-9280
-7480
-5202
-5371
-5006
-2329
-106
1624
2090
5567
9789
12081
14903
18683
23573
25539
26151
27498
29054
28131
25182
22559
19917
16203
11227
7063
3990
-100
-4173
-7425
-9463
-11000
-12558
-12857
-13659
-13975
-14993
-15308
-15297
-16206
-15896
-16444
-16404
-16189
-15024
-12940
-11450
-9294
-6520
-3359
-826
2173
5369
7521
8785
9928
11910
12701
12560
12262
12993
13216
12328
12977
13442
13746
12868
12904
14323
14045
13166
12125
11845
10667
7993
5590
3324
468
-3437
-6360
-9236
-11381
-13867
-15464
-15796
-15719
-14528
-14038
-12857
-11348
-9615
-8619
-8779
-7879
-7574
-8381
-9670
-10510
-10472
-12467
-14597
-14813
-13868
-14177
-15380
-14853
-12121
-10737
-9794
-7790
-5337
-3958
-4418
-3160
-753
88
681
1848
5052
7841
10096
13700
17800
21863
24241
26073
27613
28642
27765
25588
23161
20051
16113
11459
7285
3538
-502
-3900
-6640
-8714
-10293
-11527
-11626
-12397
-12575
-12620
-12682
-13071
-14080
-13527
-13882
-14627
-14941
-13548
-11988
-11164
-9352
-6061
-2641
-340
3123
7012
9958
11108
12934
15202
15932
15322
15278
15807
15060
14276
14003
14462
13698
12945
13451
14140
13413
12370
11936
11455
9713
7166
5509
3024
-591
-4217
-6810
-9309
-12509
-14980
-15966
-15860
-16066
-15025
-13448
-11376
-9496
-7832
-5861
-5138
-4641
-5102
-5668
-6896
-8279
-9715
-11770
-13714
-14058
-13774
-13921
-14801
-13578
-10245
-9012
-7376
-5480
-2265
-1477
-2151
196
2312
3163
2521
4283
7388
8903
10539
13956
18553
20582
22311
24629
27111
27563
25747
24435
21752
18275
13601
9057
4995
343
-3385
-6844
-9190
-10832
-12284
-12734
-13400
-13254
-12858
-13064
-12904
-13511
-13487
-13877
-14619
-14714
-14575
-13735
-13085
-11571
-9160
-5965
-3017
52
3671
6911
10013
12429
14986
16818
17254
17521
16890
16802
15666
14323
13991
13002
12451
11550
11463
11554
10630
10036
9286
8815
6981
4589
2466
-132
-3315
-6993
-9411
-11921
-14132
-16582
-17589
-17202
-16790
-15618
-14306
-11421
-8925
-6915
-5224
-3818
-2646
-2986
-4209
-4907
-6644
-8802
-11570
-12356
-12175
-12969
-13309
-13205
-10088
-8875
-6760
-4411
-1781
-220
-807
1617
3428
4598
4160
5139
8023
8618
10194
12569
16814
18958
20053
22628
25169
26581
25296
24475
23208
20003
15953
11557
7758
2660
-2303
-5806
-8782
-10763
-12895
-13328
-13396
-13491
-12926
-12821
-11763
-12409
-12575
-12823
-13523
-13605
-14309
-13411
-13313
-12033
-10215
-7420
-4334
-1609
2387
5857
9401
11912
14859
17342
18172
18381
18215
18473
17192
14894
13729
12985
11926
9774
8937
9225
8505
7239
5631
5618
4166
1806
-992
-3412
-5728
-9703
-13003
-15351
-16614
-18721
-19961
-19658
-18263
-16898
-15823
-13369
-10114
-7697
-6158
-4945
-3143
-2364
-3509
-4351
-5475
-6599
-9508
-10587
-10792
-10948
-12307
-12504
-9600
-8263
-6322
-4839
-1214
345
-351
1871
3928
5637
4761
5869
8684
9295
10238
12166
16459
18062
18415
20370
22876
23924
22330
21799
20721
17551
13607
9918
7271
2426
-2136
-5450
-8131
-10383
-13093
-12868
-13333
-13676
-13292
-12301
-11376
-12304
-11653
-11217
-11778
-12462
-12282
-11167
-11586
-11252
-9203
-6554
-4083
-2058
1927
5682
8951
11301
14115
17047
18062
18520
18001
18353
17684
15844
14305
13177
12545
10587
8372
7943
7405
5722
3018
2085
1165
-1758
-4758
-6996
-8304
-11740
-15147
-17055
-17882
-19347
-20518
-19471
-18132
-16694
-15347
-12513
-9402
-7056
-4704
-2986
-1162
-915
-979
-1594
-2888
-4369
-5491
-5826
-6598
-7582
-8178
-6627
-6003
-5148
-3787
-1552
386
137
1585
4231
5393
5494
5482
8603
10044
9915
11213
14198
16999
16789
17481
19649
21433
20225
18910
19081
17871
14602
10735
8392
5781
952
-3028
-5635
-7496
-10280
-12257
-11700
-12320
-12415
-12800
-11440
-10489
-10990
-10023
-10154
-9452
-9914
-9209
-8588
-8418
-7494
-6225
-4023
-2473
79
3339
6312
8889
11139
14522
16786
17339
17892
18523
18709
16486
14800
14154
12730
10218
7666
7396
6010
3627
1668
1143
354
-3001
-5866
-7689
-9415
-13151
-16124
-17469
-18677
-20693
-21897
-20985
-19508
-18548
-17517
-14858
-11393
-8913
-7052
-4712
-2385
-954
-1211
-1622
-1271
-2395
-3594
-4566
-4668
-5052
-6739
-5133
-3804
-2194
-1542
43
2694
2675
4026
5808
7532
7449
6689
9047
10409
11247
11816
14577
16926
16890
17297
18778
20426
18670
16813
15944
14735
12305
8574
6758
4049
221
-3022
-5325
-6458
-8980
-10679
-11206
-11800
-11518
-11635
-10418
-10082
-10008
-9076
-9010
-8320
-8247
-6679
-6252
-5945
-4731
-2569
-245
772
3832
6319
8898
9808
12087
15372
16235
16871
16642
17694
17353
15793
14679
13403
11805
9167
6710
5280
3223
630
-2074
-3812
-5640
-8045
-10590
-13056
-15228
-17984
-19849
-21746
-22496
-23524
-24170
-23445
-22565
-20477
-18762
-16185
-13622
-11191
-8361
-6177
-4326
-3183
-2412
-1941
-2402
-2278
-1793
-1796
-2290
-3673
-2306
-1491
-787
-22
1710
4164
3642
4214
6500
8885
9258
8586
10426
12049
11762
11412
13345
16232
16036
14846
15306
17009
16149
13800
13192
12478
9790
5895
3848
2501
-602
-4035
-5759
-6868
-8932
-10592
-10644
-10909
-11365
-11499
-10641
-10005
-10254
-8946
-7663
-6931
-6646
-5267
-3507
-2590
-1452
744
3171
4813
7017
9348
11701
13346
15014
16865
18345
19108
19336
19304
18857
17999
16745
15243
13368
11344
9055
6579
3544
852
-2097
-5250
-8347
-11773
-14314
-17326
-19752
-21798
-23091
-24215
-25400
-25521
-25049
-23891
-23301
-21382
-19557
-17526
-15476
-13356
-10728
-8906
-6957
-4975
-3630
-2672
-2125
-479
508
864
799
1066
3097
3084
4159
4975
6182
6864
6469
8854
10244
11366
11224
12289
14514
14931
15521
15749
17247
16876
15712
15303
14994
14306
11122
8946
7579
5322
2885
234
-877
-3078
-5977
-7668
-8692
-8989
-10952
-11544
-11853
-12176
-12449
-12519
-10938
-10917
-10314
-9089
-7173
-5834
-5023
-2551
-792
741
2626
5844
8772
9857
11744
13908
15776
16241
17293
18940
19008
18667
18516
19347
18685
16944
15764
14394
12883
10097
8004
5487
1831
-2307
-6352
-9519
-13425
-17585
-21416
-24230
-26520
-28724
-29773
-29868
-29382
-28976
-27885
-25642
-23536
-21903
-20390
-18287
-16131
-14776
-13385
-11622
-9931
-8633
-7559
-5958
-3114
-434
1254
1500
3900
6661
7637
8205
9372
11770
11362
10146
11448
13627
14587
13400
14898
17972
19140
19630
21050
23680
23405
21234
20115
20016
17665
13277
9725
6765
3247
-1083
-4445
-6146
-8620
-11041
-12895
-13031
-12848
-13892
-13435
-13484
-12784
-12740
-12786
-11854
-12224
-11375
-10726
-9167
-7195
-4856
-1655
748
3844
7858
11780
14853
16919
19550
21223
21572
21882
22456
22535
20674
19175
18659
18230
17274
15584
15426
14156
12083
9687
7810
6053
2255
-2066
-6664
-10912
-16058
-21114
-24617
-26926
-29654
-31603
-32401
-32018
-31256
-30094
-27735
-25510
-22976
-20953
-18759
-16911
-15187
-13975
-13012
-11860
-10414
-9269
-7961
-5408
-2386
-168
1142
4533
7814
10036
10856
13028
15217
14635
13816
14550
16149
15547
14591
16260
18200
18662
19092
21539
23956
23797
23278
23630
23300
20187
16404
13606
9722
4701
-119
-3302
-6898
-11274
-13758
-14513
-15110
-16313
-16095
-14522
-14128
-14254
-13679
-12002
-11727
-12471
-11937
-10843
-9650
-8964
-6239
-2978
131
3223
7147
11815
15142
19037
21874
24311
25522
25889
26217
24925
23529
21924
20307
18191
15918
14778
13436
12073
9975
8264
6845
4007
1284
-2368
-5505
-9577
-14224
-18580
-22753
-25565
-28830
-30763
-32074
-32346
-31768
-31201
-29024
-27028
-24990
-23502
-21792
-19096
-17728
-16521
-15581
-13872
-12799
-11518
-9260
-6288
-3843
-2089
1472
4765
7643
9363
11869
14496
15223
16191
17349
18638
18456
17808
19277
20484
21133
21265
22768
24409
24304
23994
24194
24208
22000
18435
15649
12512
8288
3143
-979
-4692
-8755
-12178
-14772
-15589
-17090
-18016
-17866
-17490
-17134
-17403
-16488
-15920
-15618
-15279
-14466
-13099
-11893
-9775
-7305
-4180
-864
3055
7030
10631
14553
18021
20656
22099
23450
23958
23331
22369
21395
20440
18064
16011
14401
12849
10956
9118
7972
5967
3124
411
-2163
-5532
-9729
-13570
-17012
-20803
-24123
-26349
-27824
-29079
-29317
-28622
-27651
-26638
-25409
-23567
-22416
-21477
-20445
-19296
-19326
-19331
-18676
-17591
-16035
-14728
-11733
-9719
-6946
-3786
87
4348
6750
9729
11672
13335
14455
15012
16156
16246
16567
17379
18376
19750
20794
22415
23916
24720
24886
24508
23898
21958
19318
15825
12266
8369
3953
246
-3568
-6464
-9063
-10719
-11626
-12484
-12543
-12662
-12281
-12140
-12158
-11682
-11960
-11890
-12062
-12052
-11554
-10921
-9157
-7303
-4811
-1709
1917
5774
9055
12466
15644
17843
19105
19913
20181
19707
18578
17398
16275
14862
13422
12416
10961
9813
8405
6629
4735
2323
228
-2905
-6314
-10083
-13517
-16817
-20115
-22450
-23968
-25010
-25533
-24998
-23669
-22225
-20782
-18896
-17126
-15741
-14971
-14469
-13984
-14144
-14737
-15033
-14602
-13477
-12454
-11258
-8332
-5421
-2222
609
3612
7358
9493
11620
13472
15507
16578
16738
18004
19478
20229
20713
22338
24301
25354
25505
26146
26281
25080
22676
20472
17647
13799
9366
5273
1444
-2599
-5779
-8424
-9836
-11362
-11699
-11410
-11012
-9967
-9056
-7843
-7459
-7031
-6309
-6072
-6083
-6061
-5212
-4126
-3199
-1289
1291
3762
6206
8767
11924
13979
15105
15867
16467
15882
14625
13735
12621
10989
9024
8047
7037
5671
4268
3637
2956
920
-555
-2018
-3598
-6630
-9720
-12081
-14902
-17570
-20244
-21160
-21961
-22673
-22443
-21060
-18929
-17318
-15802
-13951
-12172
-11035
-10661
-10108
-10034
-9956
-10124
-10055
-9459
-9236
-7569
-6061
-3490
-1037
1472
4498
6383
8709
10557
12647
13989
14351
15667
16567
17395
17789
19274
21118
21589
21881
22680
23792
23160
21565
20242
18652
15230
10679
7131
3587
-993
-5561
-8867
-10659
-13062
-14638
-14671
-13658
-12853
-12516
-10580
-8529
-7033
-6090
-4614
-3067
-2158
-1523
-113
1573
2949
4655
6949
9533
11427
13054
14733
15947
16566
16070
15400
14001
11647
9095
6121
3174
90
-2599
-5253
-7586
-9293
-10386
-11662
-12642
-13202
-13899
-14942
-16384
-17453
-18592
-19959
-21433
-22219
-22616
-22813
-22511
-21418
-19721
-18044
-15953
-13987
-11621
-9804
-8222
-7231
-6520
-5877
-5765
-5653
-5513
-4373
-3574
-2718
-1681
272
2459
4162
6485
8936
11309
12504
13755
15573
16702
16888
16737
17159
17534
16990
16946
16977
17074
16452
15789
15655
14643
13127
10915
8718
5909
2672
-720
-3871
-7168
-10223
-12369
-14143
-15391
-15762
-15381
-14261
-13090
-11020
-8093
-5885
-3359
-1007
1776
3630
5287
7705
9920
11724
12829
14710
16746
18006
18840
20019
20836
20343
19111
17888
16174
13024
9191
5524
1762
-2590
-6912
-10419
-13680
-16987
-19740
-21720
-23255
-24643
-25449
-25533
-25329
-25099
-24684
-23938
-23309
-23030
-22438
-21546
-20572
-19506
-18044
-16180
-14090
-12026
-9746
-7251
-4831
-2685
-1050
720
2286
3490
4543
5484
6683
7723
8596
10070
11659
13407
14917
17070
18978
20551
22094
23370
24603
24641
24488
23967
22984
21445
19210
17156
14790
12370
9694
7427
5281
2929
751
-1196
-3032
-4805
-6361
-7941
-9559
-10824
-11739
-12418
-12860
-12889
-11663
-10577
-9007
-6902
-4111
-1282
1080
4169
7308
10123
12530
15114
17324
19007
19901
20628
21331
21076
20473
19450
17853
15898
13656
11242
8321
4986
1507
-1946
-5603
-9644
-13243
-16873
-20415
-23732
-26444
-28238
-30002
-31190
-31959
-32202
-31843
-31560
-30590
-29246
-27818
-26333
-24560
-22341
-19939
-17472
-15189
-12381
-9797
-6939
-4268
-1703
1134
3499
6021
7809
10005
12304
13978
15602
17083
18789
19926
20911
22213
23456
24272
24730
25164
25426
25292
24724
23917
22623
20650
18235
15287
12495
9809
7063
4309
1571
-534
-2728
-4605
-6175
-7145
-7915
-9041
-9627
-9553
-9472
-9331
-8901
-7855
-6510
-5604
-4198
-2186
203
2176
4300
7004
9442
11230
12950
14804
16016
16482
16353
16276
15477
13885
12209
10513
8426
6077
3915
1992
-230
-2785
-4719
-7008
-9442
-12046
-14551
-17330
-20391
-22773
-24789
-26280
-27975
-29254
-29741
-30182
-30096
-29602
-28509
-27022
-25485
-23594
-21736
-19420
-17052
-14971
-12699
-10481
-7783
-5357
-2717
127
3044
5782
8516
11635
14425
16977
19093
20873
22157
23068
23574
23539
22997
22273
21154
20134
18929
17832
16692
15209
14021
12583
11195
9604
7919
6008
4019
2103
309
-1388
-2996
-4210
-5327
-6139
-6581
-6284
-5976
-5223
-4326
-3178
-1760
-241
1627
3150
4284
5316
6525
7377
7929
8411
9198
9434
9267
9116
9186
9008
7973
7284
6330
4782
2606
591
-1311
-3744
-6446
-8867
-11092
-13655
-16115
-18042
-19547
-21143
-22262
-22809
-23139
-23522
-23834
-23537
-23082
-22660
-21871
-20878
-19643
-18575
-17048
-15146
-13064
-10966
-8681
-6144
-3959
-1768
733
3106
5272
7199
9203
10846
12276
13817
15075
16103
16349
16716
16520
16111
15595
14974
14201
12996
11820
10623
9361
7849
6216
4810
3595
2297
1256
338
-128
-935
-1107
-991
-842
-393
-35
700
1439
2368
3255
4519
5575
6290
7031
7899
8993
9624
10324
10955
11347
11343
11363
11377
11210
10457
9395
8358
7136
5646
4019
2540
868
-787
-2641
-4377
-5977
-7730
-9376
-10952
-12403
-13753
-15179
-16339
-17372
-18209
-18790
-19517
-19955
-20503
-20687
-20466
-20030
-19322
-18585
-17027
-15852
-14168
-12145
-9848
-7496
-5845
-3494
-1235
1019
2911
4880
6949
8388
9722
10827
12245
13255
13698
13998
14161
14206
13558
12652
11837
10785
9401
7582
6287
4629
2599
891
-510
-1538
-3016
-4048
-4957
-5401
-5664
-5797
-5453
-4761
-4086
-3453
-2703
-1615
-712
143
1385
2850
4323
5540
7105
8646
10092
11082
12128
13286
13988
14176
14276
14295
13845
13012
11980
10898
9251
7365
5803
4130
2153
282
-1526
-3160
-4868
-6539
-7859
-9500
-11077
-12526
-13829
-15215
-16413
-17392
-17887
-18295
-18520
-18060
-17767
-17139
-16415
-14972
-13518
-12204
-10632
-8950
-7353
-6312
-4580
-2495
-1001
100
1645
3759
5309
6491
8006
9827
10853
11567
12624
13629
13857
13320
12802
12195
11018
9565
8381
7499
6211
4411
3150
2057
1130
-69
-838
-1446
-2266
-3120
-4129
-4590
-4988
-5703
-6105
-6196
-6042
-5918
-5402
-4340
-2921
-1419
-110
1796
3625
5298
6657
8113
9307
10056
10468
10734
11071
10619
10129
9594
9129
8393
7557
7068
6581
5776
4791
3940
2997
1549
21
-1276
-2846
-4451
-6194
-7684
-9216
-10761
-11999
-12949
-13448
-13836
-14033
-14268
-14211
-14047
-13701
-13344
-12882
-12058
-11522
-10837
-9799
-8436
-7185
-5932
-4114
-2251
-713
925
3065
5234
6940
8234
9538
10910
11374
11573
11558
11555
11180
10338
9655
9101
8255
7225
6228
5475
4436
3247
2206
1276
469
-669
-1669
-2685
-3295
-4174
-4983
-5210
-5289
-5236
-5245
-4542
-3629
-2790
-2005
-930
403
1254
2061
2863
3568
3885
4069
4462
4608
4688
4564
4663
4864
5009
5077
5070
5191
4914
4382
3842
3239
2392
1349
349
-579
-1761
-2916
-3796
-4505
-5232
-5745
-6147
-6188
-6308
-6428
-6470
-6575
-6848
-7065
-7133
-7331
-7273
-7397
-7245
-7148
-6968
-6226
-5605
-4662
-3696
-2549
-1218
-554
326
1103
1929
2315
2404
2936
2993
2802
2642
2937
3157
3026
3204
3634
4086
4089
4459
4848
4986
4866
4680
4649
4180
3468
2902
2543
2086
1744
1576
1594
1565
1912
2176
2576
2872
2960
3067
2728
2381
2134
1852
1213
636
206
13
-247
-518
-544
-490
-366
-180
182
465
467
341
222
47
-214
-794
-1416
-2133
-2707
-3061
-3241
-3211
-3175
-3376
-3324
-3255
-3150
-3033
-3165
-3139
-3594
-3590
-3953
-3979
-3921
-4368
-4449
-4531
-4108
-3638
-3099
-2539
-2000
-1502
-1153
-717
-59
190
346
325
448
503
284
238
137
211
58
-13
13
146
44
-311
-386
-750
-1094
-1560
-1976
-2231
-2562
-2434
-2550
-2230
-1810
-1195
-245
531
1699
2392
3266
4066
4884
5458
5888
6422
6418
6259
6117
6059
5933
5703
5561
5354
5076
4606
4222
3731
2971
2299
1667
803
-195
-1186
-2143
-2975
-3774
-4144
-4335
-4485
-4650
-4570
-4300
-4175
-4054
-3815
-3586
-3555
-3614
-3403
-3283
-3405
-3428
-3454
-3327
-3235
-2925
-2282
-1636
-1180
-708
-110
393
759
730
745
651
794
453
213
247
240
446
596
1180
1672
1900
2124
2431
2678
2620
2382
2417
2235
1720
1118
390
-233
-940
-1476
-1822
-1862
-1793
-1660
-1424
-1096
-879
-761
-470
-250
-200
-280
-89
-19
212
256
553
1134
1765
2626
3504
4710
5567
6228
6813
7354
7726
7674
7433
7070
6592
5826
5046
4433
3777
3108
2464
2223
2070
1894
1691
1416
1190
732
-27
-560
-956
-1791
-2693
-3378
-3853
-4488
-4983
-5043
-5091
-5172
-4867
-4521
-3992
-3809
-3415
-2959
-2759
-2608
-2345
-2162
-2135
-2028
-1798
-1557
-1236
-732
-181
302
654
1203
1674
2141
2360
2545
2699
2511
2207
1900
1665
1290
818
471
331
335
288
462
591
911
1243
1311
1430
1296
1073
1014
731
609
266
-33
-208
-467
-535
-462
-279
66
450
635
805
947
1218
1336
1344
1319
1160
1112
1129
1236
1339
1482
2056
2233
2483
2924
3449
3867
3770
3906
3869
3663
3418
3107
3006
2635
2182
1850
1482
1203
856
688
599
322
-66
-528
-831
-1472
-2080
-2655
-3113
-3559
-4117
-4667
-5195
-5542
-5678
-5559
-5677
-5458
-5192
-5005
-4590
-3958
-3491
-3111
-2524
-2032
-1644
-1375
-1375
-948
-481
-416
-40
368
817
958
1183
1524
1635
1696
1918
2177
2287
2372
2196
2205
2057
1747
1699
1593
1315
977
640
306
66
-252
-564
-707
-914
-1251
-1560
-1750
-1991
-2361
-2465
-2417
-2508
-2518
-2572
-2307
-1980
-1865
-1617
-1166
-751
-625
-67
374
850
1302
1848
2354
2661
3130
3625
3794
3621
3518
3497
3362
2969
2695
2370
1796
1054
361
-273
-1201
-2032
-2723
-3561
-4416
-5137
-5582
-6080
-6573
-6963
-7051
-7214
-7313
-7201
-7064
-6918
-6760
-6400
-5662
-4954
-4216
-3033
-1936
-921
-201
774
1769
2462
3057
3427
3695
3820
3908
4077
4122
3899
3702
3428
3169
2916
2726
2629
2329
1999
1754
1478
1020
518
69
-364
-1012
-1302
-1542
-1743
-1949
-2025
-1712
-1530
-993
-536
-280
58
280
401
625
629
731
810
751
890
1022
1331
1582
1961
2449
2898
3177
3506
3847
4044
4103
4170
4173
3800
3294
2753
2227
1582
1117
646
305
-85
-383
-479
-550
-771
-1053
-1465
-1937
-2461
-3191
-3787
-4408
-4946
-5352
-5640
-5487
-5320
-5045
-4499
-3891
-3266
-2623
-1946
-1166
-384
119
674
1401
2131
2378
2917
3409
4106
4690
5325
5874
6148
6409
6440
6512
6348
6004
5401
4623
3488
2455
1525
477
-474
-1343
-1576
-1781
-2022
-2122
-2011
-1732
-1616
-1279
-1111
-1072
-1278
-1233
-1039
-1074
-958
-651
-353
-203
57
859
1438
1905
2410
2838
3252
3425
3660
3862
3910
3649
3294
2969
2602
2195
1865
1437
1202
999
852
698
378
217
-63
-482
-949
-1408
-1958
-2487
-2952
-3309
-3650
-4117
-4434
-4363
-4198
-3788
-3575
-3199
-2947
-2694
-2344
-1998
-1559
-1282
-1193
-1309
-1356
-1446
-1352
-1207
-935
-718
-295
237
690
1293
1933
2495
2765
2975
3283
3289
3132
2948
2860
2772
2700
2685
2710
2790
2649
2455
2217
1909
1281
681
236
-141
-610
-1360
-1888
-2374
-2860
-3038
-3058
-2934
-2700
-2442
-2065
-1572
-1002
-683
-452
-75
172
416
570
843
1221
1218
1357
1675
1838
2152
2401
2514
2630
2780
2646
2572
2332
1869
1444
785
193
-410
-831
-1248
-1675
-2067
-2343
-2558
-2833
-2874
-3098
-3306
-3589
-3835
-4054
-4005
-4020
-3931
-3591
-3185
-2581
-2264
-1663
-1030
-331
286
807
1231
1592
1915
2158
2438
2667
2589
2284
2086
1746
1469
1165
1012
682
383
175
73
-73
-436
-792
-1324
-1740
-2174
-2375
-2563
-2582
-2629
-2532
-2366
-2294
-2174
-2013
-1789
-1721
-1512
-1479
-1345
-1300
-1179
-964
-756
-665
-621
-374
-67
68
226
410
635
753
793
886
886
871
833
882
797
557
373
296
105
-11
-245
-395
-518
-604
-845
-1072
-1390
-1618
-1966
-2234
-2333
-2580
-2943
-3095
-3155
-2978
-2762
-2707
-2367
-2151
-1957
-1666
-1227
-847
-436
-201
152
590
895
1300
1781
2261
2760
3097
3454
3833
4027
4208
4489
4651
4648
4527
4350
4203
3896
3736
3333
2921
2474
1782
1248
872
487
34
-306
-558
-802
-1024
-1206
-1380
-1608
-2006
-2327
-2621
-2793
-2956
-3069
-2820
-2526
-2234
-1847
-1584
-1229
-903
-599
-202
13
296
517
609
759
877
1013
1199
1482
1786
1877
1964
2287
2450
2489
2425
2096
1893
1408
1033
496
-31
-569
-1205
-1589
-1849
-2085
-2205
-2274
-2335
-2399
-2461
-2469
-2384
-2446
-2509
-2386
-2437
-2286
-2226
-2126
-1806
-1431
-947
-237
523
1227
1880
2559
3221
3858
4247
4518
4753
4720
4811
4986
5067
5091
5082
5037
5055
4932
4840
4668
4245
3972
3538
3125
2536
1869
1203
445
-275
-840
-1293
-1923
-2341
-2597
-2856
-2980
-3163
-3255
-3340
-3389
-3434
-3300
-3001
-2913
-2742
-2674
-2517
-2269
-2221
-1963
-1655
-1498
-1298
-1095
-831
-423
-271
-143
3
137
116
278
398
335
275
50
65
9
-39
81
96
38
2
-116
-322
-618
-1015
-1107
-1287
-1609
-1898
-2208
-2278
-2371
-2340
-2189
-2111
-1810
-1533
-927
-456
50
554
808
1191
1465
1710
2006
2439
2557
2895
3163
3427
3691
3904
4154
4231
4353
4464
4589
4340
3974
3756
3480
3145
2871
2442
2135
1717
1463
1314
1048
768
530
208
-25
-211
-325
-610
-833
-1010
-1352
-1444
-1670
-1828
-1972
-1887
-1768
-1672
-1598
-1476
-1309
-1240
-1225
-1142
-1089
-1309
-1434
-1582
-1652
-1694
-1850
-1932
-2189
-2489
-2519
-2608
-2795
-2966
-3010
-2960
-3228
-3329
-3483
-3610
-3636
-3757
-3822
-3869
-3605
-3310
-3022
-2701
-2340
-1996
-1609
-1255
-986
-584
-432
-220
40
160
561
603
783
1151
1342
1317
1261
1431
1538
1712
1806
1941
1759
1696
1643
1678
1672
1559
1316
1134
986
876
775
785
930
874
871
766
760
723
729
616
456
502
505
502
544
614
731
671
695
662
552
487
379
376
227
224
100
-14
44
26
38
-138
-156
-257
-382
-421
-467
-394
-672
-740
-921
-1082
-1204
-1418
-1692
-1965
-2162
-2478
-2671
-2867
-2925
-2973
-3034
-2994
-3079
-2928
-2901
-2912
-2828
-2824
-2542
-2276
-2098
-1979
-1830
-1665
-1422
-971
-503
-103
188
659
1250
1732
2075
2272
2497
2677
2779
2932
3059
3221
3193
3333
3392
3211
2897
2455
2225
2009
1966
1879
1834
1491
1059
793
480
437
250
35
-198
-414
-468
-453
-440
-301
-317
-367
-437
-301
-157
-125
-163
-216
-144
-206
-74
2
116
167
155
257
465
615
702
861
1013
1231
1052
994
869
667
316
164
229
90
-187
-359
-567
-745
-916
-1095
-1343
-1878
-2262
-2614
-2864
-2861
-2883
-3020
-3141
-3316
-3238
-3218
-3057
-2785
-2544
-2263
-1950
-1643
-1286
-993
-776
-590
-265
63
329
721
1072
1186
1421
1797
2054
2439
2651
2804
2919
2930
2944
2978
2906
2823
2820
2723
2516
2356
2159
2125
2143
2067
2026
1915
1747
1748
1765
1644
1490
1515
1393
1345
1223
1119
1008
751
466
303
164
-84
-58
-61
-15
34
-44
-99
-62
-159
-145
-177
-384
-404
-585
-591
-648
-515
-190
-55
-54
-79
-43
-39
73
31
193
262
105
19
-124
-71
-288
-521
-648
-866
-1075
-1490
-1513
-1547
-1549
-1579
-1554
-1409
-1465
-1422
-1377
-1186
-1087
-1077
-1030
-896
-877
-862
-803
-616
-382
-387
-296
-112
102
272
468
697
870
1053
1195
1340
1542
1594
1544
1653
1792
1905
2127
2475
2531
2572
2731
2767
2877
2856
2906
2775
2608
2346
2140
1951
1585
1408
1350
1228
971
777
704
575
451
427
355
344
56
-144
-152
-367
-492
-670
-796
-892
-985
-1134
-1206
-1193
-1206
-1105
-986
-860
-881
-874
-916
-860
-787
-811
-933
-1115
-1262
-1368
-1467
-1442
-1322
-1307
-1167
-1133
-1201
-1172
-1210
-1222
-1199
-1256
-1323
-1333
-1344
-1380
-1263
-1269
-1274
-1206
-1086
-963
-880
-706
-498
-285
-305
-155
104
310
399
445
417
306
228
264
423
621
839
1103
1307
1253
1451
1759
1911
2094
2184
2269
2322
2208
2255
2325
2291
2211
2167
2209
2168
2175
2005
1795
1651
1407
1252
1182
1034
730
544
404
279
17
-15
-238
-387
-412
-593
-716
-666
-815
-910
-1062
-1122
-1276
-1551
-1687
-1836
-1884
-2149
-2376
-2463
-2559
-2599
-2671
-2733
-2824
-2828
-2775
-2632
-2648
-2752
-2775
-2992
-2884
-2887
-2847
-2714
-2724
-2798
-2675
-2526
-2348
-2118
-1977
-1619
-1368
-1157
-962
-681
-586
-496
-430
-112
142
301
468
662
627
587
594
516
507
436
427
546
549
536
476
494
534
540
506
444
469
349
255
328
342
515
549
547
624
676
778
760
812
741
857
882
964
971
870
775
762
750
676
842
762
863
929
853
768
463
356
150
-71
-188
-236
-456
-544
-475
-402
-424
-487
-608
-651
-769
-799
-845
-972
-1073
-1215
-1255
-1250
-1357
-1433
-1446
-1505
-1684
-1770
-1787
-1818
-1778
-1784
-1718
-1684
-1665
-1561
-1483
-1280
-1151
-1006
-854
-838
-714
-692
-480
-128
30
303
471
685
865
943
1090
1340
1349
1358
1449
1568
1598
1651
1775
1770
1834
1792
1839
1713
1666
1479
1316
1265
1211
1126
1096
937
925
1027
1009
1100
1103
1014
939
939
1002
1008
972
993
943
909
856
749
915
906
828
774
929
1062
1150
1495
1469
1537
1511
1509
1572
1360
1230
1277
1294
1343
1424
1470
1309
1307
1280
1095
1016
1019
887
771
800
662
482
263
118
-52
-265
-455
-559
-739
-897
-870
-1009
-1019
-1015
-1022
-1040
-1048
-910
-832
-719
-655
-620
-571
-594
-588
-303
-264
-143
-16
-23
105
130
297
391
637
514
536
558
727
899
912
1003
960
984
982
1101
1181
1244
1116
1182
1236
1386
1295
1133
1110
862
721
570
465
284
252
160
47
190
127
104
165
188
206
168
145
157
41
85
-26
-48
-87
-131
-263
-365
-408
-452
-402
-458
-416
-485
-467
-568
-497
-468
-626
-606
-559
-541
-487
-579
-592
-685
-603
-617
-449
-387
-377
-454
-682
-834
-855
-976
-1069
-1112
-1420
-1500
-1811
-1912
-2047
-2118
-2058
-2034
-2008
-2032
-2062
-1945
-1907
-1883
-1701
-1760
-1655
-1622
-1620
-1601
-1574
-1538
-1620
-1569
-1571
-1367
-1148
-1051
-875
-680
-618
-512
-359
-329
-291
-200
-210
-250
-332
-311
-354
-318
-376
-404
-328
-408
-407
-331
-378
-379
-428
-530
-668
-738
-744
-733
-715
-695
-732
-836
-719
-677
-704
-727
-731
-761
-710
-645
-451
-423
-512
-450
-513
-567
-588
-500
-594
-688
-652
-604
-651
-609
-618
-606
-526
-505
-299
-370
-283
-441
-380
-388
-288
-198
-291
-218
-193
-133
-350
-367
-370
-202
-206
-100
-43
-172
-243
-415
-296
-273
-376
-493
-452
-365
-350
-158
20
56
91
159
384
566
728
687
673
741
844
1030
1062
944
821
766
688
886
740
946
964
946
1063
992
1140
1160
1063
1055
1024
901
881
900
1030
1058
1286
1387
1412
1547
1485
1538
1479
1419
1397
1318
1309
1386
1372
1395
1334
1113
1018
856
625
523
338
334
350
221
89
-31
-4
37
11
29
13
33
13
86
2
-39
-101
-144
-159
-178
-64
105
219
303
538
526
548
511
502
421
430
334
250
353
373
370
393
383
381
359
197
-15
-60
-47
-58
33
-119
-386
-498
-541
-449
-578
-437
-412
-539
-531
-444
-227
-48
-25
-110
95
129
120
244
272
340
446
399
489
497
559
512
547
470
694
682
743
845
827
965
900
918
899
990
989
1035
1077
1153
1151
1215
1156
1241
1366
1528
1533
1635
1519
1333
1137
1150
1130
978
999
740
593
266
66
-72
-175
-212
-324
-511
-348
-317
-530
-481
-362
-348
-462
-382
-362
-332
-213
-308
-314
-414
-341
-399
-333
-206
-87
1
66
77
15
12
-51
-85
-147
-247
-417
-433
-595
-556
-734
-802
-939
-1147
-1351
-1523
-1564
-1665
-1624
-1674
-1631
-1657
-1655
-1576
-1432
-1414
-1481
-1519
-1372
-1265
-1060
-815
-733
-594
-419
-305
-289
-304
-314
-237
-325
-310
-272
-387
-437
-425
-500
-309
-219
-189
-190
-295
-453
-492
-574
-677
-625
-552
-522
-606
-615
-733
-760
-827
-800
-765
-967
-915
-824
-863
-847
-898
-814
-739
-869
-900
-1018
-1004
-1122
-1062
-935
-920
-834
-756
-681
-706
-584
-583
-426
-474
-451
-391
-351
-351
-400
-421
-400
-337
-191
4
-24
-30
-195
-79
19
29
133
338
168
182
230
155
308
225
212
180
190
144
168
315
406
453
384
430
489
506
628
708
734
692
768
701
715
713
739
857
983
975
980
1032
850
541
359
312
135
52
7
121
131
179
148
186
115
96
-23
-14
88
59
163
-79
-33
-111
-103
26
117
228
101
224
307
451
565
784
741
679
648
713
765
691
478
363
265
243
297
224
323
343
383
358
265
282
247
194
80
-99
-157
-415
-508
-543
-506
-344
-368
-180
-247
-77
144
163
163
194
201
205
154
123
133
150
207
94
-162
-252
-397
-422
-131
-212
-260
-202
-155
-198
-274
-334
-294
-428
-475
-384
-439
-343
-329
-141
-16
185
180
144
248
199
243
281
247
155
1
-119
-187
-254
-430
-353
-479
-572
-506
-455
-418
-441
-369
-299
-288
-303
-62
-233
-260
-231
-351
-429
-318
-179
-72
108
136
272
396
443
486
520
502
507
499
376
380
222
298
331
455
544
617
787
775
754
806
713
706
837
683
613
580
551
406
390
513
561
516
535
469
396
474
395
336
259
29
-128
-414
-539
-579
-711
-575
-566
-492
-578
-592
-490
-369
-310
-280
-263
-247
-175
-131
-1
-68
-37
-85
-11
105
169
220
248
148
131
184
325
431
373
381
199
165
75
155
177
133
208
116
114
-3
102
123
171
157
130
158
198
281
293
386
471
425
420
543
642
676
499
283
291
306
243
332
517
445
364
265
273
266
118
9
-200
-238
-208
-152
29
82
73
61
120
220
213
236
243
288
186
234
262
90
27
-4
-53
-129
-56
10
2
63
-39
12
122
63
48
83
-90
-251
-392
-377
-262
-401
-424
-390
-394
-406
-324
-145
-77
76
111
111
209
143
68
50
158
219
373
543
660
752
721
841
887
837
913
992
1122
1012
1140
1101
1021
1037
853
772
732
729
562
572
578
600
704
871
964
892
704
446
258
230
229
245
222
303
376
308
335
371
416
270
201
221
128
91
-24
-142
-155
-384
-641
-505
-478
-370
-496
-635
-757
-1004
-889
-580
-167
-160
-240
-344
-375
-434
-487
-401
-500
-576
-534
-455
-479
-442
-747
-932
-1054
-1059
-903
-998
-1235
-1480
-1839
-2008
-2139
-2093
-1875
-1937
-1700
-1617
-1648
-1742
-1886
-1736
-1584
-1458
-1094
-936
-872
-736
-502
-360
-475
-375
-340
-463
-78
249
205
332
394
451
329
304
347
417
666
868
1034
938
737
866
794
812
991
1151
1114
1230
1308
1199
973
692
478
345
351
241
315
290
244
175
156
36
-240
-500
-679
-615
-544
-469
-318
-214
-213
-200
-329
-480
-640
-796
-780
-725
-684
-623
-660
-571
-558
-514
-294
-114
-85
-107
-170
-276
-319
-428
-497
-341
-183
-70
111
-1
61
-49
-260
-214
-331
-267
-126
-88
-122
47
202
195
295
276
236
157
163
290
462
695
892
963
1056
943
823
846
863
910
934
1041
1105
1184
1116
1042
1010
959
964
1035
1152
1168
1192
1108
1060
1182
1219
1501
1787
1899
1871
1665
1429
1193
1112
1194
1222
1306
1372
1260
1201
1165
1049
1080
1053
1051
920
875
755
625
651
454
350
294
288
262
145
22
23
-71
-160
-63
-151
-119
-59
-86
-66
-130
-230
-379
-488
-605
-665
-627
-427
-234
-132
-130
-97
-134
-200
-94
-63
-154
-117
31
-108
-148
-190
-205
-244
-259
-220
-311
-308
-379
-319
-388
-378
-309
-396
-353
-274
-238
-135
-208
-110
19
-27
-46
-96
-6
94
262
385
387
439
528
770
879
857
865
851
997
1259
1451
1345
1299
1081
1142
1079
1064
1313
1303
1433
1273
1192
1103
1261
1350
1293
1366
1247
1044
896
707
658
596
615
727
671
638
611
469
249
35
-67
-68
-225
-368
-379
-524
-729
-903
-1000
-1059
-1160
-1034
-989
-1191
-1250
-1148
-1095
-1028
-1055
-1188
-1241
-1291
-1322
-1243
-1281
-1294
-1356
-1456
-1418
-1227
-1166
-980
-926
-988
-1176
-1330
-1313
-1260
-1123
-892
-758
-706
-698
-683
-504
-296
-203
-239
-366
-382
-398
-404
-214
-319
-308
-394
-401
-423
-427
-516
-699
-801
-808
-855
-633
-416
-314
-245
-251
-318
-316
-411
-631
-503
-431
-387
-404
-355
-369
-301
-298
-295
-232
-392
-375
-281
-98
-178
-103
-100
-235
-127
-50
38
-51
12
-136
-174
-358
-513
-616
-665
-396
-515
-586
-780
-1080
-1029
-933
-862
-706
-863
-948
-936
-1002
-949
-1065
-1051
-1075
-938
-780
-748
-800
-935
-799
-708
-496
-297
-301
-206
-253
-178
-79
62
99
70
154
203
155
347
455
486
741
717
788
776
766
638
643
720
954
796
668
683
530
666
591
719
640
662
752
697
511
399
256
122
208
393
609
624
744
419
75
-105
-304
-307
-64
64
306
328
246
202
96
20
26
173
174
288
228
81
34
-110
-217
-292
-245
-51
15
-90
-180
-397
-451
-352
-217
-346
-251
-258
-286
-284
-227
-72
-54
22
-33
-26
195
418
546
703
615
505
447
448
565
764
1071
1085
1048
916
735
599
543
630
606
573
625
562
495
715
855
828
807
684
552
570
677
727
871
950
997
908
670
632
512
453
188
200
341
558
834
922
969
873
753
695
497
395
504
661
633
405
415
268
206
70
40
-53
-207
-299
-295
-410
-506
-554
-621
-609
-725
-656
-732
-717
-762
-716
-606
-595
-527
-531
-661
-747
-623
-606
-460
-554
-555
-531
-608
-622
-690
-443
-185
-129
103
213
61
-3
-229
-272
-259
-257
-39
105
184
247
97
76
-191
-233
-31
60
98
183
47
-70
-15
-60
-41
43
-20
-94
-86
-25
96
97
147
102
247
410
246
258
188
141
123
78
-83
-217
-192
-237
-173
-139
-81
71
228
91
34
93
11
127
95
-63
-63
-140
-86
-103
-215
-144
-440
-815
-1012
-961
-851
-844
-839
-1020
-1024
-1149
-1201
-1353
-1495
-1523
-1762
-1792
-1867
-1698
-1633
-1594
-1555
-1506
-1590
-1591
-1566
-1459
-1328
-1332
-1260
-1248
-1277
-1284
-1210
-1137
-997
-942
-755
-569
-526
-670
-666
-706
-750
-695
-730
-669
-622
-601
-450
-404
-430
-467
-519
-532
-529
-366
-295
-76
80
166
315
334
218
116
127
158
278
343
372
377
379
557
552
619
646
602
666
590
653
641
621
745
878
1055
1131
1238
1116
1054
985
693
608
530
617
678
540
634
583
484
503
351
123
-162
-233
-280
-288
-126
-56
-149
-95
-65
-219
-133
-67
-85
-49
-189
-147
-186
-186
-69
23
84
86
113
112
53
108
114
-50
-254
-463
-370
-295
-95
32
92
77
91
12
-19
113
310
426
423
504
269
283
192
3
-69
-223
-55
-96
-5
88
159
53
95
149
163
454
465
534
388
373
302
222
258
284
325
293
243
36
28
-80
-242
-395
-518
-532
-520
-423
-237
-259
-274
-233
-267
-426
-369
-349
-301
-119
-78
-81
-99
-113
-275
-450
-627
-874
-749
-577
-480
-439
-605
-572
-600
-591
-504
-278
-165
-109
-48
24
68
-38
33
-3
14
75
74
167
243
360
496
574
561
516
399
356
464
567
566
624
674
693
620
556
509
324
328
359
371
468
485
258
152
66
-61
60
51
18
-45
-98
-141
-187
-86
-45
166
179
295
464
426
382
386
416
436
453
382
302
389
565
720
785
577
318
122
112
8
-21
-114
-44
137
244
302
171
91
9
-20
-101
-143
-187
-232
-189
-260
-220
-274
-178
-218
-231
-105
-70
-86
-127
-117
-211
-75
27
69
266
187
165
405
546
730
906
955
729
666
690
661
778
771
788
623
412
319
317
378
501
717
832
942
1021
933
1081
1048
1099
1001
924
943
799
891
692
702
686
646
628
536
466
463
554
371
244
257
124
226
213
318
292
256
156
40
98
213
467
638
710
658
664
347
263
291
217
250
220
384
317
169
54
-9
-222
-505
-631
-719
-713
-529
-383
-209
-98
-74
-172
-217
-413
-503
-479
-514
-582
-589
-598
-433
-371
-508
-474
-543
-518
-669
-593
-693
-708
-625
-460
-238
-156
-64
-34
-93
-262
-141
-61
-6
44
308
377
431
387
355
305
213
424
516
655
680
789
909
978
1038
1118
1029
895
905
708
551
439
476
215
157
153
17
129
268
372
431
482
403
279
37
-173
-79
-48
-88
-210
-106
58
89
45
-343
-576
-590
-701
-606
-429
-404
-296
-317
-536
-709
-1021
-1144
-1148
-1175
-1125
-1039
-1098
-1330
-1576
-1710
-1640
-1636
-1488
-1302
-1215
-1266
-1166
-1176
-1251
-1155
-1098
-1122
-1033
-945
-1157
-1184
-1130
-1129
-1025
-925
-915
-876
-969
-1008
-1012
-1015
-1031
-987
-946
-969
-930
-842
-803
-710
-475
-300
-210
-147
-282
-526
-579
-653
-651
-405
-206
-97
41
52
-58
-122
-204
-223
-154
-39
110
296
229
215
152
66
135
158
188
177
163
187
132
-37
-42
-96
-169
-32
12
15
-14
-26
-61
-191
-302
-334
-383
-437
-301
-220
-116
-28
-101
-221
-372
-535
-729
-705
-658
-625
-426
-339
-224
-174
-120
-5
-18
18
89
76
48
16
29
73
178
316
426
458
542
710
630
695
723
882
1073
1167
1306
1348
1335
1472
1681
1597
1544
1539
1572
1531
1541
1642
1709
1646
1610
1441
1201
1211
984
997
874
779
898
844
889
969
1072
1255
1250
1058
982
820
579
570
720
754
793
632
541
375
305
245
273
259
243
238
217
210
58
13
196
331
534
698
775
760
599
546
597
633
591
618
655
678
611
400
263
169
230
308
190
-9
-202
-357
-412
-289
-242
-83
28
-13
38
-94
-182
-422
-360
-224
-89
0
126
287
396
461
352
425
354
473
680
783
802
710
753
759
880
1148
1253
1398
1261
1071
1026
983
1149
1109
1166
1222
1007
875
798
790
734
668
742
619
542
544
492
487
590
677
661
559
571
676
513
449
249
107
108
220
279
82
-18
-163
-252
-301
-520
-623
-514
-426
-368
-363
-322
-387
-482
-529
-478
-538
-538
-508
-570
-601
-527
-587
-724
-682
-703
-648
-649
-661
-904
-1067
-1021
-1068
-1064
-1002
-975
-931
-975
-1164
-1156
-1145
-1162
-1120
-1116
-1055
-1028
-898
-875
-930
-1025
-1137
-1278
-1181
-1145
-1020
-911
-959
-846
-902
-748
-637
-597
-477
-514
-587
-719
-775
-869
-1058
-1121
-1195
-1054
-1087
-1010
-1058
-967
-837
-880
-769
-839
-800
-672
-613
-543
-491
-468
-521
-456
-458
-522
-527
-569
-685
-692
-670
-652
-803
-1042
-1182
-1223
-1328
-1477
-1575
-1451
-1415
-1202
-1145
-1281
-1072
-1179
-1044
-907
-862
-656
-641
-582
-528
-566
-481
-429
-383
-391
-409
-349
-414
-415
-493
-586
-598
-492
-498
-526
-307
-385
-320
-297
-384
-282
-243
-255
-278
-174
-134
-140
-233
-374
-378
-231
-47
178
102
71
90
58
148
263
273
325
298
220
172
54
109
183
367
534
651
708
755
944
966
1177
1360
1290
1217
1064
943
861
925
1004
1140
1282
1213
1206
1170
1162
1029
921
755
801
921
903
873
713
646
585
701
629
504
353
375
365
393
493
602
651
576
333
135
258
215
161
166
113
122
276
348
294
200
343
429
374
443
376
295
261
181
135
25
41
253
300
466
547
467
553
516
489
680
651
766
781
1004
971
885
852
693
701
480
377
358
434
546
652
568
478
390
360
217
186
94
22
-26
-139
-49
-108
-55
-54
-46
35
-19
19
14
-130
-115
0
0
0
0
0
0
0
0
0
0
0
0
0
0
0
0
0
0
0
0
0
0
0
0
0
0
0
0
0
0
0
0
0
0
0
0
1
0
0
0
0
-1
0
0
0
0
0
0
0
0
0
0
0
0
0
0
0
0
0
0
0
0
0
0
0
0
0
0
0
0
1
0
0
0
0
0
0
0
0
0
0
0
0
0
0
0
0
0
0
0
0
0
0
0
0
0
1
1
0
0
0
-1
1
1
0
0
0
0
0
0
0
0
0
0
0
1
0
0
0
0
0
0
0
0
0
0
0
0
0
0
0
0
0
0
0
0
0
0
0
0
0
0
0
0
0
0
0
1
0
1
0
0
0
0
0
0
1
0
0
1
-1
0
0
0
0
0
0
0
0
0
0
0
-1
0
-1
0
0
0
0
0
-1
0
0
0
0
0
0
0
0
0
0
0
0
0
0
0
-1
0
0
0
0
0
0
1
0
0
0
0
0
0
0
0
0
0
0
0
0
0
0
1
0
1
0
0
0
0
1
0
0
0
-1
0
0
0
0
0
0
0
0
0
0
0
0
0
0
0
0
0
0
0
0
0
0
0
0
0
0
0
0
0
0
0
0
0
0
0
0
0
0
0
0
0
0