0
0
0
0
0
0
0
0
0
0
0
0
0
0
0
0
0
0
0
0
0
0
0
0
0
0
0
0
0
0
0
0
0
0
0
0
1
0
0
0
0
-1
0
0
0
0
0
0
0
0
0
0
0
0
0
0
0
0
0
0
0
0
0
0
0
0
0
0
0
0
1
0
0
0
0
0
0
0
0
0
0
0
0
0
0
0
0
0
0
0
0
0
0
0
0
0
1
1
0
0
0
-1
1
1
0
0
0
0
0
0
0
0
0
0
0
1
0
0
0
0
0
0
0
0
0
0
0
0
0
0
0
0
0
0
0
0
0
0
0
0
0
0
0
0
0
0
0
1
0
1
0
0
0
0
0
0
1
0
0
1
-1
0
0
0
0
0
0
0
0
0
0
0
-1
0
-1
0
0
0
0
0
-1
0
0
0
0
0
0
0
0
0
0
0
0
0
0
0
-1
0
0
0
0
0
0
1
0
0
0
0
0
0
0
0
0
0
0
0
0
0
0
1
0
1
0
0
0
0
1
0
0
0
-1
0
0
0
0
0
0
0
0
0
0
0
0
0
0
0
0
0
0
0
0
0
0
0
0
0
0
0
0
0
0
0
0
0
0
0
0
0
0
0
0
0
0
418
-131
-450
-512
-413
-148
88
346
616
770
732
600
373
139
-152
-333
-78
457
1002
1424
1308
1028
738
456
321
-132
-463
-724
-608
-194
130
271
427
536
385
421
71
-185
-421
-829
-859
-557
-254
317
450
295
104
-225
-177
92
429
613
534
83
-265
-703
-914
-813
-608
-353
-231
106
626
713
628
580
445
490
639
598
499
148
-130
-189
63
717
1101
1181
892
423
147
-19
-55
227
587
997
1370
1572
1337
535
-397
-918
-976
-276
718
1468
1997
1856
1450
779
200
122
279
764
1326
1487
1411
1165
702
262
256
542
1217
1666
1404
916
546
230
220
381
617
1085
1276
1445
1443
1227
742
472
371
429
933
1466
1788
1624
968
190
-388
-416
59
598
1120
1380
1371
1132
563
-28
-391
-300
90
510
1107
1360
835
192
-469
-556
-168
323
878
1100
895
507
15
-345
-187
45
452
596
513
298
-284
-627
-472
22
300
601
384
-310
-613
-720
-530
-4
503
833
933
920
670
82
-297
-366
-332
-203
193
561
781
722
609
377
61
58
-4
301
845
1148
1135
963
358
-116
-250
-175
-88
-55
-3
-208
-83
253
453
317
-214
-688
-945
-790
-498
-181
-200
-248
-246
-371
-210
-193
-187
-44
22
-17
-277
-509
-758
-485
118
331
398
178
20
-249
-119
123
289
657
865
962
508
215
-129
-509
-526
-270
176
279
249
193
117
219
82
-26
-285
-523
-222
-44
323
559
348
15
-616
-947
-879
-284
113
283
253
-50
-329
-904
-1236
-1469
-1672
-1333
-781
-386
-191
-167
-248
-419
-461
-570
-811
-755
-540
-750
-867
-1028
-1115
-971
-814
-800
-622
-437
-370
-360
-623
-750
-853
-759
-732
-595
-449
-383
-297
-565
-739
-999
-1160
-1107
-1042
-785
-119
238
236
-277
-947
-1451
-1738
-1608
-1254
-705
-294
-306
-519
-802
-852
-774
-517
-321
-528
-606
-928
-998
-1039
-870
-411
-173
-151
-280
-241
-491
-774
-801
-577
-225
270
288
-349
-545
-572
-476
-329
-102
316
581
562
496
257
-209
-547
-737
-379
-228
-59
155
131
14
-18
245
219
101
-173
-498
-686
-708
-508
-25
317
710
825
473
-100
-674
-746
-516
21
866
1618
1827
1685
1172
665
-76
-428
-245
-226
-111
241
770
925
1108
987
409
108
-169
-191
-68
175
585
666
718
603
333
-98
-518
-585
-301
99
485
863
985
638
231
-76
-500
-752
-716
-484
87
868
1473
1755
1507
844
50
-907
-1480
-1697
-1453
-523
355
1307
1586
1472
843
80
-371
-542
-302
456
1003
1053
903
305
-72
-20
175
328
554
940
951
861
743
200
-158
-324
-96
455
851
1127
1133
839
490
240
333
686
841
674
533
492
576
683
554
511
419
369
128
-22
-32
230
520
879
998
813
1026
772
438
167
-129
-163
-133
63
430
814
870
708
624
601
620
636
544
430
409
383
447
658
842
765
567
516
271
94
64
41
162
249
337
621
711
496
160
-250
-261
90
366
773
1163
1208
1112
1061
791
436
239
129
143
249
173
173
238
159
-30
-262
-461
-426
-241
163
579
918
784
445
119
-380
-533
-410
54
295
613
754
649
691
401
-87
-607
-799
-797
-371
-69
220
383
-82
-503
-736
-973
-890
-726
-345
-128
111
407
146
-207
-399
-345
-521
-321
-218
-157
-313
-856
-1268
-1307
-725
-136
206
111
-124
-225
-341
-592
-611
-697
-459
-302
-302
-116
-63
138
-33
-474
-994
-1272
-1184
-763
-369
22
204
-63
-453
-1073
-1359
-1323
-971
-593
-512
-395
-369
-408
-283
-510
-824
-1140
-1025
-973
-1027
-949
-1383
-1377
-1184
-774
-324
-191
174
-37
-668
-838
-1055
-1111
-981
-518
-110
257
58
-240
-603
-974
-751
-215
178
403
498
254
33
-104
-310
-459
-504
-468
-545
-678
-528
-421
-541
-516
-304
-79
117
74
-270
-572
-668
-543
-108
41
145
102
-32
-121
-362
-577
-641
-574
-414
-460
-383
-333
-384
-549
-558
-115
332
546
503
260
-169
-585
-994
-1189
-1007
-933
-836
-646
-332
88
131
-133
-955
-1536
-1719
-1529
-907
-210
356
560
461
-13
-396
-831
-815
-383
-47
262
353
63
-72
33
155
418
490
840
933
654
416
142
-159
-483
-575
-429
-64
284
637
751
715
484
39
-368
-365
-90
445
674
751
980
848
337
-70
-304
-183
206
250
438
541
612
724
870
957
696
427
354
473
615
864
938
1014
874
693
880
1101
1320
1499
1667
1555
1252
1108
941
572
474
517
821
972
1051
1262
1287
1172
1080
830
287
-117
-262
-183
347
1158
1489
1420
1058
407
-27
-216
-14
270
590
688
981
1064
965
868
639
523
435
426
179
151
90
-300
-376
12
362
742
803
611
481
249
230
221
144
83
187
315
359
378
316
222
506
877
809
660
602
545
496
564
561
374
-123
-326
-364
-285
-101
161
122
-15
-58
-79
162
47
-26
49
119
-130
-294
-597
-782
-859
-633
-56
343
625
678
680
544
295
-130
-428
-532
-278
-59
53
51
-64
-39
-423
-645
-721
-525
-415
-548
-483
-342
-120
-116
-8
-283
-447
-253
59
203
161
17
-161
-156
-9
193
208
176
-151
-643
-808
-608
-49
217
303
423
457
291
-54
-347
-381
-575
-580
-379
-306
-322
-214
-123
103
518
700
1007
973
604
463
207
-198
-252
-424
-485
-448
-148
223
337
731
826
673
562
564
533
833
808
541
374
328
365
489
534
499
463
536
434
16
10
88
-69
-196
-83
-98
-20
29
-81
-271
-453
-543
-778
-969
-1035
-870
-679
-429
-235
-109
-192
-454
-483
-488
-537
-477
-9
427
591
492
260
31
-223
-136
226
419
594
687
730
558
427
161
-142
-380
-299
-248
-222
-111
147
235
255
282
304
267
-254
-371
-578
-642
-690
-382
230
380
393
283
-125
-589
-991
-1499
-1553
-1392
-1298
-788
-498
-172
-234
-516
-683
-903
-937
-969
-1028
-909
-835
-556
-496
-517
-636
-638
-582
-581
-584
-577
-613
-844
-863
-758
-613
-406
-214
-173
-229
-314
-475
-435
-509
-772
-990
-925
-566
42
622
835
794
435
-26
-322
-642
-565
-537
-635
-348
-102
270
533
587
621
327
266
231
-137
-508
-836
-1072
-1079
-559
-64
422
822
820
534
38
-13
8
-134
-132
-31
198
352
627
606
332
95
-49
-152
-126
45
234
205
348
161
-19
-288
-458
-386
-287
-40
3
112
-145
-253
-271
-333
-112
-33
-69
97
250
120
-306
-672
-894
-710
-383
-238
-303
-452
-467
-460
-374
-291
-219
-186
-413
-463
-310
-127
237
351
50
-585
-839
-913
-345
227
382
409
46
-245
-383
-595
-446
-253
-228
-225
-120
-42
-270
-453
-767
-971
-1022
-718
-426
-196
119
556
679
716
434
-57
-407
-816
-999
-749
-324
-77
-16
-132
-357
-314
-150
-112
107
-12
-218
-737
-917
-1113
-1205
-971
-739
-557
-584
-751
-890
-526
-63
431
488
507
366
107
-200
-133
248
605
982
905
631
424
204
334
628
441
245
294
456
646
889
1111
947
608
226
153
249
702
1020
954
962
790
676
520
496
677
631
823
1288
1602
1803
1688
1080
649
411
462
993
1303
1582
1731
1795
1685
1354
1099
644
497
552
763
958
1279
1409
1281
1109
878
872
711
719
668
727
570
620
434
422
518
407
514
605
521
328
-55
-371
-146
46
536
725
585
145
-326
-438
-343
217
471
692
675
360
46
30
28
-64
-85
41
173
274
279
363
272
-246
-536
-848
-998
-1239
-1102
-774
-527
-332
-269
-361
-617
-738
-821
-692
-282
128
508
708
657
350
-118
-490
-732
-992
-866
-557
-276
97
371
419
302
-173
-623
-948
-956
-541
-91
43
-156
-660
-969
-1164
-1224
-1089
-871
-575
-553
-450
-285
-181
-390
-513
-699
-921
-762
-495
-232
24
108
-232
-707
-1007
-1295
-1361
-1312
-1232
-920
-467
-265
-210
-270
-315
-662
-788
-817
-922
-673
-294
-12
194
439
439
370
152
-92
-339
-338
-216
1
145
389
498
686
456
372
504
115
100
177
208
280
363
501
494
407
168
-37
-397
-474
-384
-47
339
610
594
489
436
250
89
51
24
-312
-395
-584
-715
-861
-810
-612
-526
-143
18
-135
-346
-445
-719
-1019
-1167
-1059
-782
-548
-397
-326
-422
-525
-626
-525
-302
-133
-113
-167
-377
-687
-840
-830
-614
-452
-287
-299
-239
-365
-415
-233
-91
-294
-437
-696
-863
-687
-556
-508
-492
-510
-540
-599
-537
-342
-308
-383
-465
-588
-663
-434
-509
-615
-734
-641
-343
-268
-138
-101
-166
-305
-475
-345
-285
-26
213
236
-125
-507
-697
-908
-647
-310
98
339
391
485
408
349
406
611
426
388
456
434
469
594
825
825
739
571
439
428
541
764
916
981
999
759
707
584
436
623
776
982
1149
1236
1360
1261
1096
771
239
-136
-396
-243
-48
85
394
557
656
775
782
717
515
397
420
513
488
316
241
75
-37
-93
25
246
641
827
948
885
792
650
594
666
805
859
864
718
906
1046
1239
1300
1161
1434
1318
1373
1354
1272
1147
844
854
845
854
968
898
804
668
652
696
729
973
1287
1641
1608
1732
1654
1266
810
695
865
827
997
1067
966
781
627
625
599
454
518
578
720
910
988
1019
1046
833
394
-91
-154
-118
-19
218
753
1170
1000
855
485
139
14
12
21
362
762
780
1060
1030
711
368
-15
-67
-34
280
303
137
-197
-409
-693
-964
-1117
-1357
-1221
-823
-421
-445
-451
-552
-679
-617
-506
-77
287
507
544
231
-252
-692
-1008
-861
-531
-290
-231
-353
-406
-502
-479
-326
-203
-410
-366
-183
-118
235
204
8
-141
-420
-791
-1007
-1117
-835
-620
-650
-398
-455
-790
-1291
-1535
-1490
-1232
-722
-249
-73
-70
-281
-794
-1232
-1343
-1158
-1025
-770
-568
-121
17
-271
-498
-813
-1008
-1091
-853
-652
-375
-47
60
-157
-319
-392
-563
-843
-893
-946
-961
-846
-915
-657
-341
294
584
539
281
-224
-548
-683
-777
-451
-102
-98
91
-15
-51
84
152
272
-88
-62
-15
-306
-443
-459
-262
-138
-198
-337
-556
-727
-769
-673
-160
181
86
-67
-418
-721
-644
-601
-731
-821
-826
-866
-969
-1094
-1181
-1406
-1557
-1645
-1530
-1256
-1287
-1042
-914
-1200
-1454
-1580
-1867
-1763
-1079
-812
-632
-835
-1025
-1143
-1218
-1170
-1195
-1329
-1268
-976
-872
-689
-489
-374
-284
-357
-406
-576
-529
-503
-504
-272
-436
-390
-354
-188
-92
-110
-220
-333
-526
-599
-1002
-636
-165
-66
-26
-294
-415
-305
-167
37
329
354
142
-237
-587
-686
-488
-148
250
470
274
-20
-249
-608
-698
-603
-495
-390
-235
120
99
177
214
322
223
315
662
433
422
451
422
361
409
571
413
330
597
952
1150
1266
1332
1078
773
718
828
819
702
867
821
589
711
805
893
845
749
468
305
354
685
1103
1367
1578
1297
1025
735
633
713
741
1190
1548
1667
1511
1145
682
206
144
129
387
716
952
1072
930
788
905
753
626
608
473
538
442
165
-89
88
57
191
295
193
212
305
324
245
320
439
750
674
598
339
169
290
166
22
87
356
488
500
625
607
485
456
395
275
-32
25
121
77
223
243
300
144
140
101
-166
-281
-239
-196
-87
83
73
169
16
207
626
846
816
736
661
243
272
218
272
526
915
1303
1388
1348
1092
882
547
709
664
582
610
506
873
1181
1161
726
137
-190
-209
-188
-109
305
429
543
673
602
421
311
199
-135
-113
94
153
111
94
41
-63
33
212
426
409
284
166
148
298
307
338
279
185
-9
2
39
-256
-520
-265
6
132
190
84
-118
-521
-681
-445
-183
-96
7
80
-68
-465
-629
-765
-586
-307
-45
67
-78
-221
-418
-609
-560
-523
-505
-132
16
-112
-436
-1042
-1488
-1544
-1316
-1281
-1193
-1113
-947
-1118
-1529
-1765
-1661
-1497
-1464
-1516
-1552
-1434
-1290
-1101
-1057
-846
-853
-900
-1058
-1404
-1591
-1422
-1154
-811
-824
-968
-1086
-1030
-1049
-1214
-1260
-1255
-1048
-1229
-1129
-864
-684
-754
-796
-1025
-1115
-830
-525
-381
-365
-336
-245
-140
-164
-206
-474
-812
-1102
-1425
-1373
-1003
-334
137
340
224
-65
-571
-794
-239
5
336
440
377
38
-338
-269
-186
-152
-335
-456
-381
-26
255
161
-16
-265
-415
-619
-438
-50
102
138
153
291
226
103
276
292
383
266
2
-27
40
254
183
-63
-214
-325
-285
-4
162
44
-194
-76
208
528
582
558
530
196
-475
-967
-1013
-909
-759
-443
-88
307
333
284
105
174
392
184
383
454
489
424
220
46
-428
-701
-466
-125
191
135
-226
-539
-627
-474
-264
148
798
989
820
460
22
-212
-605
-688
-458
-136
-30
10
-96
38
433
435
672
562
-20
-147
19
136
334
593
856
814
574
492
458
657
978
951
867
678
753
948
813
811
905
793
624
627
394
395
734
1045
1159
997
940
1073
1322
1124
1033
729
516
291
-2
-29
205
769
1250
1676
1799
1502
930
434
-95
-286
-275
45
465
588
546
459
752
952
1014
909
913
799
676
601
472
336
394
411
315
419
480
522
383
315
312
118
-69
40
-128
-193
129
399
247
111
96
-56
-107
-7
-69
-128
-74
56
353
494
322
228
429
529
385
337
346
405
402
237
369
410
116
48
258
592
957
838
459
299
282
256
252
352
397
373
215
324
408
425
479
300
188
75
144
426
571
482
249
119
-152
-426
-821
-840
-599
-182
132
327
510
295
-119
-456
-250
95
131
-63
-156
-480
-625
-747
-714
-488
-392
-395
-652
-794
-1071
-1062
-1034
-1206
-927
-1009
-686
-701
-636
-387
-286
-80
-118
83
156
204
72
-215
-303
-304
-122
342
666
804
717
494
327
366
485
601
837
768
398
56
-425
-478
-290
-9
138
193
106
-169
-637
-1211
-1230
-1087
-862
-435
46
248
-128
-677
-1079
-901
-346
154
561
882
900
571
115
-504
-826
-867
-497
45
253
511
442
115
-178
-268
-187
-198
-104
2
151
274
130
-105
-301
-533
-699
-930
-921
-695
-637
-263
-64
28
31
-111
-398
-757
-790
-824
-829
-583
-355
-206
-22
92
-11
-257
-375
-137
30
91
457
564
173
-449
-975
-1009
-776
-300
224
473
475
375
217
-216
-785
-932
-838
-415
-96
-47
-229
-474
-719
-941
-845
-701
-521
-547
-385
52
341
284
125
-68
-283
-280
-298
-533
-664
-528
-384
-240
137
474
373
419
435
146
-22
-230
-325
-188
5
93
421
390
209
-55
-28
363
393
393
194
-40
-530
-448
-316
-598
-415
-105
-163
-346
-389
-442
-350
-410
-428
-335
-474
-429
-512
-629
-585
-408
-289
-311
-368
-858
-860
-502
-539
-522
-609
-442
-455
-506
-562
-591
-731
-611
-196
410
1034
1087
1067
838
406
-113
-621
-1042
-1093
-1022
-680
-477
-372
-439
-638
-326
-17
488
732
674
674
537
150
-217
-234
4
126
-110
-5
86
192
599
821
992
597
491
344
444
300
34
-44
203
650
905
1060
1065
1079
811
897
1128
1458
1866
1804
1840
1963
1839
1496
1312
1226
1184
1286
1646
1915
1872
1660
1645
1225
769
671
696
920
1017
878
988
941
815
924
617
411
361
262
430
500
614
687
589
720
889
989
983
719
348
228
82
23
167
3
-207
-337
-491
-534
-359
-122
167
279
303
577
685
351
223
314
393
595
509
518
814
993
981
912
976
861
771
536
365
461
599
697
689
431
291
85
-203
-165
-194
309
889
1220
1334
992
515
-210
-583
-495
-196
347
649
715
619
607
445
167
144
195
90
456
826
1088
836
436
191
-346
-391
-15
353
467
656
647
728
755
938
1216
1453
1556
1496
1410
1279
1060
987
847
646
698
420
156
40
168
148
71
34
-27
-91
-59
113
426
722
853
905
1036
1280
2020
2576
2689
2531
1831
1781
1828
1860
2543
3405
3717
3313
3217
2935
3210
2980
2639
2506
2319
1328
331
-308
-414
-481
-230
-835
-1149
447
328
653
535
-518
-1354
-1851
-3222
-2199
-1122
-1099
-1483
-1755
-2304
-2982
-3114
-3036
-3320
-3683
-4470
-5854
-6677
-6777
-6198
-5959
-5811
-6490
-8115
-9108
-9278
-9626
-8706
-7985
-8332
-7897
-7467
-7550
-7728
-7780
-7664
-7820
-7688
-7100
-6734
-6602
-6484
-6233
-5947
-5339
-4502
-3052
-1084
39
290
928
1198
2031
3175
4737
6830
8294
9193
10718
12617
14204
15654
16535
17090
16961
16090
15608
15471
15372
14771
13579
12720
10949
8656
6443
4835
3892
2630
1754
608
-894
-2003
-2949
-4395
-5668
-6165
-6523
-6666
-6461
-6721
-6525
-6203
-5740
-4920
-4630
-4305
-4336
-4179
-4116
-4212
-4610
-4942
-5170
-5969
-6678
-7514
-8629
-10378
-12549
-14324
-16486
-18709
-21488
-23410
-27392
-27858
-26178
-22264
-21937
-23489
-22338
-21606
-21065
-21644
-15669
-9060
-6112
-5340
1352
10981
17936
19641
24171
27943
29185
25874
27226
30516
32281
30097
28273
29129
28010
23906
19644
18584
15559
9823
3176
540
-906
-4287
-9697
-11522
-13521
-15802
-18683
-17993
-17111
-17600
-19916
-20003
-18657
-16886
-15056
-11796
-8112
-5301
-2650
-163
3836
8959
12827
15605
17471
19715
22355
23486
25767
28128
29293
28788
28957
29525
29824
27427
24512
21525
18339
14480
9812
5546
1431
-3715
-8678
-13225
-16908
-20695
-24103
-26822
-28053
-28873
-29826
-30572
-30281
-28928
-28187
-27583
-26305
-24839
-23762
-22762
-20891
-18723
-17414
-16134
-15280
-13785
-12927
-8817
-5002
-1222
-1706
-880
-232
40
-482
1222
5119
6903
6767
9203
14948
20527
23148
24665
28428
29120
27007
24516
26505
25711
22529
17431
16828
15253
11806
7814
6710
3832
-1634
-8019
-11406
-13278
-16215
-20187
-22048
-22821
-24405
-24160
-21803
-17782
-16072
-15052
-14490
-11530
-9096
-6289
-3493
179
3198
6289
9315
14156
18357
21827
24156
25943
26966
27398
27090
27014
27139
27463
27114
26212
25501
24804
23730
21181
18308
14985
10828
5880
791
-1867
-5024
-8863
-13675
-17332
-20107
-23611
-25388
-26512
-26525
-27660
-28709
-27828
-26073
-24094
-23614
-22856
-21106
-20600
-20536
-20299
-18729
-18687
-18683
-18573
-17575
-17791
-15023
-10493
-6189
-6967
-7290
-5586
-4960
-6302
-5790
-1907
997
228
2850
9261
16777
21143
23940
29756
32145
31422
29231
30571
30285
25881
20826
18668
16618
13396
9182
9036
7644
3556
-2719
-6454
-8877
-12429
-17255
-20306
-22403
-25188
-26589
-23822
-19392
-15984
-13082
-10296
-6710
-4897
-3419
-826
2502
5386
6697
8164
11823
16734
21315
24112
27119
28146
27941
26138
24786
24521
23843
22103
20522
19545
18697
17128
16766
15272
13099
8870
4750
450
-3993
-7661
-11888
-15678
-19549
-22678
-25318
-26707
-26511
-25787
-25792
-27115
-27468
-26140
-25683
-24813
-23658
-21780
-20321
-19471
-17612
-15550
-15076
-14912
-13730
-13147
-14835
-16782
-13685
-9008
-7160
-10034
-9759
-6670
-7181
-9287
-8522
-2555
-226
-3324
-506
6639
13474
14948
18994
26513
28310
27148
27092
31586
31486
25955
22138
20850
18932
13523
9034
9598
9217
6020
1266
396
-236
-4209
-9244
-12284
-14286
-17581
-20510
-19474
-17006
-15446
-14754
-11474
-6964
-4275
-2312
455
3777
4809
4780
5762
7988
10640
12218
13837
15699
17286
19405
20560
22387
23207
23389
21595
19335
18314
16997
14761
12065
10641
9667
6388
3749
1391
-508
-3253
-7268
-10246
-13740
-17998
-22581
-24726
-24740
-25771
-27426
-27770
-25222
-23108
-21854
-20015
-17362
-15273
-15070
-13601
-10511
-9733
-10615
-10659
-8416
-8231
-9532
-9817
-6360
-2041
-1305
-2922
-3412
-1815
-4049
-6541
-6430
-2679
-1663
-5118
-3067
2879
8037
9771
13206
21542
24552
24152
24842
29548
29091
23436
20397
20630
18158
12302
9511
11704
10798
6720
3170
4066
4327
682
-3368
-5569
-7894
-12610
-15966
-15055
-13430
-13769
-14580
-11792
-7879
-5478
-3397
-670
1767
987
-160
-360
281
1107
949
1784
2299
4299
6856
8646
11608
13041
15436
14431
14444
15283
14655
13525
11288
11017
9695
6355
5699
5353
5558
3247
722
-821
-3901
-7516
-11685
-13814
-16585
-20262
-22800
-23006
-21248
-21020
-19366
-17168
-14677
-13569
-13017
-10844
-10165
-11064
-12296
-12062
-11038
-13275
-14600
-14933
-11756
-8416
-6770
-5327
-4975
-2183
-3806
-4785
-3899
-770
222
-3241
-1353
4131
8890
12418
16743
24058
25931
26273
28293
31729
31643
26573
23874
22666
18350
13592
10803
11450
8384
3915
1948
1889
1984
-1115
-3038
-5190
-8364
-12941
-16500
-16437
-17170
-18689
-20268
-18732
-15658
-13660
-10330
-6628
-2616
-1789
-1013
628
1825
2509
2062
2475
2535
3611
6220
7631
10551
13087
16358
17237
18291
20833
20630
19739
17436
16280
13186
8040
6366
5148
4232
1081
-202
76
-1804
-4104
-6562
-7677
-11564
-15893
-18940
-21325
-22224
-24187
-23715
-22773
-20973
-18623
-16661
-13063
-10516
-8310
-7842
-7002
-5847
-6955
-7829
-8928
-8272
-10017
-9439
-6674
-4190
-3911
-3436
551
1942
2272
2501
5183
5023
2999
4100
6771
8983
10043
12928
17977
21311
24263
27428
30156
30324
27559
25118
22274
18361
13519
8150
4592
246
-2988
-4642
-4367
-4093
-6325
-8013
-9369
-10764
-12945
-14684
-15667
-18680
-21111
-22198
-20974
-19234
-17184
-13677
-11177
-8085
-4465
-588
2153
3392
5325
5042
4277
4889
6231
8077
7872
10458
13381
15825
18333
20725
23161
22644
22128
21350
18545
15679
12281
10171
5423
1309
-697
-2904
-5207
-8253
-8835
-10420
-13678
-16408
-18425
-19697
-22746
-24495
-24547
-24714
-24616
-24398
-21227
-18610
-16218
-13386
-9714
-6466
-4927
-3991
-2597
-1628
-2346
-4991
-5075
-3515
-2657
-3517
-3279
1111
2620
2646
3435
7827
11003
8930
8772
10992
12802
10975
9714
13945
16408
17260
18272
21840
24631
22401
21689
21388
19950
14930
9102
6259
2094
-2483
-7006
-8565
-9215
-11649
-12542
-12232
-10283
-10342
-11207
-10639
-11393
-13153
-15313
-14767
-14237
-14507
-13985
-11979
-9285
-6783
-3565
-51
2668
4923
6692
7161
7835
9029
9474
8458
8327
10237
11652
11611
12709
15106
15752
15259
15632
16629
15361
12607
10827
8781
5016
1406
-730
-2835
-6235
-10158
-11665
-12565
-14342
-15917
-16633
-15555
-16703
-17625
-17354
-16344
-15131
-15894
-14422
-12546
-10934
-9618
-8221
-4774
-3019
-2387
-1076
-208
263
-2102
-1897
-842
-1464
-3023
-4299
-1039
-1406
-1857
-1397
2380
5154
3567
4947
7722
9984
9500
9521
13739
15340
15895
16848
19330
21408
20178
20320
20097
18380
14859
11371
9519
5845
1958
-1701
-3566
-5251
-7797
-8420
-8613
-8838
-9623
-10079
-9695
-10607
-11716
-12313
-12294
-12686
-13259
-12575
-11478
-10066
-8472
-5791
-3510
-1572
1254
3482
4789
5234
6609
7930
7814
7881
8693
9689
10277
11275
13078
14327
15782
16850
16923
15618
13718
12942
10696
7779
4768
2421
-365
-3854
-5782
-7123
-8908
-10897
-11704
-12158
-13269
-13763
-13689
-13420
-13728
-13788
-13289
-12388
-11447
-9975
-8048
-6403
-4326
-2863
-974
209
490
333
-802
-2795
-3818
-4423
-4678
-5899
-7150
-5635
-5675
-4594
-3726
57
1971
773
1764
4295
7315
7220
8244
12022
13848
14053
15074
19010
21511
19961
19695
20450
19923
15898
12791
11085
7501
2493
-810
-2000
-4586
-7877
-9108
-9186
-10380
-12149
-11979
-11819
-12687
-13979
-13939
-13496
-14216
-14350
-13867
-12654
-12150
-11206
-9084
-6936
-4448
-2843
-500
2246
4504
6610
7823
9843
10860
11875
13163
14572
15814
15288
15740
16108
16643
16252
15659
15454
13719
12092
10141
9147
6897
3391
121
-3325
-6202
-10197
-12976
-13599
-15444
-16705
-17704
-16515
-15258
-15536
-14105
-12851
-11865
-11439
-10395
-8044
-7156
-6213
-5267
-3634
-2950
-3351
-2474
-3451
-4639
-6326
-5238
-4679
-5097
-6024
-5312
-4753
-5608
-5736
-4309
-1959
-2248
-2387
-349
2245
3431
4413
7179
11041
12082
14046
16408
19250
19146
18126
17678
16326
13743
11001
9683
6656
3399
802
-373
-1908
-3865
-4657
-5683
-7359
-8910
-9947
-10295
-11618
-11889
-12365
-12523
-11952
-11599
-10535
-10628
-9312
-8671
-8178
-6729
-5082
-3766
-2763
-542
1936
3596
5585
7780
10841
12176
13493
13889
14588
15067
14408
14586
13273
12871
11206
10966
11409
11488
10680
8939
8128
6003
2913
-120
-2069
-4691
-8638
-10960
-12078
-13323
-14648
-14821
-13518
-13309
-12649
-11014
-9261
-8140
-6762
-4933
-4527
-4826
-3954
-2773
-3059
-4521
-4062
-4106
-5644
-7584
-7217
-4934
-5794
-6745
-7293
-4997
-4755
-5719
-4971
-3318
-2779
-4935
-4451
-957
1120
1775
3092
7837
11410
12830
15746
18696
21291
20110
20185
20431
19274
17323
14897
12901
9418
5828
3684
1405
-825
-3454
-5006
-6806
-8566
-9239
-9824
-9954
-11310
-10982
-10817
-10201
-10301
-10865
-10443
-10900
-10640
-10384
-8595
-6854
-6213
-3705
-403
3438
5645
7767
11486
13088
13776
13835
14859
15063
13090
12397
12312
13191
13108
12954
13603
14138
13716
12497
12111
11222
9154
5840
3353
752
-3137
-6976
-8869
-10087
-12215
-13546
-13219
-12588
-12347
-11419
-9453
-8563
-8371
-6985
-5504
-4937
-5286
-4514
-4232
-5801
-6688
-6418
-5947
-7823
-8986
-8896
-8147
-8526
-9113
-9438
-9739
-9421
-9765
-9412
-8660
-5862
-5053
-5136
-3330
100
2039
2184
4571
10301
13260
14837
17754
22183
23962
23055
24786
26312
25048
21118
19263
17237
12883
7658
4439
1360
-3051
-6505
-8108
-9065
-10295
-11008
-10602
-10478
-10882
-10698
-11014
-11642
-13771
-14813
-15518
-15795
-15706
-14743
-11889
-9415
-6750
-2757
2096
5964
8280
11028
13367
13305
12855
13045
13694
12342
10610
11268
11892
11646
11488
13374
14995
14511
14339
14607
13352
9678
6557
4436
970
-3156
-6059
-7937
-10485
-13064
-13646
-13919
-14495
-14433
-12698
-11120
-10898
-9963
-8338
-7421
-7754
-7508
-6904
-7353
-7898
-7663
-6849
-7183
-7857
-9114
-9754
-10755
-10130
-10146
-10547
-11885
-12367
-11467
-11393
-10214
-8918
-6536
-5996
-5811
-3373
565
2817
4504
6885
11465
13617
16185
20144
24367
26515
26172
27291
28013
26645
24069
20849
17456
11969
6258
2138
-2302
-5607
-9089
-10369
-11749
-12478
-11874
-11099
-11091
-12345
-12511
-13075
-14498
-16952
-17758
-17453
-17862
-17947
-16127
-12591
-9438
-6231
-1091
3350
6494
8639
11444
13955
13759
13909
13446
13348
11934
10785
12045
12479
13602
13750
14941
16126
15743
15901
14909
14205
11719
8015
5218
1743
-1374
-5969
-9100
-11406
-13851
-15715
-16660
-16403
-15687
-14839
-13530
-12019
-10969
-9856
-8799
-8400
-8250
-8069
-8295
-8553
-9411
-9400
-9712
-10370
-10426
-10565
-9725
-9189
-8336
-8261
-8372
-6577
-5604
-4721
-4828
-2538
-664
-846
-31
2832
5283
6168
7254
12270
16453
18703
20993
24544
27634
27611
27923
28247
27483
23574
19095
14934
10501
5146
192
-3651
-6730
-9639
-11521
-12041
-11738
-11666
-11700
-11715
-11989
-11974
-12808
-13525
-15195
-16446
-16704
-16319
-14894
-12328
-9111
-6359
-4237
41
4918
8082
9945
11838
14719
14841
14147
14423
15358
14498
12337
12186
12933
12505
11898
12515
13712
13583
12103
11960
11126
9098
5694
3175
1108
-2015
-5771
-9369
-11913
-14211
-17033
-19038
-19503
-18956
-17960
-16866
-14704
-12381
-9663
-8313
-6720
-5662
-4772
-5249
-5770
-5938
-6761
-7153
-8195
-8560
-8948
-8668
-7479
-6340
-5762
-5733
-3887
-2663
-1529
-1547
59
1589
1495
1063
3370
5632
6600
6848
10134
14394
16547
19206
22777
26485
26795
26728
26201
25469
21525
17312
12737
7964
2828
-1592
-5067
-8203
-10727
-11732
-12080
-12274
-11398
-11048
-10895
-12006
-11274
-11376
-12033
-13401
-13776
-13435
-13940
-13682
-11728
-8946
-6971
-4813
-908
4150
6871
8718
11154
14521
15607
14884
15019
15730
14390
11847
10754
11347
10615
8956
9445
11417
12495
10797
10665
10325
8524
5143
2780
1170
-1961
-5661
-9104
-11784
-14116
-16902
-19268
-19823
-19537
-18038
-17155
-14274
-10942
-8643
-7385
-5514
-3156
-2249
-2268
-2326
-2243
-3364
-4632
-5355
-6099
-7718
-8144
-7650
-7178
-6302
-5810
-3505
-2437
-1379
-1016
328
2182
2086
968
1501
2786
3056
3264
6141
11053
13533
16837
20420
24777
25802
25729
25424
24259
21532
17848
13220
8132
2227
-2779
-6557
-9783
-11975
-13544
-13109
-13510
-12686
-12367
-11243
-11506
-12148
-12033
-12713
-14208
-15129
-15211
-14423
-14172
-13229
-10304
-7943
-5201
-2909
1767
5468
7870
9877
12974
15429
15629
15792
17061
17630
16015
14168
14083
14076
12050
11457
11328
11817
9665
8981
9197
8372
6244
3782
2316
-1098
-5104
-8834
-11857
-15068
-17986
-20296
-21194
-22089
-21123
-20122
-17570
-14704
-11638
-8485
-5701
-2288
-492
658
851
1069
-101
-1591
-3432
-5105
-6517
-7493
-6529
-5689
-4590
-4400
-2787
-79
1517
2530
2676
3650
3013
1075
1318
2524
3445
3158
3630
7615
9924
12731
15710
20526
23373
23108
23330
22500
20520
16474
11732
7797
2742
-1909
-5965
-9419
-11903
-14203
-14159
-14314
-13278
-12039
-10356
-9750
-9934
-9525
-8808
-9859
-12029
-13270
-13090
-12972
-13027
-10860
-8680
-6405
-5190
-983
3400
6765
8797
11453
14414
15480
15522
15972
16966
15960
14126
12644
12785
10834
9339
8303
9053
8685
7511
7409
7669
6569
3959
2397
820
-2103
-6784
-10020
-12686
-15714
-19227
-20809
-21275
-21298
-20534
-17896
-14706
-11712
-8484
-4793
-1006
881
1905
2369
2743
1661
-76
-1690
-4130
-6391
-8172
-7309
-6179
-4955
-4527
-2833
-539
275
1410
2805
4659
4392
2835
3010
3716
3315
2811
2571
6387
8457
11748
14895
18709
21630
21842
22726
22423
20828
17568
12964
8827
3363
-2172
-6331
-10708
-13034
-15545
-15712
-15907
-14967
-14001
-12442
-11286
-10686
-9955
-9212
-8951
-10183
-10603
-10674
-10124
-11150
-10434
-8729
-6300
-4878
-1670
2224
6259
8655
12115
16319
18150
18622
18127
19313
17300
15418
13305
12985
10647
8831
8744
9349
8816
7439
7811
8161
7196
5089
4704
3102
339
-4121
-6922
-9966
-13575
-16988
-18602
-19462
-19860
-19163
-17008
-13929
-10632
-6676
-3237
400
2043
3343
3752
4162
3002
646
-1473
-3775
-5495
-7818
-7811
-7056
-5975
-6099
-5592
-3077
-1684
-151
444
2185
2420
897
165
1653
1993
2146
1336
4567
6853
8295
11033
13855
17266
18023
19109
20075
19002
16538
13532
9990
5972
306
-3343
-7724
-11028
-14580
-16067
-15909
-15524
-14200
-12611
-10692
-10043
-8824
-7476
-6048
-6773
-7380
-8075
-8077
-9118
-8851
-8061
-6831
-5931
-3600
311
3809
7251
10591
15243
17895
19446
19961
20578
19070
17064
15586
15133
12810
9850
8669
8312
7374
5980
7138
8461
8179
5992
5481
4565
2466
-1722
-5365
-8574
-13035
-17106
-19931
-20442
-20856
-20933
-19774
-16726
-13027
-9276
-6129
-1838
1034
2181
2547
3105
2958
-77
-2308
-4267
-6265
-9221
-10080
-9094
-8077
-8375
-7614
-4387
-2572
-676
232
2424
2902
2186
1885
3338
3444
3847
3207
5275
7365
9354
12161
14575
17726
18903
20033
20318
19889
18193
15580
11090
6777
1848
-2165
-7007
-10608
-13343
-15754
-16851
-16926
-15814
-14777
-13022
-11170
-9326
-8240
-6941
-6911
-7145
-8124
-8020
-8701
-8644
-8356
-7375
-5710
-3625
73
3342
7159
10364
14523
17293
19135
20645
21845
21037
19054
16796
15540
12903
9765
7793
6679
6172
4585
4824
5156
5196
3824
2786
1983
344
-3207
-6717
-9339
-12596
-16603
-19898
-21328
-22139
-22502
-21631
-17995
-14566
-10893
-7617
-3401
-331
1415
2360
2691
2629
505
-2096
-4943
-6905
-9421
-10230
-10896
-9602
-9996
-8418
-6208
-3638
-1430
232
2898
3719
4024
3769
4705
4148
4215
3456
5552
6870
9058
11632
14036
16176
17471
18979
19789
18982
16735
14293
10344
6266
888
-3138
-7879
-11523
-14265
-15881
-16534
-16846
-15779
-14198
-12709
-11038
-9037
-7251
-5667
-5910
-5861
-6935
-6915
-7476
-7590
-7142
-6198
-4223
-1816
1420
4742
8224
11048
14384
17388
19968
21408
21919
21642
20425
18399
16432
13523
10774
8338
6727
5969
4766
4635
4286
4123
3168
1656
687
-1094
-3314
-6403
-9464
-12062
-15723
-18898
-20656
-21095
-21002
-20797
-17938
-15007
-11532
-8403
-4601
-948
1121
2525
3396
3757
2445
-656
-3385
-6079
-7723
-9504
-9622
-9341
-9417
-7140
-6011
-2659
-853
2841
4768
5435
6205
7519
7949
7519
7054
7779
8228
8118
10104
12520
14930
15482
16812
18129
18863
17722
15970
13348
9708
5129
746
-3287
-7804
-11683
-14204
-15636
-16842
-17227
-16016
-14488
-12958
-10077
-7505
-5267
-4868
-4276
-3862
-4323
-4377
-4534
-4464
-4558
-3712
-2099
299
2838
6410
10380
13096
15616
18313
21246
22743
22597
22292
21120
18786
15868
12599
10218
7459
5762
4622
3321
2431
1159
859
-411
-1824
-2993
-4460
-6184
-8871
-11242
-13629
-16792
-19081
-20968
-21401
-21393
-20406
-17539
-14355
-11134
-8189
-4181
-1594
434
1365
2298
2473
929
-401
-3044
-4407
-7272
-8081
-9101
-9145
-7858
-6818
-4179
-1968
1383
3913
5703
7575
10131
11052
11967
11219
12446
11860
11658
12083
12517
13365
13016
13884
14304
14704
14019
12943
11323
8905
5576
2256
-1373
-5012
-8989
-12585
-15008
-16422
-16986
-17221
-15911
-14867
-13610
-12149
-9450
-7424
-5677
-4528
-3910
-3633
-3434
-2917
-3109
-2932
-2225
-155
1334
3938
7172
10516
13320
15734
18800
21060
21630
21320
20882
19937
17711
14398
11595
8807
5678
3291
1457
375
-1301
-2880
-4323
-6072
-7503
-8790
-9821
-11150
-13076
-15203
-17310
-19087
-20188
-21198
-21309
-20998
-19691
-17176
-14429
-11158
-8007
-5406
-2855
-1350
457
1485
1901
751
-67
-1032
-2754
-4921
-6725
-6068
-6673
-5964
-5622
-2246
55
2360
4947
8473
11397
12723
14186
15845
16806
16146
16087
15735
15497
13940
13347
12792
12301
11236
10734
9960
8680
6956
4375
1639
-1500
-4546
-7992
-11468
-14118
-15713
-17362
-18483
-18934
-17698
-16709
-15639
-13402
-10537
-7996
-6764
-5426
-3569
-2399
-1353
-368
1125
2096
3190
4487
6688
8847
11012
13470
15489
18000
19629
21181
21287
21113
20641
18873
16119
13267
10823
7958
4349
1245
-727
-3078
-5721
-7659
-8536
-9843
-12035
-13882
-14653
-16008
-17235
-18618
-18388
-18146
-18194
-18348
-18456
-17118
-16167
-14742
-12655
-10332
-7855
-6148
-3954
-1573
-220
638
253
1532
1398
1427
-501
-938
-2226
-3119
-3507
-2834
-1023
415
2411
5111
8348
10855
13868
15981
18970
19664
21192
21104
20370
18996
17358
15959
13381
11419
9697
7914
5788
4362
3423
1852
-1119
-2838
-4366
-5933
-8565
-11117
-12504
-14365
-16266
-17721
-17444
-16733
-16035
-15241
-12383
-9849
-7856
-6472
-3970
-932
204
1338
2857
5042
5879
6952
8863
11429
12865
13757
15141
17088
18300
18687
19220
19860
19530
17932
16546
14388
11919
8719
5624
2719
-985
-3972
-6815
-8961
-11018
-12949
-14296
-15889
-16875
-17453
-17968
-17871
-17965
-17029
-16239
-15445
-14696
-14413
-13653
-13074
-12029
-10932
-9496
-7593
-6266
-4062
-2310
-596
454
1193
2218
1558
2200
1129
1828
1102
1206
1452
1345
2190
3717
6124
8105
10546
13734
17089
18591
20360
21646
22723
21812
20513
19134
16837
13227
9620
6727
4291
1811
-328
-1827
-3008
-4242
-5573
-6323
-7505
-8478
-9808
-11128
-12830
-14270
-15241
-16039
-16635
-16410
-15478
-13830
-11986
-9341
-6849
-4130
-1742
632
2875
4872
6725
8093
9995
11413
12730
13135
13774
14236
15025
15170
15454
15438
15346
14663
13576
13147
11616
9801
6523
4444
1819
-1640
-5620
-8978
-11615
-14910
-17151
-18214
-18362
-18802
-19106
-18015
-16087
-14700
-14034
-13271
-12056
-11706
-11282
-11050
-10112
-9615
-9865
-8765
-8099
-6718
-6602
-4731
-3356
-1773
-1048
397
2627
3039
3604
3407
3910
3071
2453
2372
3732
4171
6421
8804
12482
14954
17441
20240
21416
22119
21492
21297
19926
17452
14052
10432
6912
3274
267
-1684
-3658
-4933
-5969
-5734
-6067
-7015
-7626
-8777
-9621
-11579
-13028
-14200
-14523
-15063
-15786
-15397
-14407
-13484
-12335
-10052
-6785
-4131
-1789
1253
4485
6793
7903
10094
11419
12136
11781
12614
13225
13046
13735
13943
14032
12698
12306
12104
11027
9540
7846
6200
4095
1455
-765
-3509
-6521
-9606
-12223
-14111
-16284
-17464
-18170
-18271
-18053
-17064
-15682
-14386
-13178
-11968
-10892
-9785
-8977
-8274
-8168
-8310
-8080
-8156
-7996
-7756
-5866
-4413
-3119
-2728
-645
780
1310
1846
3058
4554
4288
4306
5180
6816
7645
8774
10309
13308
14847
16980
18653
20489
21428
21193
20266
18450
16674
13968
10341
7237
4713
2095
-679
-3260
-4093
-5267
-6095
-6966
-6587
-6135
-6823
-7979
-8812
-9875
-11199
-12644
-13158
-13660
-14329
-14583
-13355
-11456
-9583
-7332
-5127
-1780
755
3751
5600
7927
9793
10891
11482
11523
13078
13648
13614
13006
13030
12603
11834
10505
10594
9828
8711
7128
5616
3987
1131
-1659
-4683
-7018
-9371
-11087
-12682
-14046
-15163
-16107
-16034
-15495
-14466
-13755
-13045
-11635
-10437
-9393
-8715
-8246
-7030
-6926
-6203
-6838
-6065
-5886
-5719
-4964
-4286
-3229
-3694
-2451
-1818
-82
423
2175
3774
5078
5795
6981
7675
8543
9185
10917
13505
15156
17633
18622
20129
19720
19863
19217
17679
15156
12259
9998
6832
4015
1753
126
-1870
-3075
-3814
-4207
-5389
-5684
-5821
-6242
-7004
-7497
-7857
-9227
-10739
-11789
-12107
-12638
-12239
-11418
-9845
-8033
-5819
-3558
-1133
965
2992
4530
6029
7298
8288
9154
9410
10283
10849
11803
11424
11312
11536
11931
11304
10691
9796
8192
5914
3800
2014
-166
-2938
-5684
-7555
-9905
-11663
-12892
-12974
-13344
-13698
-13593
-12418
-11352
-10678
-10060
-9324
-8727
-8817
-8275
-7607
-6264
-6300
-6027
-6348
-5925
-6379
-5840
-5038
-4453
-3798
-3503
-1507
-1452
-430
-451
930
1617
1842
2637
4667
5870
7506
8766
11551
14130
15681
17675
18245
19689
19140
18993
17704
16440
14645
12149
9290
6329
4166
2322
-43
-1836
-2456
-3001
-3552
-4457
-3799
-3452
-3892
-5227
-5986
-6580
-8198
-9761
-10698
-10691
-11669
-12399
-11711
-10022
-8141
-6374
-3908
-1244
1394
3900
5513
6923
8051
8965
8873
8890
9499
9536
9321
8536
9029
9408
8725
8316
8415
8939
7622
5492
4313
2565
86
-3268
-5219
-7048
-9603
-11450
-12660
-13038
-13696
-13443
-12272
-11012
-9976
-9202
-8216
-7446
-6709
-5920
-5624
-5796
-5895
-5872
-5794
-6447
-6066
-6403
-5748
-5812
-4811
-4395
-4776
-3478
-2851
-1273
-1802
-890
311
1016
1410
2581
4247
6007
6825
9646
12109
14391
15938
16883
18397
17756
17708
16210
14932
12263
9667
7330
5087
3171
1151
-702
-2222
-3113
-3171
-3555
-3937
-3697
-3396
-3552
-4926
-5225
-5963
-6809
-8508
-9237
-9497
-10541
-11121
-10869
-9415
-7733
-6619
-4808
-2328
-335
1997
3350
5567
6650
7680
7785
7723
8159
7397
6831
5838
6052
5893
5513
5431
5472
5284
4189
3192
2617
1311
-712
-3087
-4727
-6521
-8797
-10374
-11428
-11992
-13206
-13171
-12358
-11111
-9980
-9003
-7524
-6295
-5429
-4359
-3823
-3396
-3612
-3769
-3967
-4508
-5111
-6045
-5583
-5890
-4958
-5245
-4014
-3447
-2928
-2129
-1352
424
1033
1522
2597
3673
4977
5844
7604
10733
12165
14412
15179
17004
17312
17081
17248
15622
14507
12118
10538
7957
4954
3143
748
-1130
-2502
-2901
-2718
-3360
-3451
-3100
-2433
-2516
-2940
-2939
-3407
-3736
-5264
-5770
-6720
-7744
-8352
-7822
-6568
-5524
-4651
-2644
-1052
690
2645
4515
6525
7149
8649
8667
9115
8663
8164
7590
6398
5230
4277
3867
3320
2938
2317
1330
360
-587
-1472
-2703
-4106
-5385
-6993
-8460
-10023
-10817
-11570
-12009
-12026
-11680
-10781
-9703
-8164
-6432
-4714
-2941
-2078
-1523
-972
-695
-745
-1143
-1824
-2461
-2933
-3429
-3394
-3964
-3760
-3919
-3014
-2298
-1531
-454
394
1501
2648
3878
4979
6169
7465
9924
11149
13204
14211
15352
15786
15787
16089
15255
14189
12524
10703
8826
6350
4325
2534
473
-967
-2382
-2728
-3774
-3921
-3997
-3604
-3477
-3483
-3345
-3389
-3704
-4537
-4684
-4591
-4897
-5299
-5159
-4424
-3746
-3048
-1367
-142
1235
2026
3594
5060
5985
6879
7102
7561
7864
8359
8003
6959
5959
5383
4423
3128
1961
1303
-331
-1894
-3034
-3975
-5123
-7132
-8256
-9002
-9489
-10329
-10641
-10713
-10906
-10781
-10703
-10004
-9295
-8457
-7401
-6383
-5666
-4841
-3892
-2796
-1814
-1092
-318
-483
-407
-831
-697
-820
-1526
-1506
-2728
-2610
-3076
-2764
-2153
-1800
-230
940
2644
4346
5765
7544
9184
10711
12087
12500
13637
13324
13045
12223
11475
10197
7967
6739
5099
3715
1701
516
-583
-1591
-2155
-2248
-2481
-3494
-3970
-3870
-3516
-4101
-4729
-4891
-5264
-4895
-4506
-4007
-3708
-3900
-3689
-3505
-2430
-1296
-152
957
2003
3081
4302
4934
5362
5393
5172
4954
4926
5107
5052
4468
4085
4209
3345
2002
380
-740
-2029
-4009
-5422
-6597
-7700
-9252
-11180
-11867
-12411
-12753
-12847
-12013
-11016
-10682
-10380
-9569
-8281
-6966
-6149
-5428
-4562
-4049
-3718
-3011
-1597
-710
-459
-249
712
1107
1788
1535
1747
1837
1174
1256
832
1034
848
344
576
1511
2746
4305
5237
7828
10018
12350
13585
14598
15744
14685
14163
13161
12143
9789
7115
5370
3224
469
-1124
-2116
-2623
-3715
-3823
-3324
-3113
-3118
-3021
-2654
-2504
-2141
-2356
-2452
-3177
-3237
-3379
-3578
-3574
-3482
-2973
-2135
-231
2044
3805
4603
5534
6415
7299
7257
7066
7142
6406
5210
3913
3208
2447
1724
1204
876
268
-671
-1800
-2792
-3657
-4805
-6358
-7793
-9318
-10617
-11961
-12963
-13604
-14025
-13878
-13545
-12376
-11416
-10202
-8768
-6996
-5452
-4646
-3411
-2301
-1454
-1371
-1494
-1285
-1047
-1114
-564
-43
739
676
1305
2318
2842
3137
2863
3333
3214
2970
3034
3524
4305
4733
5461
7349
8649
10443
11628
13355
14344
14992
15423
14426
13561
11883
10289
7797
4818
2107
-675
-2793
-4476
-5326
-5580
-6074
-5897
-5725
-4532
-3980
-3469
-2972
-2646
-1843
-2161
-1792
-1997
-2209
-2262
-2533
-2236
-1642
-1073
-72
1005
3003
4178
5466
6697
7308
7709
7009
6884
5784
4212
2723
1766
961
-238
-1089
-1314
-1759
-2479
-3625
-4184
-5061
-6234
-7539
-8637
-9517
-11019
-12344
-13341
-13752
-14230
-14426
-14215
-13080
-11773
-10243
-8536
-6678
-4851
-3441
-2118
-1282
-535
-62
623
782
617
536
291
614
400
1286
2002
3114
3824
4415
5541
6170
6398
6617
7130
8268
8494
9154
10096
10520
11138
11615
12766
12809
13256
13625
13395
12225
10471
8952
6971
4483
2463
411
-1603
-3549
-5195
-6001
-7006
-7127
-7203
-6629
-6297
-5767
-5003
-4280
-3349
-2138
-1223
-870
-359
266
987
1223
1821
2751
3367
3652
4495
5593
6681
6860
7375
7668
7229
6554
5706
5583
4332
2893
1698
525
-827
-2352
-3740
-4481
-5470
-6388
-7270
-7954
-8738
-9814
-10913
-11866
-12230
-12755
-13319
-13770
-13661
-13783
-13162
-12745
-11499
-10311
-9144
-7364
-5714
-3720
-2146
-634
308
770
1160
1316
1391
2108
2013
2492
2394
2779
3535
4091
5323
5886
6574
7077
7660
8238
9096
10453
11667
12269
13381
13914
14702
14648
14300
14201
13497
12714
10988
9650
7601
4978
2620
592
-1149
-3583
-5441
-6391
-7435
-8053
-8851
-8750
-8729
-8036
-7106
-6397
-5387
-4933
-4250
-3592
-2308
-1046
276
858
1823
2791
3967
5312
6231
6872
7396
7422
7390
7141
6375
5894
4743
3794
2548
1677
796
-655
-2034
-2950
-3895
-5392
-6244
-6931
-7985
-9114
-10044
-10991
-12386
-13480
-14202
-14563
-14575
-14683
-14448
-14788
-14723
-14000
-12809
-11405
-10381
-9221
-8168
-7093
-5872
-4620
-3127
-1867
-1194
-246
891
1942
2094
2501
2855
3381
3748
4351
5652
6733
7640
8026
9094
10100
11175
11969
13023
13536
14267
14635
14974
15091
15083
14747
13546
12517
11152
9923
7465
5076
3099
1075
-1173
-3048
-4644
-5559
-7252
-8579
-8817
-8605
-8101
-8088
-7457
-7064
-6095
-5315
-4195
-3561
-3070
-2245
-1106
253
1524
3070
4283
5626
6443
7287
7646
7730
7834
8337
7930
7224
6111
4974
3773
2078
1021
-406
-1380
-2685
-4179
-5322
-6591
-7838
-8770
-9502
-10037
-10836
-11651
-12323
-12906
-13313
-13665
-13564
-13857
-14048
-13671
-12842
-11982
-11046
-10116
-9390
-8798
-7977
-6763
-5647
-4556
-3274
-1782
-389
949
1839
3137
4061
4584
5416
5991
7430
7854
8235
8871
10133
11586
12394
13390
14408
15300
16258
16608
17121
17600
17180
16724
15428
14617
12916
10996
9383
7054
5015
3026
1370
-228
-1855
-3353
-4993
-6213
-7303
-7753
-8301
-8502
-8247
-7982
-7526
-7099
-5923
-5125
-4269
-3172
-1579
170
1846
3232
4571
5695
6226
6993
7923
8846
8698
8827
8475
8152
7592
6855
6044
4923
3530
2487
1371
-177
-1653
-3187
-4520
-6435
-7723
-9058
-10364
-11657
-12820
-13441
-14414
-14814
-14506
-14213
-13804
-13538
-12768
-11994
-11803
-11024
-10374
-9617
-9170
-8333
-7173
-6596
-5690
-4707
-3429
-2436
-1228
339
1774
3359
3973
5071
6063
6970
7823
8508
9498
10246
11139
12015
13020
14405
15602
16639
17595
18146
18643
18118
17488
16341
14731
12838
10761
9300
6872
4572
2495
573
-1207
-2803
-3685
-4498
-5469
-6365
-7267
-7560
-7849
-8048
-8111
-8034
-7634
-7236
-6554
-5608
-4151
-2767
-1294
170
1900
3234
4609
5973
7110
8029
8393
8461
8316
8039
7201
6323
4971
3659
2441
1326
449
-427
-1303
-2142
-3316
-5227
-6895
-8227
-9230
-10742
-12000
-13327
-14608
-15506
-16105
-16331
-16540
-16507
-16204
-15531
-14667
-13534
-12605
-11393
-10537
-9639
-8796
-7969
-6949
-6209
-5207
-4492
-3333
-2261
-953
68
1412
3058
4423
6088
7350
8294
9387
10337
11200
11861
12860
14026
14662
15521
16065
16651
16689
16398
16360
15401
14382
13146
11697
10145
7927
6212
4325
1813
-422
-2868
-4471
-6063
-7145
-7399
-7563
-7396
-7348
-7050
-6887
-6799
-6677
-6204
-5612
-4850
-4184
-3220
-1953
-762
172
1337
2949
4118
4950
5683
6444
6700
6902
6898
6672
5451
3807
2785
1981
1018
-376
-1681
-2640
-3898
-5073
-5835
-6604
-7455
-8749
-9853
-11149
-12276
-13155
-13882
-14378
-15274
-15896
-15947
-15422
-14807
-14186
-13396
-12636
-11550
-10756
-9882
-9234
-8409
-7499
-6288
-5090
-3742
-2414
-809
713
1714
3040
4193
5721
6920
8518
10381
11465
12566
13653
14817
15566
16047
16969
17205
17156
16535
16244
16228
15091
14344
13242
12294
10813
9474
8522
6948
5255
3622
1820
71
-1395
-2591
-3622
-4495
-4854
-5596
-5816
-5857
-5237
-4909
-4662
-3756
-2710
-2024
-1811
-996
185
1266
2002
3054
3962
4775
4847
5202
5390
5306
5067
4606
3914
2712
1895
936
-73
-1257
-2438
-3756
-4995
-6330
-7223
-8068
-9244
-10082
-10747
-11373
-11857
-12065
-12009
-12346
-12754
-12881
-13032
-13174
-13305
-13109
-12517
-12093
-11133
-10268
-9302
-8150
-7229
-6111
-5546
-5115
-4138
-2701
-1023
511
1882
3520
4939
6007
7098
8593
10043
11275
12553
13691
14715
15340
16045
16635
17145
16999
16556
15902
15076
13981
12981
12013
10825
9242
7736
6445
5255
4366
3394
2617
1633
524
-299
-1189
-1726
-2586
-3242
-3678
-4090
-3996
-3947
-3244
-2745
-2062
-1392
-835
14
673
1342
2133
2814
3324
3577
3524
3135
2610
2016
1422
1193
679
515
-100
-706
-1868
-3190
-4092
-5055
-5899
-6974
-7641
-8475
-9452
-10446
-11005
-11399
-11843
-12314
-12252
-12222
-12223
-12383
-12274
-11873
-11588
-10920
-10651
-10221
-10215
-9790
-9355
-8506
-7441
-6373
-5265
-4328
-2617
-1370
308
1802
3214
4335
5182
5966
6898
7393
8307
9641
11016
12022
12841
13831
13964
14042
13747
13961
13711
13234
12524
11321
10259
9067
8027
7073
5505
4199
3284
2384
1858
1261
1303
650
71
-476
-691
-1162
-1546
-1410
-1299
-1380
-1370
-1458
-1426
-1349
-847
51
551
1101
1658
2067
1746
1601
1475
1135
562
-175
-1050
-1756
-2452
-2914
-3278
-4166
-4879
-5310
-5550
-6065
-6499
-7261
-8239
-9388
-10295
-10552
-10931
-11402
-11682
-11791
-11679
-11649
-11515
-11058
-10527
-9780
-9483
-9163
-8640
-8326
-7980
-7829
-7291
-7227
-7191
-6609
-5952
-4485
-3374
-1882
-374
1054
2620
4005
5596
6903
8052
9273
10156
11065
11868
12154
12520
12364
12483
12178
11942
11986
11640
11463
10873
10692
10191
9585
8955
7897
7116
6114
5414
5172
4864
4426
3928
3612
2973
2259
1691
1144
860
567
431
354
270
134
-175
-75
-208
-68
245
621
1021
1112
1276
993
667
44
-914
-1826
-2703
-3352
-4449
-5258
-5863
-6372
-6562
-7032
-7209
-7603
-7787
-8191
-8374
-8276
-8719
-9246
-9637
-9693
-9740
-9716
-9386
-9143
-8814
-8512
-8123
-7525
-6731
-6156
-6000
-5458
-5271
-4866
-4912
-4820
-4365
-4189
-3531
-2997
-1949
-1339
-552
591
1614
2761
3460
4407
5334
6463
7393
7775
8186
8372
8613
9051
9134
9596
9812
10188
10047
9674
9775
9121
8641
7863
7526
6806
6092
5607
5288
4835
4303
4296
4361
4412
4438
4410
4460
4465
3961
3600
3103
2807
2309
1554
886
561
197
-248
-786
-1108
-1470
-1781
-1978
-2156
-2475
-3121
-3561
-4303
-5171
-6088
-6632
-7165
-7948
-8722
-9499
-10026
-10450
-10719
-10624
-10570
-10574
-10381
-9846
-9126
-8438
-7747
-7097
-6452
-5900
-5346
-4479
-3928
-3473
-2974
-2688
-2520
-2236
-2030
-1988
-1802
-1442
-1027
-1382
-1479
-1193
-422
112
891
1856
2209
2552
2608
3186
3853
4454
5006
5478
5747
5598
5725
6088
6202
6475
6909
7190
7338
7570
8217
8593
8734
8742
8937
8444
8091
8117
8436
8557
8124
7745
7385
7283
7022
6827
6836
6378
5843
5575
5305
5190
4890
4709
4371
3671
2746
1661
812
-213
-1033
-1584
-2398
-3341
-4299
-5348
-6067
-6811
-7487
-8211
-8961
-9774
-10421
-10792
-10891
-11205
-11625
-11878
-12068
-12282
-12145
-11697
-11196
-10393
-9573
-8819
-7896
-6975
-5881
-4756
-3493
-2444
-1622
-611
109
646
1028
1272
1418
1516
1791
1962
1748
1706
1685
1609
1361
1463
1695
1954
1962
2293
2496
2059
1670
1544
1470
1452
1428
1752
1893
1962
2490
2994
3616
3778
4117
4243
4151
4483
4902
5382
5826
6069
6550
7017
7695
8611
9305
9839
10017
10369
9999
9706
9625
9494
9408
8784
8219
7474
6328
5460
4769
4203
3538
2612
1870
849
-47
-1266
-2191
-3314
-4633
-5870
-7577
-8772
-9940
-10771
-11539
-12539
-13117
-13293
-13362
-13476
-13681
-13349
-13124
-12770
-12196
-11429
-10891
-10551
-9756
-8911
-7947
-6802
-5713
-4423
-3110
-1817
-601
239
1315
2076
2670
3135
3679
4114
4423
4417
4490
4766
5035
5095
4866
4915
4794
4662
4195
3796
3018
2267
1692
1276
833
598
687
323
-135
-544
-312
-65
344
851
1355
1652
1903
2286
2968
3277
3723
4484
4938
5491
6098
6995
7471
7737
8167
8693
8896
8985
9389
9490
9411
8842
8342
7729
6995
6246
5454
4547
3103
2010
1116
-203
-1461
-2545
-3415
-4370
-5460
-6141
-7080
-8318
-9648
-10655
-11627
-12615
-13145
-13790
-14174
-14670
-14555
-14211
-14065
-13455
-12692
-11832
-11253
-10518
-9777
-8919
-7979
-6972
-5901
-4811
-3688
-2630
-1756
-895
50
1011
1943
2854
3879
4904
5735
6518
6892
6981
6974
6956
7098
7123
6863
6554
6158
5552
4993
4445
3953
3391
2858
2402
2026
1907
1520
1281
1166
964
1072
1113
1292
1451
1702
2068
2665
3465
4071
4821
5437
5858
6346
6896
7498
8064
8364
8535
8465
8201
7822
7473
7251
6795
6495
6286
6041
5433
5070
4522
3754
2994
1892
841
-250
-1330
-2256
-3249
-4075
-4771
-5591
-6336
-7151
-8126
-9067
-9779
-10286
-10736
-11263
-11752
-11952
-11861
-11731
-11763
-11586
-11296
-10876
-10257
-9411
-8431
-7447
-6391
-5265
-4389
-3719
-3062
-2303
-1505
-968
-376
294
813
1701
2656
3457
4519
5449
6078
6717
7128
7493
7632
7554
7404
7157
6946
6863
6541
6324
5906
5529
4957
4687
4566
4244
4136
3999
3805
3554
3207
2699
2509
2304
2251
2252
2346
2453
2712
2955
3386
3854
4295
4582
4701
4840
4949
5093
4961
4648
4220
3633
2972
2693
2538
2385
1991
1616
1451
1298
1058
704
320
-647
-1631
-2599
-3495
-4323
-4935
-5408
-6022
-6773
-7434
-7629
-7856
-7861
-8098
-8114
-8257
-8399
-8492
-8415
-8158
-8268
-8170
-8266
-8248
-8174
-7848
-7440
-6857
-6148
-5359
-4809
-4221
-3530
-2819
-2117
-1422
-822
-376
179
573
1112
1802
2546
3471
4237
4787
5158
5200
5397
5626
5855
6174
6871
7318
7551
7650
7752
7701
7334
7255
7027
6882
6558
6080
5803
5194
4688
4178
3844
3732
3814
3933
3712
3508
3359
3101
2941
2753
2522
2248
1770
1460
1348
1208
900
814
669
494
429
267
181
36
-12
-110
-397
-413
-808
-1245
-1961
-2553
-2964
-3563
-3830
-4067
-4464
-4961
-5179
-5518
-5702
-5923
-6308
-6436
-6311
-5835
-5701
-5780
-5997
-6098
-6202
-6246
-5873
-5406
-5148
-4975
-4930
-5103
-5079
-4891
-4602
-4449
-4434
-4430
-4024
-3328
-2781
-2097
-1254
-494
312
1029
1903
2357
2876
3503
3844
4110
4164
4047
4082
4463
4864
5114
5359
5846
6087
6280
6628
6883
7036
7023
6876
6844
6686
6387
6012
5615
5179
4580
4166
3766
3526
3390
3055
3006
2733
2415
2073
1483
1115
673
194
-375
-801
-1386
-1705
-1948
-2252
-2513
-2882
-3076
-3175
-3227
-3199
-3215
-3217
-3331
-3505
-3767
-3955
-4030
-4242
-4529
-4835
-5097
-5327
-5629
-5766
-5625
-5556
-5420
-5311
-4866
-4731
-4592
-4037
-3586
-3388
-3243
-2991
-2972
-2990
-2991
-2867
-2938
-3157
-3036
-2825
-2665
-2756
-2587
-2392
-2259
-2071
-1777
-1385
-1006
-734
-386
183
743
1317
1740
2202
2772
3360
3949
4429
5114
5684
6218
6563
6863
7178
7304
7432
7410
7437
7409
7131
7135
7250
7168
7147
6994
7009
6677
6399
6088
5541
5063
4713
4325
3694
3069
2182
1264
362
-100
-624
-1021
-1249
-1262
-1301
-1745
-1965
-2154
-2239
-2584
-2911
-3191
-3529
-3859
-4213
-4361
-4743
-5023
-5135
-5048
-4830
-4317
-3840
-3361
-3166
-3027
-3075
-3064
-3012
-3199
-3534
-3850
-3882
-4083
-4092
-3937
-3696
-3435
-2901
-2512
-2262
-2212
-2214
-2091
-2028
-2007
-2276
-2503
-2749
-2925
-3097
-3053
-2990
-2799
-2335
-1650
-762
-123
677
1409
1825
2088
2279
2531
2902
3362
3956
4334
4677
5066
5449
5828
6155
6665
7359
7815
8050
8266
8331
8085
7680
7267
6874
6402
5944
5442
4948
4584
4455
4285
4129
4172
3815
3485
2852
1952
1218
403
-364
-1200
-1857
-2189
-2547
-2863
-3014
-3124
-3022
-2816
-2636
-2641
-2809
-2861
-2866
-3052
-3135
-3376
-3658
-3902
-3979
-4132
-4350
-4354
-4089
-4026
-3789
-3360
-3034
-2831
-2936
-2739
-2665
-3039
-3241
-3385
-3564
-3617
-3882
-3990
-3954
-3579
-3147
-2871
-2531
-2292
-1982
-1641
-1100
-914
-927
-987
-1287
-1660
-2011
-1953
-1669
-1132
-403
321
1005
1891
2682
3363
4042
4577
4980
5190
5410
5476
5415
5194
5177
5391
5598
5975
6375
6551
6671
6696
6807
6846
6590
6289
5822
5314
4822
4136
3274
2489
1618
1020
449
-196
-667
-1129
-1511
-1669
-1749
-2027
-2189
-2544
-2786
-3372
-4081
-4319
-4434
-4493
-4810
-4910
-4711
-4484
-4435
-4196
-3936
-3890
-3754
-3716
-3764
-3924
-4144
-4262
-4416
-4481
-4580
-4439
-4351
-4382
-4485
-4427
-4329
-4307
-4327
-4139
-3902
-4024
-3946
-4078
-4163
-4146
-4095
-3923
-3993
-3873
-3403
-3000
-2652
-2244
-1824
-1381
-1097
-805
-226
87
258
765
1497
2081
2433
2967
3340
3672
4054
4609
5131
5595
5817
5965
6002
6173
6285
6346
6538
6545
6441
6223
5938
5620
5445
5168
4711
4144
3777
3495
3163
2581
1975
1450
751
220
-119
-620
-1292
-1779
-2117
-2479
-2793
-2847
-2955
-2945
-3101
-3351
-3424
-3397
-3339
-3412
-3401
-3448
-3421
-3474
-3301
-3175
-3265
-3361
-3212
-3072
-3081
-3120
-3277
-3156
-3248
-3394
-3315
-3317
-3598
-4110
-4487
-4689
-4592
-4460
-4522
-4493
-4560
-4470
-4530
-4665
-4913
-5042
-5032
-4925
-4842
-4718
-4510
-4236
-3980
-3644
-3230
-2760
-2250
-1702
-992
-589
-225
324
1012
1930
2642
3365
3975
4481
5040
5595
5978
6439
7222
7814
8113
8374
8701
8991
9014
8950
8804
8738
8459
8192
8018
7691
7497
7305
6969
6524
6300
6092
5893
5440
4747
4223
3745
3340
2947
2667
2189
1534
1026
865
621
321
267
51
-239
-505
-672
-685
-743
-1024
-1501
-1954
-2293
-2806
-3245
-3370
-3716
-4038
-4282
-4594
-4787
-4861
-4780
-4865
-4949
-4960
-5181
-5438
-5793
-5963
-6099
-6299
-6524
-6528
-6422
-6538
-6545
-6453
-6252
-5945
-5594
-5334
-4985
-4640
-4320
-3845
-3487
-3382
-3173
-2530
-1762
-690
114
825
1244
1562
2081
2686
3438
4059
4690
5264
5851
6503
6824
6871
6902
6982
7291
7533
7659
7646
7566
7274
7072
6830
6752
6680
6486
6118
5574
4897
4207
3666
3079
2617
2187
1886
1589
1101
609
-13
-554
-969
-1330
-1502
-1590
-1651
-1953
-2390
-2758
-3111
-3155
-3022
-2937
-2818
-2776
-2517
-2306
-2152
-2161
-2387
-2390
-2414
-2496
-2476
-2202
-2099
-2306
-2557
-2660
-2763
-2799
-2594
-2591
-2540
-2512
-2540
-2429
-2377
-2189
-2237
-2612
-3007
-3132
-3303
-3337
-3456
-3780
-3944
-3691
-3397
-3235
-2924
-2727
-2750
-2721
-2647
-2317
-1845
-1162
-475
331
1152
1850
2369
2770
3447
4116
4750
5220
5696
6104
6595
7116
7538
7996
8351
8673
8600
8383
8095
7995
7737
7483
7291
6918
6545
5872
4998
4201
3519
2876
2105
1238
508
-179
-807
-1691
-2530
-3089
-3570
-3930
-4199
-4720
-5335
-5814
-6151
-6227
-6142
-6351
-6616
-6615
-6727
-6818
-6910
-6854
-6459
-6105
-5932
-5666
-5229
-4975
-4601
-4038
-3559
-2964
-2891
-2798
-2752
-2664
-2279
-1880
-1258
-794
-640
-484
-311
19
303
535
860
915
907
870
884
820
646
659
674
614
466
382
321
374
612
779
816
757
955
1357
1700
2020
2115
2219
2371
2571
2962
3262
3687
3824
3871
3951
4081
4154
4321
4587
4906
4969
4771
4688
4614
4669
4308
3757
3368
3290
3418
3518
3516
3205
2881
2389
1876
1459
950
779
341
-19
-473
-989
-1519
-2095
-2569
-2757
-2958
-3422
-3890
-4113
-4469
-4800
-4931
-5111
-5359
-5689
-6032
-6427
-6536
-6574
-6728
-6919
-7105
-7174
-7099
-6951
-6610
-6128
-5659
-5273
-5005
-4717
-4443
-4121
-3585
-3152
-2678
-2188
-1976
-1545
-847
-241
255
673
996
1271
1540
1917
2204
2480
2669
2748
2823
3040
3587
3977
4207
4344
4354
4494
4633
4698
4537
4527
4582
4645
4576
4588
4532
4749
5072
5225
5208
5162
5130
4988
4759
4844
4855
4644
4556
4505
4350
4025
3570
3200
2974
2588
2224
2215
2165
2052
1851
1487
953
440
223
10
-6
-222
-314
-453
-740
-830
-945
-1032
-1344
-1706
-2186
-2553
-2918
-3282
-3504
-3754
-4230
-4617
-4921
-5096
-5112
-5150
-5233
-5470
-5476
-5548
-5539
-5449
-5179
-5088
-5055
-4975
-5132
-4990
-5117
-4789
-4275
-3916
-3605
-3252
-2785
-2427
-2115
-1850
-1491
-1287
-1105
-1181
-1252
-1145
-950
-631
-293
-145
51
406
759
1154
1588
2041
2118
2347
2742
3003
3138
3025
3287
3370
3563
3868
4164
4675
4962
5290
5469
5648
5820
5720
5556
5355
5433
5683
5935
5969
5893
5859
5595
5171
4708
4225
4087
3728
3405
3240
2818
2532
2139
1741
1339
801
453
-108
-478
-696
-990
-1501
-2121
-2700
-3238
-3629
-4004
-4422
-4658
-5011
-5323
-5609
-5907
-6243
-6311
-6167
-6092
-5986
-5928
-5716
-5464
-5342
-5335
-5605
-5550
-5360
-5086
-4833
-4406
-3798
-3359
-3015
-2593
-1981
-1462
-959
-427
-66
256
544
870
1104
1228
1301
1477
1938
2259
2560
2832
2905
2873
2907
3042
3225
3223
3098
3022
3005
2855
2653
2324
2135
2024
2134
2292
2497
2668
2407
2383
2393
2466
2293
1915
1695
1508
1497
1534
1535
1656
1488
1318
1159
1002
927
747
690
769
988
1145
1199
1090
825
631
315
59
-88
-147
-59
-16
29
65
-48
-188
-154
-260
-372
-572
-989
-1617
-2071
-2307
-2855
-3264
-3475
-3545
-3604
-3629
-3635
-3714
-3789
-3807
-3801
-3739
-3653
-3598
-3667
-3882
-4020
-4024
-3859
-3520
-3269
-2961
-2736
-2581
-2065
-1408
-908
-644
-382
-236
-17
415
805
1228
1501
1555
1605
1849
1990
2361
2704
2948
3059
3195
3247
3175
3091
2896
2810
2718
2641
2606
2484
2191
2006
2051
1980
2015
2147
1995
1850
1565
1676
1758
1876
1883
1814
1612
1405
1106
882
567
463
459
428
477
322
24
-440
-627
-506
-348
-311
-409
-630
-1233
-1418
-1711
-2024
-2032
-2142
-2355
-2235
-2026
-1998
-2097
-2172
-2114
-2214
-2389
-2421
-2557
-2911
-3150
-3078
-3166
-2971
-2834
-2986
-2928
-3044
-2834
-2413
-2045
-1635
-1288
-933
-689
-693
-697
-636
-584
-481
-164
235
676
1201
1656
1863
1951
2032
2153
2434
2916
3236
3204
3056
2999
3049
2770
2503
2272
2118
1997
2026
2227
2580
3032
3021
2909
2809
2574
2361
2298
2369
2532
2572
2671
2801
2968
2896
2666
2471
2367
2424
2379
2038
2086
2072
2176
2186
2103
1739
1409
1106
805
415
53
-206
-524
-561
-625
-577
-580
-636
-730
-1015
-1298
-1411
-1582
-2052
-2381
-2585
-2967
-3240
-3307
-3322
-3072
-2961
-3170
-3151
-3031
-2776
-2667
-2810
-2879
-2766
-2679
-2726
-2596
-2637
-2605
-2622
-2564
-2277
-1874
-1746
-1705
-1386
-1132
-686
-265
132
555
650
646
678
678
832
999
1089
1365
1608
1961
2369
2737
3069
3277
3421
3624
3578
3557
3404
3503
3736
3686
3982
4146
4250
4192
4338
4449
4297
4230
4079
4161
4065
4080
4310
4358
4026
3795
3419
2928
2548
2212
1969
1881
1603
1263
839
413
159
-4
-210
-617
-1006
-1496
-1859
-2087
-2089
-2185
-2248
-2248
-2457
-2602
-2886
-3063
-3035
-2756
-2671
-2874
-3085
-3058
-2678
-2730
-2852
-2872
-2990
-3004
-3052
-2842
-2567
-2448
-2321
-2201
-2184
-2293
-2308
-2200
-2365
-2664
-2805
-2812
-2674
-2464
-2509
-2458
-2088
-1843
-1742
-1439
-1221
-969
-638
-394
-381
-422
-374
-423
-159
77
287
448
475
622
717
1029
1372
1617
1729
1771
1930
2159
2091
2125
2319
2720
2838
2520
2334
2320
2479
2608
2557
2590
2724
2523
2389
2173
2031
1837
1633
1419
1039
722
580
561
440
92
-295
-485
-606
-631
-805
-1067
-1191
-1503
-1629
-1743
-1911
-2112
-2358
-2925
-3365
-3397
-3446
-3515
-3468
-3420
-3633
-3821
-3950
-3716
-3405
-2969
-2617
-2462
-2379
-2363
-2326
-2332
-2204
-1921
-1613
-1488
-1296
-1239
-1245
-1132
-985
-935
-926
-889
-844
-676
-639
-449
-110
-64
19
163
290
612
778
887
961
946
954
1324
1717
2311
2746
2729
2665
2614
2614
2817
3192
3525
3972
3950
3750
3857
3766
3939
4006
3973
3781
3641
3339
3187
3265
3316
3374
3422
3320
3326
3322
3334
3245
3048
2725
2227
2055
1810
1405
1069
720
583
362
-37
-488
-865
-1099
-1155
-1262
-1651
-1904
-2096
-2300
-2269
-2442
-2810
-3078
-3419
-3541
-3676
-3582
-3703
-3908
-4060
-4173
-4078
-3812
-3414
-3255
-3159
-2934
-2800
-2619
-2379
-2251
-2274
-2205
-2132
-1975
-1990
-2259
-2173
-1972
-1696
-1465
-1256
-1114
-889
-771
-540
-217
190
503
521
682
901
984
1023
1244
1361
1755
1874
1908
1933
1861
1642
1579
1892
2177
2256
2006
1909
2087
2354
2711
3075
3290
3327
3285
3179
3003
2744
2513
2389
2231
2239
2349
2344
1987
1682
1509
1277
1098
1030
893
665
447
287
84
-19
-59
-340
-609
-911
-1235
-1327
-1391
-1633
-1858
-1929
-2075
-2277
-2375
-2528
-2451
-2234
-2051
-1937
-1797
-1757
-1835
-1909
-1709
-1499
-1517
-1580
-1552
-1400
-1171
-786
-699
-636
-753
-702
-498
-492
-445
-418
-427
-155
47
279
664
861
797
759
901
929
727
744
843
607
602
857
891
866
837
679
624
521
487
439
240
322
476
486
419
397
314
156
267
384
557
756
798
679
447
571
733
576
369
208
106
122
71
37
97
156
-90
-206
-234
-348
-344
-97
-180
-400
-503
-833
-938
-1188
-1257
-1217
-1405
-1618
-1635
-1929
-1615
-1422
-1465
-1673
-2140
-2176
-2038
-1753
-1629
-1544
-1489
-1789
-2007
-1886
-1524
-1473
-1581
-1736
-2011
-2138
-1945
-1483
-1396
-1634
-1870
-1949
-1814
-1624
-1460
-1411
-1307
-1196
-975
-864
-908
-657
-357
-16
148
319
309
190
295
378
625
846
1079
1272
1349
1535
1675
1691
1302
1303
1456
1708
2250
2329
2366
2205
2046
2180
2175
2432
2651
2538
2263
2078
2153
1894
1527
1339
1220
945
705
828
775
391
459
343
9
-202
-330
-369
-583
-911
-944
-995
-984
-1023
-1137
-1373
-1600
-1735
-1886
-2000
-2154
-2013
-2072
-2232
-2221
-2198
-1938
-1856
-1847
-1983
-2180
-2245
-2092
-1804
-1532
-1504
-1657
-1850
-1891
-2029
-1866
-1662
-1822
-1679
-1659
-1684
-1712
-1580
-1398
-1459
-1357
-1234
-1077
-1166
-1292
-1363
-1492
-1228
-985
-894
-813
-760
-728
-656
-684
-336
111
353
728
1015
1183
1331
1294
1378
1468
1683
1869
2111
2382
2327
2272
2421
2714
2910
2912
2876
2669
2795
3030
3428
3592
3558
3327
3028
2785
2706
2552
2269
2234
2084
1817
1775
1685
1335
981
1066
1233
1154
853
566
-50
-806
-954
-823
-814
-1158
-1374
-1622
-2078
-3013
-2919
-2621
-2015
-1785
-1407
-1208
-1867
-1967
-1948
-2244
-2113
-1173
-435
-243
-349
-978
-1746
-2429
-2832
-2674
-2184
-1163
-1053
-1565
-1555
-2081
-1917
-1778
-882
-212
26
55
-533
-1196
-1264
-1012
-1107
-876
-457
-11
260
492
325
243
366
133
-145
-140
139
534
435
921
1381
1259
1381
1869
2235
1778
1575
1452
1317
1172
1165
1408
1433
1349
1462
1511
1250
1494
2002
1934
1532
1416
1170
957
966
1313
1653
1919
1995
1839
1693
1853
2027
1866
1733
1511
961
624
403
317
386
628
829
926
901
956
829
425
523
257
141
-16
-180
-89
-368
-397
-187
-230
-625
-848
-786
-290
-30
79
-208
-563
-956
-1127
-791
-793
-939
-1133
-1231
-1192
-1380
-1367
-1363
-1473
-1305
-720
-257
-96
174
324
491
382
499
848
1351
1549
1693
1679
1352
659
320
820
1519
1708
1496
1328
899
673
656
793
1222
1090
1359
1449
1340
1092
1139
1413
1177
879
687
788
716
736
408
365
391
685
778
628
584
380
8
-629
-522
-83
-270
-506
-511
-622
-815
-1048
-1320
-1856
-2059
-1717
-1644
-2091
-1808
-1558
-1832
-1939
-1967
-1969
-1718
-1655
-1483
-1298
-1455
-1412
-957
-586
-664
-309
31
23
310
382
210
511
872
830
844
875
760
928
1310
1873
1810
1478
1363
1418
1314
1464
1381
739
265
364
621
720
846
977
1006
847
621
470
340
352
232
-300
-1085
-1314
-1180
-1017
-880
-335
-163
-176
-173
-541
-668
-689
-569
-402
-578
-746
-679
-613
-917
-1100
-1122
-972
-865
-788
-854
-1119
-1219
-1217
-1302
-1625
-1523
-876
-436
-338
-484
-669
-1173
-1478
-1165
-1071
-818
-540
-403
-631
-641
-842
-958
-1238
-1345
-1163
-900
-1018
-1223
-1459
-1522
-1560
-1388
-1228
-1166
-1033
-903
-1151
-1387
-1259
-1168
-1061
-944
-705
-902
-1036
-1115
-870
-443
82
486
571
701
553
543
589
530
541
443
824
1285
1100
925
1016
1410
1779
1850
1634
1475
1505
1538
1411
1431
1415
1274
1227
1228
1667
1757
1661
1730
1676
1467
1337
1171
615
221
243
193
179
109
114
96
98
3
-154
-464
-470
-381
-599
-640
-703
-611
-615
-766
-705
-579
-348
-52
-13
118
-92
-266
-226
-244
-3
307
618
765
731
297
239
465
542
429
122
42
-173
-277
-353
-285
-216
-74
-104
-33
10
69
-73
299
554
233
-73
-161
4
312
470
673
902
699
804
1107
967
880
1162
1256
1370
1338
1220
1109
794
660
806
986
1163
1208
1454
1700
1916
1649
1478
1690
2181
2309
2156
1885
1578
1365
1455
2026
2374
2255
1989
1958
1981
1952
1834
1309
918
826
614
462
671
828
721
780
663
752
446
195
48
29
-170
-263
-293
-512
-770
-909
-701
-583
-479
-437
-407
-601
-854
-932
-842
-1192
-1495
-1409
-1459
-1374
-1339
-1366
-1469
-1383
-1179
-907
-1035
-1076
-986
-1125
-1334
-1316
-1108
-1147
-1076
-840
-573
-614
-645
-738
-1015
-989
-893
-1093
-1004
-1150
-1032
-1039
-1148
-1102
-1080
-1169
-1035
-644
-578
-654
-771
-845
-855
-800
-705
-483
-192
225
196
-139
-187
-221
-176
-94
182
388
359
177
73
-219
-176
-25
19
-385
-736
-906
-1160
-1180
-765
-310
-62
100
114
204
136
91
-26
-196
-63
283
523
386
180
143
4
-244
-174
-128
-24
74
181
108
-154
-203
-377
-375
-234
-181
-12
-199
-702
-918
-752
-335
-294
79
289
109
-58
-532
-823
-984
-978
-917
-757
-751
-812
-713
-757
-964
-1286
-978
-704
-499
-543
-841
-873
-823
-865
-871
-808
-701
-501
-342
-190
-327
-567
-236
3
340
581
556
467
261
135
221
156
64
256
627
1052
1211
1272
1048
1092
1362
1305
1221
1237
1273
1125
1070
767
539
487
505
657
879
1166
1469
1083
533
190
-207
-300
-78
307
423
496
365
102
-303
-519
-479
-417
-247
-55
-237
-511
-610
-677
-810
-1016
-1012
-898
-1051
-995
-920
-963
-746
-740
-992
-998
-873
-1106
-991
-807
-814
-581
-309
-4
242
278
134
-171
-263
-132
60
79
64
235
306
473
737
878
1129
1319
1122
887
972
970
1001
1179
1046
694
319
45
-7
44
279
380
409
564
595
244
138
77
144
71
12
124
53
216
221
242
204
270
543
648
650
438
168
-257
-709
-1030
-959
-591
-123
31
92
50
-277
-368
-281
7
177
93
182
8
-194
-482
-668
-683
-475
-262
-208
-143
45
18
-296
-672
-846
-655
-420
-62
43
-205
-116
-188
-386
-334
-253
121
428
708
1107
1079
867
666
453
235
109
330
671
674
648
627
770
959
991
1002
907
939
1029
932
932
1023
1101
1036
941
988
661
360
106
-247
-391
-178
281
357
289
143
-117
-270
-304
-115
-188
-215
-167
-307
-555
-773
-876
-1088
-1160
-1062
-1045
-1045
-1033
-1014
-993
-777
-530
-504
-301
-464
-650
-874
-894
-962
-1143
-1016
-877
-738
-668
-674
-832
-722
-817
-790
-628
-557
-529
-470
-310
-420
-451
-77
267
180
275
357
345
217
244
248
148
124
443
619
644
476
265
382
429
458
307
401
343
273
398
283
46
179
259
405
685
597
578
551
396
219
93
366
651
578
251
84
-81
-242
-152
-49
66
106
-3
-226
-318
-210
25
123
409
687
711
806
867
904
704
493
472
572
273
75
120
228
360
284
334
320
369
448
336
242
32
-76
149
313
494
692
705
593
364
152
-183
-155
-82
-240
-257
-20
-349
-775
-774
-608
-568
-510
-489
-372
-241
-266
-188
-170
13
178
215
27
-222
-907
-1152
-1117
-1110
-1068
-826
-403
-209
-489
-658
-755
-606
-274
-227
-127
-282
-375
-469
-427
-303
-124
85
406
493
123
61
93
-80
48
122
-13
-237
-363
-292
-236
-383
-380
-399
-738
-680
-428
-267
-180
-223
-237
-447
-686
-917
-1179
-1292
-1179
-657
-361
-62
-156
1
137
26
-157
-853
-943
-1092
-1041
-630
-285
-254
-346
-263
-283
-367
-689
-835
-1326
-1248
-669
-78
319
533
503
177
128
20
-322
-662
-627
-785
-765
-763
-520
-589
-525
-327
-538
-808
-851
-1047
-1362
-1010
-600
-211
-284
-491
-545
-736
-696
-533
-537
-444
-394
-333
-216
-312
-518
-637
-441
-319
-85
-62
-120
-152
-146
-281
-489
-635
-316
77
392
660
691
633
21
-355
-555
-528
-248
79
507
610
420
352
487
757
629
806
1000
1155
1488
1715
1834
1959
1963
1601
1324
1111
960
586
614
959
1348
1496
1416
1229
738
354
628
802
648
250
-162
-531
-588
77
599
546
438
482
493
522
708
597
512
430
84
179
578
813
1003
1185
1113
965
949
883
778
281
-190
1
354
552
814
853
603
389
142
8
19
290
626
861
1044
987
1082
809
798
996
824
602
422
447
460
352
256
91
102
212
282
169
255
283
113
-240
-542
-590
-257
68
248
566
705
454
89
-154
-285
-209
-228
-250
-211
-91
122
113
93
318
255
26
-50
117
624
726
452
201
-109
-305
-208
267
643
769
622
567
822
997
867
807
619
376
229
5
-250
-346
-502
-340
-57
62
174
214
226
33
-146
-229
-471
-425
-456
-435
-234
-261
-574
-719
-684
-722
-646
-448
-216
-165
-41
-59
-18
75
-103
-473
-785
-611
-427
-422
-459
-322
-216
-249
-464
-779
-1220
-1111
-593
-123
341
600
424
4
-312
-426
-255
-45
211
379
433
-57
-530
-722
-630
-632
-783
-995
-1017
-950
-864
-785
-633
-526
-662
-337
-79
-209
-567
-754
-894
-1324
-1325
-1235
-893
-519
-430
-539
-707
-797
-821
-708
-826
-1183
-1262
-1223
-1270
-1036
-539
-390
-512
-627
-609
-733
-805
-1126
-1464
-1379
-1224
-921
-462
-485
-488
-417
-631
-639
-863
-982
-786
-395
-87
-50
-215
-40
-241
-554
-661
-569
-474
-317
-187
-43
245
205
327
283
19
-156
-124
-468
-623
-608
-700
-619
-587
-437
-54
366
393
167
-46
104
174
270
377
330
80
-155
-357
-335
111
368
337
61
-284
-673
-685
-418
-321
-150
22
30
28
58
172
215
263
-11
-35
47
305
330
362
688
983
1319
1139
995
619
348
221
251
771
1160
1480
1338
1083
632
433
336
409
596
576
672
523
615
658
688
616
553
632
634
735
743
563
280
-18
-30
155
459
878
1142
1136
1010
909
850
1088
1262
1213
993
717
772
921
1364
1732
1731
1896
1967
1785
1484
1541
1748
1838
1935
1942
1904
1546
1509
1530
1518
1599
1574
1525
1278
1017
656
625
662
605
543
346
157
-58
-48
447
692
869
1124
977
837
818
745
611
606
608
621
499
101
-138
-488
-708
-410
-37
489
706
548
-46
-406
-313
-38
199
338
238
-116
-341
-616
-700
-787
-929
-858
-514
-257
4
550
886
662
510
395
114
-98
-322
-324
-295
-20
83
124
524
694
818
821
486
268
248
40
-161
-424
-389
-157
-69
-306
-564
-1074
-1270
-1397
-1323
-772
-430
-222
-384
-524
-881
-966
-971
-1010
-994
-1060
-778
-579
-192
-3
-277
-659
-1107
-1556
-1416
-913
-364
53
-181
-680
-1028
-1274
-1174
-839
-545
-288
-76
175
33
-92
-25
-212
-135
53
221
27
54
61
-188
-385
-152
177
242
0
-222
-263
-602
-691
-720
-390
-227
-240
-342
-369
-185
153
471
751
839
870
929
642
650
625
318
-197
-644
-754
-840
-972
-999
-1039
-619
-380
-183
-66
-155
-429
-531
-490
-783
-1016
-1310
-1312
-862
-686
-614
-532
-708
-786
-961
-853
-694
-835
-633
-339
6
-22
48
-108
-555
-997
-917
-570
-471
-385
-196
-167
-368
-204
-107
20
77
491
643
722
655
417
176
200
362
412
467
508
494
606
1181
1348
898
430
255
-6
-54
-305
-297
-343
-285
-188
51
333
405
359
46
-336
-384
-26
185
307
293
41
202
176
30
333
221
-50
-244
-350
-519
-405
-356
-360
-145
346
309
-61
-172
44
248
421
930
1088
1008
730
335
190
20
17
254
334
153
75
121
0
374
750
787
567
516
482
390
686
899
1297
1395
1143
1069
697
349
250
261
169
459
910
1002
982
807
768
888
732
730
823
775
599
493
465
347
467
504
540
542
490
356
125
180
412
603
528
323
-144
-221
-260
-471
-375
-359
-181
183
540
638
529
418
409
230
-3
-216
-455
-505
-381
-193
-25
5
10
36
-29
82
255
398
528
609
437
293
-213
-587
-785
-927
-653
-572
-490
-566
-552
-279
120
70
-44
-270
-279
-68
267
484
446
375
234
169
-173
-286
-475
-793
-1016
-504
-269
-162
77
0
-169
-550
-629
-632
-831
-905
-949
-806
-474
-319
20
233
232
-4
-194
-453
-812
-1078
-1252
-1324
-1364
-1263
-1212
-1116
-1102
-1047
-813
-531
-441
-394
-303
-434
-723
-729
-648
-594
-634
-779
-704
-562
-430
-609
-770
-640
-514
-250
-368
-101
181
460
413
198
30
-109
67
67
-134
-126
-99
-223
43
393
808
1068
858
514
218
768
950
617
430
53
-7
103
523
669
754
843
498
363
191
171
361
397
396
387
106
-53
-259
-709
-822
-351
197
232
188
58
-118
-82
93
20
-353
-726
-688
-621
-728
-635
-688
-820
-804
-384
-83
-36
-175
-93
-58
-343
-328
18
226
301
258
45
-46
-64
314
436
550
661
1125
1311
1015
631
289
163
156
313
417
539
699
809
743
555
406
424
702
832
1034
1272
1140
990
689
769
904
1038
1021
921
899
860
979
925
1077
1089
782
570
211
351
486
404
477
406
538
719
770
668
315
79
-75
-220
-109
-187
-297
-450
-496
-320
-2
148
572
787
678
614
255
-182
-428
-455
-214
-149
-280
-325
-357
-670
-859
-535
-34
323
549
554
636
429
162
-279
-718
-772
-568
-358
-521
-512
-708
-860
-767
-438
-19
4
-61
130
405
369
288
63
-295
-495
-329
-101
-23
-7
-158
-379
-813
-1025
-720
-285
-89
-104
-213
-555
-611
-506
-567
-334
-47
47
-41
-304
-704
-963
-805
-921
-932
-863
-660
-780
-971
-1154
-950
-117
218
712
771
295
-396
-803
-751
-537
-208
259
485
579
544
96
-3
-235
-329
-588
-751
-731
-709
-644
-760
-632
-419
-231
87
-2
-57
-237
-467
-913
-944
-884
-858
-857
-1029
-832
-724
-719
-980
-1190
-1337
-1058
-1271
-1496
-1388
-1475
-1260
-1156
-945
-381
-180
-60
-173
-318
-424
-586
-532
-100
56
-71
-241
-603
-687
-570
-351
-227
-273
-263
-358
-400
-64
63
103
74
-254
-508
-648
-710
-577
-374
-253
-19
-214
-393
-542
-663
-673
-649
-554
-494
-523
-267
-215
-70
75
262
177
118
193
137
644
936
688
334
75
0
0
0
0
0
0
0
0
0
0
0
0
0
0
0
0
0
0
0
0
0
0
0
0
0
0
0
0
0
0
0
0
0
0
0
0
1
0
0
0
0
-1
0
0
0
0
0
0
0
0
0
0
0
0
0
0
0
0
0
0
0
0
0
0
0
0
0
0
0
0
1
0
0
0
0
0
0
0
0
0
0
0
0
0
0
0
0
0
0
0
0
0
0
0
0
0
1
1
0
0
0
-1
1
1
0
0
0
0
0
0
0
0
0
0
0
1
0
0
0
0
0
0
0
0
0
0
0
0
0
0
0
0
0
0
0
0
0
0
0
0
0
0
0
0
0
0
0
1
0
1
0
0
0
0
0
0
1
0
0
1
-1
0
0
0
0
0
0
0
0
0
0
0
-1
0
-1
0
0
0
0
0
-1
0
0
0
0
0
0
0
0
0
0
0
0
0
0
0
-1
0
0
0
0
0
0
1
0
0
0
0
0
0
0
0
0
0
0
0
0
0
0
1
0
1
0
0
0
0
1
0
0
0
-1
0
0
0
0
0
0
0
0
0
0
0
0
0
0
0
0
0
0
0
0
0
0
0
0
0
0
0
0
0
0
0
0
0
0
0
0
0
0
0
0
0
0