0
0
0
0
0
0
0
0
0
0
0
0
0
0
0
0
0
0
0
0
0
0
0
0
0
0
0
0
0
0
0
0
0
0
0
0
1
0
0
0
0
-1
0
0
0
0
0
0
0
0
0
0
0
0
0
0
0
0
0
0
0
0
0
0
0
0
0
0
0
0
1
0
0
0
0
0
0
0
0
0
0
0
0
0
0
0
0
0
0
0
0
0
0
0
0
0
1
1
0
0
0
-1
1
1
0
0
0
0
0
0
0
0
0
0
0
1
0
0
0
0
0
0
0
0
0
0
0
0
0
0
0
0
0
0
0
0
0
0
0
0
0
0
0
0
0
0
0
1
0
1
0
0
0
0
0
0
1
0
0
1
-1
0
0
0
0
0
0
0
0
0
0
0
-1
0
-1
0
0
0
0
0
-1
0
0
0
0
0
0
0
0
0
0
0
0
0
0
0
-1
0
0
0
0
0
0
1
0
0
0
0
0
0
0
0
0
0
0
0
0
0
0
1
0
1
0
0
0
0
1
0
0
0
-1
0
0
0
0
0
0
0
0
0
0
0
0
0
0
0
0
0
0
0
0
0
0
0
0
0
0
0
0
0
0
0
0
0
0
0
0
0
0
0
0
0
0
525
679
618
696
594
524
531
506
453
433
330
347
306
373
345
52
-7
-84
-194
-198
-314
-364
-264
-184
-233
-95
-77
-41
80
115
162
105
252
326
294
268
410
520
591
405
390
412
253
229
181
349
453
554
540
646
726
700
722
750
814
945
997
897
951
805
722
693
549
733
600
350
424
471
509
612
554
353
344
375
328
261
176
238
311
269
263
250
312
343
314
153
82
244
220
91
166
157
75
65
38
-32
-188
-195
-225
-387
-535
-620
-536
-479
-365
-374
-346
-316
-363
-456
-533
-684
-915
-872
-825
-983
-1047
-984
-1012
-1216
-1298
-1482
-1369
-1265
-1400
-1316
-1402
-1415
-1334
-1176
-1134
-1101
-878
-784
-858
-824
-911
-927
-764
-500
-458
-361
-207
-278
-226
-293
-249
-342
-431
-596
-511
-484
-513
-476
-525
-325
-312
-353
-326
-329
-250
-274
-362
-445
-517
-426
-415
-516
-442
-503
-619
-528
-660
-750
-652
-627
-711
-756
-804
-842
-910
-768
-736
-624
-643
-631
-604
-690
-703
-794
-899
-914
-967
-931
-820
-595
-411
-424
-401
-217
-320
-398
-542
-437
-270
-292
-254
-344
-302
-397
-345
-351
-393
-316
-332
-488
-494
-648
-568
-611
-588
-602
-603
-607
-574
-740
-767
-748
-811
-698
-570
-393
-363
-299
-315
-291
-400
-387
-404
-351
-224
-75
-44
-23
35
146
276
236
208
163
254
256
181
340
330
323
246
192
225
-26
175
332
465
537
608
765
890
843
752
673
528
431
614
791
850
946
990
893
944
1015
958
899
960
1016
876
794
679
688
692
734
611
861
1024
924
967
775
819
838
898
986
896
875
773
790
840
887
835
807
653
502
437
407
499
450
486
481
544
538
767
954
1003
1060
905
869
754
623
498
489
382
189
155
85
61
113
147
277
245
356
276
145
84
-80
-30
-150
-212
-429
-516
-457
-442
-469
-411
-446
-440
-496
-492
-399
-541
-546
-445
-518
-542
-670
-582
-510
-520
-474
-487
-403
-545
-566
-562
-581
-522
-422
-388
-261
-279
-257
-137
-307
-288
-210
-42
14
118
49
-79
-15
73
20
-1
194
333
500
605
577
547
658
593
630
544
301
259
47
63
184
79
231
163
148
137
59
67
148
179
-18
48
1
114
245
201
92
56
-93
-10
164
-30
-9
94
160
196
213
220
178
251
106
156
20
-53
-180
-271
-209
-364
-389
-441
-214
-58
22
151
107
299
148
155
401
455
415
386
449
648
564
623
616
425
327
283
409
478
404
343
279
235
292
109
16
104
-7
149
314
308
334
98
-103
-283
-237
-239
-138
-26
104
269
85
308
371
401
377
332
500
412
282
39
28
196
236
392
443
436
597
481
361
264
188
58
171
243
137
-10
-204
-119
155
186
145
92
-78
-149
-88
-333
-433
-238
-126
60
-8
-179
-479
-422
126
431
380
202
-19
-142
87
42
-109
-205
-188
66
-8
-246
-253
-255
-417
-609
-833
-1040
-780
-601
-562
-424
-484
-444
-463
-469
-452
-272
-292
-35
127
-270
-388
-550
-486
-436
-436
-274
-270
-225
-535
-712
-757
-742
-580
-434
-333
-34
-75
-276
-393
-317
-154
-309
-233
-319
-283
-263
-397
-527
-404
-125
-113
-75
-235
-359
-330
-227
69
279
84
217
101
75
-19
-52
49
164
354
113
250
285
262
324
414
509
339
166
284
427
532
612
657
456
314
293
267
271
357
365
224
305
282
310
282
92
68
-18
70
166
487
731
484
546
189
-4
136
511
618
519
584
429
562
571
651
703
663
594
397
218
248
515
619
793
963
1064
1041
848
743
513
351
-13
-48
91
184
313
499
379
411
380
148
235
72
93
-101
-266
-428
-657
-923
-972
-987
-773
-529
-412
-416
-652
-573
-538
-526
-784
-961
-1013
-982
-960
-933
-983
-886
-768
-1061
-1130
-1065
-978
-653
-411
-360
-422
-341
-425
-144
-102
-233
-171
-266
-63
86
214
75
-118
-252
-96
-222
-283
-236
-10
214
87
44
8
183
102
212
383
415
472
276
268
337
428
356
263
145
-15
-62
-7
106
-265
-85
28
92
209
25
255
192
204
247
341
56
-163
-106
-198
159
156
50
-10
-150
8
134
71
124
200
347
399
243
74
-19
-182
-56
-188
-129
22
0
320
371
578
716
1023
1148
886
681
219
-187
-371
-105
82
228
382
208
205
395
703
808
940
1067
843
898
900
1028
1035
877
800
660
691
671
653
693
602
586
626
537
659
818
770
918
1338
1453
1402
1474
1265
891
930
1049
1311
1382
1387
1273
1153
1068
739
737
776
1062
1240
1204
892
673
445
45
167
47
-40
-62
-114
-97
-42
-95
-48
162
-189
-280
-340
-495
-484
-627
-687
-592
-610
-568
-576
-646
-606
-874
-1117
-813
-841
-1011
-960
-1236
-1224
-1092
-1230
-1160
-993
-1008
-1019
-813
-811
-596
-468
-596
-424
-457
-624
-691
-619
-671
-622
-644
-526
-453
-424
-361
-290
-191
-343
-306
-357
-493
-403
-398
-349
-289
-495
-553
-347
-202
-110
54
81
65
181
302
286
356
471
212
-119
-197
-360
-320
-308
-81
150
187
285
174
64
-98
-269
-144
-92
-269
-124
80
124
84
-8
-177
-253
-72
200
225
217
284
196
66
45
-217
-255
-354
-144
-119
-214
-322
-294
-176
-54
-92
-259
-173
-237
-308
-190
-478
-649
-454
-600
-367
-344
-299
-106
-177
-96
-19
-69
27
26
105
-10
-220
-288
-267
-122
-89
-85
14
185
310
324
235
361
270
216
223
87
-78
76
199
131
350
402
192
156
331
208
235
335
254
141
152
330
196
-160
-270
-621
-821
-898
-1119
-1300
-1455
-1094
-1057
-833
-728
-814
-736
-718
-427
-280
-23
-123
-202
-205
-385
-433
-600
-715
-839
-723
-546
-409
-142
67
-51
-38
-89
-146
-15
-100
-200
-157
-236
-386
-580
-730
-693
-589
-629
-661
-536
-520
-410
-280
-242
-253
-306
-471
-323
-233
-331
-74
-251
-492
-468
-365
-394
-447
-332
-204
-88
-65
-65
-99
145
146
288
363
225
322
221
53
65
154
274
333
291
238
362
333
401
398
260
241
137
186
235
109
53
29
113
211
338
367
619
794
584
511
442
442
813
905
1127
1306
1313
1512
1444
1329
1081
938
961
888
889
961
1022
1073
1116
1274
1420
1412
1533
1577
1611
1461
1464
1269
967
1106
969
980
919
925
961
835
843
679
648
897
877
837
797
678
547
528
475
311
213
-23
-134
-60
-163
-2
156
275
247
237
255
183
30
-217
-104
-90
-2
-66
-14
-22
-408
-401
-494
-479
-250
-430
-278
-399
-427
-187
-171
-57
40
57
-209
-275
-363
-584
-748
-844
-833
-724
-688
-628
-682
-771
-739
-749
-702
-699
-767
-786
-761
-860
-1079
-998
-1074
-944
-965
-855
-732
-903
-901
-917
-979
-889
-595
-532
-587
-653
-571
-642
-525
-624
-671
-689
-630
-506
-523
-644
-700
-423
-548
-696
-774
-1038
-971
-1032
-1109
-1074
-992
-944
-864
-927
-1254
-1406
-1542
-1387
-1520
-1430
-1349
-1373
-1283
-1182
-1178
-1134
-1291
-1110
-830
-962
-898
-918
-940
-860
-738
-827
-489
-352
-362
-110
-167
-71
-2
343
427
413
500
436
201
128
230
42
183
364
530
564
680
913
1153
1336
1477
1417
1200
1189
896
591
548
281
290
448
506
577
708
828
846
838
884
858
955
858
701
403
345
115
33
0
-107
102
-13
276
431
552
503
246
247
145
144
-20
76
-161
-478
-364
-347
-116
-63
-73
-83
-175
-226
-350
-327
-440
-486
-464
-459
-373
-454
-583
-739
-702
-802
-699
-670
-733
-809
-710
-864
-949
-883
-775
-626
-644
-532
-466
-703
-763
-788
-893
-656
-671
-470
-643
-605
-385
-308
-149
-120
0
232
210
309
376
251
15
-223
-220
-315
-427
-477
-364
-416
-535
-666
-756
-843
-639
-707
-769
-632
-553
-673
-614
-494
-630
-477
-587
-532
-307
-277
-204
-187
-367
-472
-558
-628
-541
-503
-527
-671
-558
-444
-344
-113
-216
-247
-169
-128
-184
-162
-32
-156
-151
-294
-165
-63
-15
113
280
442
471
646
641
528
332
375
268
369
507
274
161
87
137
256
384
446
550
555
603
626
556
631
607
756
773
652
609
570
618
507
384
228
212
-42
-24
236
257
364
407
420
453
300
368
379
351
443
519
561
507
601
638
610
576
621
797
964
981
754
672
368
86
-9
42
226
339
685
657
741
705
671
725
740
621
406
174
-10
34
-131
31
205
310
374
373
463
408
439
224
74
96
184
156
306
425
182
115
9
-98
-194
-302
-311
-419
-461
-448
-508
-684
-653
-587
-431
-200
-39
56
-104
-155
-309
-410
-491
-486
-566
-625
-562
-552
-473
-483
-489
-552
-359
-233
-298
-405
-418
-412
-257
-162
-283
-284
-205
-224
-84
-146
-425
-408
-347
-281
-190
-104
-193
-2
-149
-114
70
-76
-92
-420
-373
-357
-429
-393
-548
-458
-238
-114
-1
11
-52
-7
24
211
450
461
393
385
175
-13
-155
-93
45
21
-130
-316
-206
-219
-110
-17
-9
85
9
10
53
130
130
148
228
316
331
323
363
381
396
345
167
299
454
484
611
522
342
212
218
136
95
79
171
120
216
300
126
153
114
102
113
280
436
503
555
447
435
349
416
441
325
204
111
123
64
85
112
-188
-185
-47
201
259
380
567
534
286
53
51
-22
20
-56
-54
-232
-304
-276
-197
-186
-235
-402
-523
-670
-657
-552
-527
-604
-465
-256
-361
-319
-347
-424
-546
-595
-769
-774
-605
-693
-656
-596
-571
-631
-598
-549
-442
-389
-478
-663
-705
-893
-1055
-1041
-932
-967
-1055
-1133
-996
-940
-857
-847
-808
-811
-743
-679
-821
-935
-1082
-889
-801
-656
-346
-201
-74
-23
98
129
93
136
240
216
221
127
48
-97
-15
114
102
149
0
-44
-208
-208
-321
-176
-62
-191
-64
-105
-135
-32
40
8
72
178
303
349
453
570
724
613
743
838
773
910
756
741
631
465
439
441
565
648
650
566
432
516
549
787
721
831
1002
838
776
772
947
1014
978
1223
1259
1263
1064
1104
1230
1020
1079
1066
1226
1337
1474
1349
1190
1112
1048
1133
1359
1294
1189
1104
809
750
661
711
710
754
971
974
930
858
757
710
569
493
677
692
628
759
895
801
632
691
681
695
856
971
994
852
693
668
668
562
660
772
748
749
655
677
555
324
147
250
250
229
44
-25
6
45
-12
-74
46
-95
-111
-40
120
-74
-137
-83
-35
-3
-36
79
34
-50
-191
-109
129
-81
-10
34
-41
-146
-222
-102
-106
67
117
56
78
164
188
7
-6
-55
-167
-239
-346
-554
-723
-782
-595
-540
-528
-569
-677
-815
-915
-863
-1019
-749
-485
-410
-453
-563
-426
-524
-589
-615
-635
-543
-472
-390
-348
-398
-459
-554
-469
-380
-198
-117
-265
-344
-317
-177
-165
-226
-212
-236
-258
-282
-343
-364
-320
-269
-155
17
66
131
318
338
377
331
388
430
361
480
609
569
381
368
390
363
279
229
249
320
366
211
149
150
43
-67
-24
15
-110
-181
-434
-547
-463
-509
-350
-256
-105
-94
-274
-245
-214
-83
6
-26
34
170
199
215
317
396
301
334
127
13
104
-34
54
114
97
27
69
96
20
-61
-150
-88
-41
-181
-248
-294
-417
-613
-750
-643
-702
-702
-600
-669
-646
-714
-589
-488
-561
-529
-522
-599
-743
-871
-726
-700
-698
-636
-701
-636
-572
-542
-641
-775
-733
-709
-596
-509
-521
-615
-679
-719
-822
-756
-623
-630
-482
-326
-65
28
86
10
-120
-238
-217
-97
-112
-184
-235
-270
-360
-250
-457
-354
-240
-222
-361
-481
-429
-457
-393
-530
-387
-378
-411
-502
-654
-647
-643
-617
-465
-302
-228
-50
-39
21
108
166
68
167
235
267
265
273
228
88
201
268
211
132
24
-168
-24
-145
114
198
222
398
394
394
307
319
212
294
237
292
278
261
277
312
458
593
697
919
776
781
831
831
902
897
1117
1046
1147
1123
1093
923
932
934
865
1010
996
1120
1089
1016
920
1025
988
951
994
895
850
823
871
730
803
787
739
646
609
604
376
209
110
208
184
354
584
610
614
524
513
366
374
379
276
264
331
289
207
308
358
559
598
516
480
498
572
522
508
451
451
400
265
312
306
352
220
358
213
103
144
255
321
168
164
-16
-104
-155
-38
-51
-117
-304
-385
-370
-363
-395
-361
-408
-401
-334
-213
-259
-340
-245
-214
-236
-210
-225
-413
-578
-594
-591
-629
-549
-629
-791
-1012
-1112
-1221
-1254
-1093
-1069
-944
-885
-813
-740
-720
-899
-862
-932
-892
-756
-792
-671
-854
-887
-790
-724
-690
-646
-741
-716
-595
-599
-584
-659
-536
-424
-500
-429
-603
-742
-622
-470
-409
-351
-219
-257
-235
-246
-124
-127
-95
11
14
25
58
151
222
176
113
105
315
437
404
360
303
391
243
391
414
440
429
354
383
249
265
243
138
224
283
359
361
171
77
-34
36
15
-26
47
47
-34
-141
-277
-217
-336
-565
-543
-520
-496
-424
-538
-629
-613
-772
-617
-460
-298
-243
-150
-265
-367
-328
-400
-323
-254
-309
-334
-230
-111
-74
-40
-141
-96
-15
17
47
114
69
42
-10
-51
71
13
-26
-38
-273
-320
-517
-515
-549
-549
-474
-436
-272
-311
-368
-404
-503
-629
-682
-762
-805
-880
-753
-775
-703
-652
-631
-502
-480
-463
-614
-613
-683
-663
-453
-518
-528
-455
-543
-659
-695
-630
-429
-276
-279
-251
-134
-37
-85
-197
-254
-479
-423
-685
-733
-771
-691
-564
-543
-387
-395
-343
-398
-452
-518
-437
-416
-226
-208
-162
-102
-42
-62
-191
-143
-232
-226
-142
-43
-63
11
-11
38
147
117
230
200
172
224
270
146
34
41
-23
-26
111
-27
142
258
178
312
360
482
487
589
646
571
408
318
403
283
331
322
292
296
357
503
352
421
422
451
514
582
642
452
476
311
361
177
240
202
168
145
66
174
191
335
220
215
215
161
137
205
313
376
330
275
40
237
260
336
575
442
534
514
336
297
330
276
83
106
212
119
74
104
253
339
287
366
355
298
538
482
430
346
435
514
415
425
341
363
504
605
644
609
646
735
603
540
341
260
251
83
182
261
265
252
109
143
60
117
-92
-124
-218
-415
-204
-338
-388
-410
-437
-586
-665
-542
-539
-363
-479
-558
-674
-730
-729
-624
-575
-568
-542
-524
-402
-480
-566
-655
-653
-625
-421
-241
-287
-409
-478
-382
-459
-413
-325
-180
-93
-162
-53
53
123
55
157
154
245
260
352
475
526
593
437
356
450
634
714
1016
1129
1433
1526
1531
1505
1400
1560
1440
1351
1399
1209
1179
1197
1147
1179
968
941
900
883
812
987
1014
995
1029
962
990
1025
1044
1057
882
818
844
681
681
457
504
622
462
433
341
294
121
-26
-100
-42
-109
-213
-219
-358
-372
-431
-323
-235
-177
-100
-46
-161
-231
-203
-211
-186
-116
-119
-121
-151
-188
-156
-215
-211
-243
-182
-184
-152
46
77
89
61
95
162
133
288
147
-25
-118
-399
-367
-308
-407
-354
-182
-47
45
9
-19
-38
-26
-115
-214
-284
-391
-404
-323
-257
-172
-131
14
221
244
332
408
407
548
533
513
608
548
729
663
630
699
628
692
805
812
901
935
901
960
897
888
766
605
465
525
515
525
499
423
537
451
441
194
210
141
-37
6
-80
-230
-327
-500
-706
-752
-1003
-1015
-1071
-1199
-1257
-1313
-1434
-1578
-1659
-1652
-1673
-1770
-1736
-1983
-2107
-2148
-2053
-2151
-2165
-2159
-2320
-2320
-2414
-2374
-2387
-2226
-2208
-2127
-1945
-1864
-1646
-1692
-1813
-1782
-1702
-1675
-1725
-1653
-1786
-1801
-1862
-1939
-1873
-1778
-1794
-1685
-1497
-1406
-1432
-1656
-1823
-2029
-2012
-2074
-1946
-1700
-1481
-1316
-1005
-979
-688
-358
31
550
831
1151
1272
1714
1933
2179
2603
3045
3525
3979
4479
4766
5058
5243
5319
5226
5247
5196
5037
4777
4366
4042
3850
3623
3390
3281
3101
2992
2587
2290
2217
2140
2285
2285
2170
2288
2137
2044
2082
2009
1940
1839
1868
1878
1713
1564
1604
1230
1155
1220
902
584
533
532
149
218
156
-302
-345
-592
-598
-790
-771
-887
-969
-915
-949
-686
-1024
-944
-718
-983
-1148
-1258
-1625
-1805
-2037
-2350
-2641
-2664
-2666
-2703
-2528
-2483
-2517
-2640
-2628
-2511
-2581
-2619
-2731
-2698
-2682
-2767
-2756
-2454
-2386
-2234
-2188
-2175
-2064
-2014
-2048
-2091
-2005
-2164
-2161
-2202
-1842
-1423
-1014
-610
-215
313
586
941
1206
1712
2323
2846
3473
3965
4235
4436
4757
4936
5186
5425
5503
5581
5567
5202
4813
4352
4046
3823
3399
2919
2669
2196
1572
1150
848
662
457
284
246
165
-61
-78
-224
-293
-138
143
277
302
491
530
458
311
410
599
663
690
819
1023
832
856
653
627
843
986
1159
1298
1286
1131
1085
1194
1380
1428
1468
1509
1326
1320
911
783
720
375
23
37
20
-334
-867
-1048
-1029
-1296
-1233
-1197
-1179
-922
-673
-1058
-1200
-1247
-1388
-1875
-1886
-1879
-2262
-2600
-2715
-3042
-3459
-3633
-3500
-3281
-3507
-3513
-3729
-3635
-3714
-3914
-4076
-4393
-4301
-4507
-4743
-4695
-4441
-3995
-3494
-3360
-3345
-3389
-3356
-3152
-2702
-2263
-2133
-2131
-1939
-1882
-1427
-1031
-395
563
1309
2094
2567
3030
3175
3148
3228
3496
3948
3968
4017
3720
3406
3346
3235
3354
3294
3245
3035
2672
2122
1559
1086
724
501
466
465
465
314
74
-189
-345
-376
-101
413
513
575
837
787
481
510
611
621
773
901
870
476
178
-99
-298
-301
-112
249
743
986
775
568
499
587
1105
1522
1639
1660
1550
853
618
288
-42
513
498
274
-37
280
-386
-1400
-1170
-1129
-1253
-1711
-1685
-1805
-2788
-3108
-3341
-3478
-3071
-3102
-3206
-2983
-3246
-3983
-4308
-4059
-3857
-3750
-3575
-3470
-3633
-3695
-3840
-3529
-3652
-3345
-2962
-2923
-2990
-3249
-3398
-3731
-3671
-3626
-3026
-2297
-1879
-2101
-2330
-2656
-2885
-2568
-1691
-977
-947
-733
-565
0
170
648
1557
2370
3076
3624
4149
4221
4493
4532
4886
5576
5949
6182
5921
5555
4912
4372
4269
4263
4146
3991
3612
3111
2616
1947
1634
1283
1287
1499
1742
1583
1175
944
584
502
786
1604
1659
1923
2059
2093
1460
1292
1413
1771
2129
2159
2479
2250
1999
1328
1062
1257
1505
1303
1662
1801
1597
849
590
635
381
364
613
1045
549
-385
-563
-729
-1496
-1249
-1105
-1407
-1338
-1458
-2409
-3062
-3273
-3536
-3348
-3546
-3568
-3242
-3578
-4509
-4385
-4314
-4501
-4089
-3640
-4222
-4079
-4140
-5006
-4722
-4338
-4382
-4331
-3439
-3591
-4029
-4319
-4061
-3900
-3597
-3318
-2996
-2572
-2906
-3165
-3444
-3362
-3617
-3390
-2581
-1635
-1279
-2088
-2344
-2256
-2131
-1852
-584
609
620
108
-75
310
655
1418
2484
3598
4594
5155
5494
5634
5706
5760
6429
7367
7847
8021
7760
6997
6447
6009
5913
6184
6118
5731
5181
4302
3189
2543
2404
1952
2173
2273
2377
1858
1032
368
23
211
629
1067
1424
1670
1213
566
121
-49
-66
403
980
1342
1086
634
240
-110
-123
-201
96
683
757
374
-157
-583
-803
-675
-75
349
523
300
-249
-698
-1287
-1577
-1500
-1128
-582
-820
-1611
-1704
-2549
-3181
-2831
-2698
-2666
-2765
-2652
-2774
-3265
-3774
-4120
-3283
-2938
-3019
-1991
-1932
-2913
-3294
-3100
-2931
-2701
-2450
-2338
-2586
-3179
-3620
-3584
-3240
-3320
-3196
-2709
-2622
-2939
-3463
-3767
-3945
-4092
-3967
-3642
-3610
-3446
-3234
-3084
-3582
-3814
-3995
-3376
-2730
-1610
-913
-1127
-1385
-1403
-655
108
1102
2266
3275
3608
3664
4189
4751
5011
5372
6161
7110
7338
7070
6455
5595
5184
4749
4957
5180
4584
3808
2938
1862
469
168
336
197
487
529
18
-806
-1530
-1883
-2001
-1500
-464
300
234
-382
-435
-689
-756
-594
224
794
1289
1635
1248
364
-181
-386
-342
567
1525
1413
1284
1072
88
-153
93
804
1302
1796
2152
1682
944
64
247
54
423
640
332
-51
-699
-1732
-2293
-1940
-2180
-2090
-1055
-1208
-2369
-2847
-3278
-3975
-3747
-3335
-2499
-2079
-2608
-2824
-3234
-3122
-3482
-3210
-2337
-2154
-2079
-2493
-2863
-2823
-3037
-2677
-2511
-1484
-1333
-2019
-2381
-2757
-2894
-3183
-2501
-2738
-2399
-2962
-3065
-2708
-2040
-2346
-3104
-3025
-2805
-2387
-1862
-833
-897
-963
-1526
-717
354
1011
1891
2978
3657
3975
4335
5296
5816
6112
6578
7341
8183
8360
7846
7072
6477
6063
6152
6335
6193
5251
4241
3439
2770
1676
1462
1461
1101
852
658
551
-437
-1261
-1178
-466
-55
758
1199
1090
788
602
647
792
1258
1500
2126
2595
2438
1798
1258
1088
1207
2000
2286
2085
1673
996
175
-15
261
522
1056
1498
1679
1523
393
-983
-1190
-730
-26
-317
259
-638
-1972
-2881
-3591
-2981
-2614
-1902
-2422
-2854
-3332
-4359
-5300
-4945
-3695
-3275
-2750
-2482
-2985
-3890
-4990
-4645
-3177
-2899
-2402
-2710
-2897
-2723
-3630
-3711
-2961
-1276
-1538
-1590
-1475
-1811
-2489
-2916
-2397
-1655
-1427
-1969
-2426
-2906
-4039
-4146
-2666
-1077
-1181
-1915
-2566
-2931
-2687
-1846
-783
-479
-530
-419
241
614
1152
2283
3471
4739
5797
6868
7715
7507
7509
7960
9244
9968
10100
9381
8491
7537
6648
6345
6589
6219
4692
3716
3098
1970
592
59
-105
-108
-48
211
-192
-1228
-1758
-2047
-1580
-774
332
352
197
88
-8
-15
251
874
992
1176
1659
2001
1647
1230
511
392
499
697
1179
720
503
-497
-880
-846
85
492
1057
1568
687
82
-701
-1003
-1261
-897
-377
-148
-172
-931
-2057
-2647
-3184
-2824
-1874
-1694
-2341
-3213
-3743
-4114
-4225
-3421
-2128
-1036
-1661
-2679
-2739
-3184
-3680
-3496
-2172
-1511
-1832
-2161
-2112
-2081
-2076
-1894
-732
-562
-1433
-2787
-3642
-3679
-3971
-3125
-2416
-1880
-3212
-4443
-5690
-5341
-4297
-2996
-3893
-5035
-5775
-6271
-5231
-3571
-1597
-1199
-1307
-2102
-1596
-1259
-618
856
2790
4791
6134
6828
7936
8128
7730
7837
9462
10757
10371
8962
7650
6530
5904
6292
6710
6813
5163
3180
962
-549
-1751
-2086
-2034
-1801
-1904
-2558
-3072
-4305
-4508
-4277
-3344
-2346
-1564
-1246
-1520
-1897
-1671
-480
454
1358
2145
2348
1899
1211
1448
1624
1899
2550
3399
3397
3068
2404
1711
1987
2409
2704
2605
2337
1620
1743
1329
1085
975
1294
1314
831
821
-307
-582
-1366
-1156
-914
-1004
-1463
-2342
-2564
-3175
-3401
-3358
-4038
-4182
-3672
-4080
-3457
-3788
-3494
-2692
-2543
-2741
-2909
-2706
-3540
-3626
-2445
-1946
-2338
-3200
-3020
-2473
-2731
-3198
-3791
-3002
-3075
-4006
-4682
-4731
-5672
-7254
-7527
-6684
-5062
-4145
-4149
-6837
-8026
-9177
-7813
-5609
-2605
-1926
-3578
-5046
-5341
-2309
491
3715
6390
7768
8142
7535
8127
9516
11383
12903
14756
16804
16653
14645
11682
10422
10626
11574
12286
12060
9742
5353
1522
-582
-1138
-647
288
-147
-1314
-3760
-5736
-7079
-7055
-5628
-3905
-2361
-2007
-1984
-3357
-4437
-3776
-1685
969
2793
3355
2640
1816
1364
1442
2268
3747
4983
5485
4890
3786
3144
2416
2648
3585
4794
4762
4276
3230
1860
1363
1079
1390
2436
3391
2675
782
-825
-1715
-1887
-1449
-683
-601
-1606
-3550
-4097
-4170
-4915
-5214
-3862
-2434
-2667
-3702
-4372
-5119
-4531
-3327
-1988
-1524
-2218
-2922
-3648
-3051
-2617
-2579
-1589
-1294
-1772
-2436
-2831
-3567
-4569
-3926
-3200
-2864
-3523
-4827
-5666
-7141
-7738
-7899
-5672
-3701
-3427
-6842
-9831
-10782
-9447
-6125
-1869
768
-1411
-4756
-6313
-3381
432
4600
8012
10222
9993
8527
8873
10616
13203
15917
17971
19808
18750
15918
12648
10926
11289
12665
14406
14019
10639
5109
489
-1920
-2056
-1001
384
-470
-3206
-6688
-9183
-10236
-9827
-7521
-5367
-3940
-4410
-5349
-6709
-6954
-5331
-2266
922
2750
2875
1915
977
1188
3050
5176
6693
6888
6463
4926
3532
3173
3894
5425
6540
7292
6190
4668
2437
1890
3151
4760
5227
3308
1451
-237
-320
-92
-519
-792
-651
-1317
-2684
-3703
-5133
-5907
-6209
-5367
-4313
-4845
-6467
-7470
-7797
-6411
-4602
-3713
-3674
-5264
-5481
-5962
-4983
-3887
-3485
-2691
-3020
-2574
-3301
-3605
-4074
-4378
-4046
-4294
-5030
-6818
-7668
-8209
-8166
-7760
-8230
-9071
-10441
-9768
-8673
-8469
-11889
-12994
-12764
-10319
-7753
-4349
-2874
-5822
-7556
-6662
-1565
2430
5732
8039
8776
9215
9490
12444
16015
18407
19788
20192
21047
18852
16680
14975
15411
15997
16390
15573
12776
8090
2847
-174
-1165
-945
-1065
-1738
-4908
-7685
-10463
-10935
-10370
-9620
-8556
-8391
-8823
-9567
-8738
-7624
-6107
-4314
-2081
77
1267
1445
2423
3184
4709
6208
8181
8506
8253
7547
7186
7139
7782
8450
9267
9407
8240
6404
5365
5447
5631
6503
6728
5913
3790
2102
1283
1467
957
-72
-712
-1235
-2205
-3539
-4467
-5162
-4721
-4649
-4051
-4500
-5185
-6842
-7077
-6679
-5832
-4754
-4732
-4879
-5484
-5360
-5446
-4767
-4193
-3509
-2260
-2880
-3810
-4327
-4017
-3701
-3762
-3665
-4901
-5581
-7208
-7619
-8715
-9649
-11699
-12927
-13928
-12405
-9919
-9216
-11447
-15820
-15860
-14982
-10369
-7291
-3735
-5897
-9722
-10460
-6288
941
5255
8968
11021
10841
9815
10058
14639
19209
22315
23751
24260
22855
18941
15974
15146
16787
17829
17523
14918
11023
4631
189
-2034
-902
-568
-1092
-3954
-8371
-12075
-14013
-12327
-10865
-8880
-8907
-9434
-10440
-10435
-8992
-7137
-5334
-3219
-1031
132
349
990
2645
4888
7192
8694
9581
9909
9856
10066
11261
11899
12667
12832
13042
11989
12234
11066
10556
9327
9558
8596
7403
6566
5440
3987
1898
1295
469
-260
-1631
-2311
-3335
-4945
-6274
-7247
-7448
-7580
-7537
-7623
-7285
-7654
-8493
-8447
-7182
-5900
-4680
-3746
-4065
-4661
-4960
-4055
-2789
-2426
-1967
-2765
-3267
-3854
-2782
-2845
-3461
-4863
-5580
-5589
-6099
-7755
-9014
-11092
-12480
-13182
-11553
-9147
-8698
-11848
-16861
-16151
-13882
-8657
-6217
-3734
-6687
-10080
-10147
-4451
3485
8274
10505
10921
10986
11412
13637
18534
22748
25340
25957
26329
24899
21431
19281
18962
20255
20343
18412
14471
9199
3201
781
-136
-36
-1657
-3863
-6839
-11444
-14027
-14623
-12682
-12296
-11921
-12618
-13738
-14770
-14171
-11387
-8297
-6652
-5525
-4638
-3211
-2519
-617
1719
4150
5918
7031
7753
8059
8143
8815
10222
10953
12074
11904
12229
11551
11471
10223
9277
9366
8982
9429
8029
6550
4035
2417
1067
149
-296
-2273
-4468
-5711
-6477
-7166
-8667
-9817
-10630
-10569
-10071
-9753
-9825
-11195
-12552
-11841
-9507
-7102
-6388
-6444
-6752
-7534
-5922
-4569
-3172
-3423
-3380
-4079
-4260
-4165
-4025
-3708
-4444
-5365
-6306
-7686
-9160
-9853
-11187
-11995
-14018
-11361
-9397
-9054
-15769
-19118
-18045
-13285
-8042
-4567
-3425
-9620
-13275
-10406
-26
7476
9943
10526
10491
10183
11658
16194
21958
23829
23723
23570
24787
23308
20503
18504
19319
19897
18695
15587
11942
6735
1884
592
893
469
-3284
-6282
-9861
-11806
-13075
-12318
-11980
-13070
-13773
-14185
-14080
-13701
-11705
-9276
-7998
-7278
-5747
-4382
-2735
-1162
2306
4517
6219
6804
7486
8391
10179
12525
13843
13614
13264
13000
13200
14474
16088
16788
14501
12678
11156
11278
11275
10935
9640
7609
4793
2653
1854
793
-1071
-2246
-3721
-5299
-7443
-9734
-11323
-12609
-12261
-12243
-11538
-12399
-14012
-15427
-15150
-13085
-10767
-9553
-9666
-10554
-10358
-9533
-7637
-6095
-5166
-5733
-6168
-6281
-6569
-6069
-5783
-5996
-6829
-8202
-9399
-11123
-11740
-11755
-10977
-8508
-8176
-10875
-18281
-17393
-14258
-7439
-5123
-3030
-5975
-11642
-11866
-4924
6450
11212
11969
11160
10259
11577
15052
22223
26833
27582
25487
24094
23657
22242
21137
20973
21512
20627
18061
13961
9701
4499
2238
2377
2364
-403
-4820
-8094
-11132
-11365
-10482
-8959
-10337
-12278
-12585
-12327
-12036
-10949
-8748
-6842
-5675
-4389
-3386
-2414
-1516
1477
4590
7327
8046
7946
7357
8624
11859
15157
16344
15196
13393
12555
13384
15616
18450
18585
15640
12033
11799
12354
13132
11966
11203
8561
5629
3103
2203
1929
602
-1061
-2757
-4458
-6860
-9142
-11134
-11795
-11046
-10506
-11104
-12816
-14869
-16003
-14318
-11745
-9734
-9715
-10739
-11699
-10870
-9188
-7458
-6204
-6256
-6840
-7040
-6502
-6057
-5956
-6401
-7359
-8383
-9806
-9757
-11350
-12074
-13043
-10210
-7694
-7873
-13916
-18511
-16122
-11567
-5302
-2939
-1771
-8375
-12378
-9160
1380
10547
11960
12170
11589
11623
13157
18030
24763
26979
26891
24306
24040
22837
21328
19847
19917
20086
18527
14732
9613
5310
1155
188
-668
-1318
-4482
-7774
-11266
-13445
-13456
-12901
-12453
-14296
-14648
-14490
-14594
-13848
-12350
-10252
-10122
-8918
-6983
-4411
-3731
-2595
-258
2651
4573
5450
6912
7785
9623
10724
12739
12368
11510
10970
12016
13847
14998
16232
14704
12934
11394
12408
13894
13199
10689
7578
6626
5030
3785
2880
2165
35
-2495
-4646
-5273
-5727
-8068
-9880
-11428
-11131
-11794
-11279
-12095
-12961
-14213
-13966
-11275
-10209
-9818
-11010
-11081
-10272
-9284
-7238
-6314
-6358
-7670
-7861
-7468
-6936
-6526
-7139
-8989
-11080
-11881
-11741
-12260
-14004
-13729
-9709
-6570
-9236
-17438
-17586
-13792
-6699
-3472
553
-2011
-9485
-10701
-2837
10617
14429
14726
13798
14148
14665
16981
24262
28613
29249
26530
25719
25416
23145
21284
20040
20963
19144
16272
12192
8047
3261
129
-637
-1816
-4529
-7998
-10120
-13030
-14378
-14478
-13346
-14175
-15868
-15083
-14458
-13835
-13510
-10978
-9868
-10045
-8895
-6648
-4381
-4049
-1966
664
3457
3615
4333
5070
7059
9817
12713
13929
12076
10732
10400
12364
14330
16858
16387
13123
11199
11225
13683
13962
12777
9935
7090
5164
3485
3767
2729
1462
-1498
-3332
-5340
-5783
-7025
-8475
-10459
-11435
-11398
-11498
-11610
-13104
-13433
-13916
-13083
-12160
-11173
-11347
-11458
-10635
-9510
-9114
-8606
-8652
-8488
-9003
-8184
-7896
-7388
-8009
-8707
-10804
-11795
-12976
-12518
-13586
-13153
-9471
-6933
-9846
-18550
-16867
-11690
-3599
-1431
1678
-22
-7242
-7305
1147
14562
17084
16357
17006
18653
20288
21336
27689
30829
30112
27790
28423
29602
26336
22354
20539
20295
18923
16442
14257
9906
3256
-989
-1678
-1511
-3814
-7564
-9871
-12909
-14982
-15329
-13849
-14058
-16066
-15456
-14742
-13778
-13244
-11177
-9171
-9281
-8140
-6286
-3496
-2808
-1118
1703
5086
6294
5805
5865
7566
10721
13095
14315
12915
11845
10989
12440
14944
17116
16696
13754
11483
10647
12916
14317
13811
10470
7434
5727
4237
3811
2837
1993
-586
-4054
-6292
-6970
-7572
-9516
-10969
-11214
-11413
-12134
-13744
-13172
-12484
-11887
-11860
-11227
-11335
-12867
-12561
-10823
-8143
-7627
-7845
-7895
-8516
-9149
-9406
-8027
-8012
-8809
-10489
-12728
-14551
-16728
-15470
-14688
-11962
-10145
-9631
-15018
-20653
-17879
-11400
-4166
-2305
-353
-5296
-9000
-6084
5279
14830
15634
15080
15544
18064
20555
24919
30228
31155
28719
26814
28827
29567
26527
21972
20010
19385
17814
15104
12314
7354
1556
-1702
-2603
-3440
-6477
-10234
-12719
-14297
-14607
-15230
-16063
-17550
-18216
-17466
-16801
-15215
-14081
-12619
-12520
-11768
-9826
-7318
-5356
-4297
-2102
255
3139
4071
4422
4706
7008
9985
12543
13307
11626
10390
9993
11728
14672
16730
16519
13699
11662
9755
11519
13516
14449
11837
8009
4928
3102
3235
2785
2605
34
-2996
-6527
-6995
-6541
-7159
-9997
-11648
-11142
-10576
-11695
-12686
-12002
-11567
-11642
-10278
-9334
-9677
-11020
-9699
-7610
-6336
-6844
-7276
-7425
-7705
-7632
-7213
-7123
-8587
-9075
-10949
-12127
-13850
-13926
-14141
-13654
-10525
-8892
-10638
-18338
-17792
-12684
-5348
-1445
191
-2299
-8475
-7184
2355
14170
17212
15633
15758
16487
19224
23444
29347
31077
28388
26404
27488
29568
27929
24180
21404
20024
18889
16648
13589
9315
4050
54
-1196
-2727
-4895
-9131
-11934
-13726
-14288
-14555
-16277
-17045
-18120
-17465
-17806
-16732
-15549
-13722
-12502
-11921
-9974
-8537
-7266
-6232
-3413
-675
2155
3387
4152
4136
5181
8425
11286
13176
11616
10502
10080
11736
13873
15006
15005
13377
12120
10868
11762
12832
12222
9976
7753
6031
3631
1928
459
1180
-9
-2091
-5635
-7325
-7708
-8116
-9620
-11926
-11796
-12367
-13347
-13723
-12675
-11440
-12299
-10755
-10030
-9437
-10953
-10131
-8214
-6951
-5684
-6240
-6222
-7858
-7186
-6630
-5198
-4920
-6072
-8489
-11398
-11631
-10686
-10763
-12135
-13478
-11140
-8981
-9205
-15475
-17171
-13920
-7520
-2742
-22
-430
-6290
-7718
-1878
9936
16269
16645
15992
16048
18122
21049
26397
30119
30999
29095
28290
28955
28756
26213
22834
22070
21049
18864
14411
11002
6335
1883
-206
-1840
-3784
-8074
-10638
-13043
-15151
-16732
-17424
-17564
-19133
-18653
-18405
-18044
-18134
-16569
-14249
-12813
-11303
-9377
-7807
-6606
-4498
-780
2660
4274
4674
5142
6941
10115
12614
13230
12285
12071
12544
13506
15586
17479
16713
13322
11539
11505
13297
13588
12102
9910
7386
5021
2645
2357
1917
1076
-2213
-5238
-7901
-7974
-8958
-10189
-12253
-11897
-11429
-12300
-13175
-13985
-12881
-13236
-10789
-8669
-7648
-9245
-10410
-7955
-6236
-3635
-3297
-3104
-4302
-5172
-4264
-4109
-2773
-2927
-3956
-7513
-9499
-9906
-9206
-11343
-12095
-13173
-12067
-11385
-10602
-11922
-17328
-15915
-12990
-5202
-2842
-1820
-4621
-8695
-5552
1025
12524
15668
16314
15524
16549
19771
22856
29291
31773
32235
29716
29711
30537
28169
24355
22100
23699
22750
19394
14826
10500
4896
1090
115
-602
-3360
-8427
-11361
-14345
-15722
-17508
-18010
-17918
-17978
-17610
-18597
-18434
-17467
-15679
-13843
-11824
-9256
-8170
-6963
-3820
50
2481
3764
4739
6361
8318
11607
13979
15006
14168
13653
13869
15558
18324
19205
17986
14513
12821
12758
14386
15286
13087
9008
5988
4414
3097
2483
1822
-568
-4567
-7647
-7972
-7860
-9433
-12469
-13142
-13117
-13176
-13345
-12623
-12682
-14083
-14114
-11818
-8709
-8119
-8155
-7569
-6463
-5561
-4703
-2895
-2357
-2216
-2300
-2052
-2919
-2603
-1856
-2657
-4936
-7044
-6581
-7931
-9848
-12067
-11120
-12327
-12278
-11296
-9005
-13399
-17539
-15904
-9839
-4662
-3953
-3078
-6498
-8094
-5111
4985
13563
14965
14621
14515
16788
19555
24175
29685
30900
29998
27993
28663
27606
24706
21800
21465
21824
19417
14980
10173
4962
-657
-2878
-3695
-4883
-9172
-13405
-16445
-19668
-21536
-22098
-20596
-20369
-20882
-20957
-21069
-20639
-20081
-16867
-13755
-11242
-10012
-8751
-6283
-3823
-1116
1581
4661
6166
7361
8214
11060
12351
13786
13723
14772
15586
16054
16585
16105
15305
13890
14045
14317
13847
11128
7387
4963
3836
3056
1525
-571
-3964
-7040
-8748
-9037
-9179
-11397
-13721
-15931
-16518
-16095
-14352
-12514
-13617
-14819
-15715
-14043
-11713
-8747
-6591
-6250
-6392
-6880
-5628
-3270
-235
1143
443
-982
-1390
-1490
-511
-820
-1633
-4424
-5684
-6235
-6698
-9198
-9923
-11131
-10854
-9600
-6560
-8681
-14755
-15619
-11620
-4243
-2474
-463
-3067
-5575
-5346
2443
13355
17571
17435
16508
18062
20468
23452
28575
31455
31746
29071
28701
29124
26557
22561
20664
22160
20763
16975
11892
7145
734
-2988
-3154
-3267
-6638
-12224
-15373
-18386
-19948
-21079
-19884
-19494
-19566
-18802
-18459
-18467
-18382
-16485
-12721
-9137
-6542
-5375
-4218
-2784
-476
3599
7776
10506
10084
10326
12070
14585
15932
16769
17089
17367
17053
16969
16855
16488
16432
15375
14359
13261
10763
7076
4484
4411
3766
1346
-1886
-4843
-6746
-8433
-9075
-9744
-10800
-13278
-15520
-16795
-16163
-14890
-13681
-13324
-13801
-14108
-14166
-12340
-9199
-5995
-4391
-4625
-5167
-5028
-2893
-102
1401
1459
-196
-1403
-2151
-714
-351
-1139
-4643
-5954
-6606
-6492
-9040
-10352
-11159
-11144
-9311
-8043
-8196
-14433
-15150
-13173
-5573
-1510
765
-1196
-5168
-4352
655
11079
16673
19025
18339
18162
19595
21791
26876
30105
31161
29434
28301
27949
25398
21943
19352
19968
19317
16907
11383
6015
-49
-3961
-5130
-6348
-8159
-13064
-15458
-18175
-18770
-20874
-21415
-20882
-19860
-18029
-17578
-17344
-17772
-16721
-13928
-9564
-5491
-3226
-2053
-1147
918
4190
8562
10802
11659
12154
13853
15869
16398
16995
16211
15958
15158
16204
16478
15207
13344
11719
10832
9303
8164
5145
2637
335
-650
-2488
-4815
-8141
-9866
-10488
-11381
-12385
-13027
-13718
-15632
-17418
-17571
-15348
-13141
-12335
-12809
-13532
-14209
-13554
-9909
-6040
-4242
-4848
-5995
-5712
-5046
-2813
-1571
-129
-1109
-2394
-4223
-4527
-3969
-4455
-6275
-8393
-8739
-9938
-12172
-14374
-13995
-13553
-11924
-10342
-9467
-13967
-16826
-15074
-8741
-2537
15
1202
-2245
-3218
-946
7813
15648
19214
20011
19125
19828
21202
24712
28196
29677
28921
26856
26964
25901
21830
17252
15473
15450
12851
9467
5187
561
-5987
-9766
-11870
-12962
-16016
-18039
-18752
-19995
-22305
-24671
-24131
-22232
-19528
-17116
-15980
-15443
-15538
-13679
-9917
-5019
-1542
206
2344
4545
7022
9085
11575
13266
14685
16406
18542
19193
18148
16837
16244
16643
17155
17603
15720
13203
11169
10486
8981
7295
4978
2630
571
-685
-1996
-4215
-7083
-9295
-9260
-9288
-9884
-10623
-10763
-12486
-14387
-15223
-12445
-9099
-7376
-7584
-8600
-9424
-9449
-6641
-2606
-616
-977
-2181
-2441
-3146
-2272
-1022
163
14
-1110
-2767
-4659
-5143
-5675
-6669
-8550
-9007
-9471
-11439
-14138
-13823
-12855
-10716
-10055
-7818
-11149
-12598
-12027
-7392
-1577
2093
4805
2242
2115
3482
9921
16680
21486
24284
24144
24723
25497
27513
29245
29836
29197
28186
28236
26823
22212
16576
13290
11695
9950
7807
4043
-1012
-8149
-11711
-15174
-16501
-18605
-18988
-19370
-20371
-21887
-24348
-24535
-23096
-19302
-15611
-13293
-11657
-10870
-9821
-7379
-3049
1168
4111
6974
9910
11620
12429
13736
15522
17301
18087
20144
20675
19669
17343
15891
15542
14277
13966
12871
12134
9412
7541
5824
2791
532
-1905
-2430
-3856
-4665
-7076
-8872
-11195
-12205
-12032
-11171
-10558
-10372
-10496
-12068
-13210
-12539
-9433
-6759
-5124
-5443
-6106
-6680
-6479
-4355
-2046
-605
-1061
-2015
-2876
-3582
-3348
-3204
-2998
-4075
-5377
-6872
-7375
-7734
-8640
-10680
-12206
-12465
-12764
-13703
-14378
-14385
-12077
-10404
-8026
-9143
-9986
-10401
-8002
-1214
4437
8608
6062
5420
6254
11123
17422
22996
26825
26693
26936
27407
28335
28775
28447
28262
27952
28123
26303
22037
15836
10332
7403
6126
5402
1881
-2890
-9630
-14341
-18744
-20301
-20882
-21341
-21675
-22535
-22519
-23939
-24765
-23898
-21033
-17311
-13708
-10167
-8022
-7237
-6178
-3296
971
5087
9028
11901
13525
13850
15177
16546
17779
17905
18895
19759
19035
16958
15390
14172
11952
9742
8551
8213
6959
4726
3100
733
-3217
-6668
-6790
-5862
-6323
-8358
-9893
-11152
-12477
-12710
-12066
-11141
-10336
-9380
-8849
-9597
-10736
-9811
-7426
-4811
-3298
-3255
-3966
-4936
-4388
-2851
-1561
-1529
-2242
-3004
-3649
-3826
-4908
-5281
-6748
-7360
-8308
-8272
-8479
-9789
-12002
-13524
-12953
-12811
-13205
-14692
-14597
-15191
-12973
-9485
-4729
-6281
-9408
-10650
-6162
1429
6779
10561
8345
6518
6204
11834
18968
22888
23932
24166
26519
27993
28009
27279
25803
24423
23656
25647
25565
21627
14039
8285
5367
3773
2274
-258
-3518
-9468
-13389
-17096
-18914
-21560
-22049
-21082
-20290
-19958
-20616
-20322
-20312
-18488
-15063
-11304
-7993
-6119
-3210
-678
1882
4109
7263
10449
12570
14778
17252
19514
19715
19819
19427
19520
18551
18592
18474
17675
15485
13301
11806
9603
8052
6162
5243
3427
945
-1479
-3690
-5429
-7691
-8785
-9424
-9248
-10045
-10832
-11631
-12411
-12354
-11252
-9752
-10049
-10870
-10724
-8815
-6891
-4884
-4128
-4580
-5631
-4730
-2426
-611
-188
-862
-1611
-2231
-2330
-2573
-2871
-3686
-3910
-3902
-4069
-4614
-6147
-7986
-9235
-8132
-7102
-7157
-8193
-9333
-10352
-11702
-11697
-8970
-4839
-2330
-3836
-5853
-6607
-5929
-2293
2585
7447
6367
4418
4623
7822
11251
13068
15114
17301
19733
22255
23681
23173
20378
18133
18354
20221
21266
19734
16626
12590
7832
3573
1604
384
-1419
-5286
-7896
-11751
-15435
-18192
-18846
-19332
-20381
-19604
-18236
-17087
-16795
-16596
-16763
-16534
-14213
-9284
-4639
-1667
-288
825
1946
3336
6284
9459
12112
14077
15626
17234
16690
16003
15133
15452
16232
16420
16138
14438
12778
10776
9668
8254
6634
4857
2784
846
-1454
-3325
-5207
-6593
-7930
-8953
-10367
-11904
-13244
-12835
-11854
-12470
-13992
-15527
-14439
-12955
-10627
-8806
-7818
-8444
-9087
-7698
-5627
-3257
-1385
-8
405
-408
-360
56
1227
1655
2939
3724
3972
3732
3395
3222
3980
5164
5750
6110
5868
6152
5132
4309
3852
4292
4496
3351
2423
1032
-368
-1971
-2023
-802
-1005
-2450
-3669
-3915
-5128
-6958
-8114
-7082
-5546
-4828
-4177
-3763
-3319
-3773
-2646
-155
2532
4338
5491
6823
6971
7120
7394
8020
8601
8966
9815
9614
8675
7052
5157
3152
1429
1162
1266
738
-891
-1898
-3345
-4849
-6427
-6504
-5597
-4609
-3142
-2506
-2402
-3391
-3571
-2576
-22
2312
3903
4455
4625
4774
5205
6177
7449
7734
7339
7124
7007
7337
7120
6555
5200
4008
3023
2275
1179
85
-1432
-2517
-3777
-4310
-5234
-6550
-8498
-8963
-8614
-8799
-9417
-10746
-11075
-11236
-9963
-8819
-7929
-8076
-8564
-8202
-7073
-5372
-3337
-1065
378
540
763
1450
3192
4538
5805
6307
6665
6615
6585
6877
6746
6967
6757
6987
6738
6572
5738
4750
4062
3967
4119
3626
3100
2414
1826
757
-3
-127
-147
-734
-672
-344
-788
-1749
-2986
-3213
-3363
-3277
-2938
-2818
-3265
-4737
-6134
-6533
-6080
-5563
-5389
-5299
-5785
-7204
-8177
-8111
-7220
-6473
-6060
-5832
-6006
-5900
-4760
-4169
-4008
-3562
-2738
-1559
-84
1571
2367
2141
1105
1231
2051
3588
4981
5731
5914
5122
4633
4525
5017
5138
5172
5418
6354
6706
6991
7195
7341
7171
6577
6351
5637
5651
5557
5727
5418
4879
4442
3110
1743
-377
-1387
-1679
-2468
-2575
-3483
-4609
-7135
-8683
-8477
-8360
-9089
-10451
-10283
-10165
-9574
-8335
-7108
-6876
-7832
-7627
-6007
-3551
-1752
-496
77
322
879
2055
3693
4586
4896
4706
5142
5776
6330
6359
5825
5457
4731
5058
5881
6097
5055
3507
3305
3490
3980
3189
2387
1444
533
376
396
-25
-1350
-1881
-1369
-686
-880
-1702
-2788
-3246
-3097
-2979
-3034
-3376
-3389
-3603
-4206
-4464
-4206
-3930
-4903
-4991
-4265
-3018
-2702
-2266
-2192
-3005
-4094
-4110
-2402
-923
171
33
-609
-1015
-531
825
2028
3403
4282
4744
4691
4409
3972
3399
3646
4481
5512
5515
4338
3186
2829
3196
3684
3855
3218
2043
1362
1290
1661
2057
2215
2824
3382
3415
3153
2837
2578
2229
2956
4249
4963
4395
3637
2952
2268
2080
2641
2689
1551
13
-570
-56
-445
-1670
-3077
-3691
-4197
-3830
-3139
-2958
-4344
-5604
-5016
-3626
-2242
-1531
-1560
-1974
-2506
-1519
214
1731
2170
1968
1826
1814
2195
2602
2878
2651
3017
3593
4404
4372
3942
3070
2816
2465
2490
2306
2635
3215
3229
2853
1834
656
-499
-993
-930
-800
-726
-608
-1436
-2779
-4082
-4557
-4950
-5255
-5812
-6766
-7830
-8354
-8276
-8367
-9408
-10537
-11022
-11251
-12370
-12054
-10284
-8083
-6844
-6918
-7327
-8318
-7533
-5102
-1222
1578
2139
2316
3237
5709
8517
11325
13100
13450
13898
14929
16142
16309
15816
14335
13585
13306
12505
10587
7739
5409
3593
3061
2484
1205
-1352
-4246
-6569
-7976
-8045
-8252
-8251
-8839
-8371
-7385
-5914
-5056
-4784
-4631
-4541
-3159
-1190
823
2462
3725
4787
5268
5939
6624
7432
7996
7679
7542
7414
7842
7641
7206
5905
4025
2635
1321
663
44
-769
-1508
-2298
-2876
-2976
-3388
-4327
-5377
-5659
-5264
-4435
-3359
-2254
-2380
-2808
-2649
-1523
-145
732
1844
2331
2708
2594
2713
3343
3592
3578
3039
2728
1936
1178
610
-58
-887
-2619
-4011
-5238
-6059
-7036
-8261
-9799
-11251
-12292
-12905
-13822
-15063
-15952
-16541
-17227
-18334
-19135
-19573
-20163
-19620
-17327
-14027
-11508
-11571
-11365
-11353
-9330
-5874
-1013
2819
4331
5557
6706
9747
12940
16192
18488
20331
21786
22775
23252
22846
21394
19092
17002
16020
14519
11960
8485
5584
2769
328
-2052
-4185
-6606
-9556
-11554
-12779
-13139
-13625
-13454
-12942
-11849
-10172
-8557
-6811
-5289
-3393
-1370
500
2868
5231
8346
10555
12477
13452
13725
13675
13451
13196
12984
12814
12238
12023
11476
10467
8501
6112
4041
2466
972
-469
-1439
-2400
-3275
-3538
-2941
-2975
-3770
-4666
-4712
-3934
-2749
-1057
135
1059
1429
2036
2862
3699
3726
3796
3684
4035
4339
4601
3943
3171
1997
865
-422
-1795
-3330
-4723
-5806
-6967
-8222
-10003
-11713
-13476
-14426
-14875
-15208
-15866
-16412
-16610
-16230
-15942
-15424
-15519
-15754
-16599
-16701
-15843
-14594
-12047
-8209
-4187
-2828
-2503
-2177
-821
1869
5592
9418
11481
12768
14100
16014
18150
19816
21161
22033
22769
23250
22819
21293
19132
16498
13861
11551
9120
6017
2435
-1062
-3894
-6029
-7377
-9095
-10974
-13117
-14341
-15132
-14724
-13297
-11560
-9201
-7005
-4245
-2211
-386
1584
4192
6814
8883
11207
13629
15533
16709
17638
17864
17692
16734
15727
14402
12180
10420
8436
6723
4107
2003
-111
-1744
-3495
-5272
-6814
-8708
-9616
-9856
-8910
-7735
-6040
-4088
-2161
-564
534
1697
3035
5279
7732
9756
11387
12367
12900
12616
12578
11919
10767
8933
7266
5232
3119
1365
-642
-2413
-4771
-7238
-9949
-12973
-15732
-18139
-19551
-20546
-20836
-21053
-20974
-20919
-20384
-19529
-19552
-19150
-18891
-17397
-16092
-14635
-13567
-12618
-11116
-10133
-7433
-4342
-984
-24
971
2879
4860
7543
9839
12148
12579
13616
15474
17698
18918
18903
19624
20240
21651
22090
20915
17775
14039
10422
7342
4566
1566
-1485
-5015
-7070
-9413
-11881
-13737
-15059
-16395
-18052
-18416
-18146
-17340
-16091
-13587
-9655
-6106
-2438
822
3671
5686
7100
9053
11208
13323
14697
16181
17566
18374
18249
17545
15589
12821
9784
7680
6127
4095
1771
-1023
-3173
-4999
-5741
-7159
-9606
-12072
-13626
-13191
-12059
-10489
-8932
-7018
-4926
-1946
1373
4128
5964
6708
7894
9405
11123
12650
14066
14517
14273
13155
11052
8737
6118
4004
1762
-860
-3868
-6461
-8853
-10618
-12041
-13574
-15384
-17420
-19055
-20685
-21249
-21507
-20611
-19193
-17532
-15529
-14153
-12939
-12180
-11287
-10461
-9481
-8846
-8155
-7899
-7626
-6543
-5973
-5374
-3207
-573
559
-336
-211
706
2463
4273
6304
7673
8087
9945
12225
14584
15154
15324
15799
17441
19743
20813
19903
17547
14151
10561
7640
5292
3033
-138
-3003
-4898
-5789
-6501
-8091
-10020
-12447
-13410
-13167
-12244
-10863
-9605
-7267
-4296
-132
3362
5672
7081
7889
8829
9865
11499
12745
13819
15086
16386
16539
15742
14289
11812
9153
6279
4532
2825
1576
-761
-2857
-4267
-5675
-6707
-7931
-8384
-9243
-9955
-9790
-8206
-6058
-2807
217
2598
4740
7684
10685
12072
12877
12696
12749
12951
13108
13035
12285
10518
8138
5828
3546
586
-2769
-6367
-9642
-12175
-14572
-15911
-17242
-17838
-17996
-17856
-18286
-19581
-21082
-21409
-20263
-17777
-14719
-12208
-9863
-8277
-6504
-5344
-4239
-4189
-4609
-5289
-5764
-5731
-5544
-4950
-5240
-4459
-2590
-1181
-2610
-3310
-2414
-1294
-83
1012
3433
4179
6567
9147
12300
14697
15899
17162
18088
20693
22142
21888
20271
18463
15841
13022
10447
7531
3849
-330
-3045
-4958
-5868
-6718
-8433
-10539
-11892
-12166
-12914
-12486
-11752
-9815
-7173
-4073
-260
2277
4988
6905
8590
9752
10420
11219
11933
13251
13869
14227
14128
13373
11555
9356
7210
4972
2648
380
-1162
-2859
-3636
-4491
-5028
-6360
-7226
-6987
-6864
-6643
-6132
-4395
-1846
1422
4277
6319
8420
10344
12101
13729
14645
14698
13985
12617
11417
11037
10144
7729
4297
1801
-861
-3135
-6217
-9099
-12081
-14806
-16288
-17893
-18492
-18997
-18408
-18160
-18469
-18605
-18922
-18218
-17635
-15895
-13942
-12181
-10665
-9146
-7703
-6396
-5518
-5942
-6873
-8593
-9343
-9619
-9354
-9503
-7791
-4590
-2551
-3602
-3163
-1708
-261
666
2600
5461
6561
8494
10744
14927
17319
19321
20671
22972
25254
25295
24163
21991
19380
15634
11556
7833
4443
826
-1982
-4667
-6913
-8639
-10204
-12232
-14694
-15220
-15264
-15561
-15431
-13675
-9760
-6393
-3470
-302
3125
5663
7209
8705
10034
10864
11090
11868
12997
13963
14157
13899
12677
10546
7362
4505
1857
-945
-3538
-5565
-6776
-7313
-7742
-7665
-8338
-8965
-9049
-8108
-6824
-6063
-3736
-1174
1899
4459
7841
10410
12172
13311
14135
14800
14968
14241
12550
10561
8671
7478
5360
2670
20
-1973
-4780
-8631
-11825
-13811
-15688
-17237
-18066
-17935
-17936
-17493
-16760
-16248
-15954
-15781
-15056
-14573
-13574
-11933
-10307
-9266
-8480
-7260
-6405
-6227
-6969
-8613
-10271
-11719
-12825
-13457
-11078
-7384
-5079
-6035
-3329
-761
1252
1266
2970
6207
7058
9583
11877
16901
19323
21539
23471
26478
29395
28434
25716
22690
20318
15844
10994
7299
4109
-335
-4636
-7580
-9599
-11416
-13985
-15988
-17724
-17529
-17231
-17730
-17108
-14923
-10582
-7520
-3405
1322
5591
8635
10582
13146
14439
14984
14538
14423
15006
15255
15019
14599
13475
11369
8066
4432
791
-2826
-6214
-9522
-11681
-12818
-12885
-12415
-12568
-11506
-11086
-10485
-10017
-7934
-5426
-2932
344
3942
7615
10414
13444
15603
17736
18233
17979
17118
16132
14201
12048
9238
6690
4055
855
-1599
-4140
-6876
-11130
-13962
-16245
-17856
-19915
-20407
-19988
-19390
-18290
-17683
-16564
-15642
-13950
-12997
-12213
-11457
-10118
-9635
-9125
-8452
-7137
-7095
-8190
-9465
-10125
-11213
-11866
-10275
-7537
-6104
-6756
-2985
1190
5278
6071
8593
10082
10975
12925
15323
19859
21279
24238
26640
30572
32071
30832
28477
26158
22373
16432
10345
5105
343
-4464
-7251
-9380
-11015
-13366
-14601
-15487
-16467
-17601
-18853
-19019
-17345
-13881
-9335
-4826
621
5831
10554
14524
17373
19209
19529
19240
18798
18732
18660
18020
17301
16546
15692
13321
9702
5817
1519
-2875
-7231
-10446
-12402
-13559
-14483
-14398
-13611
-11470
-10030
-9325
-8654
-7102
-5103
-3241
-718
2481
5849
8391
11376
14775
17266
17967
17537
16885
15323
12553
9386
6047
3229
659
-2361
-5372
-7644
-8593
-10093
-12368
-14362
-15900
-17682
-18851
-18998
-18164
-17893
-17543
-16489
-14390
-12182
-11381
-10721
-10700
-10285
-9994
-10325
-10778
-11186
-11438
-12527
-13376
-13457
-13871
-12952
-11025
-7504
-7869
-7152
-4576
-1996
515
2258
7136
8929
12068
14328
18779
21743
23135
25839
28616
32284
31662
29911
27738
26274
21740
16144
10967
6300
456
-5178
-8101
-10322
-12044
-14466
-14929
-15159
-15286
-16402
-17852
-17637
-15951
-12881
-9185
-4854
949
6573
11545
14884
17568
19565
19212
18250
17405
17157
15491
13320
12151
11995
11024
8805
5652
2591
-815
-4657
-8792
-12475
-14625
-16197
-16328
-14855
-12005
-10037
-9370
-8332
-6196
-4039
-2439
-1238
953
3426
5966
8874
12682
15681
16764
16559
15819
14927
12303
8938
4862
1692
-1717
-4726
-6977
-8669
-9690
-11553
-12647
-13572
-13959
-15194
-16481
-16955
-16665
-16280
-16515
-15334
-13270
-11202
-10121
-8893
-7955
-7436
-7413
-7967
-9415
-10713
-11717
-12932
-14073
-14649
-11677
-8780
-6577
-7779
-4696
-2210
-916
316
2479
5944
4477
6997
10200
15714
16848
18436
22518
26725
29457
28407
26958
24477
21531
16817
12106
7382
3159
-2152
-5275
-7015
-7293
-8960
-11221
-12401
-12026
-11372
-12197
-12905
-11785
-9353
-6895
-3568
533
5697
8912
12703
16043
20202
21099
19346
18169
17876
17280
13729
11341
9984
8868
5830
3377
1340
-1049
-4997
-8457
-10583
-11883
-13370
-15295
-14882
-13991
-11594
-10277
-8087
-5269
-2809
-784
579
2599
3729
4386
5479
7564
10394
12608
14201
15079
14717
13321
10374
6619
1933
-2277
-6192
-9588
-12334
-13774
-14751
-14759
-14771
-14593
-14904
-15738
-16085
-16705
-16750
-16969
-16655
-15311
-13602
-11624
-10417
-8879
-8174
-7806
-7812
-8460
-8859
-9722
-10423
-10780
-8033
-4131
-2211
-3067
324
3227
5503
5543
7533
8710
7656
9314
10765
14187
14196
16858
19231
22589
24300
23285
21748
19714
17154
12690
8362
4156
-48
-4159
-6440
-7463
-7548
-7888
-7110
-6146
-4587
-4493
-4580
-4587
-2995
-1549
875
4026
8407
13196
16401
19639
21649
24083
22474
20360
18450
17450
14980
11161
9727
8301
6265
3310
1470
-896
-3779
-7291
-10691
-14049
-16259
-17139
-17321
-15681
-13579
-10301
-7860
-4629
-2232
-58
1611
2830
4599
5944
7383
7975
9900
11639
12604
12802
12551
11845
9550
6624
4079
1650
-1900
-5579
-8977
-11671
-13797
-15397
-16891
-18139
-18768
-18825
-18664
-18881
-18213
-17598
-17765
-17452
-16915
-15619
-15141
-14292
-13409
-12395
-11413
-11847
-11149
-11066
-10188
-7887
-4685
-2189
-2779
931
4659
6896
7616
9070
10803
9322
10428
10902
12675
11416
12445
15137
17778
19190
18371
17665
16376
13706
8920
4239
-726
-4591
-9038
-10797
-11670
-11101
-10884
-9501
-6843
-4594
-2868
-2686
-1812
-51
2507
4901
7072
10267
14758
18943
21956
24509
26812
26799
25482
23538
21847
18574
14524
10763
8956
7523
5467
2747
669
-444
-3491
-6628
-9848
-11697
-14341
-15797
-15848
-15105
-13751
-12332
-9602
-6753
-3121
-329
1868
3725
5521
6796
7292
7260
7469
7912
8270
8026
8136
8302
7458
5128
2327
-179
-3305
-7125
-10742
-12768
-14662
-16033
-16940
-17296
-17685
-17849
-18016
-18431
-18829
-19435
-19441
-19595
-19252
-18999
-18734
-18160
-17048
-16035
-14828
-13292
-9184
-5253
-1730
-536
3230
6171
8275
10003
11894
14173
12806
13771
13844
15979
15166
14988
15141
16445
17249
15111
13040
10452
8364
3865
-563
-4914
-8418
-11958
-14744
-15957
-15462
-15012
-14601
-13287
-9918
-7316
-5339
-4100
-1145
1972
5568
9183
12802
17070
19700
22106
23624
26067
25959
24665
22512
21236
19233
16284
13325
10842
9453
7502
5270
3102
1793
-668
-3500
-6117
-7796
-9763
-11238
-12255
-12075
-10564
-9185
-7398
-5334
-2252
-361
1184
2519
3861
4111
3448
3301
3403
3371
2937
2251
1964
1398
481
-411
-1297
-2497
-4517
-6987
-9288
-11006
-12709
-14211
-15609
-15753
-15942
-16352
-17158
-16731
-17133
-17690
-18845
-18948
-19610
-20705
-20852
-20274
-19514
-18679
-13789
-9438
-6609
-4953
1575
6240
9655
12391
17248
19422
18462
19127
20687
21624
18337
17329
17761
18968
16528
14224
12236
9879
5132
309
-3831
-8371
-13515
-17622
-19441
-20746
-20314
-19324
-16328
-13171
-9144
-6108
-2826
-506
2603
5431
8670
11204
14495
18401
21439
23969
25713
27556
26894
25864
24130
22059
18452
15058
12327
10551
8806
7032
5447
4947
4845
3770
2134
716
94
-886
-1715
-2045
-2234
-2604
-2313
-1000
533
1640
1915
2764
3837
4461
4198
3364
2805
2056
1577
588
-479
-1839
-2751
-3413
-4190
-5103
-6841
-8723
-11100
-12740
-14195
-15899
-17636
-17584
-17575
-17776
-17919
-16992
-16759
-17370
-17913
-18334
-19319
-20821
-21525
-21652
-18621
-15572
-12646
-11090
-5370
-966
3308
6297
10131
12440
12678
14834
16005
18872
18010
18910
19639
22526
22463
20015
17337
14659
11201
5688
384
-5517
-10993
-15764
-18711
-20435
-20696
-21441
-20425
-18540
-14887
-12630
-10489
-8870
-5909
-1493
2934
6293
9053
13198
17422
20952
22217
23297
22224
20750
18016
16664
14068
10548
7289
5857
6055
5313
4462
2976
2801
2196
1921
840
322
515
1126
2186
3883
6156
7863
9560
11540
13608
14563
14186
13190
12106
11115
9086
6582
4487
3183
2010
-393
-2457
-4506
-6540
-9476
-11610
-13343
-14741
-16116
-16662
-16158
-15439
-15158
-14788
-13821
-13087
-13552
-14734
-15449
-16204
-16922
-17870
-17660
-16764
-13649
-11247
-8715
-6893
-2451
-395
1015
3340
5945
6940
6007
7995
9433
11147
10526
10997
12072
14236
14037
11919
10005
8412
5628
196
-3547
-7019
-10439
-15030
-16917
-16447
-15203
-15546
-14770
-10902
-7181
-6030
-5546
-2877
-120
829
2267
5214
8531
11248
13054
15424
17042
18367
16705
13976
11429
9131
5062
-38
-3187
-5314
-7054
-9583
-10180
-9730
-9123
-9833
-9492
-8160
-7242
-6745
-6090
-3751
-1491
1126
3600
7504
11329
14456
16356
18064
18869
18506
17523
15636
13745
12152
11333
9280
7030
4940
2994
-34
-3082
-6264
-9960
-13492
-16393
-18326
-20191
-21617
-21950
-21137
-20019
-18851
-18209
-18280
-17950
-17411
-16635
-16305
-13502
-10104
-6678
-4641
-309
4762
7202
9698
11209
13696
13343
13858
13022
13408
12882
12290
12656
13252
13729
11260
8960
6209
2993
-3122
-8799
-13766
-17945
-22057
-24225
-24520
-23299
-21936
-19209
-15204
-11532
-9148
-7243
-5033
-2593
-72
2669
6420
10415
15386
20054
24345
26679
28558
28757
28190
25168
20779
15891
10945
6388
2187
-511
-3825
-6188
-7991
-8915
-10711
-12202
-13938
-15625
-16356
-16009
-15777
-15259
-12371
-8563
-4734
-1294
2858
6372
8971
10746
11962
13066
13267
13254
13116
13043
12555
11436
10155
8802
7646
5314
2708
-202
-3026
-5529
-8077
-10381
-12496
-13160
-13680
-14020
-14849
-15403
-15783
-15782
-15870
-14994
-12732
-10523
-8754
-6618
-1590
1507
5371
8198
12069
14142
15467
16826
17409
18197
16395
16070
15582
16188
14364
12860
11330
9408
5515
1684
-1784
-6421
-11349
-15581
-18155
-20447
-20970
-20788
-18930
-16689
-13884
-11369
-9093
-6983
-4397
-1844
998
3208
6046
8934
12224
14683
16625
18457
18334
17228
15744
14620
10946
6890
4426
2816
196
-2350
-3730
-4587
-6385
-7480
-8665
-9880
-11518
-12383
-11929
-11489
-10464
-9586
-7330
-5261
-2101
277
2183
4027
5739
6666
6431
6916
6558
6226
5195
5034
4400
3932
2913
1693
401
-918
-1987
-3794
-4886
-6496
-7549
-8801
-9394
-9997
-10743
-10701
-10101
-9228
-8903
-6510
-4036
-2577
-2302
369
3505
4676
6093
7474
10004
10464
12386
13558
15789
16745
16805
17660
18844
18869
15553
13275
10669
7481
2419
-1431
-5390
-9351
-12420
-13579
-14286
-14981
-14965
-14398
-12270
-10284
-7997
-7094
-5398
-3222
-354
2084
4153
6211
9343
12557
15059
16541
17787
18069
17211
16166
14647
12717
9380
6987
4545
2578
-270
-2409
-4552
-6043
-7793
-9541
-10505
-11262
-12173
-13593
-13473
-13358
-12884
-13015
-11520
-10523
-9515
-9277
-8473
-7170
-6598
-5828
-5376
-4046
-3607
-3071
-2801
-2202
-1689
-1365
-1050
-1155
-1130
-968
-1346
-2332
-3090
-3683
-4437
-5424
-5761
-5949
-6364
-6464
-6337
-5376
-3704
-2197
-919
-1015
676
2083
2919
3504
4542
5838
6241
8232
9329
10930
11300
12564
13301
14593
14670
13014
11068
9076
6819
2780
-816
-4350
-6735
-9254
-10627
-11254
-10739
-10754
-10041
-9265
-8211
-7978
-7371
-6535
-5384
-3560
-1593
515
3135
6696
9399
11613
13173
14935
15113
14679
13521
12302
10204
8176
6760
6045
5192
4140
3319
3111
3149
2451
1288
-82
-980
-1827
-2474
-2677
-3011
-3038
-2535
-1637
-1075
-1890
-2330
-3353
-4103
-6127
-7812
-9959
-11683
-12826
-13851
-13845
-14501
-14112
-14343
-13400
-12940
-12274
-12730
-12505
-11578
-10577
-9361
-8482
-6345
-4300
-2206
-308
1556
3023
5393
7276
8320
8637
9720
10392
10467
11238
12244
12227
11116
10655
10651
10416
9559
7942
7452
7772
7834
7150
6693
6641
5505
4068
2460
1110
-525
-2264
-4035
-4955
-4728
-4051
-3870
-2565
-763
732
770
379
661
390
-47
-486
366
1415
2036
2278
3649
4778
4701
3733
3095
2920
1051
-959
-2034
-2055
-2558
-2387
-1883
-1372
-884
-515
-37
-84
-25
96
-226
-639
-87
1100
2129
2602
3558
5043
5457
4502
3412
2809
1163
-1613
-3768
-5127
-6492
-8314
-8838
-8843
-9297
-10437
-11025
-11523
-12450
-13365
-14870
-15961
-16710
-15939
-15141
-13670
-11897
-9508
-6752
-4017
-850
2037
4762
6238
7485
9321
10824
10630
10778
11526
12207
12197
12193
12458
12460
12072
11220
10493
9691
7865
5929
4332
2812
670
-1393
-2756
-3739
-4101
-4643
-4417
-3779
-1795
60
1385
2855
4633
6574
7661
8854
10353
11491
11642
12571
14310
15145
13857
12757
12179
11132
8411
5139
3062
866
-1418
-3430
-4254
-5011
-5927
-6415
-6392
-6438
-6730
-7495
-8383
-8590
-7752
-7365
-7030
-6266
-4387
-2366
-556
715
1593
2616
2736
2497
1749
1170
-202
-1701
-2526
-2765
-3770
-5171
-6133
-6308
-6612
-7425
-8259
-9296
-9913
-10914
-11408
-11570
-11511
-11266
-10282
-8332
-6567
-5276
-3618
-1286
1012
2119
2784
3899
5657
6484
7418
8588
9507
9982
10116
11201
11370
11256
10314
9708
9331
8981
7931
6559
5275
4165
2292
403
-1429
-3529
-5304
-7325
-8141
-8668
-8730
-8287
-6895
-5537
-3874
-2547
-882
340
1635
2835
3784
4833
6112
7563
8090
9034
9626
10094
9648
9119
8109
6734
5647
4398
3477
1844
425
-312
-705
-1237
-2139
-2906
-3639
-3900
-4398
-5086
-5343
-5396
-5372
-4933
-4284
-3800
-3992
-4402
-4482
-4648
-5284
-6450
-7203
-7412
-7789
-8217
-8532
-8481
-8752
-9233
-9153
-9128
-9175
-9734
-10241
-10588
-10314
-10039
-9524
-8441
-6108
-3447
-1467
485
3331
6121
8019
9030
9964
11176
11305
10821
10985
11252
10633
9782
9389
9727
9214
7809
6578
6303
5834
4419
3003
2486
1984
666
-313
-885
-1023
-1910
-2132
-2099
-1113
-438
31
1036
2896
4085
4613
5478
6682
7124
6981
7542
7823
7745
6960
6437
5533
4756
3054
1263
-812
-1850
-2841
-3690
-4621
-5012
-4893
-5100
-5260
-5255
-5057
-5657
-6002
-6180
-5895
-5761
-5361
-4769
-3526
-2248
-939
97
1271
1851
1987
1715
1261
108
-1591
-2794
-4211
-5445
-6951
-7866
-8770
-9277
-9519
-9152
-10022
-10673
-10992
-11111
-11901
-12636
-12731
-12193
-11057
-9777
-7502
-4872
-1764
1090
4369
7339
9732
11584
12761
13614
14373
14903
14339
13711
13740
13588
12502
11293
11108
10633
9128
7300
6015
4538
2107
-207
-1741
-2899
-4338
-5060
-4928
-4202
-3383
-2423
-1036
656
2147
3330
4522
5642
6786
7390
7871
8479
9141
9445
9406
9023
8782
8161
7023
5207
3673
2472
597
-1363
-2865
-3802
-5163
-6423
-6963
-7067
-7238
-7612
-7398
-7004
-6690
-6633
-6212
-5575
-5238
-4714
-4193
-3528
-2861
-2217
-1550
-1111
-1129
-1262
-1722
-2090
-2771
-3691
-4922
-6009
-6809
-7608
-8496
-9279
-9491
-9594
-9272
-9518
-9730
-9875
-9025
-8456
-7616
-6750
-5123
-3134
-745
2385
4846
7561
9638
11930
13558
14859
15634
15485
15269
15299
15003
14430
13817
13324
12472
11500
10261
8405
6308
4156
2310
-1
-2177
-3966
-4950
-5363
-5067
-4527
-3576
-2249
-975
543
1761
3094
3743
4597
5727
6857
7361
8035
8387
8853
9459
9219
8651
8179
7618
6371
5101
3851
2327
547
-927
-2026
-3093
-4308
-5498
-6604
-6988
-7631
-8460
-9197
-9389
-9410
-9620
-9657
-9464
-8970
-8745
-8273
-7499
-7266
-7296
-7047
-6871
-6572
-6512
-6290
-6051
-5538
-5336
-5572
-5565
-5662
-5976
-6457
-7062
-7920
-8818
-9364
-9152
-9437
-9626
-9256
-7915
-7017
-5960
-4352
-2939
-1627
-276
1862
3416
4985
6320
7987
9751
11264
12192
12852
13852
14286
14451
13879
13093
11942
10628
8903
7200
5426
3469
2010
891
217
-636
-946
-754
-363
-92
309
910
1427
1703
1984
2540
3142
3639
4174
4803
5610
6170
6458
6641
6755
6416
5729
4558
3314
2307
1281
332
-443
-966
-1154
-1154
-1150
-1093
-1232
-1445
-2082
-2286
-2615
-3092
-3721
-3950
-3758
-3647
-3729
-4066
-4030
-4210
-4450
-5285
-6419
-7674
-8711
-9874
-10959
-11572
-11975
-11945
-11421
-10595
-10192
-9856
-9502
-9339
-9456
-9449
-9296
-8532
-7350
-5872
-4240
-2913
-1229
823
2833
4868
5796
6367
6540
6517
6138
5705
5462
5254
5641
5870
5968
5654
5277
5087
4829
4073
2946
1718
861
202
1
285
1067
2405
3702
5432
6727
7623
7999
8297
8253
8187
7861
7389
7148
6531
6202
5784
5115
4113
3222
2426
1558
743
-148
-1310
-1800
-2011
-2007
-2307
-2657
-2522
-2369
-2253
-2502
-2591
-2614
-2545
-2508
-2194
-1840
-1772
-1543
-1485
-1317
-1633
-1967
-2443
-2689
-3198
-3653
-3939
-4366
-4700
-5086
-5453
-5941
-6307
-6646
-7197
-7846
-7924
-8038
-8273
-8470
-8206
-7711
-7309
-6919
-6106
-5235
-4288
-3288
-2305
-1169
127
1420
2101
2928
3866
4504
4856
5123
5237
5206
5167
4917
4818
4656
4467
3983
3554
3395
3252
2785
2427
2485
2758
2866
3223
3825
4415
5018
5520
6029
6416
6664
6694
6819
7202
7020
6644
6367
6017
5354
4553
3664
2309
1091
-108
-906
-1587
-2239
-2728
-2868
-2607
-2456
-2493
-2392
-1995
-1686
-1899
-2080
-1933
-2039
-2275
-2222
-2002
-1995
-1893
-1687
-1465
-1386
-1442
-1900
-2101
-2235
-2816
-3590
-4315
-4345
-4583
-4872
-5305
-5459
-5249
-5282
-5104
-5001
-4896
-5129
-4969
-4654
-4096
-3785
-3675
-3398
-2731
-1980
-1773
-1497
-1071
-466
-39
255
727
1399
1876
2748
3589
4525
5130
5514
6182
6719
7027
7047
7083
6956
6846
6647
6482
6320
6413
6527
6504
6595
6600
6333
5832
5204
4742
4326
4062
3543
3042
3245
3553
3472
3494
3514
3353
3074
2498
1935
1375
488
-374
-759
-1206
-1729
-2010
-2195
-2393
-2536
-2970
-3442
-3896
-4339
-5040
-5801
-6426
-6795
-7314
-7918
-8328
-8596
-8704
-8771
-8614
-8235
-7884
-7743
-7538
-7096
-6664
-6429
-6329
-5673
-5046
-4898
-4439
-4102
-3519
-3171
-3103
-3017
-2850
-2527
-2342
-1952
-1572
-1004
-627
-110
250
716
1165
1540
2125
2721
3175
3311
3501
3685
3745
3898
4148
4401
4264
4400
4559
4693
4500
4401
4379
4038
3809
3598
3396
3285
3395
3850
4445
4930
5511
5966
6840
7289
7540
7791
7901
7901
7641
7350
7062
6718
6284
6156
6150
5601
5069
4805
4289
3400
2134
1034
-211
-1325
-2328
-3078
-3749
-4345
-4721
-4938
-5000
-5316
-5626
-5999
-6183
-6542
-6992
-7748
-8232
-8372
-8413
-8288
-8262
-7908
-7341
-6859
-6718
-6521
-6243
-6096
-6200
-6468
-6517
-6667
-7215
-7841
-8117
-8094
-8182
-8421
-8168
-7808
-7462
-7173
-6723
-6039
-5561
-5011
-4249
-3471
-2658
-1921
-1348
-381
873
1901
2695
3985
5258
6332
7147
7723
8288
8430
8332
7809
7587
7147
6727
6268
5935
5769
5402
5209
5303
5511
5105
5069
4810
4734
4707
4656
4499
4350
4542
4699
4923
4921
5253
5232
5222
5495
5721
5621
5328
5165
4756
4313
3629
2813
1993
1092
242
-476
-1418
-2398
-3427
-4109
-4537
-5409
-6061
-6751
-7554
-8195
-8885
-9506
-10023
-10357
-10504
-10409
-9978
-9401
-8819
-7902
-6954
-5932
-5056
-4601
-3981
-3729
-3546
-3737
-3818
-3937
-4217
-4293
-4495
-4600
-4506
-4336
-4514
-4537
-4391
-4128
-4205
-4125
-3788
-3475
-3239
-2951
-2492
-1765
-1165
-431
422
1456
2614
3616
4390
5304
6089
6657
6889
6993
7412
7385
7375
7507
7719
7689
7733
7736
8066
8054
7749
7416
7170
7033
6541
5921
5465
5195
4800
4579
4497
4528
4542
4452
4418
4773
5082
5093
5095
5420
5725
5583
5205
5296
5399
5221
4876
4405
4074
3778
3177
2382
1706
917
-137
-1054
-2103
-3339
-4862
-6230
-7270
-8157
-8996
-9862
-10494
-10741
-10578
-10347
-10064
-9853
-9455
-8931
-8457
-8003
-7431
-7414
-6792
-6157
-5554
-4956
-4564
-3714
-2861
-2042
-1539
-832
-359
-5
297
550
667
857
1002
1061
1424
1557
1492
1536
1551
1725
1866
1749
1798
1989
2091
2216
2440
2768
3255
3833
4416
4972
5499
5852
6253
6653
7168
7505
7534
7620
7856
8103
8017
7886
7839
7532
7023
6328
5415
4481
3613
2902
1809
1108
387
-235
-542
-1045
-1390
-1702
-2089
-2329
-2286
-2207
-1910
-1701
-1384
-986
-452
243
336
708
891
699
519
63
-347
-806
-1375
-1897
-2355
-2722
-3139
-3616
-3946
-4208
-4625
-5057
-5409
-5568
-5750
-6126
-6327
-6585
-6784
-6713
-6509
-6267
-6018
-5632
-5009
-4496
-3790
-3085
-2724
-2295
-1847
-1603
-1411
-1127
-783
-547
-342
-41
323
676
1241
1732
2126
2365
2535
2873
2970
2917
2729
2855
3063
3036
2956
3111
3339
3576
3905
4235
4541
4846
5236
5386
5444
5463
5305
5323
5265
5057
4837
4355
4082
3891
3524
3061
2803
2527
2180
1946
1641
1458
972
633
261
-66
-425
-904
-1233
-1575
-1946
-2195
-2394
-2635
-2755
-2980
-3071
-3420
-3807
-4171
-4554
-4859
-5227
-5233
-5459
-5443
-5219
-5169
-5194
-5339
-5413
-5538
-5668
-5947
-6142
-6265
-6499
-6412
-6148
-5738
-5446
-5141
-4831
-4343
-3945
-3653
-3335
-3070
-2903
-2515
-1965
-1619
-1097
-682
-340
265
752
909
1203
1430
1557
1554
1645
1612
1644
1661
1726
1806
2021
2252
2373
2753
2954
3180
3273
3556
3826
4069
4247
4477
4537
4714
4905
4950
5112
4892
4858
4631
4436
4209
3884
3480
3264
3091
2778
2500
2282
2111
1728
1484
1247
1003
829
742
643
425
375
192
227
107
-158
-235
-371
-578
-1226
-1598
-1962
-2396
-2723
-2959
-3173
-3368
-3369
-3312
-3258
-3383
-3474
-3691
-3951
-4006
-4164
-4254
-4373
-4396
-4374
-4415
-4366
-4223
-3802
-3623
-3308
-2851
-2484
-2088
-1764
-1412
-890
-422
-92
344
833
1376
1639
2025
2505
2866
3345
3696
4004
4231
4077
3934
4011
3833
3636
3501
3379
3591
3500
3555
3649
3575
3956
4108
4203
4378
4527
4568
4625
4779
4697
4662
4710
4617
4412
4303
4174
3596
3342
3116
2727
2325
1959
1767
1338
791
402
-72
-592
-933
-1347
-1556
-1798
-1883
-1975
-1918
-1882
-1916
-1812
-1947
-2072
-2251
-2483
-2935
-3073
-3161
-3219
-3195
-3156
-3034
-2987
-2944
-2740
-2738
-2905
-3145
-3341
-3549
-4097
-4716
-4788
-4928
-5147
-5382
-5516
-5331
-5271
-4943
-4617
-4182
-3753
-3369
-2879
-2362
-1636
-988
-660
-72
551
1134
1552
2000
2524
3050
3554
4026
4310
4480
4555
4463
4641
4533
4266
4313
4175
4167
4239
4150
4047
3936
4082
4067
4072
4025
4035
4248
4339
4472
4426
4412
4392
4329
4362
4213
4081
3771
3458
3292
2851
2427
1997
1389
769
417
93
-147
-548
-821
-969
-1118
-1261
-1598
-1764
-1972
-2177
-2474
-2748
-3107
-3418
-3683
-3835
-3927
-3959
-4131
-4067
-4013
-4060
-3975
-3767
-3553
-3303
-3164
-2868
-2545
-2435
-2475
-2684
-2831
-2954
-3069
-3344
-3411
-3440
-3657
-3642
-3568
-3692
-3553
-3401
-3348
-3332
-3289
-3187
-3068
-2893
-2466
-2097
-1747
-1366
-1028
-538
79
490
962
1456
1904
2334
2459
2716
2711
2941
3057
3258
3284
3447
3794
3893
4195
3932
3737
3710
3693
3709
3574
3537
3561
3473
3484
3558
3498
3508
3484
3475
3393
3209
3061
2974
2718
2377
2167
1908
1453
1053
699
310
115
-79
-320
-595
-774
-990
-1208
-1502
-1753
-2185
-2467
-3087
-3371
-3799
-4400
-4556
-4741
-4887
-5196
-5288
-5542
-5401
-5441
-5500
-5302
-5286
-5200
-5230
-5139
-4934
-4636
-4383
-4198
-3980
-3669
-3459
-3420
-3354
-3114
-2893
-2909
-2608
-2460
-2328
-2163
-1982
-1862
-1690
-1552
-1261
-976
-831
-486
-339
130
371
590
1082
1627
2053
2328
2595
2846
3047
3305
3534
3674
3973
4329
4279
4312
4475
4518
4597
4475
4374
4374
4315
4175
3904
3890
3756
3663
3537
3401
3204
2982
2748
2410
2345
2221
2081
2001
1836
1595
1436
1415
1235
893
734
476
197
76
-130
-424
-630
-724
-779
-911
-1098
-1324
-1315
-1391
-1406
-1532
-1660
-1764
-1886
-2041
-2262
-2205
-2300
-2288
-2279
-2229
-2240
-2478
-2481
-2591
-2640
-2727
-2565
-2771
-2873
-2845
-2988
-2875
-2913
-2882
-2716
-2560
-2425
-2244
-2160
-1942
-1745
-1386
-974
-611
-422
-120
168
333
599
734
945
1081
1193
1304
1418
1549
1638
1685
1724
1834
1996
2218
2124
2369
2434
2311
2480
2574
2718
2807
3123
3147
3186
3127
3231
3074
2879
2660
2615
2591
2492
2445
2149
2266
2014
1964
1814
1492
1204
683
403
118
-202
-554
-849
-1096
-1373
-1373
-1554
-1744
-1792
-1652
-1602
-1579
-1566
-1484
-1534
-1590
-1584
-1591
-1618
-1529
-1416
-1500
-1222
-1187
-1367
-1317
-1275
-1300
-1245
-1072
-1056
-1084
-1057
-1097
-994
-703
-599
-528
-479
-346
-321
-310
-72
132
11
-45
58
91
360
402
600
577
778
1054
981
1265
1296
1373
1297
1289
1503
1495
1451
1535
1547
1595
1716
1579
1525
1543
1497
1298
999
855
732
601
492
309
297
460
402
499
540
425
475
243
303
173
321
382
363
446
564
754
752
901
675
662
493
168
-152
-426
-400
-531
-750
-827
-1022
-1146
-1321
-1487
-1686
-1873
-1938
-2185
-2311
-2170
-2084
-2066
-2088
-1814
-1724
-1653
-1501
-1370
-1303
-1240
-1158
-1110
-988
-789
-518
-355
-28
228
437
437
440
341
46
-85
-279
-309
-420
-507
-362
-363
-204
-124
-350
-459
-603
-764
-1005
-939
-929
-993
-791
-560
-368
-180
49
139
211
321
436
627
776
914
1172
1277
1407
1692
1775
1813
1599
1369
1159
1054
870
533
487
416
449
357
248
172
74
-21
-206
-323
-465
-550
-803
-952
-967
-974
-914
-928
-1008
-1057
-1213
-1326
-1474
-1510
-1399
-1410
-1418
-1365
-1265
-1254
-1342
-1313
-1353
-1378
-1410
-1180
-1290
-1131
-1176
-1192
-1088
-1132
-1087
-1066
-1030
-1099
-991
-1191
-1121
-1259
-1164
-1113
-1177
-921
-736
-454
-105
273
555
977
1092
1322
1395
1535
1745
1815
1894
1991
2231
2272
2428
2438
2440
2392
2220
2198
2040
1971
1696
1311
1117
830
651
643
686
907
946
999
977
960
840
587
544
470
247
376
297
191
215
8
95
183
104
243
262
201
134
192
160
-88
-135
-172
-304
-391
-420
-585
-659
-696
-839
-797
-751
-849
-998
-1118
-1166
-1238
-1292
-1283
-1442
-1686
-1657
-1687
-1645
-1749
-1660
-1672
-1595
-1475
-1262
-1015
-914
-816
-872
-762
-651
-709
-986
-1147
-1101
-885
-726
-543
-187
-29
187
407
655
837
961
1145
1358
1593
1620
1857
2031
2152
2278
2343
2576
2601
2737
2780
2885
2953
3018
3192
3106
3151
3172
3111
3039
2937
2945
2798
2743
2791
2926
2736
2647
2617
2471
2403
2222
2055
1893
1828
1465
1272
1081
757
408
274
-93
-438
-651
-1053
-1361
-1472
-1609
-1739
-1830
-1859
-1964
-2012
-1868
-1910
-1931
-1931
-1899
-2029
-2172
-2119
-2062
-1946
-1959
-1993
-1808
-1591
-1510
-1394
-1398
-1348
-1359
-1384
-1397
-1442
-1550
-1666
-1636
-1497
-1250
-1211
-981
-740
-661
-480
-296
-442
-275
-172
-203
90
315
676
819
1151
1454
1617
1849
1888
1811
1850
1934
1995
2067
2122
2248
2292
2437
2500
2733
2842
2934
2927
2695
2467
2256
2207
1923
1737
1818
1873
1945
2105
2200
2184
2230
2245
2097
2015
1772
1500
1169
1047
999
988
1141
1110
1233
1152
1099
1069
800
390
-23
-318
-705
-857
-1050
-1248
-1257
-1469
-1404
-1596
-1720
-1802
-1899
-2039
-2200
-2358
-2405
-2401
-2593
-2561
-2717
-2826
-2763
-2810
-2593
-2554
-2653
-2550
-2666
-2647
-2720
-2584
-2411
-2347
-2346
-2284
-2200
-2236
-2171
-2227
-2230
-2309
-2443
-2376
-2273
-2230
-2072
-2039
-2013
-1654
-1508
-1492
-1253
-1032
-768
-471
-33
170
361
730
1062
1282
1434
1502
1428
1508
1632
1559
1541
1486
1521
1575
1537
1505
1350
1414
1292
1187
1271
1244
1298
1258
1342
1434
1368
1327
1311
997
721
542
407
231
94
157
177
42
-13
-32
-221
-404
-659
-980
-1237
-1564
-1765
-2195
-2261
-2163
-2235
-1943
-1739
-1657
-1553
-1464
-1348
-1495
-1452
-1435
-1503
-1527
-1459
-1439
-1216
-918
-864
-727
-573
-476
-591
-475
-535
-634
-682
-738
-860
-1161
-1109
-1244
-1252
-1202
-1125
-1124
-1011
-849
-843
-616
-329
-42
202
241
359
400
497
546
748
984
945
1170
1331
1455
1421
1421
1397
1448
1557
1437
1354
1339
1512
1668
1580
1438
1354
1271
1342
1257
1218
1268
1222
1110
1199
1333
1512
1660
1692
1766
1794
1904
2004
1961
2112
2145
2008
1982
1948
1840
1523
1515
1586
1442
1483
1173
881
455
97
-357
-847
-1154
-1490
-1802
-2042
-2134
-2064
-2040
-2119
-2024
-1933
-1819
-1709
-1449
-1222
-1118
-980
-1001
-780
-540
-369
-154
-69
-27
-82
-65
-43
-197
-338
-333
-448
-721
-983
-1181
-1127
-915
-771
-648
-534
-436
-230
-272
-173
-335
-515
-426
-479
-285
90
469
785
1173
1477
1725
1812
1926
1933
1904
1715
1914
2107
2196
2488
2395
2468
2316
2058
1742
1326
1172
998
997
1110
1112
1106
980
826
657
481
240
38
16
-116
-393
-278
-215
73
112
355
433
384
641
467
387
288
174
229
214
138
69
71
202
43
-94
-234
-448
-685
-994
-1071
-1188
-1121
-1075
-998
-945
-950
-905
-816
-787
-892
-965
-966
-961
-680
-324
-130
5
108
334
456
729
755
715
700
562
530
474
479
412
384
448
426
332
228
211
423
583
599
700
740
774
686
876
841
685
662
725
775
713
733
636
504
417
461
419
451
423
186
-106
-305
-421
-517
-564
-466
-501
-496
-470
-517
-327
-270
-81
-334
-431
-635
-767
-911
-935
-831
-793
-565
-677
-721
-841
-892
-889
-976
-1237
-1285
-1558
-1828
-2049
-2176
-2482
-2603
-2897
-2996
-2955
-3100
-2986
-2866
-2755
-2653
-2644
-2605
-2513
-2389
-2346
-2102
-1756
-1580
-1203
-989
-741
-652
-584
-363
-158
83
169
164
167
245
324
346
243
-13
-320
-422
-489
-545
-584
-523
-521
-508
-490
-533
-380
-474
-376
-3
78
292
607
1062
1144
1511
1649
1720
1620
1463
1452
1427
1511
1465
1440
1477
1293
1102
906
804
688
560
474
402
198
-115
-315
-384
-422
-524
-705
-659
-423
-324
-88
31
-52
-82
42
67
100
51
20
-19
-19
156
205
160
91
18
-207
-222
-304
-445
-630
-766
-913
-979
-981
-1241
-1256
-1356
-1354
-1403
-1345
-1315
-1222
-988
-770
-557
-326
-210
5
182
198
264
374
430
424
294
301
388
615
831
879
892
877
859
933
827
677
553
401
406
430
486
438
403
411
348
281
204
130
204
325
407
440
448
271
216
229
240
124
73
29
-33
12
-104
79
47
-11
23
104
3
-126
-178
-222
-351
-493
-478
-527
-462
-486
-482
-622
-697
-647
-651
-410
-313
-185
-158
-108
-70
-132
-54
-79
-46
-22
-45
-87
-92
-377
-367
-596
-827
-1145
-1151
-1276
-1479
-1483
-1520
-1490
-1606
-1527
-1544
-1421
-1554
-1452
-1402
-1282
-1064
-950
-595
-543
-448
-21
20
1
-53
230
356
438
626
726
1003
1195
1290
1249
1178
1105
1239
1113
1132
1230
1349
1439
1453
1730
1738
1894
1841
1987
2067
1957
2109
2126
2282
2320
2395
2395
2253
2335
2391
2379
2495
2522
2429
2167
2136
2180
2000
1947
1667
1261
759
364
108
-89
-107
-93
104
332
408
317
216
39
-73
-311
-82
89
-42
-89
-194
-220
-328
-531
-511
-656
-897
-1003
-1043
-1078
-848
-623
-553
-581
-812
-1094
-1422
-1587
-1761
-1942
-1998
-1998
-2105
-2147
-2248
-2384
-2204
-2005
-1778
-1704
-1547
-1297
-1115
-884
-564
-420
-287
-83
-15
14
134
47
-38
74
273
471
394
529
710
863
1004
1202
1296
1308
1209
1071
1066
1139
1267
1253
1473
1519
1349
1109
867
657
631
685
690
614
577
571
519
406
504
690
570
595
423
463
413
76
-145
-232
-442
-645
-704
-740
-830
-1116
-1135
-1349
-1407
-1495
-1477
-1452
-1569
-1364
-1429
-1377
-1228
-1101
-925
-926
-843
-1015
-1204
-953
-908
-827
-955
-1119
-1243
-1040
-843
-869
-919
-948
-902
-906
-1103
-953
-791
-898
-815
-692
-666
-509
-620
-617
-430
-266
-174
-45
144
232
392
333
425
484
585
680
1014
931
1040
1196
1211
1213
1075
1097
1161
1083
922
893
839
756
811
998
1128
1226
1360
1354
1345
1176
930
754
585
546
699
642
461
439
266
169
298
157
139
5
-128
-93
-201
-166
-42
-114
-367
-539
-741
-979
-995
-1112
-1032
-901
-912
-990
-1080
-1148
-1388
-1286
-1168
-1295
-1350
-1465
-1444
-1345
-1224
-1131
-838
-921
-876
-801
-848
-908
-998
-955
-1305
-1352
-1310
-1135
-1205
-1196
-1010
-981
-990
-866
-850
-583
-495
-583
-320
-128
-110
-99
-45
141
262
122
12
151
-15
-78
-72
39
-20
33
79
66
106
6
220
356
334
257
243
206
198
201
155
124
90
11
129
200
222
167
224
226
345
309
252
340
449
678
524
564
643
683
525
712
736
832
856
648
580
406
461
474
624
613
713
907
1099
1152
1190
1273
1319
1261
1323
1350
1315
1136
1133
1086
984
1124
1271
1486
1505
1545
1499
1319
1239
1026
726
399
434
476
441
551
520
522
513
324
181
271
-54
68
281
381
607
530
434
384
282
253
134
-64
-21
-103
74
229
382
575
713
781
1056
1073
1005
977
1058
1049
1114
1119
1078
1087
998
990
1099
1184
1028
1103
932
901
1043
1244
1442
1430
1149
1007
934
748
686
707
726
797
789
749
751
698
670
709
980
1077
1164
985
851
866
596
330
52
-129
-459
-458
-337
-83
-63
-123
-85
-221
-149
-162
-188
-297
-410
-626
-603
-760
-1047
-1139
-1294
-1524
-1619
-1738
-1776
-1565
-1410
-1161
-1126
-1181
-1222
-1423
-1375
-1448
-1499
-1208
-1135
-869
-647
-671
-518
-701
-742
-858
-981
-931
-1013
-1055
-957
-536
-502
-401
-94
-69
-184
-224
-284
-358
-385
-446
-510
-477
-255
-43
142
285
379
421
369
386
284
210
-15
-153
-114
-3
11
155
290
343
730
862
939
964
857
781
612
475
451
260
-85
-136
18
-42
113
168
86
52
-30
-147
-304
-415
-490
-612
-692
-732
-618
-517
-564
-546
-588
-485
-189
-129
-39
-111
-24
105
-53
-9
27
58
79
174
92
154
278
359
304
282
169
-170
-356
-700
-808
-982
-1041
-988
-892
-807
-633
-728
-767
-603
-595
-651
-487
-464
-266
-93
-111
98
191
191
230
218
108
149
93
67
29
-86
-22
-244
-253
-346
-430
-254
-253
-494
-672
-594
-522
-428
-575
-622
-746
-748
-571
-556
-447
-471
-627
-644
-827
-773
-665
-686
-603
-378
-259
-389
-332
-208
-347
-346
-330
-252
-311
-344
-390
-458
-479
-552
-543
-570
-381
-412
-411
-378
-309
-215
-352
-348
-442
-511
-435
-504
-547
-508
-387
-358
-286
-307
-25
-52
-156
85
324
335
323
302
335
387
327
444
595
829
986
973
933
968
952
974
861
813
832
769
649
756
997
942
1019
1111
1149
1092
1058
988
1078
1103
964
1023
919
882
757
881
827
814
808
845
794
731
800
575
544
536
491
334
346
381
378
502
659
595
521
290
98
25
50
250
327
443
440
454
497
662
618
664
651
614
561
386
347
228
332
394
577
709
918
1213
1210
1191
1230
1220
969
853
595
425
425
554
745
849
927
1001
1056
1053
1000
799
759
642
695
718
680
871
908
739
558
431
366
372
338
395
515
287
117
-8
-417
-377
-402
-493
-384
-287
-21
116
295
286
163
250
242
128
84
44
-12
-61
-137
-196
-279
-493
-584
-560
-686
-727
-782
-1063
-1008
-1056
-965
-897
-825
-869
-1040
-928
-944
-1155
-1174
-1032
-933
-867
-969
-860
-650
-625
-593
-417
-305
-45
152
337
465
590
490
334
343
218
87
98
-46
-70
25
-218
-243
-299
-252
-246
-154
-76
-64
-177
-74
-85
49
61
353
575
557
772
739
723
719
620
731
749
663
718
692
614
651
394
88
-74
-265
-279
-339
-368
-291
-290
-246
-276
-192
-210
-243
-263
-302
-252
-276
-349
-371
-404
-355
-221
-7
195
173
350
358
336
220
164
-39
-158
-300
-466
-470
-403
-360
-324
-126
-208
-271
-155
-278
-239
-249
-280
-373
-338
-233
-418
-484
-452
-394
-651
-718
-751
-749
-734
-777
-738
-661
-651
-745
-705
-678
-592
-552
-535
-421
-522
-486
-540
-484
-403
-541
-396
-350
-285
-395
-390
-386
-378
-360
-457
-465
-705
-558
-588
-731
-702
-848
-847
-1103
-1140
-1168
-1085
-1066
-1009
-716
-656
-635
-592
-554
-677
-720
-632
-625
-679
-751
-869
-981
-1069
-998
-1060
-1131
-920
-959
-1030
-998
-998
-900
-751
-747
-848
-896
-919
-847
-905
-889
-990
-959
-751
-611
-436
-410
-391
-450
-599
-428
-201
-133
43
189
369
398
381
607
605
502
403
467
520
459
529
371
186
133
47
166
124
-24
-64
88
-22
-174
-56
-133
-4
185
169
285
271
295
341
299
404
378
215
179
212
166
-60
-111
-113
-42
212
368
456
537
546
322
292
248
114
288
242
191
249
211
229
56
-13
-37
-51
-54
49
106
191
295
399
513
657
794
835
1065
1043
936
750
726
775
898
1029
1213
1493
1382
1462
1569
1415
1266
1155
1055
1022
1080
913
912
1020
909
727
665
501
417
463
545
376
443
350
352
288
238
336
126
280
137
36
211
203
147
288
161
204
98
50
-93
-367
-473
-515
-442
-231
-165
-359
-292
-464
-450
-497
-477
-499
-423
-412
-330
-417
-461
-460
-517
-491
-503
-439
-519
-424
-401
-351
-384
-196
22
-22
50
-76
-67
-148
-38
-30
-48
62
7
161
25
-46
-99
-211
-279
-311
-260
-295
-195
-124
-64
-84
-120
-112
-162
-190
-149
-196
-201
-152
-192
-126
-190
-145
-97
-170
-320
-200
-320
-249
-154
-167
-84
-134
48
-91
-208
-138
-129
-277
-336
-156
-56
77
175
376
449
380
373
540
411
648
711
610
483
346
401
208
318
200
248
136
188
251
286
330
404
500
334
499
400
495
373
451
603
590
742
650
567
462
414
293
190
342
200
-109
-171
-221
-328
-421
-392
-332
-347
-179
-66
-101
48
124
108
-146
-157
-243
-246
-246
-446
-485
-508
-521
-334
-406
-530
-403
-414
-496
-657
-830
-900
-925
-890
-979
-922
-814
-946
-876
-1149
-1263
-1215
-1280
-1247
-1218
-1172
-1153
-1054
-1151
-1093
-1020
-994
-951
-935
-851
-886
-792
-705
-601
-478
-408
-355
-547
-604
-631
-657
-761
-732
-842
-881
-764
-778
-758
-705
-579
-447
-366
-493
-483
-506
-443
-476
-261
-444
-497
-553
-649
-539
-647
-566
-463
-383
-398
-400
-524
-458
-413
-412
-386
-583
-575
-551
-550
-471
-127
-138
-124
-211
-403
-294
-250
-215
-90
-142
-227
-249
-290
-277
-304
-287
-307
-313
-261
-144
-162
-106
-132
-119
61
-134
-200
-122
-123
-185
-58
-156
-4
-22
94
136
233
436
388
471
508
677
687
646
817
890
807
788
563
606
606
745
726
565
574
570
666
741
799
727
780
871
821
894
1089
1226
1172
1146
1118
1062
1002
1025
1067
1138
1086
1178
1168
1180
1246
1355
1145
1072
987
841
714
747
789
785
840
835
997
802
826
687
720
669
600
508
512
607
461
530
556
512
389
578
621
687
797
764
886
851
837
830
831
858
782
824
719
556
473
405
374
292
405
288
345
324
281
363
178
297
360
204
126
76
121
132
-122
-158
-189
-323
-405
-394
-374
-411
-310
-258
-230
-132
-76
73
27
176
354
455
413
476
538
495
490
383
457
359
379
327
380
364
384
435
414
534
573
484
544
636
602
544
499
332
438
425
398
436
442
610
530
538
442
515
418
433
506
461
328
302
161
82
17
109
123
66
146
93
198
217
370
366
164
-16
-88
10
-13
-84
-67
-46
211
173
147
-50
-56
-57
-56
56
60
35
139
211
36
240
282
356
365
406
350
188
142
193
31
14
-3
27
70
35
207
236
306
370
324
395
371
442
479
647
878
853
624
419
214
95
-68
-115
-142
-186
-212
-292
-161
-121
-224
-270
-309
-277
-409
-449
-327
-308
-208
-137
-230
-424
-426
-456
-505
-560
-549
-651
-700
-783
-778
-929
-1148
-1107
-1122
-1092
-1220
-1335
-1366
-1419
-1422
-1478
-1406
-1342
-1546
-1319
-1281
-1390
-1342
-1398
-1405
-1323
-1475
-1552
-1692
-1779
-1823
-1797
-1737
-1743
-1702
-1689
-1662
-1413
-1413
-1430
-1306
-1152
-1042
-896
-776
-701
-538
-728
-719
-769
-753
-663
-548
-523
-565
-437
-386
-213
-87
48
133
264
282
308
277
161
78
99
246
196
159
241
355
378
519
528
563
618
564
617
556
470
345
170
214
154
188
216
289
233
106
221
132
49
165
381
502
594
710
802
727
704
629
449
569
488
385
604
634
681
716
640
523
392
398
531
484
625
714
816
798
675
704
588
573
434
344
349
362
587
553
572
583
644
682
746
716
623
620
513
499
536
455
277
410
439
560
624
876
935
973
1093
927
839
682
578
542
362
330
433
274
383
432
555
447
259
447
442
341
355
159
101
123
127
264
165
183
223
159
124
145
123
-2
73
191
285
251
248
262
236
219
127
-37
-376
-600
-824
-801
-967
-853
-586
-478
-61
102
178
487
465
524
630
608
526
334
183
-95
-316
-483
-501
-336
-358
-166
-106
-18
-6
-127
-249
-471
-550
-443
-342
-301
-158
-99
-33
109
5
14
134
120
142
210
376
470
444
444
533
556
678
723
476
427
321
65
-138
-164
-94
-150
-301
-407
-437
-451
-281
-176
-46
-26
247
382
215
206
126
87
206
415
393
512
532
503
565
634
795
650
1011
1371
1273
1235
870
370
203
-342
-538
-802
-492
-47
-266
784
1359
940
816
1475
1186
349
200
420
-103
-431
21
-73
8
492
810
1096
2073
2148
1574
1536
1259
700
309
113
-218
-539
-638
-48
836
1182
1523
1381
1341
1453
1071
113
-139
-423
-1023
-1398
-1458
-1649
-1412
-1146
-761
-381
61
412
374
237
-247
-346
-607
-818
-694
-931
-787
-799
-661
-506
-176
120
70
56
-49
-91
-396
-644
-976
-1141
-1175
-997
-746
-641
-383
-52
56
-86
-290
-491
-681
-891
-872
-758
-596
-352
-58
29
108
130
-121
-216
-123
-229
-353
-406
-471
-584
-447
-557
-722
-757
-647
-275
-106
-187
-282
-382
-586
-707
-890
-929
-1040
-1160
-1248
-1267
-1102
-1026
-907
-892
-767
-756
-717
-689
-906
-1022
-976
-768
-481
-292
-187
-225
-248
-240
-438
-483
-616
-495
-382
-199
79
316
406
438
516
617
626
413
224
-87
-307
-437
-730
-605
-276
8
357
533
819
737
799
876
730
344
143
59
-5
-20
58
128
308
441
513
735
788
671
459
510
291
194
-34
-153
-231
-241
-142
-73
21
-36
-102
-257
-396
-355
-420
-484
-248
-155
-47
132
135
119
-111
-276
-362
-474
-516
-431
-457
-162
57
63
110
215
207
227
164
401
403
143
-42
-246
-439
-467
-409
-482
-432
-454
-138
-18
8
-55
-136
-238
-242
-214
-304
-320
-269
-351
-483
-468
-647
-806
-731
-652
-443
-356
-337
-465
-583
-540
-423
-310
-279
-55
-34
49
84
-54
-309
-645
-613
-626
-551
-505
-457
-429
-408
-426
-557
-610
-775
-625
-594
-590
-491
-528
-441
-368
-76
-107
45
197
226
408
647
730
733
643
548
540
461
530
429
413
363
473
325
240
517
616
677
788
764
606
504
276
135
-196
-354
-461
-537
-369
-284
-142
-271
-130
-141
-61
-14
47
42
-95
136
-5
44
296
633
916
993
937
808
976
691
527
539
495
560
654
634
770
829
961
1291
1157
750
701
595
194
-16
-121
-62
194
347
605
973
1199
1354
1481
1474
1351
1239
915
561
189
-95
-84
-238
-356
-439
-470
-537
-451
-252
-73
33
14
-4
224
317
204
211
143
-7
-124
-246
-395
-553
-590
-771
-726
-785
-676
-413
-348
-282
-417
-453
-561
-570
-640
-506
-386
-329
-234
-371
-322
-254
-339
-434
-291
-267
-247
-120
-149
-147
-255
-324
-473
-449
-517
-608
-691
-665
-646
-665
-515
-482
-498
-520
-638
-724
-600
-521
-365
-268
-360
-277
-277
-283
-235
-61
-137
-321
-257
-384
-382
-107
-115
-214
-214
-429
-475
-610
-578
-600
-528
-541
-709
-774
-869
-836
-835
-782
-690
-727
-767
-870
-937
-915
-1010
-932
-931
-829
-745
-550
-449
-424
-360
-466
-539
-563
-476
-421
-267
-218
-393
-383
-464
-597
-691
-626
-521
-508
-421
-426
-592
-610
-598
-650
-563
-582
-565
-624
-598
-478
-396
-263
-175
-272
-131
-19
89
45
-60
-79
-135
-121
-251
-195
-113
-141
-158
-93
53
168
288
173
247
203
-47
0
-7
-75
-130
-110
-29
172
382
493
574
494
419
236
220
-39
-36
44
-9
-6
212
342
194
-12
-155
32
-10
90
84
41
-24
-21
-60
-211
-119
-17
-42
113
75
-306
-521
-735
-637
-775
-1012
-785
-568
-560
-253
-51
-97
-31
-82
-128
-322
-237
-158
-198
-277
-138
-36
17
117
140
365
332
317
222
148
219
437
458
356
225
211
170
14
-75
-143
-108
-174
-64
-179
-181
5
-65
-122
-7
-154
-261
-284
-315
-220
-184
-152
-342
-312
-25
-86
9
-60
-49
257
122
41
-35
-115
-74
75
104
67
189
213
121
-105
-440
-450
-222
-115
192
161
291
639
531
471
270
190
189
321
359
151
81
92
190
224
408
509
627
713
661
602
468
349
348
488
319
197
-12
-144
-49
86
289
461
443
481
544
642
554
500
636
561
468
453
492
416
304
410
479
412
489
559
636
695
708
529
522
645
682
529
676
780
663
572
596
558
489
557
552
635
646
481
433
361
346
383
390
563
567
655
534
523
601
456
471
515
511
670
640
762
693
541
521
461
664
592
707
756
808
853
802
638
466
319
244
44
-157
-213
-247
-220
-125
-102
-91
-25
-8
80
-243
-401
-488
-462
-558
-492
-457
-581
-540
-373
-158
-108
-64
-161
-52
-10
-107
-307
-270
-390
-351
-258
-325
-188
-247
-211
-143
-105
-291
-221
-302
-366
-436
-479
-624
-712
-651
-444
-234
-199
-74
-72
-26
70
77
-121
-141
-194
-160
-181
-149
-246
-108
2
-209
-249
-285
-253
-176
-345
-305
-230
-318
-279
-381
-650
-771
-605
-397
-447
-505
-785
-982
-841
-483
-229
-341
-340
-486
-527
-602
-581
-532
-592
-459
-500
-425
-228
-237
-232
-312
-148
8
2
109
13
21
136
109
-9
-193
-184
-112
-93
-139
-320
-153
-85
-251
-355
-295
-171
-84
-74
-276
-251
-309
-102
-72
-57
-112
-62
-73
-245
-113
11
-38
-127
-237
-228
-143
-98
41
-68
-104
-138
-81
-116
114
209
99
128
131
264
269
227
172
187
224
155
237
61
137
255
498
598
616
652
502
573
452
440
531
565
417
389
490
514
651
615
717
615
732
806
898
792
566
512
426
204
112
125
-49
7
-100
-143
-109
13
-71
-44
98
158
119
44
75
139
227
42
-139
-94
44
30
37
-37
-58
-82
-116
-94
-49
27
6
-106
-215
-294
-299
-373
-533
-541
-444
-473
-477
-501
-551
-487
-523
-441
-312
-432
-559
-447
-498
-693
-540
-649
-600
-638
-533
-347
-391
-355
-437
-531
-550
-498
-459
-417
-409
-273
-233
-61
-1
85
10
-94
12
25
38
-64
-89
-216
-161
-53
-163
-184
-225
-299
-123
-56
165
319
582
612
658
787
622
580
763
695
570
823
779
733
852
586
581
646
640
694
738
781
608
454
420
349
382
481
493
476
577
743
678
735
738
580
715
592
368
365
234
249
233
265
416
648
806
886
619
401
562
517
519
261
320
480
346
804
938
1041
1145
1054
1114
1074
967
921
681
314
95
-22
155
292
464
669
710
964
971
978
1005
767
810
922
839
907
895
772
731
638
695
592
522
485
488
445
302
362
361
552
621
639
739
818
979
908
788
730
637
492
540
372
373
252
199
139
31
-21
-19
-55
-48
-182
-265
-325
-464
-445
-494
-400
-395
-127
-38
-110
-208
-181
-53
-28
88
-196
-105
-15
10
117
114
162
81
39
-33
-85
-152
-167
-171
-245
-356
-256
-209
-315
-454
-521
-214
-96
-23
-106
63
112
142
201
195
44
-66
32
-24
-305
-590
-679
-731
-547
-425
-374
-368
-392
-301
-132
-220
-269
-445
-471
-594
-649
-510
-325
-196
-417
-302
-201
-263
-217
-51
-3
-35
-115
-49
97
171
326
216
176
236
184
190
262
125
135
234
325
257
71
107
-80
-89
47
165
150
219
346
319
28
-62
-141
-347
-432
-565
-597
-468
-496
-568
-561
-584
-482
-271
-17
69
102
83
139
206
316
51
44
28
-12
80
43
-13
-109
-204
-295
-265
-120
-42
-118
-151
-147
-104
-66
-56
-134
-47
-21
-116
-288
-171
-409
-397
-404
-533
-475
-676
-522
-571
-507
-679
-854
-794
-712
-682
-712
-808
-881
-928
-1087
-977
-1039
-1075
-1303
-1410
-1375
-1516
-1538
-1345
-1312
-1297
-1211
-824
-796
-731
-586
-795
-659
-600
-525
-275
-410
-548
-501
-571
-280
-212
-292
-427
-456
-389
-270
-130
-425
-427
-208
-46
-144
-130
-62
-163
-166
-64
38
-153
-115
-68
-33
-188
-199
-290
-354
12
128
28
-35
-5
-134
56
240
139
39
153
206
292
438
464
418
443
515
586
618
441
511
459
554
608
639
733
972
1071
1045
1124
1033
1185
1283
1120
981
930
914
878
828
714
706
742
832
1024
1072
945
1010
1218
1189
1111
1248
1151
941
966
961
709
702
797
643
754
833
815
571
693
883
886
705
663
582
646
807
801
800
799
883
827
900
964
1164
1179
1098
928
1039
1168
1113
1125
1052
925
850
915
965
729
749
684
607
604
391
370
488
361
271
197
91
46
-3
10
-246
-303
-282
-368
-339
-267
-187
-258
-317
-419
-481
-621
-687
-843
-1014
-945
-818
-698
-555
-508
-484
-422
-331
-282
-336
-169
-29
85
70
-53
-24
74
20
-82
-237
-296
-333
-452
-434
-326
-239
-160
-265
-177
-166
-168
-174
-15
-90
-209
-351
-562
-589
-827
-666
-651
-771
-739
-584
-689
-646
-595
-737
-943
-875
-769
-895
-755
-703
-565
-514
-597
-569
-591
-588
-558
-734
-704
-635
-661
-442
-302
-402
-277
-154
-288
-262
-338
-346
-510
-550
-388
-453
-500
-530
-541
-453
-494
-581
-582
-751
-881
-902
-868
-893
-772
-857
-755
-642
-681
-392
-394
-414
-127
-124
-33
138
110
56
-261
-237
-237
-248
-376
-591
-676
-586
-454
-277
-291
-214
9
-25
179
325
475
364
273
177
152
67
31
33
-51
-86
-88
20
4
61
87
17
59
175
126
-66
23
-135
-319
-370
-409
-259
-228
-117
-268
-315
-438
-515
-468
-491
-470
-565
-753
-802
-589
-674
-690
-553
-635
-574
-587
-442
-307
-507
-509
-493
-491
-547
-565
-613
-583
-687
-542
-528
-580
-476
-326
-318
-385
-337
-361
-335
-377
-244
-321
-358
-318
-432
-551
-311
-361
-644
-497
-648
-714
-449
-460
-470
-388
-435
-439
-581
-711
-670
-594
-712
-638
-664
-559
-514
-373
-311
-394
-560
-661
-709
-644
-518
-566
-421
-466
-213
-6
107
25
132
62
13
74
20
-126
-262
-347
-327
-232
37
141
100
147
152
72
68
105
-4
14
-15
48
63
-59
5
105
324
393
418
488
542
524
383
325
203
267
467
516
568
563
427
491
381
231
328
324
318
310
301
293
253
503
659
582
467
559
700
694
960
811
629
610
654
784
795
832
736
568
575
474
319
401
393
228
299
302
231
187
178
253
261
313
471
546
503
340
414
377
315
293
258
236
152
317
266
77
60
-124
-185
-176
-217
-160
-363
-302
-384
-412
-505
-537
-411
-353
-288
-379
-399
-207
-347
-280
-243
-304
-66
-84
-131
-38
-17
-108
-135
-138
-71
62
-5
-16
98
-154
-166
-294
-513
-513
-525
-453
-514
-369
-381
-375
-348
-381
-389
-419
-188
-200
-197
67
50
77
75
183
114
210
146
105
-39
-80
53
-121
-37
-153
-251
-205
-269
-218
-147
-156
-174
-186
-229
-317
-154
-155
-28
-18
58
111
-78
-163
-212
-85
-78
-147
-136
47
81
98
267
333
566
631
865
715
672
692
766
739
660
705
568
628
769
766
720
612
669
604
761
612
367
493
465
446
387
395
488
480
444
555
568
560
396
420
472
452
499
361
495
515
649
722
677
647
649
486
351
509
362
438
518
366
329
290
398
268
288
106
113
68
-120
-94
-269
-134
0
0
0
0
0
0
0
0
0
0
0
0
0
0
0
0
0
0
0
0
0
0
0
0
0
0
0
0
0
0
0
0
0
0
0
0
1
0
0
0
0
-1
0
0
0
0
0
0
0
0
0
0
0
0
0
0
0
0
0
0
0
0
0
0
0
0
0
0
0
0
1
0
0
0
0
0
0
0
0
0
0
0
0
0
0
0
0
0
0
0
0
0
0
0
0
0
1
1
0
0
0
-1
1
1
0
0
0
0
0
0
0
0
0
0
0
1
0
0
0
0
0
0
0
0
0
0
0
0
0
0
0
0
0
0
0
0
0
0
0
0
0
0
0
0
0
0
0
1
0
1
0
0
0
0
0
0
1
0
0
1
-1
0
0
0
0
0
0
0
0
0
0
0
-1
0
-1
0
0
0
0
0
-1
0
0
0
0
0
0
0
0
0
0
0
0
0
0
0
-1
0
0
0
0
0
0
1
0
0
0
0
0
0
0
0
0
0
0
0
0
0
0
1
0
1
0
0
0
0
1
0
0
0
-1
0
0
0
0
0
0
0
0
0
0
0
0
0
0
0
0
0
0
0
0
0
0
0
0
0
0
0
0
0
0
0
0
0
0
0
0
0
0
0
0
0
0
