0
0
0
0
0
0
0
0
0
0
0
0
0
0
0
0
0
0
0
0
0
0
0
0
0
0
0
0
0
0
0
0
0
0
0
0
1
0
0
0
0
-1
0
0
0
0
0
0
0
0
0
0
0
0
0
0
0
0
0
0
0
0
0
0
0
0
0
0
0
0
1
0
0
0
0
0
0
0
0
0
0
0
0
0
0
0
0
0
0
0
0
0
0
0
0
0
1
1
0
0
0
-1
1
1
0
0
0
0
0
0
0
0
0
0
0
1
0
0
0
0
0
0
0
0
0
0
0
0
0
0
0
0
0
0
0
0
0
0
0
0
0
0
0
0
0
0
0
1
0
1
0
0
0
0
0
0
1
0
0
1
-1
0
0
0
0
0
0
0
0
0
0
0
-1
0
-1
0
0
0
0
0
-1
0
0
0
0
0
0
0
0
0
0
0
0
0
0
0
-1
0
0
0
0
0
0
1
0
0
0
0
0
0
0
0
0
0
0
0
0
0
0
1
0
1
0
0
0
0
1
0
0
0
-1
-1
0
0
0
-1
0
-1
0
0
0
0
0
0
0
0
1
0
0
0
0
0
0
412
443
373
262
142
28
-77
-223
-335
-253
-207
-176
-131
-12
119
82
117
24
82
48
-65
-210
-283
-350
-338
-263
-173
-260
-186
-215
-225
-60
-182
-212
-319
-292
-482
-487
-482
-557
-412
-363
-274
-217
-147
-174
63
-163
-271
-263
-445
-447
-571
-582
-764
-863
-1002
-1207
-1234
-1297
-1404
-1306
-1271
-1239
-1335
-1215
-1038
-949
-933
-1023
-1153
-1230
-1353
-1396
-1246
-1184
-1048
-920
-913
-794
-757
-669
-708
-892
-829
-983
-1026
-865
-753
-780
-677
-572
-604
-632
-637
-698
-808
-675
-652
-741
-717
-753
-567
-567
-334
-229
-147
-10
-104
-59
60
23
-141
-120
-108
-31
1
43
197
167
190
223
232
230
198
245
193
101
207
166
254
472
446
577
589
661
719
733
637
569
599
613
658
673
594
602
602
485
486
527
555
628
668
771
867
762
580
415
437
404
476
600
613
718
804
846
832
846
847
767
803
798
1060
1204
1212
1427
1577
1704
1707
1554
1493
1351
1249
1198
1076
1154
1148
1147
1283
1517
1626
1673
1610
1472
1325
1385
1315
1390
1352
1087
985
927
808
677
761
626
558
627
571
501
443
360
306
143
111
207
135
83
41
-66
-111
-210
-279
-426
-327
-192
-100
-139
-65
-244
-327
-296
-508
-637
-620
-793
-775
-821
-971
-1048
-1018
-939
-789
-697
-488
-279
-129
77
183
236
354
403
593
632
561
511
526
549
501
572
628
700
636
626
295
119
-20
30
19
-46
-131
-142
-186
-214
-140
-223
-240
-226
-310
-353
-449
-445
-334
-70
74
61
215
183
60
113
-47
-219
-285
-493
-506
-556
-516
-562
-498
-519
-672
-751
-733
-632
-464
-463
-415
-161
-141
-140
-68
-43
-98
-18
-72
-231
-309
-302
-415
-280
-110
-10
45
124
113
137
176
91
98
-14
8
59
-15
63
26
-16
47
190
372
455
638
685
676
684
578
464
421
257
-38
-83
-162
-92
-99
-143
-195
-359
-333
-297
-91
-18
143
109
117
122
199
322
184
187
144
104
-74
-243
-189
-174
-376
-542
-279
-226
-328
-401
-428
-352
-416
-294
-428
-557
-455
-596
-686
-720
-866
-845
-927
-865
-741
-581
-420
-454
-446
-504
-422
-420
-499
-599
-566
-630
-556
-379
-239
-49
202
172
312
413
201
-11
-228
-342
-194
-100
-25
74
-249
-231
-386
-353
-391
-402
-452
-530
-630
-737
-681
-606
-573
-485
-422
-274
-170
-165
-50
-152
47
-227
-127
-257
-220
-80
-191
-206
-229
-112
-226
-308
-281
-249
-402
-291
-335
-360
-357
-226
-162
-266
-41
53
105
169
257
321
261
290
212
287
380
392
422
380
487
413
481
513
499
444
491
584
521
572
381
473
459
562
440
557
579
437
416
456
570
491
610
606
707
580
785
862
746
708
692
807
757
883
895
906
993
1000
981
1051
1030
1079
1174
1205
1197
1272
1221
1078
890
837
753
866
897
901
997
820
870
797
794
750
746
709
703
689
662
631
588
484
408
411
318
340
455
397
221
153
64
-168
-49
-68
10
145
-89
14
-82
-187
-88
-96
14
120
143
228
248
206
294
363
535
577
557
685
594
650
756
671
568
474
394
428
285
90
-5
-136
-24
95
183
136
149
134
171
208
91
141
10
118
243
284
193
59
-12
-252
-309
-299
-181
-5
55
49
-86
-164
-236
-307
-318
-408
-331
-339
-394
-403
-547
-631
-642
-548
-446
-379
-456
-520
-458
-536
-452
-502
-315
-235
-141
-14
-84
-37
-44
-68
-16
25
40
18
-33
-16
-140
-71
-170
-252
-165
-300
-81
-163
-316
-214
-195
-226
-149
-92
-204
-102
-82
-73
-175
-180
-100
-30
-174
-128
-31
118
156
137
189
184
209
301
253
222
401
414
342
266
417
356
412
569
492
389
349
162
144
220
232
247
299
248
194
186
94
182
250
238
237
132
241
209
85
56
-50
-110
-100
-138
-203
-203
-253
-320
-198
-66
-133
-194
-144
-132
-144
-113
-81
-56
-42
1
203
177
280
187
325
195
161
242
100
68
-7
91
138
171
159
39
-179
-333
-488
-566
-609
-595
-491
-428
-525
-448
-554
-619
-646
-748
-721
-780
-656
-595
-515
-430
-349
-161
-278
-402
-402
-437
-446
-447
-302
-400
-361
-252
-328
-325
-385
-372
-479
-425
-398
-373
-434
-512
-308
-294
-296
-357
-234
-254
-182
-123
-101
-6
-5
-1
25
110
169
185
104
146
105
47
70
50
56
39
231
162
26
59
-4
-211
-148
-97
-210
-109
-147
10
-104
-275
-316
-357
-359
-378
-341
-411
-323
-121
-16
-152
-152
-20
-45
-4
208
187
60
197
13
-111
-35
-134
-94
24
-46
-30
-32
-15
49
119
212
219
212
262
407
308
348
440
441
438
343
381
408
211
272
282
408
584
577
754
728
637
592
657
539
510
536
613
540
446
406
357
144
-20
36
-43
-48
-105
-120
-89
50
103
141
244
148
217
156
128
296
247
363
347
350
266
158
150
8
-40
-175
-101
37
126
209
262
374
417
587
588
420
428
299
264
242
121
19
144
258
342
457
514
477
483
475
571
710
706
729
643
593
466
406
313
230
269
347
365
393
449
479
595
506
524
508
386
372
262
195
68
109
11
3
-70
-14
-114
-39
-17
-2
-82
-121
-205
-147
-158
-225
-153
-154
-52
-72
-55
-97
-112
-260
-247
-183
-292
-422
-362
-263
-357
-398
-489
-473
-536
-566
-543
-557
-514
-317
-254
-352
-350
-468
-335
-561
-432
-454
-524
-552
-601
-435
-372
-214
-138
-121
-152
75
107
110
117
158
173
77
99
91
186
38
-40
8
-30
47
5
81
203
57
15
49
-29
-82
-80
-133
-73
-31
134
196
122
268
304
336
254
255
246
162
315
260
250
270
239
233
-6
-223
-239
-181
-153
-194
-341
-331
-426
-577
-435
-419
-386
-281
-257
-234
-296
-337
-227
-183
-5
-185
-244
-215
-253
-237
-254
-269
-396
-247
-112
-97
-101
-129
-222
-222
-201
-202
-166
-87
-171
-81
-184
-270
-21
226
252
190
98
-134
-272
-317
-489
-413
-465
-336
-261
-263
-66
-81
-60
-28
-35
6
-85
-330
-211
-319
-333
-259
-395
-283
-258
-196
-257
-276
-290
-468
-671
-631
-725
-769
-719
-826
-905
-974
-971
-1042
-1052
-982
-945
-940
-821
-747
-743
-819
-880
-766
-638
-577
-643
-553
-696
-714
-642
-777
-747
-687
-610
-462
-529
-478
-518
-725
-647
-664
-770
-680
-593
-361
-279
-249
-292
-362
-271
-166
13
71
60
18
70
41
-26
76
103
56
75
-67
-231
-378
-395
-350
-414
-313
-271
-298
-231
-183
-215
-158
-113
-91
-76
-122
-271
-249
-406
-392
-425
-493
-422
-309
-285
-430
-403
-477
-418
-353
-239
-278
-349
-398
-317
-293
-142
-57
92
166
120
262
236
67
76
106
252
319
208
168
93
82
92
255
346
314
319
427
312
277
303
184
360
341
408
278
215
237
334
400
492
501
492
509
557
493
501
584
493
533
396
435
405
327
579
548
694
601
468
436
256
331
112
117
-22
-77
7
41
-56
-107
-134
-284
-26
-44
-78
73
31
35
66
252
293
295
277
179
145
254
196
199
187
173
157
55
99
42
57
34
27
-2
-99
-56
-8
-84
-121
-222
-333
-309
-383
-445
-433
-426
-491
-361
-518
-544
-436
-675
-577
-541
-470
-470
-397
-277
-294
-242
-289
-102
-72
-28
-182
-151
-239
-320
-349
-235
-212
-175
-123
-114
-157
-247
-53
-128
-83
-25
-21
-30
23
101
141
125
214
269
199
316
366
389
539
517
547
568
630
611
606
672
608
611
698
796
813
810
853
570
550
384
297
299
188
117
28
-61
-88
-52
-62
-61
-135
-62
-39
-30
-187
-155
-205
-157
121
129
176
175
259
328
486
532
547
626
559
474
398
367
334
247
199
75
-17
-11
9
85
136
254
291
379
482
547
474
409
309
103
29
53
-96
-18
-30
42
240
77
95
49
109
106
191
199
86
91
16
-107
-122
-102
-177
-220
-276
-253
-202
-189
-337
-321
-218
-309
-362
-467
-467
-480
-492
-471
-570
-545
-696
-716
-766
-864
-740
-803
-757
-717
-670
-715
-919
-978
-1005
-1032
-997
-867
-846
-760
-826
-949
-885
-797
-671
-779
-842
-837
-1035
-912
-921
-1067
-1019
-1028
-898
-928
-692
-660
-686
-619
-736
-564
-432
-394
-359
-134
10
213
279
111
84
52
-32
3
-19
178
243
50
19
80
37
118
179
258
311
391
296
441
374
344
396
390
287
163
100
85
160
46
29
160
115
-52
-175
-372
-406
-351
-334
-214
-62
26
104
271
234
125
174
238
286
144
-334
47
450
611
237
151
395
493
290
148
793
1043
899
647
887
1066
809
594
588
534
356
110
211
418
421
249
440
667
555
549
603
905
973
707
858
1000
985
768
672
805
643
462
506
674
559
513
487
715
685
414
439
453
412
255
266
384
432
495
566
653
679
729
729
509
335
384
539
566
425
199
260
229
82
68
92
179
173
161
-100
-101
75
158
-95
-8
2
188
251
22
16
42
83
-126
9
112
114
-51
-92
-3
-240
-209
-136
85
-46
-214
-273
-167
-124
-266
-241
-158
-10
-191
-187
-111
16
13
-97
-237
-137
183
27
203
335
212
131
102
74
91
267
351
509
596
539
482
574
373
325
358
467
506
219
152
261
237
262
299
342
415
558
543
363
551
532
465
416
451
505
430
430
379
381
528
758
888
847
639
508
537
391
381
136
235
289
187
235
240
279
350
449
296
305
394
486
413
276
294
233
229
161
110
186
187
162
289
510
559
513
608
733
600
497
425
494
479
184
211
263
203
63
-142
-62
-20
-255
-309
-263
-267
-323
-398
-359
-315
-247
-153
-203
-303
-300
-380
-405
-533
-718
-432
-97
-23
-438
-535
-333
-536
-856
-948
-742
-793
-1001
-928
-564
-387
-571
-757
-761
-627
-803
-1076
-890
-691
-717
-906
-739
-551
-785
-865
-1060
-997
-903
-864
-632
-469
-259
-196
-347
-406
-259
-269
-222
-228
-269
-51
-157
-250
-84
-89
-81
-308
-365
-242
-372
-457
-524
-429
-497
-594
-543
-401
-516
-649
-532
-677
-796
-782
-631
-429
-316
-280
-244
-128
-176
-301
-342
-421
-397
-315
-252
-115
-346
-359
-251
-194
-410
-588
-457
-451
-381
-490
-461
-610
-442
-376
-378
-117
-307
-487
-462
-389
-373
-347
-469
-405
-208
-249
-308
-325
-191
-132
-146
10
118
91
183
183
208
289
240
378
442
493
449
526
493
513
557
682
615
746
895
598
529
554
576
615
829
750
829
857
898
1113
956
857
674
768
788
655
592
488
548
482
416
517
638
511
404
419
263
210
158
101
175
99
16
78
45
25
-204
-265
-173
-101
-209
-157
45
67
20
-38
-87
-117
-178
-178
-146
-222
-176
-115
16
-47
-45
42
7
-79
-45
55
46
-69
-117
-36
114
-75
-219
-16
-109
-133
-235
-253
-122
-138
-172
-216
-364
-527
-344
-219
-391
-204
-142
-256
-295
-289
-171
-208
-103
-120
167
86
-3
-83
28
32
-217
-173
-209
-238
-252
34
57
71
98
129
83
24
-49
-52
-103
-235
-243
-232
-295
-284
-239
-344
-275
-164
-199
-21
-50
-77
179
163
305
248
319
137
-15
106
115
16
92
154
313
458
407
396
550
512
458
617
577
430
342
335
133
-22
25
66
-3
32
212
293
301
432
580
515
420
389
347
558
609
497
595
527
396
538
569
352
374
487
732
586
589
728
604
414
360
436
460
395
216
314
424
297
148
343
332
230
198
190
77
93
159
136
208
109
66
157
182
279
308
267
244
138
208
172
143
12
-25
-66
-66
-115
-93
-251
-311
-368
-460
-363
-475
-532
-561
-418
-531
-397
-495
-429
-231
-408
-582
-529
-496
-736
-752
-731
-643
-518
-627
-578
-398
-541
-582
-685
-539
-532
-606
-420
-453
-454
-632
-728
-531
-576
-581
-431
-342
-390
-488
-348
-198
-201
-269
-362
-289
-354
-371
-318
-380
-476
-495
-379
-291
-197
-241
-243
-114
-119
-129
76
203
324
393
546
607
572
559
368
433
530
349
271
227
48
-50
-168
-190
-233
-309
-447
-361
-189
-342
-134
37
80
67
107
152
90
124
198
251
195
169
141
-11
-42
-43
-38
-27
-194
-219
-375
-464
-294
-218
-310
-531
-517
-493
-599
-717
-692
-581
-534
-598
-552
-435
-314
-457
-456
-287
-170
-380
-370
-306
-320
-203
-353
-357
-289
-303
-394
-411
-259
-307
-422
-318
-272
-217
-271
-183
-38
32
-100
-260
-282
-437
-431
-389
-319
-401
-507
-407
-472
-563
-404
-291
-362
-307
-297
-276
-228
-220
-172
-187
-49
-289
-282
-2
-115
-214
-107
5
29
53
99
256
346
147
83
145
254
228
91
127
14
-143
-220
-219
-296
-411
-433
-469
-482
-423
-418
-333
-380
-488
-369
-692
-532
-426
-321
-279
-213
20
-192
-211
-103
-46
-138
-138
-32
-68
-72
-105
-92
-3
14
112
33
-52
-59
55
-68
23
-24
-71
-50
-80
-21
-77
34
104
195
476
581
624
669
697
692
583
581
669
633
553
527
450
342
447
351
193
270
215
121
60
133
13
-144
-157
-105
-236
-255
-319
-303
-127
-222
-148
84
59
1
-34
-17
46
-50
-190
-52
-6
-54
-13
12
223
311
174
328
357
381
330
446
393
411
497
510
552
461
441
322
189
181
144
56
71
21
72
242
240
249
315
276
281
102
77
143
144
133
233
372
406
410
199
293
294
93
199
208
199
142
48
-78
-63
-34
-27
2
-59
-101
-21
-130
-276
-280
-245
-153
-124
-93
-63
-2
-68
-89
-116
-74
-108
107
185
416
430
286
332
278
307
355
483
405
414
288
163
71
-88
-119
-71
-323
-301
-313
-257
-344
-522
-295
-396
-452
-385
-463
-218
-207
-354
-323
-357
-165
-88
-236
-292
-290
-302
-274
-317
-338
-338
-288
-169
-256
-171
-101
-35
48
-59
-19
-147
-229
-193
-211
-214
-169
-275
-669
-784
-901
-1007
-899
-893
-764
-619
-681
-605
-639
-757
-745
-534
-510
-559
-673
-634
-544
-488
-498
-520
-510
-551
-479
-403
-532
-637
-581
-373
-426
-457
-421
-526
-520
-512
-411
-426
-291
-301
-319
-333
-520
-377
-252
-319
-324
-260
-153
-152
-222
-274
-163
-91
-12
-88
-102
-80
-260
-295
-256
-136
-76
-76
-115
-88
-138
-109
-85
-177
-81
-33
60
0
2
51
144
278
348
243
275
206
177
304
345
449
533
372
483
452
326
406
315
376
319
389
459
369
153
215
292
209
378
406
441
514
537
614
541
401
399
262
313
284
320
413
415
578
611
639
529
422
546
541
586
679
623
708
581
644
443
435
542
484
567
475
531
519
536
591
594
575
555
356
338
329
247
295
280
242
345
333
315
377
397
255
286
393
448
332
102
253
93
-78
-77
54
25
-115
-118
-301
-136
-180
-254
-103
-244
-201
-324
-383
-129
-306
-301
-333
-347
-241
-233
-192
-198
-214
-108
25
-88
-45
-240
-345
-458
-409
-243
-39
30
124
108
47
46
-82
-58
81
52
51
99
-153
-109
-4
33
73
230
181
183
279
300
294
310
275
117
207
46
8
40
49
167
150
226
354
333
256
295
452
518
403
527
505
456
303
200
163
183
319
273
532
521
490
674
787
829
803
851
993
960
1024
1121
999
976
938
884
881
917
1026
1105
961
909
1060
1035
922
956
850
746
720
718
750
612
547
450
507
401
305
386
448
440
628
847
965
928
712
658
459
384
351
340
458
616
647
652
503
386
227
144
-65
-61
36
113
251
462
583
461
322
284
229
9
-4
-84
-196
-87
-234
-175
-183
-188
-199
-248
-381
-568
-449
-384
-197
-287
-324
-315
-336
-326
-481
-383
-512
-503
-357
-539
-528
-548
-550
-651
-590
-744
-863
-810
-661
-646
-524
-412
-440
-492
-626
-533
-482
-298
-323
-125
-99
-246
-211
-328
-254
-474
-387
-382
-346
-218
-128
-205
-219
-256
-343
-383
-331
-305
-455
-437
-509
-450
-372
-376
-269
-211
-323
-264
-186
-118
-99
-17
22
127
127
144
119
108
70
48
-60
115
234
203
272
233
183
-40
188
393
403
513
433
548
405
395
323
249
372
409
431
437
376
480
472
409
307
145
191
4
48
-97
-164
-70
-66
-16
180
344
292
255
238
59
200
253
203
66
-87
7
0
-67
-31
-36
56
183
249
194
242
240
229
243
179
202
395
305
212
288
175
193
284
313
379
611
674
652
721
691
606
531
403
282
148
92
147
86
-8
13
83
45
-89
-230
-334
-448
-511
-572
-555
-566
-579
-701
-828
-915
-1002
-1086
-1000
-878
-963
-987
-1194
-1141
-1054
-957
-915
-828
-692
-752
-601
-381
-288
-205
-244
-179
-148
-65
6
-203
-311
-316
-424
-352
-231
-118
-34
-158
-284
-357
-327
-271
-183
103
47
69
45
10
48
-131
-186
-43
55
132
261
274
393
289
328
307
301
343
204
373
221
197
305
504
688
618
707
851
759
515
377
245
384
487
498
555
644
561
564
647
786
868
817
1017
922
782
741
750
714
599
613
760
779
778
742
856
889
804
672
730
894
779
780
648
519
589
616
561
681
734
777
672
709
758
785
714
641
466
379
462
450
581
560
573
569
565
513
574
675
873
956
980
963
710
612
631
437
440
516
544
466
378
236
49
-31
-85
-130
-215
-168
-49
-103
-67
-53
-182
-323
-297
-239
-304
-324
-270
-363
-591
-592
-724
-587
-581
-602
-710
-632
-808
-783
-644
-671
-481
-471
-450
-605
-719
-680
-639
-568
-538
-571
-803
-840
-867
-961
-886
-664
-436
-361
-368
-349
-424
-445
-495
-505
-514
-342
-103
-132
-279
-329
-356
-537
-578
-649
-769
-720
-618
-666
-600
-587
-590
-641
-778
-847
-809
-687
-807
-721
-632
-563
-547
-619
-591
-602
-557
-578
-605
-818
-748
-601
-590
-567
-545
-568
-786
-808
-884
-839
-714
-697
-637
-706
-643
-618
-685
-587
-556
-569
-601
-533
-579
-576
-543
-804
-801
-763
-719
-681
-742
-821
-933
-867
-680
-513
-360
-424
-341
-333
-287
-309
-252
-184
-249
-230
-350
-337
-406
-405
-460
-575
-693
-674
-406
-423
-521
-353
-195
-203
-119
8
-38
-13
74
25
14
-17
83
273
132
216
235
213
126
-17
-172
-62
2
41
271
232
145
70
44
16
27
62
93
-110
-289
-368
-352
-392
-395
-370
-216
-256
-343
-316
-443
-596
-564
-445
-480
-413
-656
-785
-715
-912
-1017
-981
-1089
-964
-827
-767
-691
-692
-647
-640
-637
-478
-227
-291
11
-146
-229
-273
-256
-165
-273
-387
-442
-440
-356
-459
-443
-267
-270
-266
-325
-149
-243
-248
-354
-424
-373
-437
-253
-187
-136
-14
-96
-79
-45
-101
-60
-8
-97
-127
-262
-216
-184
-304
-166
-30
-5
192
335
194
250
254
185
220
359
385
341
323
217
175
-10
-63
-125
-73
-67
-52
107
125
157
121
90
92
123
178
149
116
319
352
379
342
259
374
493
466
513
575
648
647
451
567
612
565
518
517
721
779
729
816
757
664
728
641
769
833
856
915
1024
1084
1112
939
757
600
459
601
675
729
691
816
608
695
713
709
773
601
395
115
216
247
130
261
73
24
-18
-128
-127
-176
-88
-212
-14
-161
-50
-11
-91
-13
-237
-234
-442
-519
-516
-605
-643
-657
-678
-663
-686
-699
-370
-275
-181
-14
-47
-142
-209
-265
-380
-382
-306
-512
-688
-754
-732
-775
-745
-749
-673
-652
-835
-696
-728
-871
-1027
-1034
-959
-999
-837
-775
-737
-772
-789
-511
-463
-265
-201
-123
-2
-115
13
-193
-259
-413
-333
-141
-133
-203
-150
-120
-100
-166
-191
-375
-382
-368
-474
-415
-607
-721
-614
-576
-570
-548
-600
-615
-433
-386
-554
-722
-755
-683
-718
-661
-531
-354
-355
-359
-156
-11
-142
-225
-408
-692
-566
-508
-717
-453
-375
-390
-442
-494
-416
-543
-750
-660
-625
-548
-522
-375
-280
-308
-129
-126
-101
-62
53
-63
153
513
475
420
537
928
820
804
871
756
848
853
833
811
805
797
751
763
1029
1119
841
935
1232
1029
1091
1056
875
870
779
860
771
717
631
611
609
372
405
297
654
633
666
875
809
946
633
766
726
719
639
580
604
224
193
105
35
-43
-33
-63
56
56
-114
-99
-56
97
-92
-127
82
41
-149
-147
-206
-396
-306
-535
-620
-637
-825
-792
-910
-1031
-1281
-1487
-1395
-1459
-1501
-1746
-1758
-1832
-1834
-2003
-2155
-2028
-2018
-1909
-1699
-1790
-1839
-2034
-2197
-2233
-2472
-2212
-2255
-2212
-1960
-1680
-1355
-1246
-1209
-1205
-816
-864
-661
-533
-745
-555
-356
-152
-149
169
127
92
214
99
384
291
491
321
385
603
379
805
728
1063
997
1042
1006
747
1276
1108
1130
1103
1280
1208
1067
1371
1026
1221
1296
1279
1294
1240
1474
1586
1758
1697
1822
2115
2117
2154
2118
1655
1729
1919
1858
1934
2248
2178
2428
2438
2277
2198
1986
1816
1606
1588
1388
1609
1681
1512
1703
1941
1690
1520
1289
1099
1116
751
848
352
177
683
-91
-295
80
-487
-331
-1022
-675
-831
-1197
-1055
-1398
-1572
-1158
-1366
-2068
-1623
-2258
-2268
-2497
-2409
-2273
-2678
-1885
-2152
-1866
-1979
-2408
-2244
-2033
-2265
-2542
-1897
-2066
-1504
-1649
-1451
-797
-1406
-1381
-1317
-1272
-1169
-1007
-510
-411
-985
-653
-336
-541
-271
-74
113
-96
-14
58
270
35
298
367
245
700
833
1151
912
1216
1077
1394
1383
1538
1681
1971
2283
2420
2944
2649
3174
3209
3108
2993
2944
3109
2951
3185
3042
3404
3517
3709
3552
3337
3571
3209
3644
3564
3643
3400
3322
3365
3119
3229
2945
2856
3083
2714
1709
1867
2163
2051
1014
1422
1232
776
1098
829
59
166
313
-888
-492
-729
-1039
-1208
-1128
-1614
-1424
-1587
-1789
-2739
-2202
-1940
-3010
-2618
-2889
-2215
-3578
-2549
-2842
-3798
-3128
-3354
-2899
-3974
-3311
-3644
-2852
-3618
-4473
-2794
-3590
-2651
-3414
-3622
-2860
-2219
-2073
-2482
-2177
-2082
-1119
-2225
-1706
-1593
-1413
-869
-1283
-1089
-1094
-786
-1059
-610
-1189
-1030
-853
-231
-789
-457
-77
-454
68
-351
-59
120
293
203
353
579
1096
1226
1273
1831
1949
2496
2692
2488
3074
3121
3274
3512
4070
4447
4772
5035
5129
5079
5351
5347
5092
5112
5650
5373
5400
5066
4963
5067
4614
4891
4160
4249
4154
3897
3030
2958
2833
1781
2303
1702
1500
1676
1352
850
22
636
-444
-167
-561
-1252
-185
-1473
-1668
-2465
-1997
-2306
-2517
-3395
-2222
-3106
-3653
-3105
-3719
-4609
-3865
-4260
-4984
-4409
-4708
-4024
-5160
-4207
-3995
-4406
-3559
-3750
-3639
-3483
-3444
-3840
-3488
-3309
-3661
-3392
-2707
-2707
-3166
-2977
-2256
-2745
-2319
-3011
-2568
-2605
-2969
-2730
-3255
-2615
-2776
-2567
-2918
-3057
-2600
-2935
-2904
-2799
-2365
-2080
-1983
-1727
-2226
-1395
-1332
-1148
-1015
-381
-132
418
638
676
1676
1656
2411
2788
3074
3593
4127
4324
4606
4780
5248
5416
5537
5835
5849
5992
5695
5949
5720
5738
5379
5249
5382
4636
4670
4423
4377
4064
4079
4120
4032
4288
3966
3617
4260
3346
2788
4387
3370
3180
3187
3201
2017
2742
2060
1494
1627
1515
560
23
195
-156
123
-218
-1520
-773
-795
-1766
-1855
-1428
-1562
-2566
-1840
-2137
-3051
-3111
-2743
-3358
-3593
-3403
-3692
-3842
-3007
-4728
-4011
-3596
-4068
-4042
-4409
-3800
-3798
-3729
-4658
-3386
-3504
-2917
-3018
-3099
-2273
-3011
-2773
-3144
-3260
-2888
-2768
-3428
-2709
-2815
-3354
-2868
-2969
-2904
-3542
-2930
-2679
-2749
-2440
-2391
-2346
-1688
-1785
-1780
-1174
-753
-402
-320
492
817
781
1040
2276
2415
3372
3891
4123
4922
5069
5571
5668
5596
5977
6752
6471
6570
6413
6279
6299
5955
5978
6129
6123
6221
6473
5551
5797
5697
4918
5182
5676
4925
4681
5389
3870
3812
4158
2980
4309
3751
3523
3279
2750
2862
2203
2282
2004
1674
1477
1060
797
29
-692
-665
-341
-1411
-1492
-2272
-1829
-1381
-3589
-2764
-2926
-4131
-2569
-2916
-4206
-3714
-3875
-4307
-3687
-4039
-4294
-3742
-3652
-4074
-4365
-3379
-4405
-4691
-3282
-4157
-4403
-3753
-3139
-4123
-4264
-3249
-3730
-3770
-3512
-3335
-4291
-3846
-3299
-3810
-3478
-3949
-3378
-3380
-3523
-3791
-3847
-3494
-3367
-3570
-4237
-3344
-3125
-3615
-3209
-2972
-2975
-2450
-1859
-2092
-1626
-1289
-747
-331
32
546
680
1273
1794
2516
3057
3309
3963
4233
4847
4706
5308
5919
6003
6071
5558
6437
6175
5815
6177
6111
6282
6270
6062
5555
5217
5809
5407
5169
4492
4854
4577
3792
3960
3382
3683
3172
3615
3149
3504
3330
2185
2828
1868
2787
1534
2000
1595
1117
1042
436
1058
-396
-238
-1038
-105
-956
-885
-2307
-1419
-2313
-3448
-2829
-3902
-3042
-4436
-4399
-4679
-4459
-5756
-4878
-5614
-5875
-4053
-6075
-5559
-6275
-5854
-5043
-6668
-5675
-5282
-5970
-5560
-6362
-5924
-6006
-5827
-5668
-5201
-5938
-5420
-5520
-5925
-4930
-6050
-5077
-5195
-5176
-4179
-5283
-5118
-4049
-4331
-4394
-3698
-3502
-3757
-3542
-3408
-2830
-3206
-2220
-2715
-2423
-1168
-1224
-1838
-435
49
568
860
961
2547
2301
3093
3936
4272
5076
5681
5853
6415
6403
6646
7312
7380
7398
7431
7526
7769
6632
6401
7526
6402
6226
6714
5793
4981
5187
5206
4844
4536
4697
5063
3580
4737
4060
3387
4158
3402
3607
3793
4250
2805
3047
2959
2680
1435
2171
2096
1498
1339
-25
989
223
-932
-591
-518
-1446
182
-2127
-1665
-1443
-3371
-1674
-3098
-3239
-2489
-2780
-3655
-3840
-3821
-3953
-3659
-4358
-3689
-4451
-4382
-4345
-5301
-4919
-5243
-5534
-4810
-4989
-5491
-5277
-4982
-5419
-5399
-4385
-4548
-4146
-4142
-4823
-4254
-4330
-3897
-4298
-4326
-3927
-3600
-3408
-3935
-3580
-3595
-2315
-3000
-2864
-2375
-2191
-1948
-1945
-1568
-1281
-930
-918
163
-443
51
293
999
1679
1440
1747
1993
3271
3222
3547
3921
4680
5459
5127
5231
5696
6059
5764
6111
6268
5963
5459
5264
5606
5535
4670
4890
4811
4912
4290
3496
3497
3838
3937
3791
4156
3241
4713
3921
4255
3662
3197
5078
3927
3581
3286
4082
3015
4649
3609
3426
3997
3103
3013
1882
1786
1747
371
230
1161
-1815
-942
-1097
-2430
-3059
-2620
-1142
-3027
-2829
-3494
-4587
-4196
-3798
-5374
-5348
-5766
-5881
-5457
-7494
-6077
-6372
-5492
-6044
-6957
-5577
-5157
-6776
-5816
-5427
-6431
-5218
-5934
-3909
-5567
-5985
-4572
-4472
-5045
-5471
-4804
-5584
-4249
-5165
-5075
-4720
-4887
-4159
-4772
-3879
-4357
-4032
-3484
-2740
-2023
-1703
-1744
-2118
-2074
-2353
-1494
739
1274
1765
2156
1876
2876
3511
4230
4426
4977
5219
4707
5424
6403
6695
7613
7612
7747
6911
6294
6589
6623
7133
7028
6853
6172
5857
5026
3921
4614
3881
4316
4355
3820
3779
3620
3417
2207
3293
3501
3790
3990
3345
2399
3510
3438
2096
2627
3105
2226
2108
2045
667
685
887
1508
-1304
75
-498
-2242
876
-3372
-3311
-2016
-2513
-3466
-2358
-3989
-5907
-4378
-3145
-5569
-6470
-4675
-4243
-4213
-6799
-7069
-5094
-4360
-6532
-5827
-6400
-5364
-4799
-7447
-4903
-6820
-7303
-4800
-6797
-5896
-6459
-5985
-6847
-6578
-4732
-5749
-6231
-6250
-5434
-7342
-5618
-3978
-5511
-4773
-6842
-4382
-4193
-5346
-4290
-4067
-2548
-2967
-3415
-3159
-720
-1071
-1653
-1108
-378
738
1066
2657
3170
3562
4891
5570
6051
6928
6977
8179
8446
8149
8585
8348
8674
8001
7674
7347
7247
8550
8778
7375
5887
5983
5509
6263
5866
4889
5766
4530
5368
4405
3262
4484
5197
5366
4279
4464
3390
5273
5858
3598
4866
3084
5693
5856
2648
2884
2305
2992
2620
3001
811
1919
1250
-226
-603
-579
20
-1041
-794
-1978
-3908
-1788
104
-2887
-3591
-5377
-1997
-2748
-4725
-4806
-5685
-2723
-5602
-7423
-6642
-3497
-5043
-7195
-7283
-6664
-3465
-5709
-6546
-5802
-5857
-4608
-5233
-6144
-6562
-6258
-4958
-5917
-6942
-7543
-7416
-6510
-4786
-6783
-9475
-6327
-5419
-6038
-7139
-6571
-4472
-5997
-4066
-4863
-4396
-1158
-714
-1965
-1815
521
1255
2929
4072
5015
5087
5425
7156
8188
9182
9052
8672
10238
9240
9124
10436
9492
9640
8795
8803
8270
8110
9015
7500
6053
5841
6665
6739
6173
5722
3871
4564
4572
5235
4579
2882
4189
4119
4360
3949
3936
3990
3083
3631
3319
3172
4100
4106
2334
1876
2897
2424
4552
2490
944
3375
765
2663
12
1070
3002
-468
1106
-1105
-1438
-650
-1626
-1709
-2894
-2111
-2696
-2936
-5342
-3974
-3486
-5188
-5671
-4334
-3079
-8146
-5969
-6089
-7531
-5948
-6014
-6282
-6765
-6773
-7702
-8031
-6845
-6212
-8204
-6191
-8189
-9167
-7585
-8338
-8099
-8780
-8903
-9516
-8750
-8902
-7915
-7433
-6408
-7040
-7804
-5596
-5630
-4010
-3655
-3855
-3627
-1494
1039
1428
2216
2917
4517
4919
6579
7316
9532
10358
9888
9751
10227
10878
11004
11747
10671
10357
10348
10675
9848
9324
8191
6927
7231
6509
5813
6824
4810
3741
2608
3167
4434
3333
3480
1925
2834
2910
3380
4078
4638
4127
3535
3422
2818
4663
4575
4451
4681
3997
4533
4112
3481
4101
2931
3712
3549
3764
4286
1836
673
487
161
1549
1957
-156
-2002
-2831
-4220
-3001
-2665
-2320
-3918
-5556
-4843
-7169
-7404
-6429
-5403
-8005
-8097
-8780
-9582
-7652
-8688
-9191
-10276
-8983
-9441
-10280
-9614
-9852
-10741
-10819
-11042
-11737
-10718
-11681
-11774
-12768
-13250
-13539
-11692
-10645
-11608
-11586
-12940
-11008
-10668
-7647
-7789
-7078
-6853
-7843
-4196
-2270
1258
2014
3156
3509
4303
6019
8512
11097
12591
12394
12402
12488
13376
13655
13970
14886
13993
14760
12740
12322
10844
9417
8368
7942
7908
6545
6437
4825
3270
3189
3033
3422
2084
2718
3209
1790
1831
894
2249
3080
3267
4005
3363
4214
3156
3709
4113
4805
5335
5149
5234
6365
6644
5136
4143
6667
6593
5991
6634
5157
5554
3384
3833
3628
3860
3193
3157
1854
-784
-1084
-2348
-384
-2154
-3133
-4273
-4594
-4752
-5579
-7883
-7330
-5871
-8820
-7796
-8765
-9978
-9439
-10741
-9748
-10336
-11423
-9426
-11743
-12230
-11682
-12694
-11760
-10459
-13396
-13834
-14351
-13096
-13216
-13392
-10973
-12160
-12406
-13494
-12869
-10928
-8390
-8345
-7071
-6591
-6857
-3693
-1751
1494
3043
4766
5904
6055
8556
10578
12706
13528
14407
14221
15076
15962
15799
16125
15639
14975
15308
14583
13702
12047
10360
9710
8583
8191
7449
5945
4544
3736
1759
1693
1647
2701
2078
163
-694
-634
163
975
870
1219
1811
543
2820
4051
4031
4452
5330
6204
6848
6414
6787
7321
7713
7932
8432
9543
8778
8053
7520
7499
7306
7255
7256
5672
4816
4030
2980
2104
174
948
441
-1457
-1737
-5226
-6399
-5393
-7198
-5787
-6411
-9492
-9867
-11096
-10313
-10313
-10673
-10831
-12571
-12233
-13045
-12711
-11869
-12198
-14100
-13987
-13701
-14998
-14247
-15427
-15811
-14960
-15559
-15068
-14362
-13357
-14518
-15305
-13537
-11796
-9584
-9429
-9102
-8720
-6654
-4215
-842
2896
4258
4528
4918
7453
10316
13091
16124
16526
15931
15934
16368
17509
18872
19632
18717
17263
16852
15582
13309
12031
10966
9714
9141
7590
7063
5465
1963
1395
794
847
115
-1083
-1324
-2061
-3054
-3438
-2530
-1419
-1727
-1624
-1173
-857
-83
1026
1433
3127
3834
4318
6322
6862
7509
6650
6266
8991
10305
10101
10533
11008
9437
8414
9063
10063
10328
9293
7672
5204
4214
4041
2023
1794
308
-1523
-2933
-6028
-5043
-6757
-8384
-9353
-10011
-10660
-12003
-13182
-14564
-13970
-13869
-13577
-13893
-16173
-16660
-16573
-14730
-14464
-16142
-16502
-17784
-18115
-17652
-16910
-17481
-18686
-16975
-16087
-16276
-15700
-17303
-16737
-15321
-11915
-10508
-10328
-9315
-9486
-8428
-4251
1485
3953
5182
5167
6190
8900
11264
16074
18267
18783
17892
16754
18262
18791
20003
19047
18794
18828
16470
14630
12748
11247
9707
8357
7463
7058
5365
1765
387
-1430
-1729
-1641
-2672
-2315
-4026
-5878
-6644
-6068
-4578
-3506
-3641
-3758
-3507
-2837
-1927
-1104
1146
3615
3642
4349
5319
6395
8077
9144
11069
11921
12076
12562
13520
14325
14222
13608
14402
14543
12986
11565
10965
9644
7752
5522
5151
4048
1454
-716
-2755
-5240
-5817
-6309
-6818
-9485
-12597
-13610
-14450
-14248
-13537
-14622
-16028
-17596
-18740
-17288
-16608
-15487
-15921
-17628
-18285
-17391
-17230
-17326
-16618
-17576
-17299
-18716
-16444
-16052
-14882
-15722
-17309
-13878
-12402
-9772
-10384
-9977
-9362
-8138
-4624
1320
5444
5745
5680
5751
8325
12738
16900
20221
20459
19413
18204
18699
21179
22039
22917
21023
19521
18488
16757
15270
13251
11963
9210
7199
5889
5261
3688
-231
-1785
-3090
-3004
-3490
-4861
-5569
-7142
-7622
-7622
-6692
-5278
-5375
-5945
-5801
-3643
-2246
-1388
-1048
-3
2317
4366
6210
7380
8097
9048
10248
12844
15415
15400
15086
14942
16969
18089
18387
18741
17242
15353
14499
14801
13613
12161
9452
7629
5255
2850
1804
-1397
-3444
-5774
-7542
-8537
-11079
-12558
-14952
-16668
-16515
-16525
-16579
-17761
-19211
-20896
-20517
-19386
-18845
-19026
-19649
-20308
-20896
-19483
-18954
-19659
-20445
-20266
-19927
-17597
-16213
-15268
-17363
-17407
-15051
-12617
-9138
-9005
-7397
-7526
-5648
-1773
4931
8298
8390
9058
9908
13648
17001
21915
23869
22959
22165
21634
23019
24875
25266
23977
21966
20188
18596
16866
15481
13285
10450
7787
5988
4668
3619
-237
-2351
-3382
-4670
-5295
-7187
-7506
-9000
-10196
-10453
-9133
-7869
-7984
-8375
-7945
-6516
-5747
-3940
-2155
-816
673
2436
4845
7192
7962
9234
10295
13030
15638
17371
18099
17715
17785
18036
19882
21458
21710
19656
18197
16915
15881
15044
13393
12430
8773
5511
3255
109
-2317
-4592
-6606
-9197
-11839
-14075
-16919
-18772
-18767
-19676
-20818
-22148
-22996
-24524
-25306
-25162
-23565
-23242
-23895
-24193
-24884
-24376
-23423
-22117
-21686
-22245
-22519
-22132
-19255
-17011
-15164
-17938
-17808
-14318
-10622
-6713
-7298
-6708
-7079
-4784
1560
8833
11625
10927
10467
12023
16642
21076
25997
27631
24584
22203
21779
25309
26805
25967
24313
20457
18412
17395
15775
13481
10343
7753
5084
3013
1565
233
-3675
-5834
-7114
-7981
-8800
-10751
-10856
-12752
-13811
-13098
-11665
-10660
-11019
-11454
-10880
-9328
-6958
-4122
-2873
-2653
-951
966
4411
8050
9642
10854
10315
13135
16719
19176
20439
19916
19568
19969
21809
24424
24238
21754
20285
18840
17675
17701
16346
14260
9992
6333
5013
2127
-424
-3450
-5908
-8692
-12349
-14572
-15551
-18245
-19694
-21240
-22757
-23014
-24620
-25575
-26669
-25854
-24370
-24916
-25259
-25508
-25754
-25531
-24256
-23249
-22346
-23499
-22882
-22700
-19311
-16310
-14372
-16575
-18887
-14475
-10545
-4484
-4737
-4450
-4754
-3698
2857
10306
15368
14083
13553
14745
18845
23039
28026
31826
28408
25586
24880
27512
29615
28873
27448
23331
20369
19334
17114
15601
11513
8247
5082
2735
1311
-862
-4192
-7187
-7881
-9640
-9838
-11974
-12293
-13827
-15583
-14112
-12441
-11790
-11655
-12306
-11129
-10033
-6845
-3748
-2389
-1766
-1119
1286
4141
8228
10285
12022
12573
14830
16971
19298
21878
23221
23011
22208
23239
24390
25837
25618
23762
21180
19386
19333
18571
16226
12380
8527
4840
2316
217
-2315
-5809
-9862
-13252
-16470
-18152
-19478
-20654
-23186
-24719
-26089
-26696
-27787
-28149
-27522
-26931
-27190
-27517
-27578
-26992
-26978
-25323
-23584
-23142
-24125
-23869
-23073
-20370
-15378
-14253
-13537
-19355
-15607
-9732
-4823
-1935
-3694
-2014
-2512
1526
10163
17220
17909
15539
16609
21230
25277
27660
31776
31412
27426
26716
27676
31755
30044
27069
24722
20329
19907
17325
15922
12567
7639
4792
2524
1322
-1006
-3375
-8253
-8980
-10086
-10561
-11396
-13786
-14123
-16172
-15013
-12880
-12385
-11871
-12779
-11375
-9511
-7897
-5122
-2765
-1238
-1396
1075
4059
7468
8580
10036
13171
14336
16950
18477
21039
22591
22533
23439
24166
24235
24370
24489
24526
23028
20240
19472
18265
16318
13691
10492
6933
3447
440
-890
-3934
-8135
-11932
-15452
-17769
-18340
-19001
-20944
-24736
-26854
-27443
-28376
-27025
-26007
-26236
-27980
-28818
-27526
-25989
-25691
-24573
-23385
-23636
-24389
-22892
-21147
-20215
-18431
-14567
-12534
-13737
-17367
-13711
-7734
-4058
-1928
-3517
-2241
-2131
1459
10386
16242
16455
13907
16224
20399
23344
26117
30961
30945
26896
25604
26835
29930
26865
24197
22772
19338
17664
15010
12834
8476
3669
1623
-440
-2006
-4634
-7746
-10971
-12197
-12940
-12809
-14458
-16477
-16631
-18229
-16312
-14176
-13583
-12717
-13983
-11725
-9350
-6917
-3827
-3094
-1637
-505
3264
6432
8913
9876
11340
14121
16143
19535
20422
22018
22317
22300
24477
25205
26579
25091
24164
23463
22650
21820
20060
18695
15663
12915
9642
7043
4227
826
-1510
-5066
-9344
-13968
-17085
-17369
-18659
-19339
-22022
-25338
-28029
-29239
-27649
-27130
-26133
-26225
-27938
-28705
-27026
-24583
-23004
-22290
-22293
-22708
-22349
-19845
-17572
-16824
-17110
-15922
-12434
-11924
-9860
-12353
-10949
-6690
-3362
95
-3189
-2152
-717
2975
8874
13976
16392
14327
15461
18048
22983
24943
28782
31380
27230
25581
23562
28306
27065
24046
22790
18406
17828
14044
12368
8972
4227
1881
-1010
-2570
-5245
-6556
-10329
-11382
-12552
-13934
-15061
-16956
-15099
-15210
-14457
-13148
-12995
-12358
-12286
-8615
-5206
-3658
-1906
-1105
1374
3508
7232
9779
11301
11659
14366
17858
19819
21463
21385
22015
22432
23414
25816
26473
25899
23739
22261
21633
21080
19455
18241
16060
12278
8536
5293
3936
704
-2122
-4824
-9262
-14082
-18243
-19119
-19477
-20198
-22183
-25657
-29396
-30872
-29221
-27585
-26067
-26592
-27376
-28193
-27776
-24717
-22406
-21601
-22112
-21606
-19558
-17913
-15858
-15258
-15682
-15107
-14325
-9528
-7401
-5244
-9710
-11469
-6078
-2021
2495
-565
1399
1754
1771
7838
14753
19402
16243
16982
20463
23504
24311
27903
32240
27857
25017
23959
28071
26415
22187
21862
18290
16797
13407
12163
9040
2867
348
-2026
-3040
-5424
-6882
-9946
-11569
-13252
-15038
-14533
-14823
-12387
-13541
-13043
-11654
-11801
-10072
-8300
-4345
-2181
-1227
2107
2750
4405
5663
10857
13885
14489
14604
16490
18473
19203
22679
23642
23784
22038
22885
24859
24344
23883
22031
21113
19032
18054
17296
14609
10859
7099
4886
2019
572
-2676
-6570
-11404
-15326
-17039
-19464
-20579
-21558
-22729
-24993
-28076
-29247
-28314
-26713
-26134
-26170
-25631
-24768
-24066
-22622
-20033
-18262
-18144
-17775
-15622
-13651
-12472
-11904
-11898
-12954
-12729
-11435
-9551
-6274
-6255
-6723
-12201
-10865
-5103
-2023
-687
-3467
-1963
-3168
-587
6962
13057
13382
10928
13277
16979
19678
21440
25713
25823
21674
21275
23042
25187
22259
18963
17695
14404
14167
12085
9732
5642
338
-1650
-4241
-4949
-5870
-7684
-10718
-12740
-15093
-15220
-14372
-13384
-12112
-12855
-12216
-10850
-10161
-7050
-4958
-2253
-90
586
5607
6261
8252
8955
11590
15836
16884
18984
18693
19004
18995
21270
24101
24987
23278
21337
21808
21188
20016
19170
18951
17168
12584
10660
8994
5925
2538
55
-1363
-4886
-8297
-11177
-14936
-17632
-19263
-20434
-21308
-22641
-23939
-25797
-26558
-24423
-23977
-24446
-24482
-22505
-20805
-19471
-17803
-16158
-15751
-15608
-13633
-11307
-9725
-8845
-8436
-8371
-9852
-10438
-9390
-8749
-7856
-6218
-6963
-8007
-12307
-11622
-6854
-5353
-3253
-5450
-5439
-5087
-3336
3046
7667
9441
9977
11263
14162
16364
17768
21141
23947
23386
23349
22675
23846
21629
18106
17768
16116
17380
15091
11019
6462
646
-1650
-3357
-3487
-3584
-5679
-9508
-12827
-14926
-14872
-13598
-12828
-10491
-10587
-10603
-10271
-10035
-6433
-4348
-832
2252
3240
6303
6815
8973
10359
12037
16377
17492
18847
18247
18340
18627
20308
22905
23110
20997
18529
20103
19000
17324
16602
15324
13331
8837
8748
6790
2960
-201
-2808
-4699
-9218
-10481
-11452
-15059
-19174
-21222
-21513
-22674
-22663
-21654
-22166
-23832
-23991
-22497
-21097
-18824
-16937
-15024
-13755
-12544
-10721
-9765
-8251
-6509
-5678
-4122
-3437
-3698
-4175
-5698
-5936
-7082
-7516
-8088
-9988
-8853
-8863
-9102
-13413
-14868
-12101
-10341
-8724
-9721
-8189
-8628
-7510
-1730
3927
7114
7340
9773
13053
15018
18110
22228
25212
23925
24200
24702
25103
23487
21473
21474
19049
19005
15918
12155
7583
2740
1882
-883
-1370
-2625
-4984
-8133
-11722
-12641
-12650
-11601
-10184
-8176
-8378
-8779
-8089
-6727
-2968
-1369
2064
3913
5576
7789
10005
13053
12835
13635
15452
19459
21146
21097
20394
19603
19446
19678
22261
22449
19783
17589
16115
15995
13056
11130
9708
6503
3537
1347
182
-3378
-7626
-10300
-12073
-13752
-14994
-16434
-19826
-22060
-23152
-21721
-21783
-21827
-20911
-21155
-19751
-18034
-16363
-15326
-14514
-10949
-7784
-5741
-4750
-5243
-5067
-4675
-2809
-961
-907
-1144
-3599
-5588
-8307
-10181
-11433
-11795
-12501
-12902
-14822
-16347
-19819
-22751
-19969
-16933
-13734
-15551
-16137
-14920
-12902
-8427
-2023
3080
5878
7519
11038
15177
16966
20541
24398
26825
27839
27463
27939
26791
23533
21850
20391
21412
19969
15314
9989
4284
1665
-1163
-1945
-2398
-4780
-8539
-10975
-11694
-12050
-13115
-12170
-9695
-9137
-8720
-6782
-5170
-3776
-3154
-389
3758
6284
9289
10176
12345
13331
14650
15189
17430
20166
20430
20405
19088
19966
18013
17504
17193
16868
15122
13380
13333
10677
6902
2600
975
849
-914
-3141
-7294
-10501
-13742
-15310
-15332
-15716
-16955
-20416
-20898
-20455
-18964
-19424
-18675
-17152
-15474
-13381
-11282
-8740
-8254
-7502
-4515
-1349
835
771
348
538
981
1822
2582
1486
-1386
-4722
-6638
-7034
-9959
-12306
-15424
-17577
-21777
-22496
-21495
-20720
-24285
-28795
-27753
-26537
-22108
-21073
-18501
-18108
-17731
-12362
-5237
2153
5853
8519
11347
14671
19301
24642
29847
31484
30444
29463
29699
31357
30491
29281
25380
22835
20392
18485
15897
10213
5563
486
-1539
-2346
-3174
-5332
-8639
-11695
-13012
-12961
-11992
-11009
-10631
-9971
-8303
-7071
-5112
-3832
-2063
357
2298
6092
9423
11622
11371
10950
12719
14059
15523
17055
18598
18271
15973
15158
14324
13414
12807
12532
11491
8981
6835
4706
2105
-608
-2880
-4187
-5668
-6860
-9566
-11758
-13575
-14945
-15763
-16728
-15533
-15370
-15134
-15203
-13679
-12334
-10982
-9803
-7798
-5351
-3241
-668
920
1801
2564
3187
4426
4344
4637
4827
4437
4032
1445
-1095
-4875
-5927
-7580
-9608
-11702
-14683
-18406
-22683
-24227
-25286
-26883
-26986
-25761
-26639
-28382
-27586
-24160
-22032
-20870
-18174
-14449
-10749
-5319
1491
5862
7622
9512
14216
19351
23486
26579
28650
28889
28307
28898
29802
29799
28141
24840
22516
21278
20348
17683
13941
10427
5975
3044
1366
1587
-148
-2147
-3319
-3619
-4248
-4561
-3676
-3514
-3204
-1648
799
2320
3436
4608
5258
6362
7879
8453
8833
8192
9207
8911
8459
8451
6452
4552
2317
2211
766
-1007
-1597
-2906
-5088
-7497
-7915
-8218
-9312
-9655
-9877
-9599
-9652
-7953
-6397
-6208
-5382
-4301
-1528
-250
1898
4172
5653
7309
8150
9627
10488
11488
12548
12465
12639
12198
12766
11442
10003
8568
7462
6366
4313
3125
1557
-378
-2428
-4159
-5769
-7964
-10779
-12060
-13434
-14128
-15235
-15412
-16479
-17930
-18968
-18820
-17821
-17941
-17238
-17038
-16476
-15981
-14445
-12975
-12122
-10965
-9527
-8443
-7267
-5894
-4056
-3117
-2311
-1238
-1035
-493
-152
509
603
627
864
1098
1655
2562
3231
3621
3574
4479
5229
6926
8136
9041
9405
9586
10078
10826
11903
11624
12417
12989
14413
14736
13584
12880
11532
11388
12114
12974
12831
10727
9457
8515
7328
7021
6991
5957
4162
2932
3281
2662
930
-129
-1411
-2380
-3234
-3030
-2810
-4317
-5195
-5529
-5578
-5782
-5808
-4482
-3797
-3297
-2467
-483
1190
1634
2114
3127
4685
4937
6482
7931
9166
9253
8590
8664
7575
6772
6701
6374
6076
4552
3389
1909
80
-1199
-3616
-5262
-7314
-7938
-8748
-10167
-11442
-13046
-14826
-16756
-17191
-17420
-17896
-18821
-19155
-19012
-19736
-19944
-19007
-18255
-17696
-17113
-15268
-13722
-12842
-12067
-10779
-9076
-7736
-5857
-4208
-2839
-2037
-1509
-202
1282
2013
2316
2397
2770
3054
3739
4646
5723
6147
6713
7187
7445
7541
8222
9291
10045
10833
11148
11778
11908
12483
13139
12947
12833
13290
13843
13176
12163
11668
11263
10581
9901
8898
7454
5489
4348
3671
2910
2031
1146
-198
-2045
-3280
-4020
-4338
-4841
-4657
-4558
-5579
-6892
-7319
-6676
-6145
-5285
-4854
-4742
-4805
-3924
-2381
-640
1164
2104
3368
4674
5710
7440
9185
10998
11952
11760
12046
12206
12409
12202
12140
11801
10732
9876
9685
9238
7781
5988
3671
1369
-883
-1866
-3271
-5118
-7430
-9899
-12046
-13845
-15270
-16332
-17971
-20199
-21500
-22580
-22778
-23742
-24108
-23876
-23492
-22895
-21923
-20326
-17743
-15887
-14187
-12369
-10253
-7706
-5938
-4291
-3360
-2303
-1231
282
1329
2090
2078
2317
2805
3770
4319
4340
4281
4403
4248
4638
5567
6740
7964
8055
9302
9933
11206
12279
13237
14222
15277
16836
18081
18486
18401
18640
18361
18381
18742
18941
17840
15765
14548
13230
11486
10026
8484
6934
4499
2394
706
-1284
-2240
-3200
-4650
-6561
-7508
-7910
-8531
-9214
-9724
-9789
-9622
-8156
-6556
-5482
-4584
-3649
-1912
-450
1360
3635
5530
7443
9258
11040
12561
13840
15068
15569
15716
16135
16482
16924
17223
16832
14716
12464
10692
9221
6882
4086
1833
-209
-2261
-4457
-6398
-9030
-12730
-15303
-17499
-19564
-21017
-21824
-21763
-22308
-22735
-23560
-24357
-24858
-24518
-23020
-21647
-19153
-17576
-16523
-15224
-14113
-12837
-12345
-11078
-10030
-9441
-8944
-7916
-7100
-7905
-7959
-8201
-8502
-9520
-9628
-7875
-6359
-4329
-3515
-1849
-1936
-618
1256
2999
5315
7206
10834
14405
18535
22391
24193
25403
25619
26859
28526
29951
31671
31189
30195
28059
26198
23755
20933
17346
12989
9384
5870
3384
49
-3600
-7672
-11866
-14709
-17127
-17988
-19265
-19645
-19681
-19929
-19135
-18485
-16610
-15192
-13138
-10351
-7626
-4277
-1257
2946
6232
9069
12329
14856
17486
18859
21252
22903
24009
24207
24800
26027
25605
24420
22007
19794
17439
15046
13154
11023
9197
6852
4461
1323
-2214
-5528
-8786
-11057
-12762
-13681
-14515
-15024
-15530
-16732
-17901
-18520
-18499
-18154
-17487
-16378
-15609
-14685
-13991
-13240
-12948
-13068
-12845
-12279
-11378
-10713
-10322
-10530
-11132
-12912
-14356
-14913
-15425
-16400
-18074
-19086
-20164
-21418
-22026
-22817
-22150
-21954
-19839
-17684
-15637
-13506
-10705
-6510
-4006
-726
2449
6688
10850
15261
20810
24883
27479
29002
29833
31296
31675
32537
31646
30098
27590
25279
23779
21173
17384
12681
8361
3981
96
-3864
-7407
-10848
-14227
-17020
-18731
-20092
-20611
-20794
-19459
-18493
-16796
-15178
-13399
-10943
-8476
-4511
-780
3123
6847
10608
14257
17009
19456
20690
22173
23253
24524
25617
26416
27169
26091
23740
21193
18577
16303
13745
10909
7940
4034
1231
-1339
-2742
-4540
-6690
-8878
-11406
-13476
-14548
-15017
-14897
-15434
-15200
-14592
-13572
-12192
-11251
-10579
-10244
-10084
-8927
-6923
-5101
-4228
-4672
-5370
-6122
-6960
-7296
-7283
-7849
-9376
-11069
-12412
-14010
-16117
-18321
-19509
-21183
-22578
-23384
-23547
-24648
-25442
-25824
-24510
-22798
-19901
-17140
-14687
-11469
-7579
-1864
2243
6564
9465
12786
16037
19660
23961
27190
29422
30814
31241
32287
32321
32030
29796
26975
23886
20964
18593
15704
12312
7613
3196
-565
-4093
-7555
-11266
-14690
-17919
-20295
-20730
-20118
-18880
-17778
-16335
-14758
-12881
-10629
-7498
-4356
-462
3315
7131
10463
13603
16734
19709
22056
24208
24778
24909
24134
23822
23330
22516
21769
19826
17512
14194
11156
7526
3865
292
-3010
-6155
-8813
-10466
-11417
-12183
-13284
-14118
-14790
-15267
-14764
-14405
-13724
-13307
-12181
-10454
-8037
-5455
-3487
-2555
-2733
-2615
-2132
-1460
-469
-98
-331
-1684
-2873
-4224
-5758
-7332
-9254
-10760
-12847
-14659
-16664
-18686
-20554
-21986
-23078
-23916
-24554
-24586
-25150
-24659
-23067
-20177
-16844
-14378
-10834
-7249
-2113
2425
6898
10423
12918
15815
19249
23378
27293
29620
31311
31768
32398
32185
31731
29582
25748
21329
17108
14050
10666
6857
2385
-1967
-5574
-8823
-11456
-14520
-17926
-20850
-22875
-23042
-22656
-20946
-18727
-15665
-12289
-8583
-5013
-2012
553
3378
6747
10771
14785
18649
22153
25317
27486
28832
28761
27885
25978
23895
22145
20199
18371
16011
13627
10565
7111
3555
-81
-3363
-7046
-10514
-13254
-14995
-15740
-15546
-14661
-13945
-13113
-12367
-11048
-10035
-8836
-7607
-6290
-4636
-2523
-117
1832
3489
3864
3773
3393
2435
1339
-146
-1135
-2463
-4083
-5744
-7569
-9657
-12267
-14373
-16598
-18639
-21135
-23050
-24710
-25741
-26500
-27105
-27303
-27330
-26527
-25282
-22565
-19773
-16374
-13800
-10780
-6736
-1783
3651
8177
12015
14718
17346
20808
24381
27901
29192
29926
30099
30569
31174
29807
27390
22468
17747
12932
9089
4963
-210
-5333
-10180
-13006
-14890
-16394
-18047
-20517
-22197
-23841
-23442
-22449
-20470
-17667
-14238
-9371
-4270
1069
5452
8612
11593
14081
17047
19894
23039
26120
28561
30080
30811
30848
29487
27326
24233
20866
16967
13567
10622
7546
4335
807
-2259
-4982
-7333
-9541
-12110
-14261
-15912
-16021
-15344
-14018
-12437
-10787
-8674
-6201
-3190
-632
1496
2548
3148
3826
4513
5370
5750
5814
5412
4588
2978
1092
-1041
-3144
-5628
-8370
-11101
-13615
-15712
-17596
-18823
-20067
-21166
-22348
-23368
-24196
-24745
-24936
-25188
-25057
-24519
-23018
-21437
-18561
-14948
-10777
-7460
-4725
-1089
3088
7972
11370
14245
16059
17650
20124
22939
26321
27895
28147
28205
28119
28114
25224
22032
17017
12460
7841
4076
817
-3714
-8079
-12265
-14611
-16055
-17688
-18623
-20236
-20569
-21019
-19764
-17828
-15259
-12152
-8722
-4176
300
5055
9201
12873
16102
18453
20735
22276
23823
25151
26101
27009
27205
27171
25705
23452
20096
16411
12858
9427
6108
2735
-416
-3004
-5123
-6408
-7462
-8625
-10029
-10782
-11076
-10746
-9993
-8676
-6929
-4902
-2411
50
2393
4365
5801
7082
7529
7228
6408
5203
4213
3048
1958
234
-2236
-4802
-6944
-8522
-10315
-12351
-14618
-16930
-19174
-20449
-20903
-21243
-21940
-22377
-22017
-21334
-20405
-19848
-19629
-20063
-20557
-20014
-18695
-16433
-13417
-9761
-6407
-3872
-226
3782
8093
10220
11716
12752
13699
15524
17751
20609
22076
22419
23449
23902
24296
22054
19454
15543
11035
6818
2251
-1102
-5349
-8773
-11573
-13065
-13058
-13794
-14067
-15291
-15380
-15268
-14430
-12605
-10933
-8178
-5215
-776
4036
8485
12179
14866
17750
19990
21640
22379
22724
23089
22962
23196
23066
22871
21657
20086
18057
15367
12332
8572
5173
2008
-714
-3333
-5152
-5763
-5841
-5890
-5976
-5738
-5866
-5641
-5042
-4020
-3227
-2283
-698
1027
2632
3812
5341
6436
6776
6207
4727
2958
707
-1366
-3652
-5783
-7831
-9929
-11533
-12558
-13041
-14047
-14915
-16033
-17242
-18416
-19424
-19641
-20259
-20188
-19798
-18666
-17334
-16322
-15476
-15589
-16010
-16034
-15817
-14618
-12924
-10144
-7707
-5044
-1132
3023
7053
8756
10336
11335
12656
13787
14843
16453
16992
17998
19383
20756
21354
19567
17562
13711
9596
4618
-149
-4282
-8698
-12075
-14598
-15012
-14922
-14951
-14923
-14782
-13718
-13219
-12153
-11544
-10325
-8361
-5116
-561
3731
7802
11390
15057
18394
20901
22413
22510
22612
22054
21354
20524
19755
19190
18103
17213
15783
14067
11573
9028
6505
3738
1131
-1256
-2951
-4574
-5431
-5740
-5307
-4514
-3550
-2588
-1551
-467
401
1143
1252
1364
1546
2024
2688
3254
3756
3342
2633
1389
-78
-1913
-4169
-6421
-9007
-11438
-13113
-14009
-14627
-15054
-14978
-14698
-14686
-14942
-15595
-16421
-17288
-17916
-18186
-18018
-17416
-16864
-16333
-15824
-15215
-14680
-13318
-11386
-8995
-7298
-5199
-2113
1685
4941
6835
9465
11820
14388
15820
17250
18872
19127
19636
20240
21069
20154
17947
16037
12859
9371
4534
477
-4467
-9596
-13428
-16206
-16499
-17404
-17421
-17270
-16056
-14184
-13336
-11439
-10282
-8170
-5927
-2812
1192
4621
8601
11612
15174
18257
20683
22327
22376
22718
21984
21648
20439
19051
17425
15524
14436
12669
11080
8694
6796
4917
3222
1602
-361
-1547
-2884
-3732
-4239
-4233
-3639
-2682
-1504
-219
764
2147
3150
4163
4805
5256
5299
4750
4485
3786
2846
1440
196
-1215
-2686
-3866
-5311
-7056
-9469
-11510
-13282
-14573
-15237
-15762
-16150
-16502
-16378
-15942
-16001
-16042
-16308
-16526
-16816
-17006
-16931
-17075
-16322
-15311
-13844
-11958
-9530
-6994
-5349
-1860
2253
6434
8558
10166
12740
14473
16283
17333
19269
19865
19444
20030
20382
20682
18171
16124
13128
9133
4376
-1286
-5410
-10858
-15116
-18652
-19789
-19960
-20575
-19516
-18174
-15534
-13863
-11469
-8953
-7009
-4380
-1988
2015
5397
9168
12679
15882
19487
21923
24094
24513
24376
23181
21694
20293
18137
16670
14529
12917
10742
8878
7037
5075
4193
2651
1328
-637
-1315
-2345
-3314
-4028
-4192
-3714
-2902
-948
650
2143
3422
4710
5573
6338
6626
6448
5833
5170
4397
3585
2642
1413
-58
-1712
-3442
-4839
-6479
-8303
-10229
-11772
-13337
-14863
-15991
-17151
-17756
-17978
-17281
-17090
-17062
-16912
-16675
-16303
-16318
-16174
-16809
-17146
-17110
-16316
-13742
-10879
-7255
-5628
-2447
1922
6215
9113
9633
12201
14041
15998
16786
17768
19014
18437
19165
19506
19815
17800
14811
12721
8898
5243
-840
-5974
-11526
-16603
-20256
-23116
-23451
-24316
-23399
-21587
-18593
-15974
-14197
-11437
-9612
-6429
-3738
-77
3326
6395
10075
13319
17496
20305
22576
23685
23987
23703
22360
21101
18282
15203
12466
10385
8491
6302
5306
4490
3780
2544
1270
826
-134
-1355
-3021
-3880
-4107
-4299
-3429
-2134
-211
1366
3291
5254
6498
7210
7093
6768
5661
4672
3666
2299
1453
441
-490
-1472
-2473
-3149
-4552
-6137
-8103
-10225
-12540
-14767
-16107
-17468
-18266
-18823
-18279
-17415
-16906
-16340
-16478
-15886
-15926
-15752
-15898
-15769
-15866
-14860
-11914
-9238
-6230
-4417
388
5024
10021
12587
14886
17410
19020
20453
20433
21298
20683
19470
19636
19780
19674
16645
14507
11250
7094
2142
-3833
-9105
-15600
-20128
-24260
-25859
-27043
-27723
-26155
-23441
-19275
-16399
-12943
-10236
-7558
-4117
-1395
1891
3983
7398
10352
14146
18085
20740
22629
23077
23757
22986
21762
19419
15673
12524
9730
7777
4658
3371
2531
2273
1744
1600
2123
1150
800
-506
-236
-714
-976
-1335
-533
1336
3001
5207
6820
8722
9950
10635
10639
9528
8078
5145
2545
335
-1288
-3013
-4659
-5090
-5565
-5732
-6609
-7789
-9832
-12482
-15292
-17830
-19400
-20849
-22363
-22826
-22168
-20678
-19585
-18335
-16976
-16106
-15544
-15906
-15452
-15649
-14508
-12750
-9778
-7093
-4299
1270
6421
11462
14107
17588
20360
22173
23325
23647
24116
23330
22604
22370
21838
20829
17863
15823
12850
9745
4609
-1355
-6843
-12974
-18254
-23211
-25370
-26987
-27778
-27497
-25134
-20993
-17540
-14109
-11061
-6758
-3136
-283
2186
4471
7239
9121
12015
14834
17630
19145
19690
20562
20773
20189
17290
14429
11993
9385
6356
3023
1434
46
-704
-872
-474
473
120
-21
-683
-82
79
-407
-240
1102
3348
4928
7003
9247
11001
12427
12735
12707
11976
10967
8835
6086
4358
2356
368
-1755
-2753
-3581
-4532
-5672
-6911
-8127
-10181
-13136
-15941
-18011
-19705
-22042
-23427
-23381
-22715
-22142
-21884
-20602
-19099
-17847
-17195
-17074
-16119
-14640
-12918
-11258
-8997
-4059
1189
6510
9618
13804
18354
21444
22909
23807
25479
24848
23636
23653
24089
22774
19122
17225
15371
12690
7545
2135
-2232
-7479
-12773
-18250
-21458
-24266
-25902
-26246
-24729
-21904
-19193
-16105
-12863
-8391
-4106
-833
1977
4586
7558
9229
11101
12722
14616
15612
15750
16261
16725
16471
14076
11870
10431
8475
5438
1988
604
-565
-2182
-3972
-4439
-3305
-2853
-2475
-2284
-1098
-561
-98
547
1904
3234
4210
5881
8083
10612
11880
12368
12632
12760
11984
9913
7827
5492
3538
938
-978
-2337
-3435
-4606
-6288
-6891
-7851
-9599
-12288
-14164
-15497
-17764
-20042
-22042
-22491
-22791
-22645
-22465
-21717
-20765
-20120
-19251
-17993
-15386
-13442
-11777
-10974
-7321
-2785
1411
3844
6601
11516
15480
18217
19672
21741
22918
22636
22497
22187
21606
19060
16540
15007
12790
9728
4548
1371
-2407
-6114
-10681
-14300
-16324
-18314
-18864
-18942
-17411
-15632
-13857
-11102
-7305
-2989
-382
1831
4386
7649
9859
10704
11909
13122
13901
13168
13055
13153
12121
9964
7666
6322
4454
1825
-909
-2553
-3480
-4669
-6173
-6822
-6307
-5988
-5747
-5435
-4070
-2841
-1856
-676
1264
3160
4259
5446
7435
9653
10354
10572
11160
11546
11247
9944
8574
6927
4994
2698
602
-1089
-3173
-5165
-6979
-8107
-9070
-10227
-11209
-12281
-13139
-14073
-14825
-15709
-16148
-16357
-17101
-17662
-17936
-17914
-17819
-17425
-15414
-13238
-10975
-9414
-7020
-3004
449
2501
3876
7412
10568
12270
12998
14835
16626
16719
16803
17175
17657
16324
14237
13093
11575
8766
4328
1061
-1818
-5279
-8693
-11396
-12188
-12785
-12473
-11908
-10356
-8189
-6576
-4625
-2323
712
2598
4213
6188
8358
10524
11603
12899
13670
14652
14731
13550
12402
11260
9217
6395
3974
2199
-152
-2988
-5047
-6063
-6796
-7815
-8387
-8128
-7141
-6833
-6589
-5605
-3918
-2626
-1656
-53
2050
3939
5492
7163
9194
10635
11107
11357
12114
12486
11268
9542
8151
6431
3874
1488
-773
-2601
-4655
-6810
-8504
-9485
-10016
-11292
-12431
-12806
-12831
-13484
-14151
-13819
-13608
-13676
-13841
-13113
-12350
-12237
-11393
-9752
-7414
-6369
-5136
-1887
1472
4210
5435
8216
11033
13017
13672
14527
15492
14975
14044
13026
12815
11500
9487
7954
6118
4421
1234
-1702
-4825
-7559
-9773
-12073
-13136
-13764
-12610
-11922
-10158
-7399
-3886
-838
1294
4989
8089
10990
12679
14442
16283
16799
17449
17172
17526
16515
15131
14052
13130
11302
7873
4849
1855
-1039
-4494
-7716
-10587
-12991
-14498
-15570
-15547
-14644
-13847
-12654
-10994
-8300
-6024
-4451
-2844
-761
1453
3430
5280
7238
9356
10984
12140
13024
13178
12522
10638
8980
6914
4444
1257
-1963
-4183
-6166
-8154
-10350
-11794
-12556
-13182
-14002
-14528
-14586
-15082
-15500
-15219
-14427
-13710
-13515
-12780
-10881
-8017
-6017
-4369
-2163
1433
4254
6549
8118
10192
12073
13081
13981
14794
15640
15405
14853
14717
14395
12726
9528
7129
4696
1718
-2380
-6065
-8836
-12021
-14710
-16775
-17193
-17094
-16697
-15549
-13538
-10531
-7829
-5653
-3236
199
4055
7257
10328
13403
16982
19556
21751
23349
24729
24705
23516
22131
20350
17305
13334
9215
5421
1599
-2797
-6556
-9649
-11703
-13694
-15428
-16431
-16808
-16991
-17289
-16755
-15572
-14408
-13120
-10949
-7531
-4068
-490
2612
6017
9052
11617
13422
14222
14513
13765
12667
11052
9205
6917
4093
1466
-843
-3007
-5752
-8172
-10221
-12043
-13794
-15233
-16205
-17049
-17197
-16967
-16484
-15906
-14710
-13133
-10749
-8586
-6117
-3930
-1007
2052
4788
7376
9529
11968
13763
15192
16012
16712
16849
16528
15740
14798
13566
11169
8870
6537
3846
228
-3561
-6405
-9823
-13409
-16696
-18305
-19129
-19813
-20011
-18723
-16361
-14242
-11644
-8671
-5003
-2034
1048
4676
8101
11161
13188
15963
18502
20976
22292
23064
23594
23891
23390
21835
19617
16323
13067
9193
5435
1221
-2954
-6918
-10429
-12893
-14927
-16634
-18292
-19042
-18700
-18111
-17313
-16294
-13929
-11294
-8405
-5595
-2252
1211
3883
6263
8367
10424
11520
12086
12232
12230
11635
10328
8777
7130
5200
2702
3
-2539
-5091
-7757
-10492
-12462
-14260
-15747
-17135
-17893
-17545
-17208
-16305
-14937
-12211
-9459
-6775
-3446
363
4234
6961
9627
12388
14659
15982
17095
18099
18490
18042
17399
16809
15606
13859
11853
9243
6418
2873
-208
-3797
-7264
-10553
-13347
-15581
-17343
-17897
-17916
-17373
-16459
-14546
-12427
-9965
-7601
-4674
-1305
1748
4272
6829
9806
12350
14559
16110
17882
19069
19720
19359
19021
18353
17126
15070
12651
10588
8279
5995
3441
1074
-1436
-3957
-6134
-8038
-9831
-11546
-13007
-13779
-14248
-14303
-13889
-13051
-11623
-9816
-7898
-6019
-4003
-1892
89
1636
2996
4257
5390
5995
6261
6428
6364
6005
5501
4893
3835
2891
1625
671
-689
-2143
-3677
-5479
-6703
-8075
-8909
-9745
-10009
-10015
-9880
-8878
-7491
-5644
-3985
-1725
642
2948
4898
6965
8712
10140
11370
12670
13639
13841
13542
13116
12177
10444
8014
5606
3054
127
-2662
-5297
-7225
-8913
-9826
-10288
-10279
-9717
-8748
-8031
-7169
-5924
-4689
-3825
-3324
-2366
-1203
-300
479
1336
2716
4007
4811
5598
6377
7094
7160
6979
6735
6170
5242
4158
3447
3070
2717
1920
1367
1246
1424
1098
350
-74
-580
-1411
-2591
-3330
-3832
-4537
-5292
-5682
-5711
-5613
-5828
-5898
-5893
-5898
-6233
-6631
-6493
-6442
-6223
-5918
-5196
-3909
-2560
-1306
-36
1377
2454
3107
3669
4068
4260
3886
4123
4464
4924
5130
5636
6525
7334
7863
7936
7936
7249
6208
4656
3002
1428
-226
-1455
-2350
-2975
-3317
-3239
-2619
-2127
-1655
-1607
-1322
-1589
-1946
-2412
-2491
-2389
-2263
-1791
-1075
25
1473
2649
3636
4354
5032
5422
5078
4689
4240
3551
2463
1679
1145
538
-472
-1385
-2278
-3065
-4207
-5793
-7579
-8764
-9811
-10903
-11581
-11771
-11172
-10320
-9093
-7750
-5975
-4018
-2358
-809
612
1844
2400
2965
3485
4021
4276
4211
4170
4146
3721
2898
1819
580
-948
-2911
-4709
-6481
-8129
-9613
-10653
-11281
-11448
-11339
-10771
-9676
-8059
-6322
-4577
-2680
-426
1969
4357
6860
9400
11815
13972
16088
17717
18873
19473
19586
19414
18676
17281
15398
13543
11491
9052
6262
3688
1342
-1254
-3816
-6196
-8150
-9897
-11372
-12879
-13723
-13664
-13151
-11997
-10368
-8275
-6209
-4045
-1327
1539
3985
5635
7200
8779
10002
10593
10688
10963
10940
10414
9491
8484
7274
5726
3499
1338
-731
-3079
-5618
-7668
-9230
-10614
-12172
-13433
-14044
-14153
-14378
-14580
-13970
-13243
-12331
-11331
-9937
-8318
-6736
-5107
-3571
-1794
54
1512
2322
3153
4272
4774
4289
3566
3239
2767
1724
477
-501
-1468
-2826
-4010
-4377
-4799
-5550
-6328
-5971
-5015
-4217
-3271
-2090
-26
1890
3741
5634
7764
9679
11290
12580
13887
15035
15580
15924
16059
16284
15917
15166
14287
13357
12112
10577
8834
7332
5739
4124
2662
1240
-60
-1197
-2253
-3083
-3811
-4443
-4832
-5001
-4775
-4613
-4095
-3625
-2993
-2088
-1198
-408
135
640
1172
1436
1582
1708
1655
1209
438
-42
-364
-1120
-2386
-3666
-4341
-5024
-5794
-6645
-7109
-7659
-8029
-7938
-7557
-7381
-7540
-7479
-7283
-6933
-6877
-6936
-6904
-6559
-6289
-6055
-5793
-5523
-5298
-5111
-4942
-4775
-4926
-5119
-5367
-5349
-5135
-5154
-5024
-4641
-3738
-2891
-2060
-1180
-190
1137
2181
2945
3788
4524
5170
5678
6394
7010
7106
7161
7247
7741
7734
7467
7133
7033
6856
6568
6157
5712
5473
5344
5260
5007
4908
4888
4986
5132
5430
5677
5863
5884
6232
6779
7354
7514
7676
7914
8029
8063
7769
7388
6850
5855
4953
4000
2942
1587
36
-1169
-2211
-3385
-4681
-5707
-6629
-7321
-8063
-8742
-9343
-9740
-10040
-10417
-10642
-10536
-10394
-10260
-10007
-9541
-8904
-8343
-7718
-6933
-5872
-5258
-4673
-4061
-3463
-2880
-2692
-2436
-2539
-2749
-3062
-3376
-3727
-4184
-4657
-5197
-5439
-5593
-5565
-5637
-5307
-4889
-4587
-4087
-3674
-2966
-2370
-1861
-1199
-419
458
1295
2223
3384
4355
5323
6089
7053
7805
8206
8357
8364
8259
7749
7165
6443
5828
5080
4361
3719
3195
2769
2071
1365
786
490
65
-151
-276
-24
384
791
1408
2250
3236
4119
5000
5706
6338
6648
6867
7069
7063
6951
6677
6407
6225
5777
5259
4671
3968
3068
2054
992
-296
-1896
-3489
-5060
-6630
-8041
-9292
-9976
-10396
-10707
-10828
-10689
-10451
-10136
-9824
-9474
-9116
-8703
-8043
-7460
-6875
-6306
-5647
-4943
-4153
-3341
-2570
-1778
-1133
-577
-23
298
205
127
-83
-160
-422
-657
-866
-988
-1015
-1030
-855
-790
-667
-638
-462
-245
-29
100
225
663
971
1377
1682
2240
2875
3557
4233
4532
5028
5235
5426
5282
5031
5004
4869
4482
4005
3756
3622
3399
3019
2577
2198
1649
915
203
-216
-911
-1381
-1711
-1851
-1585
-1354
-867
-275
538
1347
2057
2614
3154
3397
3570
3646
3697
3763
3725
3608
3394
3287
3150
2750
2253
1635
939
183
-642
-1392
-2255
-2961
-3302
-3776
-4162
-4285
-4273
-4171
-4185
-4209
-4025
-4161
-4194
-4024
-3828
-3862
-3818
-3552
-3180
-2788
-2504
-2000
-1596
-1220
-942
-606
-312
-302
-308
-304
-290
-582
-750
-643
-499
-460
-354
134
249
383
363
524
598
460
373
179
257
373
600
944
1266
1693
2208
2788
3243
3612
3724
3703
3550
3231
2976
2434
2021
1714
1552
1392
1144
1066
977
846
663
338
-35
-389
-844
-1295
-1589
-1714
-1912
-2133
-2144
-1969
-1707
-1597
-1495
-1327
-1381
-1490
-1634
-1604
-1563
-1589
-1562
-1340
-916
-586
-65
351
716
1208
1565
1924
2202
2309
2386
2400
2405
2370
2131
1783
1523
1441
1239
1033
741
571
318
147
-29
-341
-487
-610
-632
-828
-732
-564
-409
-29
395
887
1262
1705
1815
1953
1824
1541
1381
917
644
266
-41
-69
-181
-297
-295
-160
-17
-22
-162
-260
-372
-565
-753
-987
-1091
-1063
-755
-455
-144
402
912
1444
1999
2421
2720
2848
2922
2888
2739
2345
1880
1409
937
496
10
-437
-1010
-1605
-2050
-2552
-3355
-4222
-4972
-5576
-6157
-6705
-6991
-7039
-6850
-6500
-6123
-5632
-5205
-4628
-3966
-3488
-3020
-2635
-2080
-1610
-1187
-663
-109
439
967
1386
1806
2320
2655
2808
3045
3218
3100
3038
2990
2826
2650
2433
2316
2138
1831
1586
1412
1279
1085
863
681
633
654
694
942
1302
1831
2455
2921
3593
4190
4521
4769
4858
4937
4842
4565
4401
4091
3743
3391
3147
2674
2002
1191
378
-454
-1456
-2410
-3287
-3959
-4532
-4940
-5231
-5357
-5235
-4973
-4701
-4322
-4026
-3491
-2926
-2456
-1940
-1265
-604
-361
0
285
486
592
468
314
-121
-710
-1379
-2172
-3125
-4117
-4930
-5671
-6449
-6849
-7286
-7580
-7541
-7534
-7267
-6985
-6593
-6027
-5428
-4850
-4220
-3390
-2634
-1898
-1138
-171
697
1352
2121
2881
3499
3841
4056
4330
4424
4388
4277
4113
3922
3758
3621
3339
3104
2876
2690
2413
2207
1924
1662
1512
1412
1438
1480
1585
1724
2069
2356
2705
3078
3434
3899
4311
4833
5277
5593
5990
6367
6799
7200
7555
7685
7647
7473
7082
6568
5787
5004
4040
3122
2311
1378
564
-96
-936
-1772
-2462
-3145
-3776
-4519
-5009
-5521
-5853
-6107
-6104
-5902
-5465
-4891
-4114
-3281
-2515
-1875
-1405
-989
-766
-753
-899
-970
-1083
-1290
-1555
-1843
-2125
-2271
-2690
-3198
-3488
-3847
-4277
-4818
-5268
-5381
-5523
-5563
-5362
-4918
-4390
-3967
-3347
-2616
-1688
-955
-366
257
1027
1564
2155
2798
3491
4036
4360
4750
5057
5321
5293
5096
5078
4896
4619
4046
3656
3230
2796
2490
2329
2146
1928
1761
1665
1546
1384
1288
1201
1023
1064
1234
1389
1688
1907
2426
2960
3345
3618
3947
4136
4162
4154
4151
4302
4489
4499
4695
4710
4668
4763
4579
4387
3954
3421
2840
2201
1256
334
-492
-1168
-1927
-2671
-3259
-3831
-4216
-4578
-4860
-5034
-5217
-5432
-5555
-5571
-5369
-5306
-5078
-4704
-4251
-3800
-3419
-2804
-2393
-1982
-1731
-1586
-1452
-1390
-1311
-1289
-1300
-1395
-1291
-1289
-1122
-1028
-1081
-1076
-1247
-1392
-1603
-1868
-2082
-2425
-2401
-2353
-2281
-1810
-1475
-1024
-677
-90
490
780
998
1344
1500
1643
2014
2432
2750
2976
3283
3614
3931
4128
4313
4447
4494
4358
4033
3772
3378
2685
2114
1574
1215
734
196
-289
-890
-1225
-1560
-1759
-1980
-2123
-2196
-2353
-2367
-2078
-1639
-1050
-408
359
938
1784
2527
3100
3746
4075
4457
4619
4742
4663
4362
3980
3698
3390
2994
2483
1896
1294
487
-446
-1503
-2440
-3308
-4113
-4816
-5496
-6085
-6458
-6719
-6896
-6820
-6734
-6476
-6051
-5602
-5088
-4476
-3865
-3083
-2368
-1664
-965
-238
418
932
1437
1790
2136
2277
2352
2341
2181
1842
1507
1111
653
88
-381
-953
-1372
-1798
-2260
-2514
-2710
-2807
-3003
-3024
-3010
-2888
-2678
-2379
-1903
-1353
-595
28
732
1428
1988
2523
2956
3490
3811
4037
4105
4073
3885
3509
3053
2404
1792
1071
236
-588
-1243
-1773
-2351
-2983
-3537
-3960
-4230
-4543
-4584
-4429
-4122
-3702
-3110
-2397
-1513
-497
388
1456
2404
3411
4338
5099
5742
6314
6835
7061
7320
7235
6979
6717
6157
5474
4854
4095
3253
2317
1369
429
-505
-1492
-2366
-3094
-3727
-4328
-4715
-4893
-4791
-4507
-4200
-3535
-2882
-2202
-1529
-797
-199
451
1096
1726
2355
2894
3257
3512
3811
3858
3971
3830
3612
3158
2589
1955
1233
438
-374
-1036
-1611
-1986
-2388
-2649
-2757
-2842
-2816
-2864
-2825
-2679
-2502
-2295
-2026
-1791
-1568
-1183
-871
-367
134
431
798
1034
1271
1315
1253
1232
978
742
500
156
-157
-433
-778
-1138
-1405
-1657
-1978
-2372
-2768
-3089
-3164
-3182
-3193
-3146
-2894
-2551
-2195
-1668
-1182
-626
-25
585
1094
1733
2279
2814
3353
3838
4237
4619
4937
5100
5083
4947
4827
4523
4178
3789
3367
2909
2570
2338
2060
1906
1717
1549
1253
867
713
505
368
279
192
169
264
344
500
682
776
950
971
1112
1304
1256
1176
1174
1026
947
817
613
439
169
-89
-396
-772
-1025
-1373
-1699
-2007
-2225
-2330
-2345
-2419
-2339
-2085
-1955
-1803
-1629
-1515
-1310
-1271
-1172
-1212
-1141
-1076
-1145
-1113
-1131
-1006
-1057
-1009
-996
-946
-908
-1032
-1026
-1190
-1218
-1283
-1351
-1282
-1397
-1204
-1129
-871
-725
-626
-453
-346
-188
-81
-1
-75
-4
123
219
340
497
522
643
721
981
1072
1041
1084
1059
1093
1088
1309
1482
1746
2023
2176
2629
2800
3008
3244
3473
3734
3765
3797
3585
3549
3515
3543
3476
3384
3489
3386
3322
3170
2886
2672
2278
1864
1381
774
323
-72
-462
-794
-1086
-1455
-1760
-1792
-1892
-2102
-2380
-2580
-2686
-2893
-3013
-3246
-3482
-3513
-3686
-3813
-3902
-3954
-4055
-4105
-3994
-3738
-3657
-3541
-3416
-3250
-3007
-3008
-2923
-2961
-2920
-3021
-3097
-3022
-2937
-2779
-2795
-2760
-2693
-2641
-2583
-2633
-2655
-2685
-2727
-2614
-2495
-2284
-2140
-1940
-1668
-1454
-1042
-768
-545
-98
198
381
533
780
843
875
995
1020
1290
1492
1558
1648
1738
1743
1719
1861
1799
1758
1757
1671
1753
1727
1877
2091
2199
2398
2419
2530
2912
3013
3170
3328
3480
3602
3530
3593
3461
3338
3306
3001
2796
2659
2438
2147
1893
1644
1428
1137
895
628
435
287
-40
-153
-265
-369
-577
-804
-1022
-1268
-1584
-1951
-2253
-2467
-2792
-3054
-3285
-3423
-3553
-3578
-3641
-3808
-3774
-3965
-3857
-3879
-3886
-3774
-3691
-3371
-3142
-2785
-2580
-2297
-1942
-1797
-1680
-1497
-1383
-1240
-1128
-1219
-1195
-1191
-1100
-1163
-1148
-1138
-1118
-1134
-1095
-1027
-1024
-923
-958
-729
-635
-300
-178
126
434
656
969
1104
1349
1511
1682
1781
1999
2092
2265
2446
2601
2695
2820
3006
3126
3261
3206
3102
3027
2702
2541
2372
2215
2148
1833
1669
1434
1208
1223
1062
990
923
774
654
512
472
351
225
139
265
405
448
606
773
951
1088
1327
1253
1272
1176
867
736
600
531
409
134
21
-171
-506
-822
-1313
-1652
-1937
-2249
-2590
-2851
-3086
-3297
-3506
-3479
-3537
-3417
-3230
-3077
-2935
-2706
-2504
-2131
-1727
-1502
-1150
-844
-348
-28
101
357
642
900
1030
950
1043
1082
971
804
684
574
529
416
254
178
112
1
-196
-380
-467
-584
-592
-414
-165
-47
163
395
773
1254
1702
2136
2472
2817
2927
2781
2555
2280
2212
2276
2485
2655
2863
2854
2774
2839
2924
2836
2647
2199
1688
1253
776
539
270
260
113
-78
-457
-823
-1054
-982
-796
-681
-473
-396
-432
-549
-626
-767
-959
-1111
-967
-809
-739
-670
-543
-590
-751
-804
-810
-700
-652
-805
-1049
-1051
-1105
-1147
-1084
-1177
-1340
-1731
-2080
-2342
-2450
-2492
-2630
-2674
-2712
-2680
-2615
-2413
-2162
-2110
-2133
-2196
-2216
-2208
-2044
-1679
-1286
-878
-600
-264
132
199
264
272
264
292
234
329
284
181
14
-81
-226
-306
-232
-194
-155
-267
-396
-627
-838
-1083
-1326
-1395
-1443
-1329
-1135
-891
-541
-263
66
227
406
689
1007
1242
1360
1560
1648
1775
1762
1703
1638
1482
1278
1246
1214
959
773
688
438
197
93
1
-50
-173
-323
-442
-572
-611
-749
-813
-864
-839
-719
-821
-887
-733
-659
-625
-421
-303
-55
131
396
666
798
978
1120
1288
1344
1414
1413
1270
1214
1079
860
752
557
334
147
-183
-406
-597
-615
-657
-678
-586
-627
-615
-568
-590
-507
-456
-523
-443
-448
-328
-49
104
173
356
490
610
782
794
829
872
923
833
840
703
464
331
147
-14
-138
-388
-608
-830
-1103
-1267
-1453
-1569
-1589
-1616
-1645
-1577
-1434
-1352
-1132
-994
-948
-806
-654
-551
-437
-290
-126
-52
-102
-29
6
135
166
185
193
72
125
-52
-260
-405
-564
-641
-789
-857
-820
-904
-822
-798
-783
-732
-553
-360
-200
96
458
690
786
992
1160
1226
1237
1344
1414
1564
1627
1823
1920
1969
2006
2039
2107
1975
1784
1625
1554
1165
966
686
637
493
367
254
223
276
367
441
414
385
319
231
266
201
49
91
137
212
267
216
314
326
320
276
233
111
-56
-204
-308
-395
-616
-654
-811
-985
-1042
-1075
-1151
-1149
-1140
-1121
-1088
-1073
-1000
-1020
-1024
-994
-894
-973
-921
-849
-760
-669
-455
-326
-181
3
0
86
138
181
193
192
258
421
347
266
222
200
140
233
337
388
527
666
756
851
917
1000
1074
1220
1277
1369
1545
1636
1831
2052
2245
2384
2600
2595
2733
2795
2757
2687
2641
2551
2464
2318
2198
2103
2014
1990
1892
1916
1724
1615
1270
955
738
462
2
-253
-445
-737
-836
-853
-704
-587
-445
-201
62
205
193
111
9
-227
-510
-772
-920
-832
-692
-616
-552
-617
-726
-790
-899
-1118
-1294
-1466
-1830
-2066
-2091
-2215
-2158
-2153
-2135
-2172
-2258
-2136
-2163
-2165
-1948
-1780
-1577
-1402
-1410
-1473
-1587
-1626
-1775
-1705
-1525
-1252
-1086
-1030
-973
-985
-817
-761
-728
-624
-387
-159
83
360
682
791
886
861
828
807
789
903
974
1108
1189
1329
1463
1464
1534
1670
1740
1923
2024
2224
2446
2564
2681
2669
2632
2725
2749
2851
2891
2905
2929
2715
2494
2307
2024
1666
1456
1143
837
573
434
387
307
372
174
-29
-277
-485
-723
-1113
-1112
-1095
-1100
-1024
-890
-990
-935
-1003
-971
-962
-832
-799
-835
-793
-866
-971
-1225
-1439
-1849
-2129
-2326
-2583
-2627
-2684
-2744
-2821
-2739
-2609
-2573
-2441
-2291
-2311
-2231
-2166
-2079
-1916
-1794
-1753
-1637
-1588
-1645
-1650
-1667
-1621
-1526
-1483
-1451
-1217
-1052
-768
-563
-417
-234
-206
-161
-56
29
82
87
119
269
385
542
593
617
566
528
633
682
654
764
1009
1165
1355
1609
1810
1923
2236
2231
2375
2395
2207
2161
1974
1934
1937
1998
2001
1867
1703
1656
1557
1490
1628
1636
1701
1693
1425
1044
634
189
-187
-536
-695
-700
-762
-851
-1019
-1062
-1191
-1317
-1330
-1245
-1171
-1066
-947
-757
-642
-687
-846
-944
-1007
-1182
-1331
-1499
-1692
-1625
-1701
-1849
-1842
-1838
-1664
-1638
-1444
-1224
-955
-812
-678
-623
-750
-720
-723
-725
-841
-1019
-1101
-1214
-1232
-1247
-1204
-1067
-930
-781
-728
-706
-743
-514
-331
-241
-85
227
340
492
718
646
749
979
1118
1257
1448
1614
1600
1698
1835
1830
2107
2085
2383
2671
2672
2824
2757
2801
2661
2552
2431
2187
2036
1905
1848
1694
1691
1681
1582
1758
1766
1692
1764
1733
1731
1636
1604
1491
1473
1461
1403
1307
1316
1279
1096
906
798
659
419
209
38
-87
-424
-541
-657
-881
-1117
-1276
-1390
-1518
-1613
-1723
-1626
-1571
-1695
-1691
-1535
-1487
-1275
-1079
-898
-493
-334
-4
307
525
730
725
639
687
642
562
513
340
163
-54
-121
-205
-356
-443
-677
-840
-1002
-1085
-1092
-1145
-1254
-1178
-1051
-1071
-1092
-1001
-877
-811
-636
-471
-249
-31
183
332
523
688
901
1129
1186
1300
1299
1273
1211
1048
1023
984
800
758
626
409
469
333
328
423
459
507
416
432
426
531
565
665
660
724
654
592
574
359
206
156
247
171
107
165
117
253
181
184
260
224
134
58
-85
-496
-696
-930
-1210
-1359
-1519
-1627
-1547
-1455
-1394
-1265
-1154
-1056
-1007
-880
-713
-618
-359
-230
-272
-164
-110
-15
324
426
469
352
347
404
492
480
465
345
208
27
-177
-208
-528
-630
-758
-1013
-1045
-1304
-1449
-1610
-1717
-1683
-1679
-1664
-1617
-1712
-1641
-1619
-1478
-1306
-1237
-953
-840
-826
-559
-406
-554
-389
-370
-444
-615
-729
-928
-1220
-1340
-1262
-1285
-1120
-993
-852
-571
-448
-323
-146
-359
-214
-65
-34
203
21
68
-13
178
277
375
339
460
631
527
394
170
130
244
201
39
-55
1
-92
-241
-83
94
273
444
325
280
314
392
420
722
920
1135
1275
1530
1688
1530
1714
1654
1560
1396
1310
1104
1015
761
272
108
-147
-205
-173
-156
-189
-314
-609
-745
-935
-932
-1347
-1130
-1667
-1277
-1721
-1167
-1774
28
5926
-7722
-20127
-12004
5001
10617
6971
2153
-3473
-13765
-21462
-9113
12370
17692
8903
-538
-1530
2583
-4036
-9447
-2489
-2276
-5710
-3478
2880
8597
6307
4011
3895
-210
-5836
-3766
-104
4626
10174
7736
4726
7319
-826
-10325
-7864
-2903
204
1929
-1598
-2118
1982
5839
3661
-3665
-2853
444
3275
5685
7619
6055
4582
5727
2674
-3862
-7881
-5860
-1666
2831
2254
361
749
-1174
-6122
-7640
-1937
4014
5815
5116
4211
4880
6824
6565
3581
93
-353
1726
5257
7831
7151
3378
710
-940
-3409
-4488
-1781
-773
-1996
-1034
288
1488
-33
-2054
-2129
-1239
-1856
-2213
470
3522
3238
519
-1763
-1344
178
754
785
-823
-2090
-1165
1185
3776
3395
317
-1476
-749
-762
-1852
-560
1168
1193
-610
-1990
-3444
-4149
-3743
-770
-875
-1419
-1443
-2551
-1706
-768
-1724
-2049
-1010
-1278
-2542
-2769
-2797
-2766
-2842
-3888
-3026
-1684
35
1606
850
217
696
545
-58
-751
119
1720
3531
3265
1927
532
-414
-841
-1117
-307
1248
1931
1512
1358
1706
1779
1026
-1068
-2243
-1151
1484
3530
3655
3835
2376
-110
-671
470
1483
992
60
-352
-944
-1709
-1764
-1238
-341
817
317
-1067
-2026
-2177
-2085
-285
2071
2212
2316
1483
-726
-2675
-2567
-770
-980
-2162
-1688
-1373
7
2039
2632
1757
1898
1041
-913
-274
2591
3250
1984
-38
-1438
-2818
-4709
-3124
-937
-1553
-2213
-1396
-202
1274
319
-963
-1648
-1816
-1751
-1509
-1690
-2087
-881
-1144
-1593
-1364
-2803
-3651
-3179
-3127
-2020
591
1932
306
-1437
-1809
-3076
-2796
-1261
-1096
-710
1276
2019
789
-27
-270
-1252
-758
926
1359
1691
1124
927
649
308
17
-237
625
1385
1003
1684
3102
2218
127
-1800
-1512
-328
895
2173
1817
252
-539
8
18
419
1121
1366
814
81
620
1668
1441
958
377
-484
423
1970
2359
2327
1179
-39
39
-119
-753
-537
568
1303
927
-558
-910
-7
157
-769
-2286
-2377
-725
-1104
-2515
-2401
-2445
-3301
-3220
-1447
-408
-1438
-2580
-1583
-879
-682
11
-4
-873
-1037
-88
-11
184
1032
329
-1614
-1657
25
809
1101
1368
368
-548
-1065
-236
1363
1625
-75
-2207
-1002
189
-191
-751
19
-177
-2389
-2313
-761
-563
-1327
-1105
76
747
4
217
418
-840
-1785
-840
760
1966
2119
1181
1605
1798
918
1362
2477
1059
-691
-877
293
515
-364
12
772
442
-400
-239
433
1118
587
340
1641
1938
1378
1620
1687
243
-1652
-491
1356
1391
1193
1379
2332
2579
2349
3022
2724
669
-506
-323
-1189
-1488
336
1827
1962
1038
823
997
17
-379
1062
1587
1231
656
-178
735
1255
764
753
374
-848
-1241
31
1668
1459
839
509
181
-487
-191
962
-78
-1357
-1577
-494
543
392
-349
-592
-1561
-751
1952
-2535
-7495
-4510
1079
3059
419
-1110
-2244
-7965
-13787
-7611
4616
8504
4981
-1173
-1314
970
-1245
-4644
-3126
119
-265
-2289
-1011
1211
1180
1477
800
-385
894
3020
1420
570
4282
5673
4140
1937
-124
-2529
-3754
-2727
-549
1587
-476
-3088
-957
2526
2028
-1159
-357
2602
3619
2823
2812
2730
1259
-94
-1060
-2233
-3547
-3057
-1152
871
2537
2311
862
-336
-131
-73
710
2969
3554
1860
200
547
2104
2781
910
-344
-299
630
899
646
1059
1816
1079
-374
-844
-1444
-1623
-678
-545
303
2068
1977
-266
-2031
-613
2386
2525
174
-194
412
640
363
75
-1315
-1907
-2110
-1223
900
1825
1126
865
1375
1184
908
-808
-629
550
168
352
523
-455
-1043
-1045
-1550
-1573
-843
698
976
562
-613
-615
1039
1864
1495
439
-1233
-2384
-1746
-495
2016
2440
1384
1443
-3
-1789
-1147
634
1255
271
-1737
-1592
150
-293
-957
-528
81
559
1930
2136
2812
2702
2146
2170
685
-195
206
-35
-1275
-996
-286
-241
-176
-322
741
2466
2177
1850
2294
1531
422
-83
152
-109
-1131
-1386
-1005
-1552
-2804
-1872
-197
617
1107
-254
-752
-191
-768
-1218
-117
560
-7
-1522
-2264
-2164
-1419
100
68
-1021
-1242
-264
-258
171
1173
1064
696
-600
-2589
-1912
-120
122
-532
-1330
-1427
-935
-1309
-971
-120
-1308
-2360
-2099
-719
696
498
-652
-982
-724
-1243
-1979
-2607
-2876
-2054
-741
-74
1076
114
-2055
-3250
-3648
-3320
-2387
-856
139
575
-117
-1874
-1824
-202
612
122
725
1817
237
-785
-1750
-926
804
1435
790
601
1886
1804
540
78
1445
2029
2863
2903
1962
1398
1348
1267
673
314
98
555
1050
1556
2153
1655
1326
668
-398
-902
-379
457
801
656
187
422
547
1206
1294
403
307
2401
3061
1549
164
-69
451
158
-28
-1112
-2559
-2126
-54
678
264
521
220
81
-373
-1107
-1802
-2529
-2352
-1718
-1223
-1158
-358
1191
2135
208
-1902
-1422
396
987
334
-4
-628
-1061
-894
-1513
-2321
-1940
-1618
-1892
-1043
-178
449
1291
1538
1401
517
-397
105
1575
1844
774
-334
-25
-82
-546
-607
394
1021
234
-185
930
2499
2197
1842
1851
2016
1714
2207
2068
910
-286
275
1645
2069
2227
1328
1219
1120
825
514
1244
937
258
-280
-733
-940
-290
573
408
-38
-382
1184
2200
2082
1341
1353
1182
347
-183
680
1456
296
-1173
-1155
114
983
1336
1171
1736
1608
1901
2334
2201
634
299
336
-403
-848
-645
434
407
-2
-458
-659
-852
-751
127
408
507
562
-288
-234
-224
200
-271
-341
-295
-903
-824
31
397
-531
-1101
-1271
-1149
173
534
25
-544
-732
103
233
-199
-646
-816
-1572
-1264
-352
-375
-89
-15
168
183
491
-52
-147
-16
-8
144
326
-12
-70
329
740
1153
564
54
271
752
507
321
120
-4
248
-170
-73
289
464
365
391
221
6
579
376
-249
-738
-465
-95
440
504
-106
-1404
-2285
-1947
-402
237
22
-406
-554
-63
510
304
875
935
-305
-1382
-1289
-919
-925
-817
-785
-1018
-1206
-1392
-1531
-518
573
922
168
-1031
-1712
-1492
-983
-400
183
46
-319
-818
-681
-697
-1887
-2474
-1263
-588
-757
-1169
-1480
-1466
-1298
-555
29
212
-367
-1706
-2350
-1172
-407
-95
26
-616
-1163
-1042
-1208
-777
-369
-865
-1938
-2109
-1528
-192
330
-245
-1095
-1799
-1286
-1313
-301
576
837
-273
-1525
-2536
-2210
-987
-81
-320
-1401
-1542
-1851
-1074
-1087
-745
283
460
198
552
994
878
934
9
-325
127
1435
2156
1494
-81
-96
281
-231
-851
-1857
-1324
-3
-288
-630
-158
208
466
481
-11
753
1517
1269
1111
272
-795
-473
32
-182
-484
-801
-1031
-1046
-998
-821
-349
-205
35
233
-36
-589
-842
-328
-98
-360
-230
-388
-743
-1038
-264
613
677
171
-721
-868
200
405
-70
-362
-679
-1237
-1256
-205
149
1006
1427
679
-703
-739
177
389
-215
-289
540
-5
-664
-670
426
1061
686
-31
-667
-71
608
1324
1118
868
629
351
132
284
478
-286
-1194
-1384
-772
-127
97
919
1055
104
290
736
568
19
-309
-558
487
1075
373
-487
-261
19
-401
171
701
1436
871
643
533
450
142
492
517
442
443
-64
312
934
1522
1154
94
278
1121
1587
1846
1216
545
456
801
585
1057
1388
986
1459
1457
1481
1231
484
-242
-291
-278
-87
436
366
280
368
550
729
889
1017
949
486
-190
-220
54
-244
-521
-934
-1035
-1218
-1045
-1067
-1496
-1638
-1011
-1026
-997
-232
25
-533
-1152
-953
-429
-539
-1174
-867
-587
-413
-105
393
756
289
107
98
310
54
-722
-677
-694
-836
-1252
-811
-347
121
768
704
652
-325
-423
759
1337
1380
1335
1010
859
677
465
632
1298
697
214
192
547
1127
1243
522
-506
-861
91
899
1039
771
711
701
732
504
-323
-298
134
912
1405
1414
780
121
438
997
810
-266
-432
177
160
305
416
675
1104
1106
1049
904
682
773
700
187
-568
-717
-1331
-979
-813
-405
-354
-732
-754
-7
144
-8
137
127
276
-167
-1119
-1278
-673
-436
-755
-848
-786
-724
-1299
-1365
-1530
-1621
-1474
-1451
-1351
-1212
-886
-1063
-1233
-1363
-1248
-1440
-906
-1006
-1036
-1123
-1553
-1521
-1253
-1316
-1546
-1486
-1040
-1256
-1467
-1403
-1471
-1497
-1237
-574
-177
-35
-308
-375
-314
186
86
-60
-26
-390
-452
-382
130
-290
-636
-457
-120
-163
-675
-556
-210
207
3
-416
-452
-349
-291
-479
-467
-637
-567
-598
-237
238
574
676
136
-87
-405
218
533
554
415
392
193
36
-192
-432
-367
-382
-102
-471
-322
63
516
244
-228
-664
-828
-970
-823
-400
-242
-503
-760
-421
-344
-583
-657
-289
-347
-787
-1111
-414
391
247
-240
-1012
-1590
-1645
-1259
-597
-67
40
-532
-696
-766
-712
-1022
-1137
-926
-582
348
709
677
-207
-699
-526
-48
198
588
812
592
234
62
307
707
715
220
285
289
349
551
966
1300
676
80
171
865
857
155
-13
-170
229
269
899
1743
1766
1607
1028
408
476
820
836
157
-234
-725
-316
550
942
968
777
453
420
922
1331
1398
1300
743
217
370
992
1510
1275
734
681
691
699
500
404
688
557
158
47
701
1480
1474
808
51
527
1188
1019
987
917
663
264
171
508
483
206
-44
-237
-240
-126
19
209
285
362
143
-489
-725
-177
385
303
-160
-450
-364
552
1281
1006
466
41
-305
-677
-114
334
167
-269
-267
-213
-44
189
467
782
850
166
-764
-667
17
382
250
124
138
117
-33
616
1470
1580
1093
908
821
600
717
1510
1780
1165
450
420
954
1262
1268
736
296
263
475
909
949
733
671
323
-119
-70
212
506
466
65
278
580
858
617
232
37
110
600
1071
1116
815
588
454
310
518
914
898
856
842
757
470
505
1252
1698
1254
435
377
697
684
819
701
545
514
505
749
793
313
8
515
695
331
-244
-758
-627
-377
-159
341
566
516
599
686
891
1018
829
912
863
572
344
149
142
63
-227
-559
-699
-646
-362
-355
-449
-756
-885
-719
-670
-951
-1250
-1034
-647
-329
-431
-858
-1300
-1160
-862
-300
-110
-646
-887
-649
-359
-318
-505
-874
-815
-787
-660
-215
-261
-464
-519
-279
-241
-494
-710
-838
-669
-427
-300
-214
-169
-107
-188
-655
-727
-679
-655
-611
-662
-804
-1108
-930
-630
-754
-844
-469
-183
-217
-394
-524
-237
196
344
44
-148
193
584
576
257
-94
-419
-383
279
353
23
-131
51
271
104
115
148
100
145
320
325
209
-46
-114
-75
-60
-337
-606
-531
-614
-634
-533
-387
-352
-434
-349
-164
-141
-331
-318
-5
-321
-385
-52
349
559
531
547
443
136
-225
-430
-422
-193
-273
-599
-766
-412
23
102
294
326
129
-58
-233
-105
69
71
72
189
-63
-373
-364
-61
-73
-269
-348
-30
276
243
43
-199
-323
-226
-14
451
703
626
436
318
363
509
715
893
513
39
221
706
828
487
159
-9
123
168
202
337
450
501
316
-174
-365
-311
-214
-216
-66
188
325
108
-308
-591
-336
-23
103
25
76
-2
-377
-382
-505
-471
-232
-157
-305
-360
-371
-430
-513
-625
-854
-904
-984
-768
-300
29
-300
-706
-539
-389
-309
-335
-434
-730
-1028
-830
-406
23
-2
-287
-418
-545
-524
-430
-209
-87
21
-96
-240
-121
-148
-243
-488
-419
-49
299
664
649
258
111
116
69
356
519
679
368
373
566
767
993
840
656
793
1280
1341
970
897
996
1004
846
765
1216
1347
981
463
274
284
159
42
320
456
631
647
612
868
842
677
268
-67
-244
89
729
851
560
150
196
327
526
527
762
1209
1155
1079
1032
1062
1088
1112
885
562
546
703
536
417
217
-37
152
454
670
836
914
570
159
281
501
419
345
526
616
479
346
178
68
-255
-226
-89
-83
-308
-381
-151
-15
-99
-10
48
-34
-42
-73
-74
89
33
-110
80
102
103
12
-123
-188
-222
90
170
159
281
84
172
59
-78
13
39
41
-13
-184
-287
-91
-73
94
76
5
71
235
271
383
245
-119
-187
157
309
125
289
489
362
173
-86
76
465
486
175
-130
28
343
414
19
-462
-535
-331
-310
-391
-475
-192
78
-20
15
100
130
-49
-323
-451
-634
-568
-289
-166
-352
-459
-432
-629
-529
-654
-800
-655
-410
-239
-348
-575
-333
9
-261
-534
-687
-688
-471
-479
-444
-587
-521
-260
-286
-199
-162
-298
-397
-302
-355
-570
-764
-640
-342
-363
-344
-272
-209
-241
-146
-136
160
316
251
77
-16
-155
-227
22
196
399
150
-45
-31
45
-251
-586
-584
-363
-133
-53
-138
-170
-247
-146
-157
-370
-503
-659
-590
-315
61
96
-183
-307
-325
-406
-455
-281
-112
-307
-249
-83
213
276
38
-66
-141
-155
26
54
-153
-367
-150
181
-119
-265
-155
162
108
-38
-146
-278
-247
-237
-455
-743
-909
-856
-696
-565
-405
-531
-687
-711
-833
-588
-453
-388
-562
-869
-741
-636
-669
-685
-577
-619
-644
-653
-741
-801
-730
-472
-387
-376
-360
-419
-532
-676
-747
-820
-782
-880
-788
-527
-403
-469
-540
-686
-913
-1055
-855
-490
-419
-608
-740
-706
-447
-246
-437
-455
-438
-600
-632
-502
-409
-483
-611
-654
-809
-845
-759
-548
-346
-140
-266
-380
-190
73
306
321
534
340
-10
-148
191
339
622
709
611
555
518
630
720
877
758
744
754
1174
1523
1326
1087
1049
952
811
1005
1009
756
667
636
928
1132
949
1203
1341
1070
835
816
1023
924
632
740
957
888
576
375
501
664
530
561
576
697
724
735
550
429
459
455
311
99
288
525
671
438
325
145
196
144
66
242
181
9
-90
-134
86
208
240
445
440
458
505
641
635
878
678
448
481
584
986
855
632
72
-224
-247
-28
226
306
368
363
324
180
164
164
230
283
252
151
163
5
109
104
-229
-251
-166
116
219
-2
-16
4
30
36
99
23
-73
-143
-258
-101
-66
16
-126
-310
-119
-178
-545
-528
-226
-323
-493
-369
-6
153
-65
-256
-261
-5
-170
-282
-248
-146
-310
-565
-610
-468
-338
-331
-539
-750
-705
-529
-370
-518
-710
-645
-436
-393
-438
-594
-544
-438
-358
-197
-126
-285
-219
-55
-175
-308
-399
-300
-234
-390
-600
-756
-615
-171
-183
-367
-442
-298
-203
-342
-282
-434
-494
-732
-857
-669
-676
-606
-696
-733
-707
-738
-845
-924
-1149
-1177
-1139
-989
-978
-1049
-916
-1101
-1078
-1055
-868
-603
-594
-672
-834
-634
-269
-86
-252
-422
-288
-300
-406
-314
-168
-155
-95
167
144
-15
-176
-131
-129
-231
-420
-215
-78
-313
-508
-244
102
-15
-213
-260
-197
-6
243
306
230
138
147
-40
-187
-210
-154
71
118
-186
-297
-366
-447
-270
-293
-330
-325
-287
-259
-394
-615
-716
-634
-613
-597
-616
-570
-578
-529
-522
-553
-540
-426
-514
-703
-756
-627
-557
-572
-458
-668
-658
-635
-472
-379
-392
-449
-485
-466
-557
-605
-790
-912
-1141
-1232
-1099
-931
-940
-865
-806
-846
-744
-756
-797
-848
-694
-627
-529
-486
-457
-482
-584
-692
-606
-303
-217
-115
-203
-78
15
52
132
162
218
238
406
340
222
260
346
405
330
280
281
373
519
520
598
562
669
751
631
549
315
238
390
448
415
513
541
526
511
541
716
812
676
459
427
560
661
502
460
674
713
569
457
380
377
323
352
439
257
102
19
-26
64
306
350
544
513
302
235
24
-18
112
181
255
113
165
292
487
751
732
660
603
615
614
672
477
628
688
685
823
700
782
777
762
804
835
739
824
867
739
510
553
682
884
872
847
982
1126
1200
1221
983
621
672
655
646
415
246
310
521
567
485
424
400
354
312
329
408
477
308
105
103
92
26
14
21
-70
-134
63
77
-74
-248
-348
-308
-163
6
160
117
-36
14
172
367
432
287
222
316
270
384
470
379
356
363
435
408
334
389
390
472
577
95
-88
-124
-9
266
185
189
64
284
347
204
91
90
80
-57
58
144
182
163
5
-76
-100
-161
-114
41
202
376
357
182
122
-3
-120
-197
-209
-182
-102
-108
-290
-257
-295
-455
-673
-632
-387
-416
-487
-530
-642
-787
-796
-922
-1086
-984
-971
-656
-506
-326
-304
-439
-398
-407
-359
-251
-255
-243
-329
-404
-451
-448
-238
-187
85
283
324
374
418
435
544
606
614
547
528
400
266
111
-79
-195
-73
185
184
268
220
416
549
604
531
516
475
485
520
600
662
565
472
267
306
322
401
330
346
410
444
272
295
349
211
155
129
143
161
237
163
273
143
-178
-370
-140
132
109
-133
-266
-330
-298
-189
-203
-298
-244
-114
-109
-201
-408
-399
-349
-313
-411
-611
-522
-517
-541
-477
-285
-298
-238
-307
-392
-406
-501
-563
-872
-950
-918
-794
-695
-673
-594
-460
-322
-336
-446
-534
-467
-401
-410
-380
-366
-329
-400
-498
-513
-538
-650
-805
-818
-750
-765
-671
-552
-451
-448
-498
-737
-815
-807
-790
-679
-523
-507
-585
-638
-659
-470
-558
-661
-515
-320
-219
81
355
554
513
451
383
475
744
948
1080
671
487
456
548
517
552
612
547
647
553
451
434
397
192
153
83
-3
8
-7
40
19
-160
-179
-267
-198
46
101
160
119
197
180
120
180
377
380
323
251
214
155
157
59
-76
-177
-116
-18
76
145
184
232
412
488
468
398
172
356
451
334
464
615
631
555
630
631
651
677
538
605
754
791
839
843
748
696
666
593
670
810
733
662
682
519
415
424
435
610
701
723
751
702
598
644
546
508
338
350
298
457
586
523
628
582
583
605
659
647
593
613
740
739
697
815
838
830
918
943
754
632
675
822
961
770
633
588
501
395
379
382
418
347
292
467
355
404
292
34
-101
-38
156
153
137
177
84
157
210
196
165
337
451
452
316
59
-42
-11
29
8
28
-45
-1
-104
-116
-36
-205
-220
-73
-49
-31
-125
-111
-110
-254
-295
-276
-144
-55
-228
-273
-300
-250
-196
-209
-202
-403
-411
-505
-416
-180
-19
81
153
296
219
179
139
66
-1
-132
-2
-80
-28
39
14
24
-1
279
347
468
571
616
619
561
560
327
114
160
215
46
-134
-90
-125
-63
-35
-145
-90
12
7
74
120
251
433
685
919
1065
1028
881
748
684
573
542
562
520
493
491
403
298
305
392
276
167
79
149
168
188
87
126
130
21
87
30
134
159
342
340
326
305
276
490
605
575
445
391
155
10
-3
-12
-174
-221
-309
-350
-425
-548
-386
-490
-536
-615
-702
-810
-828
-729
-892
-987
-1006
-929
-785
-809
-629
-611
-853
-1092
-957
-786
-775
-771
-858
-854
-938
-992
-812
-553
-502
-571
-586
-547
-467
-529
-568
-646
-710
-730
-653
-703
-805
-884
-764
-503
-562
-457
-307
-428
-446
-568
-591
-616
-715
-862
-706
-622
-513
-414
-371
-149
39
121
-12
-149
-186
-336
-214
-166
-157
-118
-210
-137
-110
-105
-122
74
178
80
89
82
96
19
113
92
-46
-12
63
12
171
216
99
42
-7
76
128
146
34
-71
-81
18
-151
-94
-52
-104
-12
-122
-135
-288
-248
-480
-489
-291
-192
-106
-79
-96
-99
-91
-240
-257
-359
-343
-298
-328
-299
-290
-323
-172
-22
78
193
248
491
626
593
803
774
826
895
972
990
1170
1042
920
1014
893
776
666
704
642
623
677
655
666
678
624
702
669
699
626
549
601
566
527
528
462
527
556
486
518
555
508
566
524
453
407
423
501
520
506
384
145
-45
-106
-246
-260
-222
-267
-188
-324
-343
-249
-219
-138
-42
44
73
88
-12
-31
-114
-246
-352
-408
-253
-215
-28
-74
-36
89
303
241
271
177
200
93
-171
-303
-359
-287
-193
-127
-58
9
102
135
183
326
196
330
326
240
100
-90
-82
-20
-76
-97
-121
-138
-240
-330
-262
-319
-229
96
245
223
280
233
240
156
43
-105
-189
-274
-445
-553
-468
-429
-486
-557
-587
-539
-570
-569
-513
-581
-702
-827
-830
-690
-437
-221
-168
-187
-302
-496
-540
-528
-663
-750
-862
-775
-526
-310
-1
106
249
311
311
399
130
6
-91
-251
-250
-434
-399
-316
-115
47
210
351
519
614
640
889
865
729
525
544
593
639
543
710
633
401
395
251
379
195
241
208
334
400
502
614
576
663
577
549
395
229
163
146
-98
-282
-354
-368
-292
-410
-314
-277
-163
-108
-204
-131
-192
-248
-375
-474
-683
-886
-948
-1070
-1137
-922
-830
-793
-837
-1003
-1006
-1110
-1183
-1198
-1032
-989
-1007
-946
-957
-1093
-1012
-853
-770
-899
-1005
-847
-789
-766
-644
-395
-359
-363
-505
-612
-697
-727
-592
-628
-785
-860
-881
-897
-760
-746
-656
-605
-503
-487
-598
-722
-852
-767
-783
-788
-867
-869
-779
-811
-950
-883
-708
-650
-649
-594
-507
-431
-303
-286
-308
-511
-594
-438
-508
-626
-661
-762
-697
-905
-881
-824
-720
-885
-933
-863
-709
-696
-669
-377
-379
-366
-410
-328
-217
-153
-251
-248
-143
-187
-257
-348
-274
25
70
-26
26
-8
-5
105
85
74
35
66
-17
-32
23
157
318
293
320
452
546
579
562
632
682
474
418
299
414
470
363
353
241
265
239
380
400
393
414
388
362
433
482
517
447
275
270
298
286
235
194
-12
-130
-234
-233
-212
-265
-210
-112
-25
42
153
230
277
284
190
136
33
-130
-178
-321
-368
-444
-552
-551
-494
-440
-305
-268
-321
-389
-442
-436
-363
-233
-287
-267
-232
-332
-370
-313
-246
-146
-132
-142
-184
-56
-48
32
107
63
138
16
108
278
312
272
298
365
404
327
205
357
453
515
505
495
572
505
469
544
515
542
440
386
395
397
397
392
346
216
144
150
96
177
63
-57
-39
-13
120
210
223
327
436
339
254
200
144
70
107
118
129
-9
1
-65
-116
-9
-109
-206
-378
-317
-203
-209
-30
23
-25
-57
31
142
158
315
229
459
705
777
781
802
1033
925
971
979
999
823
695
797
673
442
396
359
210
167
208
278
149
244
297
284
376
550
509
401
524
595
729
753
806
729
637
690
844
887
1134
1183
1220
1261
1027
1008
941
940
862
726
774
757
756
956
908
998
1063
839
924
853
734
624
519
399
265
162
82
76
-112
-228
-395
-452
-538
-582
-563
-513
-428
-519
-565
-737
-819
-806
-745
-677
-712
-741
-724
-920
-1008
-1068
-1076
-884
-1119
-1247
-1217
-1170
-1150
-1129
-1116
-1185
-1214
-1162
-1138
-1202
-1436
-1541
-1610
-1684
-1716
-1635
-1439
-1370
-1317
-1232
-1134
-930
-731
-673
-598
-565
-481
-365
-135
-178
-214
-192
-293
-282
-496
-546
-644
-463
-247
-243
-234
-167
25
63
-4
-86
-1
6
116
38
126
219
157
152
128
351
436
372
389
51
2
275
251
200
92
75
75
182
233
284
309
302
226
228
277
215
196
149
141
94
-288
-95
10
-170
-241
-439
-356
-437
-448
-457
-388
-302
-207
-267
-314
-294
-329
-330
-301
-181
-95
-110
-117
-151
-297
-247
-172
-202
-223
-212
-134
-120
-104
-161
-201
-111
-151
-88
131
119
13
225
289
175
127
142
264
283
158
95
167
167
4
159
173
322
433
328
253
192
59
-49
142
74
-156
-202
-277
-210
-69
-62
-154
-206
-207
-188
-115
-86
-57
-161
-104
-200
-209
-49
114
131
46
-21
26
72
49
178
248
321
362
364
453
557
534
653
659
616
683
697
562
494
362
347
218
184
210
244
116
39
170
35
223
337
383
439
406
409
486
385
257
321
480
437
581
845
895
956
953
895
892
968
799
865
737
645
614
463
478
518
573
693
866
848
845
998
1006
1042
1053
908
883
568
234
267
195
188
155
113
71
216
303
414
458
382
502
614
556
496
463
515
539
511
264
176
93
-4
76
-41
-71
-90
-102
-179
-82
-19
-43
-36
-12
4
18
62
-29
-18
-20
9
159
250
346
534
465
598
714
858
842
734
716
717
584
414
392
343
411
420
495
601
719
732
786
772
798
641
600
591
507
585
477
375
340
227
250
296
185
235
211
34
87
157
150
139
30
-156
-284
-188
-218
9
149
118
167
162
200
63
89
-4
-100
-12
43
90
49
64
75
1
-99
-106
-256
-329
-519
-474
-510
-567
-590
-691
-645
-626
-547
-493
-535
-427
-361
-364
-247
-132
-144
-107
-124
-219
-371
-264
-288
-404
-408
-448
-366
-370
-357
-302
-348
-357
-520
-656
-612
-699
-619
-620
-557
-630
-512
-516
-613
-549
-428
-336
-368
-255
-245
-241
-203
-234
-209
-203
-141
-38
39
69
181
146
143
258
28
31
6
-64
15
93
137
-17
-12
67
99
176
108
127
149
152
121
142
58
-3
-31
-180
-196
-185
-186
-151
-86
-51
19
-31
-115
-92
75
-95
-46
-14
-124
-125
-81
-63
-201
-165
-230
-194
-182
-146
-139
-95
19
63
60
-6
-44
7
34
121
121
-91
-218
-376
-423
-342
-321
-299
-289
-442
-375
-366
-305
-264
-162
54
68
-90
-185
-127
-120
-50
-154
-3
130
141
37
6
26
-53
-22
20
73
82
87
39
25
50
-18
-35
33
-17
73
53
138
231
217
322
397
485
540
618
686
618
578
513
496
510
547
493
427
309
260
214
15
77
-1
-284
-353
-246
-259
-130
-179
-177
-106
-370
-439
-276
-356
-424
-370
-255
-384
-318
-228
-181
-175
-202
-156
-228
-175
-190
-382
-395
-279
-192
-257
-263
-347
-381
-251
-307
-311
-257
-148
-87
-99
-14
25
-116
-202
-326
-189
-142
-158
-156
-229
-268
-305
-363
-454
-490
-563
-488
-260
-299
-297
-187
-203
-213
-103
-139
-158
-34
45
26
138
207
168
164
156
173
96
-9
-82
-205
-296
-364
-263
-183
-94
-159
-98
-59
-127
41
167
94
219
410
452
417
293
364
311
421
430
416
569
632
800
880
994
840
723
802
829
962
975
987
959
893
875
869
816
627
453
415
445
573
682
699
745
775
730
667
644
570
550
521
406
264
204
129
154
72
33
111
175
275
316
289
191
71
-90
-61
63
72
79
-35
-72
-94
-150
-214
-184
-302
-263
-246
-225
-200
-235
-276
-209
-3
-33
-54
-40
-120
-103
-201
-260
-255
-168
-207
-268
-218
-201
-156
-108
-5
54
228
429
425
398
403
407
429
482
337
141
144
156
368
353
353
226
68
171
73
116
155
173
163
81
-97
-161
-95
-109
-156
-93
-212
-156
-215
-332
-207
-130
-67
7
-79
-229
-171
-216
-190
-424
-467
-675
-769
-699
-752
-690
-783
-960
-973
-1012
-973
-982
-998
-1004
-1030
-1002
-980
-998
-993
-1045
-1029
-995
-1099
-1052
-857
-811
-674
-552
-670
-536
-600
-326
-361
-334
-217
-341
-241
-225
-172
-96
86
-45
-74
23
-36
31
120
181
217
201
285
144
91
54
-1
4
-77
123
281
270
331
262
153
144
187
287
200
148
112
138
-120
-66
-20
-27
98
54
57
39
101
-37
-39
-209
-367
-337
-397
-497
-670
-709
-839
-810
-739
-871
-756
-622
-582
-614
-501
-421
-419
-526
-544
-534
-571
-525
-481
-531
-512
-418
-425
-396
-386
-365
-517
-642
-526
-687
-736
-616
-699
-775
-780
-775
-764
-785
-726
-632
-663
-462
-319
-167
-194
-277
-323
-357
-386
-417
-301
-340
-397
-437
-380
-415
-411
-344
-369
-474
-500
-344
-446
-463
-443
-400
-352
-442
-432
-285
-390
-366
-474
-512
-349
-396
-357
-437
-322
-398
-429
-421
-637
-555
-463
-433
-439
-413
-255
-123
-29
48
82
142
281
399
499
547
550
541
558
478
426
544
537
612
747
822
807
637
655
429
368
326
347
353
383
489
468
619
484
643
644
589
643
621
614
685
820
843
833
812
874
730
660
593
524
346
364
411
295
400
384
329
229
194
195
288
251
213
300
233
197
125
46
44
0
10
23
-31
195
134
162
206
45
90
-3
81
141
65
157
261
356
361
474
472
454
514
464
469
508
499
469
422
317
322
379
424
422
521
416
450
484
538
588
686
706
826
885
759
667
683
682
585
590
506
639
741
821
921
868
785
825
736
754
863
842
761
680
701
537
407
269
108
162
219
197
119
48
-33
-26
-111
-82
-15
55
63
59
10
-123
-158
-137
-196
-229
-200
-319
-470
-537
-451
-513
-609
-573
-706
-639
-708
-657
-708
-811
-890
-846
-732
-650
-719
-673
-619
-665
-743
-852
-835
-933
-833
-892
-835
-940
-1024
-1010
-990
-844
-791
-704
-644
-471
-476
-447
-401
-336
-326
-338
-335
-371
-386
-312
-240
-130
-153
-242
-138
-149
-332
-343
-379
-310
-427
-605
-622
-850
-725
-692
-608
-522
-444
-334
-323
-140
-62
-7
40
56
52
147
143
136
31
-61
-48
-9
-73
-219
-205
-273
-266
-359
-285
-143
-132
-93
14
115
35
73
-68
-174
-152
-17
23
-62
24
213
111
-9
50
-72
-101
-84
-205
-175
-108
-82
49
15
26
-45
-100
-222
-202
-199
-75
46
46
6
-21
-48
-54
8
-113
-227
-192
-348
-398
-461
-625
-633
-726
-627
-632
-536
-480
-629
-692
-732
-684
-642
-472
-379
-310
-281
-123
-105
-184
-334
-274
-270
-256
-142
-56
-185
-319
-278
-349
-319
-240
-260
-230
-213
-82
-73
-102
-42
9
124
9
69
-115
-166
-144
-95
99
35
165
147
366
279
374
386
403
421
451
384
306
363
151
171
235
236
182
149
249
219
148
-5
-125
-170
-192
-155
-68
112
202
253
257
173
249
352
526
393
193
332
451
306
421
461
445
558
552
466
402
427
327
372
396
318
320
357
447
489
551
503
514
529
485
422
390
365
304
365
317
301
365
301
390
522
610
675
632
688
611
552
467
493
530
448
477
432
522
425
613
658
506
534
674
706
749
851
816
738
793
809
673
694
523
620
732
707
748
779
794
785
902
1034
917
874
918
779
648
693
855
895
895
1000
1046
1057
1096
1070
1051
1098
1101
1099
1181
1217
1214
1010
879
872
673
500
411
222
177
51
-43
41
43
97
265
302
237
361
270
268
248
31
137
260
233
121
64
-39
-75
-133
-179
-250
-371
-297
-361
-312
-282
-157
-183
-343
-385
-394
-305
-283
-400
-407
-451
-411
-290
-218
-319
-210
-203
-378
-348
-489
-493
-583
-526
-497
-436
-360
-393
-213
-208
-165
-128
-204
-207
-26
28
123
179
175
274
221
271
256
269
181
73
133
173
101
175
198
58
-24
-101
-128
-150
59
146
90
66
84
71
106
46
-45
16
29
124
88
203
224
275
206
86
89
188
165
120
59
8
71
12
87
-9
-138
-292
-307
-528
-632
-572
-637
-519
-528
-399
-250
-217
-126
-16
83
178
162
92
39
74
-121
-197
-112
-87
-77
13
-25
40
67
-41
-99
30
56
75
13
-34
69
-53
13
-89
20
-110
-188
-100
-145
-174
-20
-17
-172
-252
-266
-412
-474
-433
-496
-595
-622
-491
-425
-216
-121
-104
-78
-203
-135
-140
-44
-27
-140
-154
-208
-185
-184
-203
-106
-135
-70
-146
-331
-216
-253
-146
-154
-274
-287
-183
-276
-315
-247
-217
-105
-34
133
101
121
123
29
75
57
79
119
78
179
129
182
224
227
122
114
33
-29
23
124
16
-65
-74
-300
-300
-170
-57
-41
-17
73
100
26
92
151
137
78
98
130
299
302
214
256
188
124
143
119
69
-6
-83
-217
-251
-205
-203
-138
-105
-52
-136
-166
-57
15
-4
-24
-37
-42
-215
-158
-153
-209
-203
-402
-382
-323
-292
-172
-42
-47
9
-34
-114
87
-3
193
275
393
623
717
882
900
996
829
817
862
788
772
700
598
608
673
644
739
737
809
873
682
646
699
813
893
872
835
728
821
867
846
936
986
1015
1005
1049
864
787
805
769
680
607
704
627
632
708
676
693
587
527
451
317
144
236
441
403
715
899
967
1144
1277
1227
1206
1102
771
430
194
178
218
161
110
20
25
-4
17
105
1
118
205
195
148
167
28
-39
-150
-251
-417
-559
-629
-740
-700
-775
-724
-784
-811
-801
-820
-807
-781
-704
-736
-578
-587
-609
-447
-318
-260
-308
-312
-450
-486
-465
-383
-372
-209
-358
-416
-514
-481
-350
-513
-403
-402
-431
-527
-508
-336
-290
-330
-284
-314
-295
-302
-333
-438
-476
-433
-502
-547
-612
-586
-600
-649
-528
-393
-259
54
77
119
161
139
126
191
223
328
107
45
9
-92
18
-55
82
123
192
194
265
176
207
354
168
280
264
269
243
114
224
166
159
95
3
-183
-359
-469
-615
-596
-650
-703
-563
-587
-586
-554
-626
-662
-765
-679
-724
-828
-754
-766
-891
-1014
-1125
-988
-1066
-1040
-878
-848
-849
-798
-809
-908
-676
-685
-682
-667
-645
-675
-597
-516
-567
-550
-535
-475
-376
-421
-293
-181
-292
-211
-198
-201
-102
35
101
120
70
80
77
-9
-85
-86
-228
-342
-416
-430
-340
-327
-243
-211
-153
-53
-101
-148
54
51
-93
62
70
302
398
264
307
303
345
377
344
479
357
331
218
154
149
147
194
92
191
216
143
79
136
97
-103
-114
-99
-135
-105
-277
-191
-112
-153
-174
-298
-413
-329
-372
-388
-284
-388
-633
-732
-743
-1005
-965
-1016
-928
-792
-844
-744
-747
-710
-599
-597
-536
-461
-467
-480
-595
-615
-516
-342
-414
-248
-200
-232
-81
-151
12
-128
-126
-59
-64
69
21
73
167
254
284
349
360
440
387
295
242
197
168
70
172
120
126
40
158
203
297
155
234
204
164
165
173
167
67
195
140
242
238
341
440
453
591
652
680
687
759
799
837
756
873
912
820
808
963
974
1081
1146
1115
1111
1005
865
710
815
754
676
539
336
334
379
208
231
205
227
232
94
11
83
61
-60
-256
-215
-329
-373
-269
-308
-269
-77
-228
-398
-364
-434
-300
-372
-562
-495
-367
-378
-372
-268
-376
-373
-331
-272
-247
-227
-180
-268
-264
-315
-504
-689
-710
-631
-504
-438
-467
-558
-493
-406
-401
-422
-463
-278
-362
-489
-409
-477
-584
-407
-368
-536
-548
-440
-452
-412
-425
-464
-173
-206
-47
24
-53
-292
-317
-380
-491
-469
-536
-504
-446
-413
-228
-183
-32
-231
-142
-176
-295
-158
-392
-192
-167
-12
20
64
85
115
159
104
190
155
-8
-61
-4
-111
-178
-238
-290
-458
-466
-536
-685
-859
-932
-910
-789
-741
-740
-697
-668
-494
-396
-388
-356
-409
-368
-452
-325
-146
-80
-39
-13
-120
-221
-213
-312
-172
-46
-54
94
308
205
345
348
249
261
245
107
28
-100
-158
-263
-115
127
117
219
164
223
-10
-52
-16
4
-27
-16
-39
-24
41
180
283
274
245
348
485
469
540
492
659
682
612
422
513
573
393
397
296
216
45
136
258
233
250
239
394
436
371
527
542
553
629
532
481
413
399
423
383
306
271
346
421
307
227
118
-31
28
-230
-235
-297
-336
-242
-413
-562
-722
-619
-695
-740
-785
-801
-705
-688
-548
-504
-398
-263
-242
-334
-383
-489
-669
-641
-657
-694
-616
-470
-491
-466
-397
-527
-561
-700
-793
-810
-735
-685
-711
-558
-614
-614
-560
-603
-658
-640
-654
-656
-547
-542
-633
-622
-696
-796
-992
-1166
-1214
-1201
-1102
-1103
-996
-960
-863
-761
-500
-386
-251
-219
-126
-85
-52
13
76
51
137
219
133
95
63
-34
104
18
76
119
91
57
71
163
130
282
225
354
477
451
590
636
527
629
545
547
758
919
1018
962
1024
1011
939
946
893
827
786
802
725
726
748
809
779
857
871
906
813
643
743
640
609
635
506
418
422
446
345
320
449
442
528
686
681
633
497
477
378
430
485
404
376
529
527
579
816
770
826
730
565
526
606
538
540
607
661
658
488
310
233
142
90
44
84
292
316
298
310
332
421
259
250
398
375
290
465
380
515
621
417
305
450
512
566
591
557
653
688
740
673
737
664
588
429
389
300
141
81
-42
-37
-96
-93
-33
52
69
117
-18
-62
-130
-204
-242
-194
-160
-280
-201
-234
-259
-282
-237
-233
-197
-143
-264
-256
-254
-392
-396
-344
-392
-545
-592
-629
-600
-484
-571
-480
-406
-247
-183
-53
40
145
211
339
376
343
561
595
568
532
627
648
731
703
795
792
729
850
725
701
606
537
682
666
619
747
790
737
674
664
686
552
687
542
398
399
236
205
161
135
141
153
195
293
208
89
220
326
323
258
341
411
470
524
496
683
599
579
602
461
471
282
294
272
247
153
-52
-64
-190
-242
-287
-329
-422
-259
-248
-273
-276
-257
-296
-319
-140
-106
-230
-247
-253
-268
-182
-121
-177
-135
-75
-218
-185
-105
-75
41
-19
-21
-43
-66
36
-46
-102
-144
-63
-68
-49
95
36
-43
-109
-209
-147
-110
-130
-143
-84
-214
-260
-324
-406
-381
-247
-291
-312
-145
-150
-14
-205
-286
-357
-411
-427
-518
-601
-664
-788
-867
-894
-924
-932
-1092
-994
-1143
-1154
-1217
-1259
-1313
-1265
-1183
-1292
-1182
-1317
-1357
-1332
-1206
-1108
-904
-746
-827
-613
-550
-577
-433
-329
-240
-250
-130
-138
-167
-396
-452
-451
-348
-389
-497
-375
-389
-306
-282
-195
-276
-188
-137
-262
-338
-277
-267
-380
-392
-484
-322
-300
-349
-325
-370
-193
-125
-90
-158
55
76
-37
25
58
117
145
234
346
380
514
590
508
545
576
423
430
454
317
190
136
85
-18
81
95
237
398
438
470
601
725
657
592
545
512
383
491
540
460
462
379
348
314
252
318
225
204
220
181
259
374
369
347
382
307
318
332
304
408
305
277
0
0
-1
0
0
0
0
-1
0
0
0
0
0
0
0
0
0
0
0
0
0
0
-1
0
0
0
0
0
0
0
0
0
1
0
-1
0
0
0
0
0
0
0
0
0
0
0
0
0
0
0
0
0
0
0
0
0
0
0
0
0
0
0
0
-1
0
0
0
0
0
0
0
0
0
0
0
0
0
1
0
0
0
0
0
0
0
1
0
0
0
1
1
0
0
0
0
0
1
0
0
0
0
0
0
0
1
0
0
0
1
0
0
0
0
0
-1
0
0
0
0
0
0
0
0
0
0
-1
-1
-1
0
0
0
0
-1
0
0
0
0
0
0
0
0
0
1
0
0
0
0
0
0
0
0
1
-1
0
1
-1
0
0
0
0
0
0
0
-1
0
0
0
-1
0
0
0
0
0
0
0
-1
0
0
0
0
0
0
-1
0
0
0
0
0
0
0
0
-1
-1
0
0
0
0
0
1
0
0
0
0
0
0
0
0
0
0
0
0
0
0
0
1
0
0
0
0
1
-1
1
0
0
0
-1
0
0
0
0
0
0
0
0
0
0
0
0
0
0
1
0
0
0
0
0
0
