0
0
0
0
0
0
0
0
0
0
0
0
0
0
0
0
0
0
0
0
0
0
0
0
0
0
0
0
0
0
0
0
0
0
0
0
1
0
0
0
0
-1
0
0
0
0
0
0
0
0
0
0
0
0
0
0
0
0
0
0
0
0
0
0
0
0
0
0
0
0
1
0
0
0
0
0
0
0
0
0
0
0
0
0
0
0
0
0
0
0
0
0
0
0
0
0
1
1
0
0
0
-1
1
1
0
0
0
0
0
0
0
0
0
0
0
1
0
0
0
0
0
0
0
0
0
0
0
0
0
0
0
0
0
0
0
0
0
0
0
0
0
0
0
0
0
0
0
1
0
1
0
0
0
0
0
0
1
0
0
1
-1
0
0
0
0
0
0
0
0
0
0
0
-1
0
-1
0
0
0
0
0
-1
0
0
0
0
0
0
0
0
0
0
0
0
0
0
0
-1
0
0
0
0
0
0
1
0
0
0
0
0
0
0
0
0
0
0
0
0
0
0
1
0
1
0
0
0
0
1
0
0
0
-1
0
0
0
0
0
0
0
0
0
0
0
0
0
0
0
0
0
0
0
0
0
0
0
0
0
0
0
0
0
0
0
0
0
0
0
0
0
0
0
0
0
0
-4
32
-161
-160
-171
-214
-207
-130
-7
11
135
232
265
371
318
381
282
199
199
-11
46
74
181
231
398
416
370
337
244
225
328
481
633
689
675
626
797
787
690
587
588
630
614
525
498
538
410
521
623
571
537
453
506
335
314
223
293
253
94
130
23
59
-66
-77
-103
65
136
240
282
319
360
214
52
33
-77
-221
-206
-244
-243
-279
-177
-249
-361
-326
-398
-388
-467
-602
-603
-796
-779
-697
-743
-763
-665
-641
-550
-573
-440
-428
-538
-529
-657
-699
-774
-831
-782
-719
-651
-538
-515
-397
-429
-581
-619
-632
-676
-587
-602
-673
-660
-646
-732
-748
-756
-864
-792
-830
-731
-622
-667
-570
-501
-449
-495
-460
-549
-422
-383
-286
-154
-40
93
42
-37
0
85
16
202
140
219
371
175
329
362
380
423
354
405
381
331
235
376
371
439
506
509
616
659
677
570
567
597
664
731
684
467
416
323
347
302
206
318
222
184
317
314
392
463
476
583
487
700
579
396
302
259
231
154
198
352
362
366
422
347
414
515
593
668
706
553
584
441
281
266
191
221
244
320
348
480
543
512
516
713
887
835
842
902
927
964
957
863
831
900
852
904
970
830
904
724
548
455
150
82
99
177
183
201
315
211
245
102
11
9
-138
-176
-246
-128
-108
-205
-174
-205
-251
-289
-258
-202
-198
-139
18
155
215
114
52
-22
-136
-205
-373
-380
-478
-672
-666
-748
-773
-714
-658
-423
-336
-378
-222
-186
-155
-207
-333
-295
-434
-547
-504
-530
-467
-497
-341
-289
-171
-54
-109
-91
-89
-119
-82
-65
70
39
33
-76
-169
-242
-359
-322
-389
-250
-236
-294
-108
-162
-29
67
48
53
-235
-331
-431
-451
-424
-448
-426
-496
-385
-401
-309
-125
-112
-160
-74
-53
-19
-78
-311
-187
-219
-291
-83
63
120
123
116
93
-73
-12
-110
-82
30
-4
-33
-178
-153
-318
-398
-478
-582
-581
-568
-239
-123
64
231
323
381
398
484
411
301
239
36
-96
-51
-79
-38
-61
11
115
243
335
391
452
617
747
664
518
363
300
152
140
234
268
229
252
288
267
323
268
240
267
298
421
431
310
350
405
335
141
28
9
48
-97
-256
-331
-420
-401
-463
-384
-477
-394
-304
-337
-356
-526
-629
-834
-890
-1155
-1358
-1389
-1356
-1310
-1221
-1203
-1134
-1106
-1214
-1229
-1187
-1210
-1183
-1221
-1157
-1014
-1051
-919
-1156
-1205
-1166
-1253
-1358
-1528
-1531
-1569
-1455
-1492
-1391
-1329
-1228
-1213
-1293
-1260
-1351
-1329
-1366
-1386
-1423
-1495
-1439
-1325
-1266
-1180
-1191
-964
-852
-906
-850
-921
-1001
-1070
-1057
-1002
-939
-738
-590
-549
-452
-409
-289
-196
-169
-48
-69
12
55
-5
221
261
274
343
167
9
-101
-200
-196
-142
-116
-186
-69
-56
40
183
267
102
288
343
287
418
372
603
573
609
638
759
901
888
886
830
896
948
978
1020
980
916
889
721
866
918
891
890
771
776
799
880
919
1040
1141
1347
1487
1410
1484
1520
1491
1332
1198
1082
894
1007
1115
1086
1232
1102
1066
957
940
693
465
329
57
-32
-296
-153
-267
-290
-180
-126
113
107
179
195
-1
-145
-234
-352
-513
-545
-463
-465
-243
-66
129
239
315
228
106
80
-102
-141
-96
-190
-171
-138
-253
-330
-379
-335
-384
-416
-343
-271
-205
-344
-305
-245
-150
-67
-2
-170
-99
-40
-181
-193
-331
-348
-544
-622
-574
-581
-620
-583
-568
-507
-333
-359
-341
-390
-403
-458
-541
-569
-539
-489
-579
-464
-480
-583
-624
-586
-535
-333
-205
-348
-356
-430
-566
-643
-623
-598
-662
-665
-545
-483
-474
-558
-503
-541
-557
-421
-303
-202
-130
-37
-20
57
-21
-45
51
202
163
236
166
145
111
10
-120
-98
-146
-203
-63
-32
56
72
104
200
410
586
420
502
311
206
225
86
101
293
318
413
459
520
454
365
396
142
-16
-281
-397
-460
-547
-441
-347
-367
-84
77
224
381
426
366
363
138
84
112
153
170
104
53
-135
-370
-491
-512
-588
-561
-499
-364
-157
-51
-63
-144
-124
-179
-155
-92
-82
-142
-104
-169
-271
-213
-123
-73
-215
-12
-111
-86
-18
-211
-318
-527
-614
-848
-1026
-1158
-1281
-1432
-1490
-1422
-1265
-1145
-1049
-909
-756
-648
-533
-487
-673
-733
-778
-833
-849
-810
-855
-979
-1040
-1080
-1170
-1327
-1261
-1123
-1122
-1194
-1194
-1166
-1125
-1132
-1099
-1058
-997
-954
-883
-853
-677
-634
-593
-474
-351
-196
-155
-277
-311
-381
-443
-492
-501
-508
-487
-470
-470
-326
-317
-288
-230
-318
-327
-298
-248
-351
-234
-281
-251
-143
-158
-48
74
97
164
164
199
130
67
216
318
226
139
277
380
512
499
620
681
696
706
609
629
684
682
760
819
775
832
875
824
753
844
1001
908
929
869
812
867
815
748
593
682
588
548
718
709
852
813
999
1141
1287
1388
1387
1472
1495
1501
1499
1301
1173
1188
1008
921
802
780
756
739
708
758
799
741
696
703
668
669
674
581
652
683
802
822
856
1018
1141
990
865
864
730
751
683
663
569
439
348
432
355
266
262
169
203
69
169
169
122
-26
-53
-166
-304
-411
-345
-434
-567
-484
-539
-481
-382
-377
-426
-515
-656
-618
-586
-568
-523
-546
-545
-663
-612
-613
-576
-464
-324
-71
-149
48
-58
-183
-225
-401
-426
-394
-379
-406
-322
-271
-224
-186
-66
114
42
57
187
359
385
273
283
180
144
2
96
116
205
343
426
520
568
666
528
627
575
606
412
382
460
327
267
254
228
275
350
342
465
189
230
124
-2
4
-106
-17
50
78
137
192
199
272
449
514
544
674
645
646
497
385
507
523
433
423
432
317
348
303
270
313
354
333
494
433
422
449
459
429
434
503
490
462
490
456
473
562
648
752
856
812
837
864
841
928
901
843
721
678
766
738
803
952
893
1002
972
715
667
539
527
443
356
456
419
337
340
287
220
154
-17
-81
-83
-250
-161
-170
-230
-133
-238
-352
-435
-611
-531
-405
-666
-563
-655
-606
-594
-522
-475
-555
-469
-402
-438
-438
-456
-344
-466
-551
-607
-661
-614
-696
-840
-815
-760
-780
-746
-730
-681
-784
-847
-931
-869
-883
-797
-640
-712
-674
-630
-529
-489
-617
-465
-405
-608
-583
-610
-651
-577
-454
-417
-448
-453
-470
-563
-716
-690
-732
-751
-627
-598
-575
-500
-562
-500
-540
-494
-351
-256
-93
-111
12
-90
-181
-11
-19
-158
-156
-66
165
253
211
225
413
393
404
407
333
447
334
401
412
435
436
469
368
242
425
555
519
528
509
397
410
604
474
409
386
415
364
463
380
295
307
319
374
292
390
477
502
570
600
695
712
679
702
537
429
389
313
296
106
146
244
315
267
254
204
86
17
-60
-46
-92
-104
-84
-87
-108
-102
-202
-187
-33
156
175
183
359
344
497
474
490
549
478
396
326
303
258
261
396
441
435
351
372
366
369
284
168
211
198
219
192
274
285
305
88
267
322
189
288
347
409
527
554
497
572
537
565
452
415
448
438
372
303
231
76
114
29
-68
-100
-101
-105
-180
-250
-214
-264
-200
-213
-162
-302
-464
-480
-640
-414
-374
-275
-269
-291
-74
-102
-97
32
-2
83
163
219
253
306
413
321
208
250
223
152
243
143
161
111
175
265
322
318
333
549
471
542
476
429
490
309
356
432
431
307
423
418
361
555
574
570
602
732
669
655
644
542
654
763
752
720
777
678
526
556
555
467
402
308
345
368
419
459
348
317
330
214
146
157
222
161
251
384
323
522
557
627
826
718
756
722
728
627
615
642
663
587
370
349
332
266
171
123
-29
15
-21
-45
12
21
-82
-219
-363
-472
-656
-721
-756
-730
-621
-614
-457
-482
-510
-426
-362
-345
-315
-459
-416
-457
-548
-590
-672
-676
-758
-805
-830
-818
-708
-768
-652
-630
-536
-605
-729
-593
-778
-933
-1091
-1095
-1118
-1105
-1034
-976
-975
-1200
-1115
-1167
-1212
-1218
-1144
-1174
-1038
-885
-883
-686
-601
-603
-629
-557
-635
-457
-487
-473
-458
-509
-630
-622
-618
-741
-688
-846
-837
-803
-815
-910
-936
-632
-708
-671
-839
-921
-1014
-1073
-1000
-942
-778
-700
-664
-721
-607
-778
-839
-863
-860
-724
-673
-496
-501
-628
-737
-712
-693
-615
-637
-591
-526
-549
-447
-538
-599
-555
-628
-542
-558
-625
-460
-449
-353
-308
-170
-103
-140
-157
-204
-249
-325
-221
-204
-244
-181
-124
-191
-168
-113
-161
-87
-7
95
103
149
81
148
220
221
152
141
42
-74
-19
12
62
127
158
116
11
-37
-67
-45
-24
152
78
216
228
198
370
277
424
404
532
656
635
763
805
730
766
810
707
722
657
625
489
427
427
502
508
460
467
435
345
255
164
177
204
197
238
242
115
47
-46
-37
53
120
219
276
263
158
51
156
-9
-108
63
163
164
169
223
248
152
143
194
126
95
-61
-41
7
112
151
276
436
525
662
623
455
325
255
-49
-55
-128
-186
-110
18
365
486
610
762
721
732
574
477
271
131
74
-82
-27
106
102
82
107
11
-61
-205
-211
-181
-127
-81
106
196
261
221
101
63
-102
-261
-324
-434
-538
-580
-671
-588
-544
-577
-637
-606
-582
-600
-579
-495
-418
-389
-284
-336
-300
-309
-253
-120
-60
56
124
291
321
192
307
261
92
-123
-126
-97
-264
-156
-160
-21
-14
-73
-28
86
352
449
565
646
706
649
856
935
949
943
843
938
897
854
850
850
852
764
684
611
625
554
460
430
429
258
312
338
294
362
413
458
530
629
491
460
470
516
273
303
166
140
164
71
-44
-76
-163
-162
44
28
86
64
117
13
-84
-90
-117
-98
-109
-79
-198
-241
-274
-254
-377
-577
-680
-781
-804
-884
-886
-773
-700
-601
-481
-467
-424
-327
-400
-448
-420
-602
-665
-668
-586
-671
-509
-448
-328
-247
-379
-472
-556
-643
-592
-790
-854
-769
-1076
-1106
-1242
-1270
-1266
-1427
-1450
-1362
-1309
-1193
-1059
-896
-875
-912
-818
-811
-752
-874
-919
-1016
-1118
-953
-827
-658
-595
-607
-532
-660
-679
-687
-663
-599
-556
-537
-403
-461
-475
-487
-379
-376
-517
-309
-446
-211
-164
-59
-13
27
142
135
252
172
201
118
53
151
123
180
49
123
259
114
101
130
422
512
564
614
647
531
429
413
283
50
6
103
183
226
239
210
173
129
51
-15
-21
-144
-126
-22
-21
35
126
13
41
74
55
-33
-86
-25
-106
-66
-39
95
-53
-5
17
-37
40
71
296
352
477
543
605
615
650
547
457
471
301
211
145
199
270
363
536
631
656
803
694
808
763
739
785
825
705
643
771
743
727
817
820
876
988
931
1081
1141
1120
1131
1051
983
988
794
756
736
645
657
607
533
649
535
449
313
204
82
-64
-91
-151
-329
-425
-398
-484
-502
-405
-515
-423
-394
-332
-183
-117
-66
-82
-98
-249
-324
-363
-399
-391
-354
-259
-313
-370
-242
-299
-181
-182
-97
-65
-48
-39
-66
8
-219
-125
-108
-127
-103
15
120
291
370
496
588
601
650
516
469
410
288
127
124
254
407
397
410
353
186
211
179
90
-7
-28
-37
-155
-233
-144
-210
-192
-198
-297
-155
-101
140
198
258
294
424
400
142
31
-124
-204
-290
-126
-192
35
255
225
373
378
470
295
198
250
245
251
180
310
222
391
526
604
714
742
735
571
538
485
282
220
110
18
-81
-1
85
274
377
470
738
856
920
976
793
717
703
506
473
558
507
371
416
359
309
219
174
17
-38
-23
-47
47
107
153
187
325
301
394
526
494
320
231
231
207
27
9
-110
-164
-158
-225
-300
-389
-358
-365
-394
-387
-394
-377
-235
-255
-131
10
-22
-6
106
71
-5
69
74
-3
-18
53
-2
31
-35
-43
-43
-116
-90
-41
55
-85
-67
-171
-184
-277
-450
-370
-488
-529
-491
-437
-468
-294
-375
-375
-287
-224
-234
-141
54
-7
-60
-160
-145
-307
-340
-371
-439
-523
-504
-583
-528
-422
-618
-700
-730
-761
-679
-568
-627
-489
-504
-499
-512
-603
-393
-334
-373
-143
-94
-33
-97
-134
-102
-38
-20
-12
-73
-35
-43
-124
-67
-87
-98
-85
84
-2
52
35
155
190
163
338
468
520
537
605
590
496
495
390
257
407
230
191
180
218
203
158
403
458
476
402
282
197
110
-14
-112
-247
-276
-221
-280
-18
178
303
426
351
256
210
150
1
-7
29
114
-14
-11
45
-158
-297
-274
-276
-186
-266
-136
-155
-228
-246
-205
-84
-37
-99
-151
-201
-253
-281
-443
-401
-451
-454
-466
-379
-412
-556
-537
-576
-670
-517
-485
-419
-409
-467
-513
-737
-535
-583
-536
-458
-481
-440
-455
-427
-437
-499
-470
-469
-566
-462
-470
-384
-325
-274
-273
-405
-340
-331
-271
-294
-357
-339
-296
-333
-312
-286
-304
-263
-373
-399
-367
-300
-222
-123
-76
-133
-62
-68
41
201
11
-43
-1
-32
-78
-66
34
9
33
-85
-39
-28
-106
-6
-52
-55
-91
-62
-100
-39
-76
-8
-107
-177
65
195
152
132
250
140
289
292
259
276
298
196
181
242
135
206
399
514
555
608
808
773
598
690
754
762
817
761
818
870
812
728
682
550
430
593
646
660
613
439
361
493
504
451
317
298
352
388
422
294
438
617
554
652
856
968
1051
1043
999
963
754
792
905
927
1059
845
805
899
1053
951
955
925
794
729
565
615
504
309
215
127
185
418
394
516
473
503
538
578
560
725
690
588
437
333
280
15
-93
-311
-270
-249
-196
-96
-54
36
24
-137
-169
-147
-269
-379
-335
-526
-621
-567
-500
-320
-329
-86
75
129
40
20
-125
-257
-441
-420
-448
-464
-488
-586
-532
-756
-848
-884
-677
-557
-434
-340
-326
-298
-418
-518
-646
-785
-654
-624
-679
-614
-649
-712
-721
-1001
-889
-784
-857
-745
-782
-759
-786
-731
-770
-706
-727
-749
-747
-850
-847
-808
-719
-643
-557
-308
-263
-211
-184
-202
-70
49
145
166
334
332
326
304
156
51
5
-101
-209
-220
-245
-197
-56
6
57
39
33
102
105
74
12
-80
-55
0
-56
-142
-109
-141
-224
-243
-266
-289
-322
-328
-255
-358
-308
-234
-205
-55
-21
-121
-86
-156
-230
-303
-277
-185
-318
-257
-338
-354
-302
-192
-105
-16
147
30
60
132
104
2
-4
24
4
17
53
-9
-26
-13
-27
-121
-127
-157
-198
-249
-257
-404
-408
-357
-472
-428
-397
-403
-494
-489
-469
-374
-254
-345
-304
-423
-420
-458
-562
-452
-549
-479
-568
-514
-753
-758
-742
-743
-727
-626
-462
-547
-482
-469
-484
-587
-675
-521
-475
-477
-438
-510
-514
-575
-670
-685
-550
-673
-699
-673
-562
-507
-470
-374
-344
-357
-205
-156
-72
-4
72
144
255
263
366
470
493
625
494
664
646
501
589
613
619
568
446
502
604
587
669
818
860
803
644
739
744
823
680
638
665
637
797
947
1000
844
931
824
805
728
676
627
627
559
679
559
501
595
443
454
253
153
20
-148
-58
-86
-192
-128
-176
-108
-47
134
218
254
202
324
363
324
365
327
398
380
324
301
341
431
364
343
277
248
282
184
173
298
386
494
555
454
566
433
489
452
374
394
369
359
281
228
190
305
272
308
315
356
267
311
317
404
400
439
454
552
733
769
863
942
898
888
988
929
1007
1106
1109
1153
1009
1009
1169
1066
863
881
829
726
733
630
443
351
376
378
551
559
508
422
424
345
345
313
137
203
65
-168
-286
-325
-227
-145
-328
-269
-237
-249
-267
-218
-303
-229
-190
-122
-104
-181
-392
-676
-662
-778
-804
-775
-617
-539
-467
-377
-341
-314
-256
-122
-34
-63
-9
100
105
135
111
-3
4
-107
-96
-1
-91
-22
-83
-1
-131
-142
-95
-28
-87
-315
-446
-605
-644
-690
-668
-746
-799
-775
-725
-791
-754
-583
-475
-373
-336
-209
-69
-40
-49
-231
-252
-308
-553
-644
-695
-603
-590
-534
-529
-526
-471
-400
-192
-149
-238
-198
-247
-333
-347
-528
-509
-578
-496
-392
-398
-473
-448
-509
-616
-631
-776
-833
-876
-858
-984
-1039
-1042
-1022
-978
-933
-810
-701
-569
-554
-599
-608
-682
-622
-598
-632
-637
-636
-696
-724
-822
-955
-760
-659
-375
-186
-71
59
40
-81
-92
-230
-425
-403
-555
-489
-426
-454
-422
-388
-343
-289
-230
-93
-85
-65
-40
-62
-169
-200
-257
-247
-206
-292
-334
-418
-314
-329
-424
-364
-326
-254
-291
-245
-335
-281
-271
-253
-301
-407
-572
-653
-747
-901
-905
-953
-797
-828
-635
-551
-517
-282
-58
-61
-162
-62
6
-5
85
244
303
228
134
81
4
-31
63
120
207
332
176
214
84
136
132
118
172
-7
69
221
268
387
480
584
707
804
826
842
667
562
650
606
704
745
729
702
697
631
619
531
471
386
215
209
118
37
157
155
238
273
267
204
170
319
201
216
134
-4
68
-98
-175
37
-113
-166
-161
-125
64
-7
140
176
99
233
90
119
103
36
146
231
331
243
354
475
406
416
519
383
262
196
157
188
156
33
67
140
310
317
423
560
574
749
718
791
890
887
865
932
1053
934
847
780
971
1025
926
916
872
954
694
704
680
626
623
588
496
414
405
213
231
171
159
251
281
218
226
208
254
183
201
352
325
397
452
407
457
522
581
730
783
827
724
737
792
825
762
912
869
710
548
565
509
542
541
523
530
450
385
383
308
216
201
107
175
117
143
179
113
59
65
-101
-146
-235
-136
-149
-12
53
19
46
28
44
73
78
83
195
175
144
107
-9
-234
-330
-366
-475
-544
-585
-477
-410
-325
-309
-353
-422
-420
-456
-418
-284
-256
-133
-109
-75
-120
-186
-176
-165
-141
-124
-38
47
122
124
156
133
160
81
112
15
24
-140
-273
-303
-415
-388
-493
-375
-360
-401
-264
-295
-184
-317
-316
-333
-436
-482
-557
-408
-436
-336
-312
-151
-38
-98
-94
-89
-156
-152
-166
-243
-267
-355
-287
-315
-339
-228
-267
-222
-275
-161
-135
-218
-240
-224
-252
-332
-291
-328
-416
-441
-354
-427
-469
-477
-453
-313
-351
-347
-326
-385
-307
-259
-212
-332
-181
-282
-366
-311
-405
-251
-106
-5
40
22
-51
-97
-2
40
48
246
265
182
152
87
-41
6
-26
-224
-383
-257
-255
-218
-119
-52
-74
-57
-87
43
86
31
93
94
54
-62
-43
-154
-66
-74
-28
-45
49
44
27
136
91
151
275
145
180
91
-19
-18
-195
-326
-340
-280
-314
-339
-314
-177
-124
-4
-83
-43
-45
81
159
100
231
253
265
333
303
271
122
46
92
3
103
20
84
49
-78
2
-67
9
89
-79
-98
-153
-169
-146
-239
-282
-189
-263
-183
-177
-376
-385
-411
-319
-254
-270
-282
-188
-191
-140
-69
48
56
105
-20
-2
-10
146
327
505
626
627
680
638
719
733
666
641
579
499
411
374
534
456
428
512
514
546
598
697
721
730
708
639
619
477
467
442
374
441
550
578
690
693
657
626
754
655
605
757
713
688
378
246
103
20
109
209
421
588
608
668
894
942
1116
1174
1325
1532
1534
1525
1522
1502
1447
1455
1350
1386
1216
1108
987
909
1008
953
1016
1046
1242
1169
1116
1108
1094
1066
892
822
684
664
603
457
488
534
485
490
481
559
605
519
489
385
358
437
369
153
123
99
67
170
168
198
176
103
25
-93
-22
-117
-237
-119
-277
-290
-258
-306
-458
-591
-495
-556
-523
-648
-881
-807
-796
-800
-627
-565
-487
-398
-296
-374
-310
-356
-529
-590
-692
-652
-603
-483
-468
-438
-568
-527
-499
-570
-628
-628
-626
-376
-324
-456
-519
-706
-813
-784
-792
-988
-972
-989
-1128
-1042
-1092
-890
-850
-706
-687
-768
-789
-878
-867
-802
-728
-624
-623
-590
-514
-618
-566
-544
-555
-583
-641
-539
-435
-371
-335
-228
-350
-298
-246
-178
-191
-305
-246
-313
-395
-322
-244
-221
-268
-200
-143
-269
-269
-214
-231
-252
-237
-35
61
159
273
323
283
171
270
304
345
420
347
494
495
426
497
264
290
252
185
144
4
88
164
223
232
91
33
-26
-158
-313
-308
-445
-471
-492
-503
-488
-388
-339
-424
-369
-497
-598
-773
-875
-887
-791
-768
-665
-479
-396
-352
-402
-290
-340
-454
-556
-455
-510
-479
-418
-538
-607
-716
-662
-670
-567
-611
-494
-598
-439
-410
-488
-517
-603
-702
-856
-747
-875
-726
-656
-685
-609
-621
-629
-562
-597
-689
-587
-661
-681
-614
-646
-623
-734
-785
-861
-908
-1155
-1143
-1058
-1033
-776
-858
-750
-731
-489
-591
-594
-530
-596
-617
-724
-814
-858
-743
-762
-953
-967
-931
-1001
-965
-908
-985
-949
-850
-812
-756
-687
-463
-444
-468
-521
-487
-548
-596
-529
-674
-495
-738
-980
-853
-773
-752
-709
-668
-489
-319
-187
-78
92
-5
13
84
31
100
119
171
152
278
343
382
531
609
696
709
810
868
852
912
906
919
926
1023
1123
1020
1058
956
1091
1104
1177
1214
1209
1180
1073
1031
1081
1017
836
957
858
889
960
950
906
953
1051
1084
1114
805
809
673
444
610
570
641
600
729
769
819
842
773
776
739
710
563
582
700
633
671
675
773
929
829
673
449
341
199
179
90
-159
-21
36
41
140
215
284
382
439
486
472
326
234
82
-139
-270
-473
-557
-542
-610
-514
-543
-448
-420
-334
-311
-220
-262
-371
-251
-322
-263
-26
16
90
47
14
262
331
385
376
284
181
71
-110
-174
-152
-149
-67
13
74
48
-56
-173
-161
-246
-334
-423
-492
-373
-241
-266
-143
5
-277
-302
-282
-440
-447
-567
-565
-569
-500
-580
-616
-644
-666
-695
-673
-569
-424
-447
-527
-489
-368
-357
-324
-51
7
106
52
-23
67
-39
14
254
53
133
112
42
-60
-77
-178
-181
-132
-186
-43
10
36
124
235
253
198
229
97
180
179
134
106
34
95
-17
244
209
224
133
-65
-18
-118
-49
-10
49
126
15
-13
-62
-217
-11
-85
-45
-123
-145
40
10
158
91
-23
75
92
20
163
246
187
244
116
69
56
143
72
79
86
-49
-70
-253
-337
-449
-656
-758
-742
-890
-926
-882
-969
-993
-1099
-1099
-1037
-1099
-992
-1184
-1246
-1204
-1319
-1235
-1093
-960
-901
-841
-771
-695
-708
-613
-535
-533
-433
-429
-326
-242
-224
-209
-135
-114
-116
-90
-209
-302
-344
-360
-373
-521
-575
-834
-927
-991
-962
-835
-840
-853
-1051
-1067
-1088
-1037
-1097
-1196
-1194
-1214
-1241
-1136
-875
-800
-763
-728
-605
-742
-786
-900
-973
-1011
-1036
-1030
-963
-835
-673
-635
-474
-375
-483
-438
-565
-554
-519
-376
-338
-383
-495
-377
-214
-165
133
276
384
531
613
622
638
715
567
577
443
253
322
268
331
274
243
134
280
415
316
470
436
537
666
769
782
806
775
805
798
676
539
446
349
341
426
559
657
660
960
1027
1253
1345
1410
1449
1465
1641
1562
1485
1503
1416
1281
1207
1247
1294
1193
1161
1222
1342
1396
1429
1315
1339
1285
1078
1136
883
742
606
530
403
418
524
529
557
440
527
595
758
911
885
808
770
753
844
856
808
745
768
798
815
700
554
505
292
268
248
159
-9
79
51
-66
22
-22
-123
-179
-204
-178
-116
-170
-28
-50
-44
-44
-39
-95
-249
-133
-182
-78
44
117
216
228
118
220
84
47
-59
-112
-230
-333
-400
-397
-323
-315
-264
-297
-326
-409
-453
-548
-385
-351
-464
-391
-358
-374
-325
-393
-398
-272
-339
-277
-164
-200
-121
-66
-2
37
-66
-74
-57
21
205
343
492
612
732
721
659
478
475
375
265
130
71
47
208
290
249
386
400
446
223
170
-46
-104
-28
-130
40
162
262
465
518
593
572
489
405
366
374
291
157
124
75
-27
210
324
416
661
799
906
913
863
707
507
384
220
197
115
72
-10
5
150
152
290
295
383
493
657
801
958
964
859
1014
1030
926
825
724
530
328
253
201
-18
-83
-105
-153
-175
-269
-174
-117
-51
-60
54
38
-166
-141
-232
-196
-365
-470
-350
-364
-236
-111
-92
-14
67
107
-61
-266
-432
-463
-563
-687
-614
-596
-683
-698
-688
-814
-834
-921
-789
-789
-800
-777
-817
-736
-700
-625
-622
-672
-870
-947
-940
-977
-903
-802
-855
-772
-704
-753
-808
-794
-889
-1012
-1081
-1094
-850
-814
-704
-642
-663
-640
-603
-536
-417
-425
-502
-379
-232
-206
-62
-23
57
84
54
54
5
-109
-25
-114
-126
-202
-259
-294
-337
-321
-478
-475
-465
-285
-195
11
72
98
256
262
240
208
203
181
-34
-50
-200
-210
-260
-264
-124
-133
-59
38
234
253
301
341
259
313
410
445
373
348
312
495
567
645
623
604
501
490
590
590
694
872
952
964
1003
952
820
760
867
881
816
796
762
679
604
655
660
735
720
695
687
706
646
616
826
860
906
808
794
705
626
624
601
603
571
687
606
595
600
470
454
411
500
431
410
544
618
711
571
499
495
612
573
657
801
740
729
736
726
651
458
437
560
512
459
414
407
309
299
404
388
447
492
476
434
392
361
210
164
201
216
436
405
289
344
430
366
416
438
566
565
637
780
641
495
397
467
428
429
390
155
10
-57
-138
-134
-55
7
83
212
173
233
253
253
84
102
225
51
65
-89
47
124
70
87
161
174
256
361
245
282
386
420
488
568
443
341
366
279
162
176
216
218
203
311
255
176
223
268
349
268
422
433
397
505
516
471
547
556
579
825
883
906
810
930
970
889
809
855
842
804
852
767
680
696
787
528
563
382
156
184
11
153
96
143
100
193
321
415
558
495
415
244
229
260
163
148
251
275
297
265
384
531
503
506
629
568
631
490
403
387
-17
-170
-199
-251
-250
-89
-145
-205
-174
-82
-139
-83
-34
-198
-218
-436
-626
-648
-765
-915
-990
-1033
-1169
-1151
-1121
-1029
-829
-656
-528
-481
-421
-487
-680
-752
-698
-540
-595
-681
-899
-1170
-1345
-1404
-1215
-1208
-1112
-1034
-839
-655
-540
-502
-410
-409
-520
-450
-421
-490
-592
-646
-642
-517
-444
-247
-102
-70
80
165
259
193
277
293
-18
-70
-268
-370
-377
-580
-637
-689
-799
-780
-889
-801
-826
-751
-466
-478
-382
-313
-477
-510
-575
-799
-870
-860
-952
-908
-911
-1058
-1034
-1295
-1245
-1265
-1183
-1259
-1340
-1264
-1320
-1317
-1273
-1080
-1103
-863
-772
-749
-668
-569
-568
-745
-767
-680
-623
-600
-470
-453
-316
-126
-228
-27
-54
-72
-178
-231
-172
-225
-355
-425
-316
-225
-165
18
90
161
95
56
134
216
318
283
327
288
254
87
87
140
48
153
205
164
281
321
400
290
278
324
368
288
182
115
21
122
-12
43
123
183
264
294
387
473
491
379
447
400
433
514
393
370
397
365
412
367
333
354
204
188
160
189
181
78
139
57
-67
-50
16
-102
-217
-110
-103
53
-18
-32
57
19
66
35
54
37
81
-16
-88
-139
-304
-212
-183
-155
-205
-315
-332
-242
-227
-283
-284
-333
-344
-333
-331
-228
-215
-154
96
69
64
149
292
166
154
101
-65
15
-18
14
71
28
104
33
-31
-104
-99
-32
-126
-153
-297
-269
-167
-30
13
-15
-16
-59
42
-31
15
66
59
147
59
117
-52
-145
-191
-181
-136
-175
-67
-31
-45
-80
2
169
-12
-103
-87
-122
-70
-47
-115
-76
-17
-143
-164
-157
-118
-21
22
193
247
316
247
271
270
244
318
378
358
415
395
435
464
413
579
678
666
670
704
601
755
612
457
561
543
487
415
304
293
319
399
530
599
659
656
630
499
354
203
252
92
50
-54
-218
-279
-391
-339
-375
-348
-320
-342
-325
-464
-575
-752
-936
-925
-1064
-1013
-1033
-894
-931
-909
-848
-967
-725
-684
-644
-573
-375
-398
-265
-168
-101
88
-13
183
311
124
255
250
354
423
494
560
568
679
517
680
606
603
476
380
333
201
357
429
606
736
701
751
711
747
727
662
630
670
706
646
744
759
606
410
326
76
-57
17
-62
-199
-375
-626
-743
-852
-945
-1028
-1292
-1370
-1430
-1553
-1625
-1707
-1789
-1883
-1967
-1998
-1970
-2011
-2105
-2214
-2435
-2311
-2316
-2460
-2531
-2713
-2719
-2942
-3068
-3088
-3281
-3379
-3283
-3292
-3222
-3190
-3163
-3038
-3191
-3264
-3244
-3270
-3188
-3239
-3303
-3235
-3314
-3286
-3217
-3111
-2903
-2599
-2399
-2328
-2101
-1869
-1622
-1259
-907
-274
239
586
1161
1473
1971
2327
2808
3065
3453
3740
3953
4162
4301
4460
4458
4539
4489
4323
4236
4273
4155
3888
3818
3630
3385
3118
2818
2636
2541
2391
2128
1874
1700
1733
1664
1464
1193
963
835
785
754
831
736
616
579
431
334
390
370
201
88
176
88
68
105
-26
73
114
170
245
256
211
111
67
96
-10
4
-23
-233
-409
-317
-432
-669
-732
-952
-1158
-1366
-1317
-1504
-1587
-1729
-1917
-1990
-2153
-2360
-2466
-2646
-2912
-3126
-3399
-3619
-3770
-3847
-4130
-4270
-4283
-4285
-4402
-4580
-4695
-4930
-5004
-5090
-4934
-4764
-4510
-4262
-4098
-3934
-3708
-3206
-2436
-1736
-991
-485
20
543
1161
1928
2237
2698
3113
3573
4035
4289
4603
4528
4401
4275
4211
4154
3960
3867
3591
3574
3539
3454
3363
3124
3055
2884
2847
2892
2868
2681
2460
2268
2005
1823
1676
1573
1453
1289
1067
962
934
777
778
502
344
429
332
158
101
-79
-284
-340
-413
-331
-370
-270
-50
8
221
311
359
556
686
943
1114
1226
1470
1486
1413
1460
1382
1312
1301
1321
1291
1291
1311
1356
1330
1323
1293
1226
1147
1041
971
845
748
621
474
504
479
301
264
82
-49
-191
-369
-421
-420
-457
-649
-795
-960
-1152
-1315
-1389
-1520
-1741
-1871
-2099
-2236
-2286
-2426
-2433
-2578
-2656
-2841
-2915
-3161
-3153
-3041
-3327
-3371
-3432
-3447
-3237
-2996
-2603
-2058
-1669
-1175
-682
-129
508
938
1328
1808
2143
2465
2820
2981
3253
3316
3295
3490
3516
3393
3434
3330
3173
3060
2838
2819
2550
2341
2170
1882
1923
1774
1604
1473
1401
1226
996
1006
975
826
513
363
316
116
43
-152
-301
-516
-766
-723
-651
-704
-610
-747
-697
-691
-891
-1000
-1013
-865
-756
-488
-213
46
151
329
293
326
306
296
389
217
120
64
19
27
10
-34
-83
-256
-532
-551
-548
-698
-778
-1054
-1141
-1121
-1094
-1054
-829
-800
-848
-883
-1020
-1003
-1246
-1281
-1399
-1376
-1531
-1687
-1715
-1834
-1897
-1884
-1892
-1931
-1814
-1785
-1984
-2051
-2069
-2252
-2362
-2489
-2518
-2630
-2738
-2793
-2914
-3059
-3122
-3135
-3211
-3250
-3235
-3218
-3083
-2690
-2283
-1858
-1558
-1176
-729
-473
110
647
952
1534
2057
2486
2864
3140
3217
3359
3535
3548
3599
3488
3482
3502
3418
3271
3226
3205
3197
3250
3115
3168
3163
3140
3223
3277
3422
3377
3304
3350
3148
2975
2649
2661
2395
2134
1808
1628
1567
1314
1385
1196
915
599
240
-132
-276
-453
-591
-700
-995
-1213
-1483
-1601
-1554
-1377
-1463
-1473
-1417
-1472
-1529
-1511
-1422
-1515
-1707
-1830
-1864
-1894
-2083
-2175
-2253
-2551
-2557
-2642
-2803
-2687
-2636
-2536
-2564
-2609
-2517
-2487
-2321
-2375
-2400
-2316
-2369
-2235
-2177
-2037
-2009
-1920
-1747
-1598
-1527
-1299
-1359
-1542
-1409
-1337
-1208
-1066
-1034
-1151
-949
-732
-753
-531
-550
-774
-736
-615
-646
-801
-1004
-1080
-1334
-1316
-1288
-1312
-1345
-1326
-1151
-1096
-826
-512
-258
37
493
953
1477
2058
2580
3085
3503
4156
4758
5075
5408
5647
5695
5938
6097
6006
5951
5723
5523
5252
5264
5105
4871
4444
3976
3647
3248
3208
3098
3029
2774
2610
2387
2201
2055
1772
1771
1457
1323
1357
1367
1312
1264
1129
1026
1042
1041
1082
1231
1098
946
756
436
261
141
-63
-85
-23
-84
-87
-220
-457
-615
-624
-588
-543
-542
-475
-478
-618
-581
-532
-651
-743
-626
-497
-449
-236
-242
-489
-377
-572
-607
-708
-616
-692
-973
-838
-946
-927
-940
-784
-686
-595
-699
-707
-548
-590
-856
-1052
-1085
-1183
-953
-899
-858
-833
-938
-1063
-1237
-1014
-1045
-1190
-1177
-1155
-1097
-1010
-1010
-1228
-1342
-1523
-1454
-1456
-1319
-1268
-1411
-1596
-1750
-1768
-1798
-1637
-1596
-1224
-1235
-1063
-825
-655
-298
90
416
705
1094
1339
1537
1676
1823
1917
1898
1989
1968
1861
1732
1500
1415
1328
1311
1265
1126
828
705
673
600
714
526
547
621
712
871
807
820
747
809
911
893
1144
1271
1289
1252
1156
1371
1288
1254
1282
1332
1214
1057
953
607
523
412
256
209
87
-137
-528
-800
-1028
-1222
-1399
-1364
-1356
-1239
-1103
-1245
-1363
-1416
-1282
-1251
-1118
-1133
-1119
-1147
-1139
-1232
-1309
-1310
-1413
-1170
-1282
-883
-788
-940
-901
-968
-718
-663
-420
-594
-549
-314
-275
-293
-264
-169
-165
-177
-377
-170
-9
-67
-41
-151
-231
-181
-274
-417
-399
-650
-823
-985
-1096
-1208
-1285
-1437
-1570
-1738
-2082
-2177
-2184
-2177
-2320
-2737
-2915
-2828
-2883
-2722
-2421
-2145
-1915
-1921
-1500
-1282
-933
-458
-111
173
618
1303
1546
1779
2048
2164
2093
2276
2524
2469
2368
2535
2573
2474
2425
2343
2113
1903
1772
1765
1794
1794
1712
1490
1628
1678
1856
1822
1889
1971
1951
2254
2421
2544
2555
2222
1973
1808
1748
1904
1835
1501
1312
1076
632
337
130
-148
-231
-413
-606
-692
-1212
-1424
-1601
-1994
-1845
-1914
-1979
-1939
-1865
-1936
-2244
-2249
-2213
-2116
-2033
-1794
-1899
-1893
-1901
-2079
-1951
-1655
-1479
-1401
-1137
-818
-689
-869
-811
-513
-416
-195
10
195
126
294
488
261
427
802
771
600
709
761
569
612
365
147
167
259
-1
-117
-377
-479
-603
-1137
-1083
-1179
-1024
-1220
-1430
-1392
-1674
-1666
-2129
-2259
-2323
-2535
-2411
-2460
-2608
-2558
-2461
-2388
-2290
-1797
-1321
-1246
-954
-547
-308
159
605
956
1220
1552
2059
2305
2549
2668
2582
2816
3022
3141
3113
2953
3241
2916
2860
2748
2550
2463
2362
2304
2266
2187
2241
2115
1839
1800
1976
2166
2200
2190
1954
2044
1949
1953
1672
1688
1452
1158
1247
1070
842
815
500
122
134
-130
-457
-825
-797
-987
-934
-819
-905
-1007
-1121
-1040
-953
-848
-1070
-906
-600
-691
-939
-928
-774
-992
-1260
-1160
-783
-663
-938
-814
-580
-641
-626
-379
-637
-578
37
-310
-505
368
380
-72
157
422
481
146
197
87
69
-168
-113
-69
-634
-290
-334
-485
-922
-697
-939
-1165
-1265
-1383
-1378
-1518
-1374
-1836
-1991
-2074
-2026
-2117
-2293
-2113
-2467
-2548
-2768
-2778
-2777
-2988
-3043
-2936
-2833
-3274
-3234
-2977
-2661
-2250
-1938
-1481
-1127
-842
-686
-236
258
633
868
1259
1741
1988
2277
2204
2482
2581
2565
2650
2775
2864
2833
3051
3017
2893
2737
2692
2417
2340
2070
1868
2127
2123
1955
1995
1964
1832
1730
1598
1723
1705
1698
1446
1263
1237
1158
806
457
378
249
50
-310
-478
-878
-1154
-1356
-1814
-1870
-1784
-1654
-1836
-1814
-1902
-2090
-2151
-2034
-1896
-1744
-1390
-1313
-1299
-1416
-1240
-1220
-1381
-1106
-916
-716
-713
-669
-881
-1056
-870
-717
-947
-701
-354
-153
-438
-538
-125
-168
-312
-73
404
35
169
306
126
-760
-338
-99
-623
-698
-681
-772
-1241
-1020
-1475
-1719
-1650
-1893
-1867
-2108
-2032
-2142
-2503
-2602
-2714
-2845
-3148
-3160
-2984
-3143
-3408
-3283
-3340
-3405
-3379
-3043
-2813
-2801
-2776
-2771
-2614
-2662
-2494
-1926
-1346
-1154
-1160
-953
-526
-111
360
855
1170
1651
2304
2472
2744
2758
2870
2948
3006
3116
3167
3315
3504
3372
2964
2879
2655
2669
2421
2055
1984
2419
2726
2276
2027
1962
1942
1579
1365
1517
1588
1628
1391
877
801
614
291
-101
-44
0
-264
-565
-573
-372
-674
-732
-854
-877
-669
-899
-1042
-821
-896
-1333
-1501
-916
-752
-917
-796
-599
-411
-636
-578
-41
-139
-219
-53
146
131
100
-108
-283
-172
-161
454
629
698
833
759
716
961
1132
815
1369
1390
1199
937
1000
1074
409
436
281
288
144
101
-321
-461
-108
-430
-566
-322
-330
-738
-996
-848
-1223
-1509
-1555
-1593
-1700
-1837
-1877
-2004
-2023
-2312
-2282
-1948
-1955
-1923
-1807
-1652
-1375
-1318
-1656
-1598
-1639
-1691
-1232
-537
-30
3
245
600
875
1237
1547
2096
2470
2567
3007
3477
3972
3906
4108
4364
4503
4507
4481
4522
4386
4081
3880
3825
3767
3683
3138
2892
2894
2885
2744
2718
2582
2258
2018
2052
1884
1791
1707
1367
1300
1131
869
690
725
474
158
183
196
134
166
-185
-294
-566
-570
-572
-709
-628
-596
-539
-1220
-904
-951
-762
-763
-639
-379
-249
-85
-436
-95
-52
-125
-211
-75
278
280
155
-155
54
-390
-472
-72
-180
-112
-321
18
-588
-246
-888
-816
-873
-711
-792
-775
-832
-1064
-989
-1359
-983
-1268
-1119
-1648
-1707
-1894
-2081
-2457
-2360
-2347
-2428
-2295
-2716
-2652
-3027
-2750
-2735
-2893
-2950
-2989
-2774
-3016
-3009
-3017
-2962
-2932
-2871
-2720
-2642
-2487
-2395
-2481
-2388
-2344
-1999
-1383
-1007
-572
-325
-211
157
446
922
1517
2270
2849
3345
3705
4012
4374
4372
4463
4493
4590
4534
4528
4305
4234
4207
4076
3502
3511
3390
2881
2620
2559
2493
2344
2312
2014
1750
1208
1093
1026
1185
1058
1045
1097
798
682
348
366
128
-25
152
-92
-129
-435
-598
-679
-1250
-1359
-1609
-1355
-1425
-1732
-1801
-2084
-2607
-2528
-2111
-2283
-1620
-1662
-1902
-1789
-1955
-2103
-2081
-2150
-1739
-1569
-1662
-1395
-1547
-1889
-1970
-1845
-1670
-1563
-876
-895
-953
-980
-1013
-998
-888
-875
-714
-851
-889
-972
-1299
-1650
-1541
-1238
-2108
-1991
-2065
-2155
-2560
-2299
-2173
-2371
-2321
-2318
-2603
-2993
-2564
-2851
-3042
-2754
-2607
-2638
-3075
-2513
-2535
-2599
-2574
-2329
-2664
-2764
-2332
-2401
-2129
-1985
-1559
-1811
-1894
-1760
-1207
-749
2
674
1183
1235
1538
2269
2689
3389
3792
3946
4323
4916
5167
5274
5314
5334
5386
5286
5407
5329
5060
4799
4750
4617
3943
3867
3742
3159
2957
2728
2730
2478
2458
2191
1876
1740
1522
1277
1343
1458
1549
1651
1561
1495
979
917
608
745
723
607
484
222
91
-267
-164
-446
-651
-758
-602
-445
-662
-757
-956
-966
-924
-627
-337
-191
-334
-584
-584
-712
-842
-720
-290
-216
-411
-106
-385
-408
-468
-229
-382
-23
584
189
357
-47
332
-231
-50
328
225
68
198
76
-608
279
144
-403
-356
80
-211
-738
-1059
-1270
-1004
-1737
-1499
-1331
-1364
-2172
-2423
-2165
-2473
-2228
-2570
-2298
-2470
-2302
-2417
-3039
-2845
-2992
-3444
-3489
-2955
-2723
-2998
-2640
-2555
-2948
-2593
-2185
-1806
-1253
-691
141
542
545
1146
1743
2421
3118
3787
4185
4552
4844
5035
5112
5311
5476
5514
5176
5357
5367
4775
4777
4743
4588
3934
3765
3413
2674
2214
2075
1671
1437
1368
1241
1044
877
485
732
592
482
728
436
495
293
32
-189
-26
53
-45
-260
18
-220
-527
-908
-1187
-1079
-1454
-1316
-1104
-1227
-1571
-1791
-1955
-2299
-2078
-1825
-1766
-1498
-1734
-1795
-1771
-1709
-1766
-1596
-1058
-1116
-814
-616
-662
-1197
-1047
-1049
-890
-497
-474
-236
-331
-697
-697
-327
-464
-326
-402
-439
-514
-701
-774
-1251
-936
-1073
-1191
-1254
-1278
-1480
-2445
-2540
-2129
-2429
-2406
-1731
-2178
-2653
-3023
-2784
-2924
-2929
-2812
-2482
-2366
-2919
-2969
-3175
-3118
-2756
-3007
-2780
-2242
-2170
-2699
-2788
-2940
-2981
-2602
-1893
-921
-198
301
161
503
1120
2368
3160
4038
4653
4498
4497
5060
5687
5705
6190
6272
6178
5637
5701
5175
4518
4415
4436
4404
3693
3098
2030
1142
496
523
636
921
601
-124
-820
-1234
-1555
-1699
-1582
-1131
-869
-801
-1170
-1482
-1564
-1959
-1439
-858
-495
-461
-768
-1149
-1856
-2358
-1861
-1603
-1344
-1253
-1236
-1369
-1646
-2304
-2353
-1917
-1752
-1454
-1332
-1481
-1592
-2001
-1981
-1488
-930
-689
-847
-850
-1096
-684
-688
-268
13
129
510
399
489
503
655
659
639
1089
1187
778
919
639
537
668
761
407
246
389
58
-52
146
263
-74
-326
-886
-892
-952
-1014
-1359
-1690
-1690
-1996
-2386
-2267
-1804
-2387
-2771
-2732
-2751
-2395
-2971
-2785
-2778
-3146
-3173
-2557
-1792
-1953
-2396
-2593
-2287
-1509
-430
706
1357
1052
1391
2260
3380
4456
5291
5915
6296
6958
7245
7961
8319
8549
8369
8164
8170
8033
7263
6631
6745
6409
6034
5371
4916
3335
2141
1595
1463
1535
1169
920
168
-720
-1535
-1569
-1467
-1545
-1334
-1032
-883
-925
-1393
-1836
-1735
-1481
-1252
-680
-504
-372
-518
-879
-907
-735
-561
-7
623
444
307
-64
-203
-18
67
480
505
397
107
-493
-706
-487
-364
-499
-325
-142
-606
-1062
-905
-1126
-1007
-1165
-813
-341
-571
-912
-969
-1114
-1107
-390
57
625
124
-518
-413
-147
-53
92
530
402
-303
-681
-558
-167
-498
-1015
-1148
-1266
-1411
-1780
-1992
-2193
-2332
-2581
-2609
-2912
-3328
-3915
-4398
-4368
-4434
-4180
-4475
-4973
-5496
-5616
-5317
-4734
-4210
-4634
-5236
-5491
-5069
-4309
-3147
-1258
-143
-394
-281
987
2484
3995
5790
6776
6529
6867
8143
8981
8813
9594
10032
9751
9202
8860
8080
6932
6627
6783
6445
5729
5133
3534
2016
918
834
847
650
495
-540
-1322
-2006
-2404
-2586
-2080
-1714
-1712
-1688
-1655
-1572
-1741
-1876
-1683
-958
-675
-517
-322
-511
-1090
-1181
-742
-113
536
696
441
124
-125
-275
63
491
741
616
385
124
-500
-801
-731
-366
6
-81
-663
-1127
-1512
-1846
-1503
-1391
-1191
-1272
-1590
-1609
-1954
-1819
-1226
-739
-474
-551
-464
-406
-509
-263
77
504
257
89
-14
-415
-747
-802
-491
-862
-982
-1595
-2118
-2482
-2748
-2962
-3135
-3359
-3971
-4385
-5058
-5110
-5162
-5522
-5817
-5889
-6216
-6827
-7093
-7335
-7777
-7992
-7533
-6721
-6749
-7479
-8555
-8040
-6789
-4894
-2757
-1132
-885
-1988
-1005
926
3313
5392
7376
7472
7046
7300
8453
9447
9957
11176
10682
9988
8924
8697
7532
6725
6841
7046
6369
5143
4216
2145
825
148
593
500
164
-683
-2015
-3069
-3603
-3022
-2820
-2574
-2722
-2863
-2796
-2723
-2619
-2890
-2549
-1875
-1598
-1402
-889
-744
-1133
-1628
-1125
-46
62
289
356
746
712
457
486
900
1612
1705
2139
2143
1658
662
739
1371
1253
1069
935
703
-481
-896
-825
-859
-1079
-1283
-1667
-2077
-2255
-2598
-2448
-2050
-1524
-1339
-937
-1044
-1245
-1294
-710
-126
422
1077
783
317
-57
-75
-94
211
356
86
-31
-827
-1367
-1857
-2009
-1599
-1798
-2332
-3090
-4239
-5131
-5129
-5055
-5256
-5607
-6534
-7914
-8470
-8427
-7496
-6725
-6888
-8020
-9330
-8619
-6995
-4712
-2493
-802
-1082
-1387
19
2415
5380
7023
8169
8052
8553
9380
10691
11466
12324
12339
11836
11628
11193
10192
8779
8738
8544
8122
6841
5870
4015
2116
1017
1354
1890
1182
304
-1091
-2290
-3099
-2755
-1810
-1454
-2078
-2619
-3019
-3152
-3007
-2325
-1845
-1704
-1474
-1511
-1424
-1403
-1212
-848
-322
-242
-15
53
89
49
649
975
1119
936
1063
1153
1155
1753
1465
1450
652
1028
772
914
954
803
349
-407
-171
-741
-1100
-1433
-1285
-1313
-1101
-1201
-1947
-2256
-1966
-1122
-261
-409
-489
-891
-995
-914
-211
502
880
1045
770
123
-87
124
292
258
-368
-173
-481
-867
-1522
-1772
-2017
-2593
-2703
-3328
-3752
-4754
-5250
-5584
-5996
-6691
-7372
-7786
-8260
-8294
-7644
-6759
-7136
-8583
-9375
-8627
-7235
-4780
-2020
-360
-1174
-1391
653
3420
6421
8549
9712
8990
9097
10660
12553
13593
14015
14282
13297
12160
11624
10871
9648
9178
9310
8721
7357
5939
3792
1849
983
1885
2704
2200
1038
-846
-2617
-3132
-2366
-1476
-1021
-1339
-2035
-2929
-3346
-3133
-2379
-2163
-1823
-1798
-2112
-2545
-2496
-2035
-1975
-1548
-1418
-1640
-2243
-2081
-1820
-1160
-996
-988
-996
-1175
-1390
-1249
-600
-210
-144
-38
9
-714
-1313
-1002
-589
-562
-133
-281
-1760
-3228
-2886
-2533
-2105
-1510
-1251
-2569
-3492
-3496
-2745
-2230
-1722
-929
-1124
-1906
-2367
-1566
-980
-425
173
231
-561
-1132
-1355
-1007
-959
-731
-473
-1191
-2404
-2778
-2431
-2858
-3103
-3627
-4068
-5050
-5747
-5921
-6073
-6296
-6923
-7986
-9260
-9399
-8887
-8136
-8301
-8932
-10024
-9831
-8811
-6768
-4251
-2719
-2585
-2994
-795
1561
5013
7722
9062
8554
8425
10320
12236
13901
14480
14741
13267
12379
12043
11862
10523
9799
9278
8242
6688
6052
5056
2826
1653
1189
1619
620
284
-821
-1820
-2558
-2524
-1984
-2307
-2645
-2654
-2347
-1997
-1557
-1466
-1562
-2048
-2036
-1972
-1103
-460
-193
-450
-88
-141
-566
-739
-126
645
997
1544
1729
1345
-213
-719
370
1913
2444
2757
1953
-138
-1668
-837
617
924
952
-183
-1764
-2607
-2152
-1888
-1727
-1673
-2159
-2849
-2707
-2336
-1911
-2263
-1624
-1039
-382
-534
-343
-92
-287
465
1180
2204
1507
891
566
965
1519
1876
1616
963
-165
-649
-392
-394
-661
-1955
-3078
-4358
-4800
-5361
-5950
-6754
-7220
-7987
-9027
-9693
-10419
-10268
-9824
-9428
-10296
-11095
-10243
-8621
-6984
-4816
-2844
-2543
-2936
-738
2873
6601
8668
9685
9606
10010
11705
14503
16627
16870
15755
13995
13557
13861
14166
12911
11806
10377
8597
7208
6916
6232
3928
2441
1937
2158
1216
400
-287
-1210
-2024
-1936
-938
-1351
-2103
-2543
-1990
-1501
-941
-369
-188
-519
-1009
-742
-75
1024
1268
1351
1290
1464
1452
1418
1787
1974
2569
2752
3360
3280
2434
1480
1772
2964
3184
3768
2958
1195
-567
-399
911
1064
649
-767
-2406
-3307
-2524
-2183
-2418
-2774
-3185
-4183
-3989
-2723
-2096
-2253
-2328
-1917
-2055
-1521
-757
50
-119
187
1202
1951
1794
1597
2039
2294
2353
2872
2815
2180
1432
1494
1741
1251
475
-556
-1763
-3070
-3466
-4027
-5328
-6780
-7653
-8423
-9443
-10696
-11197
-11387
-11363
-12216
-13567
-13307
-12041
-10477
-9069
-7356
-6430
-6395
-4759
-1226
2662
5328
6763
7216
7634
9535
12268
14861
15594
15667
14364
13141
13189
13335
13115
11716
11080
9534
7535
5883
5492
4653
2952
1527
1089
470
-803
-1525
-2340
-2899
-3608
-3401
-3590
-3639
-4246
-4262
-4336
-3839
-2756
-2351
-2404
-2808
-2693
-2734
-2110
-1057
-255
-420
-740
-399
202
500
941
1379
1718
2136
2628
2491
1909
1652
1611
2109
2752
3023
1414
-452
-1065
-550
4
335
-1106
-3740
-5188
-4662
-3738
-3229
-3858
-5376
-6838
-7363
-6137
-4896
-4221
-4733
-5259
-5337
-4860
-4124
-2561
-1809
-1656
-1518
-574
-244
-111
253
691
1423
1845
2517
1877
958
409
1014
1377
1185
506
-1007
-2670
-3548
-3679
-4308
-6082
-7714
-8744
-9719
-9895
-9893
-10121
-12145
-14525
-14816
-12375
-10100
-8453
-7412
-7707
-8698
-7450
-2731
1771
5195
6288
6056
5512
7810
11675
15102
16278
15805
14620
13399
13663
15088
15923
14369
12903
11373
9631
7991
7742
7255
5839
4500
2985
1746
869
499
-653
-1176
-1114
-1263
-2074
-2765
-2988
-3263
-2926
-2274
-1873
-2590
-2605
-1748
-1345
-1785
-1763
-1193
-923
-601
313
862
717
701
1015
1748
2332
3259
3876
3671
3406
3302
3643
3318
3878
4082
3200
1540
1012
1061
18
122
-249
-1570
-3891
-4376
-4260
-4780
-5070
-5058
-5864
-7153
-7932
-7297
-6476
-6089
-5556
-5286
-5517
-6108
-5322
-4422
-3036
-2058
-1334
-1178
-1266
-750
56
1128
1843
2446
2556
2203
1666
1696
2134
2655
2153
1322
-511
-2136
-3073
-3399
-4109
-5528
-7062
-8592
-9138
-8789
-8837
-11217
-13574
-13716
-12050
-10206
-8097
-6703
-7249
-8784
-7482
-3642
1120
4477
5829
4909
4047
5999
9776
13627
15475
15261
12992
11169
11294
13313
14856
15164
13421
10676
8128
7437
8272
7904
6566
4669
3379
1700
1519
1964
1463
415
-371
-544
-980
-1253
-893
-939
-1292
-1353
-583
-297
-926
-767
-106
908
1392
1630
1223
987
1323
2706
4358
5019
4309
3749
4083
5099
5880
6528
6570
5954
5122
4575
5047
4898
4473
3274
2836
1897
802
192
-605
-2128
-3230
-3250
-3665
-5159
-6714
-6772
-6797
-6717
-7474
-7153
-7509
-7979
-7941
-6998
-5864
-5854
-5603
-5542
-4952
-4597
-3282
-2123
-2065
-1641
-1151
-327
128
476
749
120
241
823
1309
874
287
-479
-1540
-1983
-2241
-2805
-4719
-6336
-7331
-8038
-7820
-7322
-8378
-11862
-13957
-12798
-10370
-8737
-7496
-7191
-8918
-9536
-6594
-2314
1658
3596
3698
2541
2965
5788
9026
11679
12934
12288
9874
8464
9257
10768
11214
11749
10269
7225
4395
4595
5126
4691
4379
3459
1949
-200
-229
-10
64
-134
-126
-523
-1921
-2720
-2215
-1414
-1481
-1297
-1178
-1890
-2207
-1824
-1163
-960
-465
641
997
698
156
553
1588
2680
3376
4247
4415
3594
2687
3399
5250
6177
6016
4975
3818
2124
2210
3195
3648
2269
407
-1665
-3603
-3883
-3479
-3574
-4734
-6470
-7994
-8447
-7988
-7641
-8244
-8086
-7998
-7656
-7682
-7336
-6973
-6546
-5913
-4700
-3234
-3345
-3163
-2828
-1666
-599
578
1623
1661
1172
842
1313
2411
3033
3274
2444
788
-239
-467
434
-123
-1608
-3919
-5543
-6636
-6858
-5776
-6086
-8942
-12273
-12544
-10497
-8760
-7133
-6186
-7164
-9262
-8075
-4224
-319
2649
3781
2725
1751
3397
6598
9777
11382
11909
10301
8843
8120
9398
10364
10889
10677
8467
5892
4093
4621
4530
4438
3805
2660
1227
159
105
-31
433
-7
-215
-711
-913
-816
-1275
-966
-729
-329
-658
-1023
-606
-390
-95
140
611
669
1015
1508
2766
3418
3301
3152
3544
5080
5942
6189
5742
6300
6624
6910
6916
7317
6319
4761
4706
5075
4274
2636
1687
-306
-2460
-2885
-2291
-3264
-5286
-6812
-7682
-7919
-7772
-8102
-8386
-8445
-8154
-7778
-7297
-6874
-7185
-6513
-5543
-3868
-3227
-3193
-2959
-2871
-2108
-831
1224
1726
1123
782
772
1341
2436
3321
3621
2450
746
-127
333
775
-34
-1218
-2624
-4246
-4835
-3734
-3494
-5533
-9000
-9798
-8558
-6331
-4568
-3498
-4386
-6554
-6093
-2833
1624
4434
5932
4589
3183
4316
7436
10153
11760
12423
10661
8606
8133
9097
9673
9768
9988
8136
5144
3599
4283
3901
2900
3230
3127
1417
-752
-878
-942
-247
715
1116
147
-1079
-1249
-588
586
1496
1746
967
-337
-804
-120
1181
2167
2539
2152
1371
1213
2207
3628
4494
4674
4281
4503
4881
5398
5101
5143
5492
5744
5784
5251
4843
3015
2020
2114
2557
1388
56
-1410
-3757
-5234
-5203
-4919
-5751
-7249
-8524
-9335
-9474
-9302
-9543
-9194
-8758
-8296
-8441
-8038
-7529
-7474
-7273
-6123
-3980
-3406
-3085
-2977
-3104
-2353
-1109
658
1050
589
-182
-623
16
590
1590
1398
-96
-1327
-1705
-1431
-1979
-2899
-3638
-5008
-6313
-6736
-5913
-6477
-9130
-11036
-10492
-8496
-6931
-5592
-4827
-6016
-6794
-4987
-977
3080
5470
5697
4088
4078
5685
8696
10725
12069
11918
9566
7938
7586
8529
8603
9237
9088
6767
3848
2567
2742
1880
1722
1757
1462
-455
-1622
-2226
-2470
-1488
-305
445
-104
-808
-1208
-1068
173
1602
2468
2298
1531
1658
1660
2237
3428
4635
4537
3492
3624
4697
5608
5859
6178
6688
6988
6837
7228
6808
6545
5998
6403
6669
6850
5806
3624
2936
2340
2004
957
932
-1245
-3946
-5273
-5499
-5980
-6895
-7257
-8050
-8854
-9332
-9525
-9422
-9301
-8586
-8022
-7807
-7256
-6942
-6797
-6486
-4922
-3845
-3128
-2576
-2171
-1984
-1245
45
1169
1531
1511
885
308
580
1065
1670
690
64
-1250
-1563
-2122
-3057
-3774
-5312
-6839
-8277
-7934
-7176
-7921
-10535
-12399
-11783
-10108
-8256
-6251
-5370
-6359
-7938
-6272
-2320
2275
5157
5652
4374
3467
5038
8235
11404
12776
12362
10120
7962
7339
8315
8488
8985
8042
5596
3020
2437
2253
793
78
-355
-865
-2334
-2506
-2897
-3567
-3780
-3360
-2572
-2446
-2305
-1972
-2064
-1553
-515
646
469
680
1541
1875
2426
3437
4490
3960
3820
4732
5865
6379
6709
7348
7542
7791
8101
7696
7355
7508
7618
7346
7327
7101
5147
3612
3490
3057
1640
1310
528
-2184
-4112
-4169
-4523
-5731
-6594
-6830
-7307
-7554
-8010
-8388
-8223
-7497
-6467
-6047
-5408
-4928
-4777
-4044
-2640
-1131
-440
274
800
837
1358
2483
3722
3794
4204
3921
3527
3110
2998
3272
2268
1271
255
-211
-988
-2306
-3368
-4698
-6351
-7658
-7938
-7799
-8026
-9443
-11662
-12952
-11824
-9579
-7619
-5916
-5376
-5853
-6270
-3839
52
4098
6454
7306
6636
6251
8035
10712
13347
14320
14465
12380
10323
9785
9910
10230
10301
8956
5806
3737
3148
2404
1388
683
-329
-2463
-3675
-3399
-3382
-3777
-4445
-4416
-4259
-4108
-3073
-2158
-1906
-1572
-1040
-234
-151
849
2066
2994
3752
4652
5105
4509
4807
5744
7125
7620
8037
7858
7383
7174
8059
8965
8382
7531
7361
6645
5635
5424
5068
4032
2157
942
-339
-1188
-1873
-2968
-5252
-7172
-7183
-7806
-8928
-9156
-8674
-9348
-10570
-10144
-9292
-9045
-8410
-6895
-5887
-5849
-5185
-3832
-2787
-1885
-887
334
644
913
1809
2693
3315
3565
4338
3623
3164
2520
2584
2508
1990
1331
-159
-1342
-2628
-3249
-4356
-5739
-7423
-8742
-9897
-10165
-9930
-10612
-12044
-13771
-13226
-11317
-9404
-7596
-6293
-6067
-6183
-4313
-910
2871
5640
7076
6794
6637
8351
11074
13387
14052
14069
12683
11164
10496
10786
11366
10355
8287
5765
4088
2781
2208
1365
-132
-1870
-3905
-4657
-4567
-4268
-5046
-5822
-6033
-6180
-5864
-5071
-3908
-3103
-2838
-2340
-1947
-1241
-240
835
1979
3047
3966
4126
4691
5218
6002
6638
7361
8239
8356
8130
8184
8589
8257
7674
7426
7359
6558
5683
4841
3856
1749
370
-390
-1653
-2768
-3791
-4963
-7884
-8943
-9139
-9938
-10844
-10770
-10236
-11082
-11362
-11208
-10416
-9419
-8104
-6361
-5185
-4746
-4412
-3529
-2576
-901
969
2296
2686
2545
2904
3372
4167
4766
4867
4429
3606
2662
2526
2180
1343
339
-1080
-2449
-3482
-4147
-5695
-7948
-10022
-10962
-11693
-12358
-12468
-12618
-13841
-15398
-15676
-13731
-12146
-10717
-8708
-6788
-5274
-4480
-1866
1164
4734
7060
8766
9532
10722
12533
14558
16619
16744
16514
14885
13565
13522
13555
12304
10293
8460
6030
4289
3691
3045
765
-1923
-3805
-4753
-5154
-4692
-4618
-5553
-6125
-6247
-6099
-5860
-4504
-3259
-2404
-1682
-730
-172
281
1629
3273
4626
5813
6691
7349
7429
7895
8948
9990
10563
10730
10914
10729
10322
10290
10509
10093
9438
8618
7371
6154
5435
4280
2458
260
-691
-1803
-3452
-4249
-5356
-7156
-9076
-8935
-8744
-9346
-9726
-9288
-9436
-9591
-8229
-6593
-5796
-5206
-3984
-2982
-1993
-572
1133
1851
2659
3915
5152
5112
5705
6367
6394
6146
6068
5833
4571
3546
2970
2729
1632
177
-1590
-3168
-4488
-5301
-6806
-8780
-10989
-12670
-13423
-13739
-13512
-13714
-14867
-16429
-16895
-15668
-13265
-11157
-8855
-6787
-5518
-4493
-2256
472
3785
6768
9199
10482
11562
13258
14586
15914
16366
16727
15742
15076
14352
13331
11637
9812
8391
6011
4492
2835
1325
-1329
-3378
-4949
-6339
-6814
-6631
-6261
-7407
-7990
-8126
-7838
-7515
-6305
-4812
-3781
-2891
-2085
-1330
-724
801
2822
4406
5330
5872
6404
7324
8424
9261
10015
10381
10473
10667
10379
10303
9480
9342
9221
8737
7365
5607
4262
2996
1825
500
-989
-2902
-4782
-6651
-7630
-8372
-9508
-11099
-11668
-11410
-11456
-11607
-10961
-10358
-10355
-9599
-7162
-5349
-4556
-3813
-2752
-1523
-268
1727
3175
4275
4324
5012
5567
6502
7235
7688
7701
6658
5914
4623
3868
3001
2659
1738
367
-1654
-3373
-4857
-6207
-7375
-8651
-10388
-12147
-13629
-14813
-15411
-15284
-14546
-14553
-15314
-16087
-15194
-13934
-11209
-7573
-4700
-3669
-3017
-768
1676
4776
8126
11233
11662
12393
13924
15547
16417
15992
15771
14412
13534
12521
11438
9031
6259
4298
2753
1554
325
-1325
-3929
-6659
-8681
-9551
-9431
-8871
-9003
-9907
-10179
-10080
-9353
-7881
-6512
-5022
-3913
-2540
-1008
288
1638
3505
4992
5465
6327
7337
9032
9888
10664
11046
10773
10404
10606
11176
10921
10311
9202
8677
7829
6884
5894
4493
2788
687
-783
-2059
-3241
-4817
-6704
-8137
-9798
-11108
-11593
-11144
-11090
-11263
-11462
-10883
-10361
-9574
-8546
-6954
-5219
-3816
-2521
-1678
-623
442
2432
4281
5541
6134
6464
6922
6851
7297
7768
7821
7241
6148
4658
3551
2498
1699
735
-814
-2427
-3925
-5370
-6643
-7843
-9543
-11272
-12801
-13796
-15224
-15867
-15948
-15287
-14642
-14315
-14648
-15474
-14869
-13070
-9793
-6006
-2974
-1566
-1033
282
2870
6619
9993
12457
13511
14629
15617
16461
16961
17121
16344
15138
14395
13621
12236
9762
7323
4337
2356
1122
610
-1203
-3398
-5804
-8018
-8809
-8096
-7294
-7427
-7655
-7828
-7421
-6943
-5564
-4405
-3136
-2375
-669
1209
2949
4239
5318
6346
6829
7778
9239
10778
11536
11719
11326
11281
11308
11611
11440
10992
10078
9357
8649
7863
6612
4706
2227
-30
-1300
-1927
-2286
-3748
-5827
-7976
-9489
-10840
-10741
-10110
-10057
-10786
-10926
-10449
-10479
-9893
-8342
-6817
-5637
-3956
-1536
82
648
1541
2985
4139
5200
6362
7031
7463
7488
8306
8366
8026
7345
6234
5454
4452
3642
2622
1786
349
-1175
-2631
-3854
-4941
-6362
-7708
-8804
-9295
-10271
-11189
-12240
-13297
-14106
-14263
-13635
-13019
-12254
-11864
-12070
-12863
-12246
-10179
-7347
-4812
-2880
-1517
-911
331
2548
5527
7979
9645
10202
11106
11908
12609
13329
13578
12840
11886
11049
9897
8081
6294
4931
3773
2628
1486
27
-2181
-4029
-4877
-5052
-5046
-4414
-4018
-3782
-3703
-3284
-2652
-2296
-2017
-1211
-25
1722
3486
4794
5491
5006
4879
5214
6408
7685
8734
8796
8677
8414
8454
8051
7286
6985
6168
6084
6195
6442
5371
3577
1302
-341
-1235
-1634
-1936
-2770
-4067
-5779
-7311
-7805
-7758
-8185
-8427
-8188
-7692
-7183
-6663
-6069
-5870
-5770
-5015
-3371
-1465
-33
1009
1649
2126
2197
3021
4242
4963
5441
5868
6816
6944
6838
6017
5121
4503
3895
4074
4233
4048
2909
1584
441
-533
-862
-1282
-2226
-3246
-3730
-3840
-4339
-5115
-6295
-6835
-7290
-7375
-7265
-7333
-7854
-8766
-9723
-9841
-9644
-9189
-8602
-8355
-8097
-8596
-8611
-8166
-7015
-5866
-4249
-2409
-1693
-1603
-1711
-1108
-153
1245
2928
4203
4673
4403
4092
3908
4097
4257
4771
5230
5230
4791
4679
4386
4131
3990
4141
4339
4014
4053
3737
3990
3898
3865
3668
3876
4031
3719
3790
4360
4819
4853
5020
4474
3484
2766
3257
3722
4169
3899
3081
1227
-494
-778
-576
-168
-631
-1525
-3093
-4049
-4332
-4384
-4779
-5667
-6255
-6902
-6711
-6242
-5384
-5456
-6421
-6592
-6053
-4832
-3788
-2704
-2387
-2592
-2257
-1260
-230
496
1048
1758
2463
3057
3491
3891
4091
3975
4771
5675
6112
6128
5883
5609
4814
4338
4069
4155
3649
2836
2354
1805
1354
380
-524
-1590
-2155
-2288
-2191
-2424
-3443
-4566
-5309
-5368
-4782
-4349
-4330
-5028
-5716
-5510
-4822
-3918
-3722
-3926
-4268
-4501
-4747
-4350
-3553
-3445
-3959
-4495
-4679
-4416
-4210
-3883
-3755
-3748
-3337
-2817
-2054
-1885
-1425
-1036
-325
691
1495
2033
2071
2580
3347
4497
5423
6239
6582
6923
7214
7634
8159
8360
8145
7825
7606
7584
7774
7607
7200
6597
6340
6173
6339
6301
5731
4937
4504
4600
4516
4371
3797
3073
2281
1766
1641
1406
918
-35
-662
-1615
-2076
-2478
-2799
-3218
-3908
-4323
-4820
-4389
-4347
-4235
-4492
-4593
-4555
-4590
-3864
-2907
-1713
-1348
-1102
-1547
-1418
-831
113
962
1466
1892
2058
1970
1492
1565
1623
1833
2195
2352
2295
2448
2263
1508
1253
1217
1062
831
1200
1485
1057
613
-233
-1026
-1776
-1995
-2036
-2164
-2689
-3513
-4106
-4536
-4670
-5148
-5763
-6042
-6171
-6233
-5772
-5227
-4808
-5078
-5678
-5937
-6039
-5904
-5683
-5131
-4550
-4081
-3417
-2360
-1838
-1922
-2189
-2146
-1018
780
2824
4382
4806
4902
4963
5256
6204
6951
7432
7685
7833
8132
8469
8768
8526
7884
7016
5450
4346
3755
3709
3965
4220
4350
3437
2096
536
-382
-792
-18
980
2078
2609
2431
1987
1429
1365
1459
1924
2664
3785
4790
5549
5463
5027
4149
3011
2593
2404
2241
2026
2019
1644
544
-784
-1926
-2655
-3263
-3189
-3370
-3373
-3628
-3976
-4488
-4855
-4604
-4530
-3976
-3727
-3522
-3609
-3569
-3135
-2407
-1405
-826
-487
-431
-535
-483
-9
633
1023
1386
1616
1816
1968
2076
1866
1169
544
269
426
214
108
-124
-797
-1987
-3238
-4076
-4821
-5142
-5544
-5908
-6342
-7362
-8707
-9744
-10007
-10639
-10834
-11028
-11005
-11207
-11629
-11756
-11985
-12019
-12157
-11375
-10061
-8538
-7244
-6478
-5897
-5220
-3859
-1767
935
3602
5774
7386
8383
9127
10044
11155
12007
12618
12704
12675
12223
11510
10535
9283
8223
6654
4770
2867
1562
288
-891
-2108
-2994
-3954
-4794
-5056
-5007
-4829
-4574
-4244
-3883
-3186
-1618
166
1779
2928
3825
4320
4641
5730
7157
8798
9766
10528
10729
10792
10627
10422
10073
9392
8634
7802
7167
6356
5544
4540
3239
1752
186
-1367
-2577
-3387
-4025
-4257
-4812
-5604
-6365
-6987
-7286
-7066
-6609
-6501
-6174
-5483
-4552
-3325
-2190
-997
-285
336
1183
2016
3073
3769
4828
5530
5819
5647
5424
5008
4470
3711
2798
1718
335
-628
-1415
-1884
-3020
-4413
-5746
-7503
-8964
-9445
-9558
-9902
-10868
-11607
-12299
-12992
-13611
-13954
-14313
-14629
-14055
-12270
-9648
-8065
-7561
-7334
-6514
-4712
-1661
1590
4383
6167
7645
9137
11339
13502
14742
15098
14330
13554
13131
13311
13416
13117
11884
9854
7087
4261
1533
-381
-1463
-2666
-3437
-4264
-4841
-5695
-6632
-7353
-8137
-8383
-7630
-6080
-4182
-2116
-445
513
1150
2166
3603
5233
7073
8801
10101
10965
11834
12377
12714
12765
12142
11436
10834
10022
9145
8509
7600
6479
5047
3482
2150
827
-349
-1603
-2667
-3571
-4298
-4562
-4484
-4323
-4462
-4755
-4775
-4869
-4703
-4154
-3302
-2753
-1873
-903
-503
-463
-262
135
383
840
917
1063
1140
1175
1004
550
-234
-1393
-2435
-3619
-4321
-4579
-4855
-5458
-6109
-6885
-8050
-8988
-9589
-9791
-9866
-9694
-9447
-9190
-9253
-9343
-9478
-9930
-10146
-9682
-7824
-5315
-3388
-2500
-2183
-1622
-297
2351
5483
7835
8952
9766
10661
12494
14675
16083
15712
13764
11775
9944
9034
8203
7408
5813
3552
1203
-1428
-3754
-6011
-7936
-9760
-10809
-10906
-10324
-9253
-8331
-7857
-7735
-7275
-6358
-4910
-2766
-146
2292
4527
6674
8178
9531
10486
11243
11951
12442
12844
13198
13754
13823
13455
12430
10901
8814
6884
5360
3932
2696
1330
38
-1340
-2439
-3712
-4499
-5073
-5598
-6163
-6534
-6489
-6345
-5727
-4887
-3355
-2295
-1663
-1130
-669
-328
24
825
1752
1964
1900
1955
2173
2081
1867
1215
62
-1134
-2027
-2236
-2963
-3816
-4833
-6000
-7081
-8081
-9004
-9621
-10132
-10545
-10853
-10743
-10467
-10465
-10565
-10759
-10946
-10776
-10472
-10045
-9445
-9244
-9212
-9432
-8965
-7417
-5047
-3151
-2694
-2690
-1874
-161
2550
5897
8226
9248
9805
10881
12818
14981
15957
14894
12588
10754
9437
8503
7091
5488
2936
21
-2314
-4427
-6543
-9030
-10764
-12584
-13359
-13389
-12840
-12126
-11377
-10766
-10113
-8442
-6223
-3992
-1883
273
2220
4383
6641
8717
10274
11400
12225
12960
13369
13471
13242
12655
11811
10935
9897
8860
7493
5734
3961
2811
1851
647
-394
-1430
-2276
-2865
-2418
-1921
-1485
-1219
-933
-619
8
1134
2326
3208
3402
3790
3905
4051
4180
4225
3661
2616
1231
-366
-1598
-2567
-3141
-3894
-5052
-6280
-7120
-8046
-8855
-9415
-10036
-10755
-11060
-10714
-10390
-9744
-8925
-7959
-7214
-6832
-6301
-5518
-4651
-3852
-3030
-2598
-2643
-2757
-3113
-3462
-4086
-4799
-5583
-5666
-4462
-3041
-2429
-3138
-2982
-1902
-233
1989
4072
5224
5700
7014
9043
11348
12845
12688
10991
9271
8403
7855
6731
4903
3079
1290
-61
-1465
-3280
-5875
-8074
-9386
-9857
-9411
-8774
-7751
-6933
-5964
-5087
-4119
-2684
-1585
-495
851
2830
4952
6577
7687
8429
8770
9044
9593
9544
8977
8223
7347
6441
6020
5434
4258
2969
1481
37
-1023
-1197
-900
-712
-896
-796
-520
72
1231
2454
3890
5069
6136
7138
8294
9312
10038
10934
11576
11900
11553
10745
9087
7448
5941
4145
2284
-32
-2474
-4455
-6070
-7612
-9295
-10724
-11659
-12593
-12904
-12885
-12557
-12501
-12456
-12140
-11503
-10226
-8476
-6769
-5593
-4348
-2977
-1605
-639
-21
394
615
602
552
158
-1034
-2330
-3656
-4027
-2856
-1969
-1829
-2667
-2577
-1285
204
2034
3621
4828
5547
7069
8693
10813
12435
12579
11333
10021
9119
8039
6386
4258
2574
1200
873
-213
-2261
-4356
-6031
-7176
-7780
-7690
-7834
-7687
-6943
-5390
-3411
-1666
-112
435
766
1757
3809
5603
6397
6735
6614
6662
6840
6921
6172
5139
3636
1882
415
-536
-1176
-2121
-3291
-4479
-5802
-6500
-6526
-6201
-5776
-5200
-4062
-2986
-1931
-689
898
3021
5345
7075
8247
9427
10648
11497
12408
13313
13505
13127
12084
11023
9203
7336
5133
2218
-927
-3592
-5328
-7294
-9274
-11279
-12625
-13633
-14619
-15474
-15778
-15343
-14852
-13985
-13240
-12184
-10717
-9047
-7212
-5919
-4542
-3276
-2098
-1386
-782
-348
-352
-601
-1230
-2351
-3704
-4319
-5020
-5085
-4606
-4335
-4787
-4808
-3263
-1842
-293
1447
3602
5294
7048
8972
10581
12074
12656
12563
11836
11663
10790
8730
5950
3726
2226
931
23
-1753
-3733
-5580
-6690
-7195
-6992
-6762
-6599
-6312
-5313
-3183
-1032
1035
2068
2605
3820
5557
7123
8348
9221
9526
9168
8715
8431
7559
6336
4753
3161
1546
-418
-2309
-4468
-5901
-6988
-7880
-8557
-9159
-9558
-9484
-8726
-7717
-6250
-4699
-3170
-1881
340
2890
5239
7037
8292
9512
10875
12096
12843
13385
13655
13429
12622
11655
10343
8462
6027
3281
415
-2133
-4121
-6281
-8460
-10076
-10706
-11328
-12199
-12967
-13268
-13102
-12595
-11800
-10898
-9847
-8693
-7148
-5418
-3619
-2499
-1932
-1575
-1349
-967
-460
-593
-1247
-2362
-3520
-4313
-4950
-4896
-4055
-3752
-4399
-4500
-2745
-263
1077
2509
4215
5893
7817
10163
12461
14705
15924
15411
14412
13940
13388
10653
7465
4682
2643
823
-995
-2641
-4243
-5903
-7365
-8421
-8796
-8775
-8992
-8929
-8194
-6333
-4191
-2123
-436
1197
3289
5483
7306
8610
9686
10039
10080
10399
10720
10444
9302
8068
6942
5805
4568
2394
-473
-2847
-4558
-5677
-6519
-7158
-7798
-8115
-8101
-7764
-7074
-6192
-5525
-4799
-3060
-870
1586
3688
5686
7293
8645
9765
10323
10330
10404
10533
10241
9811
8821
7126
5241
3422
1481
-348
-2511
-4567
-6657
-7888
-8139
-8043
-8094
-8689
-8755
-8529
-8197
-7544
-6689
-5681
-4846
-4089
-2876
-1234
206
673
278
-196
-326
-652
-1311
-2615
-4249
-6166
-7459
-8382
-9122
-8711
-7820
-7804
-8247
-7265
-4661
-2290
-546
1978
5017
7567
9730
12473
15026
17446
18252
18064
17683
17828
16569
13557
10881
8666
6558
3824
1177
-1334
-3096
-4904
-6415
-6922
-6719
-7162
-7966
-8215
-7289
-5785
-4456
-3093
-1561
461
2679
4307
5604
6908
7685
7622
7582
8063
7899
6982
5623
4466
3637
2875
1274
-607
-2264
-3818
-5103
-6415
-7110
-7688
-7974
-7944
-7628
-6737
-5704
-4606
-3568
-2136
-311
1501
2918
4037
5483
6767
7763
8077
8521
8628
8010
7048
6284
5226
3200
1069
-1056
-2947
-4681
-6370
-8189
-10006
-11622
-12260
-12087
-11833
-11801
-11625
-10594
-9421
-8316
-7344
-6176
-4713
-3446
-2180
-446
1372
2336
2605
2654
2327
1566
276
-1018
-2798
-4839
-6614
-7733
-9062
-9723
-9468
-9133
-9270
-9360
-7792
-5622
-3912
-1999
1569
4931
7533
9849
12336
14634
16430
17254
17480
17381
16850
14668
11892
9482
7415
5383
2741
599
-909
-2447
-4499
-5390
-5204
-5128
-5784
-5717
-5058
-3955
-2586
-1027
514
2144
4024
5469
6603
7730
8808
9078
9054
8921
8932
8029
6021
4302
2871
1678
79
-1987
-3533
-4807
-5955
-6963
-7513
-7967
-8531
-8579
-8344
-7779
-6808
-5581
-4403
-3213
-1489
689
2284
3498
4542
5782
6730
7173
7507
7531
6907
5993
5247
4215
2473
169
-2028
-3962
-5585
-7192
-9043
-10944
-12424
-13189
-13031
-12509
-12080
-11743
-10885
-9245
-7719
-6571
-5644
-4748
-3557
-2092
-360
1583
2681
3354
3827
3785
3367
2322
674
-1618
-4145
-6069
-7481
-8669
-9852
-9721
-8927
-8228
-7766
-6391
-4458
-3090
-1601
1091
4129
6535
9002
11429
13898
16086
16854
16818
16449
15847
13977
10975
8124
5900
3718
1446
-563
-2096
-3085
-4637
-5660
-5745
-5531
-5437
-5197
-4499
-3444
-1863
-250
1389
3266
5328
6949
8381
9866
11015
11273
10872
10553
10182
9676
8499
7084
5490
3917
2213
314
-1405
-2698
-4060
-5475
-6353
-6952
-7200
-7229
-7169
-6739
-6148
-5303
-4379
-3208
-1786
-325
1224
2483
3917
5168
6082
6694
6796
7062
6719
6071
5346
4156
2453
200
-2012
-3886
-5239
-6763
-8688
-10391
-11885
-13059
-13188
-12623
-12018
-11628
-10823
-9342
-8056
-6909
-6035
-5292
-3969
-2560
-1118
635
2218
2623
2575
2653
2583
1997
580
-1278
-3728
-5556
-6927
-7742
-7812
-7060
-6578
-6951
-5829
-3416
-1329
488
2579
4676
6653
9266
11910
14026
16208
17246
17483
16824
16530
15137
12523
9316
6291
3985
1672
-622
-2782
-3860
-4795
-5494
-5848
-5355
-4902
-4234
-3444
-2774
-1544
-60
1440
2917
5025
7241
9199
10271
11137
11906
12011
11550
10607
9874
8934
7555
5682
4072
2645
1160
-376
-1844
-3406
-4763
-5847
-6600
-7132
-7013
-6599
-6537
-6032
-5204
-4305
-3653
-2984
-2063
-1306
-165
1062
2203
3385
4282
4676
4923
4905
4383
3519
2035
1085
211
-1661
-4225
-6454
-8102
-9577
-10810
-11983
-13100
-13965
-14156
-13662
-13249
-12779
-12482
-11795
-10394
-8857
-7652
-6639
-5590
-4236
-2962
-1606
-105
975
892
482
-95
-890
-2044
-3387
-4710
-6303
-6398
-6116
-5962
-6205
-4843
-3288
-2071
-532
1649
3909
5351
7116
9352
11766
13391
13953
14414
15053
15080
13742
11633
9551
6970
4027
1052
-1132
-2985
-5200
-6979
-7027
-5854
-5268
-5277
-4726
-3212
-1826
-524
714
2537
4107
5357
6742
8891
10953
11954
12315
12734
12984
12549
11542
9880
8638
7205
5522
3518
1494
-587
-2620
-3947
-4813
-5754
-6581
-7056
-7018
-6518
-5648
-4741
-3979
-3249
-2531
-1507
-247
650
864
1576
2562
3434
4245
5071
5565
5291
5353
5252
3879
1812
-426
-2607
-4432
-6322
-8395
-10435
-11806
-12919
-13930
-14365
-14524
-15359
-16041
-15405
-14575
-14254
-14039
-13028
-11769
-9998
-8232
-6666
-5359
-4265
-3345
-2113
-1082
-888
-1086
-1114
-1155
-1993
-1676
-1145
-1871
-2885
-2342
-920
-477
45
853
1563
2208
3890
5450
6584
7795
8424
8651
9100
9874
9016
7519
6245
5324
4184
2675
885
-793
-2171
-3363
-4113
-3968
-3728
-3844
-2637
-632
985
2207
3607
4939
5978
7688
9425
10465
11170
11846
12648
13126
13083
13112
12604
11683
10588
9325
7773
5379
2889
805
-928
-2546
-4314
-5716
-7080
-7831
-7543
-6894
-6283
-5241
-4010
-2423
-664
746
1811
2515
3326
4133
5034
5725
6092
6271
6403
6649
6901
6928
6293
5244
4185
3024
1120
-1416
-3971
-6170
-7795
-9734
-11307
-12191
-12627
-13131
-13351
-13635
-13430
-13789
-14235
-13767
-12924
-12198
-12101
-10882
-9268
-7117
-5337
-3965
-2795
-1797
-612
496
1320
2634
3838
3984
4145
5396
6616
6455
6549
7107
7380
7136
7063
6795
6358
5831
4992
4325
3568
2962
1700
676
-439
-1328
-1865
-2797
-4019
-4549
-4528
-4630
-4300
-3227
-1877
-980
342
1752
3130
4327
5063
5895
7174
8923
10441
11555
12548
13436
14104
14324
14120
13556
12829
11796
10694
9489
7874
5959
4212
2290
519
-1011
-2501
-4605
-6571
-7808
-8199
-8317
-8593
-8680
-7957
-6541
-4815
-2981
-1316
79
930
1750
2670
3182
3504
3515
3615
3725
4113
4255
3668
3108
2353
1592
635
-798
-2574
-4242
-5600
-7327
-9076
-10274
-11346
-12342
-12796
-12935
-13310
-13666
-13782
-13911
-13882
-13371
-12784
-12354
-11327
-9815
-8615
-7671
-6575
-5416
-3792
-1776
300
2242
4133
5524
7359
9491
11117
11953
12296
12646
11899
11246
10624
10215
9591
8361
7199
5314
3139
118
-2905
-5360
-6957
-8067
-8990
-9151
-9299
-9227
-8802
-7576
-6010
-4700
-3414
-1292
845
2601
4015
5644
7944
9527
10052
10408
11238
11023
10378
10011
10525
10758
10460
10495
10496
10479
9317
7933
6362
5161
3567
2058
791
-405
-1602
-3094
-4184
-4917
-4779
-4851
-5133
-5259
-4491
-3874
-3374
-2505
-1763
-1088
-521
199
874
1300
1979
2405
2402
2342
2167
1436
323
-416
-958
-1318
-1991
-2634
-2995
-3348
-4361
-5197
-6138
-7001
-8205
-9079
-9515
-9881
-10256
-10328
-9734
-9562
-9591
-9617
-9368
-9435
-9184
-8918
-8160
-7457
-6472
-4869
-2613
-166
1252
2262
3574
5358
6592
7351
7948
8696
9148
9992
11081
11815
12084
11707
10261
8107
5647
2380
-1321
-4755
-7531
-9639
-11319
-12593
-13484
-13785
-13725
-12885
-11167
-9674
-8765
-7362
-4933
-2650
-569
1755
4205
6456
8496
10233
11308
11983
12118
11950
11502
11206
10826
9914
9197
8740
8487
7668
6508
5110
4073
2912
1528
366
-424
-1084
-1728
-1958
-1875
-2190
-2667
-1939
-861
155
1099
2116
2755
2876
2896
3036
3034
2679
2337
1848
1594
1493
997
285
-150
-23
178
-173
-522
-868
-1595
-3014
-4399
-5673
-6876
-7968
-9008
-9425
-9726
-9956
-10262
-9929
-9603
-9521
-9498
-9627
-9601
-9204
-8669
-8087
-7222
-6507
-5500
-4610
-2942
-932
623
2454
4190
6179
7333
8315
9210
9834
10215
10398
10775
10903
11169
10200
9075
8096
7086
5160
2427
111
-2260
-4416
-6712
-8503
-10112
-11176
-12379
-12555
-11626
-10284
-8855
-7092
-4630
-2514
-391
1223
2795
4164
5718
7270
8705
10315
11618
12925
13930
14247
14093
13835
12779
11331
9980
8754
6891
4885
3740
2699
1528
644
224
-709
-1722
-2586
-2869
-3121
-3417
-3264
-2800
-1829
-810
-43
1063
2020
2631
2947
3077
3225
2724
2226
1659
1119
472
-88
-291
-887
-1416
-1736
-1725
-1831
-2126
-2655
-3112
-3598
-4079
-4319
-4867
-5473
-6106
-6852
-7722
-8782
-9370
-9597
-9651
-9735
-9608
-9222
-8638
-7893
-7177
-5947
-5207
-4624
-4033
-2125
-73
1191
2382
4117
6178
7629
9030
9808
10173
10281
10324
10272
10084
9776
8988
7640
6435
5944
4966
3169
828
-1075
-2738
-4656
-6380
-7703
-8501
-9310
-9470
-8704
-7476
-6753
-5836
-4337
-2815
-1228
-36
1124
2219
3403
4450
5367
6532
7365
7728
8240
8963
9396
9660
9498
9168
8997
8863
8354
7461
6714
5869
4890
3819
2611
1307
-13
-1265
-2045
-2600
-2985
-2886
-2757
-2179
-1567
-1142
-704
-349
93
430
598
548
536
340
-257
-421
-579
-1170
-1797
-1974
-2311
-2734
-2788
-2738
-2736
-2425
-2183
-2411
-3106
-3611
-4285
-5257
-6097
-6975
-7528
-8218
-8364
-7992
-7510
-7560
-7717
-7528
-7355
-7067
-6447
-5596
-5218
-4567
-3338
-1448
76
1308
2640
3786
4263
5118
6038
6377
6065
5931
6202
6188
5931
4928
3907
2751
1504
-15
-1451
-2874
-4230
-5037
-5457
-5653
-5917
-6235
-6261
-5907
-5349
-4863
-4340
-3331
-2417
-1557
-676
465
1748
2915
3876
4798
5614
6215
6361
6270
6278
6200
5735
5350
5190
5383
5738
5770
6029
6244
6204
5498
4615
4015
3733
3148
2523
2164
1994
1528
1115
800
404
20
-408
-559
-542
-465
-879
-1454
-1859
-2235
-2617
-2957
-3314
-3674
-3826
-4168
-4525
-4516
-4601
-4433
-4245
-3559
-2941
-2557
-2554
-2760
-2918
-3434
-3672
-3567
-3529
-3686
-4158
-4529
-4715
-4901
-5083
-4974
-4438
-3822
-3058
-2257
-1676
-1452
-851
105
1050
1957
3200
4378
5346
6347
6812
7086
7447
7811
7843
7780
7546
6755
6103
5397
4303
2797
1186
-491
-2078
-3293
-4204
-4967
-5803
-5932
-5508
-4996
-4496
-3988
-3195
-2438
-1741
-1047
-253
441
1050
1704
2390
3413
4473
5213
5759
6275
6463
6383
6178
6078
6172
6050
5599
5283
5093
4780
4225
4060
4351
4519
4589
4391
4376
4360
4022
3517
2931
2607
2473
2531
2522
2398
2264
1921
1603
1361
910
-228
-1594
-2587
-3662
-4596
-5743
-6429
-6823
-7170
-7320
-7087
-6680
-6314
-5795
-5293
-4528
-4011
-3638
-3479
-3187
-3299
-3678
-3948
-3930
-3728
-3868
-4030
-3990
-3843
-3878
-3803
-3548
-3462
-3738
-3211
-2304
-1269
-82
1370
2750
4064
5275
6152
6955
7242
7375
7129
6725
6247
5804
5148
4325
3534
2569
1730
903
33
-929
-1870
-2857
-3581
-4121
-4498
-4856
-5098
-5133
-4766
-4179
-3678
-2935
-2063
-1060
-600
-381
-3
444
817
1320
1994
2479
2813
2797
2706
2597
2431
2041
1835
1874
2060
2104
2239
2302
2314
2310
2660
3194
3566
3664
3578
3726
3643
3617
3403
3740
3615
3420
3286
3294
3500
3411
3330
3173
3280
2970
2551
1636
634
-488
-1406
-2453
-3617
-4862
-6185
-7163
-7859
-7940
-7819
-7583
-7054
-6285
-5586
-5433
-5392
-5474
-5940
-6372
-6488
-6287
-6020
-5722
-5199
-4558
-3774
-2763
-1986
-900
-23
578
1266
1833
2396
3002
3988
5125
5955
6336
6497
6698
6357
6071
5586
5052
4541
3686
2701
1800
558
-562
-1684
-2604
-3174
-3719
-4250
-4791
-4703
-4549
-4130
-3777
-2998
-1962
-1269
-578
161
922
1043
825
605
169
-223
-583
-927
-964
-857
-813
-796
-861
-683
-449
-541
-343
-232
126
160
-87
-132
-79
123
222
627
844
1173
1346
1509
1417
1337
1089
492
184
-358
-699
-980
-941
-315
50
455
844
1073
1299
1274
1108
737
404
-231
-648
-928
-1407
-1965
-2472
-2870
-3075
-3114
-3166
-3410
-3691
-3832
-4219
-4710
-5120
-5493
-5898
-6143
-6095
-5867
-5517
-4731
-3673
-2268
-986
93
893
1800
2628
3289
3965
4378
4953
5447
5769
6128
6566
6502
6225
6046
5837
5518
4879
4473
3739
3028
2397
1798
1079
392
-310
-623
-895
-1138
-1022
-1076
-1125
-1263
-1254
-1552
-1712
-1606
-1623
-1516
-1692
-1614
-1641
-1807
-1813
-2135
-2388
-2436
-2557
-2622
-2282
-1984
-1575
-980
-128
658
1234
1908
2669
3111
3094
3190
3191
2695
2196
1616
1102
783
558
271
-385
-798
-1278
-2049
-2894
-3499
-3968
-4409
-4620
-4640
-4010
-3334
-2528
-1774
-979
-237
425
863
1061
1193
1086
777
288
146
-132
-467
-646
-718
-503
-619
-849
-775
-847
-1071
-1489
-1983
-2318
-2829
-3179
-3039
-2778
-2216
-1409
-464
460
1275
2023
2455
2674
2806
3111
3310
3375
3556
3562
3737
3927
3675
3530
3620
3768
3579
3475
3590
3498
3387
3227
3139
3100
3095
2860
2743
2617
2520
2123
1530
686
-12
-752
-1539
-2391
-2919
-3088
-3363
-3732
-3925
-3888
-4078
-4240
-4371
-4211
-3799
-3515
-3164
-2286
-1390
-511
356
1431
2367
2771
3164
3465
3689
3599
3463
3012
2724
2341
1595
795
313
-358
-1313
-1911
-2404
-2681
-3186
-3555
-3855
-4156
-4461
-4406
-4251
-3895
-3686
-3135
-2271
-1731
-1238
-875
-391
-195
-5
186
479
487
667
1116
1446
1509
1449
1668
1885
2050
2120
2317
2254
1964
1729
1380
873
590
573
581
714
906
1041
1370
1192
990
1116
990
880
737
791
952
1050
1394
1903
2583
3128
4018
4776
5357
5700
5813
5894
5661
5142
4657
4184
3444
2895
2569
2237
1857
1531
1079
641
-18
-839
-1618
-2444
-3507
-4196
-4612
-4899
-5055
-4951
-4674
-4179
-3957
-3698
-3327
-3169
-2806
-2670
-2324
-1896
-1603
-1347
-770
-305
-129
6
-196
-470
-838
-1236
-1730
-2302
-2780
-2884
-3097
-3391
-3530
-3737
-4051
-4425
-4666
-5150
-5516
-6011
-6312
-6220
-6323
-6265
-6170
-5831
-5469
-4803
-4040
-3369
-2904
-2644
-2257
-1960
-1791
-1597
-1496
-1197
-375
399
1156
1580
2103
2468
2557
2426
2025
1747
1465
1289
1219
1261
1178
1148
1134
1281
1173
1286
1285
1282
1257
1015
921
1032
1355
1654
2048
2293
2551
2611
2827
3294
3887
4234
4386
4630
4779
4705
4626
4284
3967
3573
3109
2697
2316
1980
1597
1267
949
702
312
-238
-859
-1231
-1743
-2018
-2238
-2271
-2060
-1780
-1565
-1427
-1117
-1104
-1026
-949
-1025
-1068
-1098
-1294
-1619
-1766
-1564
-1352
-1094
-766
-837
-670
-893
-1298
-1657
-2230
-2747
-3321
-3516
-3659
-3840
-3935
-3675
-3467
-3169
-2889
-2859
-2857
-2900
-2752
-2703
-2634
-2475
-2406
-2092
-1597
-1138
-649
-65
360
613
640
897
1142
1254
1210
1076
1058
1058
1012
957
1073
1018
868
643
582
565
458
656
928
1046
1338
1679
1952
2404
2962
3264
3622
3950
4105
4052
4004
3878
3479
2982
2505
2231
1994
1838
1921
2071
2165
2365
2250
2077
1795
1439
1276
1001
679
477
263
5
32
103
-63
-113
-432
-728
-1021
-1316
-1492
-1393
-1264
-1123
-956
-772
-362
190
884
1524
1831
1872
2019
2149
1948
1746
1761
1645
1521
1555
1780
1991
2101
1933
1490
1083
498
-105
-835
-1643
-1950
-2156
-2463
-2428
-2425
-2226
-1982
-1800
-1312
-740
-264
256
697
1073
1479
1673
1726
1927
2343
2640
2869
3164
3313
2967
2633
2154
1881
1771
1565
1246
1013
736
604
416
506
720
870
717
454
547
280
216
177
515
527
581
954
1172
1561
1970
2357
2731
2752
2474
2081
1504
1022
550
622
597
707
984
1152
1284
1346
1397
1237
993
424
-15
-563
-1239
-1732
-2203
-2502
-2601
-2279
-1676
-1247
-1052
-1180
-1136
-1424
-1620
-1588
-1510
-1405
-1466
-1485
-1268
-1128
-1234
-1054
-730
-388
-28
221
461
836
923
705
542
192
-2
-240
-342
-148
-29
61
-217
-384
-360
-634
-984
-1311
-1376
-1304
-1405
-1129
-908
-875
-1172
-1454
-1569
-1472
-1306
-1161
-951
-796
-669
-594
-357
-206
-152
-481
-678
-658
-788
-699
-611
-320
42
183
264
27
-416
-991
-1490
-1791
-1766
-1783
-1874
-1896
-1987
-2112
-2208
-2106
-2186
-2055
-2130
-2085
-1941
-1813
-1362
-994
-417
-63
75
98
244
525
642
699
531
413
274
322
84
-84
23
-66
-265
-269
-319
-370
-368
-303
-506
-919
-1211
-1554
-1692
-1631
-1468
-1248
-1081
-815
-495
-367
-276
-176
-210
-21
139
498
879
1128
1349
1520
1572
1802
1770
1437
1433
1254
1114
995
1122
1291
1319
1546
1628
1718
1705
1710
1729
1994
1958
1809
1584
1213
804
423
128
65
214
258
154
-95
-227
-474
-452
-143
76
269
334
540
555
363
361
300
292
318
260
146
34
50
92
156
160
240
-37
-54
-74
-378
-484
-701
-984
-952
-806
-842
-912
-1096
-1137
-1170
-926
-556
-37
403
672
712
482
190
-148
-44
-72
97
185
415
879
1177
1455
1595
1270
1083
968
751
607
313
88
-44
3
-179
-127
-278
-301
-303
-240
-4
-45
-4
201
512
844
1036
829
778
713
613
656
640
865
1104
1484
1714
1869
1889
1514
1175
853
690
700
858
1099
1363
1481
1230
970
683
405
131
31
192
389
611
829
896
1136
1248
1078
991
876
630
436
677
886
1278
1573
1657
1467
1214
1056
551
123
-66
-508
-788
-749
-617
-276
18
232
255
170
101
-262
-375
-477
-477
-486
-539
-578
-630
-603
-654
-826
-925
-978
-1096
-903
-558
-153
-157
-109
197
352
397
368
350
257
106
76
136
71
204
205
254
192
10
43
151
217
340
212
185
279
451
566
636
599
761
882
911
1159
1343
1468
1262
1037
1144
1080
818
696
741
961
1094
1037
1138
1247
1075
935
636
536
124
-343
-592
-643
-780
-1030
-1231
-1444
-1804
-2205
-2333
-2260
-2264
-2153
-2130
-2175
-2132
-2354
-2601
-2806
-2842
-2908
-2836
-2682
-2547
-2224
-2021
-1541
-1185
-890
-659
-739
-806
-1011
-1115
-1240
-1362
-1474
-1430
-1420
-1293
-1077
-945
-725
-661
-491
-500
-603
-741
-730
-819
-752
-657
-482
-148
-146
-123
-221
-277
-157
71
178
528
772
973
1216
1365
1619
1597
1486
1237
1101
972
730
880
873
1015
1167
1078
1002
852
755
890
1063
1141
1137
1204
1137
992
1222
1188
1322
1412
1446
1470
1242
1042
824
894
1250
1543
1686
1652
1524
1130
809
561
395
373
379
226
123
-85
-321
-396
-573
-586
-836
-1116
-1414
-1647
-1769
-1842
-2034
-2259
-2466
-2582
-2613
-2347
-2114
-2017
-2110
-2335
-2330
-2504
-2481
-2549
-2470
-2166
-1946
-1691
-1554
-1360
-1390
-1224
-1100
-950
-1131
-1182
-1073
-878
-566
-458
-526
-875
-1066
-1257
-784
-234
227
744
988
904
640
425
316
191
202
151
-58
-42
-112
-7
155
315
518
706
770
832
958
1120
860
731
785
841
990
1219
1387
1496
1471
1057
711
422
293
119
80
191
390
445
670
537
438
503
449
444
402
477
435
251
170
113
-47
119
428
510
822
884
824
766
559
413
168
-25
-98
-354
-401
-352
-493
-349
-415
-478
-751
-1068
-1480
-1730
-2050
-2102
-2075
-1797
-1528
-1407
-999
-765
-498
-397
-206
-284
-302
-472
-668
-786
-811
-666
-483
-311
-93
73
47
304
311
227
367
446
320
373
383
338
182
326
519
769
1242
1663
2102
2186
1977
1687
1314
957
793
947
826
837
1064
944
946
1154
1160
888
561
139
-135
-292
-141
362
887
1479
1837
1750
1605
1451
1385
1404
1617
2119
2317
2236
2100
1772
1642
1399
1328
1230
964
810
615
468
431
692
849
1091
1225
1092
915
857
549
262
42
-126
-190
28
399
693
896
839
715
472
7
-425
-726
-819
-800
-757
-931
-962
-929
-717
-572
-437
-376
-391
-484
-668
-690
-716
-726
-641
-618
-547
-592
-741
-829
-1095
-1090
-1230
-1325
-1340
-1283
-1327
-1418
-1465
-1624
-1438
-1314
-1091
-1028
-768
-574
-291
117
306
477
552
520
615
674
598
620
500
555
650
694
725
477
154
-64
-289
-601
-724
-947
-777
-585
-632
-420
-343
-144
-170
-231
-336
-644
-632
-655
-407
-291
-129
213
231
82
269
316
286
339
432
548
479
599
677
613
688
643
608
671
611
587
655
742
370
309
43
-157
-146
-177
-315
-562
-500
-528
-513
-466
-263
-117
-40
-24
-117
-354
-479
-727
-883
-550
-320
125
305
218
-31
-410
-637
-742
-758
-618
-638
-710
-1160
-1611
-1953
-2237
-2158
-2198
-2069
-1947
-1832
-1692
-1578
-1656
-1721
-2003
-2254
-2196
-2006
-1675
-1400
-1166
-876
-683
-382
-104
89
46
67
103
-135
-228
-422
-581
-644
-810
-732
-800
-891
-755
-559
-560
-534
-494
-463
-292
-377
-407
-698
-705
-668
-701
-428
-326
-158
-205
-234
-70
298
536
494
442
299
56
-111
-216
-44
147
289
394
349
351
347
401
585
649
680
722
396
178
14
-122
-280
-429
-229
99
399
611
685
609
531
512
470
533
782
806
840
1023
1223
1468
1533
1798
1727
1592
1504
1097
996
839
754
814
670
560
171
-222
-489
-773
-849
-801
-805
-804
-737
-894
-1095
-1268
-1075
-722
-634
-519
-292
-427
-597
-802
-1083
-1078
-989
-755
-487
-227
50
257
356
225
338
346
194
93
-56
-44
-341
-658
-881
-927
-915
-949
-891
-1045
-957
-717
-436
-197
18
122
31
53
-86
55
63
118
430
597
697
995
1236
1246
1203
1105
840
941
1193
1430
1741
1815
1837
1768
1544
1427
1486
1608
1643
1593
1589
1343
1200
761
442
142
35
132
160
287
493
744
750
967
1289
1500
1623
1589
1352
1159
954
954
1126
1332
1625
1661
1719
1427
1231
831
876
738
473
531
380
296
181
110
61
-141
-436
-674
-839
-800
-680
-586
-451
-380
-378
-406
-494
-585
-635
-726
-794
-516
-252
-188
-89
126
215
32
-60
-120
-310
-280
-377
-423
-444
-448
-405
-469
-586
-737
-900
-927
-906
-789
-627
-546
-476
-382
-296
-358
-168
-291
-125
-78
-3
228
390
543
469
378
156
3
-82
91
197
342
631
883
1014
1036
842
468
170
-108
-418
-517
-571
-736
-753
-752
-853
-815
-630
-679
-680
-704
-627
-571
-579
-394
-291
-37
239
556
856
962
942
742
686
604
721
1016
1075
1367
1277
920
636
321
125
-77
-136
-147
-142
-126
-262
-439
-562
-870
-937
-963
-919
-484
-258
-89
102
63
-34
-67
42
28
-66
-83
-299
-370
-389
-348
-21
165
354
563
618
424
314
49
-349
-518
-609
-402
-295
-139
72
177
43
-106
-323
-536
-628
-608
-592
-494
-316
-16
180
336
362
289
404
190
208
181
302
331
405
418
371
538
576
704
798
823
847
813
486
281
-105
-424
-689
-784
-789
-662
-395
-441
-668
-1082
-1409
-1552
-1661
-1639
-1336
-1117
-686
-242
59
31
-141
-339
-458
-379
-342
101
415
688
959
1205
1163
861
650
373
159
267
426
465
383
388
384
204
9
-165
-347
-532
-533
-663
-1023
-1214
-1350
-1602
-1560
-1359
-1221
-1020
-833
-907
-829
-772
-860
-1027
-1167
-1199
-1159
-1050
-1031
-837
-597
-437
-227
-258
-306
-488
-782
-878
-858
-528
-87
199
246
223
-76
-307
-338
-250
-178
-155
-206
-294
-459
-524
-522
-334
-210
-369
-51
46
190
294
285
152
37
-34
-178
-52
-68
-50
-79
20
175
220
282
358
269
218
88
9
63
137
301
406
574
889
984
992
772
581
358
387
480
756
1153
1423
1683
1595
1496
1329
1301
1339
1510
1639
1910
1995
2186
2247
2104
2012
1884
1690
1659
1684
1548
1627
1652
1583
1627
1632
1331
1146
849
645
453
418
443
350
460
393
312
94
-15
-81
-140
-118
-105
-25
95
278
95
65
97
-152
-309
-652
-888
-1035
-972
-905
-663
-380
-176
-89
-330
-469
-673
-791
-708
-593
-295
-64
-3
-184
-530
-748
-833
-690
-413
-151
48
115
-65
-227
-379
-514
-596
-774
-705
-659
-750
-458
-343
-204
-119
-1
34
60
-41
-210
-339
-365
-258
-88
-1
76
112
-4
-153
-129
-237
-90
-32
81
252
315
412
250
221
182
161
166
271
396
503
396
433
492
610
730
996
1218
1194
966
722
578
325
474
645
725
920
988
954
880
626
249
101
-150
-356
-500
-554
-454
-517
-522
-659
-759
-899
-963
-950
-795
-781
-681
-584
-659
-563
-658
-654
-628
-686
-614
-535
-426
-250
-201
-30
132
337
389
299
143
-102
-50
-81
-19
-4
-14
-21
7
-102
-345
-652
-720
-755
-1006
-843
-748
-791
-788
-742
-633
-524
-494
-512
-260
-95
-46
10
-149
-196
-106
-54
-113
56
219
206
367
255
229
380
484
540
338
208
189
-28
-239
-440
-887
-1268
-1296
-1217
-1125
-830
-745
-425
-290
-163
-57
-163
-205
-141
-120
22
87
101
340
267
396
581
475
515
478
155
-164
-470
-846
-1099
-1046
-1128
-1131
-1197
-1220
-1506
-1638
-1778
-1784
-1672
-1523
-1526
-1654
-1632
-1738
-1629
-1675
-1767
-1925
-1951
-1913
-1743
-1433
-1217
-919
-754
-653
-761
-965
-1198
-1282
-1556
-1695
-1693
-1506
-1370
-1304
-1266
-1255
-1402
-1426
-1376
-1381
-1359
-1296
-1345
-1649
-1859
-2055
-2178
-2070
-1787
-1535
-1354
-1086
-823
-747
-630
-486
-386
-335
-302
-252
-81
124
285
335
645
940
922
1145
1233
1246
1310
1364
1379
1371
1429
1204
980
846
761
758
725
926
1196
1138
1191
1210
1184
1308
1230
1319
1405
1397
1408
1545
1708
1834
2013
1979
2022
1950
1980
1906
1823
1823
1598
1451
1215
1286
1325
1394
1279
1301
1370
1391
1471
1480
1289
965
671
422
293
67
-27
77
179
214
98
-110
-291
-431
-509
-490
-694
-526
-457
-501
-329
-259
-166
-59
61
-13
-110
-148
-294
-437
-254
-242
-159
-22
19
-40
-269
-465
-471
-490
-550
-620
-762
-787
-996
-1116
-1119
-1135
-1093
-973
-723
-620
-393
-140
-51
156
360
290
389
403
406
477
536
635
774
984
1119
1129
1128
900
631
387
103
-226
-500
-556
-372
-256
-153
-209
-349
-484
-583
-694
-774
-844
-681
-602
-515
-420
-441
-443
-358
-80
168
665
825
1061
1101
1073
1019
937
981
850
830
826
702
601
468
381
427
409
438
394
368
271
207
92
-196
-377
-509
-579
-605
-432
-289
-139
-153
-178
-83
4
159
146
458
590
694
750
655
756
719
817
806
981
1081
1076
1104
1012
1037
978
960
817
746
723
654
411
235
400
294
270
118
190
-60
-308
-362
-547
-471
-442
-373
-414
-324
-305
-265
-201
-318
-302
-228
-15
158
323
429
421
364
272
-27
2
-223
-396
-352
-389
-274
-282
-167
-197
-223
-459
-581
-674
-860
-880
-730
-661
-600
-861
-963
-1088
-1290
-1298
-1307
-1107
-1031
-1039
-838
-817
-674
-449
-379
-472
-700
-788
-1029
-948
-987
-853
-554
-270
-145
-237
-242
-347
-603
-778
-827
-890
-817
-739
-646
-566
-646
-857
-968
-1085
-1264
-1294
-992
-1124
-932
-893
-964
-1004
-1047
-917
-836
-457
-358
-25
172
261
350
338
289
296
231
-8
-41
-133
41
133
288
351
462
341
275
105
-15
182
116
-54
-110
37
-36
-22
8
-12
82
317
398
627
646
676
725
600
486
480
543
671
918
1019
1085
1010
987
844
655
637
394
258
405
402
478
601
515
489
345
185
213
294
468
638
839
849
860
762
638
671
877
999
1331
1633
1796
1759
1538
1370
1160
943
996
1073
1034
984
979
822
858
845
893
976
888
950
817
619
301
398
268
146
278
192
331
388
302
167
8
-321
-397
-364
-252
-111
76
219
234
256
63
-106
-333
-289
-216
-144
54
73
125
199
195
306
267
320
379
413
452
444
344
300
202
323
396
419
357
371
289
172
250
76
131
133
-84
-50
-163
-70
80
155
100
9
-55
-116
-56
-87
53
132
316
200
51
-189
-345
-440
-400
-368
-332
-82
12
116
211
145
-26
-93
-176
-225
-282
-199
-146
28
33
71
-36
-91
-51
-15
12
67
119
195
288
398
507
499
595
613
630
668
874
871
917
1025
934
804
893
722
498
435
154
42
28
50
190
251
287
352
367
329
192
137
200
453
396
292
296
275
567
625
737
1008
1041
1048
986
936
888
831
837
882
714
705
555
410
612
624
742
722
484
580
361
227
198
-46
-68
-104
-16
71
77
43
108
133
60
70
-159
-49
68
-63
-68
-37
-198
-284
-192
-180
-104
220
437
619
826
728
588
368
127
-164
-68
-133
-272
-253
-232
-202
-259
-101
105
157
221
173
251
124
40
-77
-159
-178
-154
-205
-320
-328
-354
-393
-346
-139
-221
-164
-115
-117
-304
-419
-517
-577
-632
-568
-452
-243
-34
-66
-154
-288
-595
-848
-923
-1039
-1191
-1306
-1484
-1680
-1670
-1787
-1686
-1499
-1198
-1118
-993
-902
-898
-891
-910
-895
-847
-773
-979
-883
-839
-617
-464
-398
-394
-370
-330
-350
-406
-459
-561
-682
-634
-591
-527
-522
-442
-463
-594
-538
-615
-694
-669
-608
-487
-515
-596
-564
-471
-458
-424
-225
-63
-148
-391
-611
-788
-1063
-969
-820
-547
-253
-201
16
182
372
536
396
200
175
56
-61
-88
3
68
88
245
269
234
79
-37
-212
-284
-278
-314
-335
-320
-275
-186
-105
-119
-99
-60
169
62
139
422
432
467
546
542
417
258
275
219
-46
-3
70
116
184
186
29
-18
137
140
312
372
247
265
82
-118
-207
-181
-138
7
77
123
154
202
352
265
221
218
20
-105
-132
-88
-17
12
135
152
82
106
188
258
274
286
298
231
157
229
258
180
81
67
33
123
94
200
379
360
436
346
474
650
752
941
894
739
772
799
591
628
417
501
607
589
705
874
865
541
353
78
-186
-187
-67
160
357
384
517
540
479
467
191
-118
-215
-348
-496
-468
-396
-454
-303
-161
-33
109
159
223
96
-171
-338
-553
-544
-342
-271
-57
-49
102
87
82
161
44
69
5
-81
-153
-139
-50
-72
175
318
274
450
464
609
732
776
894
725
555
318
28
-203
-273
-122
234
473
631
664
670
618
489
368
233
313
496
680
802
871
867
783
772
694
683
850
1050
1157
1136
1204
1265
1190
1232
1153
1097
969
852
884
1094
1198
1397
1484
1293
1059
900
701
569
623
716
889
1158
1169
1130
1191
1065
899
751
760
632
693
687
744
767
676
527
363
243
-163
-460
-553
-704
-817
-673
-695
-734
-558
-414
-518
-503
-520
-524
-374
-337
-317
-355
-413
-504
-480
-518
-582
-527
-537
-535
-495
-328
-215
-86
-40
-210
-298
-329
-600
-666
-637
-420
-508
-439
-554
-754
-1029
-1237
-1330
-1401
-1263
-1220
-1067
-971
-765
-734
-526
-746
-658
-832
-1027
-1062
-1121
-981
-1127
-1133
-1080
-1090
-1096
-983
-1022
-955
-834
-927
-799
-787
-907
-927
-1160
-1236
-1481
-1444
-1351
-1186
-1038
-906
-724
-768
-780
-704
-684
-789
-734
-879
-839
-889
-907
-820
-907
-823
-779
-630
-432
-246
-195
-108
60
-111
-237
-162
-119
-16
36
85
154
67
-27
-160
-307
-281
-219
-143
150
245
296
288
157
3
-204
-381
-570
-584
-434
-286
-167
-204
-235
-374
-568
-566
-569
-457
-368
-368
-357
-365
-396
-499
-575
-627
-611
-517
-463
-218
-151
-73
52
93
37
-141
-64
-118
-244
-224
-189
93
229
346
430
309
231
72
-112
-9
61
246
407
418
444
448
512
432
262
232
276
276
236
297
272
262
409
516
571
565
678
811
980
1187
1208
1066
1055
1055
906
665
593
421
212
200
91
183
335
360
311
203
265
272
134
29
-56
-103
-90
-91
-31
-2
-17
61
81
-37
40
-46
-126
-42
-114
-88
-243
-332
-340
-319
-263
-193
-282
-306
-178
-309
-529
-537
-677
-820
-793
-724
-750
-640
-524
-625
-677
-810
-868
-733
-827
-850
-753
-740
-711
-525
-445
-386
-261
-163
-132
-161
-97
6
157
226
108
164
-52
-190
-247
-340
-161
60
101
282
456
294
327
239
129
-1
-80
-152
-210
-177
-21
34
71
69
132
179
267
307
416
483
446
375
281
169
197
176
211
285
340
491
675
716
768
645
507
413
155
45
-102
30
-41
101
176
402
533
600
517
270
150
-138
-274
-305
-78
242
433
870
1157
1184
1115
899
651
403
359
272
403
593
776
833
796
603
510
342
142
156
32
10
29
-21
-21
-15
-296
-352
-466
-560
-523
-538
-597
-624
-539
-514
-550
-597
-548
-599
-518
-498
-476
-413
-481
-622
-679
-610
-692
-559
-578
-620
-485
-445
-463
-501
-687
-881
-859
-927
-786
-965
-939
-895
-1012
-1012
-1218
-1216
-1272
-1385
-1249
-1194
-1236
-1201
-1180
-1303
-1414
-1305
-1318
-1234
-1327
-1211
-1113
-1015
-912
-852
-863
-754
-608
-741
-574
-589
-636
-527
-532
-522
-607
-707
-711
-621
-592
-683
-721
-555
-500
-470
-286
-115
-165
-245
-325
-555
-609
-698
-651
-539
-535
-548
-552
-631
-502
-287
-220
-210
-292
-313
-334
-200
-75
22
116
95
-73
-118
-217
-467
-537
-540
-409
-334
-136
27
253
343
153
-122
-399
-369
-493
-656
-590
-551
-500
-294
-95
-40
214
356
563
691
840
954
1043
1142
1035
846
782
708
633
672
565
373
266
349
260
321
340
343
420
362
490
670
832
965
1030
1044
1017
923
846
441
254
159
-80
-206
-165
-263
-194
-208
35
77
11
-16
-25
-78
-271
-335
-336
-317
-226
-34
-20
-102
-29
-53
-172
-292
-294
-282
-471
-318
-178
-2
11
-66
-210
-266
-117
-201
-183
-150
-264
-287
-276
-326
-261
37
174
141
80
229
149
194
204
323
452
380
350
324
408
204
25
-40
-153
-299
-391
-451
-193
-224
-90
-14
-172
-210
-401
-549
-694
-661
-676
-658
-469
-387
-273
-190
-163
-86
-217
-222
-261
-256
-268
-515
-523
-546
-546
-533
-600
-671
-632
-587
-536
-449
-327
-70
74
225
297
361
351
212
234
122
-3
3
-43
58
104
230
149
147
279
202
337
420
595
788
866
948
903
793
775
826
867
1082
1073
1183
1373
1376
1321
1159
1226
1368
1330
1313
1272
1251
1242
1042
1010
1035
1021
1216
1095
1043
1177
1135
1115
1121
1168
1232
1193
973
814
758
640
581
553
721
724
764
812
717
692
397
344
255
292
306
247
449
385
342
292
210
164
55
13
-89
-112
-174
-265
-254
-248
-226
-407
-379
-401
-512
-323
-168
-52
-125
-98
-23
-258
-435
-371
-340
-254
-58
181
388
557
639
663
425
264
117
-121
-324
-386
-495
-581
-638
-527
-376
-283
-357
-342
-360
-432
-500
-659
-613
-679
-817
-814
-851
-925
-930
-864
-813
-772
-757
-574
-571
-497
-250
-227
-258
-146
-35
-19
149
284
409
533
451
564
707
582
573
512
297
115
118
177
-2
133
-62
-208
-309
-259
-320
-331
-31
-22
112
238
425
344
438
452
459
434
417
431
274
229
136
123
135
206
123
79
247
342
244
225
280
148
89
113
30
-154
-235
-163
-246
-306
-259
-226
-81
10
88
175
49
155
155
81
174
338
495
547
667
623
609
750
576
592
646
595
481
569
542
528
632
531
431
397
227
-121
-90
-162
-313
-187
-125
21
225
352
254
113
24
-58
-213
-258
-197
-179
-218
-44
-20
-91
-47
-175
-287
-278
-248
-293
-226
-381
-344
-185
-69
104
153
268
189
230
178
271
166
103
298
379
587
444
360
279
138
30
1
1
74
202
144
253
373
409
336
204
23
-120
-290
-177
-101
-112
-91
-32
52
10
17
-1
-103
-167
-58
-122
-99
-138
-159
-251
-260
-200
-44
-48
-49
-48
7
27
42
38
-47
-160
-183
-161
-211
-292
-343
-387
-292
-95
9
-8
-2
-97
-182
-151
-124
-86
54
286
389
457
261
133
-34
-24
-82
-30
-17
120
267
164
89
0
-39
180
330
451
706
923
1103
1232
1227
973
904
775
593
548
565
615
654
750
940
1045
1106
1202
1254
1192
1054
936
964
798
732
587
496
467
347
389
401
527
650
877
854
966
897
876
842
717
870
935
1092
1132
1095
903
891
815
722
750
701
730
644
575
510
349
345
522
462
425
506
505
543
588
593
554
362
404
442
467
488
482
485
494
549
477
559
583
605
575
489
443
334
254
100
-78
17
35
47
82
0
-204
-404
-467
-404
-278
-263
-126
-209
-374
-324
-390
-441
-563
-546
-591
-493
-317
-405
-169
-29
13
76
191
102
136
184
186
100
99
192
91
27
-59
-142
-89
-182
-283
-230
-442
-505
-428
-421
-531
-451
-317
-480
-661
-844
-1038
-1196
-1235
-1127
-1034
-887
-711
-722
-658
-748
-622
-458
-410
-364
-373
-150
-227
-253
-375
-275
-131
-19
174
193
306
244
266
245
283
202
274
181
227
210
6
102
-108
-162
-216
-218
-98
-33
56
74
255
352
357
447
271
147
47
16
290
387
452
680
624
580
545
373
286
144
129
106
102
118
102
42
6
-109
-145
-79
14
13
78
26
8
-87
-315
-267
-261
-188
-145
-86
-50
-150
-189
-146
-145
-161
-201
-105
-22
6
149
-85
-172
-297
-270
-236
-286
-234
-175
-108
-102
-127
-273
-408
-369
-407
-234
-217
-228
-26
-5
65
-194
-353
-360
-548
-581
-664
-715
-724
-677
-398
-435
-514
-444
-433
-523
-430
-435
-302
-254
-301
-242
-374
-454
-778
-814
-846
-808
-811
-812
-881
-796
-865
-887
-851
-1135
-987
-1050
-988
-942
-1002
-907
-871
-844
-752
-779
-715
-753
-982
-980
-1056
-1097
-1041
-1013
-657
-656
-508
-349
-559
-523
-581
-530
-395
-414
-187
-212
-255
-245
-297
-84
-65
91
16
-44
92
109
80
-20
56
-83
-111
-172
1
145
180
439
430
623
505
509
398
340
205
214
185
346
541
522
681
535
663
556
407
368
337
235
292
507
499
434
324
174
141
218
187
348
356
490
488
389
441
436
489
487
377
451
354
292
180
107
134
276
470
330
137
-98
-194
-289
-209
-17
150
368
384
346
357
384
317
437
455
515
605
580
572
573
704
775
746
632
775
703
655
835
879
1102
1086
1000
920
755
555
400
464
348
463
652
744
762
919
932
954
872
520
445
355
120
-130
-299
-344
-529
-531
-558
-614
-585
-509
-510
-287
-55
223
361
296
347
345
326
162
51
75
-34
-171
-150
-259
-379
-442
-506
-454
-511
-472
-205
-23
116
194
204
63
-160
-176
36
123
212
422
683
710
668
600
427
363
231
144
78
50
175
290
418
497
421
254
104
-216
-336
-403
-281
-54
38
235
273
366
402
449
410
347
211
81
183
38
-90
-109
5
-132
3
-64
-262
-377
-404
-485
-525
-524
-600
-596
-473
-267
-254
-197
-108
-123
-33
-144
-277
-348
-436
-497
-346
-367
-542
-543
-546
-409
-402
-163
-313
-308
-275
-350
-175
-260
-410
-549
-607
-677
-825
-855
-685
-532
-557
-336
-197
-105
-4
70
41
-152
-187
-398
-654
-854
-1153
-1254
-1321
-1325
-1209
-1077
-899
-812
-707
-795
-850
-735
-532
-326
-42
277
453
515
387
158
-262
-507
-527
-606
-453
-249
-293
-182
-119
-107
-26
-85
-223
-237
-154
-248
-391
-321
-364
-359
-288
-270
-190
-43
191
357
462
574
574
414
338
226
63
-82
-25
-39
-107
-153
-312
-295
-310
-484
-482
-649
-611
-610
-628
-603
-678
-654
-659
-646
-659
-602
-621
-739
-743
-911
-1136
-1304
-1494
-1561
-1612
-1495
-1253
-1111
-930
-879
-773
-671
-778
-593
-697
-659
-544
-575
-481
-531
-557
-619
-629
-670
-503
-322
-214
-173
-79
36
124
304
385
469
413
360
130
-42
-106
-269
-211
-290
-511
-559
-629
-731
-612
-625
-464
-492
-477
-342
-360
-277
-163
-226
-105
-25
-213
-127
-102
-35
55
73
122
151
111
106
247
238
370
474
371
320
243
135
-72
-169
-180
-190
-8
-66
-9
110
163
304
271
227
299
369
500
636
828
960
844
876
1103
1168
1075
1044
881
659
533
534
575
693
796
832
750
647
713
612
732
738
588
767
850
850
897
722
618
507
474
438
264
549
869
1115
1050
973
804
575
424
262
125
61
206
316
376
392
446
445
372
327
260
347
290
285
413
391
339
136
61
15
-112
-53
-84
-151
-50
-203
-264
-296
-409
-373
-367
-298
-255
-40
7
3
210
131
185
56
7
-31
-85
-97
-273
-253
-271
-141
-158
-250
-312
-626
-809
-964
-838
-700
-656
-430
-377
-115
-13
-30
-92
-133
-404
-378
-259
-417
-307
-248
-330
-323
-380
-448
-515
-563
-511
-420
-361
-209
-35
64
67
165
132
189
380
349
355
452
518
534
498
452
173
-7
32
-16
14
162
42
-6
53
75
63
49
-35
-185
-115
-72
-72
-14
23
41
45
64
221
-14
55
113
140
233
309
518
342
335
379
410
436
315
119
26
-147
-145
-231
-211
-67
-199
-196
-479
-584
-712
-626
-567
-536
-362
-513
-365
-404
-348
-316
-461
-425
-548
-402
-331
-412
-302
-286
-244
-115
-5
-9
-12
23
-168
-221
-291
-128
10
48
35
46
15
-134
-114
-161
-132
-91
-193
-207
-333
-371
-421
-487
-509
-479
-424
-387
-503
-340
-266
-239
-227
-379
-430
-452
-433
-443
-372
-166
-64
-115
-144
-191
-244
-270
-102
-83
10
129
338
410
473
409
301
321
188
86
-206
-404
-533
-379
-345
-163
36
114
85
-30
-136
-228
-149
-204
-136
94
128
336
321
252
290
139
57
-12
-125
-362
-411
-421
-494
-505
-616
-519
-465
-537
-417
-367
-382
-339
-494
-545
-455
-424
-331
-203
-158
-133
-92
-139
-3
-125
-127
-73
-244
-179
-92
23
9
-16
67
-34
-74
-51
-123
-55
43
-33
-95
-54
22
162
277
425
429
415
396
256
349
561
678
756
849
1006
1063
1122
1088
885
837
802
860
846
774
868
972
981
988
895
966
954
974
1034
925
964
933
748
891
865
948
998
989
955
1011
1000
887
929
708
723
717
688
587
539
691
769
916
987
831
813
804
761
670
627
782
804
832
808
839
804
802
801
707
557
485
415
379
401
534
570
634
722
568
451
146
159
204
195
244
208
249
221
179
142
112
32
-81
18
21
43
43
-47
-265
-340
-375
-365
-349
-608
-619
-532
-527
-557
-407
-473
-543
-693
-784
-832
-826
-892
-796
-696
-810
-675
-807
-865
-887
-791
-558
-440
-359
-409
-202
-56
-168
-109
-110
-142
-219
-159
-33
39
79
21
65
42
-91
-92
-130
-156
-107
-103
-83
135
253
288
380
267
180
275
241
115
215
244
283
261
327
401
361
253
-44
22
53
101
185
225
242
221
300
220
269
402
429
323
348
470
308
300
363
264
255
213
122
106
-9
-165
-161
-75
-92
46
122
42
39
-76
-104
-105
-180
-317
-338
-439
-476
-540
-522
-338
-219
58
246
288
294
123
21
-321
-429
-414
-502
-399
-285
-310
-342
-490
-357
-464
-454
-314
-435
-530
-574
-602
-595
-409
-286
-239
-202
-121
-289
-229
-80
-114
-223
-195
-362
-371
-252
-268
-105
-36
-70
-204
-104
31
32
18
-37
-152
-114
-113
-31
-20
32
81
-112
-139
-373
-477
-515
-662
-750
-863
-799
-768
-622
-577
-485
-534
-673
-628
-798
-916
-861
-923
-877
-816
-1047
-780
-604
-561
-454
-424
-482
-451
-436
-471
-427
-391
-321
-405
-399
-355
-440
-393
-554
-626
-561
-487
-441
-305
-195
-271
-161
-267
-333
-216
-200
-212
-210
-184
-252
-411
-332
-319
-414
-358
-416
-229
-182
-234
-319
-478
-645
-748
-824
-851
-688
-491
-370
-302
-307
-301
-401
-499
-551
-462
-364
-331
-174
2
151
20
44
-64
-165
-299
-319
-314
-353
-208
-164
-138
15
-91
-264
-238
-174
-51
42
206
292
532
492
542
517
605
649
674
690
599
646
616
660
587
485
511
454
543
658
870
1109
1246
1446
1336
1290
1140
975
738
730
806
863
1171
1245
1363
1438
1463
1437
1323
1217
1007
1015
977
872
799
885
827
796
821
789
828
742
638
607
500
548
472
510
633
555
458
408
362
220
219
-12
-27
-63
130
200
248
87
-26
-58
-97
-79
-105
61
-32
85
-6
-143
-210
-329
-301
-372
-372
-345
-316
-304
-323
-304
-404
-400
-482
-501
-492
-533
-526
-435
-310
-360
-278
-239
-247
-225
-98
44
177
237
85
-36
-238
-437
-443
-500
-384
-102
-162
-21
252
258
354
344
351
322
289
129
-6
-216
-277
-349
-474
-531
-567
-497
-357
-183
56
159
106
98
192
313
562
611
743
774
712
742
667
673
547
599
442
469
449
354
464
623
820
691
617
499
425
392
442
483
510
633
708
621
611
616
785
939
998
1016
1051
1014
845
707
649
518
517
444
306
150
-160
-157
-162
-105
-205
-233
-325
-113
108
129
247
147
78
-115
-229
-385
-552
-579
-491
-268
-190
-88
50
-53
-43
-122
-264
-483
-526
-729
-843
-826
-889
-908
-913
-794
-728
-614
-583
-494
-499
-640
-684
-588
-569
-576
-592
-624
-619
-549
-484
-555
-539
-660
-740
-590
-762
-872
-1026
-1112
-1061
-1202
-1209
-1074
-929
-863
-682
-619
-563
-569
-619
-664
-825
-908
-980
-1000
-999
-1159
-1224
-1303
-1310
-1385
-1356
-1365
-1300
-1061
-847
-806
-673
-463
-593
-643
-720
-801
-865
-622
-378
-185
-10
191
334
334
158
69
58
-153
-129
-295
-255
-212
-284
-57
-58
-36
56
130
10
-128
-144
-260
-265
-139
172
421
635
683
753
703
671
546
365
226
69
-19
-89
-157
-249
-432
-306
-324
-178
172
231
176
68
-29
-45
1
113
273
352
450
465
487
386
297
346
214
91
-15
-137
-208
-65
12
30
187
163
245
194
5
33
-100
-207
-168
-260
-260
-124
-32
318
615
865
1060
1145
1157
1056
912
711
644
462
289
408
336
347
428
394
429
394
503
561
666
752
813
773
810
679
310
232
61
-217
-348
-477
-292
-230
-70
158
285
526
603
805
971
1133
1209
1073
970
806
565
328
56
-42
19
138
238
216
159
25
-42
-35
-113
-190
-209
-253
-352
-525
-592
-744
-602
-468
-419
-351
-364
-299
-293
-223
-285
-147
-9
130
407
358
455
606
609
423
423
177
60
7
-153
-332
-255
-173
-460
-367
-440
-520
-623
-565
-378
-349
-357
-230
-174
-115
-118
-168
-17
61
-16
-249
-321
-435
-362
-100
-133
-71
-67
-110
-26
-33
-120
-25
-4
-182
-209
-388
-404
-336
-263
-166
-72
46
50
39
323
325
427
515
490
403
434
331
193
99
129
52
-10
46
104
240
134
254
273
426
493
679
773
779
749
616
520
252
123
69
142
183
219
275
224
76
-70
-197
-149
-180
-197
59
204
272
138
73
-117
-125
51
75
129
146
229
320
189
149
103
153
144
44
39
-111
58
49
113
293
130
105
105
-94
-118
-283
-339
-325
-340
-398
-462
-578
-601
-755
-767
-679
-711
-559
-650
-537
-596
-577
-695
-684
-667
-652
-461
-368
-242
-187
-271
-326
-163
-203
-9
42
18
64
-162
-79
-236
-138
-320
-413
-323
-487
-473
-308
-331
-397
-429
-302
-244
-210
-115
-47
192
21
152
196
62
104
141
265
287
295
327
420
267
276
296
272
182
121
38
-4
49
-40
-27
-135
-260
-204
-162
-82
-24
21
58
56
-115
-152
-266
-307
-152
-180
-169
-286
-205
-207
-100
-81
49
142
191
326
338
253
93
96
-136
-187
-85
-1
1
-75
22
73
162
340
380
180
285
225
50
35
36
129
103
120
185
88
-16
-79
-159
-167
-172
-68
10
201
213
326
331
358
346
325
356
332
343
466
644
580
449
444
410
132
209
210
314
393
461
438
481
437
352
341
215
96
24
86
169
303
341
169
260
281
277
342
427
386
307
393
232
316
260
197
181
57
32
-16
83
164
302
281
387
518
610
508
404
308
192
210
92
155
290
294
400
371
415
410
267
366
315
385
375
355
296
279
189
136
309
312
465
456
492
322
274
213
170
164
29
63
90
-189
-332
-385
-419
-346
-344
-216
-216
-269
-364
-377
-376
-509
-401
-336
-361
-387
-509
-636
-817
-829
-736
-849
-679
-491
-258
-208
-80
-80
-353
-254
-311
-122
36
24
199
281
308
113
39
-73
-33
-72
-61
36
119
231
223
165
141
123
80
51
231
206
128
184
157
135
334
482
557
773
813
715
783
838
904
917
932
949
736
665
624
431
345
394
327
320
283
336
286
356
244
212
266
236
213
0
0
0
0
0
0
0
0
0
0
0
0
0
0
0
0
0
0
0
0
0
0
0
0
0
0
0
0
0
0
0
0
0
0
0
0
1
0
0
0
0
-1
0
0
0
0
0
0
0
0
0
0
0
0
0
0
0
0
0
0
0
0
0
0
0
0
0
0
0
0
1
0
0
0
0
0
0
0
0
0
0
0
0
0
0
0
0
0
0
0
0
0
0
0
0
0
1
1
0
0
0
-1
1
1
0
0
0
0
0
0
0
0
0
0
0
1
0
0
0
0
0
0
0
0
0
0
0
0
0
0
0
0
0
0
0
0
0
0
0
0
0
0
0
0
0
0
0
1
0
1
0
0
0
0
0
0
1
0
0
1
-1
0
0
0
0
0
0
0
0
0
0
0
-1
0
-1
0
0
0
0
0
-1
0
0
0
0
0
0
0
0
0
0
0
0
0
0
0
-1
0
0
0
0
0
0
1
0
0
0
0
0
0
0
0
0
0
0
0
0
0
0
1
0
1
0
0
0
0
1
0
0
0
-1
0
0
0
0
0
0
0
0
0
0
0
0
0
0
0
0
0
0
0
0
0
0
0
0
0
0
0
0
0
0
0
0
0
0
0
0
0
0
0
0
0
0
