0
0
0
0
0
0
0
0
0
0
0
0
0
0
0
0
0
0
0
0
0
0
0
0
0
0
0
0
0
0
0
0
0
0
0
0
1
0
0
0
0
-1
0
0
0
0
0
0
0
0
0
0
0
0
0
0
0
0
0
0
0
0
0
0
0
0
0
0
0
0
1
0
0
0
0
0
0
0
0
0
0
0
0
0
0
0
0
0
0
0
0
0
0
0
0
0
1
1
0
0
0
-1
1
1
0
0
0
0
0
0
0
0
0
0
0
1
0
0
0
0
0
0
0
0
0
0
0
0
0
0
0
0
0
0
0
0
0
0
0
0
0
0
0
0
0
0
0
1
0
1
0
0
0
0
0
0
1
0
0
1
-1
0
0
0
0
0
0
0
0
0
0
0
-1
0
-1
0
0
0
0
0
-1
0
0
0
0
0
0
0
0
0
0
0
0
0
0
0
-1
0
0
0
0
0
0
1
0
0
0
0
0
0
0
0
0
0
0
0
0
0
0
1
0
1
0
0
0
0
1
0
0
0
-1
0
0
0
0
0
0
0
0
0
0
0
0
0
0
0
0
0
0
0
0
0
0
0
0
0
0
0
0
0
0
0
0
0
0
0
0
0
0
0
0
0
0
553
420
504
567
594
654
584
602
595
557
509
477
470
533
657
894
976
957
1067
1193
999
915
853
905
863
855
921
751
851
701
633
647
638
423
442
458
436
432
399
320
498
465
437
481
312
245
190
42
-91
-103
-206
-256
-191
-309
-387
-528
-538
-644
-718
-554
-698
-685
-658
-814
-864
-896
-956
-917
-797
-676
-545
-412
-427
-471
-509
-526
-674
-664
-674
-758
-777
-946
-857
-713
-799
-766
-637
-566
-537
-331
-573
-629
-709
-818
-872
-1036
-972
-907
-839
-656
-444
-259
-158
-246
-427
-558
-667
-788
-874
-910
-1010
-963
-924
-812
-555
-290
-113
-77
-214
-270
-388
-645
-627
-505
-294
-260
-152
-86
-263
-336
-480
-523
-503
-588
-704
-650
-687
-682
-400
-195
35
183
412
453
345
313
155
55
55
26
216
354
444
656
747
919
971
918
858
775
772
651
664
814
913
1036
1082
908
923
776
639
480
366
341
348
601
559
729
758
789
715
467
301
105
34
49
214
227
397
340
348
433
441
451
339
329
298
286
120
286
389
457
418
317
330
185
184
-110
-287
-347
-411
-381
-102
-38
69
148
138
215
67
-153
-132
-190
-150
-49
-84
28
91
237
286
308
434
659
602
466
323
290
359
503
648
666
758
681
646
482
365
107
-76
-173
-242
-76
-78
-82
-94
46
-55
-172
-298
-528
-621
-787
-697
-646
-675
-389
-183
-111
-139
-113
-150
-318
-396
-372
-442
-509
-568
-475
-285
-176
-151
-63
-15
-168
-201
-329
-525
-709
-711
-833
-724
-703
-626
-465
-472
-405
-507
-422
-525
-495
-523
-540
-524
-379
-295
-244
-290
-250
-374
-462
-594
-595
-386
-336
-200
-221
-29
139
340
306
252
241
170
43
111
41
71
67
68
122
107
319
195
196
206
125
90
163
89
153
296
324
442
367
321
370
452
528
441
533
426
545
669
795
924
986
1101
1091
982
874
952
779
696
706
562
457
360
248
191
89
35
51
-36
-2
12
56
66
-17
104
249
190
179
176
-22
-36
-81
-247
-175
-130
-142
-107
-51
-19
-19
-125
-4
-94
-53
-123
-242
-310
-295
-129
-197
-140
-295
-395
-429
-326
-295
-141
-281
-329
-182
-251
-68
-15
-75
-29
-63
-245
-226
-258
-475
-525
-529
-572
-588
-383
-390
-210
-71
-1
125
71
156
-152
47
55
6
3
-153
-258
-234
-228
-285
-143
-111
-45
-96
-67
-63
2
-63
-101
-173
-233
-337
-350
-361
-384
-364
-420
-260
-139
-115
-58
-64
-162
-145
-55
-93
-95
-109
-57
-126
-116
-51
-71
11
-49
63
113
95
152
96
63
-58
25
-49
30
192
293
374
407
384
180
267
208
453
595
558
644
615
709
621
651
743
726
738
828
758
647
621
461
547
579
504
524
509
568
602
686
772
727
640
582
487
438
461
374
313
322
294
344
402
327
240
252
223
270
291
292
271
376
537
622
709
730
849
695
638
530
495
424
512
595
512
644
610
582
551
432
306
154
203
203
164
241
131
34
-57
-85
-48
-9
-87
-26
-65
30
238
224
123
300
438
402
540
400
555
409
231
145
139
119
65
157
114
84
83
178
184
252
135
203
300
191
120
-18
-75
-130
122
-12
-28
-21
-46
-129
-182
-155
-199
-19
-48
-41
-157
-143
-66
-90
-112
-72
-32
-48
-164
-127
-24
-68
-133
-127
-54
-86
-137
-120
-274
-501
-472
-487
-584
-522
-396
-411
-400
-574
-524
-431
-478
-497
-399
-144
-324
-318
-250
-157
-109
-220
-230
-172
-103
-160
-97
-225
-158
-214
-95
-22
52
77
22
-66
-16
-130
-50
-58
-26
-11
19
49
28
34
51
-43
-158
-215
-175
-262
-187
-213
-238
-144
-154
-102
-58
-148
-210
-84
-108
-128
-87
17
89
164
139
141
124
246
217
-25
44
19
39
26
77
-29
53
71
168
252
161
90
-2
60
-78
130
86
292
395
426
346
329
241
153
157
170
179
100
29
39
123
231
326
364
340
215
100
-82
-149
-194
-258
-193
-217
-211
-129
-132
-318
-400
-498
-495
-509
-569
-588
-604
-481
-459
-434
-433
-341
-216
-255
-251
-378
-538
-513
-480
-500
-435
-376
-451
-388
-444
-470
-342
-229
-368
-292
-178
-262
-91
-102
-139
-81
-95
-65
-270
-343
-342
-402
-410
-461
-550
-477
-454
-209
-165
-228
-163
-357
-377
-497
-497
-459
-640
-527
-534
-534
-340
-247
-248
-313
-317
-388
-441
-499
-514
-465
-376
-263
-230
-159
-121
-213
-279
-221
-338
-274
-274
-256
-78
-52
2
33
34
-8
1
114
149
192
303
459
581
543
664
554
589
551
545
508
370
358
165
256
196
111
110
158
279
304
464
484
459
353
403
416
439
568
602
597
664
757
765
716
596
630
658
618
816
802
873
872
752
777
679
703
732
725
700
524
495
454
522
602
599
542
614
630
601
577
475
569
498
396
394
538
588
491
519
715
734
661
728
649
601
698
687
706
751
780
769
688
708
596
691
682
701
771
744
731
697
735
569
598
459
563
478
451
449
418
528
444
415
396
520
467
472
464
338
356
173
117
195
209
193
8
-42
-158
-112
-230
-150
-282
-461
-337
-464
-318
-231
-289
-226
-350
-433
-413
-366
-460
-550
-609
-650
-633
-655
-574
-610
-679
-624
-629
-740
-661
-661
-666
-718
-649
-692
-730
-778
-789
-759
-741
-710
-753
-696
-720
-616
-691
-659
-655
-541
-537
-622
-714
-740
-529
-621
-534
-639
-713
-807
-850
-834
-937
-988
-1000
-1082
-1142
-1072
-1065
-1050
-956
-846
-1042
-1027
-996
-1128
-1131
-1098
-1178
-1136
-910
-796
-813
-762
-729
-712
-792
-709
-697
-731
-577
-480
-485
-548
-338
-500
-463
-385
-435
-336
-155
-75
-93
38
-101
-89
16
19
159
63
-15
94
-99
-97
-54
-118
-113
-121
-117
-93
5
-66
-72
-35
113
88
160
244
32
128
123
126
226
368
388
250
375
222
135
122
97
26
-50
89
-11
-60
-90
-203
-217
-304
-277
-165
-187
-30
34
-79
-10
48
50
174
217
52
-53
-254
-400
-383
-279
-342
-406
-321
-366
-288
-130
-242
-286
-30
-174
-34
91
35
88
145
92
-36
-4
13
-2
8
-46
-136
-109
-263
-213
-179
-147
-157
-198
-234
-300
-231
-177
-206
-229
-103
-66
-224
-165
-50
-127
-58
-92
-287
-263
-221
-164
-266
-122
-9
-176
-175
-95
-115
-198
-188
-204
-276
-301
-337
-377
-317
-187
-114
81
49
116
196
150
162
181
419
575
652
811
747
795
739
761
638
675
698
593
656
742
746
737
697
519
491
412
394
335
382
440
379
418
389
465
564
636
444
448
475
432
335
260
272
458
506
471
422
326
321
297
182
243
373
275
287
39
49
96
96
322
378
292
162
234
217
205
252
331
344
339
378
280
374
213
246
256
187
205
203
243
138
253
171
99
60
-70
-148
-274
-195
-122
-63
-44
-20
49
-53
62
44
154
328
197
135
23
-23
-141
-240
-172
-215
-265
-277
-310
-475
-546
-527
-705
-766
-645
-614
-568
-582
-536
-486
-408
-515
-503
-565
-629
-682
-755
-861
-831
-762
-737
-762
-646
-606
-667
-645
-644
-639
-616
-583
-541
-425
-435
-313
-385
-343
-348
-459
-384
-464
-417
-448
-434
-533
-529
-432
-379
-436
-493
-492
-463
-596
-722
-601
-508
-431
-384
-263
-289
-255
-286
-300
-275
-223
-150
79
237
123
214
270
278
173
66
0
38
-5
51
205
98
94
153
121
269
249
294
276
288
442
368
293
312
198
261
291
279
344
226
98
114
-26
54
100
100
168
186
299
288
466
445
346
434
268
182
186
336
455
461
560
561
540
572
543
563
554
609
649
457
592
533
505
715
722
724
780
815
890
816
842
640
550
582
696
883
846
854
797
751
787
760
611
677
578
504
456
435
482
349
285
149
159
47
-86
-120
-145
-117
-114
-135
-74
-84
-207
-184
-316
-253
-271
-331
-354
-339
-389
-376
-402
-396
-352
-451
-555
-471
-481
-667
-590
-473
-403
-314
-309
-228
-291
-315
-192
-225
-220
-144
-206
-172
-278
-405
-378
-475
-427
-489
-381
-214
-209
-263
-358
-390
-482
-469
-414
-502
-390
-445
-434
-478
-587
-511
-570
-611
-595
-519
-560
-504
-507
-560
-552
-460
-459
-609
-651
-767
-520
-461
-519
-407
-457
-550
-584
-359
-318
-361
-119
-85
-183
-161
-176
-111
-121
-87
88
131
173
133
170
162
111
223
184
95
103
96
149
145
268
368
286
340
366
225
420
446
493
634
609
626
530
603
582
503
587
534
587
664
591
484
503
598
476
479
465
394
436
507
568
620
542
491
637
553
563
543
633
748
788
760
733
688
603
622
593
732
723
537
607
487
391
292
290
354
396
405
406
452
418
374
414
426
526
480
462
508
334
307
183
228
305
233
259
276
111
90
192
49
-25
134
170
48
201
99
43
-18
-139
-170
-185
-67
-171
-150
-119
-159
-213
-241
-189
-305
-277
-83
-98
-110
52
41
123
96
-36
-144
-150
-247
-227
-339
-256
-147
-81
-130
-209
-162
-2
51
42
16
19
142
76
114
126
202
85
3
33
4
-40
-102
-121
-230
-280
-181
-163
-173
-51
-113
-98
-165
-127
26
107
77
15
-7
95
289
215
209
195
293
364
198
160
71
56
52
2
-57
16
189
360
412
356
430
344
307
455
418
351
404
424
351
324
269
348
291
270
277
323
311
350
341
521
527
554
550
446
395
168
208
171
189
41
24
41
22
68
10
-57
57
15
-114
-126
-276
-169
-50
-69
-32
38
52
-152
-226
-349
-449
-471
-552
-584
-667
-676
-677
-762
-769
-709
-713
-691
-676
-588
-535
-598
-669
-700
-807
-869
-864
-885
-813
-667
-715
-719
-670
-818
-767
-788
-779
-610
-527
-489
-487
-405
-408
-316
-252
-345
-288
-449
-489
-484
-580
-416
-476
-491
-340
-362
-285
-195
-283
-229
-237
-344
-373
-506
-469
-612
-608
-449
-458
-369
-446
-369
-467
-489
-429
-462
-545
-509
-470
-484
-422
-507
-643
-694
-830
-884
-914
-843
-755
-567
-477
-432
-439
-492
-604
-532
-380
-351
-200
-185
-22
-76
-61
-30
86
148
119
226
149
266
184
185
223
92
149
140
261
271
301
303
247
177
218
400
337
569
630
695
836
818
753
819
754
630
680
618
666
609
651
690
481
476
570
562
639
744
737
694
725
717
640
610
580
503
417
434
524
481
425
367
327
381
282
305
230
133
194
198
236
193
251
246
461
511
543
614
530
557
444
416
474
485
561
541
497
555
593
454
553
613
606
670
628
568
535
631
595
663
654
800
717
728
682
609
585
582
648
713
732
604
646
533
511
440
447
477
442
301
185
188
108
299
301
411
431
417
433
280
314
278
272
241
189
45
142
-32
7
8
-70
-80
104
49
-20
73
-147
-99
13
57
117
-74
-186
-270
-391
-334
-219
-257
-275
-142
-87
25
21
3
42
99
-14
246
98
129
263
113
61
-18
14
146
188
158
95
56
11
-20
208
299
335
369
317
328
345
327
286
143
25
-60
-197
-184
-80
-24
-22
-21
-29
-195
-307
-256
-236
-248
-269
-273
-325
-277
-293
-251
-285
-306
-343
-303
-467
-533
-635
-723
-649
-693
-752
-660
-704
-784
-785
-857
-709
-715
-659
-527
-560
-590
-628
-645
-633
-647
-585
-620
-601
-529
-556
-435
-545
-441
-466
-395
-266
-353
-244
-297
-229
-291
-370
-526
-422
-416
-401
-250
-317
-165
-369
-271
-166
-289
-272
-227
-306
-298
-160
-138
91
-30
70
14
-1
24
-41
26
86
1
-75
-216
-287
-223
-456
-622
-420
-421
-460
-345
-440
-421
-339
-404
-449
-352
-52
-40
-1
-74
4
47
-78
-171
-183
-102
-197
-208
-95
-70
78
47
-4
3
-73
-124
-116
-179
-196
-306
-453
-340
-214
-206
-266
-191
-158
-239
-312
-375
-379
-351
-214
-105
-203
-318
-374
-321
-283
-288
-229
-272
-256
-217
-350
-339
-165
-123
-40
-101
17
172
11
46
-12
-39
-56
37
114
191
264
175
305
212
211
216
273
150
65
64
-70
-157
-161
-196
-225
-126
-215
-90
49
33
13
87
185
201
181
263
290
355
281
121
160
141
135
18
2
-130
-97
-71
-123
-74
-120
-16
-14
93
61
-47
-13
-18
129
217
225
284
409
448
381
440
419
492
453
449
500
465
547
502
471
588
636
755
730
748
699
647
706
518
570
672
592
666
685
680
533
349
218
120
197
142
38
-53
-107
-139
-79
54
-127
-187
-81
-89
-81
20
-36
26
137
145
150
141
167
326
454
354
276
318
347
352
439
359
434
386
354
340
318
257
223
251
286
378
371
517
557
637
392
297
297
203
259
125
77
5
-17
-156
-145
-221
-269
-218
-127
-222
-453
-352
-262
-221
-252
-54
-92
-129
-78
-61
5
-106
-82
-117
-168
-96
78
110
256
180
183
150
65
149
54
38
-119
-30
-101
-103
-163
-262
-304
-303
-215
-319
-249
-166
-247
-235
-183
-250
-195
-154
-84
-52
-82
-137
-300
-300
-400
-265
-200
-124
-125
-253
-386
-231
-282
-278
-163
-58
-27
-9
21
-34
61
98
126
258
254
360
322
210
124
-45
18
7
64
160
167
63
36
45
12
-187
-214
-195
-174
-272
-361
-256
-268
-130
-152
-150
-240
-75
-177
-240
-248
-346
-384
-346
-344
-445
-461
-331
-353
-354
-270
-319
-280
-307
-306
-310
-218
-147
-124
-140
-117
11
59
203
266
197
254
385
436
432
419
445
513
452
381
356
381
165
124
122
66
274
355
310
333
337
145
176
101
175
251
257
329
267
400
389
298
352
287
294
262
306
314
335
495
426
418
368
465
460
498
603
610
550
510
507
388
436
365
255
138
49
-235
-325
-341
-504
-560
-513
-703
-802
-775
-900
-1044
-1137
-1225
-1345
-1265
-1341
-1261
-1330
-1126
-1020
-1135
-1043
-1157
-1127
-1114
-1178
-1111
-1100
-1120
-1052
-1076
-1047
-989
-981
-913
-768
-556
-453
-410
-344
-309
-249
-209
46
121
234
544
875
1115
1198
1319
1334
1400
1379
1373
1372
1303
1184
1125
1136
1038
951
994
989
1054
874
663
624
388
311
316
352
267
243
8
-61
-97
-209
-369
-517
-761
-998
-1090
-1234
-1308
-1441
-1640
-1831
-2011
-2199
-2278
-2481
-2421
-2339
-2316
-2224
-2245
-2267
-2196
-1949
-1573
-1423
-702
1012
1597
657
470
1117
1722
2604
4096
4340
4054
3455
2596
2644
3674
3944
3601
3588
3381
1930
932
1016
556
-304
-681
-998
-1785
-2447
-2900
-3655
-3749
-2781
-1889
-1380
-932
-735
-1244
-1214
-477
937
2019
2941
2896
2629
2740
2716
2934
3588
3842
3409
2782
2100
1274
626
140
-507
-878
-993
-1444
-2081
-2634
-3064
-3548
-3688
-3203
-2597
-2060
-1840
-1625
-1626
-1217
-633
163
902
1411
1774
1868
1881
2036
2307
2285
2149
2023
1783
1323
796
350
-83
-632
-928
-1123
-1348
-1819
-2220
-2660
-2975
-2903
-2803
-2771
-2750
-2552
-2173
-1919
-1568
-965
-256
254
830
1100
1310
1548
1606
1836
2162
2181
2110
1978
1583
1128
834
687
310
-78
-361
-743
-1410
-1821
-1703
-1769
-1860
-1856
-1810
-1915
-2003
-1785
-1520
-1199
-862
-426
-114
100
395
659
874
1220
1361
1428
1422
1496
1484
1435
1340
1291
1121
715
466
274
68
-107
-365
-835
-1012
-1056
-913
-581
-448
-409
-464
-454
-234
37
378
737
1127
1171
1375
1602
1863
2066
1946
1798
1915
2045
1653
1514
1501
1301
984
796
755
364
76
-72
-319
-529
-527
-619
-809
-946
-960
-914
-773
-432
-249
-250
-213
-137
-87
227
537
670
870
829
737
679
789
729
564
521
416
73
104
88
9
-149
-404
-517
-841
-894
-965
-842
-836
-816
-869
-708
-387
-128
-67
-9
-136
-4
82
293
466
723
719
555
528
697
802
916
674
315
81
-38
44
-32
7
-210
-517
-621
-771
-702
-813
-885
-1070
-1195
-1083
-1171
-1027
-942
-731
-666
-554
-631
-631
-693
-818
-1042
-933
-855
-815
-906
-871
-909
-1083
-1090
-1168
-1168
-1141
-1384
-1380
-1462
-1462
-1235
-1141
-1272
-1196
-1132
-1182
-1039
-852
-735
-748
-501
-453
-403
-65
-67
-156
-128
-142
-59
-47
-103
-35
-46
-191
-149
-93
-89
-251
-386
-320
-389
-423
-295
28
206
161
415
502
581
554
837
874
740
892
939
1083
1221
1158
1231
1335
1321
989
922
902
1031
1051
1148
1125
892
839
658
503
301
375
352
177
329
444
327
151
178
167
317
434
684
718
727
623
591
751
817
865
903
1149
1291
1330
1365
1475
1270
1029
811
832
864
995
1083
890
763
502
385
217
59
127
-83
-268
-179
-131
-194
-278
-274
-138
-246
-449
-512
-719
-1158
-1284
-1232
-1508
-1436
-1786
-2362
-2685
-2854
-3202
-3618
-3695
-3980
-4314
-4530
-4560
-4805
-4891
-4910
-4888
-4978
-4906
-4988
-4885
-4785
-1946
2381
2186
-1090
-1493
794
3113
5286
7322
7849
6574
3843
3150
6087
9751
9292
7435
7508
6356
2513
1498
3367
3124
385
-1106
-1494
-2904
-4895
-6305
-7363
-7298
-5650
-4601
-4207
-4684
-5753
-6469
-5180
-2440
1136
3775
4308
3029
2754
4070
5583
7052
8787
9208
7683
5942
5408
5549
5368
4425
3017
1830
847
-713
-2543
-3517
-4411
-5184
-5462
-4976
-4350
-4208
-4921
-4918
-4071
-2487
-630
1093
2686
4134
4222
4391
6006
7702
9032
9510
9169
8613
8184
6891
6509
6810
6244
4491
3399
2084
333
-1443
-2502
-3428
-3974
-4375
-5201
-5843
-6141
-6339
-5741
-5053
-4657
-3559
-2492
-1738
-1533
-1254
-751
156
1301
2661
3191
2970
2303
1489
1071
793
703
807
-277
-1447
-2322
-3228
-4184
-4819
-4991
-4914
-5488
-5776
-5842
-5538
-5669
-5317
-4172
-3049
-2482
-1856
-804
-484
-18
724
2274
3434
4463
4429
4490
4176
4485
4930
5351
5302
4373
2883
2164
2226
2297
2475
1845
678
-351
-943
-543
-165
-146
-605
-1144
-772
-373
103
588
913
1019
1351
1536
1912
2056
1875
1525
1721
2373
2536
1710
1244
1048
565
-77
-153
-251
-1262
-2336
-2733
-2999
-3546
-3922
-4553
-5116
-6015
-6704
-7020
-6744
-6774
-7441
-7990
-8301
-8874
-9080
-9078
-9555
-10059
-10974
-11879
-12333
-12136
-10168
-4966
220
-1801
-8351
-9446
-3538
3237
7717
9953
9513
6659
2434
3555
11793
19863
19237
14736
13329
11747
7557
7195
11179
11219
5544
1167
82
-2128
-6357
-9946
-11069
-10431
-8963
-7882
-8002
-10270
-14042
-15450
-11647
-4901
1197
4915
4939
2319
2049
6073
11869
15941
18495
18121
15152
12684
12606
14323
14657
12343
8915
6287
4277
1575
-1312
-3503
-6092
-8925
-10235
-9858
-10234
-11909
-13498
-13963
-13109
-10672
-7385
-4686
-3019
-2376
-803
2442
6498
9126
10706
11388
11836
12996
14353
14735
14279
13732
12195
10690
9306
7971
5343
2858
512
-1793
-3984
-5528
-6964
-8611
-10120
-10279
-10501
-10599
-10796
-9960
-8761
-7073
-6045
-5430
-4398
-2498
-691
917
3452
4945
5433
5441
4989
4687
5522
5408
3997
2516
991
-1248
-3979
-6601
-8560
-10275
-13152
-16006
-16647
-17122
-20140
-22631
-22521
-22571
-21240
-13650
-5241
-9117
-16707
-16179
-6057
4588
11299
13102
14805
13191
8889
11314
23662
32428
27250
21120
21903
21104
15268
15082
17836
14937
6274
1232
26
-2048
-8903
-15860
-19369
-17557
-15884
-15378
-15805
-18182
-22907
-23294
-16934
-9007
-2303
1384
1469
-418
2763
9977
16266
19235
22037
22713
21459
20036
20889
22188
21353
17145
13312
11952
10367
5069
-700
-3319
-5514
-8815
-11400
-12108
-13518
-16115
-18025
-16059
-12945
-11543
-10384
-7955
-5793
-2051
1524
4556
7959
11459
12785
14455
16002
17286
18166
18602
18108
16720
13883
10740
8109
5862
3830
1336
-2356
-6764
-10622
-13955
-15676
-15882
-16407
-17596
-18365
-19047
-19148
-17655
-14667
-11922
-10349
-9833
-7931
-5176
-2727
-682
256
722
1435
2440
2394
2911
2654
858
-2731
-4176
-3209
-852
744
-737
-6697
-11222
-11404
-7733
-2864
-198
-1211
-3900
-5908
-5580
-1329
4627
8514
8419
8253
8606
8850
9193
11171
11491
10432
9272
9269
8321
5855
1801
-2595
-4722
-3219
-913
-1479
-5202
-10618
-15036
-15686
-12040
-6962
-3303
-3889
-7132
-8785
-5679
-736
3097
5774
7466
7687
7717
8501
10030
11687
12044
11729
12022
12557
10148
6540
5023
4749
3234
1782
1144
-199
-3078
-5137
-5283
-5046
-5381
-6307
-6577
-5758
-5015
-4337
-2634
-456
1123
1935
3270
4578
4955
5267
6441
8169
9060
8409
7046
5923
5406
4198
2744
1614
251
-2844
-6158
-7377
-7423
-8367
-10620
-12799
-14127
-15335
-15839
-14218
-11840
-11425
-13665
-15406
-14609
-10827
-7779
-6917
-6390
-6106
-6423
-5791
-3831
-2399
-3075
-5340
-8139
-5557
4261
10807
3042
-7178
-9297
-4111
2780
8843
11362
9360
2546
-4219
-930
10768
19099
16380
12945
12911
10941
7441
11052
16195
15537
10254
8244
8100
7157
3633
-926
-4282
-3395
-1513
-1201
-2408
-5971
-11125
-14949
-12844
-7355
-1201
1041
-791
-4630
-4164
-200
4788
8835
12152
12106
10428
10309
12461
15030
15584
14127
12222
11962
11470
10223
7356
5335
3164
1929
398
-885
-2646
-4643
-6910
-7939
-7103
-6739
-7955
-8837
-7854
-6567
-5197
-4478
-3626
-1559
110
539
2367
4423
4639
3698
4140
5480
6214
4563
2919
1869
1441
1156
669
-245
-2266
-5466
-8455
-9173
-7856
-6844
-9201
-13015
-15737
-15390
-14271
-13453
-13388
-14193
-15635
-15932
-14040
-10754
-9010
-10461
-12217
-12254
-10650
-8091
-5553
-5271
-7984
-10452
-9936
-3984
6494
10963
2358
-7012
-6501
1981
10902
15986
15675
12060
5911
1961
7542
19325
24997
19126
13845
13709
12309
9585
11798
14390
11735
6162
4405
4598
2574
-3012
-8630
-10300
-6580
-2510
-2559
-5370
-9843
-13656
-13603
-7664
313
5037
3395
-679
-1908
2103
7357
11213
13832
14398
12630
10505
10663
12014
12932
12019
9645
8643
9090
7092
3126
688
502
-781
-1737
-1046
-2264
-5208
-7155
-7297
-5735
-3283
-2832
-1590
-415
-180
634
3131
5022
6104
7252
8819
9215
8722
9159
9389
8035
6904
6441
5424
3810
1870
-859
-2839
-3615
-5051
-7885
-10589
-12101
-13288
-14024
-13817
-14112
-16732
-18927
-18602
-14724
-10986
-9930
-11598
-13185
-12666
-9494
-5387
-2628
-2881
-4946
-5691
-5151
-3424
-2115
-2127
-4331
-7964
-9016
-7922
-6946
-3108
2503
-1011
-10055
-11131
-5881
696
4159
6832
6297
4289
1396
4152
11135
17641
17045
15934
18716
19153
14703
13244
15632
15134
12688
12664
12003
6523
-536
-5461
-7893
-6897
-2931
-2779
-7121
-13322
-18224
-19665
-15388
-8521
-3413
-2647
-4742
-6029
-4028
1522
6529
10407
13896
15799
14918
13984
14557
16501
17732
17739
17154
16370
12623
7375
4689
5060
4612
1916
-211
-3442
-7328
-10074
-9547
-8849
-7935
-8261
-9512
-9881
-7847
-5731
-4170
-890
2096
3759
5131
6898
7257
7841
9350
11489
12643
12791
10263
6475
4756
5567
4945
3131
1452
-2208
-7611
-10862
-10601
-10996
-13188
-15733
-17896
-20295
-21147
-19912
-18638
-18760
-19664
-20598
-19411
-15842
-13062
-12530
-13644
-13521
-11241
-8566
-7555
-7621
-8530
-10047
-10295
-7247
1176
9199
6619
-6061
-9989
-4398
6839
13621
15973
11911
7238
2487
4391
15356
26614
25794
17549
16134
17992
15517
13564
18465
20527
15727
9783
7947
5390
572
-4359
-5977
-4673
-3377
-5747
-10736
-14584
-16569
-16918
-15357
-9996
-5719
-4315
-5652
-5521
-3222
1587
6367
11003
14541
15843
15230
14812
16350
19062
20850
20358
18357
15689
13696
11737
9473
6687
4467
1785
-192
-3126
-5682
-8537
-11628
-12665
-11861
-11466
-12284
-12352
-12582
-11041
-8180
-5546
-3619
-560
2222
3575
5031
7661
9148
9254
10454
12937
14147
12205
8573
5799
4975
4766
3825
1838
-289
-4832
-10657
-13572
-12717
-12522
-15019
-18706
-21586
-22098
-21477
-20843
-20095
-19836
-20238
-20398
-17735
-13604
-11592
-12641
-13283
-11843
-9192
-7807
-6934
-6477
-8466
-9803
-8189
-351
7777
7810
-3701
-8964
-5796
4843
12340
14991
11522
7398
3098
3890
13543
24159
26395
19809
17539
18946
18349
17231
21335
23696
20281
14838
12083
10115
6388
1126
-2151
-2324
-389
-1342
-6835
-11870
-15588
-17105
-16819
-11880
-6652
-4156
-7147
-9210
-6155
-778
3393
7199
11906
14221
13954
14029
15638
17356
19020
19634
18859
18519
18279
14562
9312
7029
7505
6312
3295
1019
-2198
-7094
-11050
-11354
-9995
-8298
-9171
-11334
-12135
-10842
-8555
-5442
-2679
-717
1025
2380
3742
5452
8093
9937
10506
11103
11799
10785
8014
6242
5458
4473
3274
1587
-1705
-5811
-9077
-11944
-13304
-14119
-15691
-19542
-22805
-22624
-20942
-19818
-20726
-22155
-23926
-23266
-19925
-14847
-11859
-12191
-14579
-14739
-11826
-9343
-7018
-6356
-6517
-8903
-5492
3972
11265
3046
-5835
-5444
3231
12575
16410
15514
10580
6022
3300
10468
21631
27477
21576
16416
16165
15228
13408
17107
20690
17258
11128
8012
6147
2743
-393
-3068
-5759
-7087
-5535
-6932
-11174
-15690
-17029
-17204
-15112
-10682
-5837
-4440
-6801
-7472
-4214
1963
6234
9469
11377
12075
11615
12960
16246
19055
19006
16245
14165
14485
15047
13410
10033
6790
4729
2157
-210
-1521
-1439
-3953
-7224
-9884
-10308
-10550
-10422
-9680
-8431
-7027
-7476
-6715
-4347
-539
1242
2090
3498
5465
6248
6398
7503
9101
9452
8536
7666
6331
4515
3185
2339
911
-867
-4503
-8105
-11425
-12209
-12089
-13793
-18091
-21033
-21156
-21222
-21238
-22296
-22890
-23784
-23514
-21536
-18004
-16519
-17760
-19335
-18588
-15630
-12687
-8904
-8374
-6860
-434
5522
1019
-1738
2594
11837
15883
17294
19352
19886
15352
11831
18492
28795
32108
25469
21947
22943
19765
14801
18060
23193
19508
9305
3211
1306
-1707
-5448
-7750
-8301
-9721
-13218
-17699
-17779
-16658
-16415
-17305
-15587
-11495
-7486
-5612
-4244
-1129
2377
5600
9986
15308
18158
17630
16947
18774
21765
23959
23389
20669
18145
15782
13715
13254
12810
8393
1902
-2453
-4105
-5513
-7617
-9304
-11218
-14477
-17878
-17906
-14794
-13135
-13935
-13286
-11238
-9075
-6390
-2450
1112
2416
3389
6382
9037
10513
12184
12551
11913
11215
10543
9467
8763
6254
2514
-316
-2244
-5619
-10355
-13244
-14943
-16333
-18787
-21509
-24554
-27925
-29266
-27991
-25624
-25108
-27238
-29488
-28776
-25144
-22062
-18631
-16654
-17587
-18687
-15838
-7102
4414
10015
2071
-3959
-1088
10329
20506
25569
24469
20311
14975
12300
18558
28456
32139
25154
20006
20114
18767
15688
17624
20250
15964
8953
6157
4383
-491
-5988
-8865
-8623
-7192
-7519
-11578
-16238
-19568
-19554
-15976
-9323
-4630
-4238
-6040
-6984
-4043
2935
10401
14255
15150
16056
16803
18038
21320
24548
25156
23744
21552
19345
18170
16723
13958
11112
9669
6509
40
-4423
-6159
-7681
-10323
-11792
-13521
-15675
-17164
-16571
-15746
-14434
-12825
-11718
-10220
-7759
-4395
-1736
-36
2190
5835
8061
9511
10562
12045
12823
12934
12507
11826
9834
6890
5007
3834
1761
-2728
-6872
-9567
-11929
-14417
-16521
-18679
-21621
-24659
-25791
-25677
-26256
-27873
-28719
-27806
-25624
-24844
-25598
-24555
-22107
-19943
-17998
-13553
-4290
3706
1677
-5884
-4184
5128
15056
19835
21336
20023
16743
13523
16421
25187
32062
30126
23747
22103
22201
18464
16606
18965
20036
15341
9471
5364
1416
-3730
-7701
-7965
-6273
-6623
-11815
-18060
-21113
-20912
-17966
-14369
-11868
-10758
-10134
-10141
-8171
-1742
5726
8927
9070
11123
15296
17544
19150
21415
24158
25483
25056
22930
20774
19200
16798
15203
15242
14145
8345
594
-4746
-5532
-5085
-6028
-8691
-12322
-17150
-19673
-17933
-14153
-11535
-11356
-12084
-12408
-10408
-6746
-3332
-741
2710
5299
6154
7035
9231
11411
12296
13059
14671
14338
11128
7734
5326
4216
2977
964
-2216
-5463
-9627
-13530
-16443
-16923
-16913
-19277
-23002
-25980
-26612
-26970
-26669
-25303
-23981
-25167
-27399
-26690
-23593
-20151
-18597
-14463
-6571
280
-3143
-8357
-4551
5077
13739
16194
17547
17768
16195
13037
16508
26119
32636
29450
23697
22784
22012
18642
18381
20939
20758
14972
8116
2611
-1409
-3908
-5979
-7394
-8352
-10200
-14998
-20145
-21840
-19659
-16983
-16516
-15154
-11917
-9636
-10317
-9216
-2187
5181
7952
9097
12100
15709
17466
19391
22931
26734
27079
24420
21974
22576
22779
20701
18243
15898
12137
5740
586
-1093
-1622
-4497
-9495
-13652
-16203
-18572
-19888
-18257
-15938
-16105
-18010
-17721
-14578
-10346
-8001
-6230
-3453
342
2372
3743
6449
8687
10284
12134
14902
15975
13558
9295
6983
7757
8789
7163
2244
-3801
-9114
-11370
-10409
-10466
-13410
-18772
-24525
-28199
-28057
-25366
-24350
-25510
-27867
-28982
-29762
-28736
-26446
-22525
-20044
-17874
-11478
-1899
-462
-7557
-7365
1804
13570
18896
21330
21288
18554
13479
14030
22774
31433
30868
23704
20331
19880
17732
17617
20750
20403
13982
7051
3062
320
-2307
-4705
-6785
-8755
-10325
-12779
-16628
-18904
-19279
-17126
-14382
-11520
-9699
-8545
-8662
-7815
-2619
5480
10656
11212
11214
13437
15983
19351
23606
26718
26485
23638
20812
20187
21239
20597
18668
15726
12400
7890
3060
-281
-1804
-3428
-5904
-8636
-11046
-14019
-17047
-17472
-15602
-13000
-12341
-13045
-13355
-11205
-8598
-6073
-2912
771
3029
3251
4249
6129
8121
9945
12054
13157
11939
8697
6065
4987
4863
3786
1180
-1989
-5415
-9359
-12041
-13295
-14828
-16372
-18350
-20492
-24088
-26474
-26765
-25063
-23452
-22674
-23057
-24532
-25850
-24230
-20590
-14057
-5917
-760
-4469
-9239
-6497
2721
12197
15846
16757
14889
12652
11489
16495
24950
28501
25020
20448
20044
19121
17775
19162
20805
17454
11028
7419
5457
2316
-2034
-5327
-6438
-6723
-8277
-11015
-14505
-17922
-19644
-17225
-13004
-9927
-8982
-9566
-10284
-7855
-1101
5652
9412
10404
10892
11975
14945
19899
23930
25489
25155
23499
21790
21549
21873
21269
19446
16495
12844
8643
4348
1272
-59
-1242
-4133
-8529
-11684
-13463
-14769
-15479
-15106
-14423
-14249
-14776
-15033
-12749
-9716
-8364
-7426
-3936
88
1986
2994
4663
5900
6834
9461
12595
13913
11646
7710
4728
4389
4801
3918
1406
-2198
-6917
-11416
-13659
-14095
-14263
-16240
-19770
-23662
-26775
-27650
-27056
-25184
-24840
-26134
-28248
-27327
-25235
-21773
-14337
-6271
-6381
-12308
-9943
-484
9490
12420
14247
15169
14446
12628
16277
24856
30298
27780
21985
21418
21890
19401
18168
20251
19483
13156
7042
4713
2730
-1595
-6650
-10352
-10579
-10040
-12058
-17042
-20106
-21246
-20838
-18318
-13175
-9374
-9265
-11644
-11191
-4947
3085
8215
10733
12773
14400
15879
19198
24464
28355
29157
27518
26076
26057
26220
24798
22310
19414
16379
12969
8964
5006
649
-2495
-5092
-7641
-10700
-12769
-15237
-16396
-16507
-15907
-16408
-16926
-15726
-13561
-11273
-9263
-7120
-5836
-3816
-1183
2660
5682
7599
8059
8224
9299
11434
13030
12026
9461
6606
4930
3168
1622
-734
-3256
-7276
-11611
-14603
-15502
-16890
-20507
-23845
-26333
-26917
-27943
-28330
-28445
-27738
-28768
-28910
-27043
-22134
-15685
-10636
-11333
-14002
-10262
-647
9492
13117
13887
13908
14345
15559
21447
29606
32537
28343
23470
23918
25203
23962
22994
22619
18992
12458
7556
5812
3812
-234
-6154
-11182
-13189
-13018
-13731
-16638
-20039
-22909
-23430
-21373
-16730
-11510
-9056
-10591
-11527
-6431
1804
7556
10811
13407
15051
16069
19693
25294
29143
29750
28505
27533
28382
29655
28259
23990
19406
16288
13687
11952
8932
3298
-2646
-6558
-9231
-11180
-12075
-14006
-17092
-18734
-18555
-17592
-16997
-16064
-14932
-12799
-10159
-7710
-5393
-3488
-1438
660
4076
7907
10257
10390
10393
11095
12290
13013
12723
10545
7078
3841
1277
-256
-1502
-4285
-9791
-13992
-15767
-16758
-19995
-23928
-26547
-28565
-29378
-29490
-28851
-30199
-31014
-31192
-26146
-18496
-12186
-14377
-19086
-16705
-6371
5948
11891
13592
12005
10480
10262
16617
26904
32586
28984
22263
20404
21855
23588
24720
24829
20839
13952
8033
5352
4113
2317
-1790
-7141
-11002
-13366
-15681
-18361
-19802
-20209
-20731
-21857
-20827
-16976
-13270
-11884
-11414
-8456
-3516
758
4829
9507
13388
14714
15900
19411
23918
26568
26397
25861
26513
27776
27614
25644
22935
19386
15785
13077
11742
9246
4734
-813
-5601
-8306
-9488
-10194
-12035
-14664
-16781
-18034
-17579
-16225
-14396
-13578
-12870
-11132
-8196
-4918
-3095
-1851
-520
2701
5606
7681
9237
10270
10240
9766
10418
11372
10952
8119
4706
2104
531
-1017
-4154
-7901
-10918
-13404
-15689
-18342
-20899
-24021
-26875
-28088
-27029
-26393
-27615
-29214
-26927
-21397
-16673
-17227
-18046
-15687
-9272
-1987
3565
7669
8964
8540
8898
15161
24668
30350
29058
25471
24386
23541
23631
25582
27683
24555
17679
11678
8916
6785
3641
-483
-4340
-7991
-11912
-15653
-18571
-20386
-22406
-24079
-24578
-22550
-19680
-18098
-18062
-16798
-12632
-7434
-2930
1144
5448
8183
10114
14078
20068
24310
25945
26322
27218
28643
29992
29852
28697
26894
23860
20733
18162
15828
12223
7903
3885
458
-2749
-6536
-10582
-13284
-14454
-15078
-16120
-16701
-17098
-17798
-18099
-16386
-13229
-10337
-7662
-5443
-3604
-2292
-124
2675
6098
8840
10345
10375
10193
9710
9854
11118
11657
9735
6202
3397
393
-2714
-5555
-6716
-8400
-11556
-16578
-20928
-23882
-25901
-27039
-27320
-26613
-27675
-27748
-26898
-24209
-23677
-22239
-18826
-13291
-8565
-5237
-2059
824
4194
7849
13348
18830
22891
23953
24389
25523
26694
27467
28466
28316
25206
20978
17476
15456
13092
10143
5726
778
-3845
-7821
-11396
-13924
-15716
-18441
-21955
-24597
-25067
-23376
-20905
-19316
-18518
-17105
-15083
-12105
-7037
-916
3146
4889
7334
11682
16673
21139
23674
25050
27474
29489
29819
29118
29198
28095
25874
23570
21537
19216
15204
10585
6539
4526
2077
-1954
-5861
-9002
-12247
-15085
-15419
-14575
-14818
-16868
-18739
-18992
-16531
-12385
-8947
-7113
-5742
-4744
-3862
-1348
3079
7310
8473
8825
8627
8625
9100
10209
11295
10890
9322
6323
3269
615
-1377
-3540
-5722
-7831
-11452
-15546
-19794
-22758
-25236
-25819
-25643
-24231
-22975
-23526
-26286
-28375
-25415
-19582
-12679
-8860
-7355
-7567
-6259
-2243
4741
12834
18295
19857
19368
20680
22537
24653
27374
29412
28291
24964
21783
18945
16305
13784
11552
8571
5382
743
-4877
-9882
-12516
-13984
-15997
-18439
-20946
-22590
-23238
-22581
-20927
-18628
-17045
-15591
-12686
-8262
-4406
-1697
1398
5466
9785
13518
16751
19430
22416
24712
26127
27269
28763
29148
27541
25340
23465
21874
19705
16816
13476
10275
6846
3021
85
-2514
-5487
-9238
-12655
-14568
-15430
-15526
-16339
-17432
-18312
-17942
-16564
-14292
-11087
-8395
-6862
-6210
-4681
-1806
1596
4101
5827
7216
8240
8268
8385
8839
9266
8545
7220
5501
3486
1631
-907
-3748
-6673
-8854
-11466
-13734
-16764
-19978
-22894
-22898
-20891
-19656
-20732
-23726
-24414
-22901
-17742
-13362
-9908
-8844
-8911
-7968
-3610
3973
10303
13647
14573
16006
17512
19617
22989
26229
26361
23857
21594
20502
19195
16743
13958
10974
8257
4635
1184
-2620
-6050
-9652
-13230
-15690
-16664
-17005
-18543
-20210
-21002
-19970
-18264
-16485
-14107
-11308
-9148
-7273
-4216
677
5368
8349
10911
14262
18290
20869
22503
23819
25659
26582
26883
26593
25259
23277
21109
19076
17424
15194
11577
7264
4074
1552
-1164
-3863
-6948
-10257
-13243
-14983
-15873
-16643
-17202
-17524
-17465
-16846
-15388
-13662
-11716
-9377
-6970
-5060
-3500
-2084
77
2271
4402
6138
7744
8014
7191
6532
6511
6906
6576
5594
3608
1207
-1837
-5074
-7048
-8363
-9639
-12693
-16103
-18898
-19602
-18234
-16949
-17928
-21157
-22387
-21746
-17696
-13665
-10827
-10118
-10013
-9023
-5856
228
6106
9248
10332
11958
13950
16058
19414
22392
22694
21147
19797
18834
18171
16802
14576
11031
8542
6374
3942
615
-2936
-6778
-10609
-12866
-14050
-14362
-15211
-17372
-19995
-20604
-18467
-15730
-13361
-11771
-10785
-9834
-7464
-3276
2026
6435
8977
10503
13638
17851
20976
22894
24681
26671
27267
26599
25612
25132
23936
22591
21445
19965
16887
12506
8542
5735
3914
1373
-1981
-5901
-9004
-11552
-13532
-14662
-15110
-15936
-17458
-17619
-16259
-14567
-13611
-12767
-11470
-9464
-6957
-4106
-1541
151
1223
2624
4627
6595
7896
7943
7107
6432
6602
6930
6643
5016
2198
-1458
-4096
-5293
-5808
-7773
-11244
-14973
-16462
-14947
-13643
-14916
-19034
-21245
-20716
-16350
-12678
-11164
-11633
-12609
-12127
-8630
-1306
4607
6258
5589
6547
9416
12920
17218
20187
20063
17756
16703
17322
18333
17834
15550
11682
8666
6645
5400
3461
126
-4216
-8453
-11036
-12164
-12102
-12290
-14445
-17736
-19815
-18358
-15769
-13492
-12186
-11490
-10980
-9599
-5947
-1473
2795
5793
7646
10068
13466
17336
19810
21923
23182
24249
24914
25323
25063
23935
22677
21477
20252
18294
15400
12221
8838
5860
3375
664
-2386
-5608
-8434
-11058
-13113
-14734
-15948
-16800
-17346
-17414
-17268
-16268
-15182
-14413
-13616
-11902
-8971
-6324
-4194
-2258
-614
796
2455
4802
6463
6821
6456
6805
7492
7501
6344
4343
2221
417
-1104
-2694
-4530
-7160
-10024
-12728
-12347
-10432
-10294
-15444
-19982
-20343
-15856
-11585
-10532
-10677
-12496
-13627
-12667
-5749
2383
5851
4189
2736
5128
8806
13360
17095
18709
17223
15438
15116
16986
18176
17495
14068
10322
8475
7530
6850
3747
208
-4077
-7046
-9409
-9907
-9765
-11473
-14591
-17327
-16966
-15757
-14376
-13396
-12484
-12093
-11059
-8603
-5249
-1861
984
3671
6603
9686
12381
15002
17406
19547
21261
22501
23434
23867
23505
23174
22627
21385
19434
17519
15487
12702
9754
6969
4418
1300
-1531
-4186
-6947
-9766
-12225
-13859
-15051
-15817
-16702
-17997
-18566
-17628
-15929
-15126
-14374
-13058
-11460
-9528
-7238
-4483
-2559
-1396
-520
986
3045
4304
5379
6033
6420
5344
3949
3212
2966
2000
308
-1395
-3935
-6190
-8126
-7712
-6828
-7369
-11796
-16314
-17604
-15186
-11378
-9963
-10308
-13051
-14880
-14143
-8918
-2333
1331
1586
452
1216
4141
9072
13344
15126
14356
13660
13863
14889
15986
16386
15294
12639
10963
10003
9092
6528
3691
680
-2110
-4668
-6591
-7353
-8702
-10997
-13677
-14412
-13969
-13386
-12946
-12421
-11697
-11208
-9709
-7041
-3889
-873
1724
3718
6042
9213
12559
15224
17445
18928
19954
20960
22176
22924
23114
22617
21086
19458
18423
17437
15352
12567
9895
7031
4090
1525
-667
-3669
-7046
-10028
-11901
-12540
-13325
-14860
-16940
-17537
-17342
-16745
-15692
-14012
-12727
-12698
-12335
-10282
-6815
-4211
-3013
-2259
-607
769
1359
2541
5054
6945
6263
4443
3320
2982
2332
1903
1764
457
-2343
-5741
-7255
-6306
-4866
-6321
-10899
-14278
-14527
-11526
-9511
-9292
-10577
-11901
-12178
-10594
-5856
-1332
383
-495
-221
2202
5154
8289
10609
11964
12256
12395
12505
13128
13935
14330
12855
11360
10418
9558
8028
5732
3382
646
-1722
-4012
-5114
-5789
-7363
-10376
-13091
-13784
-13451
-12438
-11772
-11598
-12199
-11967
-9898
-6346
-3097
-1268
-43
1678
4420
7644
11250
14096
15661
16179
17464
19416
20972
21929
22098
21180
19797
18952
18257
16783
14227
12004
9719
7531
5036
2801
-186
-3607
-6317
-7784
-8545
-10681
-13053
-14693
-15514
-16542
-16748
-15748
-14445
-13804
-13746
-13260
-11723
-9514
-7370
-5502
-3673
-1982
-891
-72
879
2750
4563
5551
5563
5319
4640
3337
2164
2044
2209
1765
-613
-2562
-3203
-3435
-5278
-8500
-9490
-8566
-6640
-7707
-9569
-10536
-10258
-9477
-7987
-4106
-1342
-1487
-3030
-1922
1493
4642
6939
8216
8737
8584
8945
9968
11761
12832
12502
10527
9379
8740
8434
7505
5931
4015
1266
-1057
-3346
-4196
-4449
-5072
-7287
-9874
-11269
-12182
-11782
-10948
-9817
-10156
-10641
-9949
-7796
-5113
-3038
-1098
722
2790
5116
7496
10134
11920
13228
14458
16010
17739
18681
19271
19027
18166
17192
17064
16532
14617
12294
9955
7932
5965
3924
1160
-2197
-5054
-6761
-8042
-9535
-11330
-13247
-15362
-16545
-16378
-15438
-14691
-14831
-15261
-15238
-13570
-11208
-9169
-8064
-7361
-6053
-4369
-2502
-1143
275
1497
2354
2468
2789
3284
3067
1863
981
907
854
-324
-969
-1000
-1932
-4898
-7389
-7307
-5549
-4331
-5681
-7405
-8514
-8817
-8249
-6265
-3185
-1785
-1783
-1893
-840
595
2560
5096
6955
7565
7462
7696
8027
8542
9315
10009
9595
8995
7832
6879
5865
4807
3517
1649
-201
-1878
-2596
-3062
-4266
-6244
-7767
-8366
-8963
-8575
-8013
-7744
-8269
-7824
-6244
-4694
-3211
-1973
-666
998
3193
5659
7913
9603
10503
11272
12873
14894
16453
17078
16881
16481
16233
15992
15451
14663
13253
11142
9154
7952
7202
5346
2168
-944
-2640
-3978
-5462
-6915
-8495
-10316
-12285
-13170
-13149
-12809
-13056
-13694
-14095
-13645
-12142
-10348
-9275
-8949
-8766
-7781
-6285
-4608
-3000
-2007
-1403
-1122
-640
-134
514
453
169
152
326
113
577
1389
677
-2149
-4007
-3415
-1536
-517
-1560
-3558
-4897
-4896
-4045
-2208
-168
190
-746
-1037
481
2059
3487
4580
5063
4868
5123
5592
5947
6094
6058
5925
5817
6205
5921
4718
3242
2242
1503
743
-187
-1154
-1629
-2592
-3660
-4502
-4713
-5220
-5932
-5973
-5244
-4983
-5295
-5303
-4851
-3145
-1667
-363
107
816
1584
3268
5628
7388
8474
8768
8960
9195
10718
12831
13807
13505
12583
11828
11539
11766
11655
10545
8788
7191
5955
5314
4100
2466
511
-1156
-2522
-3711
-4443
-5597
-7177
-8724
-9291
-9412
-9737
-10125
-10466
-10873
-11371
-10914
-9556
-8561
-8542
-8842
-8453
-7493
-6415
-5084
-3897
-3198
-3200
-3509
-3253
-2105
-1532
-1796
-2086
-387
1986
2327
-378
-2313
-1254
1501
3208
2856
1894
377
-1425
-1348
1839
5638
5546
2890
741
985
2850
5307
7037
6399
3900
2086
2390
3843
4903
4684
3055
926
549
1656
2506
1317
-380
-1570
-2367
-2551
-2269
-1857
-2468
-3993
-5033
-4718
-4020
-3889
-3990
-3492
-2875
-2632
-2624
-2522
-1986
-965
361
1192
1801
2057
2580
3344
4500
5998
7301
7799
7460
7199
7538
8401
9183
9549
9189
8683
8103
7565
7306
7202
6464
5403
4138
2837
2078
1289
593
-752
-1967
-2763
-3592
-4286
-5208
-5923
-6923
-8001
-8654
-8891
-8932
-8973
-9446
-9858
-9701
-8805
-8435
-8820
-9123
-8971
-8250
-7572
-6978
-6640
-6740
-7203
-7347
-6217
-4676
-2713
-1392
-1395
-3365
-4393
-1977
2463
5104
4335
2248
1156
1627
3483
6383
8669
8506
6661
5027
4938
5892
7371
8718
8497
6158
3927
2893
2744
2696
2353
1621
166
-1096
-2166
-2536
-3064
-3448
-3817
-4523
-5179
-5528
-5417
-5247
-5169
-4867
-4482
-4034
-3635
-3280
-2666
-1872
-987
-111
837
1623
1972
2474
3050
3675
4584
5559
5942
5865
5710
5856
6048
6556
7273
7313
6419
5116
4579
4930
5601
5812
5461
4185
2719
2059
2547
3272
2687
1223
-127
-815
-861
-443
-229
-704
-2207
-3781
-4452
-3980
-3363
-3722
-4844
-6090
-6951
-7212
-6775
-6247
-6362
-7015
-7838
-8388
-8223
-7559
-7625
-8262
-8480
-8117
-7535
-7090
-7040
-6635
-5058
-3082
-2707
-4011
-4274
-2026
1783
4513
4983
4242
3668
4005
5700
8955
11614
11689
9873
7868
7568
8675
11154
12386
10545
6654
4099
3755
4670
4657
3156
411
-1980
-3075
-3333
-3706
-4458
-5163
-6274
-7474
-7884
-6982
-5639
-5587
-6068
-6104
-5006
-4210
-3825
-3062
-1530
-464
10
284
1208
2166
3105
4301
5246
5718
5150
5201
5826
6294
6355
6028
5680
5365
5371
5211
4882
4219
3677
3202
3037
2844
2350
1805
1129
677
568
709
284
-477
-1141
-1596
-1566
-984
-565
-845
-1389
-1682
-1598
-1472
-1592
-1828
-2111
-2537
-3137
-3613
-3896
-4043
-4347
-4905
-5565
-5849
-5833
-5954
-6310
-6878
-7324
-7737
-7869
-7859
-7117
-5714
-4296
-4040
-4960
-5422
-3972
-739
2367
3527
2659
1884
2925
6001
9066
10392
9616
8656
8654
9415
10210
10779
10890
9735
7891
6437
5848
5281
4340
3097
1638
138
-1194
-2160
-3481
-5114
-6172
-6124
-5981
-6223
-6861
-7284
-7316
-6784
-5935
-4651
-3764
-3780
-3828
-3169
-1775
-306
929
1680
1910
1938
2504
3575
4469
5236
5310
4934
4249
4083
4091
3971
3770
3346
2621
1581
832
267
381
770
852
317
-459
-963
-1037
-431
385
628
469
78
-335
-453
497
1578
2124
2067
1429
1291
1543
1975
1823
1347
976
645
-62
-1230
-2050
-2135
-2094
-2883
-3884
-4791
-5513
-6158
-6267
-5935
-5757
-6183
-6822
-7121
-7029
-6312
-5146
-3926
-3620
-3857
-4012
-3088
-1231
611
1705
1939
1874
1960
3078
4862
6339
6337
5367
4616
4553
4989
5538
5727
5348
4216
2484
1391
1333
1645
1101
-36
-946
-1795
-2745
-3165
-2954
-2972
-3624
-4401
-4541
-4105
-3713
-3591
-3375
-3074
-2921
-2638
-1839
-958
-444
-117
188
671
1170
1960
2747
3247
3137
2975
3160
3798
4573
4901
4569
3692
3234
3104
3008
2862
2720
2347
1513
705
621
1112
1156
656
125
-123
-183
-365
-582
-509
-274
-514
-803
-690
-790
-733
-569
-82
142
276
362
222
143
174
138
-174
-410
-607
-823
-1081
-1403
-2000
-2491
-2391
-1921
-1838
-2470
-3286
-3674
-3122
-2769
-2621
-2509
-2492
-2781
-3150
-2590
-1116
-70
140
79
-35
94
1037
2405
3532
3862
3692
3541
3598
4227
4952
5481
5209
4389
3941
3949
3915
3303
2633
2296
2122
1325
237
-835
-1286
-1444
-1624
-1907
-2692
-3902
-5086
-4688
-3633
-3338
-3884
-4376
-4482
-4322
-3683
-2934
-2492
-2189
-1866
-1707
-1408
-705
-150
391
923
1334
1573
1730
1887
2197
2680
3214
3130
2577
2254
2223
2401
2511
2334
1721
1205
947
552
442
409
399
-111
-990
-1463
-1524
-1369
-1301
-1642
-2300
-2366
-2281
-2144
-2048
-1786
-1487
-1217
-952
-936
-861
-756
-490
-256
84
104
-295
-801
-633
-23
551
608
72
-410
-541
-86
323
587
317
-389
-1136
-1310
-875
-102
79
-398
-800
-680
-113
607
1106
1171
1370
1472
1782
2060
2499
3104
3398
3660
3914
3962
3697
3393
3202
3232
3336
3177
2617
1751
990
353
39
-132
-526
-1628
-2496
-2862
-2961
-3260
-3696
-4057
-4117
-4151
-4179
-4092
-4029
-3776
-3524
-3079
-2612
-2020
-1476
-970
-602
-124
590
1091
1649
2244
2994
3292
3560
3619
3808
4119
4414
4524
4234
3863
3305
3150
3069
2940
2264
1446
790
432
70
-338
-790
-1426
-2168
-2725
-2884
-2765
-2642
-3024
-3451
-3684
-3609
-3309
-2624
-1961
-1809
-1893
-1819
-1444
-1008
-381
65
296
464
558
600
874
937
692
791
1191
1563
1144
261
-417
-264
318
814
560
-223
-994
-1232
-1038
-429
275
718
546
40
-185
96
905
1714
2669
3313
3394
2963
2726
3141
4056
4722
4670
4092
3359
2866
2494
2303
2483
2163
956
-575
-1594
-1877
-1975
-2222
-2869
-3823
-4762
-5529
-5601
-5062
-4508
-4581
-5124
-5562
-5452
-4877
-4032
-3136
-2427
-2033
-1942
-1771
-1091
78
1235
1884
2067
2016
2092
2359
2876
3373
3451
3078
2450
2040
1988
2107
1946
1322
605
42
-350
-562
-599
-913
-1565
-2205
-2478
-2659
-2834
-2711
-2460
-2400
-2647
-2641
-2241
-2021
-2043
-2061
-1477
-661
-247
-269
-469
-326
247
761
1042
1214
1076
749
914
1479
2070
2180
1765
1250
970
871
996
1284
1430
1283
742
144
126
664
1284
1336
1107
1189
1323
1555
1762
2180
2831
3115
3133
3094
3203
3274
3235
3359
3513
3219
2705
2206
1859
1667
1230
769
300
-210
-948
-1687
-2255
-2874
-3396
-3930
-4267
-4709
-5068
-5262
-5300
-5453
-5662
-5702
-5539
-5257
-4892
-4367
-3964
-3555
-3348
-3013
-2454
-1626
-968
-590
-185
-129
-117
250
1011
1510
1263
754
499
551
628
735
837
552
9
-460
-512
-116
-225
-853
-1235
-1083
-1032
-1187
-1215
-1084
-1255
-1907
-1947
-1153
-190
-252
-849
-1163
-872
-325
172
426
464
283
27
53
578
1106
1105
693
369
340
602
658
575
570
420
154
-2
231
732
837
397
333
712
1177
1414
1549
1625
1731
1907
2303
2808
3048
3100
3101
3246
3642
4001
4259
4192
4149
3942
3879
3962
3948
3817
3307
2782
2256
2114
1971
1509
1029
585
134
-430
-1025
-1365
-1455
-1349
-1291
-1598
-2142
-2627
-2558
-2242
-1744
-1430
-1407
-1524
-1825
-1760
-1047
-422
-186
-420
-589
-566
-422
-170
-176
-301
-278
-277
-389
-691
-708
-544
-704
-867
-879
-957
-1088
-1322
-1360
-989
-735
-932
-1228
-1192
-733
-587
-482
-313
-197
-201
-507
-666
-193
400
741
722
442
228
58
1
158
426
640
474
-185
-721
-573
-120
107
-111
-653
-1111
-1483
-1203
-600
51
-125
-750
-1159
-840
-28
390
576
730
1026
1301
1528
1989
2432
2634
2660
3040
3620
3869
3601
3140
3104
3476
4048
4330
3721
2776
2378
2526
2823
2774
2233
1412
805
427
401
441
297
12
-377
-827
-859
-804
-796
-976
-1182
-1075
-998
-1122
-1225
-1105
-797
-668
-595
-387
-279
-526
-852
-923
-704
-598
-853
-1393
-1823
-2110
-2233
-2159
-2322
-2642
-2940
-3212
-3313
-3116
-2769
-2793
-3177
-3468
-3199
-2700
-2423
-2360
-2347
-2123
-1773
-1439
-1204
-958
-753
-563
-112
136
342
362
462
658
732
857
1008
997
847
642
392
54
-26
134
244
-24
-458
-846
-1048
-1072
-1018
-970
-917
-1105
-1339
-1106
-645
-365
-541
-513
-175
439
1038
1410
1612
1769
1849
2203
2661
2928
3199
3471
3439
3188
3280
3543
3863
3595
3244
3034
2827
2734
2747
2595
2131
1590
1141
725
442
464
414
83
-583
-930
-1038
-945
-925
-987
-993
-1255
-1740
-1739
-1274
-969
-1062
-1307
-1368
-1376
-1297
-1276
-1095
-1187
-1392
-1782
-2201
-2321
-2388
-2475
-2633
-2858
-3096
-3456
-3834
-3946
-3704
-3537
-3757
-4059
-4224
-4108
-3896
-3616
-3377
-3309
-3361
-3209
-2850
-2291
-1749
-1494
-1336
-1069
-730
-348
-78
294
646
770
771
637
673
682
923
1202
1060
877
687
558
518
671
853
523
-69
-526
-340
152
249
-69
-457
-585
-238
237
446
420
224
612
1217
1707
1979
2254
2546
2731
3120
3746
4508
4675
4451
4265
4436
4903
5164
5110
4802
4488
4266
4223
4366
4340
3963
3461
2984
2670
2723
2532
2158
1706
1440
1118
867
803
869
884
397
30
-207
-293
-246
-238
-277
-348
-486
-885
-1192
-1246
-990
-732
-733
-930
-1272
-1604
-1739
-1617
-1335
-1090
-1426
-2057
-2595
-2714
-2576
-2246
-2166
-2370
-2987
-3477
-3451
-3063
-2502
-2268
-2396
-2607
-2705
-2672
-2218
-1646
-1255
-1082
-1233
-1403
-1198
-580
61
275
80
-30
22
179
383
672
795
685
595
457
454
382
391
499
574
535
401
94
-330
-526
-320
91
264
71
-341
-676
-377
340
1085
1328
1113
927
1015
1661
2384
2974
3057
2790
2703
3094
3618
3888
4055
3995
3779
3686
3834
4077
4076
3672
3239
3029
2992
2991
2872
2553
1998
1540
1223
1100
911
499
24
-472
-716
-858
-1045
-1369
-1649
-1958
-2083
-2169
-2263
-2369
-2552
-2466
-2550
-2563
-2553
-2452
-2421
-2462
-2405
-2409
-2336
-2311
-2220
-2154
-2223
-2090
-2066
-2202
-2146
-2021
-1996
-2025
-2243
-2312
-2149
-1991
-1824
-1864
-1896
-2010
-2154
-2155
-1918
-1778
-1717
-1954
-2134
-1953
-1581
-1197
-1002
-1035
-1340
-1347
-1109
-863
-652
-637
-723
-616
-310
-16
11
76
-67
28
171
384
500
329
275
93
11
147
440
444
341
243
361
496
597
679
945
1260
1515
1641
1659
1716
1876
2301
2626
2718
2672
2669
2631
2938
3273
3645
3646
3418
3186
2976
2975
3048
3192
2903
2442
2102
1956
1803
1572
1226
796
332
-65
-517
-765
-1007
-1488
-1773
-1935
-2130
-2445
-2815
-2806
-2866
-3050
-3164
-3239
-3193
-3042
-2980
-2816
-2518
-2216
-1910
-1837
-1815
-1799
-1451
-1015
-896
-881
-792
-852
-1003
-784
-511
-489
-678
-1066
-1320
-1361
-1303
-1064
-983
-1124
-1489
-1752
-1667
-1465
-1475
-1592
-1535
-1375
-1376
-1481
-1429
-1045
-707
-654
-934
-1063
-822
-514
-325
-212
90
341
427
468
687
931
1060
1035
1099
1201
1216
966
936
1215
1444
1438
1218
933
1012
980
1076
1311
1488
1691
1612
1585
1625
1930
2245
2594
2823
2730
2670
2646
2960
3516
3796
3755
3634
3614
3702
3908
3919
3794
3628
3454
3226
3014
2780
2560
2298
1896
1695
1400
878
227
-236
-479
-675
-950
-1289
-1697
-2021
-2184
-2208
-2086
-2163
-2366
-2603
-2653
-2591
-2411
-2101
-1877
-1809
-1770
-1676
-1450
-1101
-830
-622
-579
-664
-734
-480
-226
-71
-66
-414
-558
-638
-742
-818
-867
-1067
-1389
-1684
-1797
-1820
-1788
-1866
-1926
-2107
-2192
-2152
-2171
-1939
-1737
-1671
-1609
-1477
-1167
-816
-715
-693
-558
-344
-116
1
181
335
336
574
859
1320
1602
1339
924
808
1135
1579
1688
1527
1231
1038
1237
1447
1688
1779
1717
1493
1514
1529
1755
2060
2125
2367
2487
2664
2563
2518
2657
2856
2943
2956
2984
2920
2985
3103
3153
3211
2918
2698
2519
2382
2190
1825
1386
1101
957
675
361
-44
-457
-882
-1044
-1318
-1604
-1999
-2468
-2730
-2774
-2614
-2654
-2860
-2847
-2973
-3169
-3205
-3156
-2899
-2635
-2430
-2359
-2196
-2001
-1642
-1428
-1326
-1164
-1067
-1096
-1063
-1030
-861
-798
-867
-945
-1071
-1060
-1159
-1227
-1403
-1467
-1409
-1461
-1724
-1890
-1834
-1729
-1574
-1585
-1638
-1735
-1916
-1839
-1644
-1488
-1373
-1318
-1155
-1139
-868
-624
-397
-211
-118
-230
-239
116
487
701
731
699
652
752
893
1074
1169
1302
1391
1372
1450
1433
1737
1879
2121
2245
2067
1972
1732
1796
2174
2436
2362
2080
1843
1887
2169
2340
2534
2394
2125
2027
1910
1944
2219
2439
2208
1901
1574
1477
1657
1703
1632
1559
1194
731
361
296
353
401
211
-239
-739
-1234
-1396
-1442
-1464
-1614
-1865
-2307
-2610
-2614
-2497
-2204
-2015
-2094
-2295
-2414
-2370
-1931
-1503
-1340
-1247
-1164
-1040
-978
-921
-762
-614
-481
-658
-801
-668
-670
-772
-679
-645
-666
-881
-1092
-1267
-1257
-1257
-1310
-1375
-1483
-1655
-1746
-1594
-1495
-1483
-1668
-1797
-1786
-1594
-1346
-1147
-1111
-1114
-873
-605
-308
-153
23
137
305
564
913
1033
999
1113
1294
1404
1513
1595
1572
1720
1682
1670
1837
1704
1661
1704
1649
1640
1585
1581
1457
1343
1311
1338
1368
1477
1565
1662
1606
1580
1606
1701
1918
1982
1887
1796
1924
2160
2200
1992
1862
1673
1588
1476
1421
1203
864
502
123
-15
-286
-553
-965
-1396
-1692
-1988
-2005
-2066
-2099
-2269
-2461
-2632
-2623
-2393
-2278
-2188
-2196
-2235
-2284
-2215
-2038
-1773
-1513
-1305
-1098
-1069
-1030
-715
-580
-413
-410
-481
-377
-317
-298
-373
-378
-612
-651
-506
-464
-577
-791
-967
-1018
-835
-745
-757
-908
-1106
-1110
-914
-593
-471
-476
-533
-515
-176
152
404
526
662
823
1117
1353
1578
1600
1732
2175
3648
5297
5452
3458
879
-131
1665
4435
5365
3725
877
-835
-474
1246
2776
2848
1833
1025
6
-998
-1448
-1167
-5
1037
1307
632
-233
-367
138
909
1710
2692
3566
3861
3135
1639
544
595
1703
3123
4029
3367
1835
317
-299
16
242
390
70
-373
-1355
-2742
-3309
-3097
-2405
-1565
-1848
-2731
-3508
-3290
-2842
-2902
-3184
-3136
-2042
-963
-1041
-1560
-1747
-1499
-575
287
619
344
401
731
661
341
-121
-43
616
718
14
-1056
-1085
-906
-30
273
-904
-1816
-2027
-1422
-1234
-1653
-1814
-1317
-1309
-1471
-964
-215
-9
204
281
623
1868
1803
1213
1252
1046
1345
1605
1556
1577
1532
1545
1177
326
-40
404
264
-56
-242
-472
-919
-1094
-1380
-1144
-589
-108
497
589
518
809
1160
1355
1870
2423
2727
2759
2676
2576
2572
2886
3396
3741
3538
3061
2531
2262
2119
1648
1563
1362
599
-23
-509
-965
-769
-1153
-1595
-1929
-2513
-2968
-2959
-2514
-2185
-2601
-3424
-3682
-3237
-2663
-2310
-2310
-2527
-2301
-2013
-1918
-1905
-1926
-1837
-1353
-1008
-795
-821
-954
-746
-671
-516
-332
-523
-690
-709
-1045
-1168
-1338
-1674
-1960
-2309
-2327
-1837
-1437
-1616
-1871
-2393
-2521
-1974
-1869
-1769
-1598
-1525
-1349
-1613
-1818
-1347
-717
-98
192
-85
-519
-716
-632
-422
329
868
764
231
-498
-878
-675
-52
681
1154
1056
25
-792
-590
-93
768
1181
740
-168
-645
-132
469
800
1023
1325
1385
1364
1416
1228
1114
1182
1453
1985
2210
1637
814
497
759
1146
1396
1605
1160
440
-301
-716
-412
221
428
281
-171
-791
-1122
-1389
-1213
-894
-583
-861
-1409
-2174
-2649
-2288
-1511
-953
-1080
-1787
-2452
-2549
-2026
-1388
-1188
-1011
-1002
-972
-1035
-1073
-838
-488
33
401
398
126
-352
-142
210
370
506
472
68
-372
-833
-785
-263
181
677
735
447
-20
-379
-610
-133
706
996
631
-235
-608
-242
545
1356
1765
1462
970
440
353
937
1520
1632
1282
1024
1123
1529
1631
1501
1599
1293
840
475
385
905
883
810
819
568
656
695
747
995
1200
1282
1393
1747
1640
1351
1043
1125
1928
2541
2695
2125
1579
1338
1541
2236
2697
2726
2337
1673
1010
654
832
1112
1423
1163
551
-112
-720
-869
-726
-281
-176
-235
-533
-1062
-1497
-1821
-1757
-1371
-826
-672
-983
-1464
-1567
-1382
-1316
-1128
-847
-662
-1067
-1756
-1953
-1989
-1657
-1290
-1098
-989
-1055
-1186
-1200
-946
-768
-506
-233
-245
-366
-411
-97
285
537
711
894
1029
979
877
942
1148
1235
1346
1258
1048
877
879
858
965
987
784
303
4
-15
343
577
274
-101
-245
-280
-211
0
54
109
-10
59
508
976
1040
936
684
876
1175
1329
1419
1475
1523
1439
1428
1398
1554
1689
1849
1894
1745
1597
1446
1127
1142
1249
1219
1019
751
668
613
636
721
1107
1026
704
471
417
561
674
692
443
193
17
-62
-286
-437
-217
-96
-192
-699
-1223
-1408
-1566
-1126
-1219
-1599
-2245
-2732
-2842
-2796
-2389
-2319
-2132
-2208
-2282
-2494
-2392
-2222
-2203
-2043
-1776
-1791
-2139
-2287
-2352
-1819
-1309
-978
-849
-1178
-1484
-1577
-1490
-1255
-831
-297
-32
-115
-647
-906
-794
-439
29
79
-163
-618
-963
-1138
-984
-585
-152
241
21
-246
-591
-806
-695
-418
-96
-113
-261
-520
-852
-800
-504
-41
269
346
271
109
28
32
338
825
1205
1212
882
361
205
546
923
1380
1351
1126
737
464
632
940
1367
1564
1418
1039
776
776
869
879
888
994
1018
998
937
967
953
756
576
553
632
584
291
-81
-139
-133
-40
-161
-235
-153
-151
-147
-101
-96
-332
-547
-582
-419
-314
-514
-607
-784
-937
-1024
-1019
-1034
-1026
-987
-959
-821
-820
-786
-798
-782
-742
-569
-286
-221
-219
-227
-315
-178
48
371
583
760
901
909
921
1059
855
668
660
862
1167
1126
828
483
430
706
836
798
704
596
617
451
329
275
167
239
347
349
376
239
29
-63
-95
270
581
965
1247
1052
679
258
275
580
1030
1302
1173
737
463
562
919
1203
1332
1284
1020
745
570
451
546
749
985
1061
870
640
436
285
312
487
601
437
86
-378
-555
-235
209
285
-189
-804
-1253
-1379
-1172
-1026
-942
-939
-1229
-1188
-1186
-1047
-924
-820
-697
-790
-1018
-1397
-1478
-1195
-1070
-907
-821
-877
-735
-779
-736
-738
-867
-698
-591
-748
-865
-1007
-849
-529
-295
-325
-496
-592
-522
-316
-155
-34
-84
-202
-20
144
177
273
335
363
337
347
381
518
649
663
678
603
619
663
618
673
455
536
387
269
290
304
522
555
538
309
-5
-68
-94
-31
167
204
303
211
379
358
307
368
306
562
564
653
454
232
267
634
1048
1513
1633
1412
1116
787
776
917
1352
1640
1522
1009
385
195
421
711
851
736
394
-83
-375
-509
-650
-576
-289
-371
-578
-819
-961
-965
-937
-749
-621
-461
-420
-427
-541
-593
-441
-331
-126
-21
-357
-470
-682
-741
-668
-522
-435
-637
-903
-1157
-1252
-1190
-1101
-1047
-991
-1154
-1289
-1368
-1200
-863
-595
-562
-633
-672
-752
-820
-685
-225
108
233
217
163
331
566
667
813
910
1081
998
736
451
366
522
383
348
256
237
180
-49
-246
-368
-288
-106
28
4
-59
-32
-62
-11
-50
-128
-200
-36
229
476
660
546
525
755
1175
1456
1529
1518
1455
1452
1439
1528
1619
1745
1783
1567
1279
1038
1031
1016
924
458
271
9
-137
-128
-439
-844
-1245
-1205
-1110
-1028
-1254
-1292
-1361
-1448
-1253
-1215
-1154
-937
-685
-646
-664
-779
-786
-574
-338
-154
-56
33
147
162
137
209
135
60
-87
-182
-170
-271
-361
-427
-321
-257
-235
-253
-403
-593
-811
-778
-594
-508
-369
-212
-213
-335
-241
8
160
448
437
435
510
649
786
977
1572
1911
2162
1974
1462
1095
959
1070
1241
1156
1012
772
612
452
207
111
169
96
35
-19
-138
-296
-323
-167
172
278
338
292
109
81
106
229
360
694
673
730
613
582
695
738
601
526
343
101
269
319
216
-6
-179
-339
-427
-564
-585
-829
-1107
-1341
-1620
-1685
-1804
-1808
-1663
-1418
-1355
-1448
-1498
-1486
-1467
-1322
-1025
-661
-336
-199
-339
-376
-31
318
658
826
727
552
398
446
622
737
771
658
565
432
-16
-282
-276
-89
141
-11
-454
-632
-724
-702
-578
-452
-307
-234
-282
-170
-89
-11
294
496
704
797
788
894
1019
1207
1351
1385
1272
1126
1175
1190
1206
1218
1256
1218
1179
1043
992
1025
1025
714
488
339
200
93
49
43
-103
-32
6
50
16
-43
-55
68
210
462
588
472
572
700
744
731
803
818
851
760
545
372
361
441
428
308
111
-23
-230
-354
-529
-590
-706
-837
-921
-826
-760
-772
-829
-887
-703
-695
-627
-578
-395
-154
20
65
332
421
369
392
534
794
850
648
298
164
234
389
465
487
314
117
-43
-114
-192
-176
-352
-511
-632
-782
-796
-727
-617
-707
-696
-714
-799
-780
-610
-445
-444
-526
-216
77
272
447
430
445
658
657
698
1030
1192
1321
1342
1250
1310
1317
1218
1208
1232
1240
1066
901
471
371
376
393
498
347
61
-237
-578
-709
-473
-269
-95
-137
-377
-456
-408
-307
-74
1
103
-111
-279
-200
-94
-14
90
90
37
40
0
-41
-62
-69
-120
-229
-336
-420
-504
-517
-580
-835
-902
-898
-977
-984
-1096
-1022
-1086
-1222
-1251
-1195
-1197
-1194
-1215
-1308
-1145
-1111
-1075
-937
-846
-706
-781
-766
-683
-575
-511
-497
-581
-765
-587
-444
-281
-268
-403
-452
-461
-497
-572
-635
-642
-512
-399
-468
-539
-618
-737
-562
-588
-499
-474
-550
-494
-446
-197
98
424
668
645
646
673
880
983
1126
1240
1216
1122
996
776
874
948
909
822
572
350
200
131
65
-67
-214
-377
-590
-688
-706
-769
-1005
-1255
-1291
-1305
-1336
-1251
-1245
-1334
-1359
-1267
-1217
-1124
-973
-801
-698
-725
-619
-567
-454
-226
-222
-181
-176
-183
-184
-170
-86
-148
-247
-335
-357
-389
-444
-511
-615
-609
-766
-833
-876
-990
-1038
-995
-979
-968
-1039
-1069
-1051
-1135
-931
-994
-935
-919
-974
-686
-556
-421
-177
-38
91
229
37
189
356
467
625
459
385
308
229
445
464
262
275
122
-57
-28
123
172
119
-59
-88
-124
-166
38
125
51
159
200
446
629
737
801
684
748
693
791
942
898
870
816
812
906
1050
1178
1116
904
688
630
575
497
449
288
99
6
6
-29
-74
-67
-55
-243
-424
-289
-239
-197
-203
-249
-242
-216
-124
-14
54
277
419
447
527
507
540
709
852
914
890
877
748
656
601
401
432
349
398
358
134
-31
-196
-224
-264
-248
-382
-531
-595
-695
-712
-600
-521
-358
-222
-189
-113
-99
-52
37
266
407
531
646
638
640
828
866
879
901
868
1031
935
786
785
814
744
725
680
561
487
295
175
137
98
67
36
-38
-31
-44
42
85
91
133
171
256
518
728
797
925
1041
1099
1279
1277
1360
1456
1586
1573
1573
1470
1476
1547
1534
1462
1286
1185
935
845
749
510
287
-113
-401
-507
-540
-650
-929
-1141
-1208
-1251
-1243
-1191
-1379
-1379
-1243
-1130
-957
-893
-716
-662
-520
-531
-536
-465
-477
-464
-418
-291
-338
-520
-506
-518
-561
-667
-891
-939
-1271
-1364
-1512
-1537
-1430
-1523
-1478
-1559
-1612
-1699
-1721
-1728
-1642
-1463
-1413
-1375
-1335
-1279
-916
-613
-441
-352
-193
-137
-112
67
211
335
478
541
568
483
345
315
188
199
121
39
70
-28
-30
15
-22
-155
-203
-223
-267
-326
-476
-462
-471
-272
-130
87
195
77
310
251
448
645
744
761
864
946
1100
1360
1383
1485
1394
1402
1305
1178
1233
1067
941
871
839
655
369
192
36
52
-108
-358
-631
-876
-864
-787
-734
-743
-700
-963
-1014
-1052
-985
-803
-583
-327
-351
-235
-273
-222
16
213
267
307
248
195
208
154
176
83
-117
-210
-131
-219
-242
-248
-438
-620
-709
-906
-876
-806
-808
-802
-840
-879
-1005
-868
-759
-723
-644
-636
-608
-590
-565
-450
-223
-109
-3
143
133
164
289
195
183
107
205
316
381
531
432
354
228
122
94
-26
-65
-234
-295
-308
-346
-331
-437
-495
-383
-311
-173
-230
-129
-4
9
209
348
391
502
567
677
722
762
880
915
864
796
877
841
914
959
896
778
626
386
311
225
251
-43
-228
-157
-298
-268
-185
-240
-273
-210
-259
-232
-318
-297
-189
-179
-49
51
178
200
332
576
662
667
722
767
1009
1111
1147
1123
1101
1041
1047
1045
990
946
735
521
472
474
343
327
243
165
47
-60
-228
-259
-280
-283
-279
-359
-349
-314
-161
-45
87
216
233
325
382
519
779
978
1083
1162
1383
1400
1404
1460
1379
1413
1444
1402
1362
1203
1113
1046
1190
1262
1174
964
601
255
92
243
398
198
-12
-167
-171
-68
77
118
35
137
155
106
230
247
191
308
473
517
525
553
519
501
660
675
555
437
385
210
3
-1
-98
-103
-187
-289
-456
-668
-694
-851
-897
-797
-764
-1014
-1147
-1093
-1188
-1260
-1316
-1260
-1331
-1273
-1239
-1063
-1005
-909
-892
-895
-737
-737
-589
-567
-490
-233
-131
-172
-161
-152
-248
-253
-308
-377
-323
-291
-414
-566
-680
-722
-725
-785
-805
-867
-1040
-1186
-1243
-1173
-1069
-976
-1011
-957
-976
-799
-639
-494
-255
-241
-138
-145
96
328
571
609
564
664
787
907
849
825
707
731
759
665
553
506
419
448
427
336
272
237
232
108
153
147
76
55
19
60
132
177
293
443
605
585
588
667
727
857
950
956
913
866
1030
987
893
866
863
748
580
578
444
329
131
-101
-301
-490
-713
-830
-863
-949
-1136
-1229
-1244
-1342
-1382
-1406
-1427
-1461
-1393
-1362
-1404
-1370
-1189
-1001
-913
-758
-748
-756
-628
-610
-623
-544
-590
-492
-369
-452
-572
-545
-620
-542
-555
-774
-915
-1077
-1162
-1311
-1355
-1314
-1398
-1556
-1587
-1586
-1559
-1568
-1495
-1389
-1204
-1194
-1066
-1005
-970
-798
-608
-475
-408
-359
-286
-59
35
292
346
510
649
687
806
926
982
1067
962
832
687
565
537
447
418
447
353
128
112
130
157
206
228
229
199
57
-35
75
116
225
229
281
344
342
479
618
716
657
722
963
1047
1008
973
926
810
739
596
544
546
431
262
79
53
-72
-271
-442
-534
-590
-599
-456
-598
-651
-735
-656
-560
-447
-350
-393
-326
-303
-95
-50
150
235
324
443
470
560
743
703
710
685
676
865
803
721
602
489
399
316
296
207
91
-21
-205
-330
-423
-359
-333
-380
-419
-435
-358
-318
-190
-115
124
266
231
366
587
770
1027
1175
1237
1283
1357
1445
1571
1621
1681
1616
1627
1649
1634
1441
1318
1109
1030
979
771
733
661
645
471
361
172
67
-10
-128
-174
-168
-101
-126
-69
42
140
52
168
315
334
403
327
353
446
421
375
368
208
65
-75
-158
-287
-406
-561
-680
-694
-796
-777
-693
-812
-840
-920
-1093
-1107
-1167
-1337
-1439
-1473
-1482
-1411
-1338
-1241
-1258
-1062
-1024
-921
-820
-848
-672
-562
-408
-261
-68
-68
-142
-49
-15
-7
21
75
19
-19
60
2
-94
-239
-252
-260
-244
-295
-480
-546
-608
-630
-580
-535
-508
-646
-513
-401
-359
-98
-73
-5
-12
80
262
392
597
607
725
761
880
955
945
1041
1076
1130
1126
1233
1132
1096
949
751
646
678
658
587
446
348
284
228
263
187
84
50
-86
-61
-76
-45
-25
99
148
46
68
80
94
188
226
53
38
83
102
128
203
264
340
373
380
298
299
235
162
19
-43
-96
-200
-312
-536
-534
-480
-616
-589
-715
-894
-845
-682
-668
-622
-577
-519
-563
-649
-659
-610
-544
-512
-453
-407
-205
-274
-438
-392
-371
-402
-270
-311
-347
-327
-408
-442
-435
-402
-479
-634
-789
-822
-798
-654
-662
-730
-800
-834
-933
-838
-706
-734
-735
-703
-664
-549
-323
-253
-255
-184
-103
-108
-60
-52
73
141
190
308
359
423
491
499
517
610
694
609
461
413
322
290
183
163
158
204
198
-8
-24
-159
-223
-198
-94
-13
27
88
201
360
525
612
731
678
615
663
709
728
775
878
847
778
757
782
724
585
565
637
585
554
472
440
232
50
56
-16
-52
-56
-158
-268
-331
-348
-356
-179
-245
-402
-260
-471
-440
-422
-424
-232
-176
-196
-130
65
174
190
304
241
308
388
402
499
419
490
562
624
606
438
355
248
198
100
56
-64
-168
-34
-118
-8
56
-65
-43
-95
-41
72
71
228
175
289
417
511
602
628
671
622
659
726
732
739
734
797
785
786
885
702
594
456
324
197
138
121
93
125
-53
-118
-127
-160
-194
-430
-416
-496
-509
-432
-530
-451
-415
-362
-236
-106
-135
-118
-170
-92
-78
-56
-32
14
-43
-91
-172
-33
43
-37
-66
-149
-136
-210
-165
-275
-287
-322
-424
-374
-547
-632
-483
-535
-555
-658
-595
-633
-493
-357
-354
-346
-371
-335
-340
-6
149
194
297
469
516
617
632
593
643
604
745
697
697
625
601
558
611
696
793
769
695
534
504
397
316
376
343
411
292
178
331
341
403
422
304
321
460
554
665
700
628
858
781
641
773
760
760
870
927
990
944
877
799
672
652
517
539
528
296
296
204
192
265
179
215
115
85
-6
-18
61
46
178
115
115
33
42
32
74
102
118
243
218
143
170
-24
64
123
-32
51
76
-23
-27
-138
-304
-388
-373
-412
-503
-645
-723
-779
-806
-912
-926
-895
-894
-801
-823
-887
-897
-754
-731
-687
-686
-766
-727
-698
-741
-549
-546
-436
-372
-243
-109
-68
4
11
105
132
59
2
-36
-35
-74
-114
-78
-172
-215
-399
-378
-416
-427
-285
-456
-319
-186
-260
-152
-316
-335
-348
-307
-259
-311
-211
-240
-291
-129
-25
87
93
166
144
134
160
109
230
187
173
82
-25
-78
-105
-54
-139
-181
-340
-393
-433
-387
-320
-295
-316
-395
-402
-498
-524
-551
-629
-700
-798
-738
-669
-631
-607
-581
-490
-439
-469
-489
-388
-486
-588
-612
-597
-660
-619
-614
-544
-485
-573
-597
-688
-705
-632
-578
-657
-743
-878
-829
-730
-809
-783
-831
-852
-728
-630
-529
-448
-429
-322
-307
-297
-143
-228
-160
-89
-65
94
207
351
460
441
415
374
293
304
342
480
459
559
534
432
490
552
475
521
511
546
595
457
370
389
273
265
417
324
456
432
322
377
328
495
556
570
793
886
982
1025
1007
906
873
871
978
1000
1096
1101
1029
1038
903
737
658
632
425
429
403
444
280
430
481
241
186
147
145
19
-18
-135
-266
-191
-185
-55
-73
77
27
105
211
60
136
112
111
26
91
77
149
258
208
305
215
175
126
188
250
121
158
65
153
159
99
146
108
108
148
136
-32
-130
-87
-69
58
-56
-88
27
53
142
271
210
279
399
507
589
673
793
860
1035
1051
1043
981
994
913
1093
994
966
908
759
714
706
690
627
496
424
476
468
344
419
532
504
535
445
541
503
622
595
659
632
567
656
717
749
794
770
760
661
587
591
509
516
546
619
543
588
525
472
435
273
120
110
59
7
5
21
-88
-226
-291
-287
-311
-369
-370
-395
-519
-589
-440
-434
-351
-285
-334
-285
-364
-281
-255
-273
-288
-197
-116
-82
-164
-193
-151
-171
-149
-298
-281
-371
-507
-420
-510
-501
-538
-592
-694
-820
-841
-837
-952
-952
-889
-822
-650
-580
-433
-509
-485
-425
-398
-215
-68
-24
20
-20
101
76
74
90
-36
-59
-103
-112
-201
-248
-261
-370
-403
-369
-351
-362
-519
-542
-594
-795
-780
-748
-824
-717
-720
-771
-703
-885
-808
-789
-841
-813
-687
-528
-511
-424
-288
-233
-215
-184
-215
-288
-372
-326
-212
-159
-194
-156
-163
-215
-328
-339
-529
-612
-689
-687
-725
-892
-875
-828
-884
-935
-975
-1178
-1304
-1257
-1348
-1285
-1157
-1199
-1051
-958
-817
-777
-727
-688
-819
-855
-868
-932
-973
-757
-673
-745
-662
-516
-539
-565
-623
-735
-854
-842
-775
-856
-857
-826
-859
-819
-923
-875
-785
-819
-802
-706
-573
-534
-356
-201
-36
66
22
-4
-7
31
103
80
258
500
492
634
789
813
922
973
798
661
577
536
540
520
685
699
638
652
571
433
356
203
21
84
131
155
166
369
492
587
575
538
521
422
349
391
517
677
774
858
959
804
899
941
954
884
1008
1067
1043
1083
1110
1144
1138
1136
932
769
655
636
686
672
674
621
688
655
602
561
475
295
216
135
172
164
110
127
213
332
345
378
252
142
128
142
156
156
116
215
184
193
263
169
125
18
-74
-230
-298
-307
-345
-250
-62
27
-96
12
-56
-169
-244
-334
-297
-301
-214
12
35
68
130
153
154
206
192
194
252
340
437
548
665
730
798
834
817
707
591
545
541
545
577
514
687
605
570
458
336
260
152
62
-8
-99
-23
87
243
205
268
257
82
25
-48
4
-6
123
88
135
215
245
226
237
228
156
91
142
212
281
265
192
221
178
65
-34
-149
-288
-409
-492
-437
-442
-530
-545
-444
-360
-323
-405
-471
-417
-315
-337
-182
-84
-34
53
100
43
25
-38
-73
41
41
78
-2
28
74
143
184
204
258
165
198
136
122
-8
-42
-58
-195
-12
-5
-8
-58
-149
-228
-245
-224
-180
-279
-288
-237
-133
-75
31
54
9
-92
-68
-115
-176
18
11
128
286
325
373
287
304
288
62
-40
-76
-157
-169
-192
-267
-236
-248
-170
-148
-348
-410
-417
-530
-544
-659
-514
-489
-454
-429
-378
-430
-488
-362
-388
-297
-252
-141
-232
-140
-128
-150
-301
-382
-442
-561
-703
-819
-838
-840
-875
-927
-888
-891
-804
-914
-944
-1017
-1072
-975
-915
-793
-820
-787
-846
-800
-634
-645
-563
-563
-643
-642
-510
-494
-437
-341
-356
-268
-232
-311
-298
-119
-114
-115
-51
-80
2
26
182
106
182
-20
9
0
-96
-5
-211
-86
-119
-189
-212
-80
-128
-196
-77
-64
-28
-17
-10
31
172
322
258
248
305
311
239
316
374
331
384
395
299
396
370
388
488
479
594
582
552
614
504
528
526
469
340
266
353
382
210
116
71
-26
37
199
233
173
140
170
131
91
98
181
257
307
282
266
272
330
338
225
262
238
240
242
196
124
141
244
269
137
77
118
42
-10
106
-67
-196
-251
-315
-265
-384
-505
-413
-420
-498
-467
-568
-456
-415
-265
-91
-97
-56
37
-14
13
12
-98
-19
3
-144
-67
-247
-214
-152
-248
-91
-109
-92
-142
-138
-130
-134
-55
-41
-127
-246
-195
-257
-362
-389
-421
-447
-368
-311
-365
-225
-180
-229
-71
-112
-151
-57
-55
-6
-31
-50
11
32
80
67
113
175
138
210
424
380
331
182
71
7
74
60
17
186
38
66
99
66
-31
11
1
-74
-63
-98
-17
-14
-27
69
95
204
229
199
240
295
292
357
371
450
482
508
475
347
431
407
356
312
295
269
290
199
310
339
313
346
335
344
420
328
378
381
373
393
377
325
326
271
292
397
275
410
379
439
315
292
358
381
448
434
430
381
497
596
570
551
628
432
407
360
321
351
269
215
170
192
167
53
59
-78
-242
-221
-234
-255
-198
-47
8
-9
-10
50
100
90
103
-11
20
-19
-167
-206
-270
-222
-306
-301
-354
-441
-327
-429
-386
-415
-430
-419
-405
-353
-459
-425
-418
-371
-538
-478
-532
-476
-454
-525
-495
-471
-337
-488
-502
-551
-447
-455
-530
-418
-478
-412
-387
-481
-593
-582
-560
-433
-473
-507
-523
-482
-531
-533
-489
-469
-469
-551
-438
-502
-593
-575
-563
-501
-493
-439
-457
-362
-267
-390
-244
-286
-255
-181
-130
-134
-93
-136
-88
-67
-3
42
38
64
8
15
30
129
197
300
276
337
353
262
336
321
283
159
177
197
78
43
37
50
143
263
191
228
311
325
319
376
445
474
447
408
483
465
495
550
493
398
417
441
366
441
454
470
416
382
337
266
211
29
19
20
74
104
157
97
-27
-13
-35
-215
-214
-178
-372
-335
-398
-320
-264
-309
-314
-396
-381
-492
-494
-538
-671
-756
-746
-623
-589
-526
-481
-326
-356
-257
-313
-405
-325
-428
-440
-531
-529
-488
-617
-690
-570
-634
-585
-660
-610
-516
-495
-343
-358
-451
-391
-399
-367
-447
-337
-251
-261
-241
-243
-247
-207
-138
-132
-50
-139
-85
-183
-175
-108
-217
-270
-204
-318
-321
-267
-187
-55
-38
-18
-32
-62
-20
39
34
8
-91
-44
48
83
35
66
18
20
105
95
138
262
266
342
352
373
389
437
536
409
493
455
385
447
416
469
450
470
400
289
370
386
359
386
401
287
333
345
348
324
322
294
312
237
222
338
280
259
348
310
276
308
309
371
215
170
164
212
138
146
119
125
105
126
361
421
556
428
273
173
146
100
101
66
114
294
369
474
554
495
507
456
457
561
498
534
562
433
501
459
464
507
443
518
401
557
413
402
540
503
607
612
672
633
617
582
609
613
493
623
706
673
782
655
709
514
600
605
549
522
454
427
335
452
442
531
597
689
679
596
533
435
362
459
443
506
570
394
497
446
403
240
108
147
0
-111
-69
-157
-201
-164
-256
-271
-301
-247
-251
-278
-376
-382
-395
-334
-408
-514
-460
-351
-358
-510
-444
-407
-480
-346
-241
-308
-200
-162
-163
-252
-356
-346
-436
-510
-580
-595
-633
-488
-495
-516
-425
-501
-547
-573
-661
-768
-816
-797
-748
-712
-668
-569
-640
-615
-582
-627
-596
-624
-638
-524
-364
-296
-224
9
82
13
240
238
314
338
300
341
228
273
266
344
382
343
403
346
250
-21
-102
-128
-153
-178
-137
-83
-165
-127
-228
-196
-299
-259
-327
-369
-245
-198
-34
-37
-129
-152
-202
-273
-325
-397
-271
-345
-388
-236
-304
-334
-373
-349
-382
-344
-430
-301
-351
-414
-344
-342
-364
-439
-400
-503
-497
-490
-511
-395
-310
-357
-357
-289
-326
-324
-266
-207
-153
-87
-33
-72
-204
-97
2
-30
50
199
61
108
203
129
191
162
41
48
11
13
13
-90
-101
-49
-130
-72
-72
-79
-237
-208
-212
-289
-141
-173
-144
-129
-14
-68
-197
-123
-111
-198
-147
-104
-217
-246
-144
-141
-122
-28
27
-103
-19
-12
-26
134
120
111
143
60
-29
-25
-62
-29
18
-132
-28
20
79
215
124
126
285
258
245
196
4
87
52
66
207
257
323
363
327
288
394
421
408
330
438
496
473
492
457
378
414
402
257
280
256
293
364
357
491
553
594
546
522
481
400
529
531
545
506
504
619
612
609
606
607
650
502
422
449
445
472
485
299
186
175
195
267
268
282
295
355
238
207
146
228
305
270
270
263
412
448
367
504
489
489
568
489
474
491
612
600
613
659
671
820
838
930
829
904
971
1039
1042
818
772
826
824
793
800
754
735
739
771
709
708
647
601
536
563
531
594
603
497
427
410
355
193
234
289
180
402
463
425
452
434
378
393
349
270
373
304
399
427
286
182
120
93
33
23
-17
-66
-274
-130
-180
-256
-143
-330
-225
-235
-246
-286
-427
-392
-339
-324
-262
-270
-291
-205
-254
-336
-335
-376
-430
-431
-388
-310
-388
-377
-312
-430
-478
-628
-639
-736
-789
-774
-787
-682
-530
-537
-511
-427
-541
-558
-626
-723
-837
-806
-740
-681
-593
-540
-494
-443
-456
-475
-461
-498
-543
-423
-472
-427
-250
-149
-49
53
-162
-64
-114
-218
-162
-291
-222
-212
-203
-115
-157
-202
-385
-470
-584
-504
-565
-702
-688
-701
-630
-694
-647
-618
-677
-659
-630
-618
-579
-503
-479
-438
-421
-337
-226
-200
-175
-185
-281
-283
-339
-344
-265
-251
-145
21
120
125
65
-7
-84
-272
-306
-254
-225
-157
-84
-92
-105
-147
-273
-285
-188
-237
-309
-285
-382
-269
-273
-294
-175
-150
-174
-118
-287
-434
-432
-467
-396
-330
-241
-285
-343
-208
-281
-223
-183
-120
-44
28
-26
-24
-31
-127
-106
-24
-80
-123
-29
-205
-154
-89
-27
-28
60
109
50
175
17
-74
-71
-26
-165
-133
-29
-141
70
196
219
372
459
424
264
211
120
85
34
92
107
143
148
81
-7
-71
-108
-231
-300
-261
-291
-265
-337
-274
-157
-158
-62
-8
-193
-145
-118
-105
-140
-104
-41
-28
77
51
-107
-101
-194
-248
-286
-171
-105
-56
53
4
79
52
-9
-109
-268
-325
-336
-496
-541
-536
-445
-420
-317
-290
-266
-258
-296
-350
-434
-395
-361
-385
-412
-274
-140
-88
-105
-143
-281
-327
-320
-423
-484
-300
-68
-54
53
1
15
87
37
107
88
189
305
259
258
330
355
394
302
288
149
91
-72
-63
37
-11
144
175
359
521
571
543
449
314
221
354
408
484
625
704
782
745
698
646
531
437
380
379
349
237
356
503
680
788
799
770
802
654
596
549
504
492
497
672
698
798
753
777
760
739
640
605
560
653
760
674
741
771
791
791
729
454
353
214
139
162
169
309
400
456
416
326
451
296
55
0
0
0
0
0
0
0
0
0
0
0
0
0
0
0
0
0
0
0
0
0
0
0
0
0
0
0
0
0
0
0
0
0
0
0
0
1
0
0
0
0
-1
0
0
0
0
0
0
0
0
0
0
0
0
0
0
0
0
0
0
0
0
0
0
0
0
0
0
0
0
1
0
0
0
0
0
0
0
0
0
0
0
0
0
0
0
0
0
0
0
0
0
0
0
0
0
1
1
0
0
0
-1
1
1
0
0
0
0
0
0
0
0
0
0
0
1
0
0
0
0
0
0
0
0
0
0
0
0
0
0
0
0
0
0
0
0
0
0
0
0
0
0
0
0
0
0
0
1
0
1
0
0
0
0
0
0
1
0
0
1
-1
0
0
0
0
0
0
0
0
0
0
0
-1
0
-1
0
0
0
0
0
-1
0
0
0
0
0
0
0
0
0
0
0
0
0
0
0
-1
0
0
0
0
0
0
1
0
0
0
0
0
0
0
0
0
0
0
0
0
0
0
1
0
1
0
0
0
0
1
0
0
0
-1
0
0
0
0
0
0
0
0
0
0
0
0
0
0
0
0
0
0
0
0
0
0
0
0
0
0
0
0
0
0
0
0
0
0
0
0
0
0
0
0
0
0