0
0
0
0
0
0
0
0
0
0
0
0
0
0
0
0
0
0
0
0
0
0
0
0
0
0
0
0
0
0
0
0
0
0
0
0
1
0
0
0
0
-1
0
0
0
0
0
0
0
0
0
0
0
0
0
0
0
0
0
0
0
0
0
0
0
0
0
0
0
0
1
0
0
0
0
0
0
0
0
0
0
0
0
0
0
0
0
0
0
0
0
0
0
0
0
0
1
1
0
0
0
-1
1
1
0
0
0
0
0
0
0
0
0
0
0
1
0
0
0
0
0
0
0
0
0
0
0
0
0
0
0
0
0
0
0
0
0
0
0
0
0
0
0
0
0
0
0
1
0
1
0
0
0
0
0
0
1
0
0
1
-1
0
0
0
0
0
0
0
0
0
0
0
-1
0
-1
0
0
0
0
0
-1
0
0
0
0
0
0
0
0
0
0
0
0
0
0
0
-1
0
0
0
0
0
0
1
0
0
0
0
0
0
0
0
0
0
0
0
0
0
0
1
0
1
0
0
0
0
1
0
0
0
-1
0
0
0
0
0
0
0
0
0
0
0
0
0
0
0
0
0
0
0
0
0
0
0
0
0
0
0
0
0
0
0
0
0
0
0
0
0
0
0
0
0
0
28
28
-8
-156
-31
-57
17
142
136
70
-65
-71
-136
-188
-164
-195
-345
-293
-102
-47
169
217
302
359
260
316
164
184
202
226
346
462
480
435
494
464
557
481
408
445
437
358
331
381
425
436
362
285
245
152
-22
-96
-130
-200
-144
-96
-79
64
96
18
-150
-166
-215
-265
-310
-326
-351
-424
-273
-287
-266
-171
-140
-176
-149
-280
-338
-480
-416
-405
-404
-246
-155
-114
-169
-155
-208
-425
-492
-349
-279
-165
-71
72
161
199
244
197
251
266
219
157
316
382
463
601
579
542
495
325
345
271
268
222
166
220
203
323
212
213
155
52
84
27
-118
6
13
41
54
85
129
185
219
134
113
-6
73
59
-16
74
104
185
233
306
542
658
544
518
519
462
554
524
485
570
646
611
621
446
549
417
329
375
353
301
204
194
188
357
262
204
103
27
-151
-190
-128
-244
-132
-47
79
199
243
254
286
139
109
99
38
-35
-33
-5
-28
-83
-165
-99
-191
-104
-215
-184
-290
-355
-369
-575
-628
-643
-516
-509
-454
-376
-312
-211
-73
-65
38
15
-103
-110
-122
-228
-278
-277
-252
-171
-232
-291
-310
-315
-431
-396
-432
-326
-177
-253
-205
-126
-97
-72
-102
-112
-276
-362
-349
-398
-422
-387
-540
-459
-518
-530
-530
-550
-587
-608
-614
-659
-634
-666
-495
-496
-344
-294
-230
-213
-210
-181
-253
-186
-265
-235
-92
-15
136
125
143
248
174
125
221
230
95
4
-130
-137
-147
-71
-120
61
51
-62
-141
-209
-340
-364
-261
-265
-148
-75
-200
-169
-24
-231
-173
-309
-380
-433
-499
-351
-384
-398
-375
-451
-440
-389
-395
-430
-557
-404
-419
-460
-407
-234
-18
-112
-23
6
-4
-62
31
-30
-58
-89
-146
21
-27
-6
-28
-27
-90
-98
-210
-274
-349
-363
-194
-3
13
-3
45
27
128
191
141
115
107
103
67
186
283
368
397
275
352
278
177
171
45
123
141
292
438
431
314
300
301
207
148
71
-2
-283
-155
-182
-202
-74
-120
-131
-217
-156
-122
-274
-415
-484
-507
-419
-363
-261
-71
0
-76
-261
-369
-223
-236
-321
-158
-215
-196
14
75
120
132
126
234
198
392
453
519
574
570
697
799
748
627
619
566
586
459
536
566
616
682
739
923
865
744
836
849
633
655
563
678
697
739
721
788
794
700
774
697
741
538
476
411
335
256
289
311
413
566
497
637
607
640
498
411
506
393
369
347
420
368
462
371
367
310
271
237
79
-10
12
82
117
216
215
191
34
24
-109
-94
-221
-132
-198
-252
-80
-57
133
125
144
160
61
-26
-107
-69
0
78
227
241
242
318
356
365
363
334
289
145
36
127
184
143
146
217
266
360
200
246
132
-11
29
-70
-24
-59
121
192
109
115
185
189
198
216
260
378
297
316
330
210
127
232
127
9
-36
-94
-135
-203
-100
-14
28
93
-78
-177
-178
-311
-268
-332
-392
-453
-509
-561
-642
-586
-443
-374
-298
-318
-406
-488
-412
-357
-260
-183
-196
-161
-154
-262
-248
-153
-221
-144
-130
-24
-42
-11
18
123
199
171
333
366
317
255
280
223
296
155
21
199
79
114
213
229
365
373
278
394
453
433
663
619
769
769
725
716
522
579
493
438
386
409
432
435
353
306
185
217
115
49
39
-95
-68
-235
-364
-344
-490
-507
-537
-632
-631
-864
-831
-844
-844
-765
-787
-763
-776
-860
-798
-723
-799
-929
-948
-1012
-1021
-970
-1026
-920
-884
-832
-860
-937
-786
-850
-853
-860
-1031
-831
-737
-731
-576
-475
-424
-332
-344
-358
-367
-390
-351
-420
-283
-172
-31
-10
61
169
258
184
116
171
220
242
153
227
122
118
120
31
0
-60
-119
-200
-316
-223
-332
-284
-236
-235
-216
-213
-260
-335
-288
-262
-368
-443
-296
-242
-126
28
94
122
159
286
299
226
228
189
189
198
249
303
365
325
357
319
391
386
520
558
513
614
639
682
745
740
664
743
602
511
372
451
561
603
770
744
751
730
770
846
770
717
753
839
789
853
844
1047
1159
1127
1107
957
1116
1131
1014
946
801
747
688
611
696
588
542
464
464
414
201
194
26
189
132
112
177
57
112
31
-75
-170
-231
-385
-480
-476
-465
-450
-390
-226
-278
-279
-386
-422
-462
-554
-642
-743
-644
-495
-583
-564
-537
-440
-374
-484
-384
-506
-604
-642
-644
-528
-431
-483
-428
-282
-90
-46
-105
-9
-73
-227
-233
-173
-201
-194
-156
-153
-103
-63
-270
-318
-327
-332
-353
-285
-350
-374
-274
-217
-100
-60
-30
-145
-180
-420
-493
-485
-487
-392
-392
-299
-239
-188
-158
-176
-200
-152
-120
-158
-89
-168
-80
124
123
218
189
214
282
232
237
291
252
334
165
129
221
236
180
269
158
122
181
139
97
52
19
20
118
59
120
103
178
117
51
66
63
89
70
99
55
158
331
352
345
276
180
234
164
236
239
262
358
358
228
248
250
210
290
212
180
123
120
15
100
106
99
112
113
76
50
62
5
-55
-298
-257
-223
-184
-204
-80
-80
-57
-37
-86
-84
-124
-189
-263
-210
-185
-256
-138
-52
-198
-283
-299
-232
-330
-336
-431
-533
-630
-594
-532
-513
-345
-304
-275
-264
-390
-314
-340
-359
-254
-319
-179
-217
-185
-111
-139
-153
-158
-256
-331
-294
-157
-136
-135
-111
-104
-4
-27
-69
-137
-140
-268
-404
-437
-500
-437
-387
-442
-473
-510
-546
-525
-631
-699
-642
-723
-756
-724
-792
-771
-705
-627
-615
-609
-502
-531
-413
-453
-490
-404
-346
-288
-175
22
-54
-35
93
44
-12
-130
-77
-121
-108
-124
-45
1
-93
-143
-2
59
8
68
3
-54
9
48
42
52
103
202
242
243
290
214
382
339
307
319
296
463
411
526
714
688
647
711
500
581
515
425
496
576
711
678
744
717
646
614
742
752
804
787
833
912
853
889
809
823
850
705
637
676
628
626
575
614
668
638
735
651
593
518
545
422
297
291
216
244
164
175
184
239
232
157
87
-93
-280
-295
-318
-309
-288
-237
-117
-90
-33
-116
-327
-354
-382
-334
-429
-451
-373
-326
-416
-367
-400
-567
-535
-576
-505
-594
-629
-542
-635
-680
-691
-702
-727
-751
-783
-820
-922
-945
-885
-890
-777
-782
-805
-760
-601
-660
-763
-691
-837
-794
-757
-682
-721
-609
-423
-486
-539
-543
-473
-494
-433
-385
-338
-226
-301
-216
-139
-82
-101
-19
68
91
148
221
237
195
224
239
388
321
297
354
381
350
430
367
636
641
768
778
829
1031
1057
1196
1031
947
776
706
586
520
705
647
711
740
656
674
703
804
818
725
751
669
635
697
630
585
476
567
541
558
563
519
580
549
577
569
625
760
564
478
462
407
337
346
510
493
535
569
527
493
493
530
522
549
439
312
321
235
195
127
139
165
37
60
0
-39
-75
-102
-139
-214
-197
-302
-237
-311
-365
-385
-446
-458
-487
-444
-474
-406
-298
-272
-292
-204
-203
-149
-284
-371
-496
-529
-410
-496
-606
-596
-631
-720
-629
-626
-643
-818
-952
-850
-769
-704
-772
-678
-720
-682
-730
-708
-849
-906
-922
-911
-901
-1085
-1048
-1007
-1017
-1013
-990
-1016
-988
-907
-967
-923
-977
-951
-891
-734
-584
-494
-477
-538
-554
-609
-725
-689
-694
-691
-638
-703
-536
-509
-644
-514
-479
-531
-517
-570
-497
-586
-655
-536
-431
-428
-315
-288
-257
-246
-229
-186
-192
-103
-150
-115
-38
-1
66
55
35
154
19
-166
-66
-144
-199
-121
-158
-109
-146
-142
-113
-68
-98
-74
-117
-261
-173
-180
-182
-169
-107
-27
-32
-38
-3
-1
91
214
200
220
205
350
372
251
375
174
173
114
59
79
7
59
25
83
33
49
132
89
145
82
-15
-31
-139
-108
-133
-142
71
22
-21
182
158
174
74
70
34
19
76
226
304
407
415
473
568
484
579
626
556
483
547
641
523
525
542
476
523
486
455
366
366
300
197
188
188
68
11
-62
-71
-158
-184
-191
-108
-116
-158
-43
-159
-213
-257
-242
-375
-297
-276
-369
-395
-420
-460
-417
-488
-504
-460
-450
-541
-469
-541
-659
-588
-682
-605
-511
-504
-608
-537
-473
-553
-463
-463
-372
-300
-226
-154
-185
-117
54
3
-24
65
18
24
-47
54
35
-100
-50
60
182
256
218
319
428
355
322
275
311
360
429
505
577
660
618
671
617
565
497
473
485
449
426
384
462
410
508
496
495
512
520
610
593
718
749
792
794
712
694
716
848
924
784
775
734
787
805
919
838
768
868
733
701
608
580
484
431
313
280
301
116
81
155
79
127
62
88
72
178
184
149
268
222
232
229
171
256
229
275
252
225
206
240
153
241
265
135
223
192
206
55
156
69
95
193
277
253
211
57
-20
-1
-130
-113
-262
-341
-383
-299
-362
-413
-373
-376
-422
-426
-313
-470
-365
-374
-365
-504
-563
-549
-563
-515
-454
-457
-536
-527
-589
-630
-678
-486
-459
-556
-481
-505
-539
-646
-746
-745
-678
-608
-602
-505
-531
-660
-673
-651
-630
-530
-426
-403
-326
-251
-300
-387
-278
-325
-233
-138
-138
56
14
81
82
-79
-14
5
-126
-163
-149
-153
-303
-227
-47
-139
-7
120
-12
-75
-133
-147
-167
-273
-328
-229
-115
-146
3
-48
-154
-53
-95
-62
4
38
10
114
149
180
177
208
233
339
319
400
574
451
495
401
251
244
77
92
212
235
303
435
381
420
345
443
490
282
363
316
204
386
414
404
491
587
605
696
604
524
573
479
522
578
495
577
669
505
408
392
384
297
356
406
409
367
459
455
409
503
352
193
221
131
-42
-82
-276
-323
-324
-291
-290
-175
-114
-36
-48
-84
-85
-189
-263
-380
-402
-390
-337
-286
-168
-116
-142
-225
-349
-425
-526
-542
-612
-541
-556
-602
-632
-697
-748
-791
-781
-783
-926
-1012
-962
-878
-682
-665
-609
-570
-526
-560
-617
-625
-725
-751
-670
-693
-647
-530
-345
-494
-553
-437
-325
-188
-89
-79
38
-112
-166
-25
-54
-23
-54
126
120
151
114
21
77
94
204
203
264
259
292
354
422
336
404
487
332
378
294
245
134
154
284
440
443
571
474
468
374
444
449
520
566
459
456
328
214
227
192
261
263
223
134
110
220
212
161
79
182
35
61
74
24
-10
57
-7
-22
118
198
240
299
393
371
460
507
544
569
549
542
664
615
606
644
629
631
685
668
580
576
608
715
657
629
543
618
561
628
695
694
679
636
637
704
652
821
833
740
762
742
792
771
806
667
519
503
386
474
380
294
295
206
165
139
122
140
90
-34
-47
27
38
-72
32
-45
-83
-82
-91
-85
-156
-237
-262
-308
-232
-347
-461
-513
-411
-425
-434
-335
-444
-370
-423
-473
-414
-373
-270
-237
-302
-287
-250
-210
-226
-106
-46
-68
-110
-188
-177
-146
-163
-125
-234
-342
-228
-223
-258
-301
-276
-331
-448
-373
-375
-381
-297
-308
-128
-120
-215
-234
-281
-315
-251
-205
-137
-160
-220
-127
-223
-80
-59
-157
-239
-219
-188
-301
-419
-415
-378
-232
-304
-247
-282
-278
-158
-177
-303
-230
-274
-204
-186
-199
-88
-108
44
-169
-298
-275
-252
-334
-241
-369
-358
-296
-393
-400
-355
-339
-397
-346
-473
-528
-453
-469
-484
-292
-144
-125
-42
54
98
2
10
-47
7
3
-12
60
14
12
-27
-19
19
80
104
52
117
202
213
203
194
268
236
169
273
457
601
688
747
549
508
371
340
335
315
426
292
234
209
208
139
103
132
135
180
118
11
114
56
58
148
135
61
26
-1
67
81
-11
-22
36
-27
46
56
-24
57
-87
-128
-125
-181
-139
-214
-153
-83
-16
-35
-165
-145
-191
-132
-107
-277
-244
-346
-402
-391
-351
-419
-424
-325
-280
-279
-292
-297
-407
-341
-312
-274
-255
-255
-136
-72
-22
60
26
39
-10
-27
21
-10
23
8
-80
-166
-103
-107
-169
-148
-119
-166
-143
-202
-214
-156
-239
-314
-353
-396
-450
-486
-455
-330
-279
-148
-125
7
-75
-80
-210
-164
-124
-169
-239
-312
-216
-212
-215
-197
-173
-47
-51
-70
-34
96
179
195
401
447
427
502
529
321
318
309
303
275
330
367
402
389
322
307
302
260
143
56
79
135
62
118
279
325
439
324
472
507
374
532
451
495
406
312
381
304
314
248
292
266
221
243
171
178
294
81
125
77
126
210
203
315
314
223
231
413
417
586
657
652
696
694
552
504
524
490
473
436
469
435
503
503
547
625
711
593
635
469
514
574
413
418
548
531
408
468
428
328
404
349
202
79
47
13
26
16
-40
-21
-27
60
-32
16
0
90
100
15
-29
-114
-94
-81
-100
-109
-13
-120
-140
-178
-328
-444
-420
-464
-416
-393
-368
-374
-471
-479
-531
-433
-580
-590
-579
-577
-730
-756
-711
-786
-785
-844
-806
-868
-856
-705
-844
-763
-687
-735
-596
-577
-464
-478
-567
-543
-554
-442
-373
-396
-290
-353
-310
-254
-293
-252
-223
-265
-309
-364
-348
-357
-276
-163
-204
-194
-189
-219
-246
-160
-237
-194
-74
58
105
110
211
221
323
154
220
174
24
167
63
26
135
212
245
250
357
313
351
376
378
411
448
445
420
283
321
464
399
406
540
627
608
611
564
651
649
666
735
721
623
601
610
564
513
445
532
460
203
101
172
214
141
49
75
93
34
-27
73
-77
39
71
-12
123
21
-19
-131
-134
-277
-179
-195
-233
-172
-207
-160
-224
-80
-167
-172
-218
-349
-379
-535
-520
-691
-668
-707
-722
-768
-717
-601
-688
-579
-563
-437
-433
-432
-428
-516
-587
-668
-674
-731
-727
-701
-697
-667
-677
-764
-763
-683
-713
-705
-739
-729
-850
-830
-847
-873
-918
-924
-657
-709
-674
-670
-624
-594
-609
-618
-691
-766
-862
-930
-1001
-989
-1145
-1093
-1106
-999
-874
-815
-775
-794
-746
-695
-739
-665
-547
-498
-367
-273
-284
-307
-126
-174
-174
-123
-9
-128
-113
-110
-130
-61
-58
-18
-147
-70
-174
-121
-43
-62
6
163
276
306
315
211
245
176
194
220
336
445
382
502
665
563
680
779
757
925
815
795
757
676
766
678
629
732
770
779
834
819
964
960
1006
997
998
989
1022
1026
974
1008
1137
1259
1194
1026
1051
963
857
831
765
841
821
843
829
794
828
872
836
866
997
1047
1093
1137
1077
1155
1085
1090
1116
1270
1087
903
868
742
681
612
590
624
647
545
505
283
375
296
146
263
145
7
-74
-115
-146
-158
-317
-208
-51
-55
-78
-75
-200
-119
-1
-50
78
205
189
147
159
228
196
133
68
31
7
-205
-173
-195
-168
-283
-288
-339
-253
-199
-238
-244
-359
-353
-346
-197
-212
-139
-65
-133
-381
-231
-303
-428
-249
-301
-330
-307
-205
-352
-397
-428
-390
-385
-306
-220
-388
-257
-370
-200
-119
-120
-84
-160
-184
-404
-541
-340
-312
-396
-315
-157
-120
-204
-147
-261
-237
-31
192
192
158
291
208
173
295
387
397
386
354
227
140
62
62
239
152
186
247
317
253
174
158
66
-28
-28
103
27
109
141
237
335
579
715
543
720
721
580
511
587
521
461
506
398
357
425
385
310
381
360
134
186
170
40
34
130
50
-135
96
133
-89
-180
25
-116
-285
-105
-70
-38
29
215
149
-70
-16
-19
-130
-105
-51
6
-56
-228
-215
-355
-644
-616
-579
-748
-965
-912
-1031
-1201
-1112
-964
-1024
-889
-833
-1023
-1039
-868
-940
-784
-570
-536
-498
-532
-543
-647
-633
-493
-392
-444
-418
-627
-708
-616
-842
-939
-860
-1009
-1053
-928
-919
-1095
-1163
-1111
-1220
-1155
-838
-810
-760
-772
-835
-757
-663
-574
-598
-433
-258
-224
-303
-197
-210
-255
-215
-308
-257
-233
-330
-341
-232
-376
-603
-42
281
-121
-44
195
-122
-142
185
58
100
315
173
176
330
279
288
294
357
147
70
279
113
-145
0
-103
-182
-66
-44
-210
-228
-187
-305
-331
-212
106
43
97
167
75
81
319
312
292
411
505
514
472
520
535
396
335
311
366
229
134
180
163
251
359
496
485
438
478
431
513
585
681
823
759
741
642
596
720
769
803
967
947
934
912
874
811
889
822
888
1001
907
781
774
801
641
648
708
613
630
713
563
631
535
459
591
655
689
607
798
720
612
766
837
748
806
730
539
562
521
469
490
750
697
629
807
572
328
421
400
258
226
6
-224
-272
-398
-521
-597
-540
-558
-627
-639
-630
-670
-641
-523
-478
-590
-319
-316
-278
-390
-563
-488
-363
-362
-366
-373
-387
-402
-364
-158
-161
-266
-434
-615
-815
-487
-549
-586
-269
-138
-243
-158
75
-11
20
152
176
392
506
422
504
581
665
777
968
1093
976
963
1014
1031
1013
1055
861
904
869
860
780
622
719
722
708
839
1001
858
838
771
743
842
833
879
862
826
813
779
865
766
821
651
480
369
280
71
-103
15
-127
-178
-300
-382
-405
-648
-548
-549
-475
-594
-702
-610
-892
-928
-976
-893
-922
-925
-924
-1083
-1067
-1091
-1299
-1268
-1207
-1096
-1227
-1215
-917
-826
-807
-539
-372
-343
-261
-49
305
331
-58
-11
195
427
413
418
583
623
108
-93
322
387
312
492
450
329
187
341
442
446
477
555
580
544
459
428
503
469
791
812
930
1184
1065
797
794
976
859
843
733
521
467
287
217
192
-19
-81
-257
-390
-483
-585
-651
-664
-669
-801
-949
-1089
-1269
-1350
-1471
-1717
-1882
-2156
-2519
-2845
-3105
-3308
-3501
-3578
-3658
-3893
-3967
-4543
-4843
-4575
-4812
-4867
-4891
-5595
-4734
-3905
-4496
-4114
-3479
-3774
-3536
-3000
-2878
-2293
-1836
-2024
-1716
-1169
-780
-481
182
1195
1126
1015
1719
2291
2454
2919
3367
3537
3961
4192
4049
4027
4318
4222
3448
3600
3843
2991
2481
2195
1416
399
219
56
-355
-745
-1043
-1049
-620
-356
-383
-191
519
893
1627
2499
3189
3720
4109
4521
5246
5992
5969
5886
5990
5715
5140
4673
4113
3518
2695
2052
1195
400
-542
-1560
-2575
-2947
-3261
-3734
-3872
-4197
-4654
-5026
-4960
-4746
-4267
-3960
-3831
-3797
-3637
-3694
-3790
-3564
-3554
-3935
-4200
-4418
-5196
-5831
-6502
-7309
-7862
-8021
-8013
-7456
-6799
-6197
-5722
-4934
-2816
-189
408
527
2153
4844
7203
8422
9542
11153
11408
10394
10626
12597
13551
12049
9980
8651
6459
3658
2317
1800
-142
-3338
-5581
-6872
-8064
-9263
-9687
-9586
-8904
-7946
-6808
-5757
-4502
-3113
-1708
529
3475
6557
9000
10124
9890
9841
10414
10814
11155
11578
11259
9278
6290
3909
2831
1863
-151
-1829
-2817
-4224
-5860
-6661
-6960
-7064
-6980
-6790
-5027
-2712
-1903
-1321
-49
1145
2701
4566
6962
8606
8822
8371
8088
7764
7763
7542
6637
5439
3993
2025
69
-1310
-2603
-4185
-5556
-6199
-6943
-7890
-8632
-8769
-8557
-7939
-6936
-5836
-4830
-3833
-2864
-1900
-792
528
1688
2472
2590
2445
2167
1910
1683
1274
691
-270
-1529
-3209
-4577
-6003
-6923
-7527
-8717
-10199
-11317
-12016
-12271
-12192
-10946
-9642
-9228
-8996
-7469
-3346
1004
2192
1755
3361
6481
9276
11433
13692
15730
15260
12820
11862
13644
15372
14355
11818
9523
7076
3332
1224
650
-1228
-5034
-7697
-8444
-8972
-10197
-11422
-12024
-11622
-9855
-7726
-5413
-3063
-1709
-1186
74
3186
7401
11216
12745
12437
11857
11733
12140
12943
14125
13747
10518
6534
4759
3498
1995
355
-1916
-3835
-5438
-7348
-8081
-8064
-8761
-9464
-8682
-7217
-5995
-4686
-3223
-2433
-1494
560
2900
4359
5394
5714
5436
5341
6029
6489
5803
4274
2745
988
-1230
-2694
-4088
-5675
-7438
-9684
-11553
-12638
-14038
-15384
-16035
-16245
-16474
-16359
-16274
-15900
-15486
-15423
-15213
-14557
-10856
-3859
2272
4509
2802
-681
-20
5491
12573
18814
22022
20107
15398
11643
12768
17165
21803
23246
20281
14143
8987
5439
2966
2070
972
-1559
-4990
-7858
-11308
-16136
-20273
-21309
-19043
-14598
-10232
-8377
-9882
-12792
-14335
-11353
-2921
7411
14473
15689
12731
9602
8849
11932
16924
20306
20404
17039
11700
7080
4514
2296
-372
-2519
-3486
-4399
-6715
-9994
-12912
-15178
-15993
-14531
-10216
-5711
-3979
-4456
-4913
-3879
-674
4133
9498
13529
14629
14006
14035
13817
13494
14082
14522
13750
11787
9319
6164
2382
-1056
-3301
-4808
-6295
-7272
-8390
-10531
-12618
-13419
-13433
-12625
-10605
-8034
-6322
-5877
-5711
-5274
-3707
-1271
609
1389
1546
1245
-412
-2562
-3546
-3508
-4050
-5761
-8002
-10595
-12950
-13917
-12110
-9631
-9240
-9445
-8450
-7227
-7741
-6477
-1146
5655
8427
8280
9853
13126
14439
15219
18514
22355
21765
19197
17574
15795
12121
8872
7859
6560
2730
-2263
-7006
-11161
-14441
-15719
-15286
-14744
-14698
-15159
-15481
-15213
-13162
-9521
-5048
-846
3032
7203
10582
11963
12732
15255
18417
20420
21591
22298
21579
18382
14643
11956
10100
8361
5668
3097
235
-3586
-7505
-10019
-11861
-12127
-11233
-10009
-8929
-7517
-6023
-5153
-3997
-380
4657
8652
11116
13247
15180
15847
15812
17231
19055
19186
17710
15672
13319
10036
6352
3229
499
-2396
-5187
-7731
-11086
-14891
-18261
-20331
-20806
-20010
-18909
-18866
-18943
-18552
-17939
-16093
-13864
-11669
-9811
-8277
-7127
-5897
-4926
-4755
-5104
-4774
-4715
-5252
-6831
-9318
-9213
-4553
910
2080
-2300
-8912
-10928
-6749
699
7466
11287
9958
4761
66
2399
10810
19639
23691
22223
16451
11140
8966
9750
11886
12061
9588
5269
760
-3720
-8575
-12950
-15360
-14550
-11514
-8744
-8847
-12105
-17101
-20530
-18681
-10318
791
8495
9284
5185
1390
1621
6979
14996
22089
24517
21589
16826
13402
12336
12218
12226
11143
9564
7805
5553
2770
-1524
-6596
-8300
-6739
-4964
-2209
-1087
-4301
-8207
-9008
-6404
-595
4143
6038
7091
6726
5304
5352
7462
9667
10628
10050
9629
8471
5242
2065
793
-66
-1140
-1818
-3213
-6246
-9941
-12854
-14064
-13763
-12903
-12376
-11830
-11669
-12201
-12977
-12823
-10842
-7934
-7327
-8234
-7978
-8673
-9962
-9242
-8650
-9222
-9751
-11128
-13178
-15631
-17302
-14692
-6902
618
232
-8735
-15833
-12848
-4322
4629
11931
15447
12952
6211
2560
9048
21535
30190
30804
26571
20360
14603
11769
13238
14563
11797
7777
4336
-261
-7529
-15586
-20740
-20974
-17262
-12174
-9928
-12596
-18214
-23471
-24055
-16575
-3566
8364
13410
11279
6832
5863
10042
17688
25244
30317
31013
26112
19925
16377
15373
14263
12002
10176
8687
4672
-957
-5973
-10643
-14295
-15270
-14874
-12279
-9408
-9888
-12404
-13638
-12460
-8069
-1856
4824
9564
11207
10667
10369
11941
14967
18350
19897
20141
18070
14241
10086
6985
5074
3128
945
-2186
-6840
-11822
-15537
-18163
-20400
-22098
-22557
-21747
-20462
-19584
-19599
-20334
-19094
-15737
-12216
-9155
-7762
-8154
-8187
-6672
-4028
-2025
-2317
-4276
-5741
-6373
-7608
-9612
-11748
-8674
3444
11020
1028
-14998
-18584
-8743
2791
9970
15869
18823
10433
-3539
-4392
11316
28132
32489
28357
22802
13917
5858
8139
16186
18351
13714
8838
3656
-3372
-10533
-15591
-17993
-15892
-10685
-8019
-10052
-14518
-19892
-24301
-23056
-12996
2556
14680
15258
6881
1399
4201
10998
18647
27395
32544
28444
18697
13097
14647
17072
15949
13617
11909
9332
4702
-1378
-6209
-9528
-12680
-13461
-10076
-6160
-6505
-11496
-17215
-17910
-12865
-5053
1919
5355
4848
2570
891
3308
9757
14478
15643
15133
13734
11029
7993
6426
6449
6410
5070
2653
-1220
-6290
-11034
-14054
-15120
-15120
-15255
-16659
-18159
-18929
-19934
-20406
-18997
-15729
-12944
-13157
-15032
-15471
-13752
-11245
-8063
-6512
-7475
-9374
-11753
-12878
-13168
-9391
2927
14587
7872
-8952
-15624
-6676
5043
10166
13637
18318
13623
400
-3976
7253
21046
25261
23274
21095
14970
6174
5119
10440
12174
9205
6731
4890
-130
-7208
-13526
-18050
-16808
-9752
-2817
-2606
-8537
-16371
-21211
-20218
-10737
4810
16702
16474
7077
-269
2127
10822
19486
26616
29567
25469
17594
13014
13874
16141
15612
13475
11699
8640
5386
2155
-2611
-7138
-7938
-7472
-6907
-6224
-6250
-8476
-11539
-12568
-7854
-1243
2041
3430
5169
5935
5150
5596
9571
14232
13996
11964
12105
12589
10510
7732
6156
5136
3555
1947
818
-1617
-6861
-12468
-15038
-14593
-14147
-15395
-16712
-16539
-16777
-19251
-20354
-17160
-13201
-11937
-13060
-14242
-14596
-14733
-13798
-11372
-8322
-7214
-9635
-14865
-18842
-18697
-8615
8878
14830
-1472
-17698
-16615
-1972
8819
13576
16928
15659
3448
-6007
2053
21607
31098
26693
20546
16762
9549
6609
14155
20120
13777
3867
1492
2603
-1923
-10716
-18678
-20278
-14407
-6621
-4048
-8093
-16456
-25825
-28560
-18607
24
14694
16163
7048
-2696
-3288
6667
19740
29173
32565
28616
19110
13107
15653
21587
22907
19244
15508
12961
9091
2979
-3606
-7284
-7867
-7226
-8028
-8989
-9733
-13570
-19529
-20178
-13092
-5067
-1487
-1612
-1638
-423
343
1512
6639
13769
17112
14338
11869
12253
11616
9486
10357
12496
10571
5714
2148
-820
-5255
-8598
-9620
-10962
-14241
-18132
-20479
-20120
-19039
-20750
-23351
-22395
-18947
-16666
-15139
-14114
-15491
-18752
-18664
-13667
-8251
-6220
-6782
-11148
-15514
-17002
-12322
1661
15705
10411
-8505
-17064
-6856
8813
15344
15904
15255
8963
-1591
-1774
12350
27551
28893
21049
14616
10745
7625
10696
16853
17043
9461
3371
2823
2003
-5013
-14099
-19847
-16657
-7958
-1184
-3510
-12855
-23779
-28603
-22648
-6682
9761
15653
8847
-2010
-6019
882
13813
25248
30235
28143
22041
15610
13815
17476
21777
21788
18693
15425
11497
6099
-465
-6060
-7322
-4217
-3800
-7383
-10430
-12732
-16981
-19860
-16681
-8564
-2202
-1457
-3184
-3324
-1988
-825
2122
8540
14595
15171
12169
10322
9050
7749
9029
12681
13324
9845
5560
1032
-3642
-5763
-5320
-5431
-7808
-13032
-18841
-21683
-19823
-17550
-18562
-20342
-20025
-18801
-17315
-16071
-16478
-17820
-18074
-15251
-11202
-8038
-7123
-10163
-15259
-17234
-14529
-11012
-2812
8933
10277
-5596
-17865
-11873
5833
15150
13927
11696
11430
4792
-1366
6573
23516
30629
24362
19183
18485
14038
9840
14048
19160
16145
10399
8413
5974
-3466
-14535
-18672
-13062
-4168
-411
-4916
-14618
-23495
-27473
-20873
-6747
5130
8597
6108
898
-2689
1520
13921
24708
27120
26981
27243
24287
19808
20216
24948
26677
24032
20979
17845
12013
3066
-3399
-3159
-347
-2983
-7844
-10888
-13886
-18685
-21066
-17876
-12829
-9405
-7422
-5278
-4918
-4896
-3984
-619
6496
14694
17797
15019
11036
8615
9071
12728
17532
18773
14953
8754
3445
88
-757
-712
-2435
-6784
-12392
-17657
-20376
-20060
-19635
-21257
-22668
-21248
-19017
-19039
-20786
-22853
-23902
-21220
-15130
-9755
-8444
-11087
-16237
-19434
-17009
-11645
-8449
-2863
7130
9891
-2947
-14752
-10343
5131
15038
15027
13764
13358
7017
-1335
2022
16211
25734
23010
18473
16181
10284
3829
5817
11758
12848
9409
5934
1006
-7505
-16554
-19538
-14995
-6665
-2224
-5402
-14509
-22475
-24809
-18865
-7274
2734
7070
6757
3075
-1198
1704
13416
24359
26184
24403
24862
23743
19858
18990
22676
24921
22184
17650
14446
10366
4199
-1458
-2974
-1386
-2610
-8405
-12808
-15256
-17461
-18888
-16507
-11512
-7493
-6755
-8108
-8510
-5812
-1462
1479
6886
14330
16252
10644
5918
7523
12879
16221
16863
16123
12830
7735
4590
3812
3617
1990
-2139
-6472
-10244
-14979
-19011
-19615
-18783
-19658
-20963
-20589
-20647
-22131
-23825
-23697
-22679
-19881
-15878
-13375
-14360
-16421
-17193
-16276
-14761
-12300
-10989
-8098
-243
7467
4107
-6082
-9626
-1305
11257
16229
15722
13973
9643
1814
1907
13593
26343
27163
19843
14316
11097
8610
10801
15139
14491
8340
2709
-46
-3845
-10560
-15580
-15454
-11265
-7681
-7553
-12519
-19574
-23457
-20059
-10024
-761
4024
5367
3149
-645
1397
12625
23982
27076
24553
23992
23918
22443
22836
26046
27208
23666
18729
15812
13387
8023
1728
-966
-271
-2170
-7613
-12396
-15505
-18757
-20296
-16899
-11131
-8421
-10272
-13509
-13283
-7706
-1297
2918
7739
12255
12126
7591
6263
10972
16559
18591
17902
16206
12673
8604
6519
7468
8280
5676
-68
-5525
-10491
-15892
-19282
-18553
-16412
-17047
-20943
-24893
-26605
-26142
-24306
-22266
-21422
-20461
-19579
-19473
-20005
-18790
-16922
-15431
-15581
-14487
-12348
-6790
900
5717
1172
-5913
-4546
5802
16034
17142
14873
12257
8693
4910
10279
21769
28070
22896
15563
13140
13158
13083
15798
17193
11940
3683
658
1304
-1477
-9908
-15859
-15131
-9540
-6287
-7282
-12871
-18914
-22220
-17574
-5905
5097
8187
4456
255
1020
8525
19219
26266
27669
25836
24448
23738
24364
27497
29578
27156
21847
19082
17715
13562
6474
1734
1617
1640
-1938
-7782
-13021
-16955
-19101
-18487
-14208
-9020
-8172
-12444
-16198
-13570
-5758
983
3500
6414
9886
9913
6657
6316
11554
17518
18681
16750
15526
12630
8238
6270
8467
10273
7177
1266
-3971
-9535
-15608
-18200
-15656
-12423
-13999
-20039
-24929
-26500
-26252
-24220
-21422
-21053
-22816
-23983
-23270
-22108
-20694
-18955
-17588
-18300
-17486
-14219
-9241
-3364
2228
1420
-2745
-3032
3266
12100
15060
12835
10613
10420
9127
10907
17287
22790
20277
14617
13242
13572
12113
11481
11568
7748
1835
21
-299
-4908
-13255
-17962
-16379
-10680
-7576
-9540
-15445
-20343
-21572
-15930
-4688
4119
4566
841
44
3466
10321
18531
24073
24831
22787
22701
24141
25162
25849
25901
23980
20289
17725
16144
12984
6350
36
-1203
594
-965
-8056
-14598
-18685
-19732
-18073
-14088
-10184
-9917
-13493
-16014
-12552
-5798
640
3993
6007
8281
9305
8427
9327
12845
16805
18719
18131
16460
13438
10190
8495
9539
9909
7787
3488
-3119
-10454
-15980
-16855
-14315
-13016
-16068
-21738
-26246
-28059
-27782
-25493
-23302
-22958
-24555
-24993
-24812
-24672
-24026
-22999
-22901
-23162
-21258
-11632
2763
6397
-7825
-18996
-10881
10346
23780
22982
18040
11605
2287
569
13140
28946
31417
21095
12641
10126
9140
11732
18347
21103
13378
2094
-2386
-1942
-3873
-9480
-14822
-15927
-12053
-8867
-10451
-17007
-23385
-25714
-21326
-10966
588
5503
1361
-5819
-6878
2365
15674
24745
26168
22884
19245
17820
20425
26567
31287
29361
21950
16410
15412
15547
12701
7737
2776
-873
-3339
-5156
-8334
-12627
-16732
-19401
-19206
-16270
-12590
-11170
-12866
-14906
-13168
-8119
-3097
1559
5860
7848
7502
6948
8195
11487
15052
17380
17448
15802
13636
11448
9557
9498
9538
7499
3810
-590
-6002
-10845
-12803
-11850
-12105
-15512
-18692
-19848
-20795
-22330
-23530
-23726
-22787
-21213
-19957
-20232
-20882
-20925
-20790
-20300
-18995
-14028
-2353
7649
2206
-11918
-13025
1169
16748
21596
20239
16382
8898
1575
6470
21604
32156
27718
16788
10908
9211
7594
10888
17162
16857
7065
-2030
-5137
-5799
-8623
-12799
-16092
-15200
-10633
-8649
-13512
-20942
-24382
-21835
-13976
-2911
5352
5050
-1749
-5839
-1047
10535
21986
27345
24905
19402
16607
18406
24154
29369
29530
24519
18645
15209
14447
14657
12346
5769
401
-485
-1508
-5827
-10221
-12630
-14014
-15843
-16221
-13880
-11399
-10996
-11378
-10071
-7418
-5520
-3782
696
6560
9396
9192
9463
9867
9855
11531
15731
18172
16703
12781
10060
8839
7849
6886
5865
3728
-954
-7162
-11540
-11551
-11388
-14555
-18288
-18283
-17304
-19167
-22865
-25505
-26471
-25284
-22176
-19153
-19101
-21819
-26096
-28139
-24814
-11784
4605
8268
-7053
-21169
-15947
4750
21419
24806
20956
12588
2045
-739
11366
27975
31545
20845
10696
7368
6437
8376
14374
17473
10296
-447
-4864
-4399
-5446
-9541
-13672
-15285
-14036
-11990
-11565
-14364
-19287
-22640
-20850
-12822
-2190
4499
2339
-4967
-6789
1077
11892
19019
22334
22103
17518
12604
15040
24099
29695
26616
19356
15096
14649
14409
13378
11538
7377
952
-3575
-3635
-3614
-6666
-10173
-13013
-15353
-16146
-14235
-11790
-10907
-10448
-9107
-8299
-8111
-5949
-1352
2861
5758
7595
8379
8030
7046
8007
12310
16064
15000
11499
9245
7786
6381
5785
6096
4731
629
-4366
-7624
-9482
-11305
-13585
-14331
-13542
-14392
-17252
-20231
-22040
-23672
-23700
-20829
-16881
-16922
-20646
-25182
-23519
-11696
1630
2023
-8433
-13756
-7878
4136
13363
19168
19650
12583
3074
4253
18699
31531
29515
19890
14265
11279
8843
11762
17960
17323
7025
-1540
-3310
-3176
-6401
-10866
-13948
-15339
-15913
-15913
-15710
-17327
-21064
-23600
-21966
-15581
-7390
-1076
-780
-4921
-6015
299
9844
16810
19803
20175
18554
16641
18882
24517
28400
26400
21676
19436
18825
17471
15213
12848
9094
3571
-328
-970
-2647
-7352
-10819
-11805
-12817
-14985
-15816
-15575
-15247
-13989
-11054
-7644
-6782
-7954
-8151
-4695
976
6167
9525
10666
9128
6477
6881
11679
16528
16929
13597
9554
6094
4218
5268
7294
6183
638
-5315
-8714
-10724
-12937
-13855
-13588
-14039
-16820
-20183
-22315
-24134
-25724
-25755
-23066
-20610
-21075
-22483
-18404
-10617
-8431
-12992
-13814
-7138
2777
8924
10653
10926
10166
8416
10131
19092
29486
31277
24565
18370
16256
16387
19373
23025
21049
11869
3111
-181
-421
-1252
-4367
-9420
-14214
-17129
-18987
-19464
-18671
-19628
-22886
-25155
-22511
-15958
-9347
-6814
-8117
-7649
-2298
4528
9567
14184
18520
19217
17417
19816
26713
31069
29011
24792
24094
25865
25685
22711
19824
16982
11186
5102
3760
4345
581
-6201
-10647
-11664
-11473
-12153
-13688
-16354
-18346
-18016
-14763
-9793
-5210
-5391
-9599
-10849
-6030
1865
8369
12283
12229
8796
5601
6901
12181
17211
18171
14784
8951
4046
3051
5168
6772
4861
-170
-5977
-10228
-12701
-13976
-14646
-15598
-17575
-19807
-21876
-24764
-28582
-30994
-29560
-24580
-15061
-7146
-10932
-24515
-29171
-16844
1852
11246
10872
7652
2275
-2262
2164
17506
31077
30294
19940
13258
13620
16711
21568
25526
23499
13463
4401
2059
3236
1982
-2910
-8128
-10299
-10494
-12709
-17440
-21670
-22855
-22043
-21674
-19937
-16943
-15187
-16414
-16895
-12291
-5072
-296
1189
3205
7065
10733
12854
15832
19954
22481
22461
21739
22986
24311
24329
22865
20849
18808
16637
13635
9699
6850
5167
2495
-1927
-5814
-7997
-8965
-9780
-10889
-11926
-13178
-14878
-15733
-13745
-9907
-7657
-7474
-7020
-5779
-4077
-1299
2735
6261
8409
9273
8898
8078
8530
9943
10566
10373
9313
7624
5958
4356
1443
-1929
-3291
-3025
-4224
-7820
-12227
-16056
-18502
-19351
-19614
-20137
-21494
-22592
-20689
-16316
-15764
-20129
-21602
-14524
-3777
790
-357
-1611
-1634
-586
4087
13982
23538
24584
17911
11869
12681
19252
27232
30486
26644
17293
9267
6346
7676
9225
7077
875
-6516
-11829
-13912
-13595
-14014
-16280
-20238
-23623
-24236
-22432
-19466
-17381
-16669
-16672
-16041
-12757
-7218
-1896
733
2481
5678
9749
12873
15517
18336
20266
21027
21866
24482
26664
25165
20907
17783
18080
18692
17337
14526
10358
3749
-2202
-3253
-739
-64
-4320
-10008
-14239
-15730
-14231
-10944
-8732
-10264
-14359
-16372
-13447
-8011
-3428
-676
154
-677
-1572
788
5796
9530
10596
10082
8754
6354
5191
6328
8269
7715
4714
1490
-874
-3119
-6086
-7979
-8873
-10064
-12594
-15525
-19455
-24281
-25549
-18401
-9374
-10366
-20720
-26887
-22164
-11497
-2813
2373
3289
-1719
-8235
-6454
6808
21030
24709
19388
13127
10711
13117
21040
28739
29141
21549
13926
10763
11120
12206
11059
6466
948
-2819
-5554
-9285
-12574
-13677
-14847
-18208
-20367
-19111
-16812
-17858
-20813
-20045
-15836
-12246
-10426
-8416
-6191
-4929
-2960
2608
8928
12057
12250
12107
14028
17566
21523
23867
23746
21763
20447
20141
19755
19325
19066
17052
11835
6910
5608
6104
4373
437
-2026
-3645
-6770
-9773
-9468
-7635
-8283
-11903
-14389
-13009
-10169
-8019
-6650
-4949
-3686
-3529
-3116
-554
3673
6702
6578
4166
2429
3196
5811
7962
7910
5541
1305
-2179
-2363
-653
-439
-3822
-8593
-12348
-13826
-14350
-15292
-17176
-16913
-14013
-13012
-16762
-21528
-20831
-14251
-6950
-3434
-2666
-3420
-5486
-5930
-876
9428
17211
17539
12368
8282
9120
15297
22378
24964
21285
14598
10035
9432
11592
13268
11148
5997
517
-3666
-5589
-5718
-5831
-8272
-13587
-18522
-19578
-17151
-14430
-14351
-15718
-16876
-17582
-16561
-13309
-8565
-5780
-5350
-5286
-3498
-96
3729
6938
9510
11470
12416
13760
15689
17328
18374
18642
17962
17526
18270
18541
16003
12037
10168
10824
11185
9113
5925
2709
-522
-2977
-2750
-1277
-2143
-6546
-10612
-11570
-10224
-8146
-6636
-6233
-7289
-7478
-5825
-3849
-2764
-1304
961
2026
1235
583
1857
3410
3758
3267
2665
2390
1864
960
-18
-984
-2487
-4619
-6703
-8261
-9798
-11360
-12637
-13428
-11828
-9349
-10085
-15397
-18425
-14837
-7294
-3555
-4051
-4716
-4396
-4275
-2404
4030
11687
13420
9470
6985
9941
14671
17775
18482
17230
13868
11138
11017
12529
13157
10799
5893
2114
811
462
-1015
-3064
-5913
-9418
-12990
-14342
-13331
-11619
-11783
-14187
-15704
-15452
-14429
-13280
-11416
-8498
-6752
-6568
-6487
-4845
-2406
589
3767
6635
8543
9040
9603
10837
13278
15465
15961
15884
15980
15558
13938
13457
14568
14768
12900
10887
9779
8089
5592
3453
2935
2371
-60
-3479
-6146
-6866
-7215
-7693
-7598
-7478
-8486
-9444
-8547
-7069
-5699
-4744
-4008
-4147
-4256
-3237
-2190
-801
1055
1915
95
-2132
-1916
23
1588
735
-1405
-3524
-4320
-5447
-6649
-7742
-8678
-10704
-11113
-8362
-6566
-9787
-14499
-14804
-10631
-5454
-3698
-4372
-5345
-5534
-4437
-684
5956
10031
9359
6762
6958
10074
14639
18227
17496
13337
10514
11756
13924
14414
12710
8414
3790
2225
3991
4587
1235
-4027
-7539
-8800
-9873
-10221
-9422
-8847
-11321
-14994
-15666
-13289
-10750
-10385
-9642
-8362
-7448
-7697
-6674
-3325
245
1843
1972
3109
5795
8584
10323
11089
12352
13274
12835
12942
14662
15793
14633
13363
13173
13213
12476
11524
10234
8564
7246
6134
5271
3684
966
-2582
-4601
-4276
-3799
-4894
-6189
-6718
-7621
-8560
-8079
-5957
-3967
-4480
-6667
-7375
-5541
-3313
-2292
-1674
-1477
-2118
-3018
-2165
39
1270
-31
-2780
-3741
-2476
-1395
-2647
-4893
-6876
-9160
-10775
-10199
-6576
-4329
-6247
-12162
-15303
-12859
-6768
-1854
-1377
-3551
-6540
-7423
-4527
1833
8447
10695
9229
6520
5977
7858
12488
16746
17366
14521
11202
10066
10439
10714
10278
8067
5420
3184
1883
473
-1137
-3482
-6272
-8965
-10473
-9196
-7745
-8449
-11870
-14046
-13108
-11296
-9694
-8270
-6801
-7331
-8587
-8294
-4798
-312
2277
2456
1624
2605
5093
7868
10015
11519
12082
11193
10466
10924
12880
14645
14135
12383
11247
11111
10412
9490
9505
9345
7891
5297
3244
1815
722
-729
-2489
-3299
-3248
-3459
-5128
-6460
-6565
-6225
-6296
-6271
-5686
-5584
-6049
-6664
-6062
-4515
-3075
-2355
-2379
-2675
-3141
-2674
-1183
369
656
-756
-2614
-3869
-4191
-3588
-2873
-3444
-6162
-8676
-10202
-9044
-6411
-3933
-5741
-9429
-10970
-8218
-4191
-2422
-1939
-2198
-2968
-2953
-120
5860
9783
9311
6293
6240
8613
11786
14075
14635
12984
10071
8681
9182
9403
8488
5899
3309
1230
533
-90
-1219
-3866
-6958
-8449
-8726
-7793
-7719
-7988
-9109
-10748
-11661
-10626
-7592
-5646
-5557
-7046
-7009
-5696
-3026
315
2466
3029
2391
2128
3084
5796
9196
10347
8845
7208
7936
9505
10088
10399
10500
10288
8742
7803
7996
8397
7935
6132
5098
4063
2895
1281
435
-619
-1757
-1843
-2262
-3883
-5850
-5718
-4620
-4414
-5326
-6566
-7254
-7346
-6423
-5139
-4332
-4567
-5943
-6355
-4978
-2909
-2255
-2791
-3134
-3253
-2983
-3216
-3419
-3822
-3519
-3801
-5108
-6625
-6953
-6887
-7324
-6353
-4002
-2708
-5395
-8794
-8775
-4205
327
1303
494
-729
-1484
-1194
2354
7773
10260
9324
7090
6534
7137
9903
12481
13303
11307
8669
6791
5718
5565
5811
5195
3352
441
-1786
-2366
-1836
-2372
-4042
-6425
-8008
-7872
-6348
-4716
-5202
-6906
-7802
-7379
-6031
-3976
-1835
-1528
-2332
-2916
-1667
782
3365
4913
4476
3619
3539
4797
6843
8169
8483
8088
7531
6658
6253
7520
9037
8691
6492
5538
5773
5837
5447
4959
4172
2473
1015
310
1022
1677
445
-2245
-4119
-3942
-3121
-2737
-3399
-4889
-6304
-6958
-6561
-5753
-5088
-5136
-6064
-6685
-6457
-5203
-4728
-4856
-5204
-5158
-4366
-3585
-3656
-4766
-5082
-4966
-4755
-4957
-5527
-6249
-7156
-7012
-5156
-1947
-1516
-4257
-6800
-6259
-2327
1049
2052
1326
262
-184
566
3591
7510
9481
8469
6289
5738
7178
10654
12289
11107
8104
6636
6939
6553
6046
5455
4174
1988
58
-279
209
227
-1494
-3832
-5781
-5926
-4888
-3468
-2742
-3755
-5564
-6502
-5738
-4053
-1828
-319
-334
-1629
-2391
-1158
1274
3362
3989
3677
3233
3345
3999
5542
7437
7873
6304
4477
4768
6833
7957
7075
5069
4340
4725
5042
5126
5339
4502
2141
169
581
2412
2803
1127
-739
-1730
-2339
-2316
-1625
-1449
-3100
-5300
-5861
-4962
-4177
-4414
-5349
-6208
-6345
-5520
-4879
-4928
-5535
-6419
-6939
-6579
-5113
-3612
-3006
-4219
-6263
-7170
-5814
-3553
-3198
-4366
-5986
-5162
-2699
-1305
-2256
-3173
-2293
-346
683
1079
1824
2127
1684
2108
3937
6521
7859
7861
7085
6690
7441
9052
10007
9366
7698
6426
6073
6049
5869
4925
2531
245
11
1479
1713
-266
-2565
-3705
-4352
-4728
-3957
-2367
-1866
-3246
-5028
-5444
-4410
-2695
-1369
-647
-506
-940
-1558
-1425
164
2477
3884
3461
2439
2312
2912
4155
5719
6735
5674
3600
2989
4182
5023
4727
4297
3805
2868
1647
1846
2687
2683
1584
446
-60
-475
-663
-709
-654
-1367
-2316
-2940
-2993
-2821
-3201
-4116
-5310
-5783
-5204
-4624
-4980
-5880
-6353
-6677
-7087
-6779
-5732
-5731
-7364
-8575
-7739
-6460
-6391
-7171
-7473
-7543
-7661
-7311
-5790
-3697
-2702
-3387
-5127
-5523
-3368
1510
5305
5164
2018
-257
580
4587
9142
11417
10074
6761
4949
6089
8833
11985
13381
11531
7132
3838
4330
7044
7810
5419
1897
-171
-1037
-1740
-1743
-1281
-1973
-4397
-6811
-6953
-4980
-3518
-4169
-5528
-5739
-4597
-3521
-3272
-2955
-1912
-706
-214
-334
193
1102
1956
2428
3248
4093
3954
3112
3323
4706
5707
5293
3985
3309
3318
3457
3478
3390
2669
1313
119
315
1465
1847
617
-1208
-1753
-1048
-293
-577
-1214
-1821
-2239
-2300
-1973
-854
-690
-1850
-3241
-3251
-2083
-1538
-2035
-3115
-3972
-4720
-4742
-3855
-2820
-3607
-6253
-8065
-7805
-6314
-5581
-6142
-7862
-9442
-9888
-8382
-5674
-3737
-3828
-5534
-6765
-6068
-2457
1889
4174
3148
1355
1540
4503
8035
10146
10288
9458
8731
9186
10416
11403
11734
11485
10806
9458
7929
7075
6794
5925
4048
2267
1371
1030
-139
-2140
-4071
-4896
-4609
-4081
-4303
-5307
-6154
-6193
-5430
-4358
-3344
-2907
-2942
-2834
-1826
-349
647
1200
1634
2006
1951
2448
3715
4712
4542
3569
3008
3090
3348
3730
3714
2885
1420
585
1002
1718
1104
-56
-420
-548
-1423
-2284
-1783
-377
-418
-1961
-3018
-2540
-1244
-819
-1160
-1196
-703
-497
-930
-525
723
1300
680
-221
-126
443
405
-659
-1677
-1405
-1096
-1561
-2772
-3422
-3684
-4107
-4727
-5146
-5050
-4941
-5587
-6565
-6489
-5172
-4103
-3954
-3909
-3137
-2141
-1325
-353
685
1730
2749
3663
4338
4663
5177
5961
6619
6835
6904
7100
6960
6576
5972
5763
5210
4489
4027
3934
3480
2037
616
-8
-79
-292
-960
-1734
-2216
-2811
-3548
-3797
-3354
-2717
-2709
-2950
-2724
-2318
-2058
-1804
-1060
285
1231
1297
985
1084
1687
2238
2681
3212
3348
2949
2240
1606
1366
1773
2345
2320
1706
768
-195
-911
-399
616
1007
380
-610
-1204
-1594
-1324
-214
1028
895
-676
-2186
-2247
-727
892
1216
381
-718
-1251
-909
0
688
866
205
-811
-1352
-880
-271
-548
-1380
-2073
-2153
-2239
-2722
-3461
-3974
-4075
-4243
-4398
-4408
-4607
-5407
-5973
-5729
-4564
-3260
-2751
-3233
-3927
-3829
-2302
106
1741
1885
1210
943
1710
3481
5375
6341
5771
4267
3496
4358
5861
6310
5505
4373
3483
2314
1417
1811
2978
2874
909
-1196
-2182
-2316
-1720
-958
-760
-1851
-3611
-4758
-4333
-2826
-1871
-2197
-2878
-3066
-2692
-2174
-1147
-165
-262
-977
-779
500
1437
1625
1243
1019
1017
1370
2144
2809
2677
1715
1111
1327
1842
1629
1405
1465
1269
717
268
128
65
37
300
-95
-528
-655
-722
-1324
-1905
-1578
-757
-681
-1426
-1894
-1606
-1021
-950
-1043
-647
-114
-316
-820
-642
-257
-140
-336
-193
-82
-538
-1390
-2161
-1940
-1371
-1060
-1446
-2413
-3394
-3779
-3099
-2259
-2033
-2448
-2978
-3646
-3844
-2480
-645
-157
-1021
-1320
-583
470
1090
1641
2457
3016
3255
3667
4231
4357
3845
3749
4652
5225
5042
4475
3897
2827
2130
2559
3467
3468
2100
465
-696
-872
-208
375
-204
-1912
-3642
-3942
-2963
-2213
-2461
-3367
-4357
-4777
-4107
-2747
-1561
-1414
-2129
-2628
-2261
-930
632
1627
1757
1313
1108
1621
2641
3976
4819
4775
4122
3605
3765
4101
4346
4513
4474
3758
2515
1706
1811
2110
1785
979
187
-393
-833
-1231
-1267
-1021
-1152
-2035
-2980
-2933
-2169
-1650
-1731
-1761
-1626
-1868
-2308
-1955
-1041
-385
-452
-767
-1007
-1155
-1248
-780
21
450
-75
-1189
-1702
-1608
-1279
-1142
-957
-1347
-2061
-2649
-2654
-2330
-1971
-1578
-1735
-2082
-2032
-1354
-559
-57
215
486
980
1407
1911
2550
3444
4065
4235
4232
4643
5019
5175
5351
5556
5151
4473
4353
4564
4543
3802
2598
1458
810
773
810
366
-649
-2098
-3267
-3582
-3329
-2952
-3052
-3659
-4479
-4417
-3813
-3291
-2957
-2323
-1554
-1259
-1208
-980
-278
580
1530
2476
3275
3488
3229
2856
3098
3919
4872
5032
4087
2733
2109
2330
2581
2384
1809
973
-483
-1500
-1637
-954
-840
-1838
-3240
-4284
-4174
-3216
-2420
-2875
-3600
-3991
-4037
-3725
-2901
-1858
-1567
-2385
-3182
-2788
-1510
-428
-163
-222
-889
-1579
-1637
-662
352
241
-566
-1300
-1567
-1797
-1935
-1903
-1859
-2117
-2194
-2063
-2325
-2983
-3195
-2512
-1325
-385
-88
-348
-1026
-1223
-71
2148
3855
4145
3496
3163
3415
4227
5488
6672
7314
6564
5119
4114
4428
5360
5768
5107
3928
2773
1739
813
369
374
122
-942
-2609
-3734
-4073
-3965
-3707
-3507
-3793
-4685
-5353
-5223
-4258
-3064
-2267
-1982
-2198
-2330
-2079
-1122
413
1733
2078
1582
1114
1405
2557
3397
3432
2736
2095
1890
1841
1861
1701
1480
635
-417
-810
-537
-726
-1765
-2675
-2731
-2361
-2428
-3091
-3821
-3860
-3624
-3052
-2466
-2107
-2260
-2732
-2703
-1824
-649
-172
-303
-540
-368
103
601
941
1205
1301
1147
818
466
328
438
588
516
-166
-855
-1317
-1736
-1895
-1547
-770
-666
-1710
-2692
-2701
-1685
-615
-352
-139
181
252
346
1071
2459
3664
3927
3663
3543
4039
4773
5563
6286
6208
5635
5037
5018
5582
5724
4863
3922
3473
3362
3087
2350
1291
136
-663
-1038
-1138
-1294
-1668
-2455
-3267
-3601
-3376
-3038
-3025
-3030
-2808
-2621
-2511
-2244
-1883
-1502
-1181
-792
-390
-78
361
944
1249
1257
1218
1093
955
909
1156
1297
788
25
-154
444
308
-425
-1022
-989
-1247
-2099
-2421
-2285
-2122
-2610
-2945
-2934
-2837
-3169
-3299
-2719
-2234
-2189
-2227
-2134
-1935
-1637
-1112
-592
-487
-561
-324
173
475
755
989
925
291
-209
107
721
730
-169
-1094
-1375
-1330
-1262
-1210
-1182
-1425
-1847
-1920
-1327
-836
-652
-449
-358
-110
237
1052
1982
2422
2594
2850
3233
3571
3961
4836
5434
5285
5061
5155
5433
5297
4935
4894
4926
4572
3888
3354
3264
3006
2344
1477
833
479
51
-348
-550
-669
-1209
-1983
-2479
-2645
-2567
-2568
-2452
-2331
-2239
-2349
-2533
-2478
-2069
-1693
-1353
-996
-845
-1079
-1318
-1225
-709
-271
-135
-459
-924
-1129
-976
-619
-336
-432
-991
-1800
-2157
-1775
-1295
-1436
-1960
-2457
-2741
-2952
-2792
-2095
-1549
-1936
-3012
-3352
-2479
-1151
-630
-967
-1560
-1627
-985
-278
109
133
152
37
60
467
1181
1532
1048
160
-175
69
67
-28
-22
-184
-856
-1567
-1359
-628
-603
-1395
-1885
-1374
-570
-445
-569
-660
-590
-436
402
1823
2638
2295
1540
1697
2684
3748
4193
4393
4266
3849
3814
4479
5367
5485
4629
3660
3194
3271
3750
4212
3885
2663
1426
1010
1186
1325
1023
598
-7
-795
-1400
-1702
-1620
-1628
-1624
-1740
-2094
-2497
-2751
-2530
-2335
-2212
-2317
-2423
-2418
-2146
-1908
-1994
-2380
-2505
-2090
-1578
-1433
-1572
-2171
-2686
-2677
-1958
-1041
-739
-1333
-2352
-2612
-2042
-1145
-705
-943
-1666
-2294
-2091
-1230
-89
200
-487
-1293
-1346
-557
-37
97
272
393
138
-233
47
826
1258
1145
828
859
1016
966
869
1069
1315
1353
1108
573
-61
-377
12
379
121
-704
-1194
-1230
-1029
-513
-21
27
-638
-1331
-1088
59
957
1056
741
591
677
1183
1958
2684
2730
2315
2172
2353
2867
3306
3530
3314
3063
2732
2689
2713
2704
2790
2545
2168
1541
1065
746
563
665
739
251
-821
-1622
-1553
-1215
-1291
-1679
-1907
-2146
-2534
-2752
-2470
-1916
-1701
-2245
-2774
-2816
-2438
-2024
-1736
-1679
-1898
-1944
-1674
-1456
-1514
-1583
-1621
-1615
-1665
-1409
-979
-918
-1360
-1691
-1456
-1001
-928
-1282
-1461
-1459
-1463
-1444
-1192
-540
-139
-366
-856
-881
-459
-230
-265
-231
-62
-37
-253
-322
-73
324
489
319
250
317
396
260
296
399
207
142
67
211
359
146
-448
-766
-448
100
336
-23
-305
-380
-227
12
549
1184
1262
779
322
682
1648
2432
2416
2216
2346
2657
3058
3486
3741
3562
3336
3213
3517
4004
4042
3681
3227
3071
3180
3140
2914
2321
1866
1441
927
749
680
297
-388
-1070
-1226
-1147
-1502
-1967
-2283
-2504
-2680
-2600
-2423
-2363
-2585
-2874
-2637
-2049
-1476
-1604
-2078
-2280
-1892
-1231
-952
-1017
-1343
-1467
-1571
-1346
-795
-452
-541
-1135
-1453
-1192
-785
-586
-688
-940
-1157
-1279
-1127
-827
-512
-530
-763
-950
-941
-470
-172
-47
-294
-435
-173
219
477
591
552
385
142
279
954
1557
1443
717
221
401
960
1110
676
118
-154
91
483
569
423
235
168
81
202
757
1301
1105
582
561
1335
2028
2185
2076
2002
2079
2148
2635
3593
4034
3421
2514
2502
3527
4303
4158
3591
2946
2786
2879
3033
3336
3138
2434
1266
482
675
1168
1046
88
-938
-1436
-1865
-2052
-1915
-1757
-1896
-2597
-3251
-3310
-2734
-2258
-2315
-2626
-2771
-2695
-2419
-2069
-1747
-1497
-1449
-1265
-1231
-1073
-851
-819
-808
-762
-635
-626
-936
-1252
-1351
-1204
-1072
-1143
-1378
-1711
-2240
-2380
-2047
-1661
-1655
-2055
-2317
-2372
-2132
-1735
-1251
-1085
-1236
-1463
-1270
-1019
-520
1
194
191
-200
-339
39
531
677
510
359
574
626
515
514
689
805
672
338
154
145
148
324
544
656
495
343
231
399
938
1485
1710
1668
1441
1455
2040
2812
3402
3646
3579
3439
3332
3562
3991
4363
4295
3772
3304
3041
3249
3555
3510
2864
1989
1478
1369
1262
1197
850
96
-609
-1028
-914
-963
-1542
-2060
-2354
-2473
-2516
-2459
-2235
-2288
-2699
-3057
-2714
-2013
-1627
-1717
-1887
-1950
-1883
-1535
-891
-440
-458
-838
-1238
-1247
-868
-321
-313
-939
-1701
-1943
-1739
-1406
-1207
-1312
-2049
-2962
-3177
-2697
-2201
-2429
-2931
-3114
-3060
-2934
-2656
-2069
-1634
-1913
-2228
-2063
-1387
-899
-537
-287
-57
-28
-69
176
514
798
706
607
616
766
797
651
377
113
339
551
432
73
-112
39
75
50
209
544
680
285
174
557
1044
1478
1598
1682
1640
1623
1945
2879
3515
3588
3154
2950
3051
3278
3630
3824
3925
3510
2840
2504
2635
2924
2835
2212
1516
1092
967
764
464
153
-132
-527
-916
-1243
-1465
-1619
-1741
-1910
-1911
-1804
-1945
-2276
-2487
-2209
-1674
-1226
-985
-1128
-1395
-1414
-1272
-722
-134
-110
-457
-1034
-1095
-773
-215
57
-319
-979
-1421
-1280
-961
-715
-991
-1455
-2016
-2260
-2015
-1739
-1596
-1949
-2274
-2254
-1962
-1494
-1159
-905
-812
186
1206
1393
338
-968
-993
536
2373
2697
1562
-22
-831
42
1549
2435
1902
942
439
-78
-174
61
794
945
563
90
20
429
573
665
696
1109
1848
2497
2716
2536
1967
1400
1856
2774
3724
4548
4447
3786
3355
3161
3467
4006
4401
4356
3653
3171
3117
2931
2667
2782
2990
2647
2224
1196
689
769
376
-82
-197
-273
-523
-829
-1218
-1341
-1837
-2482
-2311
-1405
-1165
-1610
-2182
-2108
-1098
-782
-1005
-1073
-650
-535
-456
-427
-893
-775
-584
-696
-670
-852
-1019
-1008
-971
-1839
-2712
-2370
-1828
-2063
-2204
-2303
-2926
-2788
-2721
-2830
-2649
-2392
-2099
-1573
-1318
-1450
-1288
-1111
-1120
-691
-194
392
375
-699
-1153
-943
-522
-139
46
-280
-717
-841
-1041
-878
-348
-364
-748
-638
-554
-105
356
-365
-710
-413
-329
-71
607
1088
751
1130
1582
1726
1617
1264
1587
2603
3545
2998
1666
1337
2120
2845
2756
2430
2838
2972
2320
1662
1603
2247
2692
2246
1907
1743
1495
1220
990
833
1126
2004
2317
1429
299
-521
-459
380
912
534
-439
-978
-1152
-1611
-1753
-1576
-1301
-1641
-2406
-3080
-3301
-3007
-3073
-3202
-3100
-2781
-2785
-2948
-2833
-2990
-3346
-3317
-2518
-1766
-1668
-1972
-2203
-2381
-2341
-2210
-1115
-2
-87
-1029
-1837
-1803
-1466
-1164
-997
-706
-518
-960
-1762
-2568
-2488
-1829
-1381
-1334
-1368
-1282
-1806
-2424
-2542
-2209
-1339
-1044
-1021
-1297
-1543
-1477
-1264
-710
-341
-312
168
544
462
198
-96
170
488
335
236
503
1060
1184
604
-204
-212
346
1053
1512
879
263
185
259
595
1344
1513
1336
1113
1405
2000
2325
2464
2197
2344
2815
2963
2979
2844
3156
3170
2650
2320
2356
2800
2949
2645
2045
1519
1380
1256
845
564
377
157
-7
-674
-1398
-1614
-1688
-1389
-1290
-1230
-1195
-1918
-2431
-2279
-1487
-727
-660
-1029
-1054
-1027
-999
-625
-445
-434
-299
-427
-475
-157
-335
-123
460
510
413
207
-380
-613
-242
39
-3
-117
-528
-986
-758
-452
-279
-128
-312
-845
-1019
-811
-277
186
508
515
365
99
-58
285
775
1265
1519
1255
834
724
576
830
1330
1764
1782
1488
1066
732
625
851
1139
1497
1313
801
401
508
537
694
1073
984
751
680
453
284
651
1068
1379
1497
1594
1896
1843
1625
1824
2133
2449
2420
2195
1984
1970
1876
2022
1949
1851
1610
1353
1081
472
102
132
-220
-579
-786
-1077
-1473
-1941
-2193
-1832
-1497
-1589
-2176
-2565
-2834
-2942
-2630
-2078
-1681
-1739
-2207
-2518
-2466
-2234
-1777
-1475
-989
-729
-923
-1437
-1803
-1730
-1162
-604
-377
-640
-1266
-1717
-1835
-1652
-985
-589
-886
-1535
-1923
-2030
-1790
-1679
-1674
-1478
-1381
-1336
-1345
-1410
-1459
-1288
-917
-573
-93
135
-111
-278
-108
109
365
463
702
754
966
926
761
734
587
1059
1592
1614
1283
811
281
188
466
1090
1522
1176
585
51
303
921
1635
1962
1712
1333
985
1088
1736
2360
2624
2589
2364
2296
2410
2403
2560
2637
2527
2314
2103
1818
1473
1245
1167
1237
1337
891
15
-542
-774
-942
-1104
-1192
-1591
-2117
-2516
-3033
-3009
-2710
-2649
-2548
-2489
-2577
-2435
-2336
-2633
-2774
-2454
-1969
-1588
-1206
-1352
-1298
-1215
-1252
-1134
-930
-748
-694
-670
-634
-576
-540
-757
-563
-40
-137
-302
-501
-775
-993
-1057
-763
-619
-393
-541
-690
-615
-585
-346
-76
-174
-240
-409
-584
-519
-323
69
168
-59
-413
-696
-868
-858
-769
-502
-434
-619
-1161
-1501
-1335
-923
-664
-427
-348
-603
-814
-888
-656
-300
151
373
345
240
212
449
668
729
814
1066
1412
1336
1023
1028
1524
2078
2334
2399
2155
1857
1788
2054
2476
2494
2307
1867
1456
1307
1544
1915
2014
1684
1139
564
210
232
366
663
795
407
-370
-1344
-1889
-1861
-1087
-354
-335
-987
-1760
-2084
-2054
-1249
-346
155
114
-554
-1247
-1611
-1520
-1424
-1028
-318
-206
-303
-876
-1455
-1407
-908
-262
14
-150
-526
-848
-1022
-1000
-667
-450
-293
-197
-276
-147
-94
-96
240
477
722
1066
1292
1175
958
868
963
1001
928
855
785
758
680
689
931
1285
1180
796
715
846
1165
1388
1020
449
60
1
386
759
951
748
240
-180
-270
103
553
803
972
751
622
844
1063
1357
1594
1633
1511
1500
1502
1590
1766
1835
1883
1999
1988
1869
1815
1518
1192
921
722
665
710
519
232
164
114
13
-54
-239
-596
-756
-884
-975
-925
-870
-922
-1206
-1433
-1393
-1075
-1064
-1174
-1387
-1709
-1763
-1490
-1180
-1061
-1137
-1529
-1601
-1274
-1216
-1233
-1143
-1375
-1713
-1838
-1607
-1138
-956
-925
-1086
-1124
-984
-916
-890
-930
-1060
-981
-503
-117
-73
-374
-501
-203
166
289
499
301
119
164
342
803
1216
1267
1190
1147
920
733
833
1061
1207
1428
1267
1048
1080
1115
1026
1067
1157
1251
1173
959
723
741
1039
1346
1415
1323
1354
1294
1181
1225
1463
1629
1617
1638
1697
1884
2064
2155
2171
2051
1875
1704
1894
2081
1835
1529
1133
874
948
1188
1206
1017
642
268
-39
-349
-382
-315
-293
-707
-947
-1082
-1221
-1329
-1394
-1254
-1240
-1533
-1884
-1953
-1826
-1656
-1622
-1584
-1570
-1505
-1264
-1074
-1194
-1531
-1692
-1553
-1470
-1533
-1743
-2076
-2136
-2129
-2001
-1739
-1490
-1539
-1736
-1981
-2129
-1766
-1528
-1379
-1374
-1462
-1879
-2296
-2070
-1574
-968
-804
-740
-703
-791
-640
-430
-98
123
153
-48
-273
-502
-505
-229
132
511
494
152
-215
-175
-65
216
521
395
118
3
-208
-160
123
280
363
121
-21
-236
-272
-230
-91
109
285
514
484
388
558
754
914
1174
1266
1398
1205
963
1064
1239
1496
1574
1375
1238
1130
1152
1140
1403
1424
1124
923
633
506
379
347
380
305
-77
-616
-964
-1069
-847
-520
-546
-714
-826
-889
-768
-544
-520
-605
-767
-746
-677
-460
-413
-498
-611
-604
-642
-758
-895
-854
-797
-882
-867
-880
-919
-809
-813
-770
-643
-680
-854
-1176
-1324
-1361
-922
-448
-66
-136
-266
-257
-97
265
416
575
712
801
889
1008
1165
1480
1653
1758
1910
1708
1622
1524
1373
1327
1406
1382
1326
1279
1100
961
836
781
664
577
477
493
619
631
513
395
413
434
502
743
800
639
466
363
299
425
680
1026
1334
1422
1482
1512
1588
1498
1565
1658
1655
1493
1216
1083
968
769
492
326
321
206
70
-90
-291
-442
-731
-812
-892
-1143
-1128
-1143
-1115
-1137
-1070
-918
-966
-837
-688
-572
-552
-757
-991
-1051
-908
-662
-521
-435
-386
-445
-475
-473
-184
-28
-103
-268
-528
-557
-581
-581
-706
-752
-872
-1090
-992
-763
-444
-318
-487
-794
-804
-378
32
172
75
65
205
366
496
789
736
708
681
764
905
934
1040
972
1168
1367
1531
1514
1332
1134
800
735
895
1048
947
677
602
545
615
547
356
475
756
928
806
618
536
680
867
1189
1412
1384
1324
1098
914
952
1150
1394
1591
1457
1080
911
1014
1213
1301
1255
1081
767
419
291
248
300
228
-60
-259
-567
-950
-1258
-1361
-1331
-1234
-1281
-1419
-1474
-1667
-1599
-1432
-1245
-1246
-1366
-1485
-1556
-1582
-1592
-1305
-972
-749
-819
-866
-819
-756
-693
-731
-772
-813
-772
-757
-730
-806
-862
-874
-980
-1212
-1370
-1287
-1217
-1312
-1313
-1170
-917
-860
-974
-877
-682
-426
-255
-204
-277
-323
-483
-293
52
529
795
682
694
752
941
1071
1248
1314
1385
1268
911
696
861
950
866
686
385
318
39
-354
-496
-566
-479
-402
-358
-390
-440
-713
-741
-575
-394
-343
-583
-342
-191
66
448
686
984
1001
1096
1135
1219
1338
1215
982
870
845
952
1100
1068
999
863
521
194
27
-102
-220
-372
-538
-812
-1085
-1167
-1105
-1100
-1168
-1309
-1377
-1589
-1408
-1197
-1018
-824
-780
-680
-629
-402
-150
121
262
322
187
79
22
164
399
256
84
-95
-66
-201
-320
-365
-376
-315
-241
-247
-464
-787
-1026
-1016
-918
-762
-807
-1013
-1174
-1096
-830
-445
55
278
386
342
366
412
556
691
830
1028
1232
1416
1432
1402
1350
1372
1416
1533
1619
1609
1349
963
692
668
675
686
619
445
157
-54
-465
-637
-558
-421
-280
-174
-159
14
64
-46
73
368
784
656
613
696
739
851
972
1116
1273
1327
1235
1064
906
748
663
713
729
615
305
298
215
33
-148
-461
-675
-943
-1215
-1369
-1428
-1497
-1592
-1514
-1382
-1306
-1267
-1241
-1311
-1493
-1378
-1177
-906
-654
-558
-602
-666
-686
-513
-190
113
167
-34
-232
-163
51
201
207
228
134
-144
-446
-794
-926
-860
-890
-1007
-1034
-1077
-1109
-1026
-832
-628
-566
-594
-620
-599
-357
13
188
364
641
848
1081
1382
1665
1728
1585
1579
1618
1774
1847
1738
1752
1858
1954
1740
1669
1611
1416
1259
942
826
694
506
194
31
-40
-14
-161
-378
-436
-670
-583
-403
-185
-4
44
128
321
565
727
787
694
698
717
773
771
841
993
1154
1123
988
1028
871
614
324
176
66
-30
-291
-696
-938
-1024
-1096
-1256
-1285
-1368
-1495
-1677
-1726
-1650
-1441
-1332
-1294
-1177
-1116
-1014
-908
-803
-586
-496
-339
-428
-274
-89
-126
1
32
112
8
-96
-343
-347
-280
-322
-321
-489
-525
-549
-584
-588
-699
-648
-695
-684
-685
-594
-665
-566
-516
-426
-184
-33
125
76
65
356
579
901
1136
1279
1440
1438
1699
1596
1524
1597
1547
1387
1304
1262
1145
984
835
750
654
530
392
178
-106
-305
-425
-610
-724
-913
-1006
-1090
-1053
-975
-941
-903
-917
-885
-975
-851
-745
-667
-472
-408
-302
-169
-97
-19
98
264
287
121
-3
3
13
68
97
1
-215
-586
-867
-1075
-1120
-1301
-1544
-1819
-1924
-1897
-1814
-1668
-1647
-1703
-1948
-1966
-1811
-1470
-1289
-1220
-1214
-1379
-1344
-1241
-856
-630
-584
-393
-358
-214
-195
-81
160
277
463
447
260
255
210
144
125
45
87
-23
-138
-258
-311
-189
-62
-22
-85
-59
-38
35
94
78
159
296
497
814
1144
1238
1338
1445
1543
1884
2092
2311
2337
2144
2015
1912
1913
1886
1745
1631
1484
1109
782
648
661
564
229
-157
-449
-559
-669
-791
-817
-967
-1125
-1203
-1122
-889
-648
-582
-511
-381
-282
-236
-29
138
280
480
565
567
548
631
603
633
590
582
577
414
373
196
-40
-160
-326
-351
-482
-674
-919
-1159
-1241
-1431
-1490
-1500
-1303
-1275
-1426
-1412
-1382
-1205
-1025
-875
-829
-818
-757
-642
-442
-228
-65
66
142
173
224
310
314
433
379
387
410
255
157
82
74
-79
-266
-448
-600
-680
-714
-762
-731
-722
-681
-833
-790
-666
-642
-587
-534
-321
-228
-253
-180
87
510
806
999
1141
1113
1294
1457
1559
1653
1697
1651
1528
1487
1407
1376
1195
986
1017
955
881
642
479
383
316
336
273
219
22
-38
-129
-44
84
169
269
221
248
429
695
921
1073
1082
1016
950
1010
1069
1095
1003
972
1000
937
881
767
578
381
136
163
246
243
55
-274
-456
-550
-505
-618
-906
-1004
-1143
-1210
-1186
-1136
-1051
-990
-1012
-897
-582
-261
-164
-255
-146
-30
251
474
512
523
431
560
619
492
397
368
287
170
238
157
128
-62
-285
-331
-366
-352
-702
-767
-728
-827
-887
-860
-723
-667
-522
-369
-83
130
152
194
331
644
959
1222
1358
1505
1662
1679
1738
1791
1882
2025
1949
1812
1727
1678
1659
1531
1478
1284
1141
967
723
516
295
23
-173
-115
-189
-334
-588
-816
-956
-971
-829
-695
-586
-668
-783
-931
-769
-548
-475
-481
-706
-721
-768
-729
-581
-493
-370
-328
-422
-406
-473
-484
-526
-559
-650
-663
-770
-1071
-1125
-1270
-1314
-1308
-1315
-1307
-1411
-1532
-1502
-1396
-1395
-1387
-1317
-1267
-1151
-1111
-969
-811
-655
-493
-458
-394
-430
-358
-304
-126
-150
-50
97
112
113
174
111
-134
-172
-150
-81
-120
-133
-165
-309
-318
-355
-363
-405
-536
-559
-624
-612
-442
-183
-46
26
35
162
231
327
406
456
471
357
426
582
753
860
908
962
1037
1058
1059
1057
932
782
687
525
502
526
525
324
170
-109
-280
-326
-511
-704
-782
-763
-880
-903
-913
-907
-902
-960
-983
-965
-917
-839
-810
-593
-413
-229
-110
-71
-73
-123
7
-47
-64
-19
-27
-18
-160
-183
-187
-348
-422
-716
-878
-938
-1049
-941
-984
-980
-969
-931
-907
-887
-884
-1011
-1036
-1177
-1171
-1047
-945
-747
-641
-536
-341
-18
126
275
441
470
615
678
877
976
1091
1048
1080
1068
996
880
760
770
702
733
689
598
465
396
224
72
137
213
210
43
-96
-59
80
126
184
271
373
493
533
489
507
524
728
904
1092
1369
1405
1479
1465
1509
1507
1514
1413
1214
1078
888
806
729
670
683
473
277
126
-12
-88
-166
-221
-195
-214
-284
-326
-268
-66
-31
51
46
150
346
489
619
694
776
831
903
920
955
1102
1077
916
761
822
860
850
702
603
419
452
487
410
260
53
-169
-278
-331
-331
-270
-435
-540
-655
-676
-604
-577
-579
-621
-484
-360
-270
-190
-151
23
287
558
602
572
462
443
460
539
601
715
648
550
655
659
724
714
581
514
376
331
336
167
142
149
306
255
140
87
54
159
44
88
259
320
368
527
664
724
791
737
848
750
753
682
563
454
318
444
640
604
377
275
34
-173
-401
-478
-474
-640
-761
-834
-886
-976
-1061
-1085
-1106
-1289
-1371
-1306
-1179
-1181
-1088
-971
-843
-666
-568
-464
-471
-388
-271
-172
-170
-277
-276
-289
-218
-144
-8
58
-32
-186
-318
-362
-453
-457
-506
-514
-609
-610
-567
-671
-740
-799
-788
-852
-1008
-1121
-1133
-1116
-1012
-933
-788
-658
-530
-457
-443
-411
-308
-292
-323
-276
-102
83
261
207
274
314
232
321
280
231
131
147
86
153
90
-17
-137
-285
-270
-193
-166
-181
-218
-269
-107
77
310
512
482
457
459
453
389
398
662
732
770
802
890
972
898
662
652
685
708
696
524
378
356
231
220
273
184
167
-14
-219
-299
-369
-438
-403
-485
-475
-570
-716
-676
-813
-748
-682
-678
-717
-661
-659
-586
-417
-262
-139
-124
-194
-265
-297
-430
-306
-272
-126
-104
-139
-178
-154
-160
-267
-283
-419
-507
-675
-737
-734
-799
-707
-616
-573
-581
-648
-706
-688
-662
-587
-554
-559
-527
-530
-433
-113
118
158
188
176
13
10
71
131
370
385
393
340
286
261
268
384
201
120
-114
-137
-111
-215
-118
-57
-40
-116
-12
-106
-150
-113
-56
4
32
232
309
342
342
384
396
420
504
462
464
546
641
795
885
941
1038
1095
1063
1062
1050
1019
960
869
857
789
827
747
654
490
361
222
81
-91
-406
-502
-346
-435
-481
-522
-717
-729
-781
-651
-704
-719
-686
-781
-775
-717
-549
-371
-338
-339
-229
-245
-197
-207
-275
-280
-320
-410
-332
-314
-290
-196
-315
-332
-339
-423
-591
-553
-549
-557
-570
-544
-420
-354
-323
-438
-386
-298
-371
-283
-195
2
185
300
493
547
718
892
947
966
954
966
1021
1027
1057
1127
1160
1185
1085
1013
984
900
759
720
661
682
700
712
608
554
507
215
183
15
-159
-153
-177
-97
28
104
147
248
275
355
249
94
51
21
61
131
193
262
475
501
616
650
515
522
330
250
88
174
159
73
-46
-172
-231
-392
-445
-555
-664
-778
-890
-923
-1067
-1051
-947
-935
-904
-947
-967
-1016
-995
-836
-745
-807
-724
-688
-670
-580
-561
-512
-615
-647
-628
-797
-845
-835
-662
-625
-557
-562
-657
-638
-767
-778
-778
-860
-720
-611
-672
-630
-431
-357
-281
-208
-143
-63
58
102
268
442
598
698
804
967
888
812
715
790
800
744
633
472
623
610
737
711
663
639
570
563
372
290
272
342
444
342
268
215
185
238
134
81
137
191
279
248
294
192
122
190
104
160
164
124
52
42
25
40
-5
-53
26
41
-36
-169
-256
-352
-547
-597
-660
-675
-790
-868
-915
-922
-869
-889
-911
-1111
-1101
-1078
-1157
-1082
-1175
-1150
-1094
-913
-716
-734
-682
-550
-548
-585
-555
-501
-515
-419
-353
-278
-105
-47
47
15
-42
-18
-130
-195
-170
-189
-239
-195
-171
-101
-23
-166
-93
-117
-65
-27
95
102
164
220
241
307
371
480
517
590
696
698
860
917
942
1076
990
938
847
783
722
737
790
837
888
856
697
704
665
662
483
461
447
353
342
321
244
85
47
-57
-89
-226
-323
-401
-496
-313
-333
-231
-193
-221
-129
-95
-11
127
161
224
307
305
113
106
124
8
32
7
155
141
122
102
-31
-170
-357
-385
-476
-555
-533
-560
-564
-626
-527
-465
-409
-348
-299
-257
-249
-277
-246
-266
-76
-109
-60
48
117
242
305
364
421
561
542
658
746
782
582
457
494
457
561
503
500
470
460
483
365
363
353
393
380
374
422
419
403
444
463
552
575
657
597
666
734
771
961
975
1068
1177
1315
1306
1298
1349
1411
1396
1258
1165
1077
935
866
824
666
657
526
498
429
413
318
347
288
234
221
72
113
71
168
174
187
190
283
269
276
331
409
439
478
522
372
347
307
235
276
310
280
318
243
248
237
270
130
-2
-65
-212
-263
-339
-488
-598
-551
-572
-664
-761
-797
-781
-792
-803
-879
-788
-658
-521
-403
-263
-171
-196
-201
-206
-182
-129
-212
-233
-214
-201
-122
-88
-49
3
92
188
99
143
162
-12
-60
-75
-73
-252
-221
-128
-251
-430
-592
-501
-454
-289
-207
-253
-160
-230
0
-34
-63
100
55
161
219
199
242
291
235
44
-24
-64
-59
-37
-134
-147
-213
-271
-258
-363
-310
-317
-344
-309
-369
-342
-375
-508
-537
-398
-407
-394
-412
-322
-245
-256
-194
-175
-112
26
99
116
93
146
100
198
197
168
2
-100
-110
-198
-123
-219
-190
-198
-158
-153
-85
-214
-204
-142
-167
-164
-285
-318
-342
-370
-226
-168
-249
-271
-352
-476
-497
-432
-371
-182
64
167
450
562
642
686
629
694
657
675
714
685
646
581
549
546
466
392
358
310
82
15
33
-110
-208
-222
-141
-86
-34
10
-108
-110
-142
-198
-200
-261
-139
-174
-239
-161
-246
-163
-189
-279
-352
-359
-410
-532
-550
-523
-460
-375
-316
-264
-157
-208
-264
-212
-227
-310
-206
-355
-493
-449
-413
-554
-549
-623
-734
-681
-821
-701
-674
-604
-547
-511
-548
-610
-603
-548
-535
-614
-493
-473
-569
-578
-544
-510
-495
-539
-344
-422
-395
-418
-398
-405
-470
-538
-681
-714
-717
-783
-704
-682
-696
-750
-683
-650
-722
-670
-703
-648
-519
-425
-244
-81
-87
-23
31
89
87
185
241
147
211
241
339
312
411
375
303
262
225
164
130
35
42
96
132
266
309
467
493
665
551
477
389
361
409
292
415
554
705
732
693
642
646
613
638
617
744
782
820
963
951
1019
1076
1101
1137
1094
1054
899
913
884
906
915
843
836
720
527
292
163
189
49
-172
-237
-256
-208
-107
-165
-232
-313
-367
-466
-412
-311
-335
-255
-158
-88
-80
-9
53
-25
80
-9
-3
156
73
108
59
59
128
221
285
204
143
-32
-213
-298
-241
-356
-355
-346
-335
-243
-49
107
157
206
242
382
348
456
319
369
394
264
361
300
309
219
92
47
-16
-91
31
85
159
289
334
386
317
336
341
260
262
178
58
50
60
-11
-82
-110
-150
-179
-129
-65
-57
-9
63
102
185
265
381
433
414
535
627
753
864
879
991
935
906
913
844
841
692
613
515
265
64
-49
-200
-201
-214
-240
-300
-359
-303
-284
-264
-285
-360
-390
-375
-391
-436
-465
-410
-350
-309
-236
-233
-157
-144
-106
-67
-48
-60
-95
-84
-103
-86
-82
-102
-128
-86
-72
-76
-6
-155
-180
-181
-146
26
-73
-168
-143
-56
-52
-42
-30
-44
9
-34
-69
41
104
128
238
266
259
176
215
224
286
351
283
289
245
139
176
156
300
335
334
289
267
210
210
202
151
95
26
4
-130
-134
-203
-129
-87
-20
87
119
65
42
27
45
-159
-171
-313
-339
-239
-378
-332
-408
-344
-356
-390
-326
-363
-481
-393
-437
-463
-573
-522
-370
-539
-572
-648
-662
-745
-761
-891
-921
-930
-975
-979
-1114
-1109
-1138
-1210
-1168
-1135
-1071
-1001
-1085
-996
-1012
-992
-1063
-1064
-1055
-1055
-958
-1005
-1049
-972
-847
-800
-711
-632
-542
-516
-594
-714
-729
-773
-754
-702
-638
-667
-649
-520
-524
-454
-402
-415
-563
-501
-507
-355
-253
-229
-184
-198
13
33
131
237
232
287
283
422
560
668
764
703
732
754
881
944
963
1081
1040
1130
1206
1217
1282
1235
1232
1124
1043
1122
1145
1063
1101
1144
1270
1216
1098
1027
984
901
838
785
872
912
860
890
931
995
1004
1021
883
747
714
630
596
622
525
378
306
257
206
98
192
269
158
144
3
-32
-161
-166
-157
-95
-188
-366
-335
-455
-428
-368
-450
-353
-361
-349
-324
-301
-240
-349
-427
-468
-487
-400
-319
-240
-259
-259
-163
-232
-292
-276
-334
-325
-263
-261
-205
-218
-194
-203
-261
-238
-215
-284
-455
-410
-491
-441
-400
-460
-371
-288
-252
-305
-256
-207
-45
-17
43
-32
-135
-11
-52
-79
-18
12
24
19
94
9
42
186
193
177
156
66
188
186
224
234
33
-3
-93
-144
-47
-129
-100
-126
-40
33
14
9
-27
86
-145
-84
-9
-179
28
45
121
310
293
240
325
367
223
196
312
251
140
23
-41
28
16
-19
77
96
16
104
109
48
63
13
-24
-21
84
130
139
148
189
219
295
262
347
300
354
463
529
686
562
490
487
581
592
533
350
249
233
86
187
194
272
325
306
356
275
301
208
201
117
205
222
188
208
11
36
-71
-142
-167
-138
-99
-185
-164
-291
0
0
0
0
0
0
0
0
0
0
0
0
0
0
0
0
0
0
0
0
0
0
0
0
0
0
0
0
0
0
0
0
0
0
0
0
1
0
0
0
0
-1
0
0
0
0
0
0
0
0
0
0
0
0
0
0
0
0
0
0
0
0
0
0
0
0
0
0
0
0
1
0
0
0
0
0
0
0
0
0
0
0
0
0
0
0
0
0
0
0
0
0
0
0
0
0
1
1
0
0
0
-1
1
1
0
0
0
0
0
0
0
0
0
0
0
1
0
0
0
0
0
0
0
0
0
0
0
0
0
0
0
0
0
0
0
0
0
0
0
0
0
0
0
0
0
0
0
1
0
1
0
0
0
0
0
0
1
0
0
1
-1
0
0
0
0
0
0
0
0
0
0
0
-1
0
-1
0
0
0
0
0
-1
0
0
0
0
0
0
0
0
0
0
0
0
0
0
0
-1
0
0
0
0
0
0
1
0
0
0
0
0
0
0
0
0
0
0
0
0
0
0
1
0
1
0
0
0
0
1
0
0
0
-1
0
0
0
0
0
0
0
0
0
0
0
0
0
0
0
0
0
0
0
0
0
0
0
0
0
0
0
0
0
0
0
0
0
0
0
0
0
0
0
0
0
0
