0
0
0
0
0
0
0
0
0
0
0
0
0
0
0
0
0
0
0
0
0
0
0
0
0
0
0
0
0
0
0
0
0
0
0
0
1
0
0
0
0
-1
0
0
0
0
0
0
0
0
0
0
0
0
0
0
0
0
0
0
0
0
0
0
0
0
0
0
0
0
1
0
0
0
0
0
0
0
0
0
0
0
0
0
0
0
0
0
0
0
0
0
0
0
0
0
1
1
0
0
0
-1
1
1
0
0
0
0
0
0
0
0
0
0
0
1
0
0
0
0
0
0
0
0
0
0
0
0
0
0
0
0
0
0
0
0
0
0
0
0
0
0
0
0
0
0
0
1
0
1
0
0
0
0
0
0
1
0
0
1
-1
0
0
0
0
0
0
0
0
0
0
0
-1
0
-1
0
0
0
0
0
-1
0
0
0
0
0
0
0
0
0
0
0
0
0
0
0
-1
0
0
0
0
0
0
1
0
0
0
0
0
0
0
0
0
0
0
0
0
0
0
1
0
1
0
0
0
0
1
0
0
0
-1
0
0
0
0
0
0
0
0
0
0
0
0
0
0
0
0
0
0
0
0
0
0
0
0
0
0
0
0
0
0
0
0
0
0
0
0
0
0
0
0
0
0
-7
-22
57
21
-4
60
85
224
201
161
227
222
243
249
165
168
242
123
199
223
-25
-96
-190
-296
-144
-228
-168
-205
-235
-139
-166
-37
-221
-77
7
125
231
294
322
159
26
59
69
3
30
31
32
23
-59
-107
73
39
-30
-37
-215
-189
-258
-151
-120
-239
-237
-499
-500
-781
-841
-780
-911
-725
-710
-567
-527
-435
-425
-349
-121
-116
27
29
-27
-159
-394
-493
-470
-488
-403
-192
-206
-189
-50
-15
-125
-219
-271
-347
-339
-483
-444
-451
-555
-396
-363
-179
28
207
417
588
634
687
652
495
558
591
725
746
683
734
673
570
577
735
681
675
627
515
605
356
477
614
648
888
716
615
518
254
185
98
131
92
85
182
282
328
371
483
469
365
346
355
397
382
459
394
335
380
524
608
610
656
603
639
409
321
297
325
471
530
684
598
489
367
218
24
-70
-138
31
2
-41
-28
-104
18
-61
106
121
237
379
404
506
577
589
557
475
555
376
278
226
104
116
77
147
205
199
265
123
113
268
212
307
337
304
286
102
2
-56
-152
-186
-173
-43
-101
-46
-53
-335
-250
-332
-370
-334
-205
-272
-211
-143
-108
-46
-115
58
66
96
13
24
-76
43
169
124
100
171
117
209
218
257
145
62
13
-160
-113
-183
-78
-4
-110
-95
-29
8
45
124
71
-91
-64
-1
-77
46
121
161
254
242
310
277
295
346
196
127
73
226
220
251
333
302
316
417
304
286
387
202
230
192
128
107
51
-6
-13
-10
77
65
170
219
247
354
259
264
248
284
360
379
410
473
473
369
365
310
248
233
221
288
137
103
146
0
29
17
90
-13
70
141
-109
-202
-249
-371
-348
-150
-154
-188
-283
-347
-425
-440
-433
-369
-303
-423
-399
-357
-413
-434
-428
-429
-403
-562
-460
-592
-595
-585
-509
-478
-524
-563
-621
-686
-751
-773
-736
-807
-792
-881
-973
-983
-1102
-818
-836
-776
-590
-787
-677
-532
-645
-609
-573
-434
-486
-359
-493
-617
-576
-604
-629
-764
-591
-718
-560
-530
-457
-438
-485
-445
-551
-550
-625
-596
-663
-680
-711
-621
-527
-437
-489
-411
-353
-554
-498
-405
-502
-553
-497
-472
-367
-354
-152
-13
31
29
1
-71
32
68
-6
-91
-50
-106
-181
-208
-134
-103
-121
-63
-206
-328
-251
-316
-344
-228
-329
-407
-346
-247
-171
-12
99
328
354
469
480
352
459
451
400
421
417
499
606
573
590
656
800
791
826
843
747
888
881
836
793
828
734
780
808
767
583
618
669
741
818
794
687
730
584
453
534
489
682
675
633
449
481
361
350
281
250
295
191
222
214
210
418
460
427
386
258
174
43
72
47
-7
81
112
181
104
103
74
50
72
20
99
-53
45
145
298
355
386
397
282
323
154
284
341
394
354
389
438
358
214
48
83
16
-86
-59
-121
-220
-386
-385
-414
-406
-155
-36
-50
-29
-60
-73
-174
-178
-150
-10
63
-128
-111
-236
-227
-281
-207
-120
-115
46
8
33
58
59
190
296
381
434
429
437
422
434
480
484
553
626
545
538
497
442
441
304
432
510
299
331
333
424
451
587
782
839
845
894
796
706
684
610
387
459
385
237
366
398
545
493
502
537
641
708
720
767
628
487
549
541
586
543
395
507
492
374
437
385
437
631
678
680
720
649
402
360
211
244
153
86
127
120
300
279
125
44
35
-113
-287
-424
-431
-410
-385
-387
-447
-430
-377
-262
-292
-249
-213
-251
-218
-129
-111
-238
-435
-484
-480
-509
-429
-596
-557
-645
-663
-636
-650
-481
-522
-341
-327
-394
-526
-536
-428
-483
-515
-672
-608
-564
-613
-545
-569
-607
-582
-591
-755
-719
-685
-691
-718
-695
-616
-477
-320
-239
-272
-295
-135
-123
20
-80
-17
18
58
31
66
133
-139
-183
-239
-159
-334
-444
-511
-599
-523
-748
-833
-895
-1123
-1155
-1085
-1042
-1111
-1214
-1053
-1167
-1267
-1126
-1140
-1104
-1101
-1006
-849
-871
-857
-1056
-1037
-936
-854
-721
-728
-718
-814
-827
-786
-846
-892
-986
-989
-1071
-1095
-914
-726
-679
-639
-522
-428
-378
-424
-431
-305
-134
-361
-258
-278
-384
-360
-437
-499
-393
-129
-182
-86
139
126
193
391
402
491
583
529
594
656
744
880
948
952
914
1014
1021
970
938
999
831
780
763
597
700
486
590
521
419
377
202
328
379
299
153
194
207
226
165
138
41
-32
-57
-70
-50
-89
-98
-19
-124
-41
33
-93
-29
-8
71
80
197
230
254
89
-100
-133
-72
-78
-94
-17
-136
-95
-110
-178
-270
-388
-290
-289
-260
-393
-363
-495
-626
-734
-755
-770
-765
-779
-676
-505
-520
-471
-378
-310
-185
-59
-19
4
124
163
178
283
354
469
538
489
510
390
341
311
261
80
207
406
394
390
402
391
291
161
107
131
78
71
155
106
243
244
230
210
172
111
15
-42
-85
-3
-42
-6
-28
33
129
-15
58
155
96
186
196
99
319
192
139
237
187
261
184
251
215
104
178
230
156
239
320
382
495
362
396
322
436
419
393
557
474
598
718
745
775
814
890
879
723
738
784
959
1181
1224
1290
1246
1333
1186
1237
1138
1107
1070
1000
950
849
820
826
894
717
710
676
687
729
618
577
606
649
550
506
530
551
521
500
275
253
199
126
104
33
-75
-96
28
8
7
-6
-191
-157
-114
-186
-298
-357
-257
-364
-351
-380
-540
-560
-522
-551
-548
-558
-716
-686
-708
-758
-824
-1033
-919
-965
-819
-762
-742
-822
-694
-739
-847
-809
-854
-787
-671
-602
-452
-210
-306
-217
-302
-343
-234
-259
-280
-177
-184
-259
-329
-439
-474
-433
-301
-376
-288
-315
-296
-106
-105
-139
-180
-181
-205
-214
-173
-211
-217
-255
-119
-143
-281
-158
-95
-169
-216
-303
-469
-318
-262
-163
-73
-249
-232
-350
-486
-440
-592
-517
-535
-553
-447
-400
-482
-410
-256
-151
15
95
118
20
-119
-89
-280
-365
-309
-446
-421
-553
-435
-390
-380
-452
-503
-359
-293
-45
-87
33
-23
-144
-83
-110
-80
15
96
-64
-4
4
15
-21
-81
-6
89
92
85
60
69
-39
65
179
146
221
268
195
250
323
229
98
57
15
-180
-256
-236
-363
-421
-324
-419
-284
-370
-444
-443
-463
-342
-431
-465
-564
-380
-418
-372
-358
-508
-511
-554
-582
-570
-451
-598
-551
-595
-719
-719
-828
-748
-686
-651
-478
-379
-256
-148
-54
-169
-142
-205
-51
-51
12
152
207
236
191
116
201
250
372
488
360
468
682
883
663
583
568
588
508
480
442
500
454
444
401
412
436
507
522
466
530
326
468
391
410
306
299
365
439
543
438
460
418
288
175
56
3
21
-10
202
289
219
325
243
283
416
329
451
333
207
147
144
12
-90
64
41
197
259
194
196
123
-37
16
137
196
170
276
233
115
147
170
304
341
427
344
345
337
301
406
267
481
535
429
465
327
396
343
256
280
432
442
473
518
595
586
373
390
422
378
244
263
333
399
453
323
332
263
338
266
110
178
-22
-66
-176
-195
-233
-114
-177
-100
34
-18
-83
-154
-111
-73
-55
-200
-129
1
35
-138
-213
-106
-145
-174
-150
-117
-54
-124
-207
-254
-309
-386
-359
-383
-155
-24
-30
46
-37
-2
-12
-122
-119
-25
-25
69
135
153
121
178
347
253
256
325
239
347
211
293
322
441
417
364
393
460
526
457
391
305
354
271
315
437
640
566
475
426
342
367
235
292
227
108
-1
138
138
58
-12
-121
-36
-51
-54
-247
-172
-164
-199
-174
-435
-448
-479
-562
-554
-690
-653
-736
-876
-1045
-1019
-1066
-1070
-989
-974
-1008
-1110
-995
-1222
-1320
-1265
-1411
-1465
-1445
-1394
-1278
-1222
-1112
-1112
-1058
-1055
-989
-1035
-973
-785
-807
-748
-850
-684
-526
-556
-443
-432
-472
-405
-374
-157
-89
-123
-119
-57
-125
-83
-6
-74
65
146
236
258
199
159
368
344
229
253
129
92
130
46
71
-56
-58
-125
-248
-368
-411
-421
-361
-300
-277
-267
-243
-262
-334
-289
-249
-257
-276
-61
46
68
93
-115
-146
-145
-211
-313
-357
-417
-527
-360
-378
-309
-371
-274
-190
-236
-169
-256
-208
-237
-240
-374
-298
-293
-301
-202
-179
-226
-144
-342
-373
-304
-355
-230
-267
-219
-261
-272
-259
-266
-268
-121
51
96
182
301
324
315
295
247
216
323
474
561
609
625
650
695
672
671
685
688
790
884
795
730
762
788
791
959
904
867
817
674
737
632
601
545
499
432
516
385
460
460
394
412
321
455
385
333
413
300
535
430
324
120
75
53
119
198
206
186
133
146
2
8
2
58
-22
-48
-130
-202
-183
-106
-74
-161
60
42
0
-38
-56
-104
-16
-96
-70
-24
-17
5
56
223
227
252
269
307
395
408
427
556
597
463
612
706
579
631
526
668
536
475
460
433
383
405
458
446
438
295
435
414
389
227
250
358
163
167
127
82
152
72
162
347
382
492
639
687
642
684
650
617
733
719
677
613
532
618
529
553
503
428
417
302
186
-44
-32
-239
-314
-374
-311
-213
-357
-398
-336
-320
-272
-318
-342
-238
-239
-114
48
141
235
362
434
495
445
487
525
577
537
432
502
583
470
587
579
487
508
462
466
439
369
512
412
383
362
401
332
345
272
65
238
141
224
270
86
51
-17
-84
-40
-52
-128
-122
-183
-194
-74
-184
-200
-270
-396
-449
-512
-616
-579
-517
-523
-531
-475
-428
-333
-249
-465
-399
-563
-705
-546
-567
-750
-759
-708
-836
-793
-784
-715
-751
-758
-800
-776
-574
-488
-520
-508
-422
-592
-702
-737
-852
-886
-842
-612
-586
-630
-828
-770
-789
-778
-816
-931
-761
-679
-750
-686
-719
-814
-813
-782
-706
-774
-755
-711
-703
-665
-577
-537
-504
-247
-183
-271
-147
-147
26
-25
-35
96
-31
-120
-176
-256
-184
-91
-233
-250
-357
-253
-275
-376
-334
-425
-358
-366
-287
-306
-300
-423
-468
-397
-518
-462
-442
-441
-342
-504
-374
-178
-242
-128
-23
5
179
279
207
274
437
345
397
286
207
212
287
326
361
437
370
493
546
658
711
691
624
663
633
499
560
612
640
711
841
792
713
770
837
795
835
902
858
992
908
886
792
783
947
879
943
927
840
776
729
558
481
443
374
223
127
-20
-157
-230
-243
-240
-200
-171
-314
-303
-345
-379
-355
-419
-407
-392
-344
-270
-206
-278
-279
-182
-89
-87
-151
-181
-309
-317
-391
-431
-540
-438
-436
-471
-341
-419
-360
-218
-308
-276
-360
-342
-379
-307
-356
-373
-326
-322
-398
-409
-230
-193
-105
-45
83
-53
50
49
140
335
414
397
331
295
318
352
312
319
259
249
354
305
323
390
397
351
440
361
219
320
196
224
92
66
-10
18
42
79
134
35
46
-4
-7
-133
-198
-181
28
7
24
160
162
187
285
295
442
464
399
441
378
455
436
418
500
611
585
701
895
804
785
986
996
1004
943
836
815
820
841
756
756
838
755
733
785
945
976
879
891
876
799
737
665
558
515
499
538
565
410
503
494
636
865
850
778
705
572
405
393
296
328
439
395
481
398
291
212
175
105
83
105
217
182
124
166
16
17
-40
-131
-175
-277
-359
-519
-378
-381
-522
-577
-575
-544
-557
-572
-575
-700
-858
-644
-553
-535
-416
-382
-541
-589
-578
-628
-562
-480
-441
-323
-483
-591
-628
-531
-424
-310
-241
-208
-124
-200
-436
-441
-374
-444
-460
-326
-287
-409
-427
-463
-348
-332
-270
-189
-186
-173
-115
-270
-218
-118
-205
-143
-135
-183
-199
-268
-351
-337
-503
-526
-476
-503
-484
-517
-495
-546
-536
-552
-404
-287
-98
-117
-123
-46
-2
31
195
280
288
398
372
313
211
380
477
364
283
215
26
176
262
166
213
213
235
261
373
303
358
414
437
287
128
139
15
71
98
117
71
124
228
299
249
234
258
400
533
443
507
488
398
391
372
274
280
383
396
450
504
742
759
822
813
799
675
508
455
470
407
223
201
143
84
-21
-106
-100
-212
-442
-525
-471
-365
-118
-138
-181
-192
-393
-212
-171
-23
101
167
282
229
201
16
7
-130
-183
-213
-178
-319
-368
-389
-584
-616
-703
-721
-796
-764
-690
-616
-835
-881
-971
-1103
-1134
-1042
-977
-906
-921
-935
-891
-897
-803
-738
-768
-914
-845
-798
-655
-633
-623
-590
-698
-634
-647
-574
-669
-763
-704
-652
-816
-937
-943
-1010
-973
-970
-1084
-1104
-1100
-1184
-1249
-1265
-1175
-1143
-1174
-1165
-1114
-873
-798
-698
-511
-352
-321
-405
-247
-190
-259
-107
32
7
106
141
242
211
165
227
358
436
460
254
296
419
372
455
529
584
658
710
739
703
699
657
658
773
664
607
730
814
810
845
773
624
553
538
455
550
657
742
818
931
827
846
894
837
791
851
938
989
808
874
1001
868
783
675
705
711
644
553
434
311
235
175
102
74
295
429
355
369
316
388
328
406
342
426
644
581
723
635
431
418
462
477
493
412
452
355
260
312
205
207
109
-45
-154
-75
-35
-28
69
32
171
312
322
355
425
477
484
433
384
380
280
310
263
246
243
4
37
-74
-90
-17
-131
-216
-154
-181
-46
-79
-15
-32
-324
-288
-313
-383
-404
-451
-364
-263
-369
-290
-422
-344
-467
-525
-519
-610
-487
-468
-241
-167
-27
-5
-17
-177
-248
-155
-89
60
119
220
232
297
287
225
326
261
90
81
35
47
50
-139
-87
-133
-169
-145
-92
-38
-122
-51
-77
-138
-50
35
-59
-184
-90
-31
120
227
277
520
490
541
692
708
669
813
894
903
857
844
707
645
693
620
578
445
460
569
411
420
368
365
234
135
120
44
-14
-37
-67
-132
-153
-123
-206
-195
-162
-148
-131
-53
48
109
155
48
191
374
286
277
308
337
386
352
356
412
388
315
171
268
264
184
310
328
304
198
273
161
87
175
160
63
-96
-231
-254
-337
-356
-278
-412
-380
-475
-545
-538
-620
-568
-575
-704
-623
-619
-656
-599
-672
-664
-699
-686
-686
-632
-758
-805
-766
-879
-834
-874
-890
-791
-996
-1103
-1190
-1188
-1211
-1238
-1188
-1396
-1303
-1386
-1444
-1474
-1360
-1339
-1194
-1224
-1273
-1160
-1289
-1112
-956
-955
-752
-637
-660
-586
-451
-435
-533
-498
-373
-480
-408
-455
-413
-442
-347
-225
-282
-161
33
47
155
123
38
-42
-66
114
30
18
75
198
78
-32
-36
-3
-45
-18
79
143
85
15
11
10
163
101
186
300
271
91
43
1
-120
-29
-58
-171
-207
-305
-247
-306
-363
-470
-481
-504
-304
-230
-204
-195
-55
62
60
29
-57
-34
76
73
2
91
221
216
316
551
668
710
791
824
904
921
906
958
774
866
855
807
896
982
1008
1078
1041
1031
902
752
916
827
728
735
792
893
801
925
901
849
831
913
927
891
768
579
619
551
596
735
783
623
691
809
679
688
754
804
769
769
580
531
617
598
454
362
279
161
93
-2
-33
-51
-25
-23
-46
33
62
69
126
58
91
103
-37
166
177
291
288
251
247
145
54
63
-65
-66
68
20
116
1
102
62
-16
35
71
225
198
194
187
235
47
102
12
-40
118
147
237
326
269
268
189
48
41
64
145
116
67
149
-27
-137
-118
-173
-110
-35
-127
-45
-47
-154
-54
6
44
-15
125
-30
11
27
-92
-77
-129
-159
-144
-191
-323
-403
-608
-617
-514
-524
-523
-497
-566
-557
-548
-513
-399
-293
-208
-166
-90
-173
-141
-125
-103
-102
-27
-102
-35
-104
-166
-252
-369
-379
-343
-290
-388
-361
-236
-288
-177
-24
34
92
164
149
84
117
65
100
17
-75
-55
-31
-22
-27
85
212
123
18
141
6
66
174
148
114
88
68
42
-4
-173
-296
-278
-355
-298
-329
-354
-329
-316
-511
-525
-511
-507
-436
-417
-409
-410
-385
-424
-509
-476
-329
-601
-618
-652
-821
-889
-899
-1021
-1077
-1056
-981
-876
-847
-932
-1013
-991
-929
-908
-837
-796
-812
-792
-1029
-1029
-1095
-1048
-884
-916
-831
-804
-763
-711
-768
-676
-572
-414
-259
-380
-487
-480
-508
-432
-257
-86
149
153
204
173
197
144
73
196
73
308
376
153
312
302
294
253
286
169
136
113
24
-48
-55
-107
-19
54
101
119
62
71
59
155
118
170
182
341
302
223
160
149
166
6
-56
-54
-42
-104
-33
53
184
146
233
246
265
241
202
231
112
140
248
200
165
93
-26
21
-41
-55
-93
-91
-133
-178
-340
-321
-154
-202
-121
-97
-112
-62
-62
86
162
187
283
329
382
473
547
415
540
540
513
603
596
667
599
639
653
655
483
435
432
438
487
540
579
559
557
532
494
469
484
450
604
691
647
709
755
688
678
710
683
620
597
629
586
512
603
719
582
677
721
705
655
655
718
718
730
593
485
486
391
379
257
166
31
64
126
57
170
106
131
73
118
49
19
82
-20
-35
-27
58
33
-38
-124
-181
-149
-176
-5
-163
-171
-98
-152
0
143
175
198
294
292
226
168
120
24
-135
-96
25
-113
-63
-114
-124
-46
-163
-31
19
-24
-56
-206
-138
-81
181
238
247
359
208
222
122
45
166
128
139
-27
-135
-167
-202
-177
-185
-287
-407
-374
-286
-253
-107
-159
-135
-148
-287
-448
-652
-737
-856
-805
-785
-744
-489
-458
-488
-513
-861
-740
-565
-558
-450
-333
-234
-355
-284
-220
-305
-269
-300
-324
-201
-72
-5
-110
-163
-102
-104
-174
-65
5
74
138
177
187
87
109
-3
26
33
123
99
162
150
102
256
2
102
104
97
133
51
46
125
237
195
225
79
77
52
-115
-72
-46
-19
-25
-76
-8
-57
-126
-152
-337
-281
-259
-182
-110
-94
62
-35
5
-41
-144
-140
-186
-77
74
59
36
-12
134
128
44
29
34
127
197
144
218
169
325
464
284
260
258
189
97
-24
-82
-106
-167
-297
-387
-381
-443
-352
-362
-357
-420
-405
-383
-460
-395
-495
-514
-496
-583
-622
-504
-454
-434
-391
-506
-618
-636
-669
-665
-636
-643
-564
-565
-743
-680
-580
-649
-764
-882
-764
-806
-835
-988
-973
-906
-919
-964
-971
-855
-922
-856
-806
-821
-925
-1039
-923
-843
-714
-668
-490
-551
-642
-575
-645
-632
-658
-514
-511
-496
-417
-403
-345
-340
-275
-265
-281
-310
-146
-313
-214
-138
-139
-124
-75
-144
-193
-98
-145
57
-147
-215
6
-124
-55
5
-56
-38
-29
-193
-164
-61
-173
-89
13
27
85
140
164
80
52
98
109
217
174
206
223
115
68
38
-64
51
263
302
288
255
338
368
404
335
557
528
616
635
614
634
591
669
549
440
468
519
455
607
714
620
717
793
777
686
738
796
825
801
607
698
514
538
541
567
643
606
557
453
451
512
602
596
644
624
632
681
774
871
997
1005
1033
963
1021
1047
937
775
675
654
499
375
359
399
405
345
241
166
134
264
238
106
117
77
129
10
-26
60
44
-4
-172
-203
-287
-295
-398
-676
-577
-420
-470
-490
-412
-353
-486
-540
-538
-540
-494
-374
-384
-446
-366
-305
-349
-457
-340
-349
-376
-245
-213
-147
-67
-117
-68
5
7
-22
-2
112
63
-8
-64
-2
110
141
308
439
490
428
513
521
586
696
731
690
774
725
714
808
679
761
744
765
801
765
783
859
879
799
685
539
493
355
246
237
202
212
260
162
105
162
68
33
104
20
-38
-176
-194
-162
-287
-320
-319
-259
-147
-137
20
-22
-66
-63
-145
-252
-253
-282
-336
-436
-292
-180
-309
-277
-201
-305
-325
-356
-298
-267
-256
-313
-300
-279
-356
-229
-259
-167
-132
-37
56
198
183
219
284
297
100
-11
-6
-157
18
-44
-75
-37
-66
-117
-270
-194
-125
-43
-96
-206
-206
-64
-28
-248
-310
-482
-680
-703
-714
-587
-489
-520
-398
-308
-353
-459
-409
-397
-574
-723
-801
-876
-864
-923
-772
-813
-817
-735
-727
-715
-725
-707
-791
-721
-752
-752
-687
-646
-638
-565
-380
-333
-176
-210
-295
-258
-347
-385
-305
-200
-93
-16
-57
-2
-29
-99
-121
-159
-149
-227
-213
-64
-24
-46
-16
-39
-8
3
-37
76
158
183
239
309
329
277
215
165
99
0
-28
85
177
228
231
254
366
371
303
392
367
440
484
533
674
551
497
453
364
295
292
108
126
152
115
26
-48
-33
-32
20
12
156
137
196
168
281
124
246
322
233
247
254
243
211
348
390
491
378
474
494
423
538
648
646
694
688
681
612
622
492
483
628
660
706
719
709
722
556
335
437
179
128
17
77
221
242
451
395
466
400
411
342
352
375
302
375
253
158
285
265
168
33
-53
-66
-24
109
141
401
409
404
268
111
147
30
-125
-215
-164
-346
-479
-604
-499
-436
-533
-416
-443
-424
-507
-465
-497
-470
-434
-407
-308
-338
-220
-267
-177
-183
-14
-53
-115
-105
-200
-288
-272
-336
-315
-196
-152
-226
-242
-162
-127
-233
-287
-140
-56
-108
-17
-15
-18
0
40
47
165
160
231
338
363
373
365
285
95
179
343
511
641
528
530
592
392
346
172
247
172
262
252
251
460
466
475
398
437
348
326
354
304
266
298
253
196
311
384
235
274
340
265
346
197
234
224
203
249
357
334
248
294
305
260
229
317
307
302
213
344
222
190
217
136
242
224
186
194
211
63
25
13
53
84
139
298
345
257
279
397
478
611
660
645
627
741
746
817
809
746
780
723
723
588
536
299
234
359
275
374
330
300
401
307
333
401
362
410
403
416
322
309
317
189
107
44
237
106
110
123
-124
-158
-361
-341
-374
-379
-388
-406
-422
-524
-640
-690
-670
-718
-819
-822
-779
-808
-682
-596
-640
-659
-737
-924
-1039
-983
-741
-859
-950
-852
-753
-770
-792
-758
-705
-759
-691
-504
-523
-405
-420
-272
-287
-220
-124
-69
-83
-102
-101
-54
-93
-170
-234
-113
-119
-67
-69
-91
-94
-224
-126
-250
-318
-235
-188
-129
-99
-9
205
233
173
219
135
233
145
183
99
56
82
108
112
85
52
122
37
-28
-38
-195
-327
-300
-268
-213
-60
-60
-54
-27
20
-90
-228
-316
-190
-145
-176
-109
-209
-228
-269
-391
-336
-426
-306
-390
-494
-258
-220
-254
-226
-210
-291
-283
-254
-293
-170
-125
-97
0
142
28
1
140
76
122
83
87
17
145
147
65
137
117
134
85
187
102
66
49
-30
88
63
176
238
305
311
396
447
364
239
239
68
-9
-35
-81
-119
-146
-226
-489
-432
-571
-695
-707
-593
-526
-589
-554
-436
-481
-431
-380
-347
-306
-326
-326
-432
-511
-536
-633
-756
-699
-727
-696
-688
-562
-512
-355
-270
-240
-248
-321
-253
-359
-369
-252
-132
-225
-82
32
91
99
102
112
128
216
163
163
287
224
225
401
377
443
505
476
457
442
548
466
472
546
569
680
835
1025
1093
1032
1026
1045
1075
1127
1096
1132
1198
1105
1019
1045
926
814
763
685
628
631
578
654
562
516
447
484
445
277
397
405
373
355
349
255
297
359
371
371
401
303
331
305
252
239
277
359
362
362
166
203
166
75
59
195
342
283
443
462
456
433
441
446
388
511
448
345
309
245
181
130
113
-14
-93
-165
-306
-304
-335
-364
-253
-162
-322
-250
-229
-161
-3
22
14
27
40
160
245
193
69
31
55
-140
-160
-170
-194
-203
-156
-122
-187
-144
-44
40
29
52
6
-82
-193
-372
-367
-460
-449
-479
-341
-234
-108
-75
-181
-131
-241
-258
-288
-464
-425
-523
-537
-601
-696
-811
-773
-805
-689
-471
-502
-445
-419
-482
-428
-566
-625
-621
-734
-727
-782
-753
-837
-772
-852
-817
-793
-725
-668
-659
-543
-542
-488
-435
-490
-451
-394
-396
-286
-239
-177
-193
-63
-8
-17
-38
50
40
104
-19
-209
-145
-248
-321
-463
-467
-510
-535
-510
-643
-673
-694
-815
-834
-813
-932
-761
-704
-655
-565
-364
-338
-213
-179
-214
-181
-185
-3
16
204
166
102
53
38
-89
-115
11
-12
-29
2
88
115
55
62
25
41
-111
-317
-471
-549
-585
-699
-589
-653
-644
-686
-634
-460
-531
-499
-412
-271
-198
-60
-81
27
80
41
190
150
69
105
194
166
321
348
253
311
367
207
74
-32
-46
-23
-130
-160
-297
-238
-235
-128
-69
-86
-41
-173
-312
-288
-294
-303
-335
-167
-102
63
119
114
32
23
109
35
145
145
114
124
79
124
-84
-123
-95
-47
-31
-203
-338
-459
-514
-481
-366
-318
-408
-349
-520
-363
-406
-541
-499
-412
-360
-263
-143
-110
-47
-209
-85
-130
18
314
391
481
530
510
570
634
729
715
678
717
666
728
773
694
649
678
592
553
693
580
580
553
559
316
316
325
176
460
370
276
197
200
170
200
99
42
161
203
271
244
262
365
332
278
287
208
277
142
49
94
137
157
83
209
256
72
90
-3
-176
-173
-330
-321
-236
-281
-255
-232
-204
-291
-124
-150
-166
-43
-110
-89
-151
-112
-306
-287
-295
-357
-300
-354
-299
-305
-175
-181
-138
27
-88
-61
-81
-40
24
72
165
85
20
87
64
147
235
298
288
304
325
379
481
527
493
583
642
595
489
499
443
478
436
320
377
436
473
311
439
488
447
417
354
312
248
133
97
85
35
20
-17
-12
21
-107
-129
-328
-426
-445
-427
-279
-222
-39
-78
-97
-13
69
76
55
62
234
391
402
441
480
395
433
392
259
307
315
225
138
227
176
80
140
196
-35
146
255
145
250
152
145
109
-32
47
102
-29
57
-27
-36
107
147
165
102
125
147
187
141
83
172
203
237
51
-232
-204
-160
-164
-165
-100
48
-50
-121
-162
-2
-305
-278
-306
-453
-264
-299
-285
-286
-357
-423
-401
-524
-612
-782
-730
-782
-808
-843
-793
-733
-840
-723
-793
-771
-760
-880
-990
-983
-1036
-962
-927
-935
-779
-867
-886
-743
-842
-774
-683
-579
-633
-641
-559
-489
-368
-293
-284
-153
-165
-100
49
97
72
21
122
118
161
267
309
347
407
465
341
486
465
549
693
677
772
713
597
545
574
543
461
410
520
568
695
692
672
527
531
531
620
540
470
502
478
378
336
445
404
245
368
385
231
174
105
67
42
-53
-178
-139
-333
-279
-345
-272
-238
-151
-150
-221
-370
-514
-555
-677
-756
-682
-661
-686
-622
-591
-525
-522
-349
-403
-366
-305
-110
19
-66
110
62
102
127
23
0
-148
-167
-258
-254
-256
-123
-88
76
110
164
298
200
256
82
178
99
-6
149
73
206
313
127
72
54
104
-15
58
172
109
38
144
130
231
235
117
239
246
170
36
8
-32
23
-47
-85
14
-198
-161
-165
-204
-256
-340
-312
-346
-402
-482
-552
-564
-544
-624
-568
-693
-760
-840
-988
-795
-717
-688
-655
-632
-660
-723
-687
-585
-428
-343
-240
-137
-3
51
125
207
152
226
318
431
557
630
837
856
885
921
1006
1035
1121
1107
1137
1113
1133
1240
1139
1184
1100
1141
1016
922
892
804
831
803
916
924
972
922
834
754
652
597
635
809
798
854
824
869
868
935
932
1004
1214
1131
1153
1065
908
1087
1006
1042
1182
1059
1203
1133
980
824
679
452
231
195
186
183
305
331
303
252
51
114
4
48
-23
19
29
-37
-64
43
31
31
109
140
140
161
283
306
353
281
377
406
573
592
597
651
744
538
549
734
608
697
800
683
623
486
378
290
345
302
204
278
193
172
113
12
-21
-239
-435
-368
-359
-377
-354
-386
-432
-323
-368
-347
-341
-450
-446
-499
-509
-678
-712
-802
-876
-856
-965
-911
-918
-865
-876
-883
-846
-1017
-970
-940
-1006
-1019
-1056
-996
-962
-954
-988
-990
-767
-811
-680
-686
-629
-598
-686
-825
-821
-920
-982
-837
-894
-840
-784
-703
-662
-678
-580
-459
-311
-249
-159
-88
20
-57
-1
160
75
67
179
50
31
31
157
201
112
264
313
364
284
345
254
210
230
229
266
301
318
310
464
607
713
678
653
601
473
572
464
549
477
400
408
332
330
174
119
72
-13
-107
-97
-187
-259
-275
-462
-469
-545
-504
-505
-482
-379
-469
-467
-727
-709
-654
-692
-484
-588
-481
-445
-465
-410
-434
-466
-551
-396
-348
-331
-374
-402
-372
-366
-317
-374
-300
-218
-107
-207
-119
-141
-130
-213
-283
-242
-173
-189
-321
-282
-91
7
-4
-44
13
-6
-168
-148
-139
-103
-12
0
0
-35
-117
-14
-258
-269
-283
-337
-282
-365
-310
-357
-417
-465
-444
-509
-544
-570
-692
-701
-702
-816
-972
-927
-849
-846
-788
-695
-664
-439
-418
-365
-359
-532
-461
-445
-433
-374
-327
-320
-364
-293
-448
-420
-334
-312
-332
-220
-52
-51
160
172
221
258
137
133
-60
94
155
147
311
267
189
284
258
421
545
630
676
730
952
1020
1219
1272
1359
1372
1422
1325
1265
1283
1143
1174
1297
1483
1691
1689
1701
1783
1803
1861
1872
1882
1911
1913
1958
1765
1555
1429
1247
1255
1166
1117
1111
1171
1177
1036
1044
959
945
936
959
914
753
679
595
286
88
35
-32
-39
-63
-122
-139
-290
-414
-416
-519
-472
-438
-400
-427
-477
-486
-564
-617
-544
-512
-456
-482
-508
-441
-451
-357
-421
-429
-443
-531
-569
-608
-724
-726
-611
-722
-702
-570
-449
-434
-604
-734
-735
-852
-822
-719
-679
-536
-514
-411
-328
-303
-340
-372
-269
-245
-208
-323
-332
-383
-544
-674
-653
-661
-668
-663
-645
-570
-538
-560
-746
-754
-872
-770
-718
-742
-799
-763
-606
-618
-611
-757
-787
-847
-933
-1167
-1201
-1144
-1185
-1208
-1338
-1276
-1438
-1312
-1147
-1221
-1166
-991
-1078
-1070
-1101
-1005
-810
-754
-676
-594
-328
-406
-365
-329
-390
-318
-217
-158
-68
121
103
9
-28
230
196
299
354
383
447
528
527
607
692
772
794
1035
1098
956
922
853
748
772
899
869
891
931
727
496
479
261
250
249
196
220
232
292
275
314
323
406
534
546
532
680
462
490
477
561
559
495
541
430
349
202
276
34
35
68
-48
-117
-229
-228
-349
-290
-336
-262
-224
-177
-99
-201
-47
-59
-218
-83
21
18
111
-65
-19
6
10
140
75
243
168
154
159
-121
-105
-167
-116
-117
-17
-148
-393
-472
-576
-588
-728
-618
-694
-822
-919
-880
-970
-1037
-957
-1010
-961
-1005
-1077
-1170
-1275
-1388
-1291
-1315
-1209
-1103
-921
-856
-742
-791
-748
-607
-538
-428
-295
-71
-41
-6
31
81
115
321
572
558
450
380
349
512
764
778
884
934
1131
1073
1040
1073
991
1227
1409
1540
1374
1354
1238
1117
1036
1009
829
776
591
279
84
-50
-77
-142
-149
86
32
28
44
162
213
264
414
280
499
506
471
404
343
391
432
401
344
44
-154
-199
-432
-621
-586
-692
-809
-1089
-1313
-1442
-1562
-1692
-1629
-1547
-1723
-1664
-1601
-1535
-1444
-1102
-990
-763
-545
-331
-176
126
961
2137
2646
1983
1619
1778
2094
2505
3519
4011
3609
2868
2032
1961
2433
2855
2505
2471
2567
1392
583
594
557
35
-152
279
239
-364
-1058
-1511
-1940
-1728
-1211
-668
-133
-66
-679
-1086
-894
-61
834
1616
1996
2119
2041
1576
1433
1692
2099
2078
2037
1864
1384
622
-39
-465
-902
-1033
-852
-1044
-1312
-1672
-2165
-2566
-2471
-2084
-1549
-1274
-1273
-1329
-1548
-1422
-961
-336
210
642
802
993
1144
1130
1154
1347
1296
1276
1282
910
555
148
-284
-597
-783
-823
-1030
-1382
-1627
-1890
-2246
-2178
-1995
-1794
-1528
-1148
-1031
-971
-706
-432
3
544
915
917
1062
1286
1429
1541
1973
2162
2052
1949
1809
1602
1542
1435
1343
1292
1054
642
63
-294
-598
-796
-962
-810
-788
-952
-1208
-1276
-1336
-1367
-980
-784
-653
-577
-526
-427
-278
5
56
13
272
369
355
581
628
545
435
455
397
370
478
155
-142
-311
-366
-408
-297
-248
-229
-386
-273
-191
-125
-14
30
54
39
298
330
537
792
838
927
1139
1271
1192
1018
921
839
552
491
696
652
506
259
110
-109
-180
-191
-390
-464
-516
-641
-687
-700
-712
-688
-640
-562
-236
15
300
469
530
572
693
810
810
893
983
1152
1065
1089
1048
1086
973
759
689
792
683
582
379
191
48
-166
-384
-437
-493
-474
-545
-696
-842
-1136
-1043
-997
-1197
-1258
-1221
-1540
-1532
-1249
-1206
-1284
-1347
-1686
-1903
-2188
-2215
-2125
-2124
-2306
-2518
-2740
-2867
-2882
-2753
-2906
-3238
-3720
-4131
-2835
860
2220
-873
-2763
-1899
-407
982
3609
5162
4667
2563
891
1618
4676
5890
5191
5497
6029
3658
1180
2004
2954
1253
9
705
576
-1160
-3153
-4659
-5388
-4795
-3582
-2503
-1873
-2231
-4270
-5550
-4621
-1949
737
2709
3158
2755
2535
2232
2587
4407
6242
6342
5794
5508
4688
3392
2469
2039
1456
1508
1458
729
-772
-2105
-3444
-4530
-4102
-2966
-2336
-2489
-3217
-3951
-4492
-3987
-2460
-489
937
1079
1034
1117
1654
2358
3402
4476
4879
5035
4740
4166
3751
3425
3015
2707
2583
2137
1254
-233
-1206
-2090
-2511
-2662
-2679
-2686
-3021
-3441
-4127
-4277
-3630
-2466
-1378
-734
-472
-407
-478
178
1051
2146
2776
3156
2986
2721
2251
2341
2688
2238
1665
1787
1682
593
-618
-1316
-1827
-2393
-2648
-2583
-2384
-2795
-3403
-3429
-3175
-3169
-2792
-2031
-1570
-1503
-1435
-817
99
782
1148
1309
1469
1803
2183
2206
2685
2328
1554
1118
1057
1151
1274
909
70
-692
-946
-538
-570
-1043
-1274
-1439
-1529
-1133
-678
-907
-1083
-1158
-951
-295
459
436
116
-67
-194
360
1262
970
340
-33
-734
-1413
-1218
-694
-767
-1275
-1687
-1844
-1797
-1921
-2306
-2386
-2330
-2417
-2263
-1898
-1774
-1873
-1855
-1680
-1645
-1262
-694
-222
-290
-521
-829
-487
-401
-402
-382
-142
36
-416
-873
-823
-443
-691
-1034
-1080
-1016
-1075
-1444
-1521
-1144
-1224
-1519
-1391
-1174
-979
-964
-473
-134
-10
671
1816
2539
2775
2877
3062
3363
3964
5126
6315
6696
6490
6256
6240
6332
6573
7058
7157
6531
5636
4859
4498
3997
3465
2761
2024
1305
660
-20
-785
-1315
-1929
-2317
-2433
-2197
-1994
-2161
-2599
-2875
-2537
-1782
-1236
-937
-806
-977
-1403
-1782
-1491
-1072
-1712
-2778
-3338
-3720
-4461
-5011
-5650
-6637
-7970
-9170
-9748
-10358
-11413
-12433
-13153
-12681
-9536
-3047
-919
-6725
-10569
-7272
-1607
3075
7320
9894
9074
5180
2709
6406
14145
17682
15050
14224
15157
11016
5925
7379
10408
7391
3041
2339
1387
-3642
-9393
-12732
-12936
-10949
-9616
-9247
-9328
-11684
-15947
-16930
-12398
-5629
-425
2719
2816
1577
2201
4568
7534
11866
16050
16429
14333
12950
12345
11142
9860
8862
7820
6943
4803
865
-2917
-5595
-8534
-10438
-10047
-8922
-9869
-11971
-13808
-14819
-14371
-11981
-8221
-4993
-3336
-3339
-2751
-923
1651
4526
7435
9270
10209
10217
9445
9037
9154
9688
9491
8638
7395
5587
2754
-7
-1521
-2650
-3796
-4863
-5380
-6239
-7568
-8623
-9171
-9017
-7550
-5409
-3727
-2542
-2080
-2414
-1511
1010
3717
6028
8067
8632
8416
8396
8023
8572
9950
9846
8423
8068
7600
5054
2135
676
-253
-1694
-2746
-3125
-3954
-6110
-8550
-9396
-9056
-8348
-7912
-7147
-6449
-6820
-7330
-5761
-3097
-1345
-1040
-853
-159
1170
2110
3265
4021
3424
2185
1333
1787
2570
2298
756
-1164
-3054
-3761
-3520
-3478
-4386
-5325
-6055
-6392
-6028
-5217
-4605
-4203
-3561
-2284
-239
1580
2069
2258
2906
4142
6237
8348
8954
8157
7652
7473
7295
7619
8571
8326
6277
4319
2919
2100
1269
108
-718
-1359
-2240
-2951
-3433
-3572
-3893
-4376
-4053
-3578
-3006
-1911
-787
-735
-1390
-1478
-751
87
536
794
808
486
-613
-1593
-1094
-453
-989
-2693
-3677
-4317
-5642
-7151
-7878
-7661
-7955
-9099
-10223
-10726
-11558
-12701
-13005
-13275
-13597
-13562
-10016
-2434
1764
-2894
-9158
-8465
-2308
5115
11160
14874
14137
9168
4245
6435
15712
22775
22159
19492
18119
14057
8627
8991
12568
11713
6401
2965
1325
-2659
-8741
-13666
-14993
-13358
-11199
-9781
-9250
-11511
-16647
-19447
-15413
-7031
780
5306
5947
3768
2602
4927
9917
16106
20560
20761
18217
15593
14172
13920
13633
11907
9346
7569
6132
2461
-2287
-5780
-8536
-11161
-11941
-10654
-9787
-11461
-13858
-15662
-15032
-11994
-8043
-3965
-857
564
607
2085
5437
8659
11250
14213
15668
15198
14903
14244
13523
14048
14334
13978
12508
9338
5253
2294
686
-259
-1692
-3013
-4036
-5483
-7477
-8352
-8653
-9223
-8845
-7059
-5147
-4078
-4056
-4735
-4555
-2666
-297
1325
2557
3122
2193
1350
1290
2062
2827
1940
-332
-2444
-4021
-6469
-10060
-12578
-14012
-17329
-20949
-22851
-23599
-21402
-13473
-8212
-15283
-24742
-24647
-15204
-4492
2611
4850
5576
4025
-363
1674
15081
26442
24775
21395
24748
24157
16632
14631
19078
19627
14531
10818
8447
2874
-6932
-15274
-16878
-12828
-11370
-13581
-15562
-18368
-24679
-27732
-23114
-14799
-7295
-1121
924
-865
-916
3234
8653
14845
22403
26679
25272
21517
19499
20390
21938
20755
18455
18008
16299
9503
2313
-387
-1814
-6373
-10220
-10472
-10470
-13457
-17369
-18779
-18287
-17357
-14771
-10827
-6963
-4877
-4302
-3313
54
4422
8747
12395
15005
15788
15267
15568
16343
16733
17449
17151
14532
11226
8256
5167
2142
-422
-2864
-5298
-6970
-8912
-11561
-13644
-14890
-15746
-15301
-13135
-11253
-10644
-10731
-10046
-8345
-5503
-1841
829
1800
3205
4943
5368
5230
6241
7456
7181
5237
3924
3378
1149
-4166
-9272
-11090
-12396
-16708
-20933
-24290
-25491
-17617
-7481
-12370
-25523
-29791
-22026
-10780
-1772
3862
6927
6138
-494
-2739
11062
29269
31058
26101
29686
31945
22902
17655
23616
28019
22951
17069
13930
9768
-458
-12119
-17475
-14112
-11889
-15053
-18085
-20132
-26341
-32299
-30610
-22798
-14384
-7837
-5135
-7561
-8972
-5391
713
7632
16498
22388
21296
16957
16208
18820
21520
21061
18967
18335
17468
12158
5191
2043
673
-4005
-8225
-8445
-8386
-12491
-17782
-20858
-20056
-16572
-14339
-14115
-11715
-9259
-7786
-4161
1099
4355
6451
8817
10955
14353
17809
19377
18602
18218
18607
18090
16102
14171
11641
8730
6210
3525
-337
-3497
-6466
-10073
-12771
-11940
-11944
-14354
-16141
-15746
-15874
-14627
-11637
-9003
-7652
-5905
-3659
-2141
-577
2689
6730
9178
8748
7251
8444
9964
7874
5756
5783
4461
-626
-6394
-8942
-10148
-13835
-19742
-21345
-12334
-3241
-11701
-25247
-27129
-19032
-10494
-3573
1919
5645
4575
-1959
-1852
12742
28522
28188
23998
28518
32084
25188
21356
25840
28585
23766
18142
16094
13986
4900
-8140
-15157
-11571
-8357
-11877
-16878
-20971
-27559
-32476
-29662
-21217
-13376
-8866
-8175
-9487
-6799
-842
4570
9707
16471
21391
23998
23849
22881
23184
24452
23519
20877
21283
23041
18270
8640
2487
324
-2619
-6186
-8430
-9240
-12527
-19069
-23557
-22780
-20442
-19456
-18626
-15982
-13340
-12190
-10450
-5585
274
2749
3502
7088
12502
14489
13748
15019
17803
17241
14550
14056
13985
10676
5656
2697
1210
-1633
-6373
-10478
-12318
-13725
-15816
-18386
-20453
-20964
-20350
-19403
-18628
-17858
-16065
-13928
-11846
-8754
-4928
-2697
-2221
-332
4474
7010
6555
6468
5877
4172
3631
4067
2963
-909
-5940
-10986
-12504
-4036
5489
-1198
-16127
-23090
-19058
-10056
-1855
2022
2264
-658
-8465
-11110
1923
20326
23519
18389
18409
19807
15587
15850
23423
28321
24348
16852
12175
11857
9190
1328
-5918
-7001
-6763
-8847
-9485
-10624
-18389
-27103
-28793
-23102
-13375
-5025
-3037
-7635
-10577
-8452
-2144
6671
16012
19802
18481
16217
16563
19801
22992
22924
21804
21585
20812
16424
11210
8384
5328
430
-2458
-2733
-4310
-8563
-14751
-19240
-19458
-17548
-16303
-14724
-12278
-12169
-13115
-13039
-10273
-4835
1182
4384
5511
6844
7825
7612
8237
12227
16603
17209
14361
10918
8251
7176
6659
4471
1125
-1362
-4460
-8310
-10409
-10288
-11734
-15823
-18664
-17498
-15395
-14268
-14575
-15828
-16696
-15939
-12473
-7423
-4237
-4044
-4067
-3165
-2432
-808
3143
5972
3103
-1728
-2665
-2100
-5153
-8762
-3016
7858
5032
-9929
-17061
-12631
-4536
271
3263
4284
3868
-3398
-9151
-1550
15125
19758
16055
18213
21438
15299
9925
14491
21465
23969
22221
17784
12934
8144
644
-5430
-2926
4133
3419
-2994
-10130
-16624
-22755
-23747
-19240
-10958
-4905
-4204
-9709
-13178
-11710
-6960
669
11567
17926
16589
12493
9983
10334
15332
22609
24793
22595
19634
15602
10285
9167
11822
12606
8453
2919
-1097
-3082
-6085
-9857
-11777
-10726
-10312
-11217
-10867
-8913
-10163
-12889
-11175
-5306
-542
728
160
539
1900
2469
3894
7735
11176
10627
7332
5722
6964
7378
6434
4928
4156
2510
-749
-3927
-5326
-6285
-7577
-9820
-10723
-10306
-10655
-12423
-13588
-13119
-11035
-9544
-9202
-9257
-8599
-7327
-6314
-4459
-2718
-3844
-5682
-4600
-3048
-1879
-2509
-4585
-8077
-7809
209
7267
740
-9228
-12601
-8475
-1414
4955
8399
7933
1882
-6347
-3996
9385
19630
17427
15804
16844
14056
8657
12943
20494
21246
15138
11862
11373
8798
1065
-5591
-6144
-2254
-1193
-3046
-6103
-11705
-19299
-22804
-18994
-11730
-5279
-4162
-8261
-14056
-14455
-9766
-2561
4679
11272
12225
8960
4904
5722
11403
18273
20685
18816
15310
12881
9657
6890
7736
9329
8817
6644
3550
-331
-4040
-7346
-7352
-6090
-5031
-6058
-6744
-8042
-9115
-8724
-5173
-1315
414
-1475
-2721
-867
2273
3670
4207
5861
7281
5720
3508
3606
4346
2385
-1137
-1813
244
446
-3625
-7786
-9356
-9056
-9764
-11289
-12048
-10876
-11247
-13371
-14578
-13070
-11858
-11508
-11357
-10056
-9444
-7850
-5341
-3538
-3849
-5323
-6061
-5426
-4823
-4177
-3953
-5235
-8405
-7835
2365
10487
1516
-9893
-10464
-3309
3095
7982
10286
8744
3214
-4099
-1797
10065
19251
15898
14144
16966
15611
8616
8825
13643
16694
16639
15828
11638
5274
-1084
-5826
-6091
215
5663
2019
-7600
-14847
-17351
-15511
-11414
-6403
-1590
-874
-4262
-7328
-5303
-1797
1138
5019
10652
12424
11004
9084
7404
6022
8108
12572
16188
14603
10068
5383
2204
1605
2762
4849
4529
1053
-4039
-7327
-7071
-5220
-5044
-6348
-7885
-8040
-5844
-3054
-1651
-1010
-421
674
827
1134
3630
6488
6765
4784
2788
3877
5479
5128
4224
4861
4950
1841
-3461
-5501
-4518
-3934
-6091
-8455
-9000
-8917
-12035
-16195
-16114
-12285
-9569
-10258
-11009
-11696
-13073
-13521
-11484
-10475
-9700
-7884
-6369
-7661
-9415
-9780
-9566
-10441
-10433
-7759
-1993
6016
6971
-3704
-11360
-9090
-1463
7962
15190
15496
9680
5176
2832
6938
16704
25057
22735
20076
20030
17698
12801
14126
17273
16458
13808
12546
10308
5519
-1310
-7744
-9544
-6304
-3670
-4461
-5974
-10912
-19162
-24078
-20565
-11549
-2330
-75
-3322
-6615
-4985
-1875
2151
8044
13696
15126
15082
15813
16388
15991
14820
13511
13735
16341
17162
13137
7257
3760
149
-2123
-1622
-112
-1991
-5221
-7529
-10279
-13651
-13926
-11163
-6711
-4506
-5829
-6868
-6356
-5522
-2549
4598
10561
9087
3668
3011
6939
10393
11655
11226
9690
7959
5145
2960
3416
4489
410
-6298
-8436
-6051
-6018
-8808
-11308
-13707
-17377
-18939
-17295
-13594
-11614
-13293
-16556
-15597
-11338
-7538
-6218
-6378
-7110
-6587
-4441
-2512
-1202
-1535
-5000
-9858
-9952
-6679
-4852
-3493
3202
5500
-5986
-16048
-12698
-1758
6158
8348
7434
5487
2425
-1903
2018
12642
20671
19174
19575
21472
19244
12847
12810
16937
19735
19911
18635
15428
7567
-3201
-9824
-6749
-84
1845
-2137
-8216
-15176
-21646
-23901
-19397
-11263
-5153
-6553
-10552
-10995
-7544
-5532
-1912
5245
11804
12195
11029
11768
13953
16242
17164
16293
16667
17506
15468
12809
11191
10480
6580
1825
-842
-395
-3
-1737
-5473
-8083
-10731
-14277
-13798
-9055
-5771
-6692
-8667
-8328
-6313
-3092
15
1818
3805
5855
6401
6878
7980
8121
6503
6359
9076
10396
8785
5601
1060
-2994
-4020
-3088
-3097
-5331
-9137
-12844
-14604
-15346
-15053
-15007
-15499
-16542
-16636
-15494
-12746
-11093
-11186
-12396
-11300
-6959
-3391
-2927
-2382
-1752
-3185
-5523
-4330
-812
-959
-5176
-6195
1716
9392
1884
-10267
-10512
-2599
4232
7469
9849
7725
3456
-2854
-1324
8488
20121
20146
16345
16769
17199
12004
10224
15650
21144
21321
17607
12971
7662
1876
-4321
-5311
-625
3375
-986
-9536
-16640
-19466
-20272
-18566
-14700
-9304
-8173
-11215
-13823
-11413
-8112
-4550
920
7276
10192
9059
8062
9234
12722
16135
18192
17352
15901
13976
12871
11821
12603
11248
6761
1626
834
1186
535
-1981
-4943
-7611
-11514
-13193
-10237
-5439
-5339
-7042
-7963
-7139
-6458
-4099
-717
3198
4814
4938
4683
4683
5124
6318
8294
10998
11571
9229
4784
1251
-209
1282
2845
988
-3620
-7226
-10029
-12489
-13354
-12356
-11355
-12906
-15374
-16292
-15614
-15541
-15827
-15969
-14618
-13028
-11100
-9559
-8902
-10304
-11022
-10395
-8016
-7181
-6546
-5890
-2899
4201
8604
118
-8717
-6980
1921
10256
15009
14903
10130
4827
450
4402
15939
25001
20575
15442
15333
15483
12513
14580
17824
17269
14906
14052
12266
7945
1231
-4771
-5723
-1043
2675
487
-5943
-13915
-19624
-19048
-13255
-7215
-3527
-5385
-10197
-12934
-7907
-2162
1666
4279
7199
7661
8781
10765
12740
14705
15452
14319
12686
13517
13457
11590
9623
9694
7614
3457
-379
-1742
-1396
-486
-1650
-5491
-8822
-10331
-10529
-9697
-8319
-7318
-6284
-5062
-4938
-4481
-3834
-2856
-1511
1754
5681
6249
3169
269
494
3313
6435
7576
6826
4051
-590
-5213
-6670
-4518
-2418
-3794
-7240
-9347
-12076
-15686
-16262
-13628
-10966
-10035
-11761
-13856
-14596
-14117
-12459
-10985
-9739
-9395
-9159
-9063
-9383
-9685
-9575
-10910
-11676
-9759
-801
10051
8037
-7437
-14717
-8895
4482
14893
20686
17553
9882
819
687
13809
29080
30526
21085
17882
17913
15821
14967
21754
23404
17293
9682
8075
8254
5945
-470
-6315
-7449
-6055
-7179
-9523
-11020
-14496
-20451
-22613
-18231
-9670
-4296
-7006
-12550
-12434
-6295
-1299
3906
9556
11316
7438
7200
11753
17363
20185
19856
16944
13764
13199
14086
12944
10487
9452
6061
1907
-2487
-3685
-4121
-6289
-8717
-8741
-8673
-10267
-12728
-13241
-10849
-9614
-7793
-5022
-2333
-1186
-1076
139
3016
5564
7667
9368
10930
10344
7518
5223
6702
9163
9066
6802
4381
707
-4576
-7848
-7326
-6256
-8249
-11976
-16472
-19412
-20997
-20834
-18802
-17318
-18566
-20482
-19699
-16831
-14150
-12732
-11931
-11817
-10745
-8129
-6498
-5774
-5142
-6759
-8342
-6224
3637
13945
11652
-2270
-9091
-5673
4965
13738
19176
17278
9953
709
-1561
8479
23172
27912
19989
14403
12222
11389
12472
19277
22311
17228
8593
5288
6543
6823
1708
-4101
-5773
-4196
-3981
-5377
-8074
-12927
-18033
-18886
-13879
-5909
-2056
-6276
-11753
-11333
-5161
-99
4103
6875
7505
5913
7875
11114
13763
14920
14448
13996
14982
17028
15033
9779
6461
7219
6235
5106
4338
1677
-5070
-9968
-9499
-6527
-6532
-9535
-11470
-11287
-11338
-11635
-8517
-4902
-3575
-4038
-2116
815
2017
3259
5922
8124
9595
9854
9052
8411
8191
7205
7330
9239
9962
5974
-93
-3743
-4592
-4908
-5005
-5544
-9719
-16150
-20058
-18748
-15619
-14960
-18031
-21267
-21799
-19889
-16919
-14551
-13799
-15023
-15300
-13606
-11671
-9960
-9268
-9962
-10529
-6001
5070
13714
6410
-6821
-10075
-1307
11481
19738
21675
16154
8099
869
4838
18663
31244
28487
19892
15672
13623
10905
13208
19415
19741
14321
7584
3351
263
-1724
-4332
-6853
-6983
-5692
-6403
-10353
-14507
-17426
-18008
-16489
-12470
-5414
-1647
-5150
-10509
-8588
-1223
4719
8527
10879
9869
8357
10575
13903
17121
18539
16782
13588
14218
17320
17148
13000
9379
6197
2842
3095
4396
3531
-1335
-6823
-11276
-11940
-10637
-9264
-9302
-10161
-12130
-12933
-10964
-8866
-6632
-4263
-2287
-1078
178
1542
1857
2722
7149
10684
9664
7293
5784
4504
4151
6065
8393
7142
2440
-2742
-5326
-5416
-5117
-6641
-9552
-12103
-14016
-15885
-16951
-17934
-19065
-19058
-17610
-16415
-15588
-15869
-16486
-17861
-16629
-12932
-10455
-11143
-12055
-12826
-8722
1817
9566
4062
-3718
-3887
3059
10923
17901
20123
16602
11673
8512
13487
24379
31946
27788
23485
22024
19936
17394
22080
26276
21731
12855
7296
5682
4749
2580
-2088
-6808
-9520
-11566
-12823
-12714
-13793
-17825
-22300
-21847
-16486
-9026
-6469
-9025
-11870
-8460
-3179
2407
7673
10762
9694
8456
11200
15716
19836
20263
17234
13073
13942
17362
18784
15481
11266
6653
2415
89
140
1519
31
-5959
-11821
-13528
-13305
-12851
-12594
-12881
-13305
-12883
-11436
-9066
-7025
-5967
-6373
-5041
-633
4588
6071
4868
4217
5586
7352
9971
11835
9743
4813
1824
2658
3954
3357
943
-1951
-5774
-9461
-11809
-12836
-13584
-15123
-16643
-16764
-17810
-20971
-23687
-23820
-21474
-18451
-15170
-13898
-15938
-19576
-19665
-17415
-13233
-9030
-2104
5371
4380
-7122
-10703
-1700
11645
18141
19673
17008
12060
7592
9561
20357
30549
31313
23969
22221
23462
21612
18476
21914
25429
23322
17272
11564
6689
2004
-1351
-2570
-108
-115
-7580
-16945
-19054
-15504
-13525
-14852
-16663
-16769
-14712
-13298
-11291
-6824
-2034
-2255
-2410
2823
9864
11751
10861
12245
15702
19787
20927
18668
15817
16421
17209
17404
17566
15707
9639
4380
2048
1628
1915
1575
-1541
-7382
-13364
-16024
-14020
-11385
-11181
-12841
-15097
-16690
-15957
-11663
-5784
-3330
-4318
-5285
-4640
-1707
3793
7916
7991
6077
6035
7159
8932
10034
8231
5415
4244
3043
950
-138
-1528
-5162
-10280
-12546
-12054
-13427
-18170
-21903
-22103
-21139
-22474
-26067
-27187
-26020
-24031
-23302
-21566
-20515
-20862
-21469
-18704
-9084
2377
4648
-4360
-9362
-4578
7952
17470
23667
22862
17500
9501
8967
17938
29122
31727
24983
19294
17552
18074
19203
22833
23346
19187
12519
7596
4989
3332
630
-2586
-3583
-3894
-6914
-12124
-16577
-18360
-17527
-14203
-11625
-11112
-12175
-14034
-13833
-9804
-3586
183
2011
3427
5190
6438
10007
14148
16428
16869
16637
16516
16402
17190
16347
14996
14216
13495
9713
6192
4272
4003
3458
1106
-1656
-4725
-6913
-8861
-8981
-8660
-8310
-10274
-12222
-12461
-10684
-8781
-7622
-6385
-4443
-2780
-2655
-2119
221
3841
6602
8017
7306
5308
4324
5845
8028
9212
9049
6406
1373
-1732
-734
1165
-360
-4895
-9217
-11318
-12439
-13300
-14784
-16736
-19127
-21955
-22691
-21508
-20499
-20705
-22271
-24218
-24183
-20584
-16673
-11986
-6022
-3783
-9607
-12594
-6885
4629
12084
14507
14273
13505
11471
11548
19171
29294
32246
26387
23559
23640
21918
20093
23137
25799
22418
16767
11383
7204
3856
2300
-121
-2417
-4748
-8299
-12175
-14913
-16234
-18495
-19570
-18709
-16250
-13426
-11643
-12033
-12813
-10936
-7347
-1727
4090
7360
6484
5973
9502
14711
19385
20670
18987
15905
15339
16652
19069
19970
18037
11591
5341
4097
5357
4775
2091
-891
-5469
-9010
-10298
-9134
-8405
-8818
-11716
-14106
-14067
-12141
-10403
-8966
-8102
-8171
-7876
-5750
-2886
-891
1231
3407
4498
4454
5014
5943
6476
6054
5904
6441
6702
4771
1104
-1401
-1284
-1448
-3655
-6016
-7566
-9810
-13543
-16119
-16130
-15483
-17310
-20642
-22890
-22923
-21884
-21668
-22743
-23137
-22202
-17454
-10610
-6709
-9622
-12815
-12466
-5387
3610
10477
11986
10914
9382
8608
13652
24031
32290
30406
25858
23388
23684
25114
28854
30955
27376
21078
16012
14002
12075
9036
4532
1864
74
-3395
-7438
-10820
-13948
-17895
-19226
-17612
-15618
-15384
-16831
-17962
-17043
-12746
-8717
-5417
-2830
-314
1014
3073
6766
10650
14898
17651
17801
16332
17964
19817
19158
18559
19961
19521
14747
9339
6695
6974
6744
4586
685
-3498
-8137
-11496
-12173
-10101
-8785
-10590
-14568
-17015
-16283
-14057
-11571
-9633
-8815
-9144
-9225
-7878
-3731
652
2415
1799
1445
2980
5894
8629
9195
6900
4099
4310
6147
6717
5628
2829
-1573
-5856
-7215
-5717
-5159
-7901
-13282
-17544
-18926
-18936
-20193
-20834
-21406
-22683
-25233
-26750
-26263
-22231
-16027
-12214
-14460
-16848
-15803
-11304
-4175
2825
6930
6480
5334
5932
11268
19309
25976
27004
25766
25566
25568
26156
28206
30288
28991
26330
23875
20609
16084
11441
7567
5818
5583
3184
-3060
-9497
-12829
-13513
-13808
-14260
-15552
-17378
-18508
-17377
-14386
-11679
-10926
-11068
-8397
-3705
727
3175
5047
6379
8670
12541
16363
18076
17953
18564
18559
18899
20235
21019
18507
15106
12965
12151
10383
7933
5323
1216
-1985
-3506
-4824
-7280
-9850
-12131
-13240
-13008
-12443
-12796
-13771
-13687
-13250
-11457
-8935
-7093
-5859
-4495
-2674
-668
1404
1860
2186
3379
6156
8099
8032
6804
4994
4378
5173
6267
5551
2755
-1490
-5102
-7020
-6724
-6725
-8784
-12328
-16537
-19908
-21446
-20579
-19394
-20043
-23061
-25889
-26635
-22979
-16277
-11886
-14915
-19592
-20123
-13939
-4231
2796
4648
1995
363
2003
8988
18230
25089
25470
22874
21964
22281
25216
29377
31022
28325
25058
22606
20450
18520
15370
11188
7349
6177
3620
-824
-5425
-8922
-12221
-14180
-13962
-14310
-15337
-16551
-15851
-14334
-12783
-12325
-11101
-6988
-2389
431
1901
3979
5473
7622
11473
15483
17335
17305
16941
16646
18099
20115
20655
18611
15844
13077
11778
10866
9208
6901
3961
900
-2519
-4444
-5562
-7334
-10267
-11879
-11973
-11852
-12592
-13524
-14452
-14673
-13152
-10852
-8622
-6126
-4562
-4410
-4531
-3615
-956
2646
5440
6180
5606
4194
3049
3152
5822
8734
8959
5420
2
-3589
-3881
-2792
-3061
-4555
-7547
-11526
-16082
-18401
-18169
-17351
-17886
-20049
-22854
-24325
-23623
-19834
-14364
-12600
-17055
-21110
-19573
-10896
-2453
1300
45
-1804
-2154
1072
8712
18229
23368
20970
18221
19112
22733
26321
28825
28449
25747
23535
22191
20741
18186
15309
11790
9193
7471
4423
-183
-4886
-8475
-11139
-12304
-12675
-13678
-15411
-16763
-16369
-14651
-12497
-11602
-10595
-7998
-4934
-2528
89
3291
5444
7553
10435
13072
14125
14894
16176
17410
18870
19507
18320
15890
14839
14881
14838
12650
9286
6126
3297
1043
-21
-616
-2434
-6061
-10156
-11946
-11227
-10234
-10048
-11005
-12980
-15088
-15124
-13063
-9606
-6701
-5709
-6189
-6592
-6133
-4147
-383
2720
3504
2474
1611
1238
1735
3696
5440
4852
1755
-1634
-2912
-2348
-2372
-4496
-6893
-8864
-10914
-13712
-15249
-15920
-16160
-16973
-18831
-21123
-21957
-21888
-19916
-14694
-9891
-12308
-19128
-20996
-13984
-4085
1825
2577
259
-1980
-2535
3182
13778
22246
21365
16939
15881
17914
21004
25101
28608
27637
23800
19922
17910
17157
16967
15356
12138
9375
6676
3075
-1328
-4347
-5838
-6879
-8666
-11036
-12398
-12501
-12504
-12583
-11498
-9759
-8642
-7513
-5562
-3533
-1785
511
3750
7070
9429
10034
9973
10787
13142
15362
17248
18200
16994
14845
13711
14446
15287
14314
11948
9455
6515
3826
2870
2244
561
-2139
-4949
-7127
-7738
-7228
-7401
-9143
-11461
-12676
-12046
-10574
-9101
-8081
-7699
-8286
-8893
-8130
-5097
-1382
485
-145
-1566
-1876
-1261
742
3313
4958
4003
620
-2805
-3907
-2301
-814
-1896
-3982
-7032
-10823
-13241
-12780
-12238
-12513
-14464
-17012
-19531
-20562
-20562
-18887
-13928
-8908
-10941
-18309
-21021
-15930
-6722
-411
2065
492
-2190
-4355
-833
9310
19293
20749
15516
12926
14892
18268
21938
25684
26840
23689
19287
16314
16296
17576
16754
12628
8625
6952
4557
857
-2033
-3449
-5757
-8672
-10832
-11177
-10240
-10843
-12130
-12377
-9858
-8254
-7639
-6320
-4151
-2721
-1681
955
3946
6542
7674
8092
8365
10229
12962
14845
15076
13985
12347
12531
13778
14436
12948
10763
8486
6080
4772
4822
4141
1430
-1003
-3390
-4747
-5025
-4324
-4806
-6918
-9071
-9822
-9449
-8528
-7614
-6838
-6465
-7013
-8214
-8325
-5829
-2970
-1613
-1937
-2652
-3154
-2904
-1764
282
2207
1899
-1158
-4108
-4118
-2526
-1913
-2922
-4444
-6887
-9730
-11743
-11748
-10818
-10195
-10983
-13331
-15808
-17951
-17880
-17000
-14594
-10201
-6719
-10382
-16966
-18258
-11866
-3416
702
1555
-755
-3165
-3924
1827
11509
18522
17194
12244
11536
14906
18592
21127
23704
23432
20598
17618
16571
17502
17724
15552
11430
8726
7870
6205
3015
17
-2141
-4189
-6763
-9217
-9358
-7478
-7576
-10467
-12009
-9772
-7916
-7390
-6245
-4136
-3059
-2883
-1763
653
3385
4818
4866
5601
8265
10645
10716
10290
10496
11651
12365
12787
12689
11907
10681
8426
6606
6553
6932
5520
3169
1457
58
-1393
-2471
-2546
-3084
-4878
-6927
-8307
-8211
-7776
-7678
-8047
-7681
-8029
-8918
-8600
-6451
-4386
-4884
-6277
-6328
-4572
-3686
-3245
-2248
-1221
-2215
-4538
-5166
-3758
-2579
-3072
-4551
-5906
-7901
-9913
-11018
-10218
-9646
-10389
-12285
-14157
-15626
-16069
-15584
-15160
-12217
-8098
-8265
-13574
-16129
-13273
-6081
-1492
379
-405
-2075
-3376
-754
7451
15739
17370
13001
11125
13014
16186
20034
23492
24138
21121
17967
16156
16715
18202
17739
13833
10398
9144
7743
5100
2699
601
-1451
-3314
-5117
-6402
-6402
-6464
-7817
-8291
-6594
-5474
-6122
-5684
-4165
-2900
-1730
-246
1079
2170
3316
3418
3661
6039
9220
10056
9570
9777
10003
9991
9883
10686
11512
12163
10927
8224
6950
6879
6249
5590
6173
5655
3196
708
-831
-1400
-1559
-1681
-3059
-4672
-5543
-6252
-6963
-7374
-7407
-7620
-7876
-7736
-7183
-7453
-8588
-9001
-7652
-5304
-4589
-5427
-6198
-6219
-6437
-6537
-5209
-3625
-3158
-4871
-7151
-8185
-7791
-7955
-8890
-9115
-8928
-9599
-11779
-14149
-15490
-15033
-14757
-13482
-9936
-7167
-10817
-17195
-17965
-11846
-4470
-1290
-1319
-3745
-5895
-5478
786
9910
15607
14364
10304
9119
12314
17513
22154
24177
22532
19414
17167
17002
18405
18996
17376
13447
10447
9111
8135
5907
2780
210
-1131
-3066
-5465
-6131
-5316
-5829
-7964
-8927
-7825
-6387
-5787
-5359
-4912
-4378
-3258
-1511
525
2090
2427
1933
2447
4748
7676
9395
9433
8322
7438
7577
9517
11825
12102
10337
7924
6921
6783
7348
8146
8245
6659
3953
2340
1956
2142
1941
929
-1180
-2831
-3604
-4520
-5812
-6606
-7160
-7642
-7776
-8251
-8523
-8616
-9512
-10689
-10436
-8213
-6866
-7297
-7634
-7135
-7069
-8109
-7989
-6174
-3956
-3905
-5720
-7352
-7528
-7673
-8465
-7975
-6927
-6940
-8735
-11172
-13056
-13659
-13115
-10461
-6959
-6000
-10708
-15870
-16521
-10426
-3976
-1581
-2916
-4935
-6196
-5546
-7
8190
13407
11950
8680
8932
12185
16664
20550
22112
20583
18749
17643
17599
18234
18820
17431
13901
11370
10342
9123
6519
4085
2092
128
-2172
-3801
-4096
-4259
-5407
-7304
-8148
-8095
-7531
-6774
-5383
-5410
-6395
-6295
-4013
-1021
550
667
328
967
2377
4127
6032
8233
8510
6199
5033
6850
9146
10072
9510
8253
6599
5419
5557
6892
8110
7718
5283
2767
1650
1745
2040
1930
700
-1631
-3553
-5003
-5662
-5735
-5422
-5879
-7528
-9333
-9702
-9032
-8826
-9530
-10116
-9450
-8800
-8848
-8948
-8092
-7568
-8232
-8890
-7964
-5578
-4740
-6257
-7989
-7979
-7380
-7236
-7211
-6965
-7295
-8482
-10542
-11719
-11485
-9247
-6553
-5806
-8941
-12859
-13754
-11401
-6048
-2776
-2958
-5870
-6895
-5745
-2368
3294
8989
10802
8484
7304
9666
13583
17838
21193
21294
18887
17576
18265
19314
19597
19306
17655
15302
13310
11632
10065
8732
6942
4226
1587
-372
-1351
-1837
-2336
-2967
-4458
-6631
-8079
-7511
-5057
-2820
-3276
-5371
-6114
-4427
-1607
416
1301
1860
2094
2215
3145
5718
8943
9712
7712
6367
7575
9779
10559
10203
9065
7861
7020
6860
7220
7751
7444
5776
3378
1938
1941
1707
762
-475
-1909
-3375
-5055
-6412
-6959
-6781
-6699
-8205
-9665
-10446
-10276
-10001
-10440
-10867
-10646
-9881
-9878
-9697
-8756
-8308
-9116
-10064
-9253
-7381
-6413
-7121
-8148
-8954
-9162
-9688
-9174
-7787
-7343
-9180
-11948
-13274
-11527
-6790
-3412
-5647
-11910
-14812
-12178
-6027
-1547
-929
-4387
-8066
-8197
-4087
2703
8329
9488
6600
4391
6434
11259
16077
18854
18036
15316
14019
15832
18327
18567
16619
14135
12714
12880
13301
11573
8316
5704
4210
3206
2398
1277
-492
-1811
-2230
-1992
-2614
-4131
-5163
-4864
-2773
-1234
-1524
-3439
-4643
-3506
-554
2049
2960
2400
1213
894
2213
6187
9438
9214
6486
5264
6862
9182
10426
10627
9901
8692
7740
7671
7907
7931
7868
7215
5821
4514
2949
1505
658
-6
-365
-1164
-3219
-6112
-7362
-7006
-6822
-7801
-8971
-9976
-10724
-11022
-11450
-11696
-11222
-10152
-9612
-9163
-8750
-8964
-9963
-9909
-8404
-6793
-6515
-7012
-7552
-8402
-8812
-8390
-7518
-6968
-7493
-9678
-11236
-10416
-6179
-2561
-4103
-10310
-13931
-11242
-5051
-941
-1343
-4724
-8134
-8528
-4613
2060
6835
7053
4102
2001
4043
8905
14248
16845
15381
11714
10615
13259
16685
17703
16028
13138
10568
9960
11321
11816
9536
5916
3084
1540
1415
1660
1012
-1123
-2585
-2771
-2669
-3597
-4775
-4717
-3499
-2342
-1871
-2169
-3343
-3554
-1955
638
2368
2880
2301
1373
1624
3745
6213
7078
6667
6177
6364
6598
7034
7518
7714
7588
7320
7421
7196
6151
4695
4407
5049
4937
3529
1686
-99
-1662
-2364
-2540
-2749
-3893
-5591
-7376
-8131
-8424
-8927
-9278
-9528
-9955
-10938
-11721
-11909
-11633
-10764
-9439
-8455
-8240
-9379
-10549
-9867
-7542
-5777
-5690
-6714
-8012
-8883
-8875
-7387
-5511
-5129
-7191
-10003
-9979
-5624
-848
-1006
-6060
-10144
-9753
-4819
135
2088
-132
-3573
-5619
-3813
2022
7261
8562
6270
4271
4635
7024
10502
14111
15659
13321
10222
10101
12960
15281
14982
12680
10690
10040
10302
10358
9580
8235
5864
3485
2482
3239
4011
2773
617
-641
-751
-565
-416
-423
-213
-282
-789
-876
-251
237
250
435
1012
1658
2049
2348
2619
3184
3474
3101
3036
4539
5892
5966
5030
4444
3927
4177
5455
6296
5960
4168
2502
1681
2276
3370
3182
1636
-761
-2547
-3471
-3124
-2595
-2757
-3759
-5470
-7317
-8745
-8497
-7277
-6328
-7077
-9226
-10981
-11278
-10407
-8970
-7495
-6945
-7846
-9645
-10964
-10452
-8025
-5582
-5252
-7064
-8998
-9790
-9568
-8143
-5916
-4523
-5328
-7883
-9658
-8748
-5636
-2621
-877
-1039
-3622
-7158
-7782
-3421
2495
4803
1975
-2383
-4220
-1482
3630
7384
7487
5325
3510
4138
6196
8674
10591
10883
9441
7621
7761
9592
11196
11141
10258
8667
7240
6883
7888
8803
7894
5690
4117
3523
3584
4124
4730
4602
3498
2250
2097
3503
5029
5255
4317
3450
3018
3711
4608
4736
4506
4043
3722
3619
4029
4570
4162
2685
1697
2389
3744
3711
2099
93
-677
-286
331
738
740
-177
-1961
-3107
-2485
-535
884
717
-877
-2779
-3338
-2295
-427
604
13
-2011
-4654
-5747
-4825
-2833
-1584
-2475
-5276
-8239
-9012
-7494
-5362
-4572
-5623
-7857
-10025
-10913
-9920
-7268
-5053
-5731
-8711
-10902
-10516
-8860
-6998
-5483
-5053
-6212
-7724
-7663
-5703
-3185
-1844
-2002
-2800
-3495
-3512
-2458
-675
388
500
68
-560
-1064
-817
768
2249
2820
2205
1397
1143
1617
2632
3459
4115
4169
3917
3765
4015
4369
4976
5690
6306
6150
5428
5006
5126
5758
6360
6555
6330
5702
4903
4915
5928
6872
6482
5431
5040
5701
6410
6213
5622
5191
5040
4872
4673
4693
4996
4601
3339
2737
3377
4066
3030
1516
1096
2125
2525
1282
-145
-460
-267
-140
70
-79
-1202
-2696
-2951
-1761
-278
-148
-1385
-3176
-4169
-3252
-1107
181
-363
-2306
-4214
-4873
-4052
-2351
-1422
-1923
-3593
-5351
-6185
-5795
-4498
-3506
-4054
-5088
-6328
-7197
-7379
-6694
-5345
-5319
-6441
-7513
-7814
-7661
-7635
-6818
-5825
-5735
-6370
-6666
-6052
-5161
-4248
-3137
-2528
-2813
-3805
-3995
-2751
-844
241
180
-496
-794
-631
-89
1310
2533
3088
2843
2309
2223
2889
4089
4923
5183
5137
4736
3938
4222
5797
7077
6733
5162
4174
4176
5194
6767
7416
6350
4528
3700
4781
6116
6536
6109
5418
4731
4643
5600
6890
6847
5379
4289
4603
5695
5748
4756
3800
3396
2990
2570
2317
2421
2274
1237
282
173
455
267
-507
-1269
-1545
-1381
-1663
-2319
-2844
-3331
-3612
-3222
-2493
-2070
-2707
-3960
-4697
-4376
-2846
-1647
-1735
-2852
-3844
-4101
-3959
-3352
-2370
-1927
-2243
-3155
-4402
-4963
-4458
-3232
-2572
-2999
-4250
-5540
-6459
-6166
-4863
-3850
-4322
-5784
-6733
-6970
-6647
-6015
-5254
-5282
-6077
-6631
-6040
-5019
-4250
-3746
-3606
-3656
-3556
-2912
-1968
-968
-511
-446
-520
32
1245
2162
2129
1891
2289
3278
4285
5001
5256
5286
4954
4908
5795
7207
7571
6562
6055
6506
6900
6680
6159
5861
5855
5735
5903
6005
5709
4654
3513
3582
4569
5167
4533
3414
2592
2424
3135
3764
3656
2773
2075
2134
2440
2740
2567
1947
1504
1490
1495
1361
1157
971
703
402
196
-68
-629
-1066
-1098
-822
-820
-1707
-2491
-2521
-1792
-1438
-1834
-2106
-2020
-2040
-2134
-2114
-1896
-1487
-1674
-2114
-1903
-1336
-1174
-1929
-2738
-2719
-1519
-734
-1080
-2435
-3403
-3287
-2898
-2776
-2925
-3271
-3995
-4506
-4638
-4254
-4320
-4871
-5185
-5095
-4597
-4466
-4836
-5464
-5742
-5305
-4560
-4064
-3944
-4064
-4404
-4419
-3862
-2869
-1685
-979
-1107
-1633
-1763
-1178
-376
986
1787
1455
961
1078
1872
2822
3712
4343
4301
3724
3811
4538
5493
5876
5714
5290
5157
5275
5180
5246
5232
5086
4406
3935
4003
4331
4246
3644
3171
2904
2652
2274
2431
2854
2837
2123
1195
833
963
1415
1404
884
188
-74
149
360
664
471
-275
-712
-330
695
1235
639
-461
-884
-361
339
749
402
-350
-960
-1000
-615
-3
505
341
-254
-1107
-1328
-810
-72
242
-370
-1271
-1768
-1688
-1491
-1320
-1498
-2038
-2368
-2400
-2457
-2768
-3236
-3621
-3932
-4047
-3817
-3547
-4033
-4735
-5046
-4754
-4284
-4276
-4286
-4249
-4274
-4307
-4279
-4306
-4175
-3846
-3618
-3406
-3178
-3177
-3481
-3699
-3116
-2095
-1473
-1596
-1793
-1709
-1203
-817
-481
199
584
435
-56
327
1218
2152
2887
2963
2730
2384
2619
3612
4872
5622
5360
4375
3963
4609
5368
5421
5017
4481
3979
3465
3668
3950
3851
2906
1767
1615
1849
2375
2154
1518
815
482
454
482
583
515
246
-222
-448
-3
219
-12
-95
266
745
816
840
892
1295
1370
1117
1128
1604
1853
1687
1289
1104
785
487
476
943
1148
861
255
-449
-773
-600
83
98
-525
-1238
-1564
-1976
-2447
-2654
-2361
-2240
-2606
-3560
-4264
-4339
-4111
-3912
-4212
-4459
-4780
-4907
-4908
-4631
-4033
-3850
-3970
-4378
-4176
-3520
-3194
-3205
-3549
-3733
-3361
-2719
-2387
-2345
-2386
-2587
-2631
-2157
-1311
-371
-377
-1115
-1501
-898
37
321
400
700
1207
1163
1013
1580
2554
3280
3255
3157
3197
3217
3459
4015
5017
5389
4657
3907
3962
4591
4785
4441
4141
3949
3539
2849
2578
2573
2751
2405
1316
564
707
1250
1281
987
388
-76
-278
-30
441
871
559
-87
-125
383
779
636
481
844
1250
1138
963
1084
1689
2000
1892
1631
1783
1766
1526
1521
1660
1805
1524
1282
984
729
796
803
597
263
-353
-541
-449
-414
-558
-868
-1524
-2379
-2883
-2715
-2497
-2949
-3699
-4488
-4595
-4678
-4838
-4800
-4819
-4807
-4836
-4826
-4796
-4162
-3618
-3693
-3795
-3551
-3010
-2617
-2451
-2218
-1945
-1710
-1530
-1156
-639
-311
-318
-488
-346
3
100
252
158
197
395
434
515
626
815
1111
1104
1117
1317
1625
1982
2331
2800
2899
2869
2994
3511
4108
4271
4039
3839
4094
4428
4441
4084
3738
3814
3741
3397
2771
2360
2036
1683
1242
956
1033
575
-176
-664
-716
-683
-1019
-1645
-1974
-1777
-1340
-1199
-1386
-1644
-1958
-1877
-1095
-76
55
-357
-731
-313
902
1707
2097
1644
972
761
1320
2312
2776
2327
1322
902
1222
1588
1838
1421
544
-211
-723
-608
-523
-812
-1697
-2691
-3236
-3501
-3668
-3842
-4080
-4505
-5085
-5519
-5600
-5328
-5125
-5203
-5231
-5190
-4962
-4656
-4371
-3832
-3367
-2957
-2485
-2338
-2233
-1958
-1286
-636
-281
-249
-368
-454
-434
-99
109
483
616
351
120
105
100
438
837
1077
852
452
106
180
608
1143
1343
1165
1112
1308
1717
2111
2782
3281
3220
2818
3028
3677
4312
4387
3981
3522
3139
3164
3749
4045
3448
2318
1534
1567
1844
1737
1281
446
-493
-971
-857
-650
-938
-1709
-2414
-2576
-2281
-1961
-1963
-2048
-2308
-2321
-1829
-1070
-547
-347
-416
-289
406
1387
2118
2354
2121
1975
2184
2976
3873
4190
3583
2613
2431
3080
3472
3234
2369
1322
539
121
341
388
-274
-1483
-2570
-3153
-3421
-3487
-3746
-4234
-4739
-5367
-5832
-5727
-5311
-5088
-5097
-5263
-5328
-5042
-4603
-4062
-3650
-3200
-2872
-2663
-2392
-1973
-1483
-921
-505
-344
-406
-235
-43
135
376
570
496
449
418
301
259
46
-69
-80
105
319
443
204
44
409
799
1198
1376
1387
1499
1909
2655
3285
3120
2834
2963
3497
4346
4670
4439
4111
3757
3708
4085
4456
4535
4034
3001
2219
2231
2436
2522
2027
961
-229
-626
-262
129
-61
-896
-1736
-2000
-1825
-1456
-1224
-1428
-1628
-1432
-979
-408
388
869
754
778
1263
2192
3020
3209
3104
3124
3692
4370
4703
4684
4324
3724
3791
4312
4403
4033
3328
2499
1803
1488
1452
1391
675
-547
-1758
-2704
-2936
-3043
-3178
-3516
-4078
-4735
-5113
-5319
-5178
-4958
-4840
-4892
-5226
-5143
-4734
-4103
-3605
-3545
-3291
-2906
-2529
-1987
-1507
-1169
-1136
-1000
-775
-452
-45
40
-103
-148
-121
203
362
286
3
-177
-52
41
56
-117
-252
-366
-269
-31
319
420
525
600
895
1597
2305
2437
2239
2207
2541
3181
3853
4318
4198
3639
3079
3294
3771
4170
3832
3071
2355
1932
1847
1703
1365
830
45
-589
-826
-943
-1161
-1642
-2165
-2527
-2523
-2374
-2363
-2324
-2420
-2524
-2324
-1986
-1412
-1124
-965
-710
-226
484
1164
1712
2134
2247
2304
2480
3118
3695
3908
3787
3110
2718
2601
2943
3324
3258
2463
1299
412
-17
113
278
-200
-1552
-2999
-3749
-3833
-3791
-3869
-4090
-4786
-5551
-5824
-5680
-5099
-4692
-4949
-5422
-5422
-4865
-4176
-3632
-3462
-3204
-2837
-2529
-2074
-1647
-1164
-798
-585
-617
-547
-244
22
232
399
515
614
553
287
172
235
314
126
-151
-241
-81
212
415
577
709
636
739
1013
1622
2037
2176
2141
2076
2225
2670
3264
3616
4015
3843
3551
3378
3653
4171
4217
3780
3130
2686
2416
2226
1726
1246
764
263
-130
-409
-703
-1084
-1481
-1632
-1752
-2084
-2467
-2679
-2688
-2667
-2650
-2535
-2510
-2475
-2355
-1971
-1380
-810
-308
26
457
685
790
1282
2105
2693
3103
3320
3040
2454
2091
2222
2667
2844
2501
1721
838
145
-126
240
484
-353
-1647
-2666
-3188
-3137
-3051
-3028
-3553
-4370
-4924
-5018
-4622
-4120
-3866
-4056
-4257
-4246
-3768
-3053
-2686
-2400
-1999
-1503
-1213
-1103
-876
-438
-155
68
267
459
698
849
922
1100
1407
1571
1359
839
790
1025
1183
1135
698
334
311
408
704
888
785
475
213
565
1282
2121
2288
2012
1922
2108
2738
3404
4065
4389
4212
4012
4065
4402
4643
4681
4377
4107
3708
3275
2999
2738
2722
2401
1678
919
384
30
-240
-275
-412
-900
-1599
-2078
-1967
-1808
-1573
-1517
-1526
-1613
-1706
-1575
-1247
-441
58
320
334
367
660
921
1698
2483
2669
2512
2508
2395
2353
2394
2164
2392
2366
1986
1586
1013
517
193
172
17
-616
-1529
-2430
-2851
-2785
-2618
-2917
-3457
-4130
-4376
-4217
-4017
-3833
-3975
-4173
-4379
-4164
-3575
-3271
-3186
-2933
-2472
-1837
-1585
-1398
-1141
-1127
-1021
-666
-214
-8
141
-31
-144
71
454
571
249
-13
-81
180
404
195
-290
-680
-741
-450
-109
-42
-63
-166
-50
379
1022
1475
1357
931
866
1313
1723
2282
2551
2503
2431
2521
2789
3124
3175
3050
2795
2548
2302
2002
1882
1875
1671
1253
731
183
-119
-516
-907
-1279
-1486
-1883
-2167
-2204
-2211
-2211
-2095
-1914
-1777
-1909
-2044
-1683
-1155
-678
-380
-407
-260
68
383
935
1426
1834
1833
1751
1894
2183
2430
2374
2204
2022
1924
1653
1328
1102
852
762
469
-165
-777
-1299
-1631
-1759
-2176
-2476
-2886
-3415
-3536
-3647
-3661
-3636
-3594
-3576
-3872
-3938
-3578
-3288
-3031
-3009
-2760
-2505
-2159
-1954
-1537
-1181
-1070
-981
-731
-509
-361
-85
-13
272
404
395
170
36
166
476
801
786
456
43
-29
221
593
628
519
149
-28
371
1041
1713
1805
1548
1399
1731
2573
3205
3436
3404
3351
3403
3517
3889
4091
3945
3707
3462
3353
3190
2883
2473
1908
1562
1373
1069
660
210
-445
-1033
-1195
-1388
-1558
-2040
-2498
-2784
-2720
-2646
-2712
-2702
-2849
-2767
-2460
-2084
-1833
-1668
-1562
-1487
-1177
-650
-95
199
334
540
701
1109
1478
1594
1649
1559
1586
1646
1699
1554
1202
861
563
385
176
-245
-686
-1156
-1504
-1652
-1861
-2093
-2521
-2829
-3052
-2984
-2882
-3001
-3132
-3268
-3252
-3035
-2647
-2335
-2111
-1944
-1842
-1734
-1392
-985
-403
6
270
435
617
1003
2190
3724
4310
3223
1257
61
844
3153
4102
2648
333
-868
-92
1224
1892
1296
432
471
372
-302
-1123
-986
-186
777
917
456
11
664
1758
2812
3125
3449
4280
5149
5891
5457
4373
3490
3933
4502
5063
4963
3740
2926
2339
2248
2363
2120
1857
1179
626
197
968
1661
1233
-394
-2073
-1744
145
1295
-235
-2766
-4217
-3495
-2144
-1413
-1847
-2174
-2192
-2035
-2340
-3207
-2623
-1863
-80
159
-543
-643
25
1185
1584
2221
2721
3802
4288
3920
3085
2731
2987
3320
3231
2476
1537
299
-287
-1535
-2440
-2692
-2619
-3211
-4525
-5930
-6489
-6007
-5868
-5531
-5020
-5027
-5622
-5296
-4639
-3446
-1760
-1002
-807
-1153
-1284
-1220
177
1485
1472
1375
1642
1892
738
-785
-203
1117
2681
2413
442
-1131
-1813
-976
-387
1022
1714
674
-1076
-2512
-2737
-1109
525
1315
1117
-194
-759
-1081
-460
476
1631
2617
2710
2199
1433
1075
1535
2634
4002
4190
3105
2348
1835
2330
2580
2778
2528
2238
2027
1467
863
-151
-694
-927
-736
-899
-1928
-3204
-3695
-3561
-3500
-3392
-3347
-3116
-2726
-2954
-3143
-2747
-2564
-2346
-1730
-1026
-708
-596
-561
-441
-63
400
415
265
562
873
1492
1511
688
0
-217
389
966
904
188
-782
-1777
-1708
-1052
-537
-881
-1715
-2176
-2943
-2883
-2195
-1972
-1755
-1868
-2249
-2446
-2141
-2070
-2454
-2128
-1473
-742
-634
-841
-1268
-1552
-915
-327
-346
-458
5
-114
-60
-131
-436
-119
446
692
679
484
-235
-464
-369
76
389
248
-370
-836
-672
-252
433
665
478
351
242
744
1163
1755
2077
1750
1946
2379
2901
3486
3691
3171
2726
2815
3614
3963
3762
2848
2117
2228
2310
2269
1660
1517
1320
120
-937
-1394
-767
-98
-79
-772
-1857
-2518
-2373
-1905
-1344
-831
-918
-1708
-2367
-1767
-1457
-1104
-1086
-1448
-1458
-1171
-466
-564
-421
-203
-46
697
601
592
103
598
796
1004
942
728
741
401
435
660
913
539
204
-809
-809
-494
-422
-766
-918
-798
-1000
-1116
-1377
-1679
-2052
-1951
-1861
-1729
-1401
-1442
-1450
-1425
-1103
-623
8
258
277
684
337
424
639
684
635
1292
1643
1537
1270
654
252
316
823
1056
877
979
1042
1012
758
588
684
1097
1983
2225
2137
1539
1358
1428
1885
2325
2504
2113
1977
2306
2358
2832
2633
2764
2826
2721
2186
1826
1748
1794
2074
2421
2239
1895
1154
807
823
787
946
851
306
-518
-920
-884
-628
-577
-844
-1252
-1350
-2024
-2190
-1910
-1839
-1468
-1311
-1342
-1391
-1416
-1673
-1826
-1653
-936
-395
3
-209
-699
-1003
-1015
-695
83
945
955
343
-581
-717
-23
395
578
173
-312
-660
-867
-592
-481
-447
-974
-1573
-1660
-1453
-1132
-1424
-1709
-1568
-1481
-1496
-1397
-872
-936
-1294
-1440
-1244
-907
-568
-587
-831
-610
-412
-596
-383
-207
-129
197
251
102
219
214
142
-25
197
611
828
968
400
49
-240
655
1170
1410
1371
247
-319
-435
2
568
1136
1340
1127
686
-151
-126
753
1726
2069
1679
948
413
244
771
1407
1787
2005
1592
1008
409
197
324
1094
1324
601
-272
-1165
-1475
-930
-341
17
-79
-853
-1662
-2345
-2078
-1666
-1250
-1049
-1125
-1296
-1726
-1901
-1739
-1433
-960
-610
-577
-911
-1083
-1142
-1111
-472
221
1061
1203
517
-342
-174
659
1098
720
127
-54
52
131
-231
-376
-384
-321
-293
-315
-526
-913
-1271
-1522
-1166
-566
-194
-724
-1418
-1556
-1532
-951
-385
-80
-141
-328
-123
222
679
1109
1301
1189
1247
1214
1278
1494
1725
1795
1740
1545
1335
1499
2067
2332
2424
2166
1821
1790
2012
2096
1959
1599
1266
997
683
777
598
790
1193
1185
1196
938
487
380
595
1026
1320
819
100
-549
-791
-105
640
821
404
144
55
93
50
-95
-177
-41
-281
-533
-863
-1221
-1274
-1030
-701
-703
-892
-1021
-1138
-1122
-902
-688
-883
-1183
-1576
-1621
-1659
-1666
-1692
-1628
-1425
-1442
-1383
-1551
-1423
-1367
-1173
-715
-657
-1141
-1630
-1595
-1452
-1116
-802
-718
-481
-392
-667
-1072
-878
-407
-48
247
87
-286
-655
-943
-1126
-836
-113
-56
-636
-1386
-1545
-1226
-630
-591
-677
-803
-1001
-1118
-986
-1071
-947
-621
-478
-530
-619
-489
-703
-513
-24
201
245
117
-74
76
366
729
874
882
965
978
1109
1126
1246
1401
1416
1434
1214
1055
1306
1548
1434
1474
1270
853
688
817
1047
1020
992
814
635
849
1043
788
790
833
928
717
538
304
289
376
255
-70
-388
-46
175
317
342
433
246
47
-92
-292
-148
2
-29
-85
75
-52
-569
-1026
-1192
-847
-562
-774
-1050
-1249
-1288
-1134
-1093
-1021
-1009
-998
-983
-998
-964
-793
-766
-837
-569
-179
22
-30
-474
-813
-629
-279
88
-165
-622
-737
-536
-401
-465
-764
-1133
-1037
-852
-765
-839
-868
-1114
-1483
-1449
-1184
-881
-504
-369
-528
-709
-876
-750
-349
108
609
544
374
215
61
107
253
495
1139
1457
1189
1099
875
843
1077
1585
1852
1722
1442
1025
816
957
1298
1564
1532
1198
877
769
921
1128
1021
1106
970
723
678
732
719
726
900
775
613
792
1083
936
677
622
777
1032
831
513
269
261
419
679
615
424
160
-197
-328
-186
222
551
123
-550
-745
-407
-164
-177
-132
-147
-337
-692
-883
-816
-476
-155
-190
-420
-425
-571
-428
-70
357
836
830
442
192
68
157
471
713
743
713
377
-76
-134
29
436
649
374
-63
-360
-289
-268
-271
-184
-182
-369
-888
-957
-779
-538
-369
-614
-841
-955
-800
-647
-442
-277
-220
-211
-417
-601
-465
-268
123
301
398
497
251
77
254
745
874
1007
891
701
607
531
604
580
671
812
808
385
-47
-391
-609
-729
-529
-582
-416
-448
-835
-1234
-1504
-1373
-988
-460
-386
-567
-805
-880
-681
-751
-717
-627
-642
-543
-721
-824
-1051
-1157
-1170
-1002
-904
-1270
-1582
-1688
-1553
-1390
-1116
-1193
-1311
-1439
-1539
-1650
-1632
-1438
-1227
-1117
-1157
-1313
-1381
-1320
-1194
-1145
-981
-911
-901
-727
-495
-230
-252
-106
-175
-146
45
233
144
-104
-255
-352
-296
96
293
300
250
-62
-272
-322
-76
457
762
487
368
87
24
-17
67
367
626
793
250
-351
-526
-292
73
348
212
-61
-38
-135
-183
-110
242
446
562
600
461
370
365
372
673
1005
1075
975
874
734
841
1054
1166
1411
1243
937
757
881
988
1105
889
672
801
992
1053
1012
785
605
505
574
821
909
862
560
471
526
641
791
788
574
544
542
617
618
895
1128
1031
800
408
268
538
857
907
698
265
330
371
418
408
126
-138
-215
-394
-422
-701
-1114
-1268
-1309
-1178
-1227
-1202
-1339
-1535
-1588
-1404
-1239
-1017
-935
-987
-973
-825
-490
-210
-193
-227
-272
-74
657
1116
814
521
97
71
303
553
642
449
-12
-444
-536
-504
-321
-312
-492
-703
-732
-845
-555
-486
-417
-389
-260
-88
-147
-49
52
121
142
326
381
331
206
294
573
893
779
676
628
696
923
1125
1243
1208
1075
836
800
1054
1260
1402
1198
753
515
351
428
785
1198
1181
994
588
367
358
430
718
813
814
766
722
667
670
683
824
1046
1012
802
456
437
589
784
949
929
818
622
646
615
528
529
563
588
535
270
-74
-170
-289
-128
139
268
153
-165
-590
-729
-241
86
246
-40
-312
-292
23
-18
-31
69
52
273
370
345
195
30
-157
-215
34
330
384
159
-139
-286
-290
-138
217
195
47
-4
-19
46
-109
-412
-782
-811
-617
-612
-814
-1004
-1187
-1349
-1428
-1359
-1120
-910
-851
-1044
-1401
-1385
-1113
-850
-693
-585
-425
-283
-220
-119
-224
-202
49
25
200
277
160
28
-138
-50
-60
167
174
-10
-321
-687
-512
-336
-189
-182
-518
-763
-739
-571
-361
-301
-384
-476
-478
-436
-460
-459
-380
-345
-332
-254
-204
-42
100
107
75
-163
-254
-350
-135
92
135
-27
-282
-426
-396
-329
-443
-420
-426
-544
-724
-1013
-1148
-1045
-807
-480
-126
-242
-556
-767
-964
-677
-171
365
524
221
58
-18
244
704
1060
1233
1135
804
676
888
1041
1227
1176
1077
936
742
874
817
710
511
268
241
129
216
50
-263
-467
-470
-477
-617
-642
-707
-391
-227
-144
7
-78
-33
93
445
714
786
715
641
791
875
828
725
783
769
739
790
569
513
527
553
652
734
635
537
538
594
552
509
435
502
499
618
546
247
178
132
266
178
159
118
18
-25
-25
99
174
56
-16
45
185
343
343
60
-88
-86
-125
22
84
-23
-230
-437
-418
-486
-566
-709
-892
-944
-1057
-1283
-1367
-1359
-1175
-861
-920
-1066
-1228
-1232
-1261
-1004
-761
-606
-537
-636
-600
-699
-607
-498
-260
-23
15
-81
-132
-80
-48
305
520
586
304
170
111
279
301
276
205
123
96
182
231
265
235
292
566
621
590
413
303
290
298
309
365
225
-2
-100
2
144
142
47
48
188
348
349
319
393
450
591
535
708
811
838
913
999
1021
1121
1248
1110
1281
1493
1549
1389
1121
1003
935
889
755
744
588
465
504
421
531
565
490
514
502
679
804
816
766
850
1010
1115
1220
1138
984
910
1001
1156
1185
1211
1200
811
564
566
619
819
692
486
302
183
114
-128
-142
-141
-314
-306
-283
-347
-408
-570
-576
-594
-503
-560
-578
-471
-367
-182
-8
224
241
237
160
119
174
172
144
62
-249
-188
-238
-376
-408
-712
-969
-1046
-1083
-1197
-1264
-1286
-1387
-1417
-1399
-1327
-1177
-1108
-1059
-1184
-1181
-1186
-1119
-1019
-1037
-1014
-798
-663
-521
-578
-492
-359
-456
-217
-154
-216
-278
-180
-323
-395
-480
-451
-561
-601
-595
-706
-631
-774
-605
-496
-326
-382
-371
-396
-551
-514
-438
-227
-12
-243
-264
-116
-142
10
-159
-78
-55
0
-59
-94
-65
24
63
211
141
145
182
217
196
167
151
65
48
-24
33
128
120
28
-102
-250
-446
-415
-168
-20
-139
-453
-680
-840
-631
-434
-335
-343
-335
-485
-513
-402
-374
-4
23
17
122
261
376
489
592
657
713
619
658
383
255
309
204
274
210
65
-20
-262
-399
-360
-357
-364
-536
-669
-882
-989
-1048
-977
-853
-869
-927
-957
-799
-664
-543
-628
-539
-502
-497
-470
-409
-248
-112
-206
-291
-258
-313
-267
-212
-186
-35
22
139
282
278
340
417
315
107
24
-57
-62
-71
-143
-38
50
-21
-20
21
-117
-273
-213
-68
-117
37
96
-175
-343
-325
-309
-157
-106
-1
22
-75
-63
131
484
653
648
615
442
382
339
365
331
83
-17
-186
-300
-292
-230
-229
-226
-387
-415
-494
-472
-278
-198
13
-11
-63
-135
-46
20
290
336
234
302
366
454
559
642
792
736
822
1059
1049
1150
1136
1097
984
759
813
763
696
701
558
535
487
398
187
223
251
192
256
221
206
76
-97
-193
-28
233
205
75
-64
32
104
166
266
238
334
469
379
262
243
317
328
449
542
756
746
711
858
981
1109
1020
830
732
899
793
898
1145
1189
1105
952
783
696
685
813
769
700
620
603
559
661
749
837
926
878
972
801
923
813
767
826
622
635
465
328
322
291
245
197
141
6
-163
-173
-150
-120
-178
-107
-304
-646
-902
-1156
-1056
-1082
-863
-934
-972
-1118
-1147
-1158
-1021
-918
-883
-840
-993
-1002
-1024
-958
-792
-512
-409
-395
-247
-168
-80
38
-29
2
-36
86
262
350
349
287
376
286
123
89
119
48
-17
-181
-234
-276
-342
-418
-476
-615
-591
-473
-497
-444
-499
-597
-618
-637
-504
-446
-431
-626
-677
-658
-703
-767
-691
-734
-588
-620
-559
-361
-195
-12
-123
-228
-352
-372
-435
-485
-422
-313
-311
-387
-494
-497
-590
-541
-603
-603
-619
-648
-574
-457
-269
-297
-297
-409
-430
-319
-264
-65
177
202
197
-66
8
124
131
257
411
460
341
208
0
2
46
99
77
82
-134
-347
-347
-490
-564
-455
-620
-882
-1113
-1146
-1146
-957
-912
-903
-845
-900
-815
-779
-565
-314
-220
-266
-354
-390
-373
-293
-331
-177
-101
-195
-210
-326
-321
-358
-348
-195
10
-14
-107
-111
-16
44
-13
5
-41
-51
-151
-265
-266
-261
-153
-72
88
-23
59
87
101
183
271
318
192
105
252
508
618
772
636
614
519
549
550
657
665
659
649
535
474
400
410
476
532
519
344
230
313
372
552
531
493
505
343
212
64
109
298
222
76
65
-104
17
104
150
241
149
-29
-191
-239
-296
-335
-217
-149
-57
-157
-265
-385
-323
-233
-182
-183
-236
-211
-144
-132
-218
-182
-165
-30
-108
-163
-213
-298
-222
-233
-211
-237
-237
-476
-448
-426
-338
-299
-90
-82
-239
-290
-483
-181
-123
-192
-286
-134
-68
-43
-118
-281
-330
-311
-250
-208
-170
-181
-183
-204
-114
-1
41
101
144
142
191
329
320
262
219
34
-99
-139
107
136
24
-10
87
155
195
179
209
224
133
314
345
397
458
485
560
508
499
551
609
643
631
744
698
809
926
834
983
929
883
801
859
1103
1132
943
828
650
526
437
251
196
-16
-196
-238
-260
-77
-143
-100
122
97
151
203
288
340
384
444
604
314
368
262
277
316
323
369
220
177
189
203
18
133
35
-39
-38
-252
-325
-559
-633
-798
-1003
-960
-949
-1031
-1237
-1251
-1171
-991
-872
-904
-843
-729
-712
-492
-180
-130
-16
0
145
115
90
49
-26
79
50
-34
-130
-142
-124
20
6
-77
-90
-78
-127
-53
23
-88
-111
-56
-305
-551
-600
-591
-691
-800
-734
-640
-474
-370
-238
-113
40
74
141
142
204
319
451
553
442
486
472
413
324
211
5
-28
-164
-267
-200
-289
-341
-304
-219
-263
-194
-187
-102
-106
-238
-210
-3
91
107
93
213
212
85
-7
-15
91
173
393
374
491
335
395
375
452
444
214
-37
-233
-342
-453
-441
-469
-521
-544
-750
-747
-812
-886
-892
-978
-1013
-1072
-1037
-1026
-983
-1011
-875
-793
-690
-702
-685
-585
-401
-331
-276
-278
-317
-255
-331
-243
-17
33
78
103
250
308
418
629
589
633
547
529
327
335
286
359
380
431
550
422
451
477
602
585
602
598
597
613
666
804
866
764
661
501
381
329
413
482
456
422
466
468
387
490
484
523
381
234
216
126
259
190
218
160
43
-114
-228
-187
-243
-131
-45
44
62
31
-90
-270
-166
-217
-236
-286
-398
-270
-239
-194
-90
-186
-140
-110
-172
-133
-127
-146
-145
-95
-110
-127
-70
-148
-282
-249
-96
-166
-66
-142
-73
-62
-26
-62
-171
-205
-244
-245
-373
-456
-468
-469
-594
-483
-617
-624
-633
-724
-589
-523
-533
-373
-516
-532
-388
-386
-280
-141
137
177
252
310
359
518
586
698
875
846
882
821
777
759
724
777
596
581
570
621
607
546
711
713
667
722
751
765
715
687
688
620
709
672
735
756
825
871
896
1041
1056
990
919
946
884
774
791
794
882
953
970
993
979
963
954
934
853
825
666
594
514
316
247
362
337
320
317
407
591
481
407
178
50
102
-89
-67
33
64
131
283
441
538
625
763
608
414
266
73
11
-48
22
-114
-185
-101
-36
-122
-71
34
-18
-124
-118
-33
-135
-217
-121
-20
-17
-100
-182
-262
-397
-532
-470
-458
-361
-313
-431
-292
-226
-90
115
158
239
169
245
165
120
154
161
62
-105
-146
-261
-220
-154
-126
-75
-4
172
227
291
260
217
-56
-259
-419
-530
-489
-610
-636
-543
-516
-579
-513
-562
-395
-186
-81
1
100
97
57
41
-95
-71
-100
-107
-82
-11
1
-293
-355
-435
-353
-274
-206
-231
-274
-364
-475
-391
-500
-431
-344
-328
-364
-438
-337
-234
-249
-261
-102
104
56
-36
15
-97
15
78
62
13
-33
204
320
292
369
438
551
628
631
697
634
627
607
590
666
537
536
467
309
402
167
-70
-227
-407
-567
-724
-807
-727
-517
-518
-432
-386
-331
-308
-336
-132
-59
-59
-135
-160
-52
-94
57
135
279
441
481
415
392
250
104
175
-12
-124
-224
-254
-190
-38
22
235
171
58
-102
-289
-117
-262
-317
-485
-449
-476
-472
-331
-188
66
223
371
566
560
514
446
432
546
609
537
339
307
320
213
110
-96
-323
-505
-598
-611
-694
-684
-697
-761
-733
-828
-904
-946
-1049
-1142
-1263
-1354
-1231
-1303
-1299
-1251
-1183
-1067
-934
-914
-994
-965
-919
-726
-742
-719
-665
-588
-545
-560
-581
-516
-426
-467
-287
-379
-567
-469
-491
-396
-319
-309
-372
-395
-452
-429
-460
-451
-474
-535
-548
-519
-671
-553
-436
-282
-32
6
81
169
314
300
256
313
365
207
125
259
293
242
165
389
521
683
580
438
577
499
504
420
363
136
207
171
136
261
193
171
137
88
72
77
229
260
207
220
165
163
66
131
141
130
70
104
136
82
164
209
234
288
276
316
373
399
276
234
504
555
658
696
635
389
519
630
630
853
704
756
790
653
671
624
530
431
269
79
66
129
152
54
19
-158
-347
-417
-458
-290
-178
-170
4
6
79
124
85
175
79
22
-31
-186
-237
-216
-245
-205
-172
-79
-68
-165
-113
-73
109
-93
-23
-30
-239
-22
-219
-177
-77
-150
-108
-56
-112
-106
-59
-85
-216
-195
-210
-232
-126
-121
-105
-55
-20
34
40
31
154
338
280
145
56
-34
-268
-474
-533
-612
-604
-508
-506
-433
-314
-157
-137
85
228
231
211
200
252
189
19
-80
15
60
32
-69
-44
61
48
35
241
196
235
272
427
500
467
397
355
384
423
325
410
544
536
484
422
450
445
591
495
519
533
546
465
325
225
153
34
-97
-133
-149
-146
-132
-113
-265
-261
-108
-97
-124
-217
-332
-447
-437
-413
-273
-269
-271
-2
-21
25
3
64
79
166
178
209
306
188
126
67
27
-24
-60
-193
-246
-229
-322
-229
-272
-98
-12
27
33
-99
-227
-251
-104
-44
122
231
223
287
198
103
200
57
21
55
136
156
130
276
279
305
310
146
-48
-147
-176
-152
-152
-287
-515
-581
-776
-841
-900
-1071
-1045
-1113
-1270
-1188
-1209
-1174
-1007
-945
-904
-876
-896
-786
-568
-540
-519
-523
-533
-481
-390
-234
-409
-397
-518
-667
-751
-738
-920
-1016
-974
-1029
-931
-908
-801
-787
-678
-693
-578
-550
-588
-407
-497
-339
-193
-284
-217
-201
-198
3
142
275
358
485
474
407
374
456
444
485
552
475
429
361
319
291
260
37
-82
-389
-468
-544
-639
-730
-778
-790
-797
-692
-716
-530
-491
-695
-600
-535
-363
-193
-166
90
116
163
125
178
167
163
239
195
173
136
59
200
289
324
268
300
303
204
353
311
133
89
-62
-119
-52
-20
24
-26
-43
12
17
207
247
306
405
514
681
701
872
860
834
889
820
889
764
646
631
630
533
308
226
107
160
210
324
307
394
441
289
327
182
140
19
30
116
85
19
98
121
129
217
96
205
270
290
259
391
405
275
294
420
455
453
506
402
314
441
536
512
518
471
379
292
366
334
335
329
212
273
167
151
187
202
373
441
587
577
618
539
572
635
584
689
519
487
646
587
558
679
625
711
596
644
714
631
576
469
435
348
303
258
392
500
441
502
495
542
588
521
628
457
425
379
408
488
503
608
493
472
201
225
286
129
49
-60
-15
8
77
134
76
98
105
153
243
142
-16
29
-43
-116
-40
-3
38
67
37
13
-35
-23
67
79
69
38
51
124
93
95
26
-103
-254
-431
-498
-654
-759
-759
-792
-827
-793
-766
-747
-766
-697
-609
-538
-487
-515
-609
-553
-550
-515
-457
-360
-361
-480
-466
-430
-172
-344
-351
-374
-429
-362
-389
-289
-139
-9
51
93
113
309
275
249
272
134
51
-108
-111
-183
-179
-194
-197
-270
-333
-209
-188
-204
-175
-56
11
64
140
163
233
307
299
274
150
71
-40
-55
-150
-289
-352
-343
-483
-583
-501
-725
-810
-761
-802
-825
-760
-748
-730
-715
-761
-755
-752
-689
-818
-789
-835
-921
-724
-621
-542
-618
-456
-358
-271
-205
-228
-99
-78
-109
-331
-275
-322
-186
-104
-118
107
21
-245
-258
-185
-101
-120
-67
-60
-119
-97
-95
-135
-122
-76
-27
157
348
363
345
363
421
352
204
117
46
32
-42
-110
-95
-150
-194
-277
-348
-150
-232
-258
-364
-422
-412
-397
-361
-477
-623
-562
-529
-689
-732
-933
-1088
-950
-865
-795
-805
-742
-734
-785
-689
-609
-539
-544
-335
-347
-211
-207
-163
50
43
115
-28
61
-16
52
138
70
120
110
233
208
276
309
465
381
360
451
555
717
764
700
779
727
689
774
688
812
678
628
672
566
549
572
514
471
499
525
466
544
480
467
509
632
636
650
728
653
690
550
494
436
402
396
384
348
460
405
383
316
167
269
289
334
486
415
398
627
732
843
901
892
751
689
620
639
650
518
418
491
570
570
669
606
635
684
581
667
805
820
857
910
938
872
833
851
911
786
774
715
640
611
536
496
280
313
187
145
206
293
450
368
430
353
264
333
202
-5
-106
-205
-325
-264
-193
-341
-447
-571
-555
-663
-689
-757
-745
-736
-739
-607
-467
-307
-224
-147
-134
-207
-324
-394
-451
-475
-624
-597
-458
-683
-642
-662
-712
-675
-686
-589
-548
-561
-499
-463
-509
-509
-439
-318
-413
-500
-569
-494
-375
-376
-340
-332
-344
-329
-206
-263
-158
-184
-227
-242
-204
-44
-120
-38
81
169
127
254
193
145
119
195
243
352
426
291
232
165
310
330
310
280
318
341
352
276
343
305
232
210
100
45
-129
-166
-121
-166
-171
-146
-135
-12
84
275
329
264
299
265
254
148
81
9
-2
-105
-148
-97
-229
-315
-219
-190
-27
5
-26
-28
-14
93
-20
76
188
58
141
78
-86
-18
-65
-32
-14
29
33
144
16
-7
24
-11
34
9
130
124
6
-15
-118
-116
-204
-235
-182
-254
-188
-272
-321
-255
-284
-338
-428
-726
-660
-760
-713
-778
-963
-905
-845
-593
-627
-707
-678
-572
-606
-609
-502
-554
-450
-438
-460
-381
-383
-350
-335
-342
-185
-223
-148
-235
-356
-470
-526
-597
-701
-662
-787
-650
-670
-679
-732
-700
-625
-619
-589
-566
-563
-472
-385
-252
-164
-262
-158
-158
-166
-94
-101
-29
-59
-12
-104
-181
-203
-303
-398
-467
-549
-471
-299
-350
-430
-457
-506
-691
-647
-706
-660
-542
-549
-477
-432
-302
-199
-128
14
151
175
211
372
480
622
585
620
750
733
785
847
869
925
812
719
872
877
807
822
902
750
654
597
709
714
720
858
713
735
763
729
822
847
809
869
920
797
766
758
711
720
633
770
838
931
864
794
763
797
701
577
529
439
465
381
473
494
296
158
129
213
289
271
307
244
143
302
317
426
470
516
594
658
764
660
630
781
791
653
517
608
560
656
664
645
676
554
483
348
376
290
236
294
257
218
223
132
71
56
133
56
63
63
142
130
76
131
28
-146
-181
-278
-269
-263
-289
-181
-194
-111
-230
-241
-321
-371
-339
-354
-243
-174
-197
-331
-441
-454
-479
-407
-343
-511
-537
-578
-465
-366
-378
-342
-264
-303
-406
-331
-405
-318
-286
-282
-164
-191
-123
-94
-114
-152
-187
-204
-196
-60
-79
22
71
20
73
2
-4
12
-49
42
66
26
135
223
157
142
267
244
230
311
276
241
214
244
262
241
252
255
229
128
310
377
360
456
380
373
326
347
391
262
290
190
179
192
272
308
404
488
437
388
359
471
444
391
490
391
511
495
392
310
277
333
420
545
349
392
183
137
170
65
179
221
261
162
143
228
258
257
314
273
192
171
106
142
155
198
47
-77
16
-162
-251
-240
-221
-198
-309
-366
-405
-329
-356
-389
-353
-407
-479
-574
-556
-503
-527
-589
-663
-615
-646
-827
-855
-891
-848
-822
-827
-962
-887
-803
-795
-770
-779
-763
-782
-775
-586
-681
-730
-838
-1015
-897
-1043
-1124
-1193
-1267
-1295
-1223
-1116
-1027
-921
-878
-941
-1008
-1010
-919
-820
-874
-890
-867
-798
-809
-687
-654
-628
-440
-476
-449
-436
-563
-384
-353
-285
-345
-425
-392
-455
-414
-391
-267
-312
-268
-225
-225
-183
-237
-58
-94
-197
-253
-430
-318
-245
-326
-392
-399
-248
-162
-119
18
173
165
210
223
384
411
311
362
323
375
262
368
325
322
383
401
648
637
791
779
873
979
1099
1035
1025
1045
866
919
922
835
951
860
858
788
854
765
805
629
523
683
476
496
508
571
597
660
606
604
528
546
487
372
345
16
94
156
64
238
107
97
156
36
71
67
45
137
127
255
241
348
299
138
303
227
32
-20
-197
-143
-218
-223
-140
-363
-391
-492
-445
-533
-588
-649
-688
-562
-586
-555
-579
-603
-432
-487
-445
-346
-368
-395
-350
-315
-357
-313
-306
-289
-409
-317
-319
-381
-292
-303
-186
-157
-108
-124
-164
-136
-208
-190
-339
-352
-163
-97
-159
-211
-243
-159
-30
102
62
183
269
412
526
484
432
388
286
262
252
155
219
163
25
120
276
268
351
349
271
253
196
223
225
186
190
184
120
196
195
21
95
142
193
239
160
213
404
507
554
575
702
669
571
556
490
524
554
565
470
536
625
616
685
751
806
796
719
706
739
648
590
716
736
712
789
784
867
761
688
623
557
715
529
440
390
421
365
363
456
419
401
335
279
397
369
369
405
261
402
438
374
350
306
359
396
406
298
193
132
-18
-108
-3
18
22
66
66
120
74
-15
-61
-118
-196
-298
-523
-544
-594
-576
-541
-632
-726
-699
-752
-780
-712
-763
-724
-799
-766
-662
-595
-425
-423
-478
-530
-551
-556
-598
-548
-590
-701
-613
-697
-684
-739
-706
-668
-758
-719
-894
-831
-918
-1015
-1019
-997
-870
-814
-789
-831
-917
-1001
-913
-876
-916
-915
-849
-892
-847
-634
-548
-362
-350
-278
-283
-212
-232
-310
-243
-435
-554
-608
-574
-673
-739
-720
-724
-709
-631
-603
-626
-523
-458
-508
-401
-411
-566
-472
-485
-413
-403
-358
-319
-144
-35
19
57
34
125
106
206
368
370
432
550
549
487
447
353
282
295
282
397
421
394
485
326
326
506
358
415
442
413
462
377
421
453
462
412
619
631
459
535
483
496
558
515
599
541
493
413
352
262
243
291
185
281
167
194
132
108
133
-8
-37
3
-89
-137
-123
-51
-70
-125
-234
-176
-192
-218
-162
-140
-167
-241
-250
-273
-220
-227
-299
-222
-83
-41
-189
-188
-152
-107
-72
13
132
70
159
254
118
56
71
76
24
53
69
108
86
25
111
155
172
215
219
23
25
-153
-208
-257
-439
-404
-482
-322
-461
-486
-520
-611
-539
-549
-588
-565
-582
-576
-542
-664
-536
-613
-404
-570
-592
-407
-412
-353
-515
-535
-533
-479
-517
-439
-382
-300
-302
-329
-347
-202
-203
-119
-21
-9
-21
-37
151
141
222
197
214
171
138
265
151
126
137
105
118
256
281
415
470
509
632
738
863
917
1048
1053
1196
1125
1145
1240
1280
1120
1038
1183
1239
1133
1176
1214
1142
1045
861
854
834
795
647
641
473
402
350
437
384
313
394
385
363
251
380
373
299
364
461
384
246
292
287
222
296
320
344
232
179
131
52
111
-32
-92
-335
-270
-234
-232
-182
-164
-66
-24
-14
-26
125
130
171
234
303
381
295
185
261
402
430
439
408
459
413
484
561
416
483
464
422
449
437
416
286
251
265
228
129
44
0
0
0
0
0
0
0
0
0
0
0
0
0
0
0
0
0
0
0
0
0
0
0
0
0
0
0
0
0
0
0
0
0
0
0
0
1
0
0
0
0
-1
0
0
0
0
0
0
0
0
0
0
0
0
0
0
0
0
0
0
0
0
0
0
0
0
0
0
0
0
1
0
0
0
0
0
0
0
0
0
0
0
0
0
0
0
0
0
0
0
0
0
0
0
0
0
1
1
0
0
0
-1
1
1
0
0
0
0
0
0
0
0
0
0
0
1
0
0
0
0
0
0
0
0
0
0
0
0
0
0
0
0
0
0
0
0
0
0
0
0
0
0
0
0
0
0
0
1
0
1
0
0
0
0
0
0
1
0
0
1
-1
0
0
0
0
0
0
0
0
0
0
0
-1
0
-1
0
0
0
0
0
-1
0
0
0
0
0
0
0
0
0
0
0
0
0
0
0
-1
0
0
0
0
0
0
1
0
0
0
0
0
0
0
0
0
0
0
0
0
0
0
1
0
1
0
0
0
0
1
0
0
0
-1
0
0
0
0
0
0
0
0
0
0
0
0
0
0
0
0
0
0
0
0
0
0
0
0
0
0
0
0
0
0
0
0
0
0
0
0
0
0
0
0
0
0