0
0
0
0
0
0
0
0
0
0
0
0
0
0
0
0
0
0
0
0
0
0
0
0
0
0
0
0
0
0
0
0
0
0
0
0
1
0
0
0
0
-1
0
0
0
0
0
0
0
0
0
0
0
0
0
0
0
0
0
0
0
0
0
0
0
0
0
0
0
0
1
0
0
0
0
0
0
0
0
0
0
0
0
0
0
0
0
0
0
0
0
0
0
0
0
0
1
1
0
0
0
-1
1
1
0
0
0
0
0
0
0
0
0
0
0
1
0
0
0
0
0
0
0
0
0
0
0
0
0
0
0
0
0
0
0
0
0
0
0
0
0
0
0
0
0
0
0
1
0
1
0
0
0
0
0
0
1
0
0
1
-1
0
0
0
0
0
0
0
0
0
0
0
-1
0
-1
0
0
0
0
0
-1
0
0
0
0
0
0
0
0
0
0
0
0
0
0
0
-1
0
0
0
0
0
0
1
0
0
0
0
0
0
0
0
0
0
0
0
0
0
0
1
0
1
0
0
0
0
1
0
0
0
-1
0
0
0
0
0
0
0
0
0
0
0
0
0
0
0
0
0
0
0
0
0
0
0
0
0
0
0
0
0
0
0
0
0
0
0
0
0
0
0
0
0
0
-131
-45
108
210
288
298
298
212
212
198
354
464
480
634
573
459
574
572
675
726
617
509
367
226
258
157
125
157
47
210
224
237
182
186
260
122
166
208
231
184
217
196
206
123
82
21
-70
-3
26
-15
21
13
-156
-106
-173
-297
-234
-224
-190
-269
-425
-364
-346
-348
-235
-304
-347
-351
-431
-395
-290
-237
-93
-58
36
39
56
117
-20
-25
-7
-47
-87
-92
-90
-79
-114
-151
-74
-32
94
216
189
128
110
123
243
249
173
28
55
-28
-165
-77
-142
-92
-153
-180
-125
-62
-60
-5
89
-81
-169
-61
-61
6
15
155
120
-31
42
-25
-61
-104
-145
-17
6
-47
-61
-175
-204
-325
-276
-272
-342
-382
-293
-358
-364
-246
-193
-194
-126
-100
-82
-53
-161
-219
-223
-188
-12
118
161
178
176
282
379
424
355
457
570
571
667
514
501
609
426
365
464
533
523
581
573
490
478
544
538
615
623
581
612
653
746
837
743
740
748
837
865
791
829
792
803
837
770
594
682
599
602
542
604
598
614
763
745
623
504
585
563
489
594
567
640
531
468
481
304
209
193
110
55
60
11
-40
-28
-8
-34
-53
-21
-152
-135
-127
-74
-7
-142
-168
-273
-156
-170
-259
-132
-175
-228
-396
-521
-506
-695
-664
-657
-580
-515
-510
-536
-565
-600
-641
-579
-497
-507
-524
-571
-549
-576
-413
-429
-626
-636
-664
-564
-621
-471
-453
-498
-488
-672
-652
-502
-551
-506
-504
-547
-596
-669
-718
-857
-749
-749
-595
-658
-561
-552
-503
-478
-612
-612
-652
-674
-744
-671
-576
-566
-495
-302
-338
-333
-216
-329
-386
-180
-203
-226
-235
-381
-216
-300
-288
-236
-266
-111
-191
-198
-263
-218
-287
-236
-91
-171
-254
-271
-226
-118
-96
-66
-3
-8
104
2
-58
58
35
224
366
438
449
399
314
312
325
442
417
376
367
411
438
433
522
536
385
328
343
294
217
252
393
411
447
386
378
227
263
146
127
50
2
-56
-46
-57
-141
-141
-177
-94
-276
-267
-213
-238
-244
-172
-213
-241
-342
-481
-533
-543
-573
-572
-456
-390
-323
-291
-422
-457
-488
-500
-384
-414
-420
-576
-539
-394
-464
-355
-391
-507
-457
-561
-686
-671
-609
-597
-593
-653
-594
-534
-584
-467
-362
-238
-203
-241
-225
-340
-276
-163
-159
-26
-165
-167
-216
-190
-118
-132
-69
-57
-107
-106
-96
-216
-130
-173
-111
-55
-71
-54
-161
-218
-157
-118
12
161
64
61
114
33
-49
34
20
53
-35
-89
-36
-89
-85
-43
10
-65
-51
-88
-67
-14
6
8
138
147
127
189
138
92
33
5
-79
18
3
-121
-33
16
39
46
15
25
56
79
75
88
171
96
131
137
121
111
288
259
354
507
329
431
448
501
610
574
559
630
565
570
613
586
667
741
733
748
853
812
774
804
756
688
611
674
774
832
836
763
815
826
804
781
879
883
984
1086
969
1049
940
900
848
797
886
942
903
978
889
808
719
650
689
764
786
676
688
618
575
549
533
515
526
413
432
301
259
257
233
176
209
302
359
394
173
189
148
160
327
269
190
277
428
419
349
290
196
203
63
-26
-15
19
-135
-137
-78
-102
-100
-141
-162
-289
-317
-386
-296
-373
-443
-401
-305
-288
-373
-233
-283
-316
-258
-289
-345
-261
-343
-237
-213
-289
-231
-213
-245
-379
-497
-580
-588
-595
-584
-490
-406
-444
-343
-317
-316
-394
-358
-385
-417
-374
-475
-420
-492
-474
-434
-282
-288
-383
-326
-223
-301
-354
-352
-219
-240
-258
-150
-129
-170
-162
-112
-233
-88
-84
42
105
55
137
128
69
132
140
28
133
161
103
192
183
283
151
249
270
317
360
323
334
381
366
295
247
171
263
163
174
297
178
186
272
339
403
271
150
96
-43
-109
-225
-145
-75
-121
-42
44
-35
-52
-187
-309
-297
-447
-447
-269
-323
-412
-435
-234
-301
-368
-322
-390
-314
-293
-281
-288
-416
-510
-570
-676
-588
-587
-509
-537
-584
-558
-611
-545
-437
-394
-545
-529
-563
-686
-653
-720
-703
-541
-514
-444
-523
-581
-529
-555
-382
-366
-270
-368
-434
-422
-430
-433
-380
-362
-117
-2
-25
16
41
5
-25
-77
-71
5
-43
50
-94
-174
-84
-261
-104
-89
-97
-8
-23
98
-57
19
-40
4
14
63
127
17
2
-41
-78
33
100
22
45
-36
-13
-121
-82
-126
-120
-61
3
8
-126
-56
-164
-108
-85
-112
17
188
137
220
289
164
196
174
45
1
9
10
-6
-121
-126
-71
-158
-250
-179
-271
-293
-412
-463
-427
-462
-289
-263
-263
-122
-205
-140
-91
5
88
167
313
207
288
326
301
287
133
124
222
216
337
460
457
461
419
415
448
516
475
550
563
593
736
669
653
631
695
732
679
713
614
530
421
597
597
643
719
727
722
591
622
717
796
871
926
952
817
787
725
641
654
611
652
563
714
692
718
711
554
445
388
352
234
285
245
370
540
504
486
545
509
496
608
551
424
381
524
489
459
549
525
478
363
318
338
348
369
427
546
494
390
387
347
273
363
314
214
63
-33
-15
28
-88
-164
-71
-158
-132
-139
-161
-113
-220
-313
-243
-324
-290
-227
-293
-221
-214
-260
-252
-319
-289
-396
-418
-456
-341
-401
-408
-273
-221
-141
-99
-136
-205
-150
-337
-429
-330
-409
-481
-395
-388
-352
-309
-310
-298
-218
-126
-67
-90
-152
-109
-172
-192
-361
-296
-290
-242
-155
-191
-132
-271
-18
-122
-57
59
-40
83
-27
-109
-208
-343
-332
-163
-38
-15
-52
-108
-141
-114
18
184
211
305
448
458
327
458
426
400
505
280
269
119
29
148
128
276
271
376
275
230
419
397
455
334
480
370
297
299
224
306
378
262
189
279
108
73
127
143
141
180
216
153
89
-35
30
-31
-24
-120
-94
29
-64
54
-7
64
140
56
54
16
19
10
3
-144
-142
-116
-56
85
-89
-40
-126
-255
-323
-501
-337
-438
-638
-534
-588
-699
-698
-568
-588
-590
-619
-536
-433
-467
-471
-374
-395
-353
-384
-340
-338
-340
-234
-366
-394
-305
-222
-199
-51
-214
-261
-301
-425
-405
-429
-368
-313
-292
-375
-393
-219
-210
-177
-240
-223
-268
-318
-399
-516
-473
-521
-522
-575
-509
-386
-450
-455
-547
-600
-583
-652
-556
-559
-583
-562
-501
-556
-571
-476
-435
-583
-596
-527
-413
-382
-479
-334
-428
-568
-591
-483
-382
-267
-152
-5
-1
76
89
153
165
91
187
141
112
42
-45
-14
-109
-87
11
82
152
91
201
171
107
195
258
283
356
417
350
369
476
544
492
619
538
457
495
453
392
195
160
11
107
19
24
202
112
104
76
56
-19
139
50
80
200
237
189
116
236
340
325
409
557
662
603
501
642
572
672
603
546
536
389
481
311
245
389
346
282
250
190
157
236
265
275
402
370
263
300
347
311
206
166
193
83
173
156
235
173
152
177
189
332
194
131
19
-25
-138
-171
-34
-127
-149
-73
-115
-58
55
-62
-35
-158
-305
-261
-416
-540
-465
-441
-519
-554
-535
-521
-565
-573
-706
-728
-722
-706
-549
-778
-716
-685
-669
-609
-500
-516
-476
-471
-353
-254
-410
-236
-343
-235
-303
-401
-396
-332
-416
-484
-402
-336
-160
-105
-60
-83
-84
-48
-64
-63
-185
-254
-76
-132
-137
-32
43
286
300
360
379
358
393
547
605
623
582
495
343
313
421
317
319
331
433
359
370
483
489
699
610
592
618
600
529
574
546
685
798
951
1087
998
993
958
950
869
858
828
806
841
860
889
960
819
967
790
741
773
622
610
499
569
459
482
409
324
265
201
353
444
407
488
488
343
366
258
258
128
120
101
62
-25
-13
-41
89
126
155
197
51
71
-35
-118
-118
-134
-480
-418
-406
-329
-147
-118
-42
87
-27
-208
-109
-254
-214
-218
-286
-356
-487
-486
-562
-592
-603
-650
-583
-544
-443
-391
-465
-395
-332
-462
-590
-601
-786
-814
-797
-864
-703
-765
-798
-744
-836
-749
-1055
-999
-1060
-1045
-844
-921
-864
-787
-741
-752
-634
-692
-641
-589
-588
-598
-622
-575
-505
-273
-218
-135
-216
-202
-162
-130
-80
164
151
26
225
146
352
345
246
355
110
109
152
42
102
54
252
305
128
-31
-128
-165
-339
-338
-393
-361
-279
-220
-151
-7
9
-24
-49
-214
-141
-328
-376
-306
-179
-94
-119
-156
-151
-64
-85
79
119
134
72
161
274
205
239
199
196
91
135
171
202
282
328
329
378
373
169
275
286
207
312
163
173
287
351
350
261
232
237
192
231
227
301
337
333
511
208
251
298
305
333
297
384
529
625
714
761
865
820
739
801
610
706
576
551
532
435
425
328
420
192
151
193
315
215
241
396
334
468
552
460
348
349
219
246
250
365
269
311
260
91
131
31
-14
-130
-153
-99
-32
-63
-61
18
-99
-223
-210
-255
-252
-362
-307
-308
-367
-360
-582
-443
-460
-465
-492
-419
-411
-395
-241
-132
-91
59
14
15
58
-74
-63
-137
-110
23
-12
6
223
21
157
157
156
153
133
152
-7
-63
-72
-59
-144
-13
47
164
246
325
333
336
446
424
454
489
294
232
232
107
227
412
432
589
596
585
655
612
654
682
606
662
595
523
574
662
702
785
659
502
381
403
388
381
395
367
350
381
451
388
522
599
584
657
796
809
746
704
680
710
565
413
499
445
460
544
499
642
740
685
742
636
577
652
652
561
661
759
627
447
397
259
191
96
29
-60
-183
-177
-116
80
92
43
81
1
-68
-158
-59
143
92
61
56
87
-3
5
178
-8
-28
-191
-441
-384
-487
-451
-409
-401
-562
-519
-592
-593
-564
-608
-552
-725
-755
-837
-962
-927
-876
-941
-927
-961
-1147
-1176
-1188
-1207
-1149
-1015
-960
-975
-894
-936
-857
-757
-893
-938
-1042
-1129
-1039
-1041
-1051
-974
-908
-823
-758
-755
-714
-693
-647
-654
-540
-486
-483
-619
-634
-737
-751
-712
-703
-620
-484
-450
-523
-530
-519
-356
-283
-291
-264
-243
-306
-320
-428
-515
-397
-364
-202
-80
-57
-53
63
32
78
204
151
-79
18
-5
-19
-34
-142
-63
-85
-14
73
79
265
217
123
41
46
-34
-6
123
58
202
221
305
130
236
223
334
344
353
345
137
220
108
142
41
114
51
124
89
-48
-163
-13
-112
-160
11
-88
61
46
123
31
-92
-126
-75
-84
-170
-213
-253
-292
-185
-88
-172
-241
-440
-486
-394
-291
-249
-113
-119
-124
-1
163
209
216
243
125
-23
-127
-157
21
73
96
103
106
19
-64
-180
-161
-86
-139
-145
-286
-217
-360
-222
-138
-188
-338
-396
-426
-386
-175
-263
-255
-252
-296
-401
-456
-525
-527
-497
-555
-540
-476
-418
-360
-439
-385
-245
-266
-320
-341
-366
-318
-244
-197
-89
-107
-50
-262
-225
-204
-265
-137
-47
26
-42
-21
18
-82
21
65
78
284
224
275
164
405
469
397
454
458
502
492
618
729
885
935
903
968
958
936
815
741
737
619
615
526
594
537
707
801
773
787
766
691
639
617
532
797
773
789
852
842
874
823
677
756
739
588
653
695
654
632
610
512
355
299
228
106
177
195
224
239
381
469
431
261
255
280
170
296
174
235
105
103
217
272
256
229
167
16
92
86
49
69
-2
123
95
65
151
60
223
227
259
302
400
458
311
372
289
314
320
248
200
199
247
227
267
241
277
398
165
39
-11
-51
5
-46
48
23
31
126
-20
104
80
-38
65
53
-122
-122
-263
-275
-247
-336
-277
-533
-516
-494
-582
-572
-558
-545
-681
-746
-773
-714
-696
-641
-475
-417
-431
-371
-328
-390
-370
-414
-245
-287
-322
-379
-591
-626
-587
-517
-535
-545
-556
-556
-653
-560
-480
-474
-507
-509
-522
-456
-478
-412
-447
-334
-408
-465
-351
-421
-490
-504
-394
-363
-246
-197
-217
-300
-339
-406
-259
-173
-193
-208
-253
-53
-123
-123
24
-8
-132
-109
-118
-303
-314
-325
-286
-232
-186
-178
-289
-278
-432
-405
-524
-626
-573
-686
-636
-666
-505
-345
-375
-349
-446
-476
-649
-588
-515
-568
-662
-639
-761
-646
-608
-597
-397
-400
-439
-430
-359
-315
-254
-239
-136
-170
-118
-200
-177
-208
-322
-184
-123
-248
-149
-184
-180
-155
-262
-119
-206
-229
-118
-198
-324
-326
-277
-260
-209
-192
-179
-203
-117
-202
-271
-202
-312
-250
-189
-221
-99
-3
26
103
120
130
129
96
-21
48
-42
-59
-77
-57
84
-47
110
86
30
125
-81
-160
-233
-294
-147
-129
-58
125
57
100
120
129
261
196
236
230
106
82
167
99
177
203
207
173
-37
38
10
34
-34
91
208
272
408
367
292
240
191
278
384
396
607
567
615
601
624
588
464
667
633
566
586
544
483
399
595
586
668
716
689
749
784
639
635
803
672
562
654
634
680
678
713
657
698
620
586
531
477
520
525
560
551
628
597
504
448
371
283
189
172
50
58
98
54
105
103
138
165
96
207
332
328
389
405
359
278
220
168
-16
-105
-119
-110
-134
-98
-65
-87
-40
89
178
126
181
-1
39
91
35
44
164
149
105
202
121
-31
-132
-80
-175
-124
-89
-63
160
178
206
311
392
392
452
464
469
379
368
355
387
383
391
294
281
176
149
-32
-68
-125
-269
-41
-106
-71
-94
-173
-161
-185
-83
34
-45
-136
-96
-198
-81
-77
-77
58
114
-27
-67
-139
-219
-189
-134
-59
-162
-318
-378
-322
-249
-253
-353
-392
-584
-579
-689
-723
-757
-681
-577
-593
-379
-256
-243
-311
-240
-247
-146
-57
52
241
104
92
150
104
20
27
83
-48
-97
-47
-155
-127
-217
-345
-242
-338
-220
-163
-240
-286
-427
-465
-340
-392
-513
-475
-607
-610
-698
-689
-692
-833
-790
-764
-885
-785
-722
-740
-646
-620
-502
-437
-441
-525
-497
-550
-679
-790
-674
-514
-500
-367
-344
-133
-193
-323
-257
-308
-335
-375
-492
-524
-635
-597
-499
-476
-393
-360
-399
-424
-551
-616
-574
-559
-505
-433
-365
-403
-292
-312
-298
-201
-227
-179
-180
-54
-91
-20
-126
-23
41
-124
-141
-156
-259
-164
-182
-106
-27
-182
-113
41
163
121
143
101
162
175
168
161
185
180
31
18
53
115
166
208
147
128
152
104
113
187
246
379
425
646
557
509
519
384
330
250
241
193
151
205
193
186
165
-3
-72
-207
-254
-221
-163
-165
-102
-95
-10
82
17
-19
134
128
133
181
78
17
-116
-81
68
173
334
302
273
279
231
251
235
232
291
271
339
367
244
324
244
245
236
279
232
209
255
127
224
244
182
325
404
405
510
531
623
528
505
437
521
503
421
389
325
261
9
-19
-95
-52
-71
48
142
135
183
153
96
104
69
29
-21
-123
-171
-258
-182
-353
-236
-312
-342
-256
-278
-357
-299
-210
-402
-302
-194
-175
-220
-248
-286
-342
-395
-388
-289
-307
-300
-219
-298
-266
-200
-154
-150
-146
-71
-70
-14
116
99
225
215
170
161
113
296
316
371
243
360
410
507
669
627
653
651
567
600
595
507
510
380
457
524
512
504
416
374
201
199
168
220
293
314
502
521
566
638
660
721
592
549
371
224
85
65
130
75
194
295
209
201
187
186
270
196
325
258
325
346
384
510
507
418
294
291
388
282
276
288
163
359
338
378
369
322
503
393
303
163
77
154
95
-12
38
89
58
148
169
26
69
78
146
340
363
386
474
541
467
450
384
402
323
240
190
24
37
53
0
54
51
-11
-65
33
112
76
251
153
-22
-148
11
46
-84
-119
-84
-167
-254
-313
-227
-319
-366
-290
-476
-420
-519
-596
-650
-653
-675
-726
-651
-662
-704
-598
-566
-510
-494
-483
-494
-591
-638
-662
-729
-872
-758
-922
-969
-977
-1098
-973
-757
-864
-757
-778
-751
-649
-645
-472
-320
-298
-301
-295
-201
-139
-100
-25
-20
45
78
102
108
116
85
87
-25
125
41
-65
-99
-185
-221
-210
-71
-58
142
256
284
192
355
332
246
418
414
507
437
568
568
577
573
527
463
389
343
289
378
392
528
467
495
527
696
712
693
795
639
548
533
623
580
599
591
602
657
707
464
262
240
185
206
258
267
294
293
192
145
87
-49
-43
-106
-42
33
44
176
228
260
360
362
330
166
62
118
-36
-63
-82
-97
-41
-9
49
39
-41
-114
-209
-347
-313
-324
-267
-277
-188
-64
-33
-31
4
-69
-43
-39
-175
-107
-77
-181
-328
-454
-325
-321
-306
-117
-211
-215
-185
-136
-197
-77
-28
-115
-238
-335
-226
-252
-129
-71
-122
-245
-256
-315
-298
-188
-115
-79
18
67
-14
44
56
5
21
58
5
-54
-17
24
-83
-73
-10
37
70
-35
-59
-78
-61
68
98
63
104
120
82
168
194
134
96
-52
60
-76
-259
-64
-27
-166
-138
-69
-173
-289
-248
-157
-150
-183
-160
-84
123
259
430
551
634
656
583
555
687
490
346
392
255
393
506
572
658
665
702
704
664
661
582
464
541
715
755
812
935
927
870
946
855
775
846
921
957
984
1040
1071
1149
1055
1075
1004
861
747
613
448
345
384
433
383
429
476
242
209
183
124
149
67
-32
41
107
290
323
249
390
201
-33
-144
-195
-283
-326
-363
-433
-424
-513
-547
-529
-466
-409
-482
-544
-397
-553
-415
-277
-293
-184
-74
30
-100
-228
-338
-404
-477
-466
-388
-396
-499
-426
-503
-502
-425
-337
-564
-537
-404
-636
-736
-612
-581
-831
-781
-707
-748
-751
-819
-889
-696
-650
-582
-658
-598
-452
-303
-159
-123
-65
-4
14
99
-81
-198
-45
-146
-135
3
-137
-63
-7
-94
-90
-80
-65
-161
-277
-237
-175
-322
-406
-348
-264
-280
-174
-306
-387
-450
-362
-417
-559
-383
-334
-386
-384
-152
-121
-90
-29
-92
-126
-192
-123
35
4
172
144
144
116
48
126
231
372
203
203
392
358
310
354
347
268
-15
-43
-66
-139
-130
-41
-134
-165
11
-61
-2
22
45
38
-1
159
265
120
140
62
118
110
73
-7
54
155
-10
-2
158
111
-102
-59
-49
-83
-63
34
-70
-176
-350
-323
-434
-397
-360
-436
-307
-100
-81
-133
120
31
14
17
-94
-35
-35
-138
-177
-328
-354
-491
-616
-733
-633
-546
-479
-331
-249
-265
-337
-275
-394
-473
-575
-737
-652
-655
-742
-698
-616
-524
-440
-440
-370
-395
-576
-592
-629
-619
-601
-442
-290
-160
-203
-282
-231
-328
-451
-508
-580
-564
-571
-470
-376
-267
-184
-64
-159
-193
-155
-253
-226
-398
-346
-341
-377
-452
-471
-402
-556
-512
-337
-343
-476
-369
-309
-424
-232
-137
-28
-97
-77
-108
-255
-308
-245
-206
-325
-176
24
32
103
266
433
576
629
651
494
233
244
179
157
237
311
387
463
437
379
427
317
267
180
140
250
389
570
709
811
933
1005
981
849
837
660
474
403
432
351
553
745
684
591
690
697
562
533
484
312
223
306
377
416
440
469
367
210
174
216
131
148
350
386
573
769
897
1131
1187
1226
965
845
699
569
461
475
530
567
675
757
757
771
700
678
637
563
599
436
429
387
372
427
463
381
286
53
86
-69
-80
54
50
57
135
219
163
207
141
146
-9
-93
-80
-328
-283
-219
-14
31
-84
-27
-255
-205
-248
-249
-159
-120
-189
-228
-195
-360
-383
-279
-342
-473
-553
-480
-650
-745
-628
-535
-344
-219
-38
-168
-268
-189
-367
-457
-496
-520
-394
-473
-185
12
-7
101
17
-154
-319
-390
-492
-490
-253
-196
-122
54
162
154
271
272
218
-2
-18
-18
-163
-93
53
84
180
271
261
205
62
71
99
149
221
151
191
227
283
146
95
61
-16
51
-78
-80
-300
-237
-151
-236
40
222
427
309
253
131
-263
-251
-442
-479
-445
-426
-283
-354
-303
-254
-402
-306
-259
-410
-420
-333
-289
-224
-156
-338
-494
-324
-473
-475
-714
-779
-675
-814
-812
-686
-632
-613
-484
-455
-509
-447
-368
-314
-298
-345
-290
-475
-377
-335
-427
-403
-345
-367
-452
-431
-429
-554
-647
-523
-454
-333
-223
-177
-393
-387
-355
-469
-474
-467
-506
-517
-527
-420
-452
-384
-307
-427
-477
-456
-467
-610
-482
-628
-617
-575
-499
-350
-542
-446
-487
-420
-335
-417
-339
-385
-306
-310
-293
-110
40
-18
-142
-164
-363
-557
-611
-728
-738
-667
-567
-505
-436
-308
-320
-205
-188
-102
-81
-143
-63
-202
-278
-135
-108
-155
-162
-65
-157
-260
-183
-110
-137
-14
45
-21
196
198
327
247
265
280
68
131
127
11
-55
63
-6
-22
77
29
-69
-73
53
16
-75
63
217
176
301
348
302
321
304
522
457
422
564
362
235
256
157
300
271
327
283
273
429
375
272
377
378
536
671
807
983
880
928
840
835
920
798
591
622
707
733
828
924
934
699
628
769
680
710
796
888
768
895
918
800
920
869
661
597
677
540
545
521
562
559
502
560
444
282
408
395
233
206
84
72
108
145
209
190
297
328
508
661
744
819
878
838
770
598
482
453
279
104
181
152
229
330
235
331
264
283
91
-22
-80
-367
-633
-585
-504
-710
-441
-26
209
511
664
776
789
701
677
533
187
133
-51
-123
-207
-295
-316
-384
-289
-383
-263
-208
-122
-38
108
168
246
178
110
194
220
138
92
-4
-27
-156
-308
-485
-594
-563
-664
-576
-575
-555
-589
-313
-99
24
103
173
55
-141
-134
-352
-319
-265
-277
-367
-276
-104
-180
-156
-196
-184
-497
-644
-538
-711
-680
-677
-703
-802
-880
-805
-968
-881
-911
-1158
-1004
-826
-739
-556
-464
-324
-212
-234
-152
-265
-445
-472
-441
-337
-298
-317
-260
-211
-114
-2
1
149
169
57
2
-26
-25
-76
-10
169
257
371
390
321
279
305
201
39
176
201
99
251
527
585
551
618
649
533
596
544
397
323
440
494
414
641
862
783
802
962
808
611
397
250
54
-97
-55
-217
-326
-185
-198
-114
-33
-30
-115
85
227
124
299
403
306
106
76
-81
-409
-552
-616
-691
-779
-714
-658
-688
-488
-339
-277
-254
-247
-243
-280
-227
46
69
-62
156
-16
-133
-2
17
-184
-167
-134
-75
-59
64
49
7
-42
-20
-125
-336
-331
-584
-569
-592
-390
-409
-224
21
166
229
392
479
309
334
338
138
25
78
-137
-121
-121
-206
-316
-426
-413
-486
-641
-524
-526
-547
-413
-363
-330
-304
-272
-254
-341
-264
-273
-414
-378
-315
-277
-391
-219
-82
87
183
61
-10
-87
-61
-98
-221
-130
-116
-267
-221
-106
-36
-10
97
159
195
182
165
154
104
321
315
339
372
363
431
235
329
344
229
395
302
307
372
501
503
522
591
396
283
191
393
273
299
476
379
331
386
423
162
173
190
188
136
134
235
175
276
500
476
586
650
427
343
373
279
204
348
255
241
199
190
255
99
178
264
239
327
363
347
370
436
459
391
445
642
670
504
577
405
306
348
254
148
262
384
393
282
252
83
-150
-146
-162
-335
-328
-157
-251
-223
68
238
192
202
406
188
194
212
2
-25
-75
-77
-171
-140
-195
-381
-517
-539
-561
-555
-630
-564
-504
-469
-281
-165
-95
-206
-165
-262
-294
-280
-224
-237
-163
-35
-232
-119
-108
-253
-427
-305
-370
-434
-495
-478
-575
-460
-383
-311
-335
-230
-231
-499
-494
-506
-402
-394
-274
-137
-135
100
112
181
92
26
-2
-110
-7
-113
-123
-182
-117
-33
-77
77
148
271
435
551
411
350
382
254
174
202
411
399
424
559
407
357
440
360
319
325
405
421
455
478
472
509
436
481
300
302
348
-10
-5
247
420
430
514
596
492
542
556
491
423
446
493
364
536
528
483
648
657
542
436
524
433
460
585
660
675
600
694
704
637
681
656
496
367
451
319
270
326
490
534
496
508
519
359
274
234
130
-8
184
-1
-123
77
-28
-129
-50
-93
-156
-381
-401
-443
-593
-513
-517
-439
-311
-179
-67
-186
-148
-243
-335
-274
-341
-444
-543
-476
-562
-589
-619
-637
-698
-853
-939
-1022
-1119
-1107
-1123
-1162
-1093
-964
-1036
-1172
-1232
-1290
-1218
-1294
-1103
-1190
-1155
-947
-951
-934
-885
-961
-1089
-1066
-1119
-1185
-1247
-1185
-1185
-1095
-953
-819
-844
-774
-700
-651
-851
-752
-708
-858
-701
-752
-723
-638
-570
-622
-646
-595
-650
-666
-676
-569
-604
-738
-464
-427
-257
12
80
77
175
281
115
155
240
253
218
332
301
251
321
381
382
350
274
198
151
229
389
495
501
570
805
849
1018
1064
1041
1048
916
871
766
821
807
669
750
722
708
698
563
562
573
546
559
545
760
848
835
843
799
817
586
582
623
656
602
633
575
663
607
589
517
296
283
71
16
-37
-97
-14
40
158
204
129
213
219
244
132
211
270
196
476
479
413
418
385
378
241
253
114
290
306
213
260
279
405
298
181
100
11
-248
-189
14
-58
-15
41
164
238
298
501
443
424
287
157
51
-72
-38
-19
125
68
-168
-139
-176
-376
-327
-319
-432
-451
-446
-348
-417
-452
-435
-464
-568
-599
-645
-695
-606
-635
-635
-721
-726
-740
-788
-694
-599
-739
-705
-502
-493
-331
-211
-153
-153
56
246
149
10
7
210
179
259
247
164
234
334
397
302
390
285
217
345
339
236
209
257
340
416
413
526
484
479
453
291
228
345
434
312
122
119
304
326
615
586
592
678
755
768
608
592
588
549
556
513
539
473
435
279
119
185
231
320
282
332
226
186
317
141
35
-49
-13
-68
-54
-7
-192
-220
-250
-231
-234
-236
-243
-316
-216
-199
-185
-166
-29
-100
-28
-15
-54
-88
-105
-22
-120
-182
-209
-227
-307
-157
-189
-275
-187
-190
-1
29
-47
-93
-228
-407
-357
-552
-750
-658
-692
-637
-510
-444
-523
-398
-361
-363
-402
-469
-305
-420
-379
-332
-403
-322
-350
-300
-450
-440
-535
-702
-699
-644
-679
-858
-769
-747
-824
-991
-1029
-1065
-1088
-932
-984
-1217
-1159
-1209
-1396
-1554
-1391
-1350
-1417
-1375
-1402
-1365
-1394
-1254
-1203
-1258
-1164
-1180
-1168
-1157
-1069
-1013
-1041
-968
-1089
-1153
-1014
-1122
-1032
-1026
-927
-703
-746
-655
-708
-705
-423
-400
-395
-294
-263
-235
-314
-249
-317
-153
-94
-82
-121
-41
51
14
237
341
357
258
471
433
464
582
610
733
738
786
616
661
653
661
669
569
644
678
872
872
883
966
955
1027
842
929
986
942
940
1045
1280
1188
1253
1219
1142
924
737
674
723
769
635
567
674
705
621
596
623
672
638
597
472
545
501
522
569
538
514
448
370
246
143
168
185
130
297
355
405
467
425
446
253
479
484
355
449
594
551
429
379
308
292
292
337
285
252
203
59
71
-23
-123
-29
47
-4
115
105
-52
-13
-161
-207
-268
-380
-229
-320
-423
-408
-444
-436
-339
-290
-131
-48
30
70
0
-143
-258
-309
-439
-368
-432
-445
-403
-341
-555
-495
-415
-504
-341
-473
-310
-339
-351
-314
-239
-184
-189
-153
-214
-321
-300
-244
-278
-333
-426
-342
-213
-187
-158
-113
47
-54
-127
9
6
116
198
269
382
627
778
811
751
769
681
577
615
505
451
330
437
407
448
490
539
601
572
611
468
361
399
417
399
500
607
658
525
526
556
533
524
538
549
544
529
440
536
387
422
390
354
432
417
387
357
304
299
594
599
458
427
434
530
533
551
576
469
440
438
313
336
374
296
361
360
380
278
254
197
284
303
352
323
274
320
413
457
312
432
336
232
228
319
148
-1
41
27
10
94
31
-121
-90
-162
-255
-185
-227
-293
-154
-184
-244
-337
-438
-413
-478
-439
-530
-589
-628
-674
-785
-647
-779
-781
-798
-812
-794
-780
-920
-840
-831
-832
-845
-741
-544
-444
-328
-468
-424
-548
-622
-628
-577
-686
-716
-684
-582
-471
-401
-239
-189
-388
-602
-675
-743
-868
-937
-811
-729
-687
-710
-608
-559
-494
-285
-278
-233
-380
-318
-264
-123
-74
-80
116
171
201
123
178
109
109
151
210
354
348
446
439
418
589
821
639
636
671
527
434
535
615
636
483
584
609
327
328
149
158
110
39
-50
41
172
163
299
503
623
583
703
695
640
601
677
687
604
685
789
829
797
938
726
713
767
656
533
496
426
301
243
307
86
-40
-125
-372
-430
-376
-506
-691
-700
-885
-884
-1046
-939
-863
-1039
-984
-1072
-1031
-932
-879
-646
-697
-490
-379
-333
-343
-411
-503
-638
-493
-125
469
481
392
235
25
296
629
988
1193
1247
849
529
706
745
741
852
1134
1028
857
891
736
420
123
209
374
496
573
402
112
-107
32
184
443
766
729
472
379
326
226
576
771
704
545
259
-115
-362
-475
-707
-770
-672
-559
-852
-940
-1189
-1769
-1972
-2057
-1830
-1746
-1706
-1802
-2082
-2324
-2302
-2070
-1927
-1647
-1373
-1382
-1546
-1398
-1405
-1376
-1309
-1218
-1120
-1064
-597
608
1534
984
289
207
419
566
1512
2796
2969
2457
1745
1768
2221
2284
2328
2532
2959
2271
1604
1616
1408
485
-50
318
477
455
87
-463
-1270
-1666
-1200
-746
213
882
714
241
159
402
801
1437
1826
2399
2454
2036
1940
1685
1217
909
992
1102
1123
820
272
-473
-1213
-1367
-1353
-868
-363
-260
-507
-786
-914
-927
-638
-297
259
520
651
687
713
645
685
850
898
1196
1281
1035
604
-36
-462
-705
-802
-802
-700
-790
-1063
-1254
-1369
-1299
-1288
-973
-671
-607
-440
-250
-105
-22
80
296
564
889
985
1116
970
780
602
473
488
506
621
521
269
53
-150
-256
-356
-368
-404
-298
-469
-320
-11
-56
20
-18
89
74
167
147
138
197
279
440
389
228
86
-119
-113
-135
-37
-223
-377
-609
-788
-1123
-1260
-1275
-1213
-1010
-782
-681
-1020
-985
-1093
-951
-673
-613
-603
-820
-1088
-1110
-1185
-1043
-1003
-1090
-1110
-1391
-1488
-1562
-1793
-1885
-1972
-2194
-2045
-1942
-2157
-2346
-2350
-2318
-2052
-1917
-1994
-1758
-1676
-1724
-1693
-1037
-290
264
769
1095
1067
919
1384
1741
2109
2368
2445
2307
2121
2129
1952
1854
1875
1849
1220
922
725
139
-321
-688
-842
-899
-960
-1020
-1255
-1451
-1638
-1538
-982
-309
169
336
575
1087
1581
1770
2266
3096
3130
3482
3690
3129
2977
2774
2337
2207
2309
1889
1106
705
58
-756
-1528
-1547
-1427
-1697
-1901
-1906
-2327
-2904
-3033
-2976
-2729
-2160
-1650
-1403
-1300
-1138
-1067
-851
-470
-139
-149
-78
-29
-286
-485
-611
-1085
-1377
-1381
-1253
-1627
-2017
-2418
-3039
-3400
-3453
-3325
-3267
-3037
-3145
-3361
-3128
-2512
-1464
-248
712
857
858
1373
2085
3010
3809
4555
4487
4329
4195
4106
4059
4141
3871
3253
2788
2256
1564
555
-68
-939
-1473
-1784
-2167
-2493
-3124
-3612
-3601
-3179
-2563
-1885
-1187
-872
-728
-284
473
1287
2420
3857
4940
5005
4742
4663
4367
4444
4813
4752
4483
4107
3199
2061
1316
522
-313
-626
-631
-894
-1474
-2092
-2747
-3372
-3406
-2911
-2398
-2067
-1775
-1654
-1951
-1746
-1424
-1033
-637
-279
-231
-555
-1051
-1549
-1797
-2023
-2319
-2377
-2711
-3122
-3702
-4613
-5545
-5911
-5632
-5466
-5087
-5111
-5197
-5421
-5655
-4865
-2701
-506
1042
1084
1098
1470
2540
4139
6410
7972
7989
7165
6730
6749
6822
6528
6393
5938
4977
3584
2294
1048
-839
-2695
-3795
-3931
-3858
-4241
-5306
-6454
-7004
-6581
-5173
-3045
-1280
-474
-287
274
1429
3025
4765
6446
7404
8115
8394
8283
7805
7238
6532
5880
5468
4916
4018
2469
565
-1422
-2801
-3315
-3241
-3187
-3324
-3701
-4209
-4798
-3986
-1702
-750
-1010
815
2126
2584
4083
5127
4828
5369
5398
5056
6185
6661
5016
3562
2978
1560
-107
-695
-981
-2803
-4348
-4558
-5192
-6485
-6855
-7064
-7372
-6559
-5005
-4217
-3921
-3240
-2777
-2085
-270
1546
2739
3634
4501
4143
3881
4030
3807
3098
2863
2564
1680
626
-956
-2332
-3688
-4256
-4542
-4624
-4642
-5088
-5806
-6115
-6326
-5878
-4853
-4096
-3156
-2006
-1227
-441
544
1238
2127
2891
3775
4362
4715
4675
4147
4020
3866
3562
3361
3212
2402
1141
279
-367
-770
-874
-1274
-1843
-2295
-2522
-2459
-2219
-1773
-1440
-932
-159
284
950
1338
1433
1728
2210
2765
3200
2970
2700
2322
1829
1572
1751
1682
1262
465
-166
-608
-1218
-1715
-1859
-2286
-2357
-2278
-2613
-2762
-2920
-2920
-2680
-2293
-1902
-1373
-1198
-843
-789
-897
-793
-531
-590
-908
-1272
-1418
-1833
-2392
-2761
-3439
-4032
-4445
-5196
-5546
-5759
-6539
-7146
-7095
-7303
-7756
-7730
-7762
-7399
-6848
-4159
1418
3057
-700
-2213
549
3892
6296
9887
13152
13106
8992
6676
9519
13213
12449
10686
11736
11537
6384
2970
4188
2843
-2013
-3836
-1863
-1762
-4827
-7920
-10150
-11608
-10401
-7387
-3774
-1660
-2027
-4146
-4840
-2968
1159
5895
8814
9270
9078
9356
8776
7397
8029
9253
8321
6801
6875
5812
2134
-2099
-4795
-5351
-4936
-4831
-4901
-5011
-6591
-9745
-10979
-8911
-6042
-3369
-780
1143
1738
1425
1551
3769
6683
8802
10397
12099
12218
10519
8243
7089
6111
5413
5172
4735
2861
124
-2846
-5649
-7374
-7552
-7062
-7229
-7454
-7737
-9248
-10368
-10085
-8659
-6893
-4965
-3644
-3642
-4032
-4379
-3682
-2393
-1623
-2189
-3214
-4078
-5015
-6689
-7561
-8545
-9720
-6647
-796
1329
-2628
-7289
-7960
-4957
-810
3887
8690
10271
6243
1394
3209
9571
12349
12107
14301
15214
10742
5877
6157
6699
2705
-530
151
540
-2348
-7398
-11706
-14295
-14792
-13303
-9289
-5343
-5570
-9126
-12168
-11520
-7178
194
7135
9793
9746
9206
8318
8213
10803
14679
16099
15010
13942
13082
10846
6288
1792
265
670
923
599
-174
-3669
-9244
-12162
-10375
-7434
-5119
-3011
-2111
-2294
-2717
-2121
1102
4874
7384
9950
12583
13697
12945
12142
11332
10744
10842
12109
12599
11102
7964
4195
1030
-848
-1981
-2778
-3686
-4753
-6199
-9003
-11036
-11309
-11317
-10720
-9016
-7301
-6723
-7224
-7845
-7316
-5779
-3983
-2712
-1650
-1365
-2786
-4579
-5308
-4950
-4781
-4941
-6116
-7362
-9236
-10986
-9870
-4541
-811
-2908
-7659
-8552
-5743
-1828
1215
5062
8242
7344
3554
4502
10542
14049
12504
12578
15199
13847
9282
7944
8616
5729
1493
619
1615
-627
-6260
-11262
-13271
-13547
-12685
-11175
-9484
-9640
-11802
-13496
-12371
-8585
-3439
1648
4395
5399
6619
7263
7069
8742
12585
14389
13611
13317
13448
11815
7900
4081
2737
2278
1156
-199
-704
-2938
-6989
-8992
-9570
-8550
-6060
-4924
-3809
-2290
-2776
-2479
531
2878
5250
8447
9807
10315
11165
11423
11249
10532
9940
9652
8284
6243
4657
1990
-1935
-4821
-7536
-10136
-10605
-10491
-12760
-15660
-17319
-18114
-18168
-16593
-14495
-12604
-11047
-10119
-9240
-7566
-5782
-5315
-5373
-3819
-981
259
-102
-935
-2371
-4226
-4654
-4892
-3291
3162
7388
1703
-4687
-4773
-1838
-76
2671
7574
10478
7078
1617
2290
8279
11699
10953
13724
18190
14670
7323
7022
9197
6762
3428
4971
6285
2717
-2683
-7673
-12067
-12299
-9105
-5672
-3746
-3916
-7545
-11942
-12900
-8699
-618
6525
8521
7584
8012
8014
6653
8401
13834
16660
16283
16138
16099
13308
9075
5422
4193
5244
5867
5052
2855
-1304
-7038
-10421
-9420
-7422
-6211
-4184
-3841
-5542
-6678
-6499
-4540
-718
2867
5961
7953
8432
7630
6781
6847
8118
9430
10575
10903
8612
5175
2542
-32
-2472
-3152
-3336
-4839
-7636
-10970
-14209
-16861
-18190
-18029
-16475
-14005
-12963
-14423
-16622
-16158
-13532
-11898
-10068
-7891
-7421
-8803
-9215
-7684
-5508
-4643
-5794
-7730
-8320
-8926
-6618
1991
7436
1186
-6179
-6285
-2122
1575
5729
10642
11803
6680
2231
4516
11057
14865
14332
15276
16941
13193
8255
9124
10332
6071
2080
3892
6058
2752
-3636
-9299
-13621
-13763
-9534
-4323
-1604
-3434
-9776
-14617
-12864
-6038
1951
7927
9575
8631
8074
8823
10722
14314
18029
18781
18235
19185
19136
15957
12013
8798
6928
6634
7255
6262
2934
-1687
-6765
-9813
-9186
-6909
-5457
-4204
-5463
-7800
-7686
-5418
-2548
896
4268
6851
7629
7435
8768
10624
11183
11595
12568
12266
10719
9088
7690
5063
1631
-514
-1053
-2190
-5129
-8387
-10961
-13513
-16262
-17366
-16479
-15214
-15071
-16155
-16646
-15711
-14394
-12860
-10141
-7984
-8583
-9560
-8497
-6401
-4226
-2883
-3209
-3854
-5174
-6554
-7064
-7745
-5350
2051
5561
458
-5097
-5374
-2834
-973
2850
8797
12428
8076
2144
2970
8640
10861
11779
16623
19421
13583
7448
7642
8693
5706
3775
5593
5837
966
-6037
-10769
-12779
-11734
-9367
-6918
-5506
-6818
-10943
-13234
-11679
-7386
-1628
4497
7300
7632
8145
8047
7703
9880
14884
18849
20129
19551
17530
14141
10610
7354
6939
8613
8428
4660
454
-2745
-7132
-11424
-11112
-8144
-6654
-7167
-7241
-7023
-8006
-8472
-5873
-1045
2995
5679
6137
5866
6054
6737
8652
11671
13397
12984
11489
9736
7516
5223
3788
2846
1572
256
-1812
-5125
-8487
-11631
-15192
-16516
-14701
-12845
-13276
-14631
-16123
-16549
-15250
-12318
-9271
-8366
-8999
-9694
-9240
-7345
-5015
-4209
-4042
-4081
-4310
-5962
-8132
-10215
-8552
-826
6140
3576
-2496
-6553
-7652
-5530
795
7945
12425
10828
4333
848
5058
10825
13127
16060
19492
17143
10335
8126
9516
8269
4801
5063
6088
3559
-2004
-7760
-12375
-13044
-11188
-8720
-6281
-5145
-7364
-11551
-13615
-11401
-4750
2750
7248
8725
10025
9755
7762
8907
14999
20322
21547
20697
19929
17852
14149
10058
7938
8977
9287
5258
1552
339
-4115
-10036
-11583
-10270
-8962
-8520
-8001
-7063
-6821
-7945
-7707
-4069
182
3143
4352
6023
8481
8261
6525
8168
10413
10728
10468
9784
7909
5309
2353
766
374
-759
-4346
-7986
-10276
-12270
-15313
-17218
-17056
-17007
-17604
-17544
-16473
-15986
-15567
-14813
-14178
-12612
-10729
-9550
-7881
-6418
-6358
-6823
-6886
-6679
-5580
-5307
-6770
-8824
-8929
-3020
3805
2448
-2925
-6099
-7606
-5628
825
7273
9439
7265
2307
826
5353
11944
14392
16064
18374
16409
10627
10449
12626
10981
7914
8222
9051
7123
2460
-3347
-7732
-8434
-6209
-4103
-2113
-1585
-5021
-10387
-11615
-8134
-2098
4047
8288
9468
9243
8512
7891
9630
14807
19479
21290
21155
19181
16196
13495
11073
9042
9191
9768
8004
4791
1454
-3642
-9683
-12467
-11103
-7375
-4824
-4744
-6190
-9309
-11673
-9841
-5021
126
4876
7321
7423
6218
4602
5374
8979
12445
14393
14714
13180
9757
5898
3597
3942
5027
3748
795
-3098
-7393
-11884
-15420
-16103
-15270
-14390
-14431
-16283
-18809
-19702
-18916
-17591
-15524
-13487
-13527
-14365
-14272
-12840
-11433
-11340
-11915
-11989
-11017
-10400
-10893
-12542
-8796
509
4087
-2002
-5781
-5236
-2891
532
6869
12204
13321
8302
3822
6044
13406
18190
19020
21623
22547
16381
9735
10579
12085
9146
6176
6036
4333
-375
-7304
-13498
-15976
-13765
-10770
-8707
-7451
-8656
-13521
-17058
-14519
-7060
1792
8733
11288
10282
10500
11410
13181
17582
23936
27124
26563
24722
22524
19193
15950
12464
10162
10092
9431
5198
-322
-5763
-11977
-16619
-16230
-13070
-12208
-12091
-12478
-14293
-16698
-15558
-10988
-4748
-96
3159
4806
5533
5905
7639
10511
13655
15973
16793
16896
14619
10749
8305
7321
6395
5940
4500
-465
-7265
-11925
-14360
-15270
-15511
-15914
-17113
-18634
-20885
-22515
-21022
-16897
-14309
-14218
-14099
-13150
-12653
-11443
-8719
-5968
-4420
-4276
-5859
-6703
-6034
-6348
-6762
-6455
-6433
-8654
-8930
-2779
715
-6563
-13162
-12483
-6877
-1013
3811
6342
6818
3085
-606
3016
13259
20318
20615
21316
22151
17074
12475
15171
18274
17414
14951
13546
10595
5540
-810
-6116
-8922
-7691
-5829
-5721
-6245
-9172
-14842
-18828
-17529
-11125
-2551
3834
5559
3703
2676
3430
6917
13585
20455
23371
22904
21177
18582
15792
14328
13529
13117
13700
12582
7336
861
-4019
-8142
-10900
-10896
-8388
-7866
-10640
-14705
-17252
-17171
-14631
-10995
-6513
-2149
-1034
-1622
-164
3269
6578
10279
13621
15989
16215
14916
14081
14550
14083
12120
9530
7189
4688
1251
-2821
-5919
-8913
-12743
-15697
-16871
-17328
-18439
-20098
-22334
-24263
-24573
-23001
-19812
-16332
-14800
-14351
-13626
-12962
-11676
-8754
-5907
-4569
-3646
-3095
-3049
-4623
-6288
-7436
-4869
3010
7059
637
-6149
-8200
-5589
-1344
4583
8683
9016
4043
17
2991
10565
15017
15250
18169
20306
16241
11474
13203
15146
13947
12611
12989
10808
6184
293
-4979
-7058
-4758
-3307
-4834
-5736
-6095
-10194
-15240
-14397
-7687
-765
2347
4563
6041
5921
4138
6266
13388
19760
21526
21094
20652
19278
16825
15630
15698
15016
13427
10957
8663
5389
-327
-5590
-7282
-7257
-7515
-8461
-9280
-10319
-12370
-14222
-12587
-8764
-5500
-3796
-3100
-1334
1202
4370
8416
11407
12336
13265
14717
15989
16463
16101
14094
11550
8873
6688
4857
2491
-1536
-6334
-9981
-11649
-13177
-15313
-17222
-18497
-21046
-23764
-23511
-21185
-19896
-19783
-19240
-17460
-15762
-15119
-14252
-12131
-9785
-7660
-5509
-4513
-6093
-8799
-10349
-10336
-10655
-9487
-1272
6164
-759
-12439
-14816
-9948
-2806
3353
8756
10222
6335
-1115
218
9842
18927
19792
21512
25394
23324
15597
14430
18397
19859
18028
18276
17506
12005
2864
-6342
-10172
-7289
-2670
-3209
-6554
-9869
-14552
-21105
-21820
-14655
-5020
204
1807
2374
2626
1558
2265
8533
17028
22526
24096
24158
21706
17811
15219
14813
15687
17209
16296
12286
6344
962
-3393
-7249
-8767
-7808
-7703
-9523
-12135
-15038
-16307
-16681
-15985
-11254
-5873
-3691
-1647
605
2051
4027
7903
12158
15337
17500
17135
15605
14930
14642
13262
10995
9215
7029
2817
-2595
-7077
-10519
-13060
-15029
-17623
-20045
-21049
-22899
-26053
-27247
-25700
-23522
-21399
-19197
-17308
-16278
-15326
-13722
-10935
-7680
-3959
-2308
-2690
-3788
-4404
-6521
-7800
-8322
-6813
1401
9020
1733
-10258
-14175
-10209
-3041
3809
9484
10732
5210
-3015
-1603
8632
18578
19623
20705
25140
24319
16806
16022
20514
21962
19221
19643
18975
12411
2755
-4702
-7132
-4451
-1791
-3870
-7492
-11400
-15400
-20353
-20408
-14022
-4954
-224
877
1275
1657
744
1942
9394
18820
23252
22740
21813
19945
17181
16293
17644
18978
18528
15405
11576
7279
1727
-4860
-8066
-7679
-7187
-8830
-10970
-14662
-19146
-21497
-19218
-14460
-9007
-5467
-4649
-4688
-3548
-717
4119
9534
13246
15874
16599
15874
14624
13963
14484
15185
14106
11109
6493
1113
-3634
-7282
-9897
-11146
-12863
-16823
-21412
-23717
-24362
-26032
-27115
-25015
-22135
-21504
-22063
-21347
-19707
-17794
-15062
-11948
-9611
-7271
-5813
-5681
-6348
-7091
-8277
-8435
-7516
-6405
-712
7606
4066
-9459
-15415
-11600
-2204
5629
11586
12114
7636
-756
-1130
7886
20429
24840
23838
25489
25749
19406
17075
21145
23211
21327
20071
18901
13178
5284
-2980
-8908
-9431
-4828
-3493
-6647
-11578
-16305
-21645
-23956
-18503
-7562
1130
2668
311
-770
1082
3118
8662
17224
23481
25154
24896
23894
21284
18802
17887
18144
19556
20406
18569
12698
3945
-3610
-7192
-7074
-6133
-5318
-7094
-12144
-18423
-20667
-18274
-13899
-9337
-6418
-4731
-3919
-3275
-1326
3108
7378
10442
13292
17153
18613
15960
13365
13144
13272
12808
11794
9772
5074
-2358
-8525
-10855
-10501
-10479
-14203
-19534
-22650
-24321
-26262
-26720
-24388
-21647
-20891
-21660
-21608
-20453
-19206
-17880
-15634
-12205
-8659
-7460
-8390
-10069
-11136
-12954
-12202
-9330
-2249
7076
6976
-6690
-15818
-15050
-5442
4664
11960
13629
10545
1135
-3974
4260
18195
25256
23699
24593
25473
20277
14363
17245
21499
21000
18278
18582
15177
5917
-5581
-10749
-8953
-4632
-3278
-5580
-10785
-18517
-23421
-23256
-18209
-10232
-1189
2784
1391
-519
674
2111
6885
16035
24563
27109
25640
22833
20176
18873
19767
21597
23438
22541
17063
11420
7751
2529
-4192
-5373
-4841
-5386
-7710
-10524
-15058
-19117
-20287
-16120
-9131
-3747
-2796
-3960
-4689
-3774
754
6898
13143
15928
15740
15632
15132
13284
14020
14350
13465
13380
11137
5540
227
-5051
-9091
-10948
-10995
-11163
-14749
-20536
-24399
-27187
-29107
-27037
-22522
-20139
-21327
-24060
-25319
-23859
-21004
-17939
-14378
-12304
-11731
-11830
-11822
-13315
-13836
-13526
-8961
3300
13535
6348
-7648
-14086
-8739
2186
11740
18608
20172
12358
-964
-1586
12520
26746
26989
25578
26695
21857
11466
11753
18320
19955
15185
13931
13330
7307
-3930
-13040
-15407
-10915
-5702
-5152
-7913
-13651
-21115
-26694
-22776
-11451
73
4984
4612
2323
2282
2973
6281
14627
24382
28118
25924
22926
20986
20386
20749
20779
20594
20821
17438
10078
4568
3152
-1351
-7937
-10466
-8498
-9166
-13661
-16273
-17376
-19943
-21376
-16738
-8535
-3177
-3707
-5878
-5138
-1758
2669
8353
13860
15957
13626
11336
12190
14450
14808
13460
12563
11277
6773
1083
-2660
-5371
-9667
-14275
-15437
-14172
-15830
-20716
-25050
-27190
-27976
-26550
-23153
-19984
-19766
-22539
-23630
-21754
-18065
-14953
-12467
-11959
-11179
-10113
-10094
-11870
-13519
-13046
-10969
-2757
8676
7357
-7077
-16950
-14779
-2242
7853
14028
15941
12357
54
-2875
9063
25200
29500
28093
28364
25422
17634
16295
23228
27057
24469
21730
19619
12630
3217
-4697
-8244
-7474
-3458
-2263
-5381
-12247
-18310
-23126
-24701
-18551
-6424
2746
2301
-1254
-1460
689
2838
10099
21754
28823
27202
23202
22343
24489
25385
24625
24605
25975
23816
17768
13625
11304
5252
-1704
-4353
-3733
-3782
-6993
-12862
-17861
-19903
-20656
-18189
-13495
-9441
-8630
-8869
-8899
-5353
-77
3877
7285
9705
11179
11759
11390
11795
13715
13658
12752
11080
8150
4982
1669
-2558
-6567
-10293
-13151
-14462
-16034
-19723
-23258
-25774
-28270
-29920
-29886
-27942
-25695
-25114
-25233
-24140
-22807
-23688
-23888
-21974
-17413
-13962
-12915
-14214
-13456
-4904
6833
5883
-4289
-6505
-1776
6351
12418
18640
19638
14486
3812
3195
14416
27958
30039
26931
26984
23976
14158
11094
17906
22335
18275
12449
10656
7374
-925
-11787
-15724
-11690
-5389
-5449
-8223
-12510
-18689
-24755
-24167
-13819
-814
6091
4290
1318
1901
4531
7680
15644
25341
30469
28964
26403
24489
23557
23480
23853
24411
24492
22683
17282
10337
4501
1073
-959
-2792
-5680
-7721
-10893
-14631
-17632
-18657
-19648
-16982
-12124
-8975
-7974
-6589
-5504
-3915
488
5686
9757
12004
13714
13256
11786
12569
16118
16468
15144
14603
12636
6955
899
-2813
-3305
-5230
-9952
-15035
-17773
-19485
-22040
-25581
-26816
-24193
-23779
-26285
-28185
-27863
-27800
-25814
-21873
-16871
-15471
-18625
-22703
-22716
-19087
-14484
-11306
-7981
216
8660
3506
-9625
-12548
-5234
6274
13293
18168
18229
11586
-1515
-3652
9125
25308
29061
25510
24050
19504
9906
7957
15356
20894
19229
15341
12022
5836
-2740
-11498
-13965
-8440
-808
-1426
-7192
-15134
-21415
-24100
-20480
-11413
-1250
4719
2970
-1254
-1299
4351
8623
13738
20752
26806
27045
23737
21042
20816
22342
23131
23449
24915
23540
15740
7910
5746
5495
1366
-2875
-3374
-4062
-8579
-13033
-15716
-17920
-19210
-16880
-11665
-7616
-7412
-9383
-10250
-7468
-1916
5691
11570
12807
12042
10378
9578
10675
13193
15930
16785
14332
10843
6230
404
-3728
-5912
-7779
-9280
-12161
-17513
-23392
-27024
-29320
-29646
-27482
-24730
-25020
-28491
-31711
-31942
-29114
-24204
-19088
-16702
-18601
-22059
-24021
-20695
-15387
-7072
6863
14857
5284
-5300
-5058
3787
12086
17149
21725
22684
16110
6043
6393
16142
23939
23205
22959
23594
17507
10039
10246
13656
13168
11323
10170
6178
415
-5918
-11803
-13562
-8235
-2909
-3526
-7902
-12871
-16793
-18459
-13612
-4611
5163
8250
4430
1391
3729
8344
14385
21675
26282
26641
24661
23813
23094
23689
24675
23946
21736
20530
17980
13181
8682
4976
1197
-1439
-3534
-6341
-8266
-9926
-12342
-14324
-13982
-14829
-14733
-12844
-9019
-6591
-6437
-6720
-4129
-159
3137
5130
7145
10042
11396
11324
11430
11606
10250
8708
9716
11389
9335
3933
-2455
-7356
-9710
-10366
-11401
-12478
-15389
-21224
-27435
-28271
-24271
-20659
-20940
-24580
-27725
-28460
-26808
-23183
-19001
-16072
-16483
-18962
-20527
-18705
-17119
-14756
-11946
-5595
5481
9898
-242
-9755
-8498
381
8609
14617
18699
16980
7244
-1368
4220
18222
25459
22825
21698
21122
15074
9551
12638
19143
19474
15516
11972
7274
1642
-3550
-6447
-5388
-1082
-596
-5175
-10910
-13457
-13286
-12782
-10877
-6090
753
2867
432
791
5924
8533
10194
16238
24044
26292
23945
23302
24339
24899
24651
24217
23584
22048
17203
13460
13789
12374
5228
-734
-2719
-4277
-6687
-7552
-7034
-7955
-11195
-14532
-14259
-11030
-8966
-9302
-7343
-3200
-961
-714
-116
1560
4477
7885
11143
12356
11435
9142
8103
8121
9682
8494
4604
799
-3228
-8156
-11492
-12247
-14108
-18206
-21611
-22585
-25204
-27856
-29278
-29266
-29674
-30824
-31437
-30280
-28869
-28577
-29005
-28987
-27329
-25778
-21431
-10399
-657
-2932
-8268
-7859
-251
10341
18613
22758
22711
18987
12172
11946
21464
31517
30875
26349
23282
18003
12267
12524
16982
17129
11641
5349
-88
-4338
-9471
-14787
-17271
-14487
-12480
-13452
-15879
-18473
-21274
-23354
-19913
-10374
279
4526
3605
2426
4372
7878
13739
22344
29781
31014
27822
25348
26234
29799
31821
30593
28377
26259
21808
14882
10465
8982
6955
1964
-2520
-4433
-7573
-13641
-18406
-18075
-16478
-16811
-16075
-12507
-10878
-12219
-11943
-8050
-2998
1505
4322
6206
6948
6703
7558
11216
15472
17507
16748
14556
12419
9511
8147
8937
8633
3950
-2466
-7943
-11765
-14529
-15755
-16054
-17655
-21688
-26035
-27532
-26407
-25188
-25456
-26186
-26324
-25340
-24279
-23165
-20559
-17431
-17433
-18125
-19057
-18913
-14616
-4538
4559
4895
-1923
-5512
-4120
2795
11739
17641
17570
12829
5677
3168
10158
20282
24775
22063
18113
13273
8729
9548
14607
17626
15367
11092
7601
3990
-2201
-8532
-9117
-4365
-655
-2770
-6799
-11262
-15372
-17119
-13054
-4874
1376
2127
-1295
-3009
525
5826
9019
13297
18539
20966
19691
18221
19728
23057
25482
26155
25957
24684
20214
13818
11307
13244
13306
8192
1957
-2456
-5196
-7778
-8739
-8575
-8561
-10740
-12834
-13227
-10836
-8822
-8979
-8532
-4838
-967
1142
1489
1013
1591
3240
6425
10675
13895
12407
8546
6740
8061
8258
8036
7324
3971
-2551
-8532
-10830
-11374
-12987
-16121
-18880
-21417
-23855
-27712
-29652
-29095
-29506
-31259
-31182
-29787
-29673
-31169
-32480
-30828
-27100
-19131
-8770
-4591
-10635
-15446
-12222
-237
13114
21742
23162
18683
11826
9314
16624
27439
32676
29667
25620
21709
17250
15829
18731
20533
16514
10065
4851
1674
-1773
-6742
-11555
-13329
-13317
-14315
-15149
-15547
-16748
-20052
-22728
-20303
-11649
-2602
603
-953
-1315
920
4686
12161
21539
26325
24138
20643
21471
26159
30260
30703
28537
26313
24514
21932
19786
18075
14284
8345
3538
2451
2297
-1141
-7752
-13355
-16090
-15931
-14659
-13149
-12380
-13084
-14611
-14254
-11291
-7277
-3860
-1612
573
2523
3601
3909
5707
8743
10708
11337
11748
12158
10911
9374
8589
8261
6711
3929
1255
-2171
-6630
-9949
-11399
-12361
-13555
-16160
-18610
-20054
-21473
-22717
-23233
-22868
-21607
-21104
-21271
-20496
-18923
-17609
-16599
-16410
-15568
-13868
-14066
-12737
-5987
2343
2458
-3533
-7397
-4398
1646
6731
10783
13488
10929
4005
1364
8049
16833
19573
18170
16622
13660
10152
9975
13464
15957
14921
10515
5641
3037
1655
-946
-3609
-3702
-3311
-4790
-7092
-7886
-7342
-9112
-11763
-10950
-5523
-920
-626
-555
1636
3059
3747
7521
12924
16059
16377
16697
18091
19223
20361
20993
21052
19775
17396
14988
14047
12784
10527
7470
4231
1120
-1665
-3466
-5108
-6422
-7092
-8399
-10249
-10419
-9616
-9812
-10073
-7935
-4323
-1531
-822
-1811
-2703
-1723
1225
4634
7278
8126
7044
5236
4661
6618
7927
6950
4186
496
-2509
-4172
-5681
-7661
-9808
-11937
-15014
-19342
-22666
-24436
-25439
-26617
-27446
-27042
-27300
-29762
-32273
-31847
-25495
-16916
-13498
-17057
-20069
-18835
-11455
-1695
7463
12996
12775
7740
5731
12466
23405
30191
30671
28254
23588
18892
18810
23837
27534
25078
18346
11226
7233
4613
104
-5655
-8441
-9354
-11688
-15144
-17810
-20176
-23680
-26232
-23637
-16225
-10494
-10356
-11672
-9338
-5147
-1238
4281
11672
16329
16795
16926
20432
25068
27767
28729
28816
29102
28527
26671
24796
23658
21183
16975
12673
9999
7213
3082
-699
-4193
-8267
-12639
-15766
-16751
-16107
-15034
-15135
-16454
-17665
-17027
-14113
-9706
-5433
-2905
-2714
-2228
-85
3024
6650
9652
10753
11047
11038
10905
11998
12903
12310
10912
9088
6590
3836
1070
-2278
-6364
-8660
-8840
-9473
-13098
-18267
-22878
-26026
-27021
-25753
-23868
-23985
-26865
-30962
-32366
-29784
-24284
-16241
-10007
-11757
-17614
-18376
-11605
-945
7538
12786
13579
10630
7261
9322
17594
25520
27521
26020
24753
21580
16955
15329
17542
18794
17446
14599
10303
4614
-1921
-7835
-10563
-8924
-6830
-7822
-12741
-18835
-22652
-23429
-21298
-15636
-8706
-5609
-7495
-9347
-6848
-1568
4158
9824
14408
17345
18387
18997
20600
23158
25838
27271
27406
27211
26317
23420
19771
17311
16101
14443
10718
5671
1522
-1319
-3674
-6588
-9363
-11878
-14232
-15480
-15056
-13384
-12834
-13776
-14507
-13445
-11247
-7452
-2221
1376
2322
1902
2948
5377
8511
11452
13428
13973
12732
10332
8765
8961
9327
8344
6228
3884
757
-3461
-8413
-11894
-13466
-13562
-14139
-17027
-22104
-27361
-30965
-31395
-28859
-26639
-26376
-28752
-29091
-24405
-18839
-17714
-17885
-15462
-9276
-2483
3026
7686
10517
9830
8613
13498
23744
30524
29214
25640
23560
21367
20306
22608
24874
21881
15031
8477
4625
2777
392
-3912
-7373
-10196
-13978
-17922
-19595
-19813
-21014
-23265
-23915
-20996
-16428
-13275
-12065
-9892
-6742
-3784
-160
5708
12213
15568
15736
16706
20599
24784
26864
26764
27750
28402
26372
23951
23601
23152
19536
14074
10435
9476
6933
2455
-1285
-3166
-6082
-9954
-12133
-12475
-13746
-15918
-16481
-14408
-11483
-11340
-13413
-14039
-11181
-6811
-2973
35
2383
2764
2031
3405
7039
9985
10386
9504
8979
8196
6790
5620
4809
3944
2323
86
-2323
-5076
-9108
-13107
-14663
-14135
-14818
-17376
-20690
-24888
-28065
-28309
-24618
-18877
-15007
-17543
-23343
-25058
-20352
-11802
-4451
734
1671
-635
-2895
107
8765
18007
22454
21878
20497
18744
17945
19284
22494
23336
21090
17467
13893
9874
5611
1767
-1044
-1698
-1941
-4049
-9223
-14842
-18537
-19749
-18773
-16196
-14545
-15355
-17038
-17372
-15254
-11321
-6812
-2796
-251
1598
4636
8426
11632
14889
18958
22107
23081
23114
24526
26711
27076
25961
24900
23495
20700
17412
14916
13371
11580
7364
2217
-1066
-2582
-4652
-7255
-8631
-9617
-12049
-14373
-13982
-12968
-13236
-13921
-12516
-10096
-7974
-6879
-5767
-3537
-524
2184
3641
5331
6840
7124
6694
7278
8311
8518
7491
6214
5100
2591
-451
-2607
-3498
-4680
-7609
-10949
-13375
-15642
-18866
-21568
-22874
-23158
-21936
-19389
-18081
-20672
-24204
-24446
-19099
-11372
-5576
-2968
-3049
-5157
-6144
-1410
8674
17901
20940
19104
16208
15234
17543
22779
27429
28266
24379
18522
13592
10968
9695
7914
5309
1965
-1703
-5299
-8926
-13130
-16645
-19075
-20177
-19767
-18543
-18389
-19985
-21081
-20383
-17723
-13113
-8218
-4750
-3180
-1462
1383
5532
10695
15419
18339
19717
21370
23790
26746
28737
28653
27593
26771
25591
24386
23256
20916
16647
12402
10027
7947
5084
1896
-784
-3830
-6708
-8820
-10538
-12221
-13712
-14801
-14842
-14044
-13242
-12517
-11545
-9764
-7993
-6246
-4242
-1963
19
1333
2102
3204
4215
4551
5131
6034
6393
4926
2409
588
-127
-469
-1335
-3110
-5908
-9318
-12889
-15512
-16647
-16364
-14679
-12864
-14088
-18155
-21086
-20165
-15784
-9957
-5304
-3788
-5205
-7452
-7068
-2474
5030
11230
13838
13739
12141
11144
12892
17279
20849
21703
19994
16696
13370
11171
9924
8670
7257
5069
1656
-2779
-6408
-9501
-12137
-14447
-15905
-16026
-16207
-17372
-19228
-19435
-18030
-16304
-14568
-12416
-9912
-7940
-5395
-2169
1187
4281
6957
9131
11543
14708
17808
19891
21403
22506
23113
22892
21667
21336
22073
21551
18645
15555
13278
10714
7961
6505
5515
3031
-985
-4471
-6264
-7162
-7821
-8865
-10347
-11828
-12291
-11859
-10606
-8931
-7571
-6966
-6837
-6317
-4669
-2416
-987
-576
-809
-1234
-1226
-604
590
794
-515
-2336
-3012
-3482
-5130
-7341
-9048
-10288
-12282
-13827
-13700
-11788
-10845
-12457
-15288
-16339
-14762
-10671
-6618
-4492
-4066
-4304
-4001
-2255
3045
8443
10946
10868
11071
11339
11232
13204
16732
18450
16845
14063
11222
9872
9831
9741
7919
5437
3138
858
-1748
-4166
-5908
-7765
-10003
-11918
-12356
-12296
-12343
-12862
-12824
-12644
-12384
-11426
-9981
-8389
-6626
-4567
-3238
-2073
-664
1446
3819
6691
9299
10585
10841
11736
13529
14926
15775
16256
15939
15238
15663
16404
15474
13141
11528
11418
11383
10576
9060
6419
3574
1914
1863
2095
1507
-517
-3412
-5670
-6218
-5376
-4538
-4805
-5629
-6229
-6076
-5617
-5400
-5146
-5207
-5426
-5344
-5124
-5059
-5603
-6729
-7470
-7636
-6820
-6474
-7081
-8632
-10568
-12314
-12904
-12508
-10573
-7356
-6067
-8871
-12401
-12761
-9602
-4834
-1654
-151
-376
-600
-704
1109
6344
12148
14460
13560
12555
11998
12180
13554
16362
17670
16306
12730
9013
6648
5428
3882
2344
1632
562
-1715
-5045
-7902
-9905
-10664
-10772
-10411
-10331
-10402
-11341
-12875
-13089
-11434
-8808
-6807
-5131
-3964
-3303
-2941
-2232
-162
3143
5794
6615
6336
5977
6440
7877
9774
11193
11508
10804
9540
8251
7845
8857
9238
8182
6563
6605
6859
5921
5077
5174
5499
4762
3740
3306
3589
3138
2076
1416
1343
1219
325
-270
-180
-373
-1094
-1335
-946
-445
-882
-2589
-3576
-3685
-3824
-4515
-5065
-6166
-8238
-9925
-10221
-9735
-10450
-12489
-14675
-15399
-15169
-13940
-11747
-9333
-10011
-12952
-13953
-10389
-4241
40
1245
786
473
1337
4719
9829
14936
16782
15421
13809
14454
17030
19781
20756
19345
16867
14440
12485
10845
9962
8118
4563
695
-1381
-2881
-5047
-7493
-10179
-12777
-14379
-14249
-13385
-13099
-13907
-15396
-15883
-13965
-10789
-8180
-7076
-6748
-6032
-4206
-1369
1654
3949
4852
4606
5249
7413
9591
10388
10146
9069
7709
6779
7276
8348
7760
5693
3618
2369
1312
735
959
1163
294
-1387
-2480
-2148
-678
293
-266
-877
-403
518
788
1520
2569
2627
2056
2273
3348
4055
4146
3756
3286
2871
2479
1514
568
-425
-1731
-3911
-5887
-7031
-8072
-9828
-12194
-14276
-15355
-15836
-15171
-13530
-13176
-15339
-17657
-17263
-12941
-7152
-3230
-2462
-4332
-5682
-3633
2308
9584
14482
15291
13799
12332
12655
15857
21093
24779
23855
19685
15828
14511
14641
14588
13269
10722
7711
4662
1675
-1091
-3313
-5741
-8506
-10229
-10040
-9605
-11102
-13989
-16064
-16167
-14599
-12086
-9880
-8942
-9799
-10531
-8899
-4762
-714
1580
2288
2507
3277
4968
7427
9549
10668
10231
8864
7668
7736
8337
8421
7335
5160
2790
1054
454
184
-325
-1297
-2803
-4688
-6255
-6761
-5701
-4158
-3801
-4633
-5302
-4771
-3932
-2680
-1192
341
1307
2050
2707
3274
3713
3399
3036
3612
4575
4729
3893
2619
1083
-335
-1236
-1379
-1411
-2499
-4818
-7661
-9448
-9228
-8071
-7943
-9233
-11191
-12312
-11595
-9213
-6779
-5210
-4766
-5185
-5575
-4524
-1267
2801
5263
5772
5496
5886
6804
7916
9323
11084
12841
13287
12167
10711
9742
9166
8959
9201
9339
8282
5929
3170
1463
780
373
-69
-327
-941
-2847
-5645
-6911
-5928
-5027
-5080
-5952
-7117
-8330
-8780
-7845
-5774
-4479
-4672
-5372
-4946
-3293
-1976
-1093
-154
526
294
277
1543
3171
4136
3921
2951
2348
2342
2864
3659
4435
4385
2848
1184
583
601
936
1248
1001
-86
-1515
-2367
-2308
-1693
-1398
-1474
-1342
-1187
-1433
-1960
-1515
-499
269
242
382
850
808
568
550
1051
1471
1351
854
833
1167
994
383
-451
-1277
-1550
-1437
-1553
-2021
-2683
-3403
-3682
-3329
-2755
-2675
-2933
-3342
-3791
-3909
-3618
-3197
-2643
-1685
-972
-676
-785
-911
-347
1294
3417
4968
5474
5262
4884
4817
5985
7975
9882
10584
9374
7543
6330
6626
8126
9261
8448
6313
4008
2407
2024
2290
1895
-73
-2749
-4748
-5324
-5117
-5180
-6143
-7358
-8748
-9485
-8844
-7160
-5774
-5530
-5711
-6012
-5662
-4606
-3041
-1144
487
1402
1289
1217
1668
2545
3949
5326
5792
5142
3967
3493
3678
3909
3857
3242
2006
383
-685
-638
-91
-410
-1783
-3090
-3717
-3805
-3979
-4135
-3960
-3986
-4239
-4558
-4014
-3134
-2809
-3115
-2823
-1595
-588
-275
-313
15
289
146
98
736
1355
1172
821
792
966
803
572
411
404
625
476
60
-295
-539
-969
-1280
-1228
-910
-1072
-1836
-2503
-2545
-1795
-532
343
317
-404
-939
-489
954
2981
4469
4897
4352
3828
4294
5749
7412
8309
8145
7247
6229
5891
6019
5828
5050
3893
2600
1327
197
-606
-1302
-2497
-4389
-5849
-6549
-6955
-7354
-7774
-7626
-7406
-7303
-7279
-7058
-6611
-5929
-4657
-3073
-1283
-20
364
672
1855
3394
4400
5113
5807
6061
5565
5296
5540
5680
4996
3964
3228
2712
1733
333
-862
-1562
-2167
-3177
-4139
-5265
-6398
-7534
-7942
-7519
-6639
-6377
-6761
-7293
-7213
-6374
-5314
-4014
-2751
-1945
-1928
-2068
-1552
10
1586
2328
2478
2398
2335
2418
2604
3050
3351
3414
2988
2659
2169
1099
0
-487
-526
-651
-1061
-1745
-2552
-3179
-3275
-2891
-2373
-2367
-2660
-2760
-2267
-1525
-337
862
1394
1745
2352
3566
4622
5550
6353
6765
6875
7004
6999
6979
6922
6750
6341
5477
4217
3043
2333
1652
345
-1429
-2716
-3656
-4667
-5442
-5611
-5713
-6259
-6576
-6688
-6618
-6459
-5828
-4797
-3491
-2611
-2095
-1134
190
1544
2567
3660
4494
5016
5130
5457
6213
6847
6420
5336
4594
4150
3639
2992
2163
1010
-237
-1114
-1643
-2638
-4080
-5280
-5964
-6153
-6070
-6211
-6822
-7411
-7769
-7461
-6344
-5140
-4186
-3936
-3982
-3899
-3217
-1683
156
1387
1625
1303
1098
1660
2668
3723
3976
3758
3132
2579
2465
2563
2418
2086
1500
635
12
-358
-850
-1450
-1485
-1098
-808
-915
-1249
-1552
-1511
-926
533
2234
2861
2425
1759
1980
3117
4645
6042
6442
5820
4519
3982
4680
5532
5981
5622
4636
3312
2301
2173
2462
2333
1672
546
-735
-1795
-2442
-2390
-2218
-2133
-2226
-2450
-2692
-2930
-2797
-2148
-1387
-661
-107
171
-11
-7
641
1808
2836
3293
3121
2830
3032
3343
3853
3756
3089
2237
1710
1444
1307
1257
736
-232
-1414
-1809
-1860
-2005
-2422
-3181
-3926
-4340
-4332
-4301
-4433
-4538
-4413
-4289
-4248
-4102
-3829
-3409
-2922
-2460
-2091
-1733
-910
-419
-245
-184
-160
110
599
956
865
789
593
238
-123
-37
294
456
-45
-879
-1440
-1758
-1467
-1076
-965
-1229
-1850
-2269
-1930
-1214
-576
-233
63
489
661
1145
2102
3010
3488
3489
3456
3795
4114
4436
4808
4707
4355
3952
3540
3130
2530
1954
1650
1350
1173
737
-175
-1242
-2053
-2118
-1495
-733
-494
-1184
-2423
-2922
-2560
-914
804
1557
1010
-304
-938
-215
1751
3385
3739
2992
1925
1084
1175
1979
2766
2952
2009
663
-413
-909
-1015
-895
-1150
-1704
-2378
-3003
-3525
-4183
-4145
-3831
-3610
-3925
-4359
-4583
-4547
-4169
-3401
-2605
-2118
-2206
-2718
-3089
-2725
-1705
-762
-230
-432
-687
-978
-958
-554
249
459
-74
-887
-1266
-1152
-1055
-937
-988
-809
-945
-1401
-2028
-2186
-1832
-1533
-1128
-763
-654
-909
-1092
-575
440
1253
1552
1564
1523
1668
2418
3581
4358
4568
4334
4209
4522
4611
4810
5106
5170
4811
4087
3616
3154
2594
2025
1811
1824
1543
588
-625
-1313
-1416
-1239
-887
-391
-489
-1000
-1556
-1477
-637
461
1200
1403
1380
1444
1344
1344
1848
2685
3097
2607
2122
1834
1672
1126
419
80
148
16
-367
-1161
-1832
-2677
-3568
-3599
-3031
-2590
-3181
-4179
-4707
-4799
-4683
-4135
-3507
-3131
-3358
-3866
-3643
-2768
-1704
-1037
-773
-787
-862
-905
-769
-214
442
625
84
-399
-614
-586
-631
-606
-537
-860
-1405
-1891
-2019
-2120
-2188
-2340
-2451
-2533
-2648
-2581
-2431
-2271
-2136
-1682
-1160
-900
-814
-612
-80
499
782
977
1254
1740
2412
3013
3667
4027
3976
3568
3554
4248
5037
5108
4369
3693
3481
3523
3703
4089
4126
3623
2759
2068
1977
2321
2563
2449
1966
1422
1128
1135
1522
1990
2189
2365
2539
2679
2581
2666
2887
2997
3363
3513
3319
2703
1960
1677
1639
1356
1060
594
44
-686
-1357
-1553
-1714
-2118
-2557
-2979
-3310
-3513
-3694
-3884
-4084
-4213
-4122
-4159
-4088
-3891
-3743
-3672
-3642
-3286
-2602
-2212
-2124
-2020
-1670
-1339
-830
-186
270
400
137
12
-60
-106
-88
-166
-443
-823
-1301
-1516
-1412
-1171
-1217
-1821
-2336
-2623
-2545
-2376
-2255
-2146
-2319
-2624
-2795
-2521
-2002
-1608
-1476
-1503
-1349
-1053
-771
-445
234
965
1422
1347
1428
2090
2613
2795
2946
3398
3747
3556
3262
3623
3834
3629
3268
3039
2999
2680
2315
2289
2571
2585
2245
1677
1648
1766
1647
1929
2142
2403
2191
1612
1410
1881
2475
2679
2379
2089
1787
1510
1472
1791
1790
941
-111
-657
-609
-274
-298
-848
-1789
-2718
-3012
-2721
-2299
-2295
-2710
-3616
-4265
-4223
-3664
-2930
-2669
-3039
-3488
-3439
-3067
-2275
-1575
-1264
-1302
-1437
-1343
-1030
-454
-14
38
-107
99
351
667
459
78
-98
-195
-85
-49
43
-182
-578
-960
-1135
-1080
-863
-1024
-1602
-2042
-1906
-1695
-1555
-1465
-1576
-1714
-1555
-1137
-730
-583
-955
-1233
-931
-29
587
854
633
492
588
752
1385
2023
2275
1849
1413
1673
2419
3122
3273
2896
2246
1728
1827
2522
3225
3323
2956
2470
1998
2066
2638
3204
3259
2875
2443
2198
2551
2941
3254
3127
2623
2068
1622
1376
1184
989
475
118
-293
-594
-913
-1314
-1776
-2184
-2482
-2812
-2951
-3065
-3149
-3505
-3843
-4201
-4202
-3955
-3717
-3624
-3863
-3974
-3878
-3468
-2973
-2592
-2399
-2248
-2098
-1783
-1341
-1048
-907
-879
-859
-832
-756
-593
-563
-559
-587
-861
-1001
-742
-777
-1089
-1326
-1184
-1039
-1092
-1368
-1489
-1587
-1472
-1306
-1348
-1320
-1258
-1233
-1208
-998
-804
-717
-724
-875
-835
-497
-193
-88
-178
-84
74
272
424
649
689
659
978
1215
1328
1174
959
1090
1600
2119
2124
2011
2033
2263
2661
3053
3348
3486
3388
3298
3714
4225
4656
4790
4481
4116
3919
4274
4744
4884
4791
4288
3463
2838
2657
2757
2573
2216
1542
858
249
-158
-270
-304
-562
-1038
-1737
-2371
-2448
-2218
-1911
-1792
-2101
-2539
-2882
-2858
-2528
-2057
-1548
-1223
-1582
-1793
-1565
-1049
-370
-281
-331
-356
-397
-557
-441
-307
-324
-502
-788
-832
-911
-1007
-1215
-1497
-1919
-2069
-2118
-2333
-2392
-2539
-2505
-2496
-2576
-2494
-2551
-2510
-2380
-1965
-1534
-1017
-766
-912
-979
-755
-257
25
155
284
391
224
154
241
405
413
309
181
150
-99
-497
-356
-106
61
-158
-555
-555
-249
38
326
606
812
848
977
1363
1904
2237
2319
2484
2846
3298
3586
3702
3714
3566
3455
3481
3714
3972
3897
3366
2715
2495
2363
2470
2235
1983
1470
837
540
481
686
486
21
-473
-830
-1052
-1144
-1127
-1020
-1068
-1437
-1529
-1454
-1634
-1643
-1497
-1200
-989
-1026
-1171
-1148
-880
-728
-466
-349
-220
-271
-438
-430
-365
-298
-561
-903
-942
-852
-812
-957
-1166
-1494
-1632
-1531
-1493
-1521
-1348
-1487
-1918
-2073
-2090
-1988
-1792
-1865
-1849
-1706
-1684
-1754
-1578
-1267
-798
-534
-603
-435
-425
-257
-105
10
416
652
590
432
494
582
462
300
266
404
404
326
184
110
198
154
277
638
846
905
687
583
788
1220
1509
1815
2031
2129
2169
2155
2408
2783
2974
2992
2867
2658
2687
2764
2768
2765
2728
2787
2499
1967
1593
1493
1391
1271
1196
900
594
228
-303
-658
-720
-672
-821
-1117
-1659
-2133
-2253
-2259
-2157
-2074
-2261
-2794
-3110
-2994
-2491
-2021
-2051
-2422
-2743
-2745
-2561
-2134
-1591
-1242
-1192
-1526
-1703
-1568
-1105
-807
-757
-854
-949
-1267
-1455
-1380
-1354
-1171
-1398
-1463
-1553
-1624
-1761
-1995
-2063
-2066
-2063
-2021
-1996
-2138
-2314
-2109
-1771
-1489
-1417
-1552
-1460
-1144
-586
-114
384
405
270
198
512
1204
1525
1603
1371
1192
1195
1200
1119
1151
1232
1113
966
909
961
913
644
487
655
977
1130
1198
1233
1025
802
930
1489
2084
2373
2375
2200
2419
2599
2879
3202
3512
3716
3718
3487
3424
3531
3627
3685
3516
3267
2975
2602
2208
2195
2083
1645
1115
617
178
-185
-406
-537
-920
-1248
-1601
-1992
-2295
-2452
-2265
-2136
-2143
-2219
-2253
-2258
-2157
-1778
-1355
-1055
-974
-867
-873
-905
-839
-717
-335
-54
-125
-462
-722
-871
-864
-641
-424
-595
-974
-1423
-1587
-1687
-1428
-1156
-1251
-1732
-2215
-2420
-2386
-2099
-1994
-1984
-2033
-2096
-1940
-1688
-1335
-960
-845
-587
-315
-200
107
600
916
1048
1344
1390
1686
1680
2226
3350
4076
3890
2704
1696
1550
2494
2825
2601
1609
664
-49
-21
373
653
710
499
165
-294
-744
-1029
-767
-106
640
1001
1145
1301
1565
1766
2258
3028
4155
5093
5323
4962
4116
3652
3521
4064
4790
5056
4304
3214
2297
1879
1726
1393
1031
647
205
-306
-641
-1333
-1760
-1488
-1721
-1443
-1280
-1324
-1274
-1515
-1727
-1875
-1154
-713
-449
62
-225
-628
-1013
-869
-225
504
806
401
353
-169
-867
-1181
-1573
-820
-353
-769
-1302
-2078
-2369
-1990
-1858
-2244
-2027
-1387
-1311
-1515
-1790
-1526
-1974
-1406
-1101
-467
632
1080
257
-1459
-1312
-520
310
1286
1707
1415
474
-26
-825
-698
507
1173
1580
1391
425
-1172
-1916
-1371
-430
333
866
310
-755
-1638
-2014
-1695
-586
719
1722
1606
858
-197
-922
-304
1378
2919
3491
2987
1438
649
779
1651
2788
3347
3260
2494
1723
1169
952
785
903
890
488
271
-183
-1030
-1635
-2153
-1877
-1350
-1540
-2140
-2815
-3282
-3284
-2990
-2876
-2922
-2933
-3102
-3234
-3102
-2887
-2874
-2884
-2872
-2552
-2063
-1605
-1206
-1120
-1082
-1190
-1150
-1161
-794
-483
-197
-235
-933
-1390
-1731
-1697
-1563
-1366
-1443
-1916
-2521
-2500
-2474
-2240
-2221
-2463
-2547
-2321
-1935
-1792
-1591
-1576
-1538
-992
-566
-370
-249
-332
-241
201
348
232
346
266
303
828
1272
1147
655
216
-21
341
840
1028
1025
591
-127
-470
-357
-186
176
447
215
-35
-95
-208
-71
788
1464
1714
1673
1506
1347
1728
2419
2906
3085
3131
3141
3225
3470
3587
3537
3566
3583
3552
3387
3226
2971
2350
2112
2320
2402
2134
1768
1084
679
359
-162
-517
-374
-534
-779
-1328
-1540
-2018
-2570
-2428
-1861
-1245
-1031
-1444
-2089
-2190
-1655
-1051
-690
-441
-228
-342
-687
-817
-715
-415
-1
132
129
-317
-995
-1509
-1428
-894
-399
-385
-974
-1532
-1479
-1435
-1516
-1579
-1554
-1643
-1461
-1541
-1422
-1180
-1163
-795
-384
-201
19
188
139
351
630
853
981
641
567
740
1189
1672
1787
1488
769
334
109
444
726
1056
983
591
-55
-538
-445
-182
474
854
841
548
183
-38
270
869
1397
1856
2389
2635
1837
1384
1383
1930
3187
4136
4346
3657
2385
1247
1196
2291
3371
3670
3189
2156
727
-205
0
594
1368
1414
355
-723
-1247
-1610
-1439
-861
-157
-192
-555
-1475
-2160
-2172
-1573
-865
-538
-442
-884
-1407
-1652
-1369
-768
-354
-613
-991
-1076
-692
-622
-876
-922
-723
-490
-741
-1072
-1237
-1181
-885
-706
-348
-254
-563
-1030
-1134
-721
-287
55
-77
-392
-851
-825
-513
165
398
268
-38
-451
-378
31
373
539
364
16
-162
-81
83
309
498
271
-217
-450
-509
-259
214
303
-21
-450
-899
-1035
-763
-256
440
1073
1055
420
-351
-801
-416
389
1564
2206
2244
1483
604
-35
28
892
2151
2823
2498
1633
428
-93
106
1046
2028
2440
2015
1077
164
-667
-842
-477
256
605
169
-1041
-2232
-2776
-2606
-1787
-1067
-1004
-1418
-2240
-2916
-3106
-3008
-2332
-1612
-1156
-1325
-1950
-2705
-2559
-1845
-1144
-746
-707
-1196
-2036
-2212
-1873
-1334
-866
-892
-1109
-1517
-1719
-1751
-1452
-1054
-918
-950
-1287
-1372
-1383
-1219
-849
-554
-566
-748
-920
-929
-696
-446
-389
-484
-626
-477
-509
-229
114
249
306
417
472
480
501
607
1152
1352
1339
1020
633
447
676
903
1242
1326
1143
909
541
495
883
1121
1195
915
517
131
-109
315
587
916
957
872
926
981
1093
1294
1539
1724
1796
1864
2117
2366
2418
2448
2528
2524
2405
2151
2164
2190
2007
1778
1499
1407
1003
534
203
65
79
-194
-541
-1143
-1497
-1605
-1474
-1119
-873
-1102
-1522
-1732
-1785
-1540
-1278
-919
-699
-752
-888
-1159
-1156
-963
-548
-162
182
233
-123
-669
-801
-612
-271
64
306
32
-325
-729
-832
-412
-130
317
418
250
71
-69
-156
17
382
738
908
707
473
-52
-118
216
884
1413
1419
1077
514
113
122
613
1233
1306
914
447
-55
-176
-99
432
981
1128
926
320
-82
3
385
587
745
642
410
167
-36
193
312
294
397
622
886
821
515
221
468
834
1025
1117
1025
853
689
780
857
981
1243
1279
1250
1096
816
554
237
161
210
369
401
-202
-854
-1283
-1343
-1121
-1032
-1098
-1292
-1762
-2027
-2158
-2115
-2022
-1742
-1651
-1653
-1842
-2120
-2108
-1988
-1367
-791
-611
-653
-722
-701
-651
-533
-28
284
388
-5
-446
-594
-659
-362
22
304
282
46
-311
-592
-563
-312
-234
-200
-344
-378
-559
-937
-914
-853
-607
-390
-168
110
92
-74
-170
26
352
875
1032
904
742
520
450
588
983
1276
1517
1439
1123
896
473
321
341
621
723
650
517
101
-294
-230
64
376
596
449
166
91
164
301
431
383
492
710
968
1082
1161
1132
986
1174
1500
1565
1671
1532
1226
1201
1251
1353
1440
1371
1100
765
385
185
-128
-285
-434
-728
-1007
-1246
-1448
-1646
-1736
-1781
-1892
-1878
-1944
-2094
-2143
-1995
-1825
-1700
-1626
-1507
-1376
-1440
-1430
-1116
-822
-514
-377
-521
-769
-847
-572
-471
-360
-413
-506
-593
-631
-647
-624
-445
-359
-254
-435
-603
-811
-866
-674
-309
110
97
-59
-27
-29
-6
158
416
663
610
478
369
442
812
1032
1231
1181
984
706
671
777
935
1150
922
670
390
237
293
482
654
660
592
160
-138
-151
158
615
941
919
661
106
-111
97
599
1188
1426
1364
941
508
261
549
1158
1737
1885
1521
906
517
694
1037
1340
1570
1391
950
373
98
63
233
511
324
133
-251
-877
-1177
-1179
-997
-793
-726
-1082
-1475
-1813
-2122
-1862
-1408
-1103
-955
-1148
-1300
-1298
-1187
-813
-413
-258
-193
-257
-372
-281
-127
-53
51
-122
-77
-57
-240
-259
-475
-650
-734
-524
-373
-292
-305
-407
-489
-670
-691
-592
-345
-223
-148
-62
-125
-374
-350
-341
134
573
960
1024
643
424
355
526
986
1361
1525
1351
799
356
105
246
774
1132
1191
795
418
-106
-290
-8
238
650
473
161
-301
-575
-581
-289
198
597
664
211
-337
-606
-537
-222
189
382
317
3
-431
-794
-740
-378
44
225
-17
-504
-839
-950
-1020
-822
-611
-716
-992
-1295
-1676
-1816
-1578
-1418
-1258
-1431
-1720
-1965
-2160
-1953
-1690
-1532
-1480
-1618
-1724
-1726
-1494
-1141
-787
-455
-342
-209
-151
-110
-35
112
236
300
316
219
128
166
212
296
441
459
345
72
-153
-242
-151
3
42
61
-27
-86
-33
37
210
278
273
256
526
791
924
1070
992
1055
1223
1513
1737
1803
1708
1538
1427
1504
1712
1825
1909
1728
1610
1421
1394
1413
1316
1312
1200
1125
1176
1124
1027
1050
988
1047
1241
1337
1300
1142
1122
1235
1407
1617
1729
1653
1618
1468
1543
1657
1553
1420
1292
1212
1154
1014
914
791
584
358
208
90
-9
-210
-391
-535
-647
-602
-771
-746
-890
-1068
-1029
-916
-740
-876
-814
-917
-881
-856
-656
-336
-335
-172
-290
-415
-491
-514
-483
-395
-417
-456
-552
-743
-816
-742
-622
-699
-719
-1007
-1044
-999
-1069
-1166
-1204
-1189
-1148
-936
-959
-797
-817
-645
-486
-364
-81
6
206
366
428
543
719
925
1210
1241
1238
1276
1362
1295
1219
1315
1373
1442
1160
1047
980
947
901
846
926
939
836
736
641
569
716
580
471
372
341
328
317
253
399
403
289
424
414
539
452
341
330
375
428
301
239
96
-33
-306
-406
-369
-244
-111
-238
-439
-708
-764
-909
-995
-1168
-1256
-1305
-1303
-1382
-1440
-1377
-1345
-1307
-1220
-1254
-1251
-1158
-1127
-1049
-918
-820
-659
-485
-536
-548
-604
-601
-666
-662
-637
-619
-513
-501
-663
-695
-656
-716
-676
-670
-678
-804
-866
-868
-840
-640
-563
-507
-609
-665
-942
-1124
-999
-928
-801
-675
-464
-515
-648
-523
-276
-96
186
295
366
393
405
381
530
691
820
716
434
309
273
251
260
411
419
435
202
86
93
-28
15
70
139
155
7
-253
-451
-633
-451
-163
28
-41
-202
-395
-503
-397
-229
-72
-138
-72
-219
-336
-415
-532
-577
-590
-518
-593
-509
-579
-791
-896
-1004
-927
-876
-955
-987
-1023
-961
-927
-838
-804
-1026
-1195
-1378
-1289
-1319
-1256
-1306
-1301
-1354
-1404
-1115
-1045
-833
-637
-734
-713
-571
-466
-220
16
142
222
225
274
322
450
658
722
669
549
446
388
330
376
460
442
375
375
235
225
392
606
735
787
825
689
637
610
882
1142
1347
1484
1575
1561
1625
1838
1861
1974
1910
1921
1869
1752
1735
1807
1885
1815
2007
2012
1965
1659
1524
1415
1425
1603
1612
1729
1577
1434
1434
1218
1113
940
853
873
904
871
915
845
693
590
657
850
995
1002
826
609
428
573
759
888
886
872
825
657
541
434
342
395
277
127
-21
-145
-316
-621
-813
-933
-865
-798
-1013
-1213
-1281
-1323
-1135
-815
-557
-643
-728
-834
-877
-739
-687
-583
-585
-375
-338
-416
-342
-334
-240
-176
-11
20
67
59
-125
-214
-147
-184
-174
-87
-343
-588
-626
-554
-373
-285
-183
-413
-571
-497
-521
-329
-123
61
141
-70
-82
-219
-85
269
490
724
782
662
647
794
988
1171
1218
1340
1053
913
959
832
751
812
726
574
484
291
-9
-207
-226
-137
-176
-250
-469
-841
-819
-853
-810
-749
-682
-624
-646
-596
-430
-397
-315
-76
-9
218
60
34
13
11
41
-37
-95
-227
-379
-463
-575
-738
-766
-723
-687
-740
-800
-1010
-1189
-1426
-1420
-1262
-1168
-1182
-1269
-1258
-1322
-1379
-1224
-1047
-1016
-1018
-995
-967
-911
-687
-629
-565
-498
-532
-580
-527
-460
-496
-530
-540
-702
-773
-673
-791
-848
-1118
-1243
-1109
-1046
-828
-792
-795
-833
-935
-970
-857
-741
-662
-779
-770
-742
-806
-727
-578
-418
-116
129
218
323
297
211
218
430
421
652
760
713
630
639
831
828
859
830
863
736
641
575
464
479
462
487
383
179
90
-91
-300
-363
-263
-153
-13
1
-54
-160
-191
-12
63
35
-1
-55
12
-42
156
136
33
357
385
299
259
206
112
13
-168
-255
-508
-474
-615
-787
-806
-1029
-1006
-1165
-1105
-1049
-1128
-992
-913
-866
-864
-753
-726
-721
-635
-471
-460
-336
-303
-330
-168
-122
-66
-59
-13
9
-60
73
94
246
413
377
391
329
396
388
458
422
500
441
298
367
255
358
411
304
228
288
310
307
443
594
777
800
851
1029
1027
1201
1408
1562
1729
1674
1652
1587
1621
1549
1536
1548
1614
1551
1545
1503
1403
1284
1092
1047
938
651
403
215
199
234
260
286
62
-98
-33
-54
46
33
20
78
41
37
155
272
394
533
577
548
440
502
572
571
635
523
411
281
94
-37
-120
-208
-153
-160
-259
-466
-745
-904
-877
-800
-702
-979
-1260
-1285
-1387
-1336
-1217
-1148
-1043
-1040
-1032
-1119
-951
-680
-435
-313
-381
-382
-320
-191
-141
1
78
13
-74
-130
-203
-111
-73
-28
104
-9
-99
-78
-205
-267
-251
-293
-209
-177
-183
-233
-137
-71
6
192
293
436
572
742
721
813
961
1102
1158
1065
1223
1272
1288
1282
1355
1350
1325
1153
1109
1140
1078
995
934
684
604
486
463
479
392
197
6
-191
-379
-550
-648
-564
-656
-646
-768
-692
-696
-789
-817
-644
-527
-623
-518
-473
-477
-404
-231
-230
-240
-287
-305
-308
-253
-119
-133
-174
-12
-25
-159
-417
-512
-525
-744
-841
-912
-1051
-1201
-1239
-1245
-1380
-1313
-1300
-1331
-1340
-1380
-1315
-1279
-1218
-1207
-1121
-913
-832
-660
-557
-533
-457
-358
-223
-171
7
81
60
92
91
126
200
31
102
19
1
-130
-243
-166
-234
-157
-167
-115
-271
-334
-350
-269
-156
-51
-162
-204
-13
51
163
177
245
317
380
464
553
678
810
874
893
897
866
793
665
755
833
792
660
531
302
187
265
35
-91
-148
-101
-213
-361
-387
-534
-627
-708
-683
-733
-690
-778
-764
-722
-726
-458
-274
-154
-54
2
20
51
273
200
251
282
148
153
132
172
206
181
126
-60
-209
-348
-417
-358
-319
-472
-551
-722
-889
-1026
-1026
-1058
-937
-1015
-938
-974
-1055
-778
-711
-722
-554
-518
-522
-527
-399
-142
-53
19
27
13
45
21
156
364
405
452
376
159
119
186
212
319
294
192
151
14
-129
-89
-90
-99
-152
-309
-189
-156
-33
112
186
384
335
552
651
718
889
1010
1130
1220
1499
1471
1302
1210
1037
917
1021
1074
1108
1011
783
621
392
339
334
288
95
-81
-107
-265
-351
-527
-571
-560
-446
-392
-445
-380
-426
-475
-345
-251
-58
-65
-72
-139
-117
-30
118
232
458
516
377
427
390
455
513
334
405
425
444
295
84
-7
-119
-129
-156
-239
-347
-311
-275
-247
-295
-279
-419
-431
-348
-303
-210
-146
-178
-152
93
-84
49
39
294
588
600
683
805
798
837
1072
1157
1133
1150
1213
1157
1169
999
1048
1047
1119
1138
1030
780
499
423
482
573
566
616
607
464
382
474
360
358
416
475
656
768
1029
1190
1022
1108
1279
1265
1289
1247
1234
1318
1321
1425
1256
820
317
200
224
72
134
257
137
115
212
-306
-404
-463
-649
-854
-904
-1272
-1317
-1019
-892
-873
-972
-747
-735
-815
-839
-667
-554
-456
-621
-711
-477
-313
-116
-20
-107
-204
-307
-292
-356
-374
-29
103
-175
-406
-465
-414
-437
-368
-235
-360
-584
-787
-991
-1101
-950
-724
-799
-636
-584
-490
-548
-457
-225
-250
-219
-229
-211
-204
-19
121
517
586
666
849
630
608
681
689
828
821
771
737
554
431
427
380
385
176
213
287
183
30
-67
60
26
-95
-354
-239
-139
-37
89
344
362
351
293
410
353
553
700
885
1011
805
756
703
778
768
853
915
733
534
656
519
306
-127
-329
-324
-620
-530
-573
-459
-372
-438
-491
-678
-702
-612
-642
-517
-568
-665
-582
-641
-618
-641
-606
-579
-438
-382
-398
-318
-329
-309
-338
-356
-681
-722
-697
-873
-982
-1140
-1065
-1136
-1141
-1047
-1130
-1287
-1376
-1462
-1515
-1526
-1588
-1596
-1648
-1805
-1916
-1793
-1631
-1352
-1094
-1181
-1196
-1180
-1241
-894
-616
-330
-178
-132
-169
-188
-166
-188
-144
-127
-90
-83
-121
-73
-59
-73
-74
-159
-296
-153
-81
170
194
112
-112
-368
-343
-331
-82
-183
-146
-23
34
199
101
99
316
409
649
768
587
583
420
330
467
551
506
545
637
550
422
348
377
217
176
161
87
-55
-85
-210
79
287
96
62
-72
-260
-325
-256
-210
-242
-54
25
-100
-86
-276
-514
-367
-260
-116
101
339
423
451
251
67
-15
22
205
251
334
311
441
397
198
42
-164
-86
45
124
136
113
54
33
-139
-148
-132
-96
243
333
425
568
631
770
799
1007
1042
1056
1058
1119
992
836
1080
1099
1052
990
1128
1248
1344
1334
1256
982
954
948
925
1060
1136
1193
982
829
727
507
468
470
509
511
554
555
390
269
278
279
388
547
654
677
471
444
411
580
608
564
488
286
259
181
229
334
278
236
-50
-305
-280
-294
-442
-662
-602
-570
-521
-557
-580
-538
-698
-612
-575
-529
-329
-436
-638
-676
-578
-548
-735
-598
-539
-410
-413
-522
-506
-444
-340
-343
-222
-48
-66
120
219
167
35
-14
15
-160
-128
-77
82
267
306
314
273
79
-125
-308
-325
-352
-307
-214
-128
-273
-482
-362
-368
-333
-238
-36
47
293
362
511
604
610
738
706
790
861
875
891
919
819
751
802
753
786
742
629
600
577
533
537
358
253
211
147
141
255
204
74
-10
-64
-95
-19
-75
-40
43
-11
-45
-115
-3
13
-2
14
197
320
209
196
87
1
-4
-63
-107
-8
54
0
-89
-297
-268
-389
-460
-487
-412
-465
-731
-858
-874
-895
-907
-910
-931
-938
-1046
-1067
-992
-1029
-1055
-898
-918
-986
-753
-689
-630
-498
-447
-373
-269
-234
-238
-292
-304
-266
-89
-109
-136
-176
-305
-495
-713
-922
-950
-1204
-1410
-1386
-1564
-1468
-1285
-1219
-1193
-1140
-1217
-1258
-1172
-1185
-1048
-1029
-918
-788
-763
-738
-652
-582
-669
-469
-275
-321
-306
-232
-210
-208
-97
85
120
85
4
175
66
38
176
276
260
399
317
308
340
225
187
174
221
162
233
313
404
340
298
308
318
422
362
394
411
456
528
487
599
624
645
586
643
591
607
665
553
714
731
727
627
549
454
409
261
149
183
141
250
230
88
71
264
312
322
449
403
272
321
234
357
615
527
648
607
477
470
591
810
905
1063
1143
1064
1001
1011
1012
1121
1198
1198
1129
958
925
853
814
744
620
794
818
736
656
300
296
125
86
27
54
205
297
509
514
556
646
704
650
588
534
655
544
541
475
412
286
292
336
429
435
496
376
233
106
-60
94
60
40
-32
-74
-205
-335
-508
-554
-687
-563
-424
-421
-437
-442
-354
-450
-497
-542
-475
-457
-330
-152
-238
-165
-52
115
129
79
99
90
152
155
79
98
-58
-95
-57
-66
90
112
110
17
-21
-11
-151
-121
-132
-198
-154
-96
-108
-179
-168
-34
-31
-147
-226
-180
-189
-23
244
359
524
527
423
530
381
437
522
589
637
645
619
463
340
234
205
90
99
-6
-8
9
-148
-143
27
-48
26
3
38
60
-92
-181
-163
-114
-245
-253
-136
46
-25
76
297
462
519
534
661
557
481
619
656
486
604
687
558
456
472
371
417
456
429
451
417
315
255
271
249
255
191
118
215
322
343
486
461
362
356
149
96
43
34
77
87
112
-126
-239
-206
-200
-246
-257
-288
-169
-172
-274
-269
-421
-498
-546
-653
-800
-812
-937
-1033
-1103
-1236
-1261
-1317
-1336
-1168
-1171
-1156
-1176
-1188
-1140
-1125
-1228
-1214
-1131
-1018
-1019
-972
-951
-1007
-1032
-897
-816
-788
-857
-946
-900
-842
-762
-722
-648
-590
-631
-738
-658
-708
-681
-739
-734
-771
-817
-652
-638
-613
-555
-583
-571
-572
-434
-312
-262
-182
-57
27
91
245
218
161
222
247
321
532
523
542
554
439
394
361
472
518
535
346
342
252
190
127
-25
-2
-173
-225
-361
-290
-298
-291
-409
-471
-489
-620
-536
-467
-475
-486
-574
-559
-527
-470
-403
-581
-549
-423
-344
-227
-263
-127
-125
-53
49
53
179
204
255
229
330
206
162
138
144
70
0
46
97
83
-13
48
34
-40
-15
75
243
336
304
260
229
213
307
349
432
598
744
659
690
656
591
727
767
705
471
314
390
397
411
235
145
100
19
-59
-171
-171
-154
-158
-225
-125
-142
-42
-80
-37
12
-49
38
-156
-295
-174
-68
-6
131
60
80
242
184
231
277
164
217
281
251
257
272
204
190
69
-8
-110
-347
-363
-295
-238
-429
-487
-552
-621
-661
-622
-772
-731
-802
-841
-802
-828
-762
-648
-614
-544
-442
-423
-260
-369
-280
-96
-122
-21
-94
-52
-47
6
241
282
235
305
471
492
537
533
501
394
331
524
475
402
392
329
384
321
553
634
723
620
588
527
552
630
502
577
439
445
501
561
534
640
694
569
578
533
496
510
619
629
641
602
578
401
274
198
250
238
249
114
-82
-69
-60
70
76
217
315
253
323
309
313
385
224
100
263
252
168
493
549
661
765
820
910
701
805
871
964
874
802
744
603
522
492
463
418
386
378
168
23
53
-46
54
72
125
-33
-45
-150
-263
-209
-116
2
66
16
-37
23
80
21
-68
-182
-319
-238
-217
-135
2
-29
-87
-95
-25
-72
-82
-52
-61
-99
-166
-327
-363
-504
-600
-680
-707
-676
-595
-651
-809
-812
-758
-731
-672
-554
-584
-649
-644
-519
-614
-530
-479
-446
-325
-295
-284
-219
-167
-119
-69
-25
-133
-52
76
16
-138
-253
-222
-251
-266
-265
-242
-219
-395
-419
-521
-742
-657
-606
-621
-562
-576
-635
-506
-505
-510
-373
-210
-211
-227
-175
-269
-243
-203
-251
-267
-366
-272
-184
-267
-218
-31
-47
-280
-334
-416
-542
-581
-581
-784
-691
-832
-998
-980
-1123
-1020
-1032
-952
-748
-666
-641
-514
-616
-693
-742
-840
-731
-633
-706
-683
-725
-635
-534
-530
-433
-502
-380
-410
-492
-400
-401
-576
-467
-450
-468
-311
-357
-325
-273
-375
-460
-570
-591
-559
-599
-408
-345
-293
-233
-219
-152
-122
-72
-64
-26
102
224
173
301
282
232
289
142
149
299
299
304
310
277
305
322
376
379
278
118
167
191
355
298
274
330
298
358
132
81
86
236
352
315
314
456
510
566
516
389
408
523
590
594
667
665
628
601
630
584
658
564
424
430
402
406
349
228
260
254
146
200
168
219
173
242
110
142
74
-70
-102
-160
-182
-155
-156
-282
-174
-261
-281
-206
-60
65
108
118
163
240
171
192
319
115
179
242
122
139
76
133
39
-3
-91
-1
-143
-64
-46
47
142
123
163
154
234
225
240
323
247
366
423
595
771
579
673
528
663
685
750
778
777
955
1046
1170
1171
1166
1059
1091
1203
1277
1258
1366
1322
1195
1252
1155
1251
1182
1154
998
965
996
922
816
657
626
583
709
653
681
640
646
609
460
511
500
446
462
390
381
386
337
249
176
158
244
332
290
316
256
271
162
110
104
72
-3
6
13
-63
-85
-109
-252
-299
-290
-211
-195
-303
-229
-148
-99
-59
-104
-78
151
37
-33
43
133
109
87
-35
-149
-26
-60
-99
-20
12
-44
-37
-9
-14
63
163
67
109
188
98
29
58
-13
38
50
-35
48
-7
-48
-14
-26
116
168
344
244
202
184
148
177
163
216
104
159
143
16
48
127
138
193
161
160
219
26
-97
-56
-182
-168
-171
-310
-355
-273
-481
-501
-608
-915
-1004
-1135
-1213
-1276
-1194
-1139
-1033
-1020
-1050
-1027
-893
-943
-914
-906
-918
-885
-894
-759
-751
-794
-702
-870
-793
-781
-817
-685
-694
-605
-657
-696
-699
-740
-835
-793
-877
-927
-866
-824
-745
-720
-678
-607
-680
-626
-617
-581
-547
-441
-455
-467
-491
-363
-253
-186
-47
-27
-52
-132
48
49
175
234
219
221
280
296
223
257
270
389
448
396
380
181
156
196
191
174
203
115
220
315
294
353
233
292
257
298
273
259
229
200
142
130
203
127
155
103
208
169
85
133
144
155
171
132
52
46
18
80
-28
23
15
16
146
166
276
359
352
267
242
322
325
239
215
363
348
389
481
538
628
542
496
381
416
428
559
652
599
520
483
342
224
220
95
110
99
92
204
30
81
83
-84
48
165
-12
136
140
72
21
-57
-204
-226
-217
-177
13
-110
-99
-136
-84
-9
-12
-114
-214
-152
-187
-194
-93
-30
17
41
6
-110
-82
5
-153
-271
-157
-157
-51
-192
-72
-62
-193
-137
-299
-181
-109
-159
-93
18
-105
-82
38
-21
-62
59
-13
99
87
-129
-49
29
172
249
302
390
363
369
397
415
350
338
350
254
303
372
435
490
456
336
289
309
315
245
167
220
291
423
442
505
480
534
474
534
493
552
557
580
655
617
588
551
564
618
606
652
570
582
552
467
466
508
447
425
388
271
308
298
262
87
97
162
206
259
184
169
68
-47
-16
-17
11
8
-43
-43
59
57
-80
-109
-212
-261
-209
-273
-282
-243
-152
-193
-153
-137
-83
-64
-98
-52
-138
-184
-23
-190
-255
-190
-246
-280
-260
-230
-338
-221
-142
-110
-159
-255
-223
-185
-35
-84
-8
33
80
125
28
168
106
144
76
130
128
173
371
470
494
592
490
296
253
110
230
138
232
262
378
258
30
-86
-172
-101
-195
-204
-351
-348
-429
-494
-497
-583
-445
-424
-475
-465
-549
-605
-493
-505
-583
-578
-540
-488
-592
-454
-555
-581
-627
-746
-733
-763
-714
-826
-929
-959
-985
-981
-1151
-1139
-1017
-1074
-1097
-1114
-1145
-1082
-1007
-997
-976
-889
-852
-856
-787
-685
-694
-664
-563
-508
-323
-459
-347
-51
-95
84
56
44
-10
-54
-33
-30
-49
87
135
369
459
361
364
312
302
216
177
225
281
183
230
185
161
232
284
422
402
520
463
389
290
125
91
-55
-74
-29
33
134
39
-13
63
46
27
-15
-41
-24
16
37
20
73
-17
-62
-86
-151
-54
-39
-8
147
182
108
74
82
-57
-196
-174
-151
-119
-143
-190
-217
-430
-413
-486
-574
-454
-536
-508
-663
-552
-618
-674
-719
-723
-671
-722
-560
-582
-517
-567
-537
-464
-443
-454
-397
-450
-443
-522
-576
-621
-569
-544
-475
-389
-488
-510
-565
-591
-493
-323
-370
-409
-375
-299
-313
-263
-183
-172
-76
-93
-84
-179
-134
-25
-82
-28
-88
-127
-57
-74
-109
-50
-22
44
-60
-7
-176
-228
-282
-340
-294
-323
-267
-251
-239
-269
-226
-292
-262
-282
-258
-183
-181
-186
-225
-329
-272
-120
-68
-23
47
18
-57
34
47
70
75
78
148
248
292
445
568
564
720
682
742
856
858
828
815
757
826
728
709
737
711
764
727
809
784
805
704
702
622
655
809
880
817
901
749
786
914
1048
1171
1153
1139
1100
1063
892
901
724
713
635
519
529
382
317
248
272
283
204
227
349
502
560
725
713
594
541
519
502
420
405
373
396
316
246
101
-24
-111
-134
-157
-160
-233
-233
-137
-114
-82
-54
-159
-122
0
-13
-12
-2
-101
-243
-295
-250
-375
-378
-375
-510
-453
-508
-554
-550
-533
-444
-367
-351
-348
-333
-368
-351
-333
-240
-261
-244
-226
-200
-200
-351
-404
-407
-380
-310
-164
-171
-112
-67
-53
-120
-115
11
-59
-70
-201
-324
-506
-686
-727
-706
-590
-512
-591
-617
-732
-684
-613
-644
-624
-435
-310
-322
-212
-230
-186
-206
-189
-235
-268
-241
-241
-227
-211
-399
-419
-316
-553
-444
-252
-238
-231
-145
-65
-1
-54
-55
-57
-129
-184
-254
-157
-155
-128
-5
30
-4
26
76
-12
-27
16
193
238
241
362
283
325
422
441
419
415
405
418
433
353
351
457
438
431
403
367
235
233
303
290
462
560
534
533
483
589
432
399
484
427
458
342
248
289
331
271
312
237
265
254
172
-48
-226
-210
-396
-340
-281
-328
-400
-317
-426
-417
-468
-488
-467
-470
-405
-588
-554
-534
-579
-645
-715
-663
-798
-804
-820
-851
-884
-903
-853
-848
-719
-791
-802
-804
-933
-825
-728
-730
-697
-646
-684
-576
-653
-757
-843
-798
-761
-835
-710
-741
-733
-883
-887
-761
-744
-702
-586
-567
-626
-600
-671
-520
-450
-332
-359
-306
-216
-198
-246
-202
-89
-55
5
-107
55
181
82
-22
-19
-61
27
-49
19
30
54
99
53
124
265
114
51
22
97
190
106
245
295
458
408
348
409
281
195
301
387
309
407
370
419
468
415
518
434
530
548
433
558
588
719
742
687
735
671
880
866
711
779
677
763
728
771
689
408
412
401
291
417
454
492
530
621
661
560
596
495
592
592
541
613
627
641
556
659
604
521
667
782
870
916
936
731
828
884
794
851
911
821
868
876
725
781
693
667
676
587
701
673
590
590
479
440
435
311
264
162
55
76
96
70
49
62
34
-14
-36
97
155
169
120
82
166
-2
-6
-164
-161
-193
-182
9
-80
-87
-191
-257
-196
-56
44
221
231
172
120
206
132
159
299
198
297
176
-77
-125
-102
-57
-3
-48
-36
-105
-97
-200
-277
-171
-133
-114
60
97
-50
55
32
-37
23
9
70
-21
-158
-53
-251
-375
-433
-493
-363
-367
-433
-505
-497
-504
-523
-436
-344
-258
-169
-132
-46
59
86
15
67
173
253
383
301
375
250
314
351
290
343
347
354
362
417
490
531
574
702
681
531
460
372
303
279
283
265
202
109
83
32
121
117
249
356
311
294
198
219
219
205
142
132
72
-35
72
76
104
82
96
-30
22
-51
-131
-37
-43
-38
-190
-203
-190
-353
-374
-445
-519
-528
-455
-307
-265
-99
-167
-178
-139
-138
-190
-170
-78
-45
-71
-5
96
151
254
174
278
138
70
-14
-202
-345
-341
-373
-321
-230
-303
-298
-305
-387
-368
-484
-356
-323
-465
-465
-392
-408
-491
-331
-359
-321
-401
-325
-194
-176
-168
-306
-355
-421
-420
-346
-385
-428
-519
-492
-480
-566
-517
-435
-387
-400
-526
-533
-457
-469
-442
-439
-550
-601
-751
-841
-862
-916
-1002
-1002
-1093
-1054
-991
-1097
-1172
-1142
-886
-824
-609
-682
-762
-660
-705
-714
-664
-537
-436
-388
-446
-581
-615
-619
-552
-527
-471
-405
-244
-187
-361
-254
-161
-225
-132
-75
52
115
85
225
268
283
311
229
267
309
242
203
187
156
189
282
273
198
434
500
557
681
706
761
752
658
615
593
685
700
591
653
695
721
647
658
687
583
596
470
487
385
190
191
54
93
-7
65
95
-25
-21
-151
-161
-183
-160
-197
-251
-111
-76
220
228
303
285
357
416
315
435
360
527
597
628
643
695
628
507
440
331
450
455
334
393
366
263
229
255
410
307
402
469
468
492
480
587
547
645
614
636
529
522
437
296
278
305
304
319
364
208
222
245
394
395
449
413
302
318
268
318
333
359
370
308
108
109
-24
-155
-79
-18
50
144
221
184
145
196
229
329
450
455
393
439
561
561
554
434
455
283
316
379
343
264
228
246
249
290
108
188
148
-49
-26
-78
-120
-193
-110
-100
-141
-31
-123
-85
-57
20
23
-161
-155
-91
-38
24
146
158
149
-19
-75
5
87
196
206
292
332
287
134
23
-136
-36
-114
-229
-21
67
79
280
273
172
200
177
224
181
142
122
112
79
-73
-292
-312
-196
-142
-129
-119
-128
-257
-292
-308
-125
-23
46
31
-17
-115
-171
-85
-46
65
-13
3
-117
-155
-223
-318
-410
-516
-368
-363
-276
-179
-292
-306
-315
-250
-225
-183
-190
-197
-278
-351
-335
-473
-433
-473
-511
-512
-446
-388
-461
-526
-508
-607
-667
-673
-697
-634
-672
-765
-818
-820
-772
-848
-845
-816
-820
-724
-798
-784
-787
-738
-689
-700
-673
-626
-497
-469
-478
-442
-317
-241
-179
-129
10
30
-70
28
-25
22
111
212
283
367
390
485
472
428
402
229
108
-12
68
58
12
48
117
128
-41
-38
120
38
-40
-87
-200
-156
-187
-178
-215
-247
-111
-24
-15
-25
19
-76
-96
22
79
49
85
-4
29
-19
-196
-218
-198
-129
-168
-111
-164
-104
-62
-133
-245
-348
-466
-570
-469
-587
-483
-424
-433
-377
-356
-371
-324
-376
-383
-317
-370
-348
-395
-412
-375
-288
-261
-22
-23
-170
-100
-171
-128
-78
-111
45
57
76
81
96
57
84
243
263
237
271
202
105
108
62
156
343
473
616
828
789
797
840
851
894
940
972
1014
1071
1140
1233
1130
1122
1154
1191
1216
1281
1177
1150
1172
1087
1028
1046
1021
1091
1103
908
911
860
854
763
629
778
618
499
531
564
645
551
685
683
716
708
645
545
587
544
493
529
420
340
302
258
159
251
253
288
185
101
80
22
49
2
-1
-66
-104
-85
-95
-74
-127
-66
-62
-125
-59
-16
24
122
157
115
68
29
-1
-65
-118
-15
-59
110
164
149
200
301
247
261
261
160
91
110
101
68
144
173
108
-91
7
15
-50
-23
-70
-60
-155
-151
74
-77
-55
-49
-110
-94
-157
-267
-206
-212
-81
6
13
40
-44
50
-5
78
-26
-149
-68
-260
-316
-293
-246
-348
-373
-436
-510
-443
-530
-564
-480
-430
-480
-441
-352
-373
-319
-305
-224
-207
-367
-316
-374
-421
-519
-445
-469
-500
-532
-549
-471
-477
-510
-440
-448
-460
-373
-337
-316
-322
-111
-188
-237
-292
-239
-214
-239
-138
-154
-176
-122
-19
9
154
156
159
234
225
205
302
375
461
442
507
629
630
648
721
699
772
801
635
636
594
569
607
561
577
546
587
451
464
482
550
522
359
261
214
130
-5
-18
-1
-201
-266
-343
-444
-417
-522
-487
-514
-523
-440
-421
-393
-388
-310
-326
-432
-393
-334
-420
-388
-382
-436
-501
-519
-412
-496
-484
-448
-455
-511
-431
-444
-346
-353
-317
-396
-568
-541
-449
-446
-427
-326
-442
-383
-343
-302
-315
-293
-368
-464
-432
-386
-547
-542
-550
-483
-427
-455
-371
-316
-238
-264
-319
-352
-448
-257
-142
-132
9
-76
-75
-235
-403
-433
-363
-361
-404
-552
-522
-474
-387
-443
-499
-398
-511
-484
-566
-551
-637
-629
-733
-656
-587
-826
-974
-948
-947
-968
-974
-1100
-1102
-1087
-1075
-1020
-1047
-893
-963
-936
-970
-921
-789
-673
-595
-435
-350
-295
-98
-62
18
69
212
314
303
185
276
308
320
361
479
562
444
468
526
617
609
512
606
646
725
775
706
748
708
664
785
806
846
961
869
992
953
967
1055
927
859
818
932
955
865
932
937
821
755
781
836
947
967
944
779
500
508
576
441
476
320
225
85
3
-114
-110
35
-46
-4
-3
41
-48
-21
45
104
228
392
442
219
175
144
149
253
193
321
153
5
-37
-192
-173
-110
-95
9
-8
-14
-114
-191
-208
-246
-304
-255
-138
-254
-227
-262
-215
-281
-251
-107
-78
-13
87
58
-27
61
112
240
60
49
10
-15
0
54
150
411
362
218
241
146
215
159
209
321
310
259
193
273
381
394
488
571
582
651
606
671
712
662
585
522
387
373
414
393
396
237
161
67
-65
-100
-100
-56
-1
55
169
59
97
70
-3
-34
-80
63
85
121
191
191
179
205
171
225
325
276
325
394
353
422
473
468
470
524
466
432
471
394
449
316
369
241
211
248
303
306
432
369
251
350
223
198
177
208
201
249
169
216
114
79
43
68
272
319
423
348
348
263
233
436
477
523
579
604
673
561
543
695
597
506
378
281
292
288
346
282
315
244
100
134
164
203
76
89
-187
-270
-363
-425
-451
-399
-326
-401
-459
-366
-456
-409
-422
-384
-237
-254
-285
-432
-486
-539
-564
-638
-579
-637
-728
-705
-918
-1110
-1036
-1164
-1111
-1067
-1039
-1068
-1027
-986
-1134
-1204
-1266
-1211
-1192
-1165
-1085
-1166
-1134
-1115
-1079
-1001
-929
-756
-898
-830
-899
-931
-841
-925
-764
-540
-725
-545
-730
-614
-517
-534
-475
-522
-573
-578
-514
-462
-418
-556
-597
-614
-545
-610
-448
-481
-390
-382
-409
-429
-467
-456
-490
-427
-467
-433
-315
-231
-171
-161
-97
25
40
63
110
107
54
22
103
8
-157
-127
-96
-148
-149
18
3
84
9
-30
-14
-30
-79
-52
-106
-296
-411
-535
-433
-531
-382
-408
-496
-471
-676
-595
-477
-457
-343
-304
-363
-316
-305
-227
-183
62
204
286
392
402
401
247
423
510
566
658
616
708
525
474
566
569
418
469
409
379
461
447
497
574
583
609
622
702
715
727
758
640
593
370
435
388
328
319
205
105
83
89
65
168
89
63
110
113
55
-49
14
9
80
66
-53
-84
-254
-233
-145
-233
-324
-312
-355
-463
-383
-284
-256
-200
-309
-415
-571
-660
-752
-634
-499
-524
-407
-408
-591
-668
-667
-638
-671
-643
-667
-819
-667
-528
-571
-553
-516
-507
-516
-528
-432
-484
-368
-347
-400
-370
-464
-258
-164
65
184
177
183
254
411
387
487
565
486
421
471
435
622
821
753
856
793
820
831
952
947
993
958
803
876
850
889
893
873
789
764
697
850
724
721
700
668
706
597
574
492
530
456
435
460
474
432
305
337
304
396
392
341
394
279
282
364
258
332
429
455
310
286
167
120
177
124
174
231
271
294
216
88
197
121
75
5
-64
-37
-116
-181
-195
-178
-223
-122
-92
-67
-17
12
-73
7
-36
-125
-133
-156
-109
-98
-181
-157
-191
-130
-222
-316
-247
-230
-133
-163
-118
-169
-151
-126
-198
-229
-273
-400
-411
-416
-562
-544
-551
-579
-465
-579
-551
-580
-666
-535
-612
-540
-576
-486
-557
-510
-476
-322
-285
-348
-317
-538
-535
-672
-630
-478
-490
-452
-496
-642
-599
-583
-583
-509
-624
-787
-803
-794
-668
-643
-807
-737
-721
-856
-724
-596
-405
-217
-154
-205
-176
-159
-241
-288
-375
-284
-259
-310
-224
-341
-382
-387
-314
-339
-430
-489
-531
-462
-474
-338
-169
-170
-220
-90
-235
-143
-85
-255
-297
-345
-347
-458
-430
-397
-525
-529
-534
-544
-601
-527
-490
-583
-547
-592
-416
-462
-345
-243
-358
-233
-183
-51
14
82
198
180
200
92
188
265
338
345
179
143
125
136
127
257
210
178
183
123
37
46
51
-39
-18
92
21
-83
-69
-72
-22
7
134
34
205
277
267
383
418
401
333
365
240
237
169
159
229
190
154
132
195
120
308
306
366
441
387
500
497
510
606
495
499
633
554
641
599
641
592
472
477
464
363
438
500
387
272
110
70
78
137
164
215
125
160
70
-57
-26
-36
-107
-102
-147
-76
-77
-121
-136
-171
-99
-161
-149
-5
-77
-35
-111
-186
-365
-332
-167
-273
-266
-271
-268
-271
-304
-318
-217
-185
-137
-134
-107
-24
-147
-154
-144
-53
-91
-60
-116
-141
-194
-119
68
-9
175
125
82
8
-101
-105
-122
-35
4
96
135
47
136
36
45
112
168
212
147
260
221
332
405
349
303
157
67
153
290
401
526
519
432
509
546
596
690
775
741
840
820
846
836
879
900
810
851
782
876
897
911
796
772
669
734
656
651
723
713
646
635
441
407
419
408
385
365
501
502
491
377
343
260
426
387
362
529
520
447
390
404
379
422
236
199
116
56
52
-54
-113
-85
-36
-36
-101
25
-20
116
274
184
222
45
-10
27
-37
-55
-108
-132
-197
-338
-398
-466
-413
-375
-256
-175
-113
-115
-207
-137
-181
-103
-39
-106
-123
-152
-261
-260
-261
-170
-90
-54
10
0
88
144
96
109
81
24
112
48
76
74
104
-17
-53
-97
-196
-127
-132
-196
-107
-102
-137
-120
-270
-239
-275
-392
-487
-479
-549
-706
-700
-657
-539
-624
-646
-534
-732
-652
-534
-449
-320
-398
-248
-348
-311
-266
-280
-246
-189
-177
-135
-41
-139
25
223
147
138
50
-1
29
-2
45
130
82
-78
-31
-94
-42
68
-32
-29
-12
20
-22
-95
-77
-48
-82
-174
-69
-97
-93
-68
-88
-181
-141
-148
-142
-198
-320
-255
-366
-180
-204
-153
-72
-173
-155
-110
-169
-110
-169
-162
-185
-231
-64
-146
-91
-87
12
17
28
-39
-70
-145
-152
-168
-120
82
83
66
17
25
67
210
85
202
317
175
67
20
30
103
56
97
75
-108
-190
-89
-161
-119
-34
-146
-110
-198
-175
-176
-55
-55
-131
-128
-34
-5
13
-115
-150
-13
78
46
44
77
-6
-69
-10
-42
14
5
-98
-35
103
213
229
224
318
344
154
163
137
190
211
193
88
-82
-15
-137
-148
-143
-118
-36
-97
-19
-30
-43
48
109
184
284
272
195
233
442
404
439
436
337
249
205
346
378
427
277
131
209
230
70
173
170
-36
59
67
21
34
143
50
55
96
103
77
78
238
308
230
302
383
305
310
328
324
362
265
330
248
126
77
-36
12
62
93
-13
44
-43
-167
-90
-67
36
66
65
81
102
124
114
261
179
98
198
116
252
82
166
205
269
286
276
391
441
477
547
508
430
390
328
556
533
540
447
390
526
499
493
527
655
683
610
482
446
454
466
462
399
351
299
348
244
383
439
573
669
492
604
534
600
394
363
377
378
350
322
235
140
168
121
161
31
40
133
24
73
26
67
99
278
259
162
309
314
287
412
485
446
470
497
393
262
194
185
251
140
117
175
115
-8
171
306
237
261
285
274
292
334
262
292
231
205
209
161
150
150
54
-87
-5
-39
-18
30
129
23
-55
-138
-52
-170
-255
-161
-390
-417
-491
-549
-666
-605
-556
-497
-445
-444
-476
-585
-761
-767
-550
-557
-499
-427
-567
-734
-706
-639
-599
-525
-489
-583
-617
-651
-646
-599
-596
-529
-600
-601
-618
-580
-534
-616
-537
-726
-702
-776
-674
-522
-438
-339
-331
-353
-375
-333
-349
-262
-281
-171
-94
-179
-116
-95
-50
125
68
77
96
56
93
216
308
311
392
349
432
416
448
417
365
380
373
492
273
289
349
413
157
216
375
246
223
194
102
50
-76
-2
60
110
176
192
294
227
295
303
300
376
464
456
366
324
310
308
318
318
225
175
133
130
202
218
186
260
251
242
189
210
187
165
243
155
116
259
173
70
42
-45
50
57
-36
53
76
-63
-27
93
81
25
-12
-89
-238
-201
-132
-54
-64
-25
-95
-181
-218
-221
-81
-99
-166
-221
-341
-394
-302
-213
-84
-213
-266
-404
-492
-455
-438
-409
-274
-262
-420
-455
-365
-434
-526
-566
-498
-535
-619
-715
-848
-733
-756
-843
-812
-821
-916
-908
-1037
-904
-936
-926
-1031
-1167
-1305
-1354
-1307
-1207
-1132
-1093
-970
-922
-798
-547
-280
-177
-114
-214
-151
-197
-254
-220
-282
-271
-355
-376
-295
-360
-199
-11
67
164
331
230
202
153
219
503
630
457
274
226
196
160
336
483
450
611
577
524
571
496
577
673
747
751
754
825
759
882
946
827
780
788
749
763
866
863
793
864
821
752
851
817
824
913
875
797
832
575
619
588
603
651
513
528
267
305
405
454
451
437
375
329
391
339
371
411
340
298
340
296
368
516
524
442
434
475
398
507
464
582
628
596
561
443
571
355
452
595
484
419
413
367
429
619
487
596
605
382
287
268
281
270
163
143
101
-28
24
94
64
166
90
219
242
92
198
154
235
164
202
185
130
117
101
235
312
376
250
215
131
45
-40
66
-14
-127
-211
-376
-476
-527
-464
-413
-505
-468
-409
-524
-491
-525
-578
-531
-496
-481
-582
-579
-589
-628
-720
-773
-652
-690
-645
-707
-725
-659
-781
-579
-647
-589
-515
-585
-515
-522
-400
-504
-474
-469
-428
-348
-504
-513
-561
-623
-590
-431
-364
-401
-353
-297
-185
-90
18
102
185
159
204
198
158
209
249
237
199
217
162
153
21
15
121
241
396
334
210
186
238
312
278
370
473
414
339
241
241
428
349
265
214
97
55
5
59
20
108
86
-28
-9
-216
-301
-359
-326
-317
-454
-484
-509
-735
-621
-616
-609
-672
-806
-763
-748
-683
-728
-675
-661
-574
-518
-475
-588
-547
-513
-614
-586
-606
-647
-553
-503
-569
-649
-621
-668
-847
-725
-644
-694
-716
-775
-843
-792
-898
-878
-880
-916
-885
-967
-875
-964
-1057
-1192
-1099
-1201
-1233
-1264
-1345
-1246
-1270
-1293
-1295
-1325
-1245
-1238
-1238
-1209
-1301
-1196
-1062
-910
-1035
-993
-796
-705
-608
-556
-568
-637
-695
-692
-573
-470
-483
-481
-494
-573
-602
-611
-562
-626
-636
-547
-732
-922
-1008
-1014
-981
-1007
-785
-691
-559
-564
-518
-387
-357
-302
-222
-145
-53
47
22
212
146
272
288
400
545
523
567
649
503
581
749
583
661
788
910
896
1009
1007
973
1048
1039
1081
919
921
981
866
925
960
971
988
883
941
1089
1174
1215
1248
1230
1315
1378
1317
1416
1379
1308
1317
1162
1230
1175
1212
1343
1101
1086
1147
1166
1096
1115
1017
1065
954
861
932
909
979
894
1027
934
796
709
590
607
587
597
657
630
464
450
463
232
260
314
353
301
334
324
294
284
307
321
309
347
225
95
137
184
84
175
310
227
118
136
173
214
377
268
312
283
272
305
298
292
278
197
100
-28
-66
-25
-52
-106
-151
-10
-52
37
76
117
-9
-18
87
-105
-148
-260
-342
-611
-588
-553
-538
-432
-383
-440
-612
-473
-535
-420
-401
-394
-374
-417
-433
-398
-324
-206
-111
-207
-96
-162
-96
-89
-52
4
85
-1
-35
48
-21
73
-67
-2
-114
-245
-99
-154
92
112
61
144
12
87
131
115
378
302
98
66
142
82
156
350
223
186
131
34
-10
11
0
0
0
0
0
0
0
0
0
0
0
0
0
0
0
0
0
0
0
0
0
0
0
0
0
0
0
0
0
0
0
0
0
0
0
0
1
0
0
0
0
-1
0
0
0
0
0
0
0
0
0
0
0
0
0
0
0
0
0
0
0
0
0
0
0
0
0
0
0
0
1
0
0
0
0
0
0
0
0
0
0
0
0
0
0
0
0
0
0
0
0
0
0
0
0
0
1
1
0
0
0
-1
1
1
0
0
0
0
0
0
0
0
0
0
0
1
0
0
0
0
0
0
0
0
0
0
0
0
0
0
0
0
0
0
0
0
0
0
0
0
0
0
0
0
0
0
0
1
0
1
0
0
0
0
0
0
1
0
0
1
-1
0
0
0
0
0
0
0
0
0
0
0
-1
0
-1
0
0
0
0
0
-1
0
0
0
0
0
0
0
0
0
0
0
0
0
0
0
-1
0
0
0
0
0
0
1
0
0
0
0
0
0
0
0
0
0
0
0
0
0
0
1
0
1
0
0
0
0
1
0
0
0
-1
0
0
0
0
0
0
0
0
0
0
0
0
0
0
0
0
0
0
0
0
0
0
0
0
0
0
0
0
0
0
0
0
0
0
0
0
0
0
0
0
0
0
