0
0
0
0
0
0
0
0
0
0
0
0
0
0
0
0
0
0
0
0
0
0
0
0
0
0
0
0
0
0
0
0
0
0
0
0
1
0
0
0
0
-1
0
0
0
0
0
0
0
0
0
0
0
0
0
0
0
0
0
0
0
0
0
0
0
0
0
0
0
0
1
0
0
0
0
0
0
0
0
0
0
0
0
0
0
0
0
0
0
0
0
0
0
0
0
0
1
1
0
0
0
-1
1
1
0
0
0
0
0
0
0
0
0
0
0
1
0
0
0
0
0
0
0
0
0
0
0
0
0
0
0
0
0
0
0
0
0
0
0
0
0
0
0
0
0
0
0
1
0
1
0
0
0
0
0
0
1
0
0
1
-1
0
0
0
0
0
0
0
0
0
0
0
-1
0
-1
0
0
0
0
0
-1
0
0
0
0
0
0
0
0
0
0
0
0
0
0
0
-1
0
0
0
0
0
0
1
0
0
0
0
0
0
0
0
0
0
0
0
0
0
0
1
0
1
0
0
0
0
1
0
0
0
-1
0
0
0
0
0
0
0
0
0
0
0
0
0
0
0
0
0
0
0
0
0
0
0
0
0
0
0
0
0
0
0
0
0
0
0
0
0
0
0
0
0
0
-1114
-1105
-1023
-912
-755
-798
-758
-796
-915
-837
-742
-717
-516
-438
-432
-378
-315
-259
-251
-140
-96
-29
57
-68
-187
-232
-305
-372
-520
-348
-287
-159
-53
93
108
130
227
163
369
313
303
317
459
655
620
724
753
741
759
738
659
551
417
287
129
152
147
97
-46
42
-62
-191
-20
-87
-67
-50
-80
-176
-215
-311
-384
-458
-478
-339
-336
-235
-180
-346
-313
-474
-587
-629
-604
-507
-567
-657
-748
-749
-892
-852
-794
-602
-584
-404
-182
-144
-55
-90
-152
-138
-76
-149
-115
-118
24
31
-100
-161
-265
-227
-239
-162
-136
-104
-96
-105
-59
-73
138
160
196
212
181
278
197
219
244
237
356
249
81
-47
-56
-61
-87
-45
15
40
51
31
-84
-106
-188
-212
-171
-178
-149
-10
159
227
272
251
237
140
209
372
324
277
327
163
128
118
127
60
86
60
172
152
60
27
-140
-95
-176
-233
-354
-279
-260
-224
-168
-183
-29
-95
-171
-104
-225
-277
-238
-279
-250
-277
-243
-205
-135
30
106
119
92
231
302
274
579
695
785
992
1036
1100
1185
1252
1323
1416
1431
1414
1325
1144
1063
986
954
947
890
996
1044
842
730
619
570
493
476
641
607
597
467
361
227
-4
-110
-182
-183
-346
-318
-419
-485
-450
-401
-332
-399
-450
-331
-385
-441
-423
-455
-202
-110
-35
154
248
270
454
544
588
674
679
783
777
904
807
849
952
825
858
818
969
962
891
886
809
720
692
725
605
594
599
592
502
486
321
262
279
193
117
78
82
78
152
-79
-229
-217
-309
-285
-272
-265
-279
-399
-461
-586
-738
-706
-614
-478
-411
-413
-351
-451
-514
-554
-493
-241
-198
-91
73
104
164
-34
5
-12
-2
-6
-14
8
-43
4
-137
-54
-89
-207
-257
-295
-272
-337
-355
-429
-386
-333
-228
-304
-259
-339
-388
-486
-616
-661
-856
-876
-867
-774
-923
-904
-1010
-1057
-875
-861
-724
-645
-555
-515
-483
-580
-511
-489
-416
-163
-141
101
150
300
336
424
529
571
730
710
785
825
848
611
667
633
571
536
476
455
303
219
237
118
-63
-220
-422
-486
-477
-495
-560
-709
-827
-970
-1051
-1183
-1265
-1308
-1245
-1331
-1366
-1298
-1477
-1521
-1606
-1693
-1520
-1446
-1464
-1294
-1253
-1161
-991
-822
-785
-709
-806
-757
-632
-451
-175
6
209
221
292
458
390
353
408
550
538
620
527
569
568
496
661
650
637
610
542
377
397
263
142
14
-22
-142
-97
-167
-106
35
-187
-236
-483
-488
-454
-495
-615
-721
-772
-922
-896
-986
-970
-1006
-1007
-846
-920
-802
-779
-850
-768
-688
-530
-457
-363
-376
-339
-176
-26
56
40
124
221
353
340
428
461
519
535
543
633
747
776
939
1001
1028
1013
973
903
872
818
667
532
527
549
482
545
518
517
419
356
233
165
-50
-94
-250
-281
-257
-278
-218
-310
-264
-345
-461
-414
-553
-465
-368
-413
-404
-418
-397
-413
-343
-412
-440
-442
-478
-331
-185
-45
-14
-122
-86
-8
-5
93
289
539
629
566
619
503
495
533
462
567
452
383
288
260
181
51
110
-69
118
65
161
106
-40
-3
-44
-107
-169
-120
-183
-237
-256
-454
-568
-427
-404
-411
-289
-331
-317
-248
-274
-260
-307
-261
-134
12
-35
88
227
234
290
385
406
422
480
521
674
671
622
613
580
656
697
852
896
841
946
1033
1091
1096
1004
836
783
796
701
658
592
553
570
523
410
390
443
361
322
366
313
293
190
111
122
120
-30
-33
-28
-98
-91
-31
-48
-153
-35
51
120
95
78
29
10
60
235
374
330
414
375
259
272
291
252
219
286
237
290
399
367
388
292
297
280
378
363
344
451
298
88
149
176
118
138
98
136
246
74
30
135
63
7
20
-79
-99
-95
-252
-233
-310
-378
-320
-307
-421
-473
-583
-725
-688
-774
-859
-681
-709
-653
-736
-765
-683
-676
-701
-586
-519
-479
-430
-511
-390
-508
-543
-433
-426
-339
-273
-261
-332
-175
-158
-174
-284
-376
-384
-344
-225
-197
-156
-137
-247
-272
-228
-39
-47
-73
105
0
7
-76
-83
-22
-6
-93
-63
-129
-118
-161
-366
-255
-303
-335
-507
-484
-432
-510
-573
-523
-344
-233
-270
-358
-269
-337
-449
-526
-410
-312
-265
-291
-363
-368
-394
-292
-255
-195
-156
-38
-23
172
109
93
160
140
120
298
344
293
484
620
691
587
551
464
486
548
653
692
702
732
675
642
496
486
678
662
729
692
616
481
364
349
378
231
185
189
65
-32
-8
80
111
155
159
214
52
79
137
90
88
116
-17
-78
53
57
90
179
259
224
142
252
277
343
305
279
424
364
431
370
303
299
181
168
54
-61
-257
-360
-353
-324
-274
-237
-206
-243
-61
-195
-329
-198
-72
-176
-215
-152
-432
-423
-518
-516
-607
-594
-599
-672
-695
-726
-886
-917
-1085
-1146
-1156
-1061
-938
-933
-721
-597
-539
-402
-391
-555
-294
-367
-274
-99
-73
-46
-26
23
-35
81
102
208
283
313
541
522
520
608
711
828
665
662
631
528
488
584
454
412
545
382
345
281
205
330
346
341
336
238
192
125
95
26
-29
-173
-79
46
-52
158
164
212
305
371
424
589
705
866
1078
996
1108
1168
1209
1177
1122
1246
1203
1085
1066
1070
864
640
713
668
599
574
515
556
638
535
396
678
698
814
840
823
814
640
693
607
704
787
535
509
473
430
416
288
348
280
224
286
315
227
193
122
138
50
-3
-56
-280
-225
-288
-134
-163
-258
-126
-21
-32
203
368
284
355
272
177
54
-140
-163
-126
-71
-115
-122
-21
-118
-71
-204
-238
-226
-271
-256
-245
-241
-404
-352
-736
-816
-839
-869
-751
-887
-800
-816
-701
-539
-742
-729
-848
-948
-1007
-991
-839
-856
-913
-807
-874
-678
-650
-543
-421
-452
-348
-405
-392
-448
-353
-361
-351
-446
-452
-426
-463
-298
-310
-349
-351
-282
-279
-320
-265
-335
-460
-520
-429
-386
-408
-481
-345
-287
-368
-391
-378
-521
-511
-365
-296
-236
-246
-352
-330
-315
-301
-287
-271
-97
-202
-105
-151
-113
-49
-52
17
-80
-47
-113
-205
-216
-225
-299
-320
-304
-382
-276
-301
-337
-377
-405
-332
-250
-145
-29
-91
-157
-149
-176
-181
-98
7
-27
93
66
117
53
-155
-127
-159
-43
-119
-96
-166
-77
-67
-62
-177
-168
-122
-268
-183
-89
-187
-276
-229
-246
-256
-190
52
57
-78
-88
-208
-260
-287
-379
-356
-282
-256
-277
-297
-301
-460
-503
-430
-287
-189
-125
-84
-85
-55
74
1
59
224
288
401
239
161
121
-87
-85
-103
-83
-122
-263
-242
-349
-427
-538
-561
-531
-622
-480
-427
-451
-560
-498
-593
-724
-620
-659
-449
-506
-624
-468
-489
-410
-467
-377
-554
-584
-478
-598
-463
-650
-670
-672
-731
-700
-535
-455
-344
-266
-142
68
79
111
116
174
234
228
316
359
336
395
430
429
531
562
633
613
650
820
812
786
830
832
864
845
822
952
1078
960
944
1061
1073
987
943
909
802
721
657
562
473
481
436
520
566
631
586
414
460
377
455
463
497
533
354
357
220
285
393
417
417
424
333
334
251
243
498
552
512
401
561
712
761
765
868
833
884
921
791
849
915
827
668
681
568
504
595
515
572
583
491
267
118
77
54
160
81
124
-27
-111
-272
-248
-247
-317
-257
-298
-160
-174
-62
-20
-47
129
236
327
333
118
97
46
-83
-99
-6
32
-6
193
118
101
144
223
273
158
315
225
146
244
396
285
95
0
-47
-109
-35
83
31
-122
-220
-235
-365
-397
-409
-487
-551
-671
-715
-791
-818
-851
-1054
-986
-948
-955
-903
-988
-1160
-1224
-1208
-1238
-1104
-930
-801
-720
-638
-665
-801
-666
-565
-537
-528
-593
-432
-318
-242
-114
-118
-5
-157
18
147
160
326
351
259
204
328
280
227
277
190
78
91
77
157
133
258
78
-13
-59
-204
-191
-254
-227
-336
-401
-615
-573
-543
-460
-402
-279
-150
-293
-190
-274
-212
-184
-259
-228
-288
-256
-234
-158
-257
-245
-165
-226
-136
-103
-172
-30
-69
-121
-172
38
148
147
172
172
155
319
559
550
688
422
423
339
231
326
408
533
489
415
487
264
222
182
93
165
-72
-51
-88
-24
70
-252
-177
-163
-193
-68
-177
-208
-248
-141
-121
-16
-69
-253
-207
-237
-396
-275
-331
-135
88
145
328
254
345
368
427
400
374
291
209
180
239
338
261
314
328
157
124
-22
-65
-96
-134
-83
-302
-282
-315
-410
-456
-473
-510
-507
-663
-737
-743
-944
-812
-932
-861
-777
-760
-748
-944
-825
-880
-822
-854
-1011
-924
-757
-664
-605
-435
-205
-173
-331
-305
-326
-183
-31
-48
141
273
366
599
599
680
789
865
926
1080
1172
1232
1240
1096
1084
1034
962
940
900
812
817
732
797
722
874
923
759
794
625
607
652
748
671
702
529
573
486
162
204
276
324
193
182
250
321
267
344
430
377
252
371
350
543
521
450
489
373
433
412
540
586
575
689
713
769
731
684
639
658
737
713
666
638
503
304
235
319
204
76
142
-51
-97
-118
-193
-212
-187
-193
-251
-234
-378
-387
-282
-252
-130
-161
-129
-61
-82
28
59
-19
-83
-130
35
137
21
-27
12
38
4
89
86
-18
85
202
328
410
469
602
468
421
515
523
511
582
655
618
348
207
122
19
-12
30
-13
-104
-198
-124
-141
-255
-220
-133
-293
-365
-422
-415
-570
-600
-572
-675
-613
-701
-629
-662
-606
-691
-712
-661
-882
-759
-766
-742
-719
-666
-619
-593
-514
-455
-268
-89
69
271
320
414
397
344
563
636
637
739
671
659
645
577
641
577
617
650
652
649
663
592
317
318
265
368
247
71
104
-24
-197
-209
-219
-348
-265
-265
-292
-357
-512
-550
-707
-821
-869
-767
-752
-668
-640
-690
-667
-634
-568
-573
-446
-392
-396
-367
-291
-279
-155
-18
154
144
257
154
137
232
111
63
252
351
244
200
-55
106
43
8
100
-4
137
140
250
449
445
556
547
414
461
391
311
315
367
389
165
9
-176
-352
-276
-387
-231
-156
-278
-336
-239
-342
-422
-309
-272
-302
-388
-427
-388
-365
-425
-402
-335
-134
-97
129
-2
-28
49
37
5
-21
56
13
-18
-119
-150
-107
-99
-139
-194
-292
-371
-440
-424
-437
-386
-307
-408
-379
-361
-334
-442
-415
-565
-532
-535
-710
-698
-511
-582
-536
-461
-453
-458
-648
-661
-805
-697
-604
-626
-513
-399
-300
-408
-333
-282
-167
5
122
212
254
224
246
123
70
192
189
293
193
154
169
244
195
424
339
394
418
346
320
366
539
312
378
142
109
49
-91
-48
-159
-277
-243
-285
-227
-329
-373
-347
-329
-249
-244
-173
-342
-391
-415
-334
-397
-228
-235
-456
-333
-239
5
-52
66
96
48
298
307
290
379
360
368
269
181
125
175
115
181
242
146
295
271
435
607
715
644
635
672
547
584
615
528
465
367
367
322
287
282
32
70
-131
-251
-332
-408
-493
-569
-588
-583
-454
-592
-487
-606
-636
-573
-369
-240
-194
-170
-168
-135
-132
-109
-175
-182
-276
-64
-154
-129
82
245
238
330
224
164
206
170
297
225
329
356
502
545
641
674
658
711
559
538
647
497
520
562
396
426
332
322
241
178
235
112
172
178
144
192
172
155
81
86
-40
-118
8
-73
-69
-24
-87
-105
-155
-18
-76
-96
-72
-73
-73
-163
-228
-117
-18
-1
40
155
97
87
115
43
45
5
96
6
-34
59
-109
-70
-51
29
55
-61
-129
-106
-10
58
-51
83
50
-21
-81
-185
-292
-306
-273
-388
-452
-444
-368
-322
-224
-89
-130
-174
-221
-328
-293
-331
-293
-369
-239
-255
-245
-232
-303
-281
-212
-19
-55
37
137
246
354
327
393
369
459
447
501
523
381
460
457
512
649
494
465
388
519
491
434
381
350
330
142
380
175
348
433
307
268
299
378
433
454
332
283
273
272
193
252
295
374
271
172
10
23
20
13
-61
-81
-54
-213
-331
-392
-454
-358
-532
-474
-512
-642
-515
-644
-702
-588
-531
-504
-292
-253
-122
-153
-148
-92
-124
-199
-264
-104
75
72
97
63
12
-65
-19
-50
-36
141
170
82
-24
-13
-55
-136
-253
-280
-337
-465
-475
-631
-740
-669
-767
-661
-587
-706
-670
-636
-680
-823
-774
-695
-608
-604
-664
-675
-657
-669
-625
-722
-850
-778
-890
-880
-909
-1010
-943
-1065
-1078
-928
-1067
-1138
-1204
-1254
-1241
-1167
-1053
-1028
-994
-941
-754
-605
-439
-414
-300
-320
-360
-264
-323
-257
-191
-334
-313
-365
-451
-236
-280
-220
-145
-17
-11
18
-25
10
37
-106
-135
-106
26
49
213
30
46
-156
-234
-193
-265
-393
-439
-403
-395
-404
-519
-452
-489
-424
-408
-383
-391
-394
-405
-425
-365
-316
-279
-200
-67
-51
-2
20
46
121
106
240
230
230
210
193
186
285
378
423
552
557
646
565
585
563
552
636
645
761
730
824
859
856
789
840
1039
1099
1175
1073
1031
1027
1005
1016
939
947
976
972
935
877
825
724
635
775
702
458
369
386
462
366
437
420
330
241
125
17
42
111
26
126
23
-69
-197
-56
-114
-140
-11
-46
99
201
267
358
244
113
210
117
63
-9
-26
72
82
43
168
187
209
290
358
365
216
322
333
319
240
300
233
99
220
232
84
132
114
-14
-24
-72
-105
-94
-155
-109
-241
-220
-159
-222
-243
-272
-296
-294
-244
-205
-40
-31
-118
-230
-325
-281
-312
-316
-235
-57
-40
76
-4
28
58
44
-45
-94
36
91
142
129
315
331
365
394
369
278
309
179
141
233
353
453
421
414
402
415
235
326
320
340
366
210
179
330
374
446
487
352
300
355
269
367
312
275
174
96
69
45
79
159
176
205
307
253
308
427
481
471
548
629
616
549
647
667
757
755
822
846
705
757
773
683
644
650
689
715
745
665
533
465
306
257
161
117
130
-104
-63
9
-64
-148
-147
-262
-337
-541
-675
-657
-639
-673
-638
-707
-762
-689
-742
-602
-700
-833
-799
-811
-891
-881
-752
-804
-774
-742
-891
-770
-792
-763
-706
-788
-736
-777
-784
-705
-591
-579
-563
-565
-509
-400
-418
-382
-259
-379
-335
-287
-330
-133
-277
-367
-159
-176
-182
-182
-108
-52
-135
-127
-188
-212
-114
-205
-338
-422
-349
-382
-316
-259
-320
-289
-415
-387
-492
-559
-570
-684
-684
-632
-553
-570
-591
-745
-732
-668
-538
-498
-591
-487
-517
-522
-501
-493
-392
-177
-50
10
34
14
150
145
225
170
129
132
158
196
162
164
244
271
196
262
325
490
529
554
541
469
445
400
395
471
573
520
486
448
401
581
609
621
622
702
741
779
856
906
784
821
886
839
993
973
859
872
882
913
873
753
626
627
556
582
508
516
483
438
485
399
420
449
542
543
495
586
600
600
556
568
388
376
351
230
328
291
331
279
249
303
171
231
350
352
325
89
144
148
37
123
144
84
41
-26
-144
-46
-97
-219
-219
-197
-225
-434
-482
-420
-420
-320
-292
-330
-291
-210
-45
-184
-266
-150
-344
-253
-220
-180
-241
-442
-342
-418
-381
-341
-298
-386
-309
-328
-352
-233
-332
-274
-299
-157
-140
-138
-58
-129
19
-118
-141
-9
-154
-63
9
67
133
127
311
342
269
277
228
312
433
363
521
460
405
420
419
467
401
514
453
465
357
368
403
325
444
300
206
215
259
273
321
272
294
162
79
78
90
17
161
310
292
317
301
330
363
477
390
532
685
654
452
612
523
509
603
436
441
465
479
449
627
638
718
693
653
907
884
669
610
633
470
602
565
698
657
666
868
784
754
714
811
650
762
721
570
557
534
510
509
449
260
228
161
164
-1
-108
-19
-167
-285
-266
-204
-268
-361
-379
-325
-483
-589
-566
-553
-552
-539
-619
-493
-485
-452
-578
-606
-622
-690
-606
-584
-591
-608
-482
-571
-428
-527
-530
-449
-694
-727
-637
-746
-852
-740
-755
-763
-818
-842
-723
-915
-850
-881
-933
-769
-945
-942
-907
-823
-945
-961
-911
-997
-969
-1041
-1039
-933
-1062
-1076
-883
-802
-675
-758
-775
-698
-621
-529
-538
-481
-481
-434
-323
-392
-430
-477
-558
-466
-439
-572
-628
-499
-440
-387
-439
-388
-418
-452
-479
-375
-399
-385
-328
-280
-74
-171
-206
-290
-257
-165
44
147
140
201
102
145
275
289
289
305
323
217
174
264
234
237
376
366
345
132
123
-22
-43
106
305
383
272
297
306
279
162
183
74
67
32
40
-15
42
8
5
156
266
372
380
420
456
398
324
410
403
396
477
509
534
489
443
532
545
611
556
483
390
244
305
219
287
373
461
524
563
647
702
863
883
924
989
1152
1174
1171
1188
1176
991
704
688
598
656
529
277
238
137
92
112
-6
-59
-216
-237
-356
-532
-720
-883
-1092
-1354
-1345
-1420
-1443
-1406
-1514
-1473
-1593
-1693
-1767
-1783
-1724
-1599
-1521
-1636
-1554
-1362
-1441
-1324
-1230
-1167
-1129
-987
-898
-757
-668
-550
-518
-611
-556
-553
-328
112
366
374
438
288
572
750
1106
1488
1485
1465
1257
1351
1552
1691
1666
1704
1543
1332
1240
1327
1182
784
716
593
465
429
278
96
-331
-430
-394
-250
-164
96
201
88
329
690
1165
1378
1432
1639
1612
1702
1774
1657
1647
1640
1418
1167
1151
802
766
538
365
97
-160
-90
-312
-553
-768
-995
-1253
-1324
-1172
-1054
-1158
-1169
-1090
-984
-974
-710
-561
-507
-361
-239
-208
-71
-82
-262
-342
-460
-660
-818
-802
-966
-1107
-1306
-1412
-1561
-1707
-1869
-1913
-2140
-1948
-1272
-576
-418
-533
-491
-317
301
921
1553
2142
2211
2161
2013
2186
2623
2889
3160
3328
3230
2668
2301
1892
1598
1048
760
402
83
-295
-1013
-1647
-2280
-2410
-2369
-2077
-1804
-1902
-2182
-2429
-2343
-2021
-1426
-613
25
360
565
773
1102
1427
1801
2125
2405
2329
2119
1935
1551
1098
689
447
12
-207
-403
-674
-1223
-1668
-2064
-2163
-1876
-1812
-1714
-1795
-1611
-1680
-1403
-921
-465
90
481
846
940
1180
1420
1430
1567
1704
1733
1589
1429
1166
825
415
108
-131
-361
-565
-809
-1025
-1443
-1658
-2058
-2263
-2313
-2237
-2305
-2322
-2341
-2282
-2111
-2060
-1844
-1726
-1574
-1397
-1111
-884
-554
-348
-327
-259
-406
-364
-197
-258
-357
-242
-423
-466
-560
-719
-715
-825
-786
-595
-636
-309
-281
-200
185
236
371
653
828
911
1030
1130
1249
1361
1619
1486
1471
1520
1650
1640
1853
2010
1854
1764
1636
1660
1681
1713
1542
1527
1429
1302
1143
1171
1287
1116
1076
1263
1468
1350
1310
1406
1287
1246
1293
1032
857
839
821
679
316
23
-447
-585
-766
-1134
-1513
-2005
-2476
-3002
-3410
-3703
-3947
-4187
-4514
-4698
-4905
-4927
-4986
-5055
-5089
-5136
-4888
-4747
-4574
-4379
-4174
-3906
-3432
-2257
12
1647
669
-678
-63
1569
2899
4499
5974
6178
4827
3569
3790
5105
6051
5548
5482
5595
4640
2292
1562
1662
387
-1262
-1412
-1100
-2252
-4026
-4954
-5730
-6047
-4953
-3555
-2823
-2480
-2616
-3369
-2822
-813
1647
3343
4619
5022
5030
4990
5187
5732
6614
7186
6937
6664
6148
5084
3351
1708
632
58
-161
-575
-1415
-2702
-4364
-5792
-6367
-5712
-4652
-3919
-3783
-3641
-3859
-3627
-2480
-890
414
1426
2445
3154
3555
3940
4184
4056
4208
4448
4806
4742
4421
3397
2173
1181
458
317
-79
-653
-1496
-2523
-3395
-3954
-4096
-3801
-3489
-3379
-3494
-3112
-2292
-1828
-1528
-584
134
910
1868
2777
3348
3694
3936
4135
4600
5039
5284
5152
5052
4452
3151
2510
2530
1818
890
230
-171
-1378
-2376
-2709
-2966
-3396
-3537
-3504
-3535
-3337
-3180
-3097
-2813
-1987
-1313
-826
-113
441
773
1062
1439
1768
2235
2753
2665
2354
1865
1318
797
725
762
461
-330
-1106
-1775
-2284
-2536
-2895
-3231
-3390
-3459
-3241
-3114
-2844
-2664
-2422
-2026
-1448
-695
-139
348
528
747
1268
1910
2150
2273
2499
2582
2376
2383
2442
2581
2251
1811
1742
1589
1165
725
508
21
-27
-91
-118
92
-145
-555
-679
-674
-626
-345
32
412
202
-171
-261
-143
-219
-167
13
356
279
-127
-357
-268
-226
-639
-972
-722
-798
-1342
-1585
-1486
-1447
-1757
-1951
-1842
-1765
-1691
-1379
-1454
-1493
-1530
-1284
-1104
-740
-378
-57
34
-72
19
514
683
724
909
1016
1107
982
1187
1443
1601
1599
1527
1616
1725
1454
1173
913
710
498
268
126
165
-133
-486
-817
-524
-110
159
19
-219
-217
-294
-216
-140
106
334
209
-273
-77
243
154
-123
-250
-247
-523
-692
-774
-1006
-1244
-1648
-2074
-2014
-1969
-2091
-2114
-2198
-2628
-2867
-2561
-2494
-2367
-1963
-1858
-2057
-1771
-1894
-1868
-1512
-1318
-1113
-837
-736
-655
-586
-675
-521
-167
289
555
758
855
476
586
660
480
741
924
986
729
729
631
751
771
893
1260
1521
1279
1270
1296
1686
1975
2039
2229
2224
2210
1964
2039
2331
2471
2634
2834
2969
3009
2878
2659
2448
2617
2558
2541
2597
2647
2213
1667
1445
1442
1321
1058
878
795
560
210
-103
-302
-515
-905
-1149
-1247
-1255
-1428
-1616
-1984
-2331
-2592
-2802
-2767
-2898
-3264
-3674
-4197
-4684
-4779
-4709
-4938
-4957
-5013
-5324
-5781
-6097
-6388
-7090
-7591
-7671
-7815
-8418
-8843
-7860
-2991
1697
-495
-5676
-6005
-2190
1481
4463
8356
10381
8163
3848
3776
9337
14817
15123
13967
14947
13775
9162
7087
9781
10453
6433
3303
3347
1568
-2777
-6830
-8988
-9850
-9019
-7778
-7023
-6935
-9003
-13005
-14273
-10569
-4547
304
2676
2714
1349
818
2327
5457
9584
12736
12902
11184
10085
9869
8833
6996
5674
5478
5298
4130
1740
-862
-4206
-7840
-9872
-9032
-6716
-5965
-7664
-10134
-11825
-12213
-10071
-6245
-2737
-1124
-832
-987
-277
1819
4536
6547
7994
9698
10483
10617
10451
9888
9065
8506
8406
8776
8494
6477
3668
1026
-905
-1766
-1800
-1681
-2200
-3316
-5377
-7041
-7054
-6030
-4691
-3410
-2729
-2474
-2403
-2142
-994
709
2562
4079
4889
5131
5307
5404
5112
5070
4804
4454
4534
3691
1376
-1120
-3061
-5076
-6273
-6600
-6830
-7986
-9806
-11683
-13171
-13888
-14220
-13786
-12788
-12134
-12003
-11214
-9186
-7239
-5947
-4850
-3132
-599
2450
5397
7443
8573
8716
8578
9699
12304
14786
15326
14201
12266
10220
9383
9227
8595
6913
4667
2330
216
-1685
-3496
-5694
-7569
-8208
-8404
-8334
-8164
-8876
-10101
-10901
-9646
-6742
-4073
-2483
-1149
-63
597
1511
3776
6584
8312
8653
8849
9124
8904
8455
7788
7133
6844
6577
6143
5192
3406
1445
-136
-1464
-2393
-2941
-2945
-3060
-4270
-5875
-6333
-5424
-4654
-3794
-2536
-1154
-759
-1156
-1267
-36
1557
2172
2101
2461
2743
1713
656
891
1187
543
-589
-1352
-2308
-3337
-4266
-5511
-6643
-7658
-8390
-9428
-10200
-10984
-12368
-13957
-15453
-15551
-14829
-14123
-14128
-11198
-3560
-191
-5704
-10385
-6910
449
6083
10071
14101
15686
11956
6805
8970
18655
25158
22781
20442
21118
17287
9790
8338
12558
12480
6838
2737
264
-4475
-10644
-15343
-16887
-15199
-13079
-13471
-14848
-16220
-18968
-21981
-20365
-12942
-4384
1230
2846
1555
657
1733
5462
11533
18601
22753
21378
17577
15767
15763
14851
13585
13290
13211
11158
6911
2349
-1629
-6094
-10207
-11420
-9250
-7629
-9661
-14049
-17726
-19505
-18499
-14293
-8817
-4930
-3468
-3936
-4059
-1324
3696
8498
11825
14295
15676
15478
15400
16095
16716
17182
17040
16122
14911
13321
10117
5720
2424
1043
-94
-1851
-3885
-6110
-9612
-13824
-15937
-15568
-13987
-12939
-13145
-14003
-14302
-13613
-12770
-10864
-7921
-5196
-3732
-2746
-1661
-1017
-655
366
2063
2962
2837
1750
-1036
-4655
-6552
-7914
-9589
-11194
-9860
-3880
-2716
-11778
-19817
-18883
-12672
-7899
-3893
473
1533
-3845
-9385
-4985
7823
16925
16922
16275
18682
17854
14279
17035
24197
25647
19807
16226
16486
15006
9345
2986
-878
-1023
-550
-2000
-4355
-7902
-14494
-21516
-22360
-16563
-9706
-6401
-7158
-10499
-12221
-10094
-5093
1236
7302
10768
10848
9288
9594
12880
16544
17379
16623
17079
18409
17367
14363
12134
9833
6464
3568
3396
4733
3319
-1822
-6960
-9586
-9703
-8290
-6342
-5356
-6582
-9322
-10302
-7621
-3224
-1209
-1771
-1129
835
1887
2643
4682
7190
7254
5433
5248
7123
7574
5301
2833
2025
1209
-702
-2100
-2092
-2433
-4671
-7976
-9597
-8859
-7934
-8221
-9666
-11015
-11774
-11551
-10562
-8924
-7234
-6515
-7642
-8354
-6995
-4748
-3393
-2986
-3468
-4176
-4928
-5256
-5333
-5626
-7170
-7558
-1787
5082
1877
-6614
-10287
-6996
-1340
3530
6534
8340
5453
-2636
-6165
1455
13090
15975
14086
13719
11343
3849
2986
10165
15232
12463
8184
5157
1403
-2547
-4290
-5113
-4883
-4736
-5977
-6984
-6800
-9063
-14644
-17232
-13561
-6276
248
3396
1440
-1984
-3165
-1260
3113
10766
16580
16215
10696
7541
9721
12362
10937
9815
11373
11560
8894
5590
4068
1919
-776
-3606
-2989
-378
-225
-4037
-7352
-8952
-8557
-5653
-1793
481
821
-403
-1354
-1448
728
5124
8851
9886
8550
6851
6317
5927
5902
6300
7029
7578
5523
1512
-976
-1520
-3372
-6678
-9049
-9113
-9381
-11245
-13413
-14401
-15548
-16456
-16386
-14287
-12189
-11571
-11859
-12120
-11429
-9810
-7489
-4875
-3374
-2675
-2076
-2085
-2119
-574
1584
2410
2542
3622
6949
5138
-960
-1963
1323
3415
4159
5005
4746
3224
35
-1054
1292
6099
7568
6126
6526
6665
3133
1661
5626
9013
8337
6871
6378
3861
1790
3154
4105
2609
2194
2535
1342
33
-474
-1918
-3850
-3510
-692
1229
1882
465
-2147
-3084
-1103
1752
4365
6161
6106
4482
3463
4224
5791
7535
7656
6215
5560
6187
4745
3011
2833
2825
1426
716
1796
2427
757
-2173
-4687
-4860
-3254
-2634
-2807
-2478
-3147
-5014
-5472
-2788
-70
-105
-1212
-1656
-2081
-2274
-427
1373
2087
829
-831
-1509
-411
-403
-1717
-2336
-1515
-1620
-2918
-2832
-2023
-3334
-6290
-7620
-6611
-6055
-6910
-7028
-7361
-8745
-9908
-10212
-10284
-9347
-8188
-8442
-10546
-11671
-11021
-11515
-12582
-12433
-11632
-12666
-12198
-5517
1789
588
-5374
-7839
-4109
2973
9008
12685
14623
13303
8442
6485
12597
21547
24585
23658
21956
19014
14535
13777
16012
16890
14446
10530
6320
2815
365
-2760
-6519
-8181
-7568
-7283
-7483
-8699
-12190
-15976
-17038
-14227
-7388
76
3106
507
-2512
-1761
1839
7439
13883
17397
16021
12046
9820
11237
14008
15122
14159
12469
10724
7367
3768
3612
3753
780
-3065
-3388
-1996
-3360
-6714
-8718
-9787
-9272
-6565
-4031
-2735
-2623
-4005
-4774
-2161
2599
5819
6201
6153
5861
5305
6163
8349
9460
8109
5995
4184
1916
362
94
-157
-1816
-4086
-6704
-8662
-10470
-12298
-13326
-13511
-13583
-14254
-14533
-13868
-13658
-14785
-15190
-13522
-10372
-8220
-6542
-5095
-4668
-5651
-5732
-4423
-3216
-2531
-2029
-2719
-4257
-4713
-3406
495
4115
2579
-2968
-5766
-3842
598
4556
7480
7110
3364
-1182
-491
5821
13135
14928
13069
10809
9463
8633
10246
12719
13004
10695
8368
7800
7077
5086
1539
-2098
-3288
-932
1490
948
-2780
-8011
-12257
-11710
-7057
-1370
1265
293
-3212
-4955
-2645
2234
6626
9665
10739
9851
8325
7769
8821
9500
9823
9616
9358
7628
5736
3738
1237
-1279
-1389
65
897
-7
-2632
-5500
-7132
-7308
-4972
-1923
-951
-1841
-2749
-1820
778
3845
5749
6412
6046
6163
7324
9171
10474
9859
7155
4803
4445
4712
3818
2251
54
-2518
-5599
-7667
-8447
-8878
-9803
-11614
-12644
-13916
-15885
-17524
-16932
-14815
-13801
-13904
-13065
-11769
-11607
-11361
-9509
-7137
-5611
-4318
-3183
-3232
-4305
-4823
-4595
-5070
-5407
-4320
-1724
1981
3896
468
-5192
-7034
-3488
3216
8613
9876
7419
3559
616
2785
9834
16642
17556
15392
13486
11661
10105
11177
13704
13834
11876
10102
8573
5369
783
-3594
-6133
-5570
-3102
-2051
-4224
-8810
-13657
-16334
-14350
-8603
-3289
-1299
-2808
-5314
-5990
-4007
-494
3746
8307
10988
11082
9596
8819
9051
9659
10636
12388
14295
13589
9740
4820
1797
1208
2354
3092
2728
565
-3493
-6928
-8499
-8136
-6448
-5158
-4903
-4566
-4343
-5280
-5399
-4003
-1957
676
3198
3960
2854
1526
1507
2360
3760
5748
6816
5264
2497
274
-478
-29
529
-379
-2889
-5432
-7400
-9045
-10440
-11273
-11918
-12191
-11805
-11436
-11795
-12166
-13172
-14479
-14119
-11671
-9341
-8717
-9442
-10620
-11397
-10870
-8897
-6468
-6316
-7652
-6873
-2414
2859
3668
143
-2242
-2269
1115
7016
12716
14114
11755
7566
5881
9284
15834
20000
19447
17774
15441
12285
11290
14073
15408
13358
10040
7478
5059
2670
88
-2827
-4220
-3359
-3109
-4893
-6489
-8047
-11005
-13448
-11450
-5910
-1385
-11
-906
-1558
-911
1372
4547
8368
11440
11941
10935
10186
10922
12009
13003
12906
12595
11820
10429
7404
3991
1884
1044
1098
68
-1790
-4053
-5929
-7902
-7522
-6452
-6099
-6291
-6610
-5833
-4277
-3232
-2463
-1092
256
2025
4323
5949
5455
4417
4455
6203
7998
8537
6799
3694
1005
-240
29
812
871
-1924
-7131
-11072
-11611
-10869
-11766
-13523
-14892
-15861
-16755
-16735
-15934
-15082
-14854
-14685
-12559
-8954
-6328
-6780
-8746
-9172
-7616
-5513
-3206
-1636
-2777
-6150
-8257
-5547
1796
7767
5062
-1939
-5596
-4328
419
5816
9950
9801
6043
1313
1953
7793
14479
15526
14127
13777
13984
12529
12298
14572
15010
13209
11351
10920
10106
7364
2479
-1398
-1958
-219
183
-1870
-4402
-7885
-11458
-12013
-8077
-2833
-1107
-2865
-5500
-5188
-3554
-1637
1220
4980
7087
7038
6634
6703
7438
8059
8776
9655
11310
11165
8519
5217
4059
3640
3054
2658
2524
353
-3093
-5381
-5794
-5376
-5892
-5924
-5641
-4982
-4416
-3798
-3699
-2606
-391
1815
3294
4082
3211
2505
3503
5063
6124
5981
4473
1958
-149
-616
276
868
71
-2159
-5153
-8028
-9675
-9729
-9553
-10797
-13126
-15093
-16002
-15766
-14596
-14503
-15494
-15875
-14864
-12418
-10108
-9433
-9612
-9915
-9915
-8254
-5192
-3900
-5300
-7938
-8885
-7737
-4894
454
4949
2343
-4335
-6773
-3420
2506
7467
11081
10685
7964
4277
4578
9460
15852
17642
16510
15965
15062
12988
12131
14225
14790
13450
12211
11114
7867
3349
-721
-3615
-3726
-1758
-803
-3165
-7497
-11614
-14356
-14228
-10658
-5558
-2659
-3192
-5862
-6681
-5330
-2503
871
5022
8065
8583
7652
7242
8333
9040
10933
12976
14515
13453
10530
7685
6301
5636
5741
5671
4266
1599
-2222
-4678
-6200
-7203
-7615
-7283
-7222
-7610
-7933
-8113
-7507
-6254
-4675
-2279
-306
284
-265
28
1936
4246
5757
5813
4934
4290
3728
3312
3974
4766
3347
-69
-2628
-3138
-3342
-4824
-6472
-8565
-10885
-12829
-13200
-12938
-13242
-14704
-15725
-15702
-14560
-13094
-12387
-12412
-12828
-12290
-10403
-7895
-6279
-6595
-7654
-8644
-8010
-4845
-91
5298
7026
2271
-2725
-2834
1847
8263
12367
13653
12137
9157
6650
8848
14973
20093
20196
18837
17500
15159
13145
14479
15955
14768
13254
11950
9610
6314
3422
-137
-2650
-2195
-641
-1174
-3822
-7426
-11182
-13019
-11097
-6787
-2714
-1054
-2722
-5481
-5951
-3341
583
4440
7574
8700
8166
7326
7486
8163
9554
10822
11362
11664
10742
7437
4316
3781
4021
3556
2145
1186
-803
-3480
-5011
-5807
-6830
-7052
-6798
-6812
-5743
-5067
-5951
-6287
-4855
-2357
359
1931
1821
646
402
2185
5080
6607
6182
4363
2828
2362
2360
2494
2660
1268
-2259
-4931
-5327
-5773
-8130
-10785
-12270
-13060
-13866
-14395
-15050
-15476
-15857
-16609
-16631
-14504
-12064
-11976
-13346
-13788
-11830
-9421
-8293
-7473
-6461
-6985
-8733
-7896
-3434
3065
6549
4333
-1066
-3221
-1609
3218
9207
13281
12363
8748
5315
5987
11121
17026
18792
17398
16274
14639
12822
13274
15957
15831
13534
11231
9592
7672
5674
3402
222
-1263
-882
-1002
-2667
-4402
-7240
-10770
-11699
-8969
-4899
-2636
-2981
-4958
-5754
-4583
-1642
1896
5175
6655
5955
5652
6653
8730
10184
11527
11558
11001
10240
9020
7929
7295
7044
5731
3899
1851
116
-1912
-2858
-3366
-4457
-5722
-6836
-7607
-7142
-6225
-6216
-6157
-5334
-3973
-3191
-2604
-1934
-1658
-1047
744
3126
4444
3616
1698
592
1331
2819
3883
3729
2350
-827
-3960
-5198
-4571
-4290
-5743
-8609
-10945
-11907
-12285
-12725
-13867
-15113
-16061
-16042
-14944
-12510
-11827
-13727
-15640
-14753
-11671
-8971
-7439
-7454
-8404
-9950
-10210
-6801
610
6885
6629
677
-2877
-1994
3532
10011
15194
16022
13171
9287
7381
10961
18123
22481
21504
19190
16429
13461
11940
14016
15456
14381
11529
8357
5504
2531
-93
-3458
-4912
-4043
-3672
-4968
-7011
-10102
-13794
-14399
-11355
-6528
-3369
-2723
-4188
-5755
-4765
-1464
2900
6424
8279
8026
7791
7856
8953
9718
10864
11329
11317
11210
9956
7817
5505
4425
4138
3985
2518
344
-2583
-4521
-5411
-5338
-5425
-5575
-6410
-7032
-6458
-5531
-4301
-3004
-1356
-423
-47
626
1479
2230
3679
5356
6518
6130
4474
3396
2899
3276
3380
3363
2419
7
-3433
-6064
-7042
-7539
-8806
-10709
-12716
-14983
-16365
-16616
-16447
-16419
-16825
-17103
-16324
-14637
-13411
-13303
-13240
-12566
-10975
-8760
-6894
-6313
-7072
-8093
-7385
-2291
5962
9428
4405
-1009
-1769
2481
8985
14269
15312
13586
9941
7295
9896
17015
22584
22379
20116
18015
15934
14098
15819
18480
18906
16264
12211
8175
5468
4471
2528
904
627
406
-2369
-5617
-7750
-9781
-11387
-11182
-8328
-5335
-3826
-5469
-7619
-7516
-4895
-1105
2567
5676
5849
4955
4596
6168
8055
9519
10150
10158
10144
10224
10415
8761
5991
3783
4354
4598
4126
2189
-1301
-4631
-6215
-6843
-6733
-5684
-6628
-8958
-9941
-8482
-6818
-5367
-4151
-3704
-3959
-3176
-1458
-689
-87
1426
2664
2562
2576
2934
2673
2154
1831
1950
1649
1106
-1219
-4089
-5461
-5799
-7120
-9462
-10787
-11526
-12764
-14407
-15521
-16916
-17728
-17837
-16949
-15379
-14434
-15034
-16149
-15813
-14265
-11789
-10452
-9744
-10625
-9670
-3836
3267
4745
1367
-354
997
5869
11452
15990
16424
14050
9801
10199
16020
22884
24550
22811
21819
19174
16159
16271
19201
18864
16319
13057
9632
6247
3331
664
-2061
-2620
-2856
-4425
-7226
-8821
-10457
-12736
-13459
-11672
-7840
-4826
-3769
-4851
-5080
-3231
-371
3127
6582
8699
8471
7994
8961
11457
13513
14352
13305
11965
11226
11399
11004
9904
8588
5889
3117
1819
1722
756
-843
-3839
-6744
-8515
-8560
-8087
-7863
-8611
-9693
-9652
-8437
-6428
-4977
-3920
-3193
-2398
-1187
836
2522
3133
3525
3887
4346
5109
5183
3978
2493
1490
768
-209
-981
-2357
-4228
-6693
-9392
-11830
-13728
-14788
-15873
-16714
-17958
-19894
-21705
-22685
-22175
-20569
-18560
-17335
-17453
-18161
-18270
-16425
-13410
-11194
-10524
-9323
-4807
1479
3177
718
43
2663
8054
12442
16057
17567
16801
13368
12050
16496
23288
26433
24516
22411
20182
17136
16433
19561
21435
18370
12915
8930
6482
4194
2282
70
-2309
-4503
-6692
-8158
-8231
-8954
-11857
-14550
-14628
-11124
-7361
-5441
-5918
-6923
-5974
-3230
800
4786
7864
7856
6893
7494
10493
13177
14074
13014
11280
10929
11249
11104
10169
8893
6811
3989
1417
1235
1715
450
-2225
-5374
-7471
-7787
-7144
-7591
-7680
-7842
-7847
-8344
-6976
-4428
-3048
-2230
-1273
50
1023
2414
3689
4223
4338
5067
5942
6438
6044
4521
3475
3345
2619
927
-235
-1025
-2776
-5774
-8241
-9787
-11285
-13004
-14505
-15697
-16963
-18694
-21025
-21637
-20544
-19162
-18651
-18404
-18285
-18169
-18249
-17442
-14862
-11391
-6072
-1311
-365
-4091
-5317
-1054
6365
12403
15933
15988
14134
12373
13097
18226
24324
26809
25026
23690
22877
20846
19344
21006
22547
21154
17760
12854
7681
3399
1374
614
400
-1060
-5405
-11378
-14684
-14343
-13381
-13207
-13527
-13374
-13306
-12498
-10862
-8682
-6122
-4003
-1861
1251
5175
7301
7780
8621
11191
14029
16103
16512
15440
13875
13284
14000
13746
12624
10334
6979
3647
2404
1734
351
-1389
-3971
-7196
-9054
-9002
-9514
-10095
-10800
-11308
-11627
-10257
-8481
-7485
-6992
-5719
-4101
-2856
-948
1278
3103
3709
4081
4668
5826
6787
6819
6249
5467
4740
3545
1940
549
-541
-2355
-4578
-6783
-8354
-10450
-13541
-16800
-18291
-18346
-18766
-20280
-22398
-23731
-23667
-22837
-21580
-20513
-20258
-20483
-20230
-14622
-5817
-1114
-5057
-7589
-5262
2401
9495
15999
18996
18338
14633
13400
19271
28103
32767
29991
27003
25277
24173
24436
27409
28207
24603
20253
16340
13108
9350
6693
2972
120
-1273
-2726
-6568
-12025
-15394
-16934
-16101
-15166
-13915
-13015
-13377
-14777
-14751
-10789
-6473
-3209
-792
2047
3459
4730
7660
11432
14003
14743
14889
15213
16325
16066
15327
15032
14539
11467
8082
6404
4945
3131
565
-2193
-4851
-6420
-8383
-9363
-10357
-11017
-12837
-14249
-14231
-12777
-11784
-11544
-10597
-9468
-8120
-7192
-5417
-3307
-100
2438
3431
3738
4048
4292
4856
6730
8012
8175
6857
4503
2046
1226
856
-902
-3459
-5481
-7496
-10529
-13805
-15896
-16991
-18983
-20830
-22207
-23504
-25155
-25782
-26006
-26153
-26556
-26061
-23846
-18452
-12402
-10146
-12413
-13364
-10086
-2417
5529
10679
12628
12839
11694
12519
18903
27511
31805
30740
29098
27933
26647
27139
29384
30328
27872
23801
18871
14340
10974
8182
4768
2083
49
-3428
-7954
-11756
-14256
-16388
-17610
-17884
-17242
-15922
-14607
-14126
-13924
-11881
-8869
-5623
-1898
2012
4549
6077
8614
12160
15535
17612
18536
18275
18304
19078
19627
19962
19319
15624
10668
9214
8634
7697
5245
1969
-3254
-6968
-8061
-7807
-8006
-9497
-11879
-14765
-15814
-14895
-12567
-11343
-11113
-11860
-11250
-8596
-5699
-4380
-3206
-653
1634
2884
4081
5528
5626
5058
5037
6478
8357
7922
4619
1177
-190
-699
-998
-1876
-3382
-7105
-12267
-15791
-16316
-15986
-17258
-19921
-23105
-25421
-26302
-26261
-26293
-27650
-26356
-20897
-15380
-14456
-16510
-17802
-15685
-8765
-217
6775
9921
9913
7699
8493
15122
25304
31748
32155
29232
26006
24479
26306
30637
32672
30109
24625
19765
16252
13762
11190
8200
5214
2194
-1481
-5463
-8818
-12262
-15428
-17325
-17301
-16085
-15075
-15866
-17142
-16570
-13819
-10913
-8147
-4693
-1514
446
1793
4231
7985
12358
15400
16899
17646
18608
19070
19596
20412
21108
19786
16402
12915
11246
10758
8925
6121
2803
-703
-4006
-5898
-7376
-8141
-9197
-11188
-14074
-14935
-13881
-12866
-12317
-12254
-11526
-11288
-10061
-7775
-4837
-2643
-958
396
874
1789
4227
6576
6974
6239
5638
6212
6773
6389
5297
3915
1756
-1176
-3479
-4479
-5381
-7566
-10698
-14071
-16703
-18651
-20489
-21632
-22542
-23508
-25277
-25638
-22727
-18010
-16716
-19407
-21055
-17705
-10969
-5442
-1537
725
1828
1464
3810
10974
20704
25503
24618
23733
24233
25299
27467
30959
32476
30811
26817
23380
21521
19876
16943
12049
8560
6520
3960
-838
-5595
-9589
-12612
-14557
-15435
-15123
-15359
-17338
-19598
-19037
-15890
-12501
-10620
-9152
-6893
-4374
-1911
1536
5419
8127
9765
11671
14166
16671
18474
19715
20538
20354
19660
18454
17142
16121
14806
12657
10101
7161
3753
1123
-75
-1356
-3861
-6768
-9572
-12422
-13649
-13294
-13424
-14232
-15099
-15768
-15953
-14598
-12115
-10078
-9129
-8025
-5939
-3842
-2685
-1856
-47
1916
3024
3588
4281
4397
3711
2745
2595
3214
2989
991
-2709
-6087
-7765
-8088
-8641
-9951
-12797
-16886
-20292
-22533
-22823
-22445
-21766
-20557
-17741
-16722
-19606
-22786
-21471
-15176
-9034
-4623
-2798
-2164
-2639
-1861
3089
11920
19711
21638
20297
19420
20843
23892
27911
31002
31168
28271
24635
21906
20728
20224
18208
15272
11903
9013
5037
705
-3267
-6031
-8448
-10513
-11012
-12026
-14064
-16619
-17762
-16681
-14138
-12190
-11353
-10939
-9208
-6280
-2699
1241
4486
6624
7452
9244
12172
15201
17807
19425
19871
19209
18891
18491
18660
19087
18317
15533
12504
10049
7562
5941
4593
2702
-606
-3982
-7334
-9604
-10602
-10780
-11373
-13080
-14295
-15223
-15581
-15107
-13585
-12110
-10513
-9002
-7302
-6565
-6320
-5104
-3577
-1391
919
2710
2890
2086
1123
1024
1991
3563
4156
2569
-770
-4236
-6327
-7004
-7184
-8093
-10238
-14031
-18227
-20910
-21601
-21840
-20942
-17818
-14532
-16153
-21361
-23327
-19245
-12793
-8278
-5922
-4371
-3482
-4086
-2489
4638
13967
18154
17162
16871
18449
20419
23207
27640
30661
29609
26031
22771
21249
20703
19757
17311
14748
12493
9310
4698
388
-2380
-4402
-6405
-8535
-10247
-11267
-13164
-15434
-15246
-12553
-10821
-11178
-11230
-9136
-6518
-4574
-2098
1107
3700
5253
6723
9011
11745
14092
14984
16284
17605
18010
16965
16385
16785
17144
17040
15326
13344
11092
8628
6175
5511
5024
3048
-773
-3667
-5240
-6437
-8096
-9802
-10879
-11659
-12187
-12720
-13189
-13786
-13808
-12701
-10553
-8377
-7691
-8478
-8542
-6985
-4910
-2852
-1031
-47
-437
-1580
-1726
-15
2107
2079
69
-2941
-5061
-5324
-5344
-5838
-7696
-10446
-13722
-16566
-17975
-18609
-19848
-18397
-14169
-12360
-17197
-21574
-20714
-14889
-9289
-5833
-4296
-4542
-5941
-6349
-258
10208
17437
16531
13579
14255
17002
20102
24011
28288
27983
23868
20392
20157
21248
20665
17964
14526
12895
10949
7627
3389
634
-1171
-3488
-6226
-7594
-8375
-10236
-12952
-13961
-11967
-9899
-9987
-10909
-9808
-7414
-5265
-3324
-420
2605
3970
3730
4982
8481
11625
12971
13563
15472
16608
15625
13518
13915
15931
16845
15328
13078
11406
9876
8065
6703
6437
5067
2049
-1235
-2727
-3329
-4949
-7203
-9216
-10179
-10519
-10716
-11059
-11778
-12741
-13155
-11928
-9794
-8354
-8664
-9454
-9234
-7843
-6402
-4429
-2436
-1758
-2940
-4083
-3394
-1660
-1114
-1519
-2793
-4532
-6306
-7551
-8106
-8773
-10309
-12942
-15598
-17713
-19308
-19791
-16720
-12207
-12216
-18895
-22886
-20557
-13187
-8152
-6112
-5291
-5229
-6715
-6785
338
10698
16100
14259
12078
13819
16453
19302
23651
27731
26938
23071
20039
19845
20129
18907
16118
13064
12095
10521
7014
2573
-106
-2605
-5168
-6737
-7340
-8001
-9802
-12406
-13789
-12078
-9754
-9171
-9476
-8468
-6587
-4733
-2782
629
3761
5421
6366
7749
10267
13335
15219
15678
15501
16380
16963
16532
16200
16351
15566
13931
12055
10904
10336
9506
7954
5865
4171
1918
-322
-2016
-2575
-3388
-5995
-8689
-9663
-9665
-9905
-9974
-10408
-11509
-12032
-11100
-9329
-7981
-7794
-8669
-9362
-8828
-7256
-5492
-4043
-3333
-3943
-5531
-6130
-4870
-3275
-3165
-5167
-7330
-9232
-10210
-10733
-11133
-12522
-15282
-18162
-19224
-15971
-11691
-12327
-19078
-22611
-19258
-11655
-6589
-5706
-7036
-8900
-9726
-6565
3184
12523
14980
10789
8511
11946
16980
21363
25017
26663
23840
19908
19036
21296
23012
21266
16420
11341
9356
9075
8341
5692
1996
-3103
-7842
-9487
-7446
-5107
-6508
-11619
-16205
-15992
-12186
-8275
-6101
-5546
-6756
-7859
-5867
-486
4709
6510
6499
6748
9664
13143
16109
16495
16452
16280
16902
17834
18862
18299
15582
13440
12155
12440
12255
11321
8049
4428
1961
1327
1545
700
-1001
-3660
-5959
-7903
-9016
-9389
-9421
-9761
-10327
-10499
-11147
-11670
-11231
-8663
-6334
-5666
-6456
-7134
-7334
-6497
-4642
-2068
-597
-1877
-4355
-5456
-4379
-3715
-3818
-5029
-6477
-9327
-12438
-14027
-13799
-14031
-15979
-18548
-18858
-15604
-13547
-17418
-24097
-24227
-17655
-9758
-7460
-8199
-9607
-11042
-11153
-5068
7062
15719
14559
8621
8038
13240
19587
25086
28640
28031
22732
18934
18998
22661
25278
23773
17810
11589
9174
9111
8452
5416
1350
-3794
-8540
-10668
-8795
-6126
-7353
-12634
-17299
-16697
-13108
-9768
-8205
-7393
-7437
-7594
-5458
-742
4212
6572
6830
7564
10865
14894
17265
17644
17696
18050
19489
20895
21466
21003
19699
16809
13850
13142
14290
13707
10610
6876
4027
1947
-423
-2545
-3986
-5564
-7394
-9205
-10513
-12225
-13945
-14499
-13455
-12556
-12857
-13300
-12847
-11670
-10309
-8314
-6363
-5654
-6369
-6899
-6222
-3942
-2149
-2300
-3306
-3659
-3485
-4284
-5986
-6899
-7665
-9505
-12358
-14258
-15659
-17108
-18203
-16206
-13443
-14599
-20629
-25381
-24052
-17504
-10708
-8503
-9808
-12393
-13441
-11933
-4525
6295
13400
12640
8637
8428
12060
17325
23587
28237
27922
23142
19040
18451
21076
23349
22972
18612
13547
9139
6982
5836
4706
2035
-2652
-7552
-10413
-9693
-8376
-9569
-13203
-15754
-15766
-14182
-11937
-10174
-9140
-9434
-8094
-5199
-1228
2283
4707
6242
8307
11578
14742
17040
18055
18376
18800
20252
21912
22385
21751
20445
18547
16413
15299
14394
13543
11677
8803
5535
2714
614
-1539
-3992
-5883
-7834
-9650
-10711
-11651
-13023
-14903
-15765
-15543
-14370
-13656
-12787
-11570
-11318
-11371
-10198
-6813
-3962
-3042
-3801
-3839
-3510
-2935
-1844
224
1650
-420
-3908
-6526
-7086
-7882
-9021
-10162
-10901
-12688
-13591
-13455
-14705
-19100
-22164
-20441
-16401
-13448
-14137
-16026
-17154
-15317
-11785
-6105
-43
3660
3678
3007
5637
11124
16227
19462
20582
20308
19755
20602
21147
21956
22014
21406
18206
14630
11831
10380
8808
6698
3785
-423
-4556
-7609
-8469
-7861
-8166
-10516
-13894
-16099
-15724
-12854
-10102
-9452
-10643
-10697
-8086
-4011
-477
1981
3459
5314
7839
11323
14561
17584
18127
17291
17500
20669
23737
24162
21839
19672
18942
19153
18871
17829
15664
12368
8888
6783
6305
5836
2254
-3139
-6983
-7810
-7474
-7408
-8640
-11235
-14479
-16803
-17299
-15146
-12280
-11091
-12709
-15074
-15157
-12000
-7722
-4760
-3878
-4888
-5814
-5640
-3452
-695
1066
484
-1408
-3391
-3837
-3372
-4309
-7144
-9338
-9953
-8675
-6694
-7425
-12822
-19659
-20561
-16146
-9469
-8182
-11543
-16785
-18652
-15772
-9245
-2266
1730
1704
-14
295
4321
9758
15255
18000
17563
15453
15821
17915
19288
19214
19577
19885
18256
14946
12370
10993
9454
7469
4699
1902
-617
-2649
-4043
-5433
-6642
-8252
-9904
-11054
-10605
-9695
-9249
-9245
-8729
-7388
-5222
-3209
-1383
608
2822
4820
6684
9374
12764
15097
15688
15527
16391
18131
19678
20330
20272
19248
18243
17739
17644
17211
15321
12293
8832
6300
5191
4522
1981
-2333
-6076
-8531
-9972
-10776
-10775
-11616
-14123
-17316
-19111
-18293
-15250
-13265
-13483
-14702
-14941
-13830
-11902
-9370
-6807
-5240
-5408
-5922
-4975
-2038
616
338
-1733
-2483
-1538
-343
-1284
-2925
-4583
-5547
-6293
-5109
-3293
-4232
-10328
-17198
-18606
-13060
-6202
-5603
-11677
-18334
-19120
-14754
-7909
-2739
-670
-2296
-4961
-5320
-1788
3918
9335
11855
10738
8157
7700
10023
13455
15333
15246
13411
11949
11673
12308
11752
9479
6796
4899
3412
2444
1785
1356
-515
-3242
-5407
-5410
-4410
-3820
-4757
-6231
-6640
-5479
-3214
-1191
-205
199
979
2705
5067
8014
9766
9733
9000
9592
12003
14779
16025
15634
14095
12595
11984
12514
13362
13416
11784
8513
5053
3354
3708
3912
1976
-1224
-3800
-5507
-6274
-7010
-7406
-7124
-7509
-8906
-11052
-11888
-10292
-8278
-7926
-8250
-7960
-7277
-7372
-7544
-6359
-3862
-2498
-2898
-2510
-686
571
-383
-1940
-1578
830
2746
2562
379
-1188
-1042
31
838
1107
549
-1928
-5447
-7537
-6918
-4890
-4569
-6722
-9872
-12291
-13375
-13227
-11451
-9507
-8813
-10093
-11741
-12717
-11738
-8871
-5881
-4491
-5045
-5639
-4697
-2166
644
2926
3760
3721
4017
5396
7558
8747
8588
7561
7051
7533
9159
10171
8945
6530
5069
5319
6550
6785
5590
3854
2605
2617
3512
3976
3770
3885
4748
5581
5977
6047
6780
7314
6970
6929
8256
9798
9898
9534
9589
9997
9867
9074
8206
8210
8331
7508
5573
3905
3001
2320
1578
650
-209
-1263
-2163
-3233
-3988
-4469
-5479
-6811
-8006
-7932
-6887
-6539
-7729
-9710
-10084
-8847
-7046
-6068
-6323
-7171
-7592
-6497
-4108
-1393
-78
-584
-1710
-1027
1102
3702
4663
4043
3375
3317
3447
3608
3787
3167
1753
-605
-2458
-2824
-2479
-2809
-4484
-7091
-9003
-9624
-9337
-8877
-8998
-9636
-10928
-11913
-12041
-10909
-9440
-8543
-8083
-7764
-7066
-5931
-4347
-2739
-1503
-440
805
1972
2963
3833
4893
5877
6439
6591
7358
8024
7846
6776
6264
6991
7643
7807
7245
6528
5631
5308
5509
5804
6208
5847
4624
4045
5055
6371
6652
6381
6211
6030
5350
5575
6906
7908
7776
6815
6449
6798
6918
6461
5871
5533
4752
3867
3389
3422
3003
1301
-335
-1340
-1181
-1152
-1914
-3513
-5660
-6873
-7535
-7501
-7219
-6780
-7075
-8382
-9281
-8992
-7939
-6898
-6315
-6273
-6178
-5481
-4281
-2749
-1556
-968
-602
253
1177
2108
2369
2658
3636
4889
5706
5596
4764
3433
2413
2136
2155
1543
197
-1261
-3104
-5089
-6516
-6696
-6686
-7796
-9674
-11085
-11353
-11003
-10861
-11288
-11769
-12093
-12207
-11641
-10369
-8995
-7965
-7313
-6560
-5073
-3061
-1266
-161
335
1192
2048
3186
4081
5083
6015
6450
6474
6250
6564
7175
7716
7658
7451
7179
6701
6406
6438
6642
6742
6132
5307
5430
6023
6451
6442
6125
6077
6076
6004
6326
6978
6966
6369
5652
5962
6763
6900
6288
5606
5181
4695
4096
3820
3883
3219
1688
-58
-1012
-1042
-830
-1503
-3218
-4973
-6157
-6731
-6973
-6513
-5911
-6551
-8366
-9334
-8356
-6480
-5495
-5936
-6853
-7097
-6038
-3481
-1131
-463
-1300
-1561
-157
2353
4469
4780
3816
2931
3517
5675
7619
7516
5787
3537
2485
3010
3885
3927
2297
-838
-3890
-4940
-3680
-2741
-3894
-6590
-9122
-10220
-9781
-8798
-8199
-8819
-10485
-11365
-10842
-9315
-8090
-7772
-7832
-7426
-6063
-4425
-3141
-2298
-1771
-1042
241
1701
2800
3285
3187
3486
4121
4938
5661
5655
5396
5281
5052
4684
4581
4457
4039
3489
3461
3203
2772
2206
2144
2542
2468
2190
1913
1990
1925
2088
2846
3908
4331
3715
2890
3040
3766
4187
4511
4533
4202
3595
3682
4426
4642
3617
2195
1582
1415
1083
688
341
-441
-1750
-3190
-3783
-3183
-2702
-3605
-5253
-6002
-5779
-5098
-4882
-4873
-5194
-5605
-5557
-4584
-3010
-1964
-1989
-1776
-573
1198
2841
3907
4323
4307
4900
6449
8095
8617
8057
7076
6527
6464
6791
6758
5849
3935
1654
455
-1
-473
-1839
-4003
-5886
-6795
-7421
-8076
-8895
-9784
-10592
-11214
-10854
-10244
-9636
-9434
-9305
-8798
-7831
-6342
-5288
-4512
-3992
-3192
-2477
-1308
22
940
1580
2075
2661
3025
3094
3153
3314
3670
3795
3583
3250
2662
1856
1581
1775
2102
1968
1257
431
-279
307
1460
2265
1972
989
554
1574
3099
3801
3745
2936
3077
3972
5092
6059
6299
5846
5282
5628
6957
7862
7249
6103
5069
4634
4404
4442
4875
4267
2368
303
-125
338
171
-1195
-2932
-3755
-3678
-3675
-4228
-5261
-5772
-5890
-5694
-5342
-4841
-4262
-3943
-3628
-2707
-1062
487
1345
1763
2324
3457
4603
5391
5962
6169
6373
6395
6354
6143
6061
5373
4040
2555
1702
1135
259
-1155
-2661
-4153
-5641
-6376
-6751
-7325
-8468
-9640
-10203
-9744
-9304
-9357
-9577
-9438
-8667
-7473
-6273
-5465
-5026
-4418
-3399
-2427
-943
292
1028
1103
1107
1724
2557
3380
3560
3401
2897
2572
2528
2772
2853
2428
1315
-25
-498
-136
202
-216
-901
-1462
-1539
-1363
-1123
-941
-981
-814
-380
349
1013
1406
2100
2742
3550
4318
5563
6486
6693
6657
6821
7535
8256
8713
8596
7769
6783
6081
6176
6579
5849
4022
2247
1467
1192
446
-917
-2310
-3607
-4835
-5691
-5989
-5829
-5967
-6622
-6926
-6648
-6117
-5548
-5006
-4167
-3191
-2474
-1789
-890
495
1849
2791
3339
4094
4887
5164
5124
5167
5723
6298
6017
4668
3657
3492
3072
1792
79
-1149
-1922
-2754
-3790
-4670
-5346
-6086
-6968
-7671
-7831
-8042
-8388
-8715
-8551
-8087
-7658
-7191
-6550
-5657
-4662
-4165
-3938
-3276
-2178
-1200
-728
-326
234
876
1367
1727
2093
2339
2060
1295
1203
1667
2027
1459
360
-519
-797
-720
-675
-1035
-1543
-2293
-2840
-2794
-2457
-2111
-1926
-1694
-1626
-1612
-1287
-490
411
1567
2448
3113
3528
4240
5253
5940
6461
6872
7385
7471
7212
7147
7096
6954
6736
6285
5509
4624
3714
2528
1463
847
383
-352
-1510
-2610
-3764
-4868
-5243
-5068
-5020
-5506
-5864
-5675
-5365
-5163
-4672
-3759
-2683
-2156
-1756
-1053
-33
804
1654
2756
3630
4126
4154
4215
4638
5157
5219
5152
4821
4332
3683
2844
2194
1781
1414
624
-728
-1769
-2326
-2931
-3556
-4008
-4369
-4716
-5285
-5779
-5858
-5961
-5967
-5716
-5119
-4365
-3994
-4036
-3874
-3264
-2027
-1219
-745
-528
-157
183
769
1763
2541
2678
2299
1968
1866
2001
2275
2337
1981
1143
370
302
613
706
378
5
-635
-1321
-1406
-738
-44
-166
-506
-455
-93
155
361
901
1541
2047
2536
2803
3122
3929
4795
5323
5169
5046
5369
5605
5751
6112
6449
5967
4952
4489
4411
4187
3672
2781
2217
1822
980
-272
-1385
-1883
-2315
-2843
-3028
-3135
-3534
-4382
-4994
-4589
-3934
-3303
-3119
-3132
-2655
-1735
-619
131
919
1361
1321
1618
2537
3731
4485
4412
4044
3831
3958
4160
3862
3382
2630
1973
1495
1095
809
457
-355
-1577
-2867
-3265
-3247
-3452
-4211
-5220
-6206
-6936
-6864
-6317
-5592
-5933
-6786
-7404
-7053
-5908
-4836
-4497
-4518
-4672
-4267
-3517
-2433
-1348
-1030
-1061
-1154
-773
155
900
1144
1165
993
968
964
1212
1304
1199
907
126
-180
37
316
310
-352
-1006
-1117
-814
-758
-1147
-1126
-640
-100
418
635
1014
1423
1834
2193
2611
3278
3843
3991
3956
4135
4592
5201
5413
5167
4670
4379
4344
4360
4219
3805
3086
2569
2239
1867
1608
1158
581
-166
-623
-890
-911
-965
-1160
-1463
-1865
-2220
-1961
-1211
-513
-149
-232
-40
240
605
1180
1795
2296
2440
2161
1901
2081
2195
2571
2750
2692
2175
1651
1270
876
742
359
-122
-746
-1367
-2000
-2762
-3592
-4259
-4762
-5214
-5737
-6147
-6368
-6512
-7053
-7343
-7251
-6926
-6451
-6321
-6171
-6093
-6057
-5448
-4431
-3260
-2462
-2250
-2313
-2324
-1732
-759
102
649
501
353
652
1339
1572
1517
1365
1142
823
753
857
1144
1036
459
140
-29
123
-130
-395
-35
495
727
472
398
679
1020
902
756
1006
1595
2019
2010
1744
2024
2394
2680
3022
3470
3612
3480
3430
3650
4140
4033
3477
2927
2771
3158
3263
2709
2243
1814
1174
625
516
512
207
-508
-1269
-1416
-898
-726
-708
-695
-603
-374
-196
-34
319
696
968
1270
1487
1753
1717
1646
1632
1700
2129
2224
1592
971
686
546
317
10
-88
-194
-789
-1677
-2316
-2267
-2384
-2920
-3416
-3881
-4227
-4610
-4599
-4212
-4104
-4313
-4537
-4374
-4059
-3643
-3147
-2622
-2369
-2457
-2282
-2015
-1653
-1310
-818
-646
-799
-533
-116
831
1247
1124
1022
994
1311
1286
1212
1305
1532
1441
1155
874
822
763
417
181
621
1258
1202
637
120
376
970
1149
977
712
668
838
1264
1846
2339
2455
2318
2349
2844
3464
3651
3606
3509
3761
4269
4472
4541
4312
4008
3590
3649
3648
3433
3166
2332
1398
798
955
1231
1143
746
199
-245
-670
-741
-630
-522
-368
-492
-655
-551
-606
-637
-783
-669
-544
-830
-962
-1132
-1111
-1083
-1146
-1360
-1577
-1787
-1840
-1777
-1992
-2160
-2211
-2410
-2639
-2670
-2720
-2934
-3269
-3482
-3608
-3685
-3818
-3803
-3605
-3529
-3448
-3621
-3782
-3661
-3669
-3832
-3905
-3888
-3653
-3348
-3129
-2774
-2375
-2313
-2339
-2124
-1450
-469
33
53
-86
38
443
754
877
1274
1489
1583
1329
1100
1084
916
911
990
1283
1564
1492
1146
1057
1471
1778
2027
2148
2059
2013
2321
2558
2820
3047
3237
3410
3481
3817
3990
4166
4408
4402
4240
4047
4030
4299
4382
4256
4010
3693
3421
3390
3556
3565
3237
2829
2451
2516
2504
2594
2598
2373
1821
1207
860
812
876
860
721
235
-246
-685
-953
-1189
-1362
-1397
-1340
-1435
-1562
-1893
-2056
-2075
-1903
-1572
-1379
-1527
-2151
-2360
-2142
-1771
-1728
-1835
-2007
-2214
-2463
-2617
-2492
-2374
-2734
-3311
-3756
-3830
-3637
-3531
-3431
-3395
-3399
-3713
-4108
-4311
-4155
-3482
-3102
-3149
-3296
-3461
-3550
-3367
-2939
-2495
-2343
-2553
-2707
-2652
-2334
-2217
-2082
-1849
-1241
-773
-906
-1096
-1092
-965
-786
-376
124
484
334
-156
-462
-9
892
1422
1516
1258
1117
1020
1337
1789
3313
5127
5408
3581
1027
46
1640
4565
5782
4678
2496
760
882
2542
4549
4906
3999
3067
2342
1638
1013
935
1614
2526
2922
2337
1271
664
775
1586
2460
3013
3185
2693
2302
1605
833
412
320
534
1072
1418
1100
299
-608
-1017
-835
-215
288
270
-38
-505
-978
-1287
-1099
-649
-297
196
399
-166
-661
-1530
-1815
-1277
-544
-464
-725
-1010
-1443
-1695
-2066
-1745
-1215
-911
-441
-873
-1726
-1797
-772
106
47
-875
-2055
-1739
-854
53
-333
-1517
-2362
-2548
-2099
-1583
-1295
-1846
-2052
-2004
-2472
-3714
-3585
-2353
-1630
-1255
-1755
-2030
-1936
-1432
-889
-660
904
2059
2304
1643
1017
1175
1662
2548
3381
3861
3937
2663
1019
662
701
2194
3963
3809
2008
33
305
1258
1476
2302
3005
2784
2627
1535
996
1113
2161
3293
3092
3003
2566
1677
1802
2485
2502
2050
2944
3368
2171
1404
1040
441
511
562
-88
-921
-399
-200
-925
-1805
-2186
-2515
-2468
-2325
-2301
-2372
-2378
-2252
-2684
-2909
-2654
-2254
-1715
-1282
-937
-1223
-1891
-2355
-2355
-1516
-191
425
-195
-954
-1882
-2382
-1989
-849
-545
-794
-1564
-2295
-2484
-3062
-3495
-3160
-2347
-2055
-2357
-2901
-3187
-3523
-3494
-3362
-2519
-1600
-1793
-2157
-2532
-2315
-1312
-471
-55
-20
32
-29
29
457
1059
1635
1615
1417
1369
1361
1532
1835
2028
2165
2104
2198
2072
1970
2436
2862
2899
2583
2237
2118
2285
2588
2939
3342
3600
3347
3145
3162
3379
3617
3774
4005
3941
3554
2836
1962
1870
2456
3228
3267
3154
2830
1991
1385
1064
997
1127
1345
1575
1238
109
-709
-925
-475
-106
50
101
-477
-1295
-2009
-2105
-1599
-978
-709
-973
-1658
-2290
-2625
-2144
-1346
-956
-541
-365
-957
-1631
-2071
-1992
-1502
-1062
-720
-678
-1266
-1937
-2348
-2104
-1515
-1167
-1504
-2053
-2442
-2791
-2702
-2333
-2389
-2813
-2677
-2738
-2815
-2556
-2432
-2527
-2900
-2356
-2009
-2154
-2177
-2367
-2330
-2056
-1461
-1222
-1177
-1472
-1620
-1488
-1271
-1028
-963
-951
-910
-1013
-540
-214
-45
-49
-197
-587
-944
-665
296
1105
1664
1453
918
979
945
1543
2763
3435
3536
3145
2753
2966
3148
3693
4111
4479
4682
4360
3725
3103
3021
3512
3999
4442
4300
3343
2249
1588
1197
1479
2167
2230
1367
317
-311
-1026
-963
-350
-51
-100
-518
-1056
-1528
-1675
-1534
-1202
-902
-909
-1201
-1527
-1623
-1392
-1186
-937
-634
-623
-1023
-1124
-1029
-669
-170
-325
-933
-1336
-1070
-544
-223
-3
-301
-873
-1502
-1890
-2180
-2149
-1978
-1890
-1749
-1731
-2094
-2892
-3224
-2710
-1811
-1251
-1173
-1411
-1630
-2008
-2156
-1862
-907
196
347
-73
-1118
-1881
-1674
-929
-80
385
30
-481
-1615
-2130
-1489
-779
-167
-208
-744
-1126
-1497
-1413
-976
-286
668
1144
1012
408
187
621
1644
2884
3244
2968
2610
2549
2813
3629
4246
4571
4455
3977
3511
3356
3761
3963
4040
3836
3255
2811
2368
2209
2027
1768
2116
2270
1689
1034
486
172
8
-151
-463
-600
-860
-1253
-1581
-1618
-1392
-861
-890
-1615
-2139
-2226
-2012
-2048
-1892
-1630
-1465
-1431
-1743
-1652
-1390
-971
-252
-102
-105
-561
-949
-929
-883
-722
-571
-718
-421
-411
-661
-793
-843
-705
-930
-934
-788
-747
-649
-523
-373
-318
-453
-502
-758
-1114
-1009
-543
-53
-190
-688
-1224
-1429
-885
-240
-57
-38
-464
-1001
-1386
-1439
-953
-583
59
-52
-546
-1140
-1487
-1165
-456
300
591
448
-164
-834
-789
-105
907
1392
899
649
479
865
1367
1787
2149
1818
1566
1704
2340
3018
3543
3421
3064
2829
3121
3330
3476
3759
3828
3792
3478
2971
2672
2755
2969
3308
3157
3072
2506
2000
1549
992
742
759
665
177
-602
-1044
-1033
-939
-816
-822
-1288
-1964
-2081
-2030
-1907
-1855
-1812
-1722
-1569
-1376
-1054
-684
-632
-708
-633
-348
-167
-317
-527
-652
-645
-539
-447
-866
-1103
-1220
-1227
-1054
-1240
-1537
-1728
-1610
-1526
-1541
-1817
-2368
-2725
-2772
-2739
-2576
-2344
-2206
-2251
-2272
-2423
-2215
-1715
-1428
-1375
-1201
-1179
-1351
-1268
-1331
-1166
-782
-405
-257
-406
-721
-964
-1265
-1254
-842
-423
-196
-474
-957
-1345
-1375
-1089
-857
-658
-562
-540
-297
-42
168
412
539
833
970
1084
1152
1281
1743
2108
1998
2117
2516
2807
2869
2650
2565
2655
2851
2925
2958
2962
3001
2939
2657
2246
1754
1200
896
803
636
464
36
-548
-1068
-1206
-1082
-754
-877
-1066
-1248
-1788
-2171
-2472
-2147
-1485
-854
-886
-1158
-1515
-1813
-1203
-532
-77
19
-211
-660
-771
-630
-519
-407
-140
-181
-516
-634
-792
-802
-827
-541
-527
-616
-867
-1239
-1348
-1350
-1392
-1161
-1179
-1423
-1615
-2006
-2167
-1947
-1625
-1335
-1178
-1365
-1429
-1500
-1369
-1050
-760
-540
-705
-941
-978
-719
-306
-42
-62
-253
-547
-558
-360
133
372
214
-63
-306
-320
-223
253
312
368
390
337
225
190
561
1044
1312
1466
1666
1688
1909
1934
2013
2277
2598
3106
3357
3012
2795
2565
2478
2586
2551
2375
2307
2131
1757
1377
1158
1097
1077
1039
759
359
-100
-521
-741
-745
-650
-683
-801
-923
-1181
-1391
-1604
-1504
-1413
-1276
-1087
-1162
-1142
-1050
-1187
-1204
-853
-638
-408
-539
-734
-821
-577
-97
177
-7
-141
-250
-269
-231
-145
25
-170
-355
-624
-737
-659
-317
-146
-273
-676
-1106
-1145
-932
-704
-806
-1004
-999
-988
-1019
-957
-654
-349
-119
27
-120
-202
-152
-66
154
585
912
1142
891
525
302
370
512
826
890
676
252
-61
279
568
862
772
649
556
503
719
886
1064
1123
1154
1212
1131
1103
995
1138
1441
1685
1871
1749
1746
1632
1582
1744
1936
2105
1983
1601
1189
1167
1254
1386
1494
1313
1101
863
811
609
387
312
276
230
1
-270
-481
-617
-643
-555
-746
-947
-1104
-1186
-1029
-866
-719
-724
-858
-963
-1055
-655
-448
-229
-154
-267
-533
-603
-228
-74
-22
-98
-110
-273
-182
-243
-494
-421
-160
-48
-237
-481
-647
-782
-1007
-1078
-804
-677
-801
-1017
-1236
-1202
-829
-600
-766
-899
-984
-920
-937
-934
-675
-322
-104
-80
-365
-688
-600
-540
-427
-283
-289
-441
-423
-345
-208
54
14
-32
-74
-193
-183
-249
-380
-229
-122
-121
-243
-292
-293
-389
-259
-277
-283
-217
-4
102
148
88
210
527
736
706
648
400
281
247
162
214
201
225
163
132
64
103
63
-181
-406
-569
-630
-453
-472
-649
-775
-919
-919
-843
-604
-542
-441
-464
-504
-493
-364
-424
-389
-401
-402
-175
41
132
35
-147
-163
-101
80
235
192
21
-147
-135
-10
172
494
497
325
87
-178
-101
-3
191
28
-99
-49
-72
57
-187
-468
-431
-341
-232
-404
-578
-440
-514
-402
-303
-369
-89
-41
105
86
184
327
383
122
153
231
237
196
129
129
79
209
384
689
775
663
584
557
647
794
899
974
992
1051
1028
823
701
674
812
1117
943
651
397
293
315
464
609
598
371
107
-146
-80
78
200
240
274
159
18
-17
-48
277
548
612
541
297
228
336
485
743
738
508
254
183
162
318
353
515
460
307
278
243
311
399
666
621
283
-134
-240
-26
213
420
431
305
152
188
147
230
447
465
453
308
370
346
287
203
168
110
394
266
69
-13
-47
12
59
246
84
110
27
-130
-60
-68
-264
-294
-338
-151
-69
-100
-15
-87
-94
-180
61
457
673
711
528
645
527
747
969
990
1116
854
944
884
860
975
1037
944
823
751
654
586
348
344
445
567
599
518
265
-45
-115
-111
74
198
120
74
40
44
-1
298
632
733
777
435
193
296
582
737
738
566
407
420
394
549
643
690
863
504
44
-55
47
285
499
626
387
37
-194
-298
-228
-276
-234
-141
-170
-296
-358
-364
-297
-277
-250
-209
-222
-371
-704
-759
-553
-53
127
-238
-453
-509
-454
-352
-276
-299
-396
-423
-304
-254
-239
-249
-155
-126
-70
-392
-553
-610
-504
-361
-281
-210
-320
-343
-410
-589
-829
-588
-549
-397
-432
-535
-402
-426
-338
-227
-58
-6
-31
86
223
396
551
386
250
62
-162
-30
107
178
44
-183
-202
-139
-224
-298
-356
-412
-749
-935
-1052
-1173
-1090
-1090
-1025
-1043
-1151
-1267
-1233
-1293
-1309
-1145
-959
-979
-809
-873
-813
-656
-526
-307
-236
-328
-280
-129
-147
-103
-64
-170
-232
-193
-254
-171
-94
-122
-48
-68
15
118
-22
9
-126
120
271
323
274
53
-160
-71
266
415
529
356
338
354
482
504
605
880
1034
956
672
512
369
416
351
346
543
498
381
324
298
522
675
802
704
531
459
334
559
630
690
572
584
598
729
1023
953
992
881
796
643
577
608
674
830
706
682
728
695
684
601
692
740
725
682
421
374
180
-6
-51
69
160
-5
-283
-456
-629
-805
-937
-964
-1081
-1116
-1136
-1238
-1159
-1126
-1080
-1114
-1201
-1387
-1426
-1490
-1342
-1271
-1229
-1326
-1419
-1328
-1086
-1063
-963
-837
-870
-829
-577
-627
-636
-388
-510
-425
-487
-464
-393
-540
-593
-755
-609
-621
-656
-630
-757
-839
-891
-758
-684
-440
-297
-308
-271
-214
-139
-175
-137
-262
-115
137
245
341
347
251
292
401
537
855
739
642
544
585
673
771
847
724
636
559
567
510
540
513
542
364
324
310
278
274
102
-19
-159
-88
-33
91
73
213
328
344
506
600
688
659
719
816
894
975
1036
1173
1178
1127
1022
1072
951
888
970
1008
965
878
738
699
625
509
228
87
112
165
44
9
-75
-172
-173
-108
-6
-78
-75
-196
-362
-335
-222
-71
11
37
-62
-233
-329
-315
-57
206
281
261
188
133
210
187
355
242
282
332
378
451
365
286
17
34
-4
78
-57
-222
-265
-171
129
431
688
689
457
317
542
619
672
789
777
471
442
314
341
301
194
151
82
187
252
257
191
264
155
198
14
-166
-359
-571
-546
-653
-742
-627
-842
-975
-926
-916
-1020
-1130
-1243
-1299
-1343
-1228
-1131
-1005
-798
-849
-905
-988
-879
-825
-754
-606
-619
-699
-598
-492
-363
-262
-99
-34
-136
-211
-310
-401
-278
-152
-203
-196
-268
-182
-297
-481
-439
-568
-550
-466
-400
-270
-230
-157
-269
-338
-158
23
143
181
23
-47
-114
-206
-327
-208
-142
-71
-34
-144
-202
-140
-89
-111
-15
-104
-150
-98
28
190
262
189
96
3
28
157
355
373
324
322
168
183
279
360
344
376
477
285
392
456
525
369
111
194
80
48
-11
-236
-390
-466
-570
-654
-632
-623
-659
-746
-919
-878
-792
-959
-887
-953
-883
-747
-762
-874
-837
-633
-693
-666
-772
-726
-726
-709
-738
-761
-691
-856
-815
-801
-835
-936
-820
-885
-831
-716
-841
-735
-536
-361
-238
-181
-160
-150
-275
-426
-564
-327
-230
-242
-229
-391
-470
-651
-560
-328
-81
-66
-149
-329
-301
-331
-483
-464
-451
-376
-422
-323
-417
-547
-541
-467
-382
-246
-366
-523
-602
-678
-515
-342
-170
-28
-24
39
13
-125
-34
-81
-47
14
169
255
326
396
301
411
500
574
714
696
585
556
540
734
721
719
672
652
567
732
744
623
652
493
568
594
450
317
258
311
366
399
488
505
563
539
502
513
463
328
266
234
336
294
411
446
431
285
97
-67
-1
35
-69
-156
-244
-337
-419
-332
-180
-117
-144
-185
-235
-173
-159
-98
-169
-195
-84
-33
-57
45
-1
-90
-14
123
270
309
315
298
348
312
377
340
418
284
251
352
314
373
495
453
307
436
342
246
374
428
571
627
623
677
509
325
320
300
442
472
448
424
401
471
421
350
354
456
740
777
876
920
875
1064
1161
1330
1258
1176
1105
945
1007
864
964
932
744
603
474
443
281
408
357
185
57
-49
-31
20
90
250
329
101
34
-86
-65
29
115
177
160
111
0
140
-18
-62
-31
-81
-58
-164
-176
-315
-347
-422
-333
-284
-368
-399
-508
-506
-514
-463
-379
-558
-659
-837
-886
-804
-881
-859
-738
-823
-778
-856
-1049
-1017
-1021
-1037
-913
-944
-1064
-1099
-926
-842
-756
-654
-727
-760
-803
-761
-645
-574
-628
-452
-421
-309
-195
-114
-24
-123
9
-32
169
245
183
220
62
80
75
159
169
153
118
-25
106
224
245
161
184
320
247
350
513
590
676
814
1069
1124
1095
1025
1109
1054
1140
1180
1005
828
554
585
518
507
388
329
194
53
69
20
169
216
61
-38
-104
-115
-168
-48
-125
-187
-182
-143
59
81
31
34
-4
-44
-44
-135
-72
-106
-91
-106
-147
-300
-406
-403
-498
-593
-595
-780
-846
-971
-1079
-955
-927
-900
-949
-1011
-1155
-1213
-1289
-1284
-1300
-1272
-1176
-1161
-1044
-1095
-1257
-1399
-1379
-1220
-1122
-860
-731
-647
-756
-650
-517
-313
-57
-22
-20
-38
-86
-124
-144
-91
167
106
80
4
-128
-113
-146
-78
-80
-133
-157
-194
-170
-128
79
177
345
350
348
329
340
418
455
611
680
768
786
867
996
989
1098
1125
1118
1183
1037
1058
940
932
928
946
812
650
602
358
392
370
273
264
32
-71
-172
-253
-277
-336
-437
-585
-579
-612
-446
-328
-366
-293
-431
-357
-290
-179
-131
-89
22
107
-7
72
66
65
137
182
149
161
158
-50
-101
-4
199
171
129
119
88
-13
-109
-6
-8
-13
-93
-204
-39
-46
-104
-184
-70
-47
-145
-60
11
101
172
291
379
467
422
543
649
855
1027
930
829
786
701
745
753
704
692
614
486
360
426
419
475
528
439
366
345
382
350
338
443
353
376
393
377
497
571
576
730
814
837
922
1042
1176
1120
1278
1243
1173
1163
1128
1122
994
957
941
883
809
614
376
389
456
341
352
278
202
205
133
46
133
194
183
96
0
1
-9
57
73
193
276
246
143
174
196
94
142
99
192
-78
-210
-168
-221
-224
-347
-412
-538
-476
-436
-528
-488
-606
-639
-662
-693
-704
-808
-822
-850
-876
-919
-1043
-1004
-1071
-1167
-975
-868
-822
-945
-981
-1047
-1088
-930
-601
-600
-566
-545
-537
-352
-228
-74
4
64
126
140
102
147
105
-46
-47
-12
-11
49
7
10
86
136
95
51
123
128
249
366
521
609
540
617
690
692
801
885
924
1030
1118
1113
1203
1150
1037
974
885
820
654
584
483
463
271
245
366
491
497
527
596
562
514
283
182
240
290
424
315
176
49
-233
-422
-304
-258
-236
-256
-452
-400
-402
-382
-351
-261
-358
-299
-302
-103
10
111
-2
-156
-333
-537
-552
-563
-518
-581
-562
-685
-981
-953
-808
-909
-779
-782
-640
-529
-629
-731
-785
-698
-762
-554
-533
-560
-786
-873
-936
-842
-845
-764
-748
-900
-742
-709
-724
-815
-783
-722
-662
-598
-488
-417
-326
-378
-493
-424
-333
-97
7
25
-173
-380
-430
-796
-773
-585
-602
-486
-400
-392
-457
-298
-162
-28
122
308
437
390
364
346
499
499
528
541
469
251
75
-17
-78
-114
-210
-170
-315
-440
-517
-523
-526
-525
-524
-489
-429
-444
-374
-394
-407
-385
-243
-213
-351
-309
-383
-468
-270
-231
-106
-67
-238
-395
-261
-130
-48
233
400
571
518
453
288
191
185
216
104
-69
-263
-394
-526
-449
-426
-453
-285
-325
-350
-359
-137
-58
199
403
629
740
726
647
564
517
594
814
784
701
673
670
679
517
510
582
620
626
572
560
516
701
886
944
929
754
684
692
734
684
710
818
783
769
792
753
728
684
736
712
774
1032
1070
1028
1039
1096
1075
1164
1239
1191
1216
1183
1156
991
907
942
808
651
614
603
386
204
50
67
-39
-51
-98
36
-91
-281
-307
-311
-155
-57
59
68
-100
-242
-307
-247
-138
-46
43
146
240
238
74
-44
81
25
43
4
4
-45
-108
-132
-232
-365
-355
-397
-526
-590
-800
-831
-966
-936
-966
-919
-852
-935
-841
-733
-704
-605
-517
-328
-270
-86
76
7
298
324
382
396
422
386
461
520
334
320
267
5
-3
76
93
148
155
-89
-72
-146
-146
-2
-38
-87
25
37
46
264
266
278
349
335
227
340
238
181
77
-47
50
198
226
266
232
279
368
459
542
528
397
380
322
195
192
55
88
83
22
-122
-177
-291
-445
-415
-423
-287
-184
-304
-190
11
148
102
66
-11
101
53
80
304
316
384
247
70
-14
-3
-202
-104
-108
-75
9
-65
-100
12
183
242
272
307
292
312
168
47
125
21
-48
-155
-160
-229
-230
-306
-345
-312
-363
-342
-321
-442
-405
-492
-566
-546
-331
-218
-347
-368
-315
-359
-307
-410
-564
-473
-452
-661
-892
-949
-1085
-1088
-1208
-1260
-1135
-1121
-1115
-1151
-1136
-908
-845
-777
-743
-902
-1055
-1009
-834
-847
-799
-729
-731
-779
-989
-1251
-1323
-1235
-1145
-981
-887
-900
-869
-841
-744
-666
-497
-232
-125
-144
-129
-81
-23
56
70
28
-117
-110
-331
-556
-545
-513
-353
-335
-312
-390
-318
-320
-357
-222
-336
-211
-282
-327
-252
-281
-299
-243
-179
-254
-121
-10
-85
-211
-145
-92
-102
-115
-59
-61
-5
81
250
358
375
473
580
623
618
757
814
979
836
879
688
629
572
246
210
227
332
374
319
144
272
162
308
500
819
883
914
1044
1078
1118
1291
1387
1436
1531
1553
1600
1584
1562
1421
1349
1350
1284
1139
982
905
718
695
754
779
811
819
836
672
506
421
385
433
504
297
309
360
326
271
284
367
408
454
429
442
737
762
682
692
589
640
552
512
577
549
571
463
358
253
45
-75
-228
-230
-410
-444
-494
-551
-569
-622
-655
-712
-546
-464
-434
-153
-64
-102
2
-99
-133
-176
-83
-4
-160
-163
-226
-309
-385
-372
-268
-217
-197
-399
-457
-333
-339
-363
-459
-574
-688
-797
-925
-1099
-1047
-1147
-1005
-1036
-1033
-1003
-1020
-927
-792
-700
-530
-372
-326
-138
8
69
344
467
489
555
660
765
871
1019
1015
1134
967
874
784
610
496
400
378
225
230
255
178
193
209
161
292
355
430
526
606
661
741
710
787
832
765
762
778
910
763
694
701
672
627
532
668
702
725
798
870
1029
1098
1092
1138
1012
865
767
744
654
466
322
120
-80
-218
-213
-289
-178
-117
-37
18
-6
128
-27
40
123
100
195
179
243
254
416
447
461
429
296
279
242
45
-148
-241
-357
-375
-477
-584
-453
-443
-664
-771
-1010
-1086
-1151
-1097
-1013
-989
-945
-945
-1006
-1018
-909
-860
-731
-656
-501
-364
-404
-406
-406
-328
-261
-333
-362
-350
-249
-350
-348
-371
-536
-537
-611
-556
-407
-352
-414
-543
-485
-637
-729
-787
-776
-846
-806
-957
-1023
-1054
-1086
-1033
-1028
-837
-733
-522
-468
-504
-435
-387
-536
-540
-503
-465
-514
-497
-437
-471
-423
-442
-363
-260
-51
-25
-81
-161
-214
-181
-127
-74
7
152
3
-125
-329
-328
-201
-308
-317
-268
-221
-119
-129
-192
-129
-116
-223
-214
-167
-55
-22
25
-55
-2
137
211
249
222
211
169
209
207
208
266
120
60
41
-53
21
-65
0
13
52
233
221
181
142
97
87
116
118
181
215
252
292
405
412
490
558
425
443
385
448
547
632
368
385
255
23
270
340
704
733
724
775
712
902
980
904
902
984
917
991
904
728
613
386
342
264
238
112
-9
-258
-285
-550
-531
-429
-343
-344
-585
-477
-590
-707
-730
-710
-610
-518
-426
-431
-289
-442
-333
-342
-318
-310
-337
-346
-426
-441
-545
-247
-252
-280
-321
-403
-429
-494
-611
-705
-697
-764
-762
-755
-602
-533
-549
-481
-443
-509
-577
-608
-505
-259
-187
-58
35
216
79
73
66
91
197
215
320
361
367
327
292
313
181
226
130
152
104
-15
-176
-399
-382
-324
-226
-155
-62
-129
-110
-164
-165
-271
-127
73
77
146
188
250
299
352
395
699
811
913
946
961
963
970
977
1101
1151
989
967
942
899
687
567
470
303
268
367
438
254
134
-113
-139
-231
-150
195
334
433
346
113
21
177
438
582
788
858
933
933
856
771
744
805
697
753
729
685
595
377
322
283
243
242
190
83
81
79
-48
-206
-26
-16
153
303
273
253
292
244
68
90
196
312
403
444
506
456
232
214
228
278
383
480
405
436
454
390
269
134
47
57
-9
70
160
-160
-319
-553
-633
-683
-762
-628
-726
-666
-749
-883
-757
-752
-662
-667
-585
-360
-372
-487
-555
-589
-590
-619
-502
-346
-302
-515
-751
-880
-1015
-1002
-940
-963
-869
-782
-821
-988
-1014
-962
-988
-1061
-1093
-1022
-886
-909
-1037
-1114
-1025
-955
-1090
-1001
-1039
-927
-892
-699
-635
-596
-493
-502
-228
-146
12
75
76
234
136
78
176
303
322
387
315
181
126
-9
61
40
30
28
-32
-199
-257
-317
-349
-281
-182
-97
-122
-157
-32
-151
-303
-248
-274
-258
-300
-151
-163
-157
-21
-150
-66
34
-58
-146
5
-123
130
245
105
121
74
254
224
279
236
302
260
123
217
240
226
184
227
84
142
117
104
152
130
137
364
380
291
187
54
-114
-78
2
52
190
255
241
239
170
221
341
315
408
300
232
137
47
-25
-149
-153
-104
-111
-63
17
-40
-299
-552
-544
-702
-601
-485
-669
-747
-1035
-1176
-1121
-1147
-1096
-972
-949
-765
-711
-656
-480
-439
-486
-347
-216
-34
42
26
41
89
144
78
99
140
302
224
200
277
210
105
90
-143
-172
-283
-330
-259
-348
-413
-543
-583
-669
-705
-570
-553
-470
-488
-587
-489
-338
-191
-102
-39
-25
218
225
177
178
67
107
281
361
510
511
504
487
321
277
387
522
487
445
326
40
-111
-175
-374
-320
-194
-100
24
48
152
139
52
144
154
257
259
481
471
464
455
440
495
467
663
721
713
833
806
967
1016
909
899
816
774
791
689
470
349
420
348
296
424
518
454
333
122
82
-4
-31
122
204
441
424
432
290
217
230
248
388
441
557
547
404
419
316
257
181
294
542
556
588
490
459
325
194
263
357
387
266
120
96
208
169
69
82
93
321
356
252
282
222
2
-62
-142
36
103
164
289
351
362
159
219
96
-30
95
308
338
252
237
284
72
72
141
158
73
47
-87
-160
-256
-426
-427
-320
-466
-381
-56
-10
-21
-165
-227
-212
-25
91
100
227
231
9
-354
-535
-544
-616
-679
-639
-682
-842
-857
-1011
-1011
-823
-739
-529
-583
-545
-550
-532
-498
-602
-621
-721
-661
-560
-560
-606
-750
-748
-646
-804
-744
-787
-750
-750
-772
-749
-650
-618
-492
-273
-179
-157
-219
-223
-370
-413
-472
-337
-264
-333
-340
-173
-226
-157
-152
-292
-174
-267
-146
-62
-3
102
147
143
53
32
53
-42
-135
-224
-296
-442
-483
-440
-450
-372
-394
-450
-586
-622
-732
-776
-677
-564
-291
-168
-66
43
-47
7
-132
-210
-60
-77
-76
21
87
228
301
327
248
-3
130
19
84
181
108
181
207
285
173
202
98
152
280
340
193
204
324
214
188
268
345
245
260
221
126
52
180
330
434
740
554
451
347
259
137
84
70
105
116
144
31
-59
-205
-327
-246
-360
-247
-344
-449
-445
-624
-533
-478
-564
-639
-591
-668
-571
-427
-362
-310
-303
-225
-159
-67
-17
-69
3
67
74
63
119
187
133
274
207
226
163
44
15
85
170
212
227
301
310
300
193
244
151
98
57
-35
22
-88
-65
119
121
11
78
189
353
459
640
603
603
496
541
738
812
774
721
562
273
120
126
4
-34
-277
-443
-418
-542
-495
-577
-412
-385
-343
-293
-186
-123
-194
-365
-206
-56
-59
163
99
117
127
208
364
358
375
454
379
404
400
383
342
181
25
19
134
273
393
336
213
88
252
364
497
598
467
326
182
30
-70
38
60
205
293
237
217
190
226
280
479
572
730
935
1087
1152
1071
1115
1004
960
957
785
754
762
431
336
320
300
423
381
433
283
257
162
225
247
274
541
662
670
745
698
669
819
780
757
852
976
1053
1001
957
984
952
687
700
681
589
570
644
698
587
598
401
476
628
629
691
546
373
149
-141
-292
-319
0
0
0
0
0
0
0
0
0
0
0
0
0
0
0
0
0
0
0
0
0
0
0
0
0
0
0
0
0
0
0
0
0
0
0
0
1
0
0
0
0
-1
0
0
0
0
0
0
0
0
0
0
0
0
0
0
0
0
0
0
0
0
0
0
0
0
0
0
0
0
1
0
0
0
0
0
0
0
0
0
0
0
0
0
0
0
0
0
0
0
0
0
0
0
0
0
1
1
0
0
0
-1
1
1
0
0
0
0
0
0
0
0
0
0
0
1
0
0
0
0
0
0
0
0
0
0
0
0
0
0
0
0
0
0
0
0
0
0
0
0
0
0
0
0
0
0
0
1
0
1
0
0
0
0
0
0
1
0
0
1
-1
0
0
0
0
0
0
0
0
0
0
0
-1
0
-1
0
0
0
0
0
-1
0
0
0
0
0
0
0
0
0
0
0
0
0
0
0
-1
0
0
0
0
0
0
1
0
0
0
0
0
0
0
0
0
0
0
0
0
0
0
1
0
1
0
0
0
0
1
0
0
0
-1
0
0
0
0
0
0
0
0
0
0
0
0
0
0
0
0
0
0
0
0
0
0
0
0
0
0
0
0
0
0
0
0
0
0
0
0
0
0
0
0
0
0