0
0
0
0
0
0
0
0
0
0
0
0
0
0
0
0
0
0
0
0
0
0
0
0
0
0
0
0
0
0
0
0
0
0
0
0
1
0
0
0
0
-1
0
0
0
0
0
0
0
0
0
0
0
0
0
0
0
0
0
0
0
0
0
0
0
0
0
0
0
0
1
0
0
0
0
0
0
0
0
0
0
0
0
0
0
0
0
0
0
0
0
0
0
0
0
0
1
1
0
0
0
-1
1
1
0
0
0
0
0
0
0
0
0
0
0
1
0
0
0
0
0
0
0
0
0
0
0
0
0
0
0
0
0
0
0
0
0
0
0
0
0
0
0
0
0
0
0
1
0
1
0
0
0
0
0
0
1
0
0
1
-1
0
0
0
0
0
0
0
0
0
0
0
-1
0
-1
0
0
0
0
0
-1
0
0
0
0
0
0
0
0
0
0
0
0
0
0
0
-1
0
0
0
0
0
0
1
0
0
0
0
0
0
0
0
0
0
0
0
0
0
0
1
0
1
0
0
0
0
1
0
0
0
-1
0
0
0
0
0
0
0
0
0
0
0
0
0
0
0
0
0
0
0
0
0
0
0
0
0
0
0
0
0
0
0
0
0
0
0
0
0
0
0
0
0
0
1096
994
884
916
928
1064
1175
1106
1071
996
846
869
927
1002
1079
1174
1342
1301
1280
1174
1171
1104
1144
1184
1293
1333
1284
1374
1423
1422
1208
1148
1025
1008
957
762
706
550
550
496
408
414
392
491
448
357
397
410
548
465
457
551
491
436
354
320
163
230
277
362
484
594
438
272
116
131
268
309
384
318
138
36
-55
-429
-452
-750
-835
-837
-850
-744
-766
-696
-833
-683
-796
-669
-609
-611
-519
-419
-477
-506
-290
-425
-532
-472
-474
-531
-514
-576
-726
-636
-607
-758
-644
-615
-637
-650
-668
-567
-546
-649
-560
-512
-444
-452
-604
-514
-343
-316
-295
-256
-426
-452
-421
-391
-490
-620
-593
-553
-403
-454
-475
-388
-337
-286
-315
-358
-278
-285
-219
-52
-101
-127
-158
-281
-263
-322
-317
-398
-526
-523
-567
-717
-849
-891
-894
-972
-1066
-1015
-999
-988
-867
-751
-559
-344
-233
-202
-161
-79
-65
-91
44
143
4
-38
-22
-8
122
46
-21
-99
-117
-137
-203
-118
-149
-126
-125
-15
103
248
237
301
272
73
145
68
27
-16
-201
-106
-182
-289
-70
-82
-214
-70
-8
-107
-210
-81
-48
-135
29
146
153
172
213
137
114
154
16
39
-110
-140
-123
-124
-86
-144
-165
-200
-261
-290
-292
-333
-280
-218
-274
-322
-322
-370
-538
-632
-548
-626
-698
-625
-716
-708
-629
-612
-551
-346
-283
-296
-110
-121
-66
-115
-62
-69
-27
64
49
103
-16
-76
-179
-254
-336
-292
-202
-51
-210
-239
-295
-327
-337
-525
-448
-450
-278
-49
-50
-19
31
-8
-109
-129
-35
-73
91
-14
64
134
90
284
332
440
534
696
667
776
705
584
529
455
266
277
239
329
444
570
666
612
906
813
879
887
773
760
699
814
796
832
660
574
596
595
652
659
710
795
775
882
1157
1301
1222
1043
1054
1004
944
905
873
862
775
810
763
775
831
920
936
889
1043
1105
1060
1106
991
864
676
570
450
350
347
257
269
156
187
280
215
91
23
24
13
71
189
228
223
380
623
596
612
561
590
708
614
470
313
137
99
194
250
280
411
433
310
286
281
338
408
366
290
193
201
-20
-31
-37
-86
130
186
169
142
-26
-19
-88
-147
-194
-60
10
-37
-61
-128
-264
-190
-287
-612
-501
-420
-210
-234
-306
-512
-562
-703
-864
-846
-956
-1072
-1122
-1185
-1174
-1256
-1193
-1183
-1352
-1296
-1358
-1352
-1246
-1176
-1200
-978
-925
-858
-886
-882
-790
-783
-679
-606
-552
-206
-35
83
264
305
319
228
346
337
458
490
632
722
779
745
707
643
482
429
274
370
374
401
417
463
620
704
610
554
595
531
604
712
829
846
889
902
950
1017
1036
1025
950
888
880
774
655
576
572
515
402
280
191
159
42
-46
-294
-351
-260
-170
-28
-2
83
53
11
71
26
55
110
179
327
407
379
561
433
398
262
45
16
-51
-40
-46
-90
-123
-218
-319
-214
-351
-260
-139
-190
-95
-116
75
61
-46
-27
-39
-116
-144
-147
-113
-42
-8
20
24
133
158
149
195
236
195
122
164
177
304
388
476
436
303
367
346
270
305
228
40
35
-10
63
27
-106
-144
-293
-344
-355
-602
-587
-584
-749
-847
-866
-810
-857
-842
-1059
-1005
-1050
-933
-858
-735
-776
-870
-843
-969
-1008
-939
-797
-679
-501
-542
-385
-294
-310
-146
-107
-189
-176
-95
-80
-109
-139
-120
-147
-190
-229
-357
-254
-236
-186
-104
-43
73
16
8
-64
-61
-88
-103
-64
-241
-159
-175
-149
-199
-450
-202
-276
-179
-157
-112
0
-27
54
142
298
164
146
99
-52
-113
-175
-266
-353
-310
-415
-480
-530
-348
-223
-102
-30
-156
-84
67
-60
-150
-252
-284
-133
-222
-223
-111
50
70
199
245
153
145
303
345
410
369
393
447
501
651
747
928
912
1028
1013
1033
1038
905
718
770
700
597
633
516
463
604
838
774
934
955
977
934
778
822
816
1030
1026
1071
1060
979
828
718
620
554
496
514
518
511
594
730
611
497
480
216
203
211
277
206
292
181
73
-30
70
40
63
51
-77
-89
-142
-253
-344
-491
-587
-521
-482
-450
-484
-433
-362
-342
-427
-496
-414
-321
-202
-122
-128
23
138
188
225
354
528
491
584
606
720
699
489
398
293
126
-121
-131
-218
-248
-207
-281
-252
-237
-341
-304
-265
-222
-268
-254
-259
-392
-375
-470
-428
-379
-445
-348
-402
-288
-104
-46
156
133
219
115
-1
-30
-142
-150
-134
-217
-269
-190
-274
-203
-280
-193
-253
-205
-231
-337
-463
-591
-615
-683
-595
-542
-395
-179
-210
-34
-128
-99
72
-5
118
178
199
344
447
434
443
382
480
406
395
285
246
334
246
248
187
72
65
-47
-101
-42
-161
-58
-174
-154
-158
-409
-482
-475
-568
-443
-166
-153
-30
-26
-28
37
-60
-102
-13
-54
-44
-180
-226
-222
-274
-250
-398
-287
-250
-238
-306
-518
-650
-624
-805
-882
-894
-869
-687
-661
-690
-806
-963
-1091
-1193
-1218
-1396
-1346
-1396
-1428
-1300
-1341
-1403
-1354
-1232
-1203
-950
-830
-879
-808
-759
-725
-595
-641
-720
-735
-846
-865
-939
-907
-948
-951
-790
-870
-682
-718
-747
-886
-915
-1014
-1188
-1111
-1088
-998
-1066
-860
-738
-764
-686
-614
-572
-530
-419
-442
-436
-410
-503
-467
-372
-230
-114
-66
-1
-61
-110
-54
-9
-26
49
115
-11
57
228
250
-11
6
37
-96
-111
-186
-211
-249
-33
42
59
148
132
292
300
419
454
424
325
165
127
63
-43
-175
-101
-51
-20
131
38
-94
-145
-164
-247
-318
-173
-195
-134
-360
-311
-239
-149
-96
-217
-193
-69
34
136
186
88
28
14
199
234
369
417
380
338
451
504
464
487
504
523
524
590
541
543
645
567
732
842
786
667
639
758
775
806
546
499
467
504
580
596
760
703
820
914
936
1005
882
830
982
866
825
695
706
597
823
834
760
847
749
783
754
983
1003
935
878
806
873
849
929
925
1003
1120
1050
1111
1160
1086
883
717
607
573
556
590
574
499
551
355
237
121
7
-68
-194
-139
-216
-288
-377
-372
-448
-328
-382
-464
-424
-385
-379
-334
-255
-269
-276
-342
-301
-311
-336
-425
-484
-496
-548
-405
-348
-328
-333
-393
-331
-373
-407
-355
-380
-420
-419
-503
-325
-432
-464
-489
-458
-356
-351
-249
-288
-300
-397
-242
-283
-350
-285
-318
-218
-235
-289
-280
-326
-270
-357
-464
-399
-375
-371
-245
-89
-80
29
112
130
135
16
-155
-127
-201
-64
48
51
257
126
150
140
204
219
175
170
180
213
243
273
225
265
273
385
387
626
600
667
649
644
416
133
113
-103
-224
-230
-241
-247
-277
-315
-388
-459
-432
-391
-402
-263
-277
-374
-233
-93
-170
-207
-97
-153
-102
28
41
-14
-69
30
-5
-43
-101
-7
36
191
401
386
521
426
347
253
164
58
33
-135
-149
37
144
318
334
385
370
366
322
270
61
0
72
-7
22
-5
-167
-310
-340
-420
-460
-452
-429
-386
-477
-438
-597
-774
-789
-778
-643
-652
-579
-576
-601
-763
-670
-633
-650
-651
-699
-768
-672
-746
-794
-676
-608
-465
-566
-525
-501
-523
-458
-559
-668
-712
-856
-953
-950
-876
-901
-872
-856
-697
-698
-583
-482
-392
-438
-399
-359
-228
-101
-95
105
68
27
132
148
-40
-65
-235
-234
-264
-398
-289
-353
-161
-96
-173
-127
-70
-99
108
153
172
328
372
449
535
430
505
598
527
610
551
491
343
442
260
222
245
267
169
214
329
370
362
387
452
522
663
554
487
505
355
307
303
248
281
259
257
205
286
282
362
102
191
179
157
188
94
146
151
59
195
269
224
402
411
526
648
681
637
632
523
493
580
740
684
714
838
736
752
806
847
848
705
459
505
397
352
379
335
274
190
244
194
64
-19
14
45
158
149
218
215
230
301
325
401
451
491
607
584
714
708
727
742
774
776
787
903
944
878
827
586
365
180
61
81
3
-7
-19
-147
1
-37
-17
-33
-109
-203
-161
-165
-174
-139
-310
-283
-461
-442
-337
-330
-345
-446
-238
-101
-131
-48
3
86
137
145
183
348
251
214
161
136
-11
15
122
103
186
220
218
188
102
109
249
307
306
128
156
187
86
296
356
368
282
344
288
209
254
106
139
92
250
377
222
304
369
289
259
286
358
425
550
622
599
574
515
457
424
335
345
307
250
276
95
-25
-76
-39
16
214
320
172
310
462
485
406
423
301
229
260
229
337
231
95
147
357
498
539
395
387
412
241
387
357
137
232
196
376
331
338
351
118
116
62
-81
-219
-304
-328
-261
-152
-309
-358
-442
-443
-338
-460
-521
-623
-528
-497
-427
-458
-339
-192
-300
-326
-525
-484
-655
-784
-664
-756
-742
-805
-861
-833
-778
-840
-1079
-1089
-1178
-1277
-1184
-1163
-1051
-1039
-980
-943
-1048
-1063
-1027
-1076
-1050
-1051
-1016
-1064
-1011
-918
-825
-899
-992
-1082
-977
-839
-739
-685
-855
-676
-665
-643
-621
-768
-752
-871
-922
-738
-621
-624
-504
-409
-482
-373
-430
-458
-428
-554
-708
-763
-844
-912
-850
-723
-741
-800
-853
-963
-1020
-1037
-854
-891
-802
-750
-761
-562
-569
-529
-576
-662
-504
-448
-446
-312
-355
-275
-189
-356
-433
-356
-220
10
118
146
49
-40
-84
-191
-240
-173
-152
-4
189
112
242
313
429
599
545
618
847
1093
1025
1017
923
981
990
992
1214
1211
1379
1207
1285
1335
1200
1150
1006
913
864
850
804
759
844
776
912
853
840
857
709
566
603
694
679
532
457
344
322
367
367
320
353
512
580
650
668
786
735
609
533
537
383
436
473
584
573
649
612
539
449
255
213
116
194
272
316
316
410
389
283
220
43
140
150
242
324
295
284
200
132
175
247
216
258
172
180
256
269
261
308
363
332
445
471
424
373
476
503
337
197
172
23
17
-52
143
305
216
407
415
387
134
101
-15
-56
-187
-248
-237
-440
-461
-533
-491
-629
-659
-588
-532
-397
-275
-273
-307
-238
-272
-217
-110
38
170
219
355
401
371
377
248
101
98
-10
127
97
139
155
180
114
-25
90
151
156
190
373
365
312
307
180
219
221
158
195
81
-97
-234
-198
-153
-295
-255
-128
90
203
235
358
294
332
454
455
609
718
736
774
828
836
783
856
819
714
617
521
446
359
220
-33
-112
-180
-201
-404
-454
-557
-624
-504
-523
-507
-575
-531
-467
-471
-477
-464
-457
-321
-259
-202
-189
-173
-216
-175
-153
-167
-88
-75
-156
-400
-503
-520
-488
-653
-602
-658
-827
-913
-1047
-1051
-1073
-1168
-1200
-1281
-1387
-1402
-1412
-1259
-1238
-1083
-955
-851
-587
-445
-524
-517
-539
-625
-505
-459
-458
-385
-234
-166
-93
-102
-82
-103
-98
-131
-227
-147
-121
-51
-46
-152
-264
-416
-578
-640
-626
-716
-663
-757
-781
-680
-680
-589
-719
-599
-494
-542
-548
-661
-529
-630
-558
-464
-326
-178
-200
-72
9
41
203
253
271
525
419
309
247
162
72
34
29
-66
-42
-47
-58
13
199
317
202
337
245
153
171
108
240
319
414
474
709
716
723
842
801
879
1012
1044
1023
1148
992
893
928
1004
917
747
506
388
233
224
166
61
92
-30
83
-93
-88
9
-14
33
-52
-26
27
40
-74
-165
-193
-239
-388
-478
-365
-375
-386
-524
-538
-436
-363
-284
-224
-189
-217
-212
-247
-212
-287
-272
-176
-143
-141
-164
-141
-187
-246
-330
-333
-342
-224
-82
0
169
202
197
151
87
50
-8
-76
-301
-223
-124
-35
-94
-168
-71
-222
-102
-109
-184
-139
-165
-156
-104
-128
-140
94
93
-29
41
7
93
-132
-162
17
-121
4
7
-140
-140
-189
-483
-448
-587
-610
-649
-669
-635
-530
-418
-426
-412
-426
-342
-429
-513
-312
-314
-247
-203
-218
-146
-105
-76
68
135
131
133
146
307
320
278
326
332
300
406
507
602
423
450
379
281
207
217
87
52
38
88
192
110
444
312
225
226
201
250
187
224
149
202
229
308
373
276
295
471
556
571
577
536
524
484
248
154
183
53
237
353
439
377
269
221
254
362
228
369
358
391
467
239
102
19
39
-96
-195
-252
-234
-295
-268
-153
-82
-38
122
73
197
478
533
503
532
614
691
818
795
700
597
486
475
439
279
522
353
280
284
201
235
90
84
-32
-37
-37
-132
-136
-312
-257
-380
-336
-65
6
90
140
176
46
-11
74
52
53
86
117
133
254
295
279
121
82
-9
-70
-153
-214
-201
-266
-212
-182
-305
-461
-459
-545
-645
-677
-599
-707
-659
-640
-671
-473
-442
-400
-420
-277
-152
-31
71
190
214
98
161
20
-66
142
-35
31
130
5
47
130
210
111
189
248
279
418
387
325
105
72
179
200
203
123
208
102
47
90
138
135
136
247
35
156
150
91
299
321
126
182
251
295
182
70
168
-33
-34
-124
-162
-306
-236
-132
-264
-157
-171
-194
-107
-221
-345
-470
-533
-548
-450
-417
-465
-444
-408
-508
-548
-451
-343
-342
-287
-259
-70
-20
-65
50
-25
-52
-106
-90
-88
7
-42
11
57
129
155
154
292
286
247
223
156
198
136
61
35
105
112
129
189
135
351
378
455
402
314
108
44
108
-44
-35
-120
-145
-155
-161
-210
-251
-245
-252
-223
-262
-325
-131
-186
-166
-147
-103
-232
-304
-217
-165
-184
-340
-440
-568
-557
-585
-655
-534
-548
-714
-640
-580
-647
-621
-594
-511
-544
-388
-370
-358
-158
3
92
149
234
151
219
345
277
440
399
265
334
454
464
443
461
434
357
167
15
-60
-214
-248
-168
-171
-97
-132
-63
-38
-175
-158
53
36
128
398
517
516
615
677
601
611
553
598
652
694
872
862
930
917
954
882
759
733
618
601
631
634
532
537
547
799
886
960
1097
1190
1270
1202
1058
983
879
713
608
667
781
741
771
641
496
449
462
321
384
502
598
552
648
599
559
488
526
493
414
525
377
515
430
247
344
340
103
79
-74
-251
-321
-384
-363
-415
-337
-396
-421
-378
-402
-451
-382
-414
-512
-401
-385
-293
-430
-311
-394
-192
-163
-240
-12
-94
37
29
122
233
239
195
336
267
168
203
120
135
169
100
214
260
246
59
-23
42
-20
-146
-39
188
327
352
517
680
639
626
602
429
314
365
296
343
295
230
353
399
550
492
512
481
469
385
336
504
402
437
501
391
233
116
58
113
236
342
432
436
349
182
167
104
53
-84
18
131
109
159
236
347
344
285
222
391
446
524
608
600
455
381
380
367
322
360
381
240
128
214
-35
-71
42
-62
-34
-62
112
-120
-209
-422
-498
-561
-534
-489
-416
-406
-408
-293
-166
-57
-65
-23
-169
-171
-233
-194
-230
-201
-57
63
156
179
121
-29
-39
-128
-349
-474
-644
-509
-441
-445
-506
-480
-568
-694
-821
-873
-878
-873
-784
-938
-920
-869
-935
-1029
-960
-963
-1020
-1033
-1154
-1128
-1111
-1003
-969
-752
-740
-556
-345
-307
-108
-202
-148
-40
-28
15
82
19
38
-121
-35
-18
-125
-132
-265
-245
-390
-172
-85
-140
-98
-192
-56
-140
-308
-342
-430
-362
-352
-277
-478
-330
-282
-277
-114
-132
46
110
316
401
402
453
485
602
789
765
692
695
539
539
578
566
530
512
519
555
330
186
49
-208
-296
-396
-322
-217
-183
-175
-139
-183
-123
-65
16
35
112
162
190
338
261
345
228
314
319
291
326
196
296
252
135
197
237
246
320
163
-45
-19
-6
-28
-73
-193
-249
-229
-227
-263
-183
-254
-237
-83
-199
-140
-190
-86
-47
-35
20
113
164
-5
98
140
245
95
17
29
231
302
371
494
420
426
448
400
443
277
299
289
131
63
-42
-93
-248
-252
-205
-242
-218
-212
-240
-318
-406
-360
-421
-522
-575
-646
-513
-466
-448
-322
-330
-343
-198
-35
45
135
264
253
39
-68
-180
-114
-266
-199
-109
20
49
3
265
185
214
268
169
161
55
193
136
141
189
195
212
297
510
482
567
563
587
587
553
649
706
653
624
586
572
421
454
514
302
196
66
104
46
125
31
101
228
179
222
49
113
146
86
96
157
117
185
203
139
104
50
115
210
210
405
557
601
460
484
515
383
414
308
242
186
77
24
35
117
139
306
284
331
487
371
323
232
128
155
222
223
175
86
139
78
30
-69
21
90
143
57
132
2
2
0
-73
111
65
50
32
146
88
-37
-87
-56
-318
-321
-246
-248
-147
46
114
68
57
129
65
123
32
-105
30
-108
42
-111
-96
-130
-496
-546
-713
-663
-735
-967
-1094
-1095
-1076
-1084
-1225
-1188
-1205
-1104
-1013
-848
-794
-840
-636
-539
-520
-603
-596
-638
-735
-720
-657
-576
-567
-587
-681
-675
-496
-286
-141
-42
186
234
190
229
240
116
62
-55
-138
-226
-160
-199
-278
-233
-214
-274
-452
-469
-503
-485
-536
-327
-304
-377
-381
-471
-547
-451
-469
-460
-341
-437
-656
-593
-631
-762
-741
-930
-893
-922
-974
-785
-610
-682
-676
-703
-625
-633
-446
-393
-468
-499
-431
-269
-204
-152
-270
-249
-332
-317
-327
-170
64
138
119
121
113
98
53
202
345
479
673
706
853
864
834
764
702
545
386
388
289
226
103
71
-18
-129
-59
-16
88
240
142
128
88
97
238
203
245
393
448
480
562
698
721
676
684
693
605
524
606
444
227
109
33
-176
-292
-373
-589
-664
-641
-723
-841
-969
-946
-939
-1044
-988
-1200
-1252
-1189
-1356
-1239
-1149
-1130
-966
-897
-861
-912
-1089
-1042
-1000
-952
-937
-929
-796
-772
-763
-712
-550
-546
-503
-451
-424
-387
-416
-414
-197
-257
-260
-243
-381
-291
-398
-346
-366
-410
-430
-444
-492
-495
-522
-558
-556
-499
-477
-448
-207
-245
-175
-124
-107
-31
-72
10
69
106
425
538
568
692
823
885
880
995
954
1168
997
939
992
970
883
865
805
821
756
678
800
909
745
493
520
448
397
401
499
505
469
367
434
520
346
388
470
387
368
384
478
626
631
533
546
519
545
441
504
457
222
225
327
254
247
347
331
292
264
356
390
247
382
316
397
487
649
610
675
579
474
447
419
401
371
359
496
493
373
493
302
270
216
123
48
-54
-174
-132
-271
-254
-187
-236
-271
-305
-421
-372
-382
-568
-509
-552
-447
-487
-462
-512
-645
-655
-572
-632
-730
-556
-602
-587
-621
-826
-699
-688
-584
-508
-504
-410
-391
-353
-301
-243
-251
-238
-262
-210
-155
-156
-27
-117
-221
-226
-236
-388
-407
-191
-120
-23
97
114
121
5
-72
-73
-194
-201
-319
-530
-566
-565
-585
-740
-670
-730
-623
-385
-358
-269
-264
-232
-34
-9
35
-119
-162
-141
-222
-207
-352
-476
-492
-559
-671
-747
-1005
-1082
-1162
-1250
-1303
-1221
-1274
-1363
-1283
-1424
-1416
-1515
-1570
-1495
-1631
-1614
-1573
-1469
-1338
-1302
-1314
-1149
-1093
-956
-924
-753
-765
-713
-589
-502
-443
-342
-219
-168
-16
-3
151
333
351
310
424
393
417
559
559
607
699
795
711
772
798
775
862
910
943
803
833
859
776
881
878
879
922
936
1044
1104
1086
1066
1022
1036
919
1031
999
914
896
909
812
674
599
400
366
289
204
222
178
129
61
-280
-318
-527
-787
-963
-1132
-1116
-1266
-1269
-1498
-1732
-1879
-1888
-1963
-2133
-2250
-2350
-2588
-2595
-2743
-2716
-2688
-2618
-2468
-2517
-2585
-2541
-2493
-2461
-2205
-1977
-1755
-1473
-967
-426
-4
496
1096
1572
1981
2335
2631
2859
2983
3067
3039
2971
2730
2543
2345
1970
1681
1144
690
336
-24
-258
-374
-634
-973
-951
-1071
-1152
-1163
-1231
-1003
-678
-436
-13
246
654
1008
1171
1447
1638
1820
1882
2107
2008
2062
2092
1901
1726
1492
1218
853
568
85
-93
-461
-721
-954
-1157
-1119
-1161
-1012
-894
-689
-484
-278
-17
228
386
444
730
1098
1167
1558
1753
2086
2395
2494
2693
2602
2557
2475
2146
2029
1713
1372
1039
648
355
40
-284
-436
-613
-767
-929
-845
-802
-646
-430
-235
-54
39
394
489
815
965
1181
1427
1498
1695
1764
1653
1249
1157
1070
956
906
725
389
102
16
-150
-495
-589
-705
-1123
-1222
-1307
-1379
-1334
-1314
-1289
-1224
-1069
-1132
-921
-870
-846
-599
-462
-313
-65
34
-41
183
160
54
1
35
-108
-163
-285
-340
-336
-482
-448
-652
-521
-489
-289
-146
30
239
354
445
362
475
543
578
823
1199
1350
1653
1832
1873
1809
1814
1866
1804
1695
1617
1479
1243
1147
886
754
756
600
493
501
438
419
300
212
109
-188
-300
-462
-613
-655
-713
-917
-1029
-1064
-991
-891
-981
-1052
-1111
-1057
-1032
-1091
-1086
-1274
-1566
-1851
-2146
-2560
-2726
-2874
-3031
-3339
-3409
-3435
-3350
-3257
-3252
-3252
-3279
-3273
-3250
-3139
-2923
-2762
-2621
-2291
-1825
-1253
-331
416
1173
2220
3042
3644
4293
4923
5444
5661
5987
6164
5936
5595
5177
4805
4314
3611
2971
2360
1690
1107
496
-122
-452
-825
-1218
-1312
-1290
-1454
-1546
-1475
-1238
-1071
-807
-491
-130
447
1128
1852
2464
2818
3152
3249
3278
3447
3177
2926
2718
2150
1551
1278
781
187
-440
-804
-1172
-1600
-1996
-2135
-2236
-2368
-2311
-2232
-2166
-2119
-1844
-1458
-1198
-921
-717
-406
11
411
857
1089
1465
1783
1927
1952
1978
1932
1899
1733
1453
1076
798
532
324
108
-104
-139
-237
-214
-73
109
26
192
268
410
530
611
619
546
513
378
264
144
108
52
-14
-18
-45
-35
-15
-101
-276
-503
-817
-1177
-1385
-1810
-2224
-2436
-2720
-2884
-3058
-2947
-2885
-2755
-2512
-2267
-1865
-1582
-1357
-1024
-898
-826
-628
-516
-431
-411
-379
-538
-520
-658
-907
-1002
-1181
-1307
-1354
-1415
-1543
-1556
-1513
-1697
-1628
-1501
-1519
-1428
-1288
-1120
-829
-409
-234
-64
240
512
794
1009
1085
1184
1364
1454
1520
1650
1800
1746
1700
1613
1515
1391
1097
1008
871
767
660
654
641
641
784
833
1052
1134
1236
1407
1444
1584
1514
1424
1314
1238
1110
1001
1027
953
860
822
515
432
330
216
249
88
-72
-302
-649
-902
-1174
-1321
-1403
-1471
-1717
-1595
-1528
-1331
-1203
-1142
-928
-746
-595
-486
-73
74
264
310
352
569
753
768
856
1006
1158
1253
1367
1360
1309
1493
1435
1434
1439
1329
1227
1233
1228
1116
1088
1104
999
910
998
1029
1057
1113
1209
1382
1524
1584
1597
1617
1514
1445
1399
1174
921
731
695
553
674
597
362
361
222
222
153
330
256
174
32
4
74
74
98
43
28
-2
126
235
538
551
529
617
518
419
375
129
-14
-16
-275
-426
-560
-578
-744
-843
-968
-1071
-1154
-1313
-1386
-1488
-1493
-1733
-1851
-2022
-2096
-2194
-2184
-2291
-2325
-2219
-2227
-2168
-2154
-1938
-1916
-1901
-2044
-2051
-2078
-2165
-2203
-2160
-2236
-2216
-2023
-1675
-1294
-782
-74
606
1405
2063
2792
3317
3645
3780
4070
4152
4036
3672
3351
3156
2850
2339
1965
1537
1049
644
277
-245
-558
-788
-1097
-1158
-1376
-1585
-1702
-1704
-1755
-1762
-1662
-1554
-1142
-710
-132
634
1453
2077
2629
3152
3550
3826
3847
3875
3911
3916
3827
3695
3561
3351
3222
2793
2272
1713
953
404
-122
-605
-1147
-1680
-2138
-2611
-3114
-3270
-3579
-3891
-4097
-4254
-4379
-4322
-4591
-4579
-4477
-4623
-4675
-4824
-4762
-4866
-5134
-5611
-5967
-6601
-7079
-7376
-7147
-6620
-6113
-5285
-3924
-2021
-634
778
2281
3688
4441
5216
6405
7261
7150
6689
6775
6686
6244
5383
4450
3601
2684
1537
363
-513
-1505
-2533
-3092
-3105
-3482
-4188
-4787
-5093
-5171
-5417
-5312
-5194
-4826
-3998
-2849
-1531
-422
619
1532
2567
3627
4152
4252
4275
4217
3992
3807
3661
3161
2379
1763
1379
878
97
-676
-1312
-1844
-2394
-2824
-3109
-3423
-3652
-3610
-3484
-3441
-3548
-3622
-3318
-2982
-2595
-2292
-1856
-1306
-642
116
870
1747
2167
2747
3302
3775
3830
3729
3731
3454
3284
3033
2702
2401
1910
1566
1311
1083
724
400
118
228
115
-94
-172
-384
-513
-547
-764
-968
-1174
-1188
-1106
-1049
-859
-698
-120
313
841
1522
2074
2471
2817
3231
3432
3557
3604
3415
3346
3409
3287
3096
2850
2843
2734
2648
2784
2607
2460
2226
2006
1965
1789
1471
1391
1303
1278
1195
880
667
551
535
394
206
201
425
554
577
452
453
435
210
56
-130
-333
-592
-1038
-1333
-1559
-1570
-1857
-2031
-2072
-2183
-2264
-2552
-2620
-2688
-2911
-3180
-3301
-3503
-3852
-4112
-4309
-4408
-4392
-4409
-4322
-4335
-4203
-3820
-3375
-2756
-2136
-1508
-835
-189
542
1155
1477
1976
2362
2641
2846
2837
2861
3066
3229
3157
3165
3254
3216
3054
2829
2547
2239
1676
1121
776
464
-10
-659
-1127
-1249
-1175
-1098
-1103
-1137
-1187
-997
-932
-810
-587
-532
-757
-816
-870
-741
-613
-715
-469
-33
544
1076
1731
2358
2967
3444
3927
4280
4589
4576
4382
4488
4524
4295
3891
3494
2990
2774
2371
1764
1266
869
499
-30
-557
-1084
-1659
-2048
-2482
-2755
-2847
-3196
-3448
-3576
-3548
-3478
-3556
-3545
-3345
-3139
-3069
-3165
-3123
-3039
-3118
-3432
-3760
-4069
-4399
-4963
-5504
-5838
-6399
-7006
-7539
-7919
-8692
-9094
-8705
-7982
-7419
-6640
-4713
-2614
-952
907
3162
4966
5950
7414
9602
11016
11333
11353
11897
12263
12239
11587
10679
9912
8898
7538
6352
5253
3893
2030
867
320
-781
-2419
-3697
-4401
-5195
-5779
-6091
-6264
-6142
-5713
-4951
-3862
-2713
-1928
-1155
21
1320
2216
2664
3295
3755
3824
4051
4385
4223
3489
3049
2729
2405
1328
385
-293
-1047
-1800
-2340
-2796
-3477
-4122
-4702
-4816
-5077
-5516
-5792
-5882
-5896
-5857
-5763
-5465
-4851
-4539
-3741
-2776
-2092
-1267
-571
646
1580
2188
2683
3136
3607
4096
4217
4276
4372
4326
4154
4050
4046
3785
3359
2749
2287
1693
917
165
-442
-1084
-1645
-2172
-2742
-3338
-3329
-3271
-3265
-3363
-3119
-2667
-2318
-1720
-1143
-539
-149
128
460
841
748
225
-422
-763
-1263
-2210
-3455
-4276
-4996
-6019
-7047
-8009
-8618
-8787
-8306
-7852
-7250
-5807
-3907
-2456
-689
1332
3167
4240
5577
7556
8959
9126
9072
9455
9715
9833
9388
8634
7739
6701
5388
4170
3127
1941
458
-928
-1703
-2481
-3806
-5184
-5976
-6474
-6919
-7222
-7212
-6840
-6223
-5249
-3920
-2637
-1737
-890
98
1484
2492
3271
4043
4627
4884
5429
6172
6456
6579
6453
6434
6147
5821
5528
5055
4306
3482
2891
2227
1443
584
-38
-551
-1309
-1883
-2326
-2502
-2530
-2564
-2232
-1757
-1264
-846
-325
458
1576
2219
2617
3312
4027
4740
5163
5621
6053
6200
6205
5933
5585
5170
4519
3572
2522
1851
1397
308
-609
-1307
-1770
-2029
-2464
-2856
-3144
-3542
-3874
-3981
-3747
-3540
-3748
-4236
-4282
-3935
-3974
-4255
-4338
-4281
-4181
-4292
-4924
-5451
-5858
-6439
-7532
-8655
-9436
-10460
-10972
-10845
-10203
-9386
-7922
-6149
-4155
-2400
-500
1341
2469
4062
6082
7918
8735
9557
10194
10881
11128
10590
10100
9208
8516
7379
6271
5378
3964
2490
1153
258
-915
-2611
-4228
-5460
-6193
-6866
-7328
-7265
-6750
-5860
-4336
-2551
-749
883
2196
3470
4837
5925
6357
6757
6920
6922
6649
6424
6148
5779
5337
4969
4858
4201
3551
2915
2422
2017
1324
669
50
-469
-851
-1397
-1891
-2302
-2562
-2937
-3167
-2966
-2760
-2373
-1632
-849
99
672
1170
1809
2433
2889
2948
2677
2495
2162
1700
1176
375
-55
-437
-775
-1328
-1757
-2269
-2848
-3265
-3764
-4085
-4375
-4950
-5544
-5644
-5254
-4951
-5217
-5435
-5029
-4455
-4085
-3922
-3616
-3173
-2919
-2694
-2724
-2664
-3170
-4214
-5138
-6064
-7296
-8831
-10381
-10630
-9894
-9010
-8352
-6468
-3358
-890
1408
3955
6659
7885
9038
10612
12549
13155
12817
12718
12604
12530
11730
10779
9358
8544
7054
5440
3799
2125
513
-1304
-2493
-4025
-5820
-7934
-9511
-10487
-10934
-11148
-10630
-9583
-8241
-6014
-3665
-997
1297
3507
5638
7306
8738
9447
10149
10311
10154
9913
9784
9188
8073
6836
6203
5433
4058
2613
900
-695
-2589
-4001
-5207
-6366
-7521
-8437
-8490
-8505
-8235
-7992
-7310
-6228
-4788
-3291
-1856
-347
1142
2780
4002
5359
6535
7599
8384
8733
8695
8450
7841
7295
6358
5335
4103
2339
183
-1760
-3363
-5150
-6675
-8136
-9368
-10460
-10990
-11252
-11262
-10793
-10147
-9634
-9009
-8031
-6847
-5615
-4265
-2780
-1591
-510
269
1050
1299
942
83
-1212
-2770
-4972
-7053
-9164
-10455
-10860
-10566
-10099
-8444
-5343
-2382
493
3556
6905
9158
11076
13062
15115
15987
15717
15412
14758
14177
13302
12218
10602
8907
7245
5036
3058
857
-1606
-3999
-5921
-7835
-9845
-12028
-13617
-14416
-14739
-14292
-13102
-10982
-8469
-5027
-1277
2570
6169
9384
12246
13977
15066
15224
15084
14418
13232
12004
10682
9574
8066
6439
5014
3511
1805
11
-1711
-3513
-5247
-6492
-7127
-7888
-8228
-8353
-7934
-7312
-6209
-4888
-3890
-2455
-1221
7
1255
2698
3954
4912
5826
6665
7256
7501
7676
7731
7308
6258
4940
3365
1513
-381
-2251
-4231
-5801
-7417
-9083
-9956
-9485
-8705
-8289
-7662
-6762
-5347
-4211
-3261
-2092
-1278
-1361
-1676
-1668
-1306
-1341
-1694
-1884
-1738
-1545
-1796
-2348
-3479
-4789
-6906
-9541
-12840
-15805
-19075
-21424
-21940
-20424
-18507
-15673
-10135
-4263
1406
6537
12390
16355
19032
21835
24432
25173
24220
22685
20797
18992
16604
14225
11243
8478
5460
2334
-943
-4185
-7672
-11204
-13955
-16301
-18406
-20473
-21441
-20971
-19587
-17131
-13315
-8347
-3077
2849
9000
14525
18901
22153
24354
25480
25241
23488
21309
18466
15318
12198
9730
7421
4858
2427
149
-2335
-5188
-8015
-10411
-12788
-14928
-15959
-15937
-15322
-13717
-11031
-7266
-3261
1027
5531
9721
12926
15172
16672
17110
16464
15414
14067
12338
10772
9312
7712
6179
4448
2220
-318
-2988
-5812
-8563
-11308
-13967
-15904
-17336
-18095
-18273
-17450
-15212
-11626
-7954
-4841
-1526
1834
4578
6142
7384
8056
7473
5578
3454
1915
94
-1884
-4121
-5793
-6731
-7881
-9677
-11598
-13690
-16671
-20002
-23863
-26955
-30141
-32143
-31483
-27659
-22180
-15937
-6227
3723
12474
19731
26255
30166
31817
32488
32154
30209
25989
21389
16533
12002
7499
3841
71
-3354
-6382
-9780
-12884
-16124
-19207
-22503
-24366
-25020
-25162
-24816
-22705
-18298
-12973
-6622
647
8574
15683
22090
27431
31010
32501
31739
29542
25868
20945
14741
8369
2247
-3130
-7386
-10642
-12896
-14847
-16250
-17036
-17663
-18431
-18869
-18750
-18479
-17219
-14910
-11193
-6841
-1459
5309
12337
18266
22847
27112
29410
28953
26667
23190
17919
11623
5519
102
-4502
-8406
-10958
-12484
-12769
-12283
-11530
-11393
-11355
-11271
-11518
-12077
-12137
-11468
-10045
-7704
-4806
-1219
3240
8133
12613
15579
17060
17488
16160
13152
9436
5541
447
-4893
-9426
-12273
-14391
-15887
-16264
-15517
-14482
-13353
-12154
-11720
-11739
-12461
-13642
-15376
-17160
-18980
-20050
-20155
-17225
-10855
-3616
2978
11805
20938
26599
29881
32015
32044
28108
23060
18082
13299
7504
1546
-3185
-5885
-6757
-7440
-8306
-8927
-8531
-9547
-11349
-13206
-14748
-16680
-17390
-16387
-13864
-10362
-5839
276
6860
13702
20001
25150
27972
28919
28300
25611
20689
14400
8211
2382
-3740
-9250
-12912
-15177
-16686
-16812
-15637
-14006
-12948
-12072
-11179
-10023
-9085
-7763
-5650
-3165
308
4901
10202
15368
20525
24294
26571
26863
25346
22061
16424
9533
2413
-4213
-10574
-15319
-18517
-19580
-18732
-16473
-13569
-9984
-6239
-3459
-899
591
1300
1144
932
1112
2015
2993
4623
6792
8537
10195
12536
13922
13120
10612
7160
3170
-1738
-7093
-11737
-15356
-18162
-19366
-18899
-17185
-14653
-11344
-7908
-4474
-1883
-189
871
562
-1472
-3619
-6014
-9077
-12340
-13867
-14759
-13939
-9863
-3671
1929
8111
16552
22123
24090
24626
24706
20470
15183
11345
8193
4343
676
-994
-1820
-1094
-570
-307
-1348
-2070
-4120
-7711
-11302
-14099
-16429
-17852
-16223
-12826
-8464
-3335
3228
10033
15748
20114
23330
24729
23682
21232
17016
11797
6399
1455
-2667
-6181
-8551
-9822
-9807
-9417
-8516
-7228
-5979
-5448
-5314
-5179
-5125
-4819
-3805
-1393
1538
4877
9047
14027
18091
21085
23096
23198
20916
16474
11000
4788
-1550
-7859
-12876
-16058
-17391
-17283
-15887
-13334
-9861
-6490
-3661
-1100
785
1944
2222
1821
1315
1346
1820
2275
3325
5291
7623
8221
7821
7566
7603
5822
2057
-2206
-6143
-10162
-14362
-17232
-18711
-19045
-18949
-17415
-14499
-10393
-6703
-3709
-1232
1076
2216
1393
-474
-3028
-5887
-9162
-12199
-14532
-16048
-15336
-10958
-4688
875
7579
16499
21974
23592
24794
24805
19432
11966
7447
4962
1206
-3276
-4702
-3606
-1677
-421
788
1077
1324
-267
-3645
-7117
-10233
-12986
-14913
-13366
-9434
-4458
364
6793
13820
19370
22065
22345
20530
17077
12623
6416
-1152
-7726
-11825
-14611
-16425
-16224
-13804
-11326
-9585
-6851
-3602
-1851
-1428
-671
252
1025
1723
3014
5794
9216
12346
15440
18511
20058
19668
18144
15640
12029
6768
534
-4844
-9129
-12228
-14611
-15697
-15278
-13173
-10799
-8631
-5750
-2464
256
2362
4134
5734
6250
6072
5572
5406
4963
3986
2483
1673
1839
1537
231
-844
-1013
-1511
-2385
-4127
-6276
-9397
-11835
-13997
-15588
-16639
-16249
-14875
-12863
-9351
-4777
-877
1249
3103
4470
3856
496
-3806
-8176
-12519
-16690
-20289
-20680
-15582
-8187
-1974
5816
18366
26879
28871
29926
31040
26134
16913
10559
6338
1554
-3785
-6246
-6400
-3873
-1472
178
313
802
149
-3099
-6659
-9734
-12201
-13866
-11451
-6994
-1324
4984
11938
17698
22299
25460
25047
20390
14623
9847
4358
-2737
-8792
-12142
-13908
-14703
-13899
-11190
-8555
-6818
-5657
-3693
-2492
-2569
-2715
-1778
-202
1960
4112
6565
8999
11660
14071
15535
15594
14237
12391
9729
7568
5540
2937
-386
-2654
-2932
-3366
-5395
-7306
-7479
-6962
-6960
-6872
-5671
-3606
-1111
2383
5725
7726
8172
7613
6102
4363
2451
-271
-2862
-3496
-2812
-1311
156
1814
3072
3748
3257
760
-3505
-8722
-13145
-17144
-19781
-20425
-18742
-16260
-12243
-6663
-940
2040
2487
2685
1640
-2164
-7983
-12875
-16345
-18493
-16781
-10012
-2082
4236
14461
25398
30021
30096
29787
25994
16804
9140
4199
-178
-5717
-9025
-9417
-8236
-6680
-5258
-4612
-4301
-3153
-3686
-5002
-5328
-4425
-3790
-715
4466
9426
13550
17697
20991
21677
20357
17423
12631
6186
1063
-2903
-6912
-10510
-11551
-11665
-12188
-12198
-11137
-10460
-10129
-9059
-6803
-4798
-2695
382
3693
6412
8652
10221
10406
9579
8077
6220
4279
2752
1418
1358
2507
4027
5388
7496
8827
7964
5917
4215
1514
-2138
-4843
-6490
-8038
-7547
-4842
-1456
1869
4983
7414
8238
6915
4061
1282
-1952
-5269
-8139
-8753
-6808
-4436
-2645
478
4617
6512
5350
3107
251
-3318
-8150
-12659
-15900
-16891
-16910
-16182
-14209
-11566
-8829
-7118
-6164
-5704
-5985
-7561
-9209
-10824
-11733
-12321
-12333
-9231
-2187
4275
8387
15694
22259
22864
21793
21737
18115
10296
5000
3108
1582
-1271
-3309
-4792
-6460
-7607
-7726
-8572
-10511
-10780
-9927
-7169
-3675
289
4366
10146
16215
20206
21979
21844
20036
16225
12203
8352
3543
-1795
-4765
-4991
-5364
-6244
-6323
-6999
-9242
-10855
-11059
-11384
-11590
-9047
-4537
-434
4317
10016
14057
15394
16035
14932
10549
4583
-1207
-5990
-8979
-9238
-7621
-5022
-1388
3161
6942
9227
10571
9851
6902
3299
439
-1676
-3620
-3812
-2195
702
3210
4711
5665
6143
4969
1828
-1536
-4261
-6503
-8314
-8630
-7290
-4414
-1301
800
1848
2987
3467
2808
322
-2370
-3984
-4591
-5391
-6296
-6952
-6877
-7192
-9005
-11489
-13890
-16502
-19508
-21060
-20767
-18870
-16670
-13448
-9695
-6007
-3483
-1396
2585
8066
10658
11468
17027
21742
20702
18677
19291
17501
12343
8720
7179
4959
924
-3099
-6840
-9474
-11235
-12197
-12853
-11771
-9483
-7500
-4268
542
5121
8847
13569
17623
20322
21662
21226
19010
15925
12530
8635
3991
-133
-3053
-5232
-7394
-8749
-9587
-11256
-13095
-13343
-11973
-10778
-8943
-5191
-355
3683
7436
10881
11908
10527
9143
6832
2497
-1888
-5035
-7715
-9311
-7994
-5825
-3762
-1809
791
2345
3103
3716
3404
2545
2401
3163
4414
6066
6702
7232
7839
8016
7234
5244
2237
-564
-3124
-5662
-6908
-7126
-6222
-4636
-2381
-734
623
651
-156
194
494
-378
-2136
-3586
-3771
-2035
-1118
-809
-1278
-2032
-3480
-5684
-9249
-13347
-16590
-19426
-20549
-20988
-19935
-18393
-16353
-13591
-9883
-7066
-2592
4861
10859
13660
20001
26244
24825
21688
20814
17572
10144
5369
4143
2717
-317
-2540
-3490
-4498
-5906
-7572
-8129
-7889
-6764
-6812
-5494
-1942
2071
5572
10452
15286
18574
20567
20790
19196
16427
13429
9314
4689
885
-1354
-3718
-5821
-7125
-7678
-9454
-11749
-12474
-11357
-9655
-7381
-3557
1101
5500
9513
12765
13413
12111
10027
6363
1193
-2911
-6093
-8911
-9651
-7609
-5164
-3449
-951
1273
1569
633
503
63
-1133
-1781
-797
416
3064
6482
8076
8898
9330
8375
6024
3672
179
-3931
-7194
-8846
-9627
-9707
-8493
-6985
-5233
-2960
-511
-399
-1009
120
1557
1335
127
-981
-1978
-1776
-1693
-2623
-4575
-5961
-7288
-9526
-12280
-14773
-16845
-19089
-20377
-20469
-19708
-18991
-17732
-15389
-12167
-6521
2205
9038
13160
20528
27956
27293
23900
23010
19480
10750
4727
3432
1818
-1634
-4886
-5746
-6788
-8025
-9609
-10394
-10294
-8215
-5821
-3051
756
5055
9495
13331
16016
17689
18194
15801
11675
8827
7505
5106
2491
1431
1720
711
-1088
-2258
-3851
-7489
-11548
-13956
-14164
-12526
-9177
-4699
265
5565
10285
12613
12703
11412
8220
3253
-1547
-4911
-7748
-9368
-8827
-5939
-2681
261
1888
2930
3080
2699
2306
1274
306
585
1388
1557
3947
6328
6430
5721
5981
5438
3265
877
-732
-2425
-4957
-5823
-5650
-5608
-5579
-4606
-4638
-4025
-2168
-1949
-2614
-1367
329
582
310
-769
-1528
-2071
-2762
-4484
-6655
-8695
-10565
-13244
-15750
-17331
-18792
-20155
-20788
-20431
-18633
-16325
-14645
-13045
-7903
1557
8624
11653
18072
25622
24642
20405
20464
19414
11667
5296
4843
5287
3577
594
-2304
-5726
-8503
-11117
-13172
-14282
-12440
-8662
-3851
2312
8749
14579
18705
20912
21937
21846
18280
12723
7766
4850
2339
695
64
221
1030
860
-431
-1663
-2925
-6200
-9678
-10734
-9087
-6200
-2657
1412
5769
9092
10589
10185
8341
4979
1739
-1165
-3956
-6037
-6558
-5995
-4380
-2114
-168
1034
714
414
896
924
-134
380
1992
2597
2801
3827
4591
4872
4359
3494
3528
3361
962
-2235
-3190
-3657
-4882
-6865
-6982
-5896
-4773
-4345
-3883
-2796
-1929
-1611
-1809
-763
-47
-1245
-3464
-3226
-2944
-3654
-4685
-5443
-6595
-8106
-9873
-12879
-15459
-17059
-17999
-19569
-19702
-17485
-14505
-12273
-10636
-5750
2904
9112
11356
16914
24372
23665
19017
18102
17708
12096
6869
6008
6376
4650
1185
-1693
-5228
-8801
-11728
-12712
-12931
-10822
-6657
-1510
3724
9235
14787
18150
19011
19513
20137
18289
14577
11725
9281
6481
4228
2603
935
-1144
-3707
-6659
-8915
-10098
-10272
-10107
-8845
-5944
-1624
2904
6374
9192
11365
11562
9265
6220
2994
-732
-4405
-5489
-5116
-5416
-5659
-4485
-2378
-728
111
503
1062
1186
800
820
972
356
631
785
1293
3461
5010
4821
5448
6514
6302
4872
2637
-343
-3194
-5238
-6872
-7827
-8493
-8207
-6674
-6044
-6042
-5075
-4225
-4071
-3585
-2398
-1090
-1728
-3990
-4358
-3366
-3908
-6287
-9294
-12156
-14013
-17305
-20556
-21231
-20440
-20538
-19705
-16528
-11802
-8666
-5351
1488
7550
10425
14016
18546
18518
17593
17691
16510
12980
10837
10752
9923
7636
4072
444
-4557
-8312
-11358
-13401
-14081
-12160
-9241
-4514
1799
7405
12072
16230
19651
20938
20205
18594
17256
15170
13307
11058
8128
4897
2462
-787
-4275
-7065
-9272
-11941
-12959
-11807
-9701
-7556
-4294
578
4885
7992
11174
13761
13635
12132
9569
5953
1776
-1941
-6174
-8639
-8922
-8555
-8595
-7671
-5229
-2299
-851
331
1943
1142
-829
-1316
-934
-1239
-1181
127
2761
5849
7180
7066
6332
5117
4202
2850
6
-2385
-3843
-5619
-6881
-6960
-7325
-7580
-8113
-9297
-8684
-7223
-6589
-6240
-3971
-881
800
365
-222
-818
-2151
-4779
-8176
-12695
-16949
-20661
-22697
-23190
-23137
-22239
-19971
-17451
-13257
-5381
2540
6746
11155
17233
18432
17303
17499
17797
14556
11798
11587
12159
11359
9699
6647
1952
-1938
-5593
-9921
-14459
-15612
-13761
-11614
-8824
-4028
2330
7487
11383
15944
20530
22036
20556
19637
19840
19245
16702
13289
9765
6071
1552
-3329
-7539
-10867
-13363
-14442
-12737
-10375
-8478
-5866
-1590
2181
5427
9714
13366
14253
14003
14891
13340
9125
4678
1110
-2829
-6760
-8402
-7670
-6283
-5421
-3669
-2363
-2151
-1594
-1576
-2080
-1690
-509
460
1759
3321
4480
5028
4873
4942
5388
5124
4034
3362
2331
986
-474
-2364
-4383
-5909
-7416
-8129
-9223
-9960
-10850
-10878
-9484
-7635
-6091
-4557
-2382
-696
328
742
76
-2540
-5567
-9352
-13610
-18628
-21883
-23413
-23974
-23205
-17730
-9398
-3512
1495
8580
13091
13286
13516
14059
13113
10783
11292
12413
13022
11815
9137
4935
1689
113
-2742
-5662
-6752
-6036
-6814
-6409
-6014
-5433
-4458
-1939
1478
5727
10580
14640
17662
20299
22398
21829
19166
16804
15737
13062
8680
4960
2031
-2064
-6857
-10029
-11745
-13293
-13603
-11472
-7958
-3829
832
5434
9628
13424
15255
15512
14788
13446
11061
8975
7632
5258
1653
-1598
-4525
-7457
-9627
-10702
-10494
-9102
-6780
-4439
-2345
-619
400
427
39
328
2020
3381
3679
4465
5721
5773
3994
1937
-147
-1763
-3504
-5209
-6482
-6170
-7224
-9577
-11204
-11593
-12450
-13742
-13923
-13326
-11949
-10420
-8089
-5973
-4387
-3700
-2796
-3680
-5476
-6335
-5812
-6955
-8741
-6805
-2502
-1971
-3256
-315
1269
-1530
-3411
-733
1408
1404
3141
7122
9654
9151
6934
3582
-63
-2840
-4360
-3912
-1452
1610
3168
3651
3851
3894
3362
1623
663
1873
3616
4922
6395
8417
9427
8876
8277
9164
10153
10055
9546
9395
9316
8184
5917
3297
1100
-1297
-3472
-3886
-3348
-2755
-1514
-335
379
1518
2710
3089
3876
6006
8238
9407
10418
11478
11127
8577
5334
1754
-1839
-4933
-7151
-7916
-7217
-5894
-5433
-5432
-4575
-3028
-1778
-1100
213
2483
3928
3603
2832
1791
146
-2229
-4022
-4227
-3957
-4891
-6253
-6210
-5926
-7325
-9089
-10034
-10898
-12202
-13557
-13871
-13925
-13718
-13354
-13429
-14465
-14747
-14281
-13372
-12069
-9413
-6991
-3282
2410
7916
11368
14866
17698
15224
10777
7820
5766
1306
-1652
-1121
-227
-943
-2179
-3530
-6090
-8274
-8650
-6792
-4839
-2928
-1196
124
745
763
1804
3123
4626
7100
10793
13548
13954
13136
11478
8314
4449
1484
-86
-606
-462
578
1392
1269
1129
1242
590
-71
812
3160
6125
8110
8978
9164
9194
7840
5841
4567
4199
3685
2879
2750
2939
2229
580
-1158
-1849
-1795
-1203
-474
1428
4188
5660
5073
3507
1838
12
-1720
-1925
54
1942
2580
3083
3721
2664
826
-869
-2078
-2899
-3265
-3662
-3906
-4130
-4391
-5446
-6907
-7461
-7645
-8038
-8206
-8031
-8486
-8220
-8586
-10838
-13235
-13920
-14825
-16247
-16917
-16349
-14632
-12947
-9803
-5275
-419
2273
5817
10511
12781
12317
12118
13652
14042
13659
13416
12712
9530
4597
-842
-6119
-9823
-11824
-12244
-10931
-8226
-5326
-3113
-2134
-1464
257
2195
4982
8364
11488
13209
13165
12666
11322
9074
6684
5560
5046
4595
4318
3474
1232
-2263
-5878
-8405
-9269
-8821
-7092
-3210
2551
7922
11212
13110
13885
12997
11243
10749
11413
11520
10899
10355
9293
6819
4119
971
-2703
-5576
-6287
-5981
-5412
-4031
-2366
-1564
-683
1014
2844
4898
7285
9527
11101
11907
11042
8913
6345
3252
-220
-3424
-5738
-7298
-8201
-8700
-8528
-8341
-8981
-9606
-9714
-9797
-9843
-9339
-9461
-9356
-8319
-7527
-7624
-7379
-6699
-7420
-8852
-9462
-10748
-12756
-12252
-8193
-4768
-3762
-794
2695
2795
1263
2261
4246
4431
5387
7806
9825
9924
8755
6092
2518
-725
-2042
-2456
-2532
-1814
-1566
-2457
-4154
-5267
-5866
-5553
-3317
1256
5749
9491
12677
14175
13254
10964
8739
7416
6849
5206
3379
2544
1074
-2036
-5303
-7261
-8649
-9292
-7696
-5298
-3202
-1250
1030
2846
4226
5429
6371
7970
10667
12854
13687
13932
12347
9324
6894
5530
3431
1502
174
-901
-1976
-3339
-5179
-6440
-5765
-4391
-2614
-363
2528
4690
5936
6772
7379
7045
6036
5677
6346
6609
5290
2959
185
-2990
-5978
-8329
-10434
-12352
-13732
-14521
-14821
-14802
-14764
-15308
-15202
-13426
-11418
-9977
-8604
-7128
-6570
-6278
-6410
-6985
-6342
-2414
841
1805
3960
5956
5058
2666
2050
2178
2186
2835
4367
4848
4945
4362
1895
-2051
-4955
-5461
-4802
-3396
-2530
-2535
-3299
-4381
-5431
-4810
-3324
-386
3866
7490
9601
9755
9852
9413
7924
6735
7256
8704
9379
8562
7060
4053
230
-3870
-6711
-8125
-8612
-7919
-6200
-4436
-3161
-1949
-338
1506
3444
6206
9024
11665
13595
14027
13185
11842
9519
6950
4655
3124
1882
355
-1747
-3838
-5462
-7066
-7180
-5795
-4072
-1857
686
2440
3593
4376
5436
5697
5561
5571
5845
6313
5845
3955
1649
-786
-2895
-4714
-6234
-7608
-8809
-10008
-11358
-12749
-13878
-14647
-15935
-16691
-15842
-13645
-12582
-11682
-10167
-7808
-6123
-5665
-4699
-1126
3131
4896
4931
6185
6578
3761
1941
2381
3215
3034
5052
7081
6835
5365
4111
1728
-1205
-2175
-936
912
1705
1469
15
-1634
-3674
-5167
-6224
-5536
-3403
-303
2256
3507
3943
3994
4610
5866
7509
8970
10454
10742
9353
6917
4383
1401
-1509
-3293
-3722
-3994
-4065
-4188
-4839
-5984
-6522
-6175
-5184
-2064
2711
6827
9687
12989
15446
15549
14786
13918
12004
10003
8329
7046
5110
2397
-265
-2596
-3849
-4444
-4569
-4854
-4676
-3478
-2383
-1898
-836
1528
3759
5065
6679
9026
9336
7840
5394
3182
1279
-943
-2921
-4880
-6990
-9500
-12191
-14591
-15759
-16052
-16065
-16517
-16131
-14817
-13782
-12799
-11513
-8940
-6366
-4525
-3692
-2136
947
3569
4392
4077
4066
3577
2675
1867
2207
2543
2792
4020
5516
5837
4922
2980
240
-1512
-1444
891
2613
3373
3177
2312
1277
855
596
230
373
1253
2437
3035
2424
-22
-2371
-3734
-3618
-2978
-1384
675
2654
4479
5907
6356
5624
3747
2191
1915
1351
331
-601
-1282
-2499
-3545
-3458
-2709
-2360
-1316
127
1376
2281
2888
2979
2975
3781
5109
6487
7955
9451
9701
8522
6947
5684
4390
3553
3244
2790
2164
1377
686
462
267
384
1294
2417
3218
4425
5646
5428
3606
2222
1802
1615
1557
1347
155
-2402
-5541
-8737
-11528
-14043
-16529
-18353
-18171
-16317
-14072
-12500
-11068
-9516
-8341
-7848
-6962
-4583
-2004
48
969
953
27
-1215
-2629
-3646
-4551
-5358
-5273
-3491
-1315
-518
-414
-507
-178
636
2633
5074
7857
10184
11641
12377
12944
12456
10721
8732
7090
6215
4954
3523
1679
-280
-2413
-3987
-4104
-3708
-4275
-4780
-4039
-3626
-3955
-4042
-3965
-4371
-4390
-3088
-1389
786
3331
5166
5618
5883
6373
5783
4623
3840
3598
2905
1913
926
76
-584
-883
-706
-587
-104
73
-318
-1132
-947
-18
916
2806
5246
7143
7605
7480
6538
5509
4712
3498
2175
1558
1244
1058
879
488
-652
-1787
-2502
-2729
-2431
-2370
-2995
-3945
-4895
-6490
-7809
-9227
-10773
-12226
-13524
-14305
-14640
-14583
-15122
-15481
-14813
-14042
-13612
-11773
-8876
-6244
-4620
-3438
-2391
-1157
521
1910
2335
2864
4278
5353
5509
5222
4979
4655
4282
4608
5490
6437
6928
7241
7940
8282
8056
7428
7027
6245
5516
5124
4828
4481
3867
3299
2418
1667
1229
528
-934
-2415
-2613
-2434
-2514
-2488
-1987
-1144
-576
-519
-782
-669
-731
-1430
-2299
-2251
-581
1472
3019
4668
6084
6878
6879
6482
5693
4037
2107
713
242
13
-117
-473
-952
-955
-480
447
1438
2148
2739
2910
2720
2966
3381
3533
3317
3882
4538
4281
3828
3552
2745
801
-860
-1996
-3196
-4715
-5507
-6005
-6936
-7837
-8641
-9498
-10338
-10721
-10717
-10457
-10389
-10577
-10401
-10080
-10160
-9934
-9246
-8092
-6915
-5984
-5006
-4578
-4161
-3502
-2457
-894
689
1545
2464
4102
5853
7233
8601
9703
9850
9639
9300
9142
8954
8488
7735
7075
6340
5444
4816
4830
4785
4256
3784
3608
3326
2219
997
317
-180
-138
32
211
169
497
1142
1615
1974
2058
1869
1602
1337
819
401
-138
-681
-1339
-1525
-1101
-443
229
545
946
1486
1362
761
572
846
1460
1707
2138
2751
3097
3041
2336
2006
1620
978
12
-253
46
192
23
-227
52
406
833
1416
1929
1681
1391
1184
764
-122
-1374
-2409
-2861
-3356
-4313
-5533
-6714
-7890
-9164
-10286
-11025
-11076
-10808
-10135
-9271
-8612
-8225
-8204
-7852
-6900
-5575
-3919
-2673
-1974
-1597
-925
342
1192
1782
2581
3548
3891
4037
4703
5198
5308
5387
5870
6349
7357
8724
9679
9862
10081
10498
10244
8811
7345
6368
5216
3814
2403
1609
768
-421
-1473
-1892
-1935
-1370
-353
780
1864
2402
2259
2066
2109
1948
1686
1078
1095
1566
1717
1018
159
-551
-1421
-2389
-3226
-3824
-4279
-4523
-4574
-3908
-3347
-3190
-3475
-3189
-2552
-1929
-1862
-1895
-1583
-1244
-1123
-1130
-803
-523
-647
-613
67
362
44
-508
-574
-1013
-2267
-3417
-4059
-4448
-4839
-5037
-5142
-5259
-5460
-5600
-5542
-5628
-5728
-5881
-6702
-7111
-6872
-6836
-6837
-6730
-6399
-6543
-6517
-6163
-5779
-5330
-4168
-2741
-1130
1020
2952
3695
4189
4862
5164
5401
5705
6428
6931
6682
6270
5917
5543
5074
5076
5172
4985
4689
4548
4430
4311
4603
4945
4482
3362
2803
3296
3784
3945
4034
4218
4555
4556
4803
4604
4043
3081
2151
1448
923
650
510
685
925
1229
1011
764
820
1306
1500
1381
918
203
-907
-2387
-3310
-3952
-4835
-5458
-5187
-4093
-3216
-2925
-2634
-2217
-1898
-1731
-1189
-1120
-1669
-2045
-1537
-575
99
289
-19
-478
-752
-968
-1301
-2124
-2923
-3529
-4168
-5069
-5719
-6048
-6926
-7887
-8534
-9161
-9605
-9302
-8630
-7657
-6245
-5073
-4210
-3220
-1902
-577
8
590
1637
3012
3959
4597
4683
4181
3781
3967
4570
5224
5562
5362
4926
4675
4671
4110
3158
2617
2724
2804
2998
3297
3378
2884
2343
2374
2519
2663
2799
3059
3149
3445
4100
4461
4114
3584
3564
3728
3726
3668
3579
3651
3392
2827
2692
3121
3352
3212
3133
2964
2548
2051
1788
1357
851
517
18
-1003
-1706
-2365
-2778
-3215
-3579
-3406
-3192
-3328
-3255
-2588
-1864
-1475
-1429
-1117
-871
-1013
-1173
-978
-495
-98
-345
-944
-1070
-739
-585
-667
-855
-1273
-1613
-2062
-2227
-2350
-3129
-4294
-5413
-6041
-6856
-7850
-8389
-8448
-8416
-8465
-8292
-7715
-6917
-6137
-5236
-4319
-3114
-1881
-527
885
2332
3690
4378
5056
5820
7043
8168
8531
8533
8136
7348
6367
5184
3760
2334
1169
504
-2
-120
62
229
392
1045
1970
2564
2964
3247
3673
3837
4156
4251
4359
4518
4630
4735
4512
4323
4309
4208
3953
3535
2855
2049
1530
1502
1412
889
92
-530
-965
-1218
-1066
-640
-416
-335
-314
-397
-599
-1279
-2132
-2752
-3282
-3757
-4082
-4412
-4362
-4340
-4107
-3676
-3213
-2722
-2022
-1354
-816
-266
-17
134
-174
-400
-555
-707
-1227
-1933
-2421
-2911
-3616
-4128
-4601
-5267
-5754
-6018
-6019
-5786
-5160
-4653
-4199
-4337
-4448
-4072
-3583
-3210
-2965
-2656
-2548
-2457
-2134
-1615
-1123
-940
-967
-660
14
986
1932
2929
4169
5022
5280
5457
5522
5257
4625
4105
3705
2990
2383
1518
469
-753
-1647
-2090
-2690
-2762
-2245
-1586
-1139
-331
628
1320
2131
3375
4597
5851
6660
7064
7437
7844
8242
7885
7293
6554
5846
4910
3838
2664
1441
-88
-1695
-2591
-2899
-3209
-3793
-3915
-3840
-3814
-3707
-3551
-3438
-2918
-2244
-1716
-1564
-1614
-1675
-1883
-1833
-1758
-1684
-1929
-1907
-1760
-1815
-2068
-2230
-2397
-2497
-2100
-1712
-1397
-1417
-1688
-2108
-2478
-3076
-3517
-3835
-3891
-3936
-3803
-3520
-3187
-3091
-3085
-2585
-1909
-1243
-525
328
950
1266
1519
1731
1846
2088
2551
2746
3003
3571
4067
4195
4322
4170
3549
2820
2219
1697
1124
723
558
298
-260
-455
-530
-758
-968
-657
-142
-5
-2
-122
-500
-686
-847
-1227
-1259
-1165
-988
-501
152
798
892
723
656
1061
1752
2496
3288
4060
4562
4724
5066
5247
5153
4794
4158
3198
2276
1563
737
-374
-1413
-2091
-2677
-3210
-3439
-3201
-3056
-3253
-3260
-3106
-2815
-2387
-1911
-1165
-955
-1107
-1569
-1798
-1678
-1544
-1411
-1375
-1033
-731
-575
-632
-681
-997
-1172
-1472
-1369
-1121
-1119
-1391
-1876
-2102
-2078
-2314
-2366
-2028
-1410
-638
193
1298
1874
2364
2822
3332
4082
4799
5440
5884
5922
5981
6081
6349
6572
6533
6131
5302
4361
3768
3456
2665
1679
854
257
-182
-208
-35
139
307
640
936
1095
1024
945
638
212
-239
-472
-868
-1391
-1494
-1256
-1026
-1026
-1070
-1142
-1278
-1295
-1093
-756
-518
-432
-281
-157
224
477
679
821
946
1074
1085
988
554
-12
-276
-579
-873
-1138
-1515
-2124
-2371
-2369
-2145
-2130
-2145
-1906
-1904
-1526
-1077
-792
-720
-499
-20
521
739
750
557
329
346
185
-90
-430
-647
-910
-1004
-1051
-883
-842
-927
-662
-186
307
768
1051
1319
1728
2119
2721
3538
4253
4489
4865
5349
5641
5415
4893
4378
4383
4436
4198
4108
3954
3607
3039
2550
2279
1828
1273
746
289
268
297
-55
-331
-608
-937
-1231
-1225
-1050
-1319
-1738
-2275
-2647
-2428
-2093
-2048
-1889
-1457
-1072
-995
-988
-1117
-978
-1097
-1406
-1485
-1694
-2117
-2790
-3396
-3656
-3541
-3601
-3854
-3696
-3129
-2938
-2950
-2794
-2835
-3291
-3380
-3085
-2634
-2423
-2440
-2626
-2931
-3100
-3215
-3336
-3452
-3434
-3260
-2945
-2687
-2397
-2018
-1982
-1989
-1762
-1413
-1084
-697
-51
642
947
1118
990
796
664
744
1084
1822
2544
2840
2986
3057
3220
3269
3498
3746
3854
4006
4385
4830
5172
5390
5345
5212
5157
5536
5834
5678
5469
5149
4926
4412
4078
3776
3456
3014
2356
1597
915
146
-678
-1202
-1743
-2117
-2613
-3007
-3102
-3068
-3052
-2989
-2793
-2535
-2237
-1918
-1628
-1220
-980
-1208
-1778
-2434
-2911
-3235
-3537
-3497
-3445
-3776
-4279
-4744
-4944
-5017
-5036
-4533
-3826
-3123
-2508
-2211
-2098
-2018
-1959
-1993
-2162
-2168
-2108
-2145
-2443
-2819
-3217
-3821
-4196
-4140
-3792
-3432
-3212
-2974
-2889
-2866
-2732
-2594
-2177
-1848
-1697
-1452
-934
-553
-236
13
186
367
688
891
1389
2417
3300
3521
3571
4016
4493
4804
5248
5927
6420
6638
6997
7726
8306
8379
8330
8477
8534
8748
8839
8634
8258
7645
6999
6157
5367
4792
4111
3502
3065
2748
2364
1974
1537
1501
1579
1468
1379
823
376
-359
-782
-1009
-1355
-1563
-1910
-2174
-2526
-2946
-3183
-3535
-3997
-4363
-4860
-4862
-4848
-4620
-4264
-4179
-4112
-3944
-3696
-3474
-3117
-2855
-2796
-2987
-3368
-3871
-4460
-5039
-5631
-6111
-6301
-6167
-5757
-5503
-5441
-5082
-4618
-4109
-3480
-2694
-1932
-1345
-655
-332
-318
-350
-390
-486
-393
-478
-736
-1161
-1548
-1753
-1910
-1844
-1845
-1694
-1584
-1042
-179
847
1570
2342
3421
4407
5415
6288
7080
7759
8357
9058
9549
9694
9441
8961
8573
8273
7948
7646
7284
7017
6846
6659
6606
6729
6768
6628
6473
6188
5881
5330
4438
3616
3122
2391
1959
1499
1036
429
-363
-998
-1845
-2352
-2834
-3076
-3189
-3113
-2955
-2997
-3132
-3280
-3227
-3412
-3672
-3768
-3699
-3700
-3930
-4280
-4556
-5107
-5512
-5682
-5685
-5697
-5786
-5799
-6055
-6220
-6517
-6733
-6644
-6329
-6075
-5737
-5288
-4912
-4634
-4521
-4553
-4664
-4763
-4951
-5156
-5187
-5194
-5563
-6016
-6022
-5706
-5047
-4661
-4107
-3237
-2249
-1551
-1001
-342
223
717
1276
1948
2542
3026
3308
3524
3878
4253
4520
4825
5085
5115
5311
5559
5846
6069
6118
6408
6871
7284
7669
8223
8650
8915
9124
9137
8943
8630
8250
7971
7620
7244
6556
5689
4877
4355
3880
3211
2820
2299
1964
1680
1389
1093
540
115
-94
-303
-670
-1123
-1554
-1895
-2444
-3115
-3649
-4382
-5218
-5643
-5791
-5980
-6267
-6521
-6789
-6991
-6821
-6457
-6068
-5802
-5754
-5499
-5067
-4885
-4881
-5026
-5246
-5403
-5496
-5482
-5620
-6038
-6536
-7005
-7384
-7439
-7284
-7036
-6628
-6175
-5744
-5399
-5005
-4832
-4359
-3649
-3081
-2548
-2070
-1604
-1299
-1001
-713
-317
198
818
1334
1711
2083
2465
2619
2761
3008
3428
3949
4417
4940
5409
5601
5815
6214
6582
6774
6780
6706
6859
7026
7102
7160
7222
7015
6485
6553
6726
6692
6455
6049
5755
5451
5255
5246
5243
5204
5004
4977
5122
5224
5000
4655
3986
3543
3226
2724
2348
2050
1479
525
-132
-823
-1512
-2225
-2598
-2824
-3018
-3390
-3978
-4516
-4726
-4998
-5239
-5257
-5379
-5510
-5463
-5370
-5359
-5611
-6002
-6319
-6502
-6365
-6162
-6191
-6423
-6443
-6314
-6253
-6423
-6441
-6278
-6134
-5927
-5526
-5410
-5414
-5219
-5049
-4586
-4167
-3850
-3452
-2948
-2706
-2261
-1828
-1453
-956
-125
679
1224
1964
2388
2828
3264
3993
4513
4821
5261
5714
6231
6473
6758
6880
7016
7298
7348
7538
7798
7956
7667
7226
6661
6032
5329
4616
4224
3906
3585
3228
2974
2716
2745
2713
2834
3157
3614
4096
4392
4475
4488
4173
3862
3532
3154
2899
2486
2004
1319
638
72
-627
-1146
-1820
-2318
-2622
-2858
-3138
-3164
-3080
-3147
-3044
-2857
-2705
-2889
-2876
-3084
-3185
-3370
-3564
-3615
-3762
-4018
-4239
-4394
-4588
-4687
-4889
-4889
-5017
-5069
-5138
-4992
-4623
-4389
-3973
-3806
-3593
-3501
-3374
-3257
-3308
-3294
-3213
-3052
-3026
-2676
-2503
-2419
-2127
-1679
-1001
-457
137
754
1389
2043
2582
3142
3717
4290
4737
5249
5702
6063
6187
6201
6097
6136
6027
5523
5021
4790
4503
4292
4103
4029
4098
4047
4081
4219
4363
4625
4542
4217
4033
3987
3876
3745
3759
3541
3073
2712
2305
1757
1340
721
-4
-536
-857
-1084
-1354
-1348
-1441
-1686
-1616
-1543
-1671
-1845
-2104
-2367
-2732
-3243
-3689
-4045
-4548
-5082
-5409
-5601
-5910
-6082
-6135
-6113
-5897
-5567
-5208
-4918
-4728
-4539
-4296
-4314
-4190
-3830
-3703
-3745
-3969
-4035
-3874
-3755
-3545
-3504
-3292
-3287
-3386
-3404
-3348
-3096
-2774
-2322
-1869
-1342
-684
-118
532
1171
1541
1839
2019
2461
2732
3064
3206
3594
4126
4284
4715
5046
5205
5337
5247
5291
5217
4995
4933
4887
4826
4563
4345
4081
3790
3406
3283
3169
2839
2506
2064
1673
1250
1026
901
770
534
380
295
294
480
469
428
322
449
500
611
764
590
413
103
-380
-765
-1164
-1490
-1856
-2380
-2876
-3236
-3813
-4324
-4870
-5383
-5725
-5895
-5967
-6007
-6179
-6356
-6426
-6517
-6289
-6015
-5790
-5667
-5321
-5088
-4946
-4834
-4684
-4537
-4276
-4161
-4079
-3800
-3748
-3669
-3535
-3377
-3251
-3021
-2525
-2033
-1724
-1376
-1066
-627
-310
77
748
1452
2151
2546
2988
3521
3968
4307
4703
5240
5714
6054
6265
6578
6742
6762
6706
6705
6773
6678
6580
6623
6405
6059
5509
5043
4812
4419
4201
3767
3371
2932
2668
2228
1602
1053
419
-191
-592
-769
-958
-1089
-1410
-1733
-2027
-2215
-2390
-2432
-2428
-2410
-2216
-2247
-2622
-2946
-3116
-3297
-3496
-3450
-3584
-3797
-3971
-4124
-4307
-4653
-4882
-4983
-4901
-4830
-4828
-4689
-4492
-4435
-4316
-4217
-4121
-4000
-4028
-4165
-4098
-4084
-4063
-4164
-4241
-4101
-3880
-3758
-3556
-3354
-3183
-3020
-2869
-2530
-2112
-1456
-606
82
789
1665
2358
3111
3841
4294
4750
5213
5581
5917
6095
6200
6403
6711
6920
7066
7267
7438
7503
7473
7553
7284
7143
7030
6803
6556
6387
6237
6166
5993
5735
5495
5099
4562
3867
3237
2612
2005
1485
1317
1148
1016
753
561
270
-20
-155
-513
-794
-1073
-1458
-1854
-2154
-2585
-3404
-4068
-4413
-4820
-4929
-5222
-5505
-5824
-6182
-6230
-6322
-6476
-6473
-6371
-6134
-5698
-5305
-5163
-5139
-5138
-4994
-4789
-4667
-4460
-4418
-4338
-4367
-4424
-4489
-4496
-4643
-4838
-4751
-4716
-4603
-4350
-4342
-4136
-3962
-3578
-3004
-2407
-1586
-995
-463
286
1005
1529
2186
2746
3367
4028
4338
5027
5527
6022
6490
6830
7437
7946
8499
8829
9126
9031
8883
9066
9051
8994
8898
8773
8444
8096
7764
7332
6696
5936
5346
4671
4066
3603
3172
2739
2272
2045
1919
1841
1533
1194
869
565
252
-156
-606
-1051
-1386
-1796
-2255
-2828
-3245
-3669
-4243
-4666
-5070
-5551
-6061
-6452
-6708
-6860
-7135
-7463
-7595
-7661
-7787
-7824
-7827
-7840
-7834
-7710
-7405
-7141
-6904
-6609
-6316
-5816
-5484
-5170
-5059
-4902
-4740
-4686
-4438
-4135
-3780
-3606
-3344
-3033
-2791
-2605
-2281
-2009
-1540
-972
-653
-101
402
907
1509
2173
2737
3101
3579
4095
4512
4955
5548
6133
6568
6985
7420
7545
7736
8083
8354
8647
8795
8743
8761
8589
8359
7966
7660
7241
6693
6338
5888
5608
5203
4994
4696
4438
4051
3776
3472
2940
2373
1967
1538
1018
573
116
-258
-687
-1055
-1412
-2022
-2593
-3115
-3702
-4198
-4772
-5378
-5855
-6085
-6415
-6632
-6985
-7250
-7580
-7707
-7967
-8260
-8475
-8602
-8636
-8758
-8755
-8787
-8762
-8619
-8462
-8292
-8177
-7967
-7753
-7537
-7265
-7046
-6751
-6473
-6128
-5648
-5241
-4821
-4215
-3490
-2909
-2228
-1478
-923
-288
472
1254
2001
2793
3492
4154
4687
5240
5622
5828
6192
6167
6199
6238
6411
6504
6475
6561
6612
6723
6959
7117
7134
7291
7244
7382
7214
7255
7166
6930
6864
6686
6540
6310
5882
5655
5304
4785
4446
4185
3917
3489
3143
2859
2593
2271
1876
1591
1188
572
149
-221
-622
-1110
-1734
-2270
-2794
-3215
-3458
-3749
-4114
-4480
-4698
-4896
-5147
-5487
-5642
-5850
-6097
-6208
-6283
-6334
-6499
-6381
-6243
-6195
-6247
-6297
-6157
-6058
-6070
-6078
-5874
-5725
-5436
-5118
-4642
-4187
-3719
-3253
-2773
-2229
-1523
-746
-131
436
1083
1612
2165
2688
3397
3963
4277
4721
5088
5402
5502
5669
5960
6176
6187
6346
6253
6341
6402
6485
6654
6666
6800
6979
6944
6848
6998
6774
6547
6474
6449
6322
6106
5844
5591
5209
4757
4405
4113
3631
3202
2838
2457
2243
1991
1838
1338
1054
674
447
123
-291
-558
-1084
-1476
-1915
-2317
-2729
-3158
-3401
-3658
-4063
-4344
-4425
-4563
-4852
-5115
-5239
-5284
-5306
-5427
-5531
-5584
-5507
-5479
-5507
-5471
-5465
-5315
-5295
-5142
-4806
-4571
-4195
-3668
-3206
-2639
-2149
-1725
-1238
-604
-98
342
903
1247
1544
1943
2383
2710
2932
3212
3373
3593
3739
3780
3883
3854
3854
3708
3469
3474
3525
3641
3716
3579
3409
3369
3405
3417
3471
3581
3464
3278
3267
3216
3178
3126
2910
2619
2315
2223
2078
1861
1654
1341
1148
936
694
691
564
370
283
215
211
-38
-216
-394
-653
-891
-1079
-1224
-1497
-1831
-2163
-2553
-3060
-3476
-3688
-3985
-4386
-4766
-5321
-5755
-5944
-6231
-6277
-6391
-6482
-6613
-6612
-6435
-6276
-6056
-5848
-5317
-4929
-4417
-3823
-3262
-2721
-2034
-1294
-695
-121
229
852
1393
1922
2369
2628
2998
3336
3603
3884
4103
4164
4187
4148
3932
3661
3431
3213
2993
2865
2847
2691
2663
2585
2473
2477
2316
2481
2542
2362
2425
2525
2462
2391
2271
2250
2280
2170
1922
1743
1604
1210
1044
665
263
-297
-624
-826
-1140
-1379
-1646
-1822
-2064
-2123
-2179
-2272
-2494
-2580
-2569
-2557
-2626
-2625
-2701
-2813
-2771
-2936
-3123
-3367
-3603
-3939
-4305
-4489
-4682
-4814
-5008
-4985
-5083
-4867
-4576
-4358
-4185
-3921
-3724
-3446
-3060
-2752
-2251
-1986
-1573
-1244
-983
-591
-321
132
471
682
1103
1534
1780
2086
2321
2641
2914
3359
3708
3916
4334
4565
4861
5002
5063
5228
5311
5356
5485
5581
5590
5518
5474
5130
4957
4713
4494
4388
4227
4187
3992
3732
3653
3447
3139
2939
2690
2501
2320
1928
1521
999
578
206
-159
-406
-768
-1036
-1370
-1645
-1845
-2000
-2189
-2264
-2415
-2340
-2337
-2350
-2298
-2368
-2462
-2562
-2657
-2674
-2997
-3250
-3534
-3912
-4326
-4571
-4729
-4847
-4868
-4997
-4950
-4722
-4623
-4470
-4213
-3918
-3605
-3386
-2897
-2629
-2219
-1954
-1583
-1249
-818
-491
-143
270
655
1050
1504
1997
2217
2357
2536
2865
3151
3374
3730
4012
4461
4715
4970
5067
5229
5351
5375
5479
5514
5302
5269
5336
5129
5134
5065
4973
4874
4831
4720
4497
4385
4157
3988
3852
3745
3480
3132
2953
2649
2472
2223
2033
1800
1407
1114
872
508
110
-258
-546
-1095
-1434
-1717
-2192
-2544
-2807
-3034
-3224
-3558
-3718
-3919
-4302
-4538
-4726
-4964
-5200
-5329
-5464
-5590
-5691
-5897
-6038
-6075
-6188
-6084
-5897
-5772
-5466
-5370
-5032
-4758
-4494
-4191
-3836
-3442
-3074
-2614
-2480
-2119
-1806
-1451
-1014
-692
-355
-73
181
518
980
1381
1664
2160
2484
2805
3316
3542
3965
4280
4777
5119
5294
5479
5656
5733
5864
6095
6264
6334
6230
6291
6253
6291
6185
6097
5938
5707
5502
5198
5098
4885
4584
4151
3835
3666
3389
3091
2714
2194
1920
1706
1233
951
675
247
-78
-350
-751
-948
-1293
-1564
-1839
-2068
-2287
-2578
-2718
-3036
-3410
-3825
-4167
-4548
-4820
-5069
-5269
-5557
-5642
-5795
-6015
-6131
-6293
-6169
-6192
-6147
-6137
-6076
-6013
-5889
-5605
-5401
-5201
-4956
-4612
-4320
-4064
-3823
-3452
-3055
-2722
-2303
-1870
-1441
-1250
-857
-592
-31
541
981
1447
1764
2035
2235
2456
2643
2848
3105
3216
3370
3564
3710
4003
4267
4487
4632
4820
4886
5000
5184
5214
5166
5029
4991
4974
4758
4541
4306
4175
3927
3671
3342
3087
2982
2754
2404
2189
1964
1565
1363
1158
779
552
161
-275
-501
-804
-967
-1295
-1433
-1644
-1980
-2313
-2603
-2862
-3292
-3584
-3807
-4045
-4307
-4386
-4556
-4684
-5044
-5213
-5389
-5509
-5661
-5809
-5932
-5939
-5959
-5908
-5725
-5648
-5439
-5315
-5179
-4944
-4622
-4400
-3999
-3573
-3294
-2917
-2520
-1955
-1410
-900
-444
-194
80
331
652
1020
1267
1584
1567
1782
1869
1964
2098
2163
2426
2569
2832
3059
3207
3484
3664
3823
3974
4192
4292
4342
4374
4386
4605
4627
4713
4753
4645
4537
4511
4507
4493
4469
4232
4097
3993
3867
3593
3336
3109
2847
2743
2400
2166
1959
1580
1121
631
136
-281
-651
-1074
-1528
-1890
-2366
-2774
-3025
-3293
-3472
-3763
-3986
-4190
-4187
-4295
-4517
-4703
-4815
-4936
-5026
-5136
-5147
-5174
-5224
-5148
-5109
-4813
-4586
-4330
-4005
-3844
-3538
-3415
-3171
-3037
-2788
-2428
-2136
-1765
-1475
-997
-502
42
530
878
1115
1234
1612
1795
1853
2081
2202
2279
2419
2493
2596
2756
2757
2967
3152
3201
3233
3261
3339
3275
3454
3464
3481
3600
3482
3446
3502
3503
3424
3490
3437
3400
3248
3143
2866
2707
2558
2454
2338
2198
1988
1901
1789
1761
1710
1582
1394
1117
991
650
380
55
-388
-853
-1376
-1622
-1901
-2250
-2506
-2838
-3233
-3488
-3914
-4187
-4392
-4547
-4535
-4681
-4701
-4890
-4879
-4749
-4912
-4789
-4615
-4613
-4633
-4478
-4369
-4277
-4090
-4063
-3767
-3417
-3102
-2881
-2722
-2487
-2289
-1822
-1360
-921
-520
-115
293
634
918
1280
1513
1832
2167
2374
2695
2847
3083
3202
3245
3448
3712
3892
4000
4040
4057
4050
3988
4080
4123
4128
4190
4200
4198
4288
4322
4384
4403
4250
4052
3927
3788
3636
3331
3070
2793
2632
2523
2422
2377
2229
2231
1953
1766
1474
1228
1040
640
419
84
-325
-690
-996
-1406
-1782
-2234
-2644
-2976
-3390
-3746
-4059
-4455
-4810
-4949
-5105
-5382
-5365
-5556
-5658
-5755
-5792
-5776
-5850
-5811
-5727
-5663
-5587
-5564
-5392
-5232
-5219
-5195
-5061
-4784
-4571
-4438
-4259
-4095
-3678
-3318
-2917
-2516
-2145
-1746
-1447
-1054
-724
-261
36
304
569
823
1088
1340
1589
1856
2163
2169
2277
2387
2454
2503
2589
2718
2771
2967
3106
3182
3350
3458
3373
3473
3418
3438
3532
3524
3501
3494
3464
3410
3299
3213
3204
3114
3148
2893
2774
2599
2334
2158
1834
1625
1378
1152
994
971
649
276
-113
-651
-990
-1401
-1893
-2322
-2713
-3046
-3444
-3710
-3867
-4115
-4163
-4251
-4285
-4213
-4315
-4376
-4453
-4464
-4475
-4444
-4443
-4459
-4472
-4386
-4487
-4432
-4303
-4300
-4141
-3950
-3944
-3661
-3440
-3275
-2917
-2760
-2634
-2388
-2065
-1887
-1700
-1624
-1430
-1357
-1197
-1094
-965
-639
-415
37
361
587
955
1183
1460
1762
1983
2273
2521
2797
3016
3449
3808
4059
4262
4495
4613
4799
4902
5039
5224
5218
5183
5224
5284
5098
5059
5073
4888
4742
4645
4575
4364
4182
3888
3721
3433
3161
2866
2520
2094
1731
1300
819
570
185
-211
-506
-776
-1085
-1350
-1691
-1944
-2207
-2458
-2566
-2855
-2973
-3221
-3483
-3485
-3642
-3759
-3985
-4118
-4266
-4294
-4301
-4391
-4329
-4371
-4397
-4425
-4358
-4269
-4172
-4081
-3934
-3823
-3611
-3410
-3400
-3267
-3108
-2705
-2441
-2140
-1966
-1721
-1521
-1452
-1181
-928
-657
-379
-81
109
291
567
851
987
1192
1369
1577
1853
2166
2437
2705
2995
3213
3296
3482
3542
3808
4019
4041
4238
4211
4190
4215
4360
4532
4656
4655
4773
4821
4735
4693
4795
4694
4566
4551
4414
4330
4246
4099
3853
3666
3506
3376
3164
2971
2664
2391
2114
1815
1542
1298
990
669
342
-25
-275
-592
-992
-1284
-1531
-1705
-1820
-2111
-2172
-2367
-2526
-2651
-2771
-2861
-2924
-2901
-3000
-2973
-2972
-2890
-2904
-2975
-3032
-3132
-3021
-3023
-2944
-2818
-2771
-2598
-2543
-2286
-2264
-2122
-1982
-1945
-1807
-1752
-1592
-1665
-1511
-1397
-1175
-955
-737
-585
-483
-205
-175
31
51
299
544
784
1034
1230
1581
1770
1899
1965
2221
2295
2448
2600
2673
2750
2901
2894
2960
2968
2970
3010
2941
2879
2874
2845
2749
2553
2277
2220
2152
1922
1825
1667
1597
1386
1200
1059
787
683
462
424
200
-12
-208
-297
-614
-776
-985
-1302
-1444
-1691
-1925
-1868
-2006
-2161
-2306
-2439
-2562
-2796
-2803
-2944
-3056
-3200
-3159
-3159
-3204
-3316
-3391
-3452
-3543
-3463
-3438
-3403
-3406
-3272
-3296
-3196
-3110
-2907
-2810
-2677
-2420
-2312
-1981
-1801
-1549
-1348
-1113
-956
-812
-562
-364
-281
-139
13
147
326
549
750
906
1320
1479
1659
1908
2096
2163
2323
2408
2507
2675
2677
2738
2750
2662
2602
2557
2562
2606
2476
2607
2584
2652
2653
2512
2540
2548
2507
2489
2567
2468
2360
2226
2191
2009
1731
1626
1427
1164
826
639
485
295
169
119
-91
-287
-396
-502
-721
-1041
-1176
-1419
-1676
-1869
-2063
-2207
-2238
-2273
-2388
-2382
-2417
-2407
-2450
-2374
-2403
-2446
-2365
-2408
-2140
-2173
-2099
-1994
-2029
-1708
-1721
-1664
-1642
-1609
-1420
-1374
-1298
-1258
-1299
-1396
-1372
-1301
-1179
-1063
-1088
-1048
-916
-720
-630
-523
-375
-98
5
152
400
623
735
901
994
1176
1250
1404
1637
1806
2024
2114
2218
2272
2382
2376
2346
2346
2441
2486
2515
2480
2580
2519
2416
2299
2145
2166
1956
1877
1702
1576
1309
1159
1034
994
943
695
678
593
510
422
202
101
-38
-282
-388
-442
-588
-653
-839
-963
-955
-1033
-1086
-1223
-1198
-1234
-1201
-1214
-1417
-1454
-1499
-1462
-1403
-1419
-1329
-1336
-1359
-1265
-1174
-1019
-759
-670
-537
-417
-180
-107
-97
113
208
250
338
501
659
702
770
897
898
1033
1135
1138
1293
1220
1385
1489
1811
1987
1947
2073
2326
2386
2495
2573
2492
2521
2463
2664
2621
2693
2697
2637
2751
2566
2599
2441
2216
2168
2038
1958
1913
1764
1643
1709
1519
1467
1297
1033
995
868
728
637
514
365
355
211
72
-80
-147
-144
-206
-419
-673
-778
-850
-973
-1063
-1060
-1157
-1246
-1310
-1230
-1377
-1530
-1604
-1777
-1957
-1978
-1941
-2034
-2030
-2086
-2151
-2403
-2431
-2432
-2490
-2394
-2491
-2381
-2359
-2368
-2253
-2236
-2139
-2108
-2046
-1867
-1699
-1337
-1146
-884
-601
-468
-212
63
221
398
571
682
1014
1086
1263
1426
1715
1835
1878
2056
2043
2207
2195
2250
2268
2409
2331
2219
2098
1967
1889
1722
1590
1426
1269
1162
1115
1142
1120
1076
1067
974
946
836
718
706
608
540
423
385
374
324
229
98
55
-142
-341
-475
-692
-772
-820
-902
-1057
-1048
-1253
-1342
-1477
-1495
-1459
-1609
-1589
-1653
-1785
-1951
-1968
-2138
-2155
-2209
-2282
-2289
-2412
-2466
-2526
-2411
-2453
-2505
-2206
-2229
-2270
-2186
-2141
-1982
-1878
-1726
-1649
-1459
-1317
-1237
-1072
-1119
-997
-887
-782
-626
-494
-465
-298
65
190
520
765
900
1081
1316
1374
1481
1671
1943
2080
2128
2175
2125
2106
2288
2171
2186
2262
2295
2319
2215
2180
2125
1995
1923
1906
1810
1809
1693
1762
1687
1586
1425
1249
1078
1031
905
691
581
454
412
71
-79
-158
-155
-250
-375
-388
-428
-439
-506
-677
-759
-821
-880
-997
-1179
-1218
-1319
-1457
-1572
-1671
-1778
-1866
-1953
-2068
-2150
-2179
-2356
-2404
-2335
-2254
-2195
-2320
-2365
-2203
-2126
-1990
-1984
-1856
-1804
-1669
-1576
-1580
-1337
-1149
-961
-713
-498
-228
-20
231
409
535
688
709
751
897
899
954
1147
1262
1413
1491
1569
1673
1720
1827
1900
2030
2102
2090
2161
2256
2371
2490
2577
2674
2648
2531
2669
2591
2453
2526
2589
2612
2668
2624
2642
2713
2625
2539
2435
2239
2157
2209
2135
1949
1902
1866
1733
1622
1572
1344
1295
1181
974
877
706
514
375
262
220
149
-50
-304
-484
-708
-864
-945
-1041
-940
-1060
-1115
-1120
-1166
-1274
-1335
-1307
-1359
-1524
-1584
-1523
-1465
-1334
-1316
-1272
-1213
-1235
-1143
-1126
-1126
-1178
-1092
-955
-774
-753
-622
-565
-476
-450
-407
-288
-257
-349
-252
-35
-1
84
197
321
161
221
367
368
455
506
436
525
499
543
647
783
863
933
1131
1175
1302
1316
1298
1295
1335
1397
1428
1450
1386
1452
1306
1183
1147
1034
891
827
894
783
719
655
713
651
621
488
331
188
27
-37
-95
-290
-399
-524
-683
-750
-845
-860
-1020
-1053
-1141
-1119
-1166
-1288
-1434
-1418
-1355
-1389
-1455
-1539
-1589
-1578
-1542
-1569
-1426
-1565
-1592
-1710
-1606
-1689
-1626
-1481
-1534
-1332
-1187
-1035
-949
-843
-757
-865
-864
-862
-784
-736
-621
-488
-333
-43
-121
20
87
238
233
314
457
410
471
573
633
675
564
583
545
455
477
411
302
267
319
226
212
263
291
333
624
711
673
753
752
681
821
868
835
954
865
714
747
671
537
476
332
393
350
346
120
60
-142
-365
-295
-454
-493
-507
-580
-666
-698
-814
-846
-997
-1146
-1254
-1254
-1422
-1440
-1326
-1382
-1310
-1346
-1384
-1394
-1196
-1289
-1273
-1270
-1228
-1276
-1201
-1076
-952
-731
-847
-748
-714
-677
-644
-521
-574
-474
-375
-343
-271
-233
-210
-229
-265
-179
-153
-197
-169
-147
-113
-157
-102
70
99
196
232
346
439
485
538
499
602
599
669
796
802
938
948
1019
982
855
779
678
630
442
280
217
140
83
-62
-81
-203
-303
-419
-363
-481
-625
-702
-838
-818
-825
-719
-688
-749
-611
-528
-632
-694
-817
-935
-913
-892
-977
-966
-924
-871
-1004
-972
-1000
-925
-909
-910
-771
-894
-873
-901
-904
-890
-842
-796
-753
-646
-454
-314
-263
-152
-174
-54
17
3
48
188
164
187
532
444
470
606
667
613
720
776
866
947
957
980
991
950
1029
1012
845
894
949
905
869
842
788
698
592
479
611
666
608
488
426
487
328
297
231
201
213
244
159
157
197
95
108
48
-11
-48
-78
-77
-70
-168
-185
-89
-108
-241
-158
-305
-388
-451
-545
-685
-752
-679
-816
-788
-711
-689
-620
-766
-677
-598
-584
-479
-620
-772
-745
-657
-857
-753
-640
-678
-513
-384
-365
-180
-111
-52
63
115
217
139
121
196
302
335
442
533
614
763
929
1049
986
1076
1057
1138
1142
1058
1066
1002
1111
1041
1141
1225
1250
1322
1302
1329
1168
1194
1293
1186
1122
1307
1315
1260
1237
1120
1042
990
934
958
1011
837
786
754
631
638
605
478
458
409
224
-3
-151
-238
-423
-535
-636
-606
-705
-720
-823
-919
-1046
-1073
-1047
-1113
-1096
-1143
-1240
-1361
-1428
-1397
-1349
-1428
-1361
-1371
-1376
-1204
-1232
-1254
-1183
-1120
-1185
-1220
-1148
-1167
-1183
-1158
-1122
-1083
-900
-802
-774
-611
-489
-326
-211
-123
-82
-13
-29
-96
-33
-8
59
150
218
269
350
411
387
483
501
528
633
727
750
820
734
770
873
932
938
915
975
927
993
1026
1031
905
911
825
754
797
747
639
558
517
459
465
449
418
259
362
227
77
-20
-268
-300
-541
-585
-670
-845
-996
-1021
-1073
-1138
-1225
-1197
-1155
-1189
-1147
-1268
-1238
-1309
-1383
-1358
-1351
-1336
-1343
-1415
-1450
-1503
-1597
-1448
-1572
-1567
-1353
-1236
-1173
-1088
-1097
-1142
-1239
-1291
-1296
-1238
-1152
-1003
-852
-720
-622
-555
-549
-353
-317
-283
-353
-422
-292
-291
-182
-45
72
144
340
406
497
508
447
413
480
372
382
473
494
464
528
610
580
508
325
328
340
376
439
392
495
473
410
423
459
466
621
620
599
611
456
427
401
342
469
446
545
524
507
571
436
411
415
294
126
129
30
-4
-63
-92
-169
-186
-101
-145
-267
-284
-338
-343
-355
-235
-311
-411
-465
-573
-659
-778
-736
-795
-784
-860
-861
-702
-613
-625
-526
-481
-447
-452
-408
-274
-271
-297
-189
-104
108
79
138
176
71
168
241
311
408
467
439
515
552
584
618
671
696
787
827
750
911
934
879
873
1014
1087
1118
1224
1270
1352
1381
1424
1413
1302
1335
1312
1349
1388
1417
1455
1466
1423
1364
1217
1140
958
816
755
863
760
623
636
437
417
320
233
280
165
78
14
13
42
-19
-76
-102
-78
9
123
121
318
319
218
228
125
99
91
-35
-107
-22
-4
-51
-98
8
98
71
89
96
67
37
-53
-112
-53
-134
-206
-130
-42
76
137
231
294
432
422
542
478
341
467
403
366
522
678
783
930
992
1008
1037
966
976
981
1027
1052
1129
1246
1282
1280
1156
1205
1023
914
937
923
814
768
687
667
685
645
711
795
905
801
602
538
500
418
349
286
186
1
-93
-117
-104
-127
-65
61
110
148
187
46
-91
-142
-197
-336
-426
-563
-649
-751
-816
-885
-993
-1132
-1327
-1291
-1240
-1204
-1205
-1265
-1426
-1612
-1643
-1744
-1797
-1774
-1803
-1717
-1712
-1599
-1443
-1330
-1174
-927
-819
-745
-594
-398
-474
-383
-256
-127
-16
-15
151
188
208
241
175
246
267
319
474
504
438
328
486
577
612
717
818
810
829
882
722
624
659
493
353
276
337
376
212
238
94
208
245
228
313
212
235
397
325
254
299
254
61
78
46
-32
-41
-148
-266
-385
-507
-725
-831
-983
-1039
-1140
-1207
-1463
-1627
-1606
-1869
-1789
-1893
-1876
-1791
-2012
-1987
-1988
-2028
-2120
-2081
-1894
-1903
-1864
-1660
-1684
-1585
-1447
-1224
-1158
-1070
-969
-965
-919
-940
-746
-841
-952
-1030
-1003
-903
-773
-690
-659
-643
-702
-730
-583
-648
-590
-470
-378
-336
-156
-67
103
258
200
299
507
533
595
723
736
973
975
1128
1150
1097
1117
1082
1208
1254
1368
1360
1284
1336
1288
1069
903
805
715
585
459
412
285
148
135
24
-126
-205
-289
-270
-439
-430
-457
-578
-593
-764
-847
-787
-847
-906
-822
-813
-822
-812
-870
-710
-621
-494
-451
-367
-224
-269
-272
-276
-177
-133
-171
-120
-204
-172
-247
-442
-388
-340
-366
-241
-203
-170
-4
-2
-19
11
79
144
319
363
547
638
793
803
822
909
900
951
901
922
886
996
1106
1059
1086
1107
1199
1158
1225
1203
1251
1274
1294
1381
1165
1374
1334
1151
1010
996
942
885
968
847
795
683
697
711
717
703
711
841
871
773
725
741
582
603
523
426
297
149
140
14
-74
-50
-112
-212
-305
-369
-456
-568
-527
-652
-672
-747
-803
-837
-991
-986
-914
-939
-904
-879
-898
-875
-937
-876
-775
-793
-727
-630
-686
-570
-626
-626
-498
-600
-362
-466
-420
-417
-365
-199
28
196
280
447
480
635
731
723
781
792
824
849
874
850
806
710
833
783
862
831
821
896
716
799
742
733
874
830
890
791
690
655
564
682
626
742
791
837
775
766
856
730
802
858
828
810
886
707
572
528
530
437
341
296
201
47
127
39
-102
-45
-177
-210
-246
-324
-325
-427
-442
-517
-637
-604
-623
-500
-566
-505
-566
-606
-513
-535
-667
-728
-846
-995
-996
-1136
-1080
-1025
-981
-958
-977
-899
-909
-999
-1056
-1069
-937
-864
-829
-821
-746
-800
-760
-701
-675
-683
-605
-502
-535
-564
-491
-450
-309
-271
-194
-92
73
227
211
299
384
493
523
513
581
492
420
498
468
432
473
538
579
516
470
333
271
267
128
111
62
14
-23
-83
-196
-154
-144
-132
-240
-189
-193
-271
-303
-358
-327
-286
-198
-346
-321
-274
-287
-312
-367
-371
-436
-465
-588
-667
-791
-964
-963
-1150
-1071
-1134
-1290
-1186
-1332
-1401
-1400
-1389
-1468
-1546
-1581
-1578
-1654
-1597
-1600
-1568
-1568
-1580
-1389
-1399
-1271
-1147
-1011
-1031
-932
-857
-819
-655
-635
-616
-546
-429
-336
-241
-133
56
215
221
191
272
287
177
295
418
447
610
658
735
769
881
788
800
890
910
959
980
899
821
817
746
651
656
759
616
599
512
508
527
521
410
380
379
294
351
468
361
167
119
177
-53
-52
-189
-363
-432
-423
-467
-604
-599
-650
-667
-703
-604
-596
-638
-630
-572
-479
-453
-248
-265
-265
-107
-216
-123
-227
-254
-335
-367
-434
-334
-294
-150
-146
-209
8
-103
-43
-48
80
44
79
65
22
-39
-34
-67
15
116
-77
43
50
95
200
188
264
338
329
472
573
626
707
805
807
837
802
918
1066
1006
1031
1088
1127
1132
1172
1107
1123
1112
1038
1087
1226
1191
1188
1206
1199
1276
1213
1230
1289
1231
1086
1147
1039
817
800
716
659
538
511
524
453
428
490
439
417
326
326
370
454
430
498
664
661
698
657
690
652
644
634
522
631
613
442
616
559
513
543
436
414
368
383
360
287
250
280
179
172
-49
13
-20
-19
-32
-209
-154
-276
-333
-267
-329
-233
-19
118
132
214
276
372
408
348
429
543
648
625
584
507
513
355
240
121
138
152
7
-19
36
-39
-109
-287
-310
-284
-271
-78
-111
-35
-64
-12
-33
7
-57
-29
83
-1
193
238
269
318
288
270
324
325
258
234
53
145
100
41
117
159
114
104
156
118
128
57
196
68
8
-41
-52
-38
19
-82
-88
-186
-176
-37
-54
90
152
115
150
203
141
145
178
248
226
301
352
299
285
302
287
314
269
209
7
-33
-172
-270
-343
-308
-292
-463
-497
-490
-544
-645
-635
-709
-736
-705
-637
-706
-800
-855
-813
-905
-964
-926
-903
-754
-745
-715
-769
-763
-823
-792
-800
-850
-736
-779
-869
-924
-714
-854
-882
-895
-1014
-961
-930
-953
-977
-889
-851
-809
-790
-658
-625
-763
-723
-610
-706
-663
-548
-585
-503
-551
-566
-665
-649
-504
-582
-486
-616
-535
-393
-396
-386
-193
-194
-43
6
3
8
62
115
75
175
37
-92
-173
-136
-112
-44
-85
-20
-35
-150
-72
-119
9
-2
-22
-10
39
168
142
129
148
185
149
214
248
232
260
246
215
324
418
408
452
411
414
382
465
368
265
212
243
182
104
60
-11
-67
-228
-86
-105
-104
-69
11
-14
9
-21
24
-44
109
183
319
313
302
186
180
204
75
196
-29
105
134
34
78
102
47
151
99
254
275
315
246
162
219
82
182
134
110
110
77
12
33
129
171
183
197
371
553
694
803
708
761
896
880
869
1046
1119
1107
1262
1237
1152
1068
1138
1040
1017
1031
909
875
708
858
846
710
837
845
813
718
668
575
588
549
440
587
536
611
643
586
693
654
529
494
339
337
166
97
105
188
162
123
240
270
364
411
412
485
468
463
430
377
313
211
138
75
106
63
22
-155
-296
-356
-469
-412
-454
-311
-217
-333
-184
-102
29
1
119
200
85
200
207
217
176
148
212
222
288
186
166
210
328
417
468
612
584
647
701
645
686
676
559
514
405
346
361
252
344
171
196
61
43
78
104
148
118
247
180
167
238
249
252
381
435
458
303
264
276
380
301
272
388
420
381
454
528
424
464
441
597
463
315
321
290
272
239
471
497
393
312
258
323
248
134
-42
-35
3
-31
-123
-29
-51
-166
-217
-208
-252
-346
-384
-503
-589
-557
-684
-671
-622
-612
-634
-646
-608
-577
-595
-531
-610
-714
-773
-831
-822
-936
-980
-962
-1033
-1080
-995
-1114
-1114
-1152
-1224
-1231
-1239
-1162
-1110
-1207
-1135
-1121
-1077
-916
-874
-853
-716
-677
-679
-569
-549
-469
-413
-446
-361
-279
-294
-360
-275
-383
-295
-350
-452
-473
-567
-566
-580
-627
-594
-605
-622
-625
-574
-508
-457
-362
-433
-414
-532
-710
-720
-683
-681
-642
-530
-504
-555
-532
-354
-302
-112
-140
-92
60
18
-136
-280
-190
-104
-87
-42
150
22
-20
48
-93
-95
-91
-82
9
-85
-142
-175
-156
-226
-214
-225
-220
-202
-231
-159
-297
-380
-462
-448
-505
-441
-318
-323
-280
-341
-243
-390
-249
-259
-248
-81
-193
-72
-130
-264
-280
-246
-285
-259
-318
-406
-341
-375
-405
-318
-242
-400
-337
-247
-231
-109
-94
83
125
151
106
188
138
211
343
340
348
273
220
266
340
354
373
440
490
440
538
493
417
423
444
488
565
510
618
602
626
662
616
479
457
404
348
376
312
292
315
417
436
513
484
489
458
272
325
248
175
256
289
246
203
272
260
254
219
255
261
102
-14
138
34
-68
-35
-147
-252
-150
-201
-208
-97
-178
-246
-297
-100
-156
-47
88
94
33
46
121
99
-29
0
52
59
28
111
105
155
207
130
103
192
228
269
109
-37
93
-89
-35
-137
-57
31
12
-36
8
98
-14
-92
-160
-71
-253
-356
-436
-490
-583
-545
-451
-480
-511
-420
-498
-390
-514
-596
-417
-388
-290
-243
-17
24
139
132
198
219
266
282
202
240
262
334
338
530
487
391
310
191
257
186
331
377
439
482
411
490
509
595
675
645
777
888
867
955
1001
910
939
896
958
1026
911
932
622
600
502
487
389
324
344
323
314
326
360
395
424
438
544
452
508
485
432
180
54
-133
-231
-314
-412
-591
-596
-740
-820
-912
-1015
-1122
-1161
-1060
-1173
-1144
-1307
-1304
-1335
-1286
-1223
-1177
-1266
-1363
-1427
-1467
-1492
-1516
-1381
-1433
-1330
-1287
-1326
-1394
-1224
-1292
-1341
-1292
-1342
-1322
-1249
-1125
-1169
-1159
-1185
-1130
-1122
-1109
-1210
-1267
-1323
-1211
-1201
-1086
-945
-814
-633
-455
-345
-142
-100
18
62
104
165
190
302
343
492
360
533
506
436
456
384
297
143
186
47
-14
45
89
88
-34
-130
-196
-217
-183
-115
69
3
15
-77
-84
-138
-241
-98
-163
-156
-176
-133
-99
-72
2
37
-15
-52
-107
-53
-35
-102
-176
-335
-272
-343
-397
-446
-554
-627
-633
-552
-497
-574
-677
-743
-856
-816
-680
-615
-483
-367
-350
-256
-137
-89
-52
6
38
-10
27
78
117
181
271
262
300
440
381
445
529
536
580
534
637
680
647
679
856
829
901
914
675
659
504
448
461
383
340
328
267
198
221
200
321
222
239
219
281
238
220
139
183
274
92
316
169
171
72
18
-25
-179
-143
-176
-222
-252
-183
-245
-232
-253
-339
-496
-538
-624
-631
-695
-698
-629
-731
-711
-674
-650
-627
-517
-456
-431
-538
-376
-383
-373
-268
-382
-468
-623
-650
-596
-598
-512
-416
-397
-327
-224
-159
-52
-46
-12
-11
114
26
58
138
101
141
141
111
28
104
111
106
151
11
1
36
-51
-51
-66
86
-90
-134
-109
-199
-249
-147
-92
-89
20
87
161
125
114
125
90
160
301
243
220
201
263
272
290
364
432
450
548
503
433
515
394
402
488
434
507
602
564
459
465
470
458
469
721
784
820
852
963
1006
904
864
743
567
543
573
682
827
731
770
823
775
801
850
818
760
858
783
834
758
643
551
328
322
185
149
183
120
143
215
218
191
272
424
400
364
304
271
172
67
61
169
261
304
397
333
154
75
124
97
97
128
214
214
138
83
77
62
-23
-109
-88
-141
-244
-286
-295
-329
-353
-328
-380
-357
-578
-570
-567
-552
-317
-342
-306
-76
-54
-1
27
-94
-144
-207
-216
-262
-314
-308
-334
-345
-307
-293
-278
-269
-305
-307
-328
-522
-342
-448
-341
-230
-419
-450
-422
-491
-607
-630
-759
-560
-623
-438
-413
-347
-285
-243
-257
-178
71
63
136
114
101
59
184
71
-30
-77
-102
-47
-153
40
87
10
28
54
130
5
59
55
11
31
73
130
183
342
218
398
461
559
686
733
786
581
633
514
404
555
542
532
531
522
510
440
552
417
333
366
126
47
-134
-122
-119
-123
-242
-244
-148
-222
21
60
48
-1
78
81
-112
-73
-181
-256
-322
-480
-440
-391
-352
-182
-115
34
-77
-108
-188
-350
-445
-486
-654
-648
-523
-505
-444
-458
-372
-400
-322
-457
-351
-377
-285
-358
-421
-575
-794
-798
-915
-816
-737
-671
-607
-445
-498
-274
-203
-121
-131
-97
-174
-325
-237
-410
-407
-374
-312
-255
-124
-31
-97
-74
-80
-62
-10
-58
46
-38
30
-4
-83
-6
-83
17
-18
-38
-99
-82
-144
-169
-154
-158
-116
-105
-28
57
53
39
13
76
61
120
200
146
64
153
192
86
101
-74
-111
-129
-264
-346
-221
-199
-244
-137
-181
-80
-91
-10
-92
-70
14
-85
-162
-105
-177
-312
-252
-156
-81
86
186
204
351
340
356
297
275
355
309
418
410
458
650
559
626
654
758
757
767
884
803
829
867
1032
1115
1125
1167
1066
1021
953
1131
1241
1289
1376
1496
1605
1581
1590
1537
1594
1592
1597
1575
1486
1548
1562
1529
1577
1552
1461
1496
1531
1460
1445
1435
1371
1310
1176
1145
1129
1092
1182
1133
1029
972
874
693
659
431
326
299
220
160
-52
-43
-59
-178
-125
-166
-186
-272
-214
-211
-233
-204
-142
-97
-124
-51
22
136
139
82
52
68
160
193
270
297
339
280
328
366
337
357
335
286
249
337
446
478
393
308
258
291
196
134
73
105
44
-84
-155
-90
-140
-85
-92
-105
-85
-217
-174
-112
-141
-179
-239
-310
-248
-167
-230
-339
-360
-334
-350
-216
-214
-119
-118
-106
-75
-121
-178
-198
-151
-378
-411
-426
-488
-391
-207
-259
-269
-71
-44
-44
-27
93
176
189
352
497
688
608
451
469
400
294
339
392
281
294
271
51
111
91
39
0
87
22
-77
-123
-156
-93
-122
-172
-216
-184
-187
-39
30
69
126
261
381
326
450
561
576
605
472
390
519
545
558
603
631
652
673
681
763
729
634
608
463
337
272
220
255
97
43
-30
-255
-170
-348
-327
-324
-464
-389
-403
-534
-575
-664
-715
-746
-823
-857
-905
-747
-846
-897
-972
-779
-938
-1006
-959
-978
-843
-879
-821
-776
-782
-728
-689
-706
-706
-731
-766
-730
-714
-688
-644
-616
-623
-750
-675
-710
-713
-783
-725
-739
-665
-631
-596
-495
-423
-338
-331
-390
-456
-651
-737
-599
-554
-554
-627
-388
-304
-230
-78
-9
23
6
64
39
-83
-110
-80
-132
-90
1
27
52
86
64
83
298
206
131
243
276
428
271
250
289
268
372
401
286
455
429
329
315
400
592
616
516
554
649
500
520
487
485
434
330
236
384
192
108
9
-70
-57
-74
-58
-222
-59
-1
17
152
67
8
40
56
2
81
183
191
386
190
250
312
250
197
159
286
206
186
139
169
180
259
335
421
392
436
436
332
442
444
523
504
482
516
551
506
393
429
320
306
426
448
476
429
485
507
389
355
331
272
383
392
418
473
437
690
764
788
683
693
708
751
856
867
978
974
1044
998
1045
1134
1275
1314
1412
1383
1282
1296
1151
959
823
870
781
549
500
409
533
559
415
445
479
521
350
389
199
40
168
102
-24
-103
-210
-299
-379
-358
-345
-274
-352
-435
-501
-591
-625
-671
-588
-472
-261
-324
-315
-291
-351
-372
-565
-575
-626
-647
-646
-661
-601
-574
-421
-439
-461
-426
-483
-545
-384
-296
-307
-324
-290
-334
-336
-265
-165
-104
-190
-206
-193
-33
-46
-72
-16
-24
89
-4
7
16
-160
-179
-201
-208
-236
-275
-201
-224
-221
-252
-277
-92
29
188
180
422
496
466
442
326
235
182
203
216
140
118
133
285
338
448
401
297
246
-9
-176
-357
-480
-464
-581
-603
-512
-416
-350
-393
-352
-384
-532
-721
-860
-980
-1017
-1062
-1015
-1078
-1018
-821
-639
-430
-410
-344
-221
-296
-266
-232
-225
-238
-376
-275
-318
-302
-556
-547
-406
-569
-485
-586
-715
-775
-819
-787
-733
-686
-507
-360
-360
-177
-178
-162
-314
-509
-572
-698
-973
-1185
-1164
-1147
-1037
-900
-624
-379
-385
-287
-213
-454
-435
-488
-526
-532
-624
-687
-669
-645
-636
-701
-817
-905
-1026
-1031
-1096
-1095
-1120
-980
-994
-884
-898
-949
-804
-771
-786
-770
-858
-912
-785
-734
-650
-694
-572
-620
-766
-760
-844
-813
-871
-958
-831
-828
-798
-784
-849
-880
-955
-833
-747
-642
-552
-478
-454
-471
-336
-269
-174
-85
-158
-171
-70
-135
-179
-162
-248
-273
-215
-79
-24
58
-50
67
104
-144
-99
74
195
277
225
143
188
267
236
293
421
379
309
235
153
0
123
206
243
311
186
302
403
323
404
363
422
298
281
79
-34
52
-14
47
15
70
151
320
406
572
396
334
297
236
122
85
139
-48
23
137
257
258
329
478
472
487
514
461
345
140
91
45
-30
-233
-228
-330
-576
-671
-839
-854
-904
-942
-712
-591
-460
-337
-311
-351
-247
-166
-193
-103
-196
-160
-113
-125
-148
-38
78
11
41
75
208
317
358
281
401
443
440
443
435
471
337
273
277
376
338
328
191
314
374
401
651
641
822
970
985
1034
848
793
748
729
704
666
604
561
547
501
452
509
565
528
499
505
382
284
218
150
133
221
226
164
169
97
-68
-133
-49
-30
-145
-179
-216
-171
-122
-89
-169
-129
-10
-148
-130
-189
-337
-347
-388
-451
-527
-655
-615
-569
-748
-766
-777
-690
-701
-593
-439
-483
-496
-525
-594
-609
-644
-753
-651
-666
-667
-621
-502
-497
-470
-262
-214
-96
-127
6
89
81
111
111
170
211
308
364
380
351
387
378
566
754
781
898
1010
1185
1244
1306
1133
1036
987
742
733
702
602
452
508
480
497
398
349
349
361
342
393
243
121
-104
-197
-132
-296
-264
-284
-406
-388
-471
-411
-336
-119
-43
8
84
-55
95
218
42
67
84
83
114
117
226
182
116
75
116
174
10
-78
-180
-254
-284
-228
-323
-156
-225
-303
-299
-516
-462
-403
-425
-538
-470
-438
-528
-452
-337
-413
-393
-328
-191
-258
-240
-181
-201
-233
-205
-397
-514
-405
-378
-119
-220
-190
-215
-372
-213
-261
-275
-300
-383
-437
-540
-574
-647
-721
-875
-786
-827
-870
-828
-704
-710
-566
-661
-725
-601
-546
-328
-455
-372
-260
-258
-196
-160
-221
-132
-164
-254
-266
-45
-155
-156
111
49
124
-5
-21
-48
-149
-112
-297
-350
-236
-348
-383
-362
-366
-358
-359
-274
-162
-220
-198
-158
-209
-114
-154
-152
112
111
131
153
188
385
188
203
340
328
244
316
302
115
82
153
50
19
-44
-66
-220
-401
-448
-539
-672
-797
-893
-848
-717
-844
-506
-334
-202
-424
-236
-202
-185
-229
-368
-175
-311
-262
-258
-156
-84
82
220
33
205
327
275
458
534
673
595
615
540
356
331
295
330
230
337
373
464
415
307
249
215
413
542
538
603
610
602
425
370
252
102
187
181
80
188
530
570
587
639
492
474
544
717
822
735
785
772
645
815
796
918
1019
1100
1183
1140
1168
902
909
820
785
808
711
554
547
557
477
499
539
496
517
511
487
381
288
283
192
173
192
127
146
133
-153
-212
-373
-323
-154
-152
4
114
68
-10
32
96
55
-51
224
133
-54
71
75
-65
10
200
57
243
140
271
290
266
326
197
226
275
340
355
486
373
418
492
455
500
466
398
374
357
514
566
672
717
820
785
673
629
571
509
493
464
477
421
410
409
251
207
355
503
590
560
627
600
668
682
712
841
820
993
1036
1082
979
1044
995
962
808
793
866
764
722
677
563
651
724
608
622
544
529
281
376
466
407
402
340
230
120
45
-52
-8
-154
-153
-83
-62
-126
-75
-17
38
21
-51
113
99
-83
-224
-300
-291
-239
-360
-290
-346
-321
-307
-420
-235
-474
-473
-403
-518
-423
-400
-275
-314
-292
-418
-407
-423
-590
-473
-621
-625
-623
-644
-600
-647
-565
-596
-554
-610
-591
-540
-597
-559
-546
-466
-270
-238
-278
-241
-274
-303
-362
-524
-485
-516
-803
-647
-674
-644
-684
-798
-792
-814
-812
-946
-848
-762
-671
-536
-442
-392
-253
-103
-19
27
33
-9
-162
-110
-93
-295
-331
-214
-196
-92
-67
-44
-90
-192
-241
-196
-271
-373
-303
-388
-262
-194
-276
-308
-359
-427
-537
-567
-538
-734
-810
-737
-748
-828
-831
-775
-719
-640
-601
-536
-472
-427
-549
-609
-632
-618
-564
-714
-746
-648
-709
-562
-472
-330
-274
-293
-446
-554
-627
-593
-445
-404
-383
-148
-118
-117
-69
-134
-180
-124
-123
-261
-221
-204
-167
-42
-98
-98
-17
93
165
147
288
206
119
291
199
169
176
216
297
463
442
366
335
442
526
530
565
521
550
573
586
510
637
649
667
690
670
706
724
621
642
773
773
825
773
850
899
817
886
795
596
760
753
733
763
778
779
987
1094
1089
1033
831
773
603
485
450
466
617
722
615
669
719
597
496
515
486
423
262
159
139
144
100
107
88
136
107
184
254
167
197
145
142
153
-12
-23
59
100
91
-89
23
9
-106
8
-8
-7
-40
0
0
0
0
0
0
0
0
0
0
0
0
0
0
0
0
0
0
0
0
0
0
0
0
0
0
0
0
0
0
0
0
0
0
0
0
1
0
0
0
0
-1
0
0
0
0
0
0
0
0
0
0
0
0
0
0
0
0
0
0
0
0
0
0
0
0
0
0
0
0
1
0
0
0
0
0
0
0
0
0
0
0
0
0
0
0
0
0
0
0
0
0
0
0
0
0
1
1
0
0
0
-1
1
1
0
0
0
0
0
0
0
0
0
0
0
1
0
0
0
0
0
0
0
0
0
0
0
0
0
0
0
0
0
0
0
0
0
0
0
0
0
0
0
0
0
0
0
1
0
1
0
0
0
0
0
0
1
0
0
1
-1
0
0
0
0
0
0
0
0
0
0
0
-1
0
-1
0
0
0
0
0
-1
0
0
0
0
0
0
0
0
0
0
0
0
0
0
0
-1
0
0
0
0
0
0
1
0
0
0
0
0
0
0
0
0
0
0
0
0
0
0
1
0
1
0
0
0
0
1
0
0
0
-1
0
0
0
0
0
0
0
0
0
0
0
0
0
0
0
0
0
0
0
0
0
0
0
0
0
0
0
0
0
0
0
0
0
0
0
0
0
0
0
0
0
0