0
0
0
0
0
0
0
0
0
0
0
0
0
0
0
0
0
0
0
0
0
0
0
0
0
0
0
0
0
0
0
0
0
0
0
0
1
0
0
0
0
-1
0
0
0
0
0
0
0
0
0
0
0
0
0
0
0
0
0
0
0
0
0
0
0
0
0
0
0
0
1
0
0
0
0
0
0
0
0
0
0
0
0
0
0
0
0
0
0
0
0
0
0
0
0
0
1
1
0
0
0
-1
1
1
0
0
0
0
0
0
0
0
0
0
0
1
0
0
0
0
0
0
0
0
0
0
0
0
0
0
0
0
0
0
0
0
0
0
0
0
0
0
0
0
0
0
0
1
0
1
0
0
0
0
0
0
1
0
0
1
-1
0
0
0
0
0
0
0
0
0
0
0
-1
0
-1
0
0
0
0
0
-1
0
0
0
0
0
0
0
0
0
0
0
0
0
0
0
-1
0
0
0
0
0
0
1
0
0
0
0
0
0
0
0
0
0
0
0
0
0
0
1
0
1
0
0
0
0
1
0
0
0
-1
0
0
0
0
0
0
0
0
0
0
0
0
0
0
0
0
0
0
0
0
0
0
0
0
0
0
0
0
0
0
0
0
0
0
0
0
0
0
0
0
0
0
-435
-474
-409
-402
-341
-443
-478
-345
-304
-208
-98
12
-40
-78
-89
-213
-265
-286
-337
-553
-576
-606
-718
-645
-696
-708
-573
-620
-511
-480
-404
-329
-461
-418
-521
-539
-467
-457
-518
-583
-614
-709
-725
-770
-711
-697
-748
-663
-600
-542
-549
-535
-525
-464
-381
-337
-188
-301
-322
-371
-345
-303
-257
-186
-102
-14
93
165
214
289
201
229
114
67
-21
-132
-177
-129
-193
-234
-223
-174
-157
-201
-96
-109
-99
-49
-158
-173
-77
-189
-82
-9
-36
-151
-40
-14
-114
19
-277
-257
-285
-409
-493
-446
-501
-517
-449
-429
-538
-578
-458
-503
-554
-552
-531
-739
-741
-727
-712
-815
-942
-1060
-1059
-973
-1062
-1070
-1162
-1181
-966
-1038
-984
-904
-934
-887
-927
-801
-685
-679
-483
-554
-705
-593
-652
-594
-604
-585
-679
-581
-556
-500
-496
-590
-602
-572
-560
-639
-548
-633
-517
-388
-323
-333
-270
-332
-215
-389
-353
-250
-312
-214
-327
-383
-327
-254
-338
-364
-470
-520
-452
-478
-478
-459
-382
-416
-330
-344
-410
-418
-394
-243
-254
-176
-210
-224
-345
-454
-422
-274
-213
-208
-209
-28
109
37
243
190
201
204
281
322
425
613
662
696
759
819
888
1012
866
835
946
901
975
1005
934
972
979
946
786
641
623
643
659
676
602
616
759
715
734
734
791
714
580
488
395
373
238
343
330
227
240
308
158
210
351
188
261
341
244
290
160
98
133
3
3
-68
-197
-234
-158
-137
-228
-126
-138
-210
16
-10
-79
5
32
66
247
327
337
315
298
332
378
433
442
306
318
344
281
312
341
393
506
648
543
549
490
614
608
726
778
827
902
857
750
648
668
626
571
334
293
406
500
484
529
451
403
432
274
210
116
129
119
80
71
102
69
-47
-151
-105
-103
30
-45
63
139
-1
-7
21
71
69
67
123
169
15
-131
-290
-255
-294
-159
-135
-95
-82
-93
3
-135
-49
-33
123
118
88
115
65
235
170
173
301
474
398
458
480
479
333
341
296
166
146
-8
4
-21
25
50
145
128
206
214
252
379
336
245
116
56
47
-23
-157
-20
-180
-266
-339
-411
-500
-653
-611
-732
-662
-619
-751
-785
-819
-797
-753
-671
-629
-617
-728
-799
-853
-896
-756
-768
-713
-696
-751
-785
-923
-935
-856
-951
-907
-988
-1047
-981
-918
-836
-929
-768
-726
-665
-737
-666
-533
-517
-545
-593
-603
-608
-513
-407
-308
-412
-260
-348
-348
-354
-382
-387
-413
-336
-435
-361
-444
-465
-346
-389
-448
-361
-259
-246
-241
-238
-153
-197
-225
-96
-206
-322
-202
-217
-205
-160
-23
-92
-230
-184
-303
-139
-239
-238
-277
-253
-67
-184
-185
-237
-169
-211
-249
-261
-313
-422
-276
-261
-226
-171
-203
-150
-189
-161
-182
-270
-353
-351
-454
-305
-269
-268
-155
-115
-137
-239
-205
-126
-200
-102
-118
-68
-78
-147
-14
-65
-71
-201
-338
-221
13
20
79
108
-138
-94
-58
-48
-86
41
110
96
179
117
78
66
-7
-59
-133
-60
-82
-133
-90
-220
-155
-216
-170
-203
-133
-138
-223
-228
-160
-107
-163
-22
-63
-7
101
103
12
15
97
169
-57
-13
19
63
112
241
270
212
210
130
81
-58
-45
-132
-152
-160
-375
-290
-220
-170
-45
18
-1
-12
20
-6
86
211
236
270
381
492
864
880
868
897
861
1013
1026
995
1030
927
850
730
661
578
626
521
526
617
595
619
573
522
414
432
447
362
173
170
141
146
269
345
249
235
154
111
237
115
179
156
195
189
74
140
233
327
437
460
495
489
240
224
173
72
130
28
-82
-273
-118
-203
-215
-123
-64
65
1
122
105
252
286
283
256
310
502
487
466
444
530
428
411
305
364
359
394
445
366
324
263
300
171
194
103
61
136
82
-91
-138
-110
50
29
-5
81
-26
-56
-117
-177
-158
-128
-97
-67
97
58
-82
-62
-52
27
-38
-29
-28
-162
-193
-145
-206
-221
-152
-366
-206
-381
-264
-324
-209
-97
-426
-224
-499
-344
-426
-401
-363
-368
-409
-330
-394
-498
-519
-595
-522
-589
-475
-432
-258
-303
-242
-277
-303
-229
-132
-68
-100
40
6
145
235
191
345
240
162
85
-51
111
242
337
416
355
342
133
38
113
-143
-261
-260
-381
-394
-362
-432
-545
-555
-570
-441
-516
-555
-488
-640
-658
-825
-788
-757
-467
-411
-353
-259
-271
-302
-318
-214
-364
-249
-315
-384
-482
-599
-611
-734
-641
-576
-569
-544
-569
-487
-350
-298
-145
-92
-30
-140
-97
-296
-339
-258
-193
-121
-171
66
39
141
154
147
180
-41
-85
-139
-238
-49
56
247
380
429
405
446
437
282
325
314
211
226
271
226
282
443
386
285
194
-29
-197
-251
-297
-353
-444
-312
-66
73
127
157
228
181
43
31
175
131
188
196
211
277
181
25
105
141
32
41
70
72
-38
-62
-184
-99
-305
-259
-96
-241
-173
-302
-277
-400
-388
-295
-349
-296
-312
-444
-241
-307
-390
-398
-382
-300
-348
-266
-302
-141
-51
-64
-50
-15
9
30
78
166
222
446
398
532
607
598
490
585
659
512
621
651
678
561
488
395
493
349
331
465
442
549
464
464
444
247
260
184
120
49
175
271
397
521
427
545
429
561
599
414
337
220
284
143
224
327
317
429
457
368
316
174
-32
30
-140
-132
-23
40
276
333
333
347
363
327
317
243
304
399
359
488
407
434
736
755
632
639
596
584
541
428
333
396
406
488
545
530
531
358
367
301
290
271
189
159
139
180
325
422
405
474
320
169
147
95
95
98
89
44
40
-132
-183
-66
-203
-131
-158
-258
-150
-187
-18
-89
-110
-62
-153
-186
-296
-308
-281
-289
-130
-157
-224
-230
-149
-215
-311
-290
-486
-542
-698
-579
-503
-466
-154
-90
103
142
177
170
153
228
188
212
296
263
144
264
259
331
386
405
446
469
458
414
381
544
551
548
641
611
527
424
403
258
218
213
246
164
26
-17
-45
-212
-111
-17
40
173
137
230
286
290
144
105
80
135
229
196
37
1
-55
26
-71
-76
36
70
117
20
38
-54
28
-30
-147
-17
-224
-118
-99
-82
-57
19
213
78
189
114
-7
22
3
-74
-55
42
-13
171
247
389
454
444
559
454
458
569
490
424
430
240
350
399
317
206
218
198
48
119
-82
-31
-27
30
75
29
205
207
191
260
164
7
31
89
157
111
76
48
-19
58
154
87
92
26
-5
-22
-64
-90
-111
-88
-169
-236
-341
-441
-593
-591
-723
-721
-665
-689
-690
-737
-883
-986
-1004
-892
-972
-1050
-984
-973
-869
-857
-771
-699
-581
-548
-545
-625
-669
-809
-768
-661
-702
-649
-608
-436
-418
-391
-310
-358
-309
-269
-383
-412
-460
-480
-536
-590
-521
-603
-645
-592
-622
-549
-534
-331
-301
-289
-251
-140
-198
-22
-136
-149
-122
-218
-171
-235
-27
-57
8
52
191
168
274
192
152
188
194
228
152
145
175
139
168
212
138
189
426
372
380
317
191
172
75
55
85
108
135
132
39
105
251
244
257
224
282
339
408
377
441
454
486
618
659
766
735
818
799
696
729
789
732
663
501
381
345
283
312
216
216
304
305
517
547
641
508
665
796
704
696
682
783
697
803
770
795
571
483
431
373
457
445
398
307
409
283
208
164
151
4
-23
-89
-191
-60
-114
-184
-298
-280
-329
-324
-278
-381
-256
-354
-350
-264
-331
-328
-372
-288
-332
-259
-192
-132
-83
28
73
197
245
379
537
544
471
450
452
436
403
132
251
133
215
253
208
349
243
153
164
120
177
104
83
131
89
143
228
257
290
247
110
149
105
-21
43
149
240
457
391
369
392
397
425
381
214
208
175
117
-28
-19
58
-101
89
127
163
284
166
286
142
119
113
201
105
42
204
16
-35
-11
-72
-61
6
18
-66
-218
-228
-107
-148
-159
-184
-152
-161
-199
-155
-257
-219
-219
-177
-162
-135
-46
-20
104
-17
112
239
264
326
258
296
171
172
73
82
184
130
-66
-67
69
-123
14
-114
-153
-15
-27
-39
-39
26
-134
-158
-131
-206
-73
-212
-267
-311
-307
-455
-558
-571
-628
-675
-777
-737
-665
-625
-700
-750
-806
-743
-964
-1107
-849
-933
-944
-981
-1043
-873
-851
-797
-728
-778
-751
-691
-762
-742
-740
-748
-722
-613
-608
-818
-735
-500
-432
-291
-365
-303
-255
-354
-303
-349
-399
-467
-509
-448
-441
-578
-577
-589
-729
-770
-754
-808
-849
-873
-930
-957
-887
-897
-801
-830
-906
-865
-784
-880
-834
-900
-931
-943
-1100
-1028
-970
-880
-796
-685
-585
-574
-742
-642
-452
-472
-268
-298
-376
-260
-231
-250
-175
-218
-203
-251
-290
-316
-388
-408
-431
-517
-564
-503
-612
-489
-423
-311
-150
-193
-187
-246
-317
-200
-175
-121
28
154
201
294
418
606
594
545
571
544
495
493
647
773
556
638
650
668
618
565
459
430
456
309
294
243
304
253
299
213
397
340
252
288
234
232
181
146
75
135
105
285
306
352
450
543
592
570
542
615
444
460
500
323
462
359
211
178
101
-105
-13
-186
-69
-125
-187
-146
-135
-26
-145
-190
-258
-253
-78
-131
-238
-149
-280
-357
-354
-338
-259
-114
-273
-331
-294
-159
-62
-83
21
-4
-68
-80
-84
-168
-122
-73
-92
-153
-219
-365
-596
-484
-517
-712
-667
-684
-651
-575
-574
-629
-599
-599
-514
-604
-565
-521
-645
-567
-438
-347
-292
-150
22
79
114
224
179
179
148
22
127
176
276
238
308
391
438
393
462
586
522
636
731
696
800
854
954
837
899
1018
902
805
1024
927
1057
1063
1036
1046
810
955
867
731
634
633
579
658
698
748
605
470
651
706
806
931
885
801
788
659
571
618
547
461
588
494
455
493
503
432
310
380
368
285
384
433
416
389
305
394
474
513
528
343
242
437
306
250
382
351
358
320
307
291
315
264
222
270
136
294
395
343
96
108
63
7
9
-41
28
-25
26
-22
90
22
73
17
-33
30
71
-76
-30
19
-18
46
104
98
32
48
90
126
69
-64
17
19
-10
-53
-106
-66
-218
-176
-300
-307
-167
-184
-169
-284
-195
-291
-414
-531
-632
-834
-734
-765
-773
-633
-842
-869
-881
-952
-1071
-971
-859
-781
-791
-828
-814
-843
-816
-795
-969
-982
-804
-836
-870
-876
-786
-730
-694
-592
-566
-511
-400
-414
-419
-412
-545
-544
-473
-483
-330
-242
-275
-297
-263
-248
-280
-161
82
87
177
106
24
79
21
-53
-180
-222
-167
-212
-358
-319
-376
-341
-248
-304
-264
-352
-321
-426
-487
-417
-465
-390
-405
-400
-498
-465
-385
-312
-269
-196
-84
15
25
24
56
93
52
81
16
72
200
332
536
630
757
743
765
562
469
447
276
256
325
364
420
554
537
621
624
461
400
402
299
187
323
245
224
292
229
201
206
224
240
220
162
229
196
271
193
24
69
89
-25
50
141
127
115
205
139
77
215
160
102
82
-19
-44
-24
-111
-270
-367
-352
-435
-431
-291
-403
-383
-308
-202
-201
-322
-193
-288
-427
-359
-409
-481
-438
-486
-510
-362
-331
-215
-50
-6
0
-39
15
90
113
107
221
80
39
104
166
140
170
69
-47
-68
-254
-213
-142
35
102
240
346
349
448
419
491
367
418
392
335
425
506
597
690
693
701
802
805
920
1016
1084
1228
1242
1170
1110
1029
1016
979
992
912
848
920
868
780
817
725
621
470
379
416
357
363
461
549
598
618
793
988
1015
1166
1245
1175
1296
1156
1236
1235
1212
1108
1159
1156
1049
1080
938
891
775
843
855
877
684
555
643
663
733
591
433
396
312
238
198
215
142
156
118
75
34
-47
-93
-134
-380
-304
-311
-335
-268
-280
-135
-155
-209
-174
-176
-32
46
169
206
216
192
41
42
139
115
139
150
282
164
49
140
199
224
-45
-42
-5
-130
-10
-104
-281
-241
-332
-348
-422
-360
-292
-249
-160
-302
-352
-366
-362
-355
-294
-373
-310
-363
-314
-303
-245
-269
-204
-335
-458
-459
-599
-638
-632
-537
-538
-447
-514
-550
-547
-672
-914
-884
-1026
-1036
-995
-903
-851
-728
-789
-667
-459
-313
-263
-303
-237
-276
-232
-159
-73
-39
-83
13
43
56
84
-67
-167
-302
-289
-395
-300
-304
-419
-401
-400
-359
-272
-262
-325
-326
-278
-343
-431
-481
-490
-450
-448
-311
-196
-38
-160
-77
34
-9
51
228
273
234
314
167
186
288
219
179
285
312
436
385
387
478
516
477
405
418
217
132
127
-47
61
12
-23
-49
-208
-200
-224
-248
-257
-234
-118
-106
-196
-130
-118
-94
-51
-262
-97
-64
-36
-31
2
-4
28
-56
-55
-65
-237
-227
-202
-200
-260
-184
-228
-347
-210
-172
-301
-229
-239
-284
-155
-84
-129
-147
-247
-293
-322
-474
-484
-484
-489
-423
-334
-246
-190
-197
-270
-356
-285
-422
-556
-455
-549
-515
-443
-593
-531
-420
-501
-491
-489
-540
-566
-502
-541
-508
-475
-468
-472
-465
-420
-394
-404
-291
-284
-303
-224
-162
-221
-231
-273
-191
-148
-90
-28
-75
-42
4
135
130
161
184
216
381
197
208
139
218
251
178
264
325
484
384
327
303
262
307
320
387
423
450
498
502
574
559
408
390
357
278
299
240
294
253
321
431
400
367
454
605
469
479
564
641
613
631
605
495
512
509
579
588
517
405
426
559
502
472
530
509
467
352
320
271
295
268
185
336
300
348
473
426
483
541
456
479
502
430
437
410
405
428
376
414
413
515
595
608
623
676
633
618
533
659
746
727
648
694
668
713
729
690
755
703
634
712
756
648
603
373
456
373
362
295
206
303
210
169
235
199
64
122
67
33
34
110
119
74
74
-1
-111
-111
-136
-165
-80
-205
-264
-218
-288
-282
-369
-416
-443
-707
-671
-766
-798
-840
-906
-820
-877
-843
-869
-887
-766
-737
-613
-596
-612
-534
-453
-487
-430
-560
-561
-487
-525
-427
-585
-498
-514
-602
-594
-741
-626
-522
-504
-413
-349
-267
-229
-234
-178
-223
-235
-77
-110
-54
-118
-215
-294
-443
-492
-569
-559
-577
-583
-398
-417
-530
-570
-571
-597
-708
-703
-780
-572
-641
-564
-529
-747
-613
-688
-682
-614
-713
-703
-726
-848
-765
-860
-847
-760
-844
-779
-887
-791
-794
-710
-690
-590
-604
-675
-652
-577
-496
-440
-401
-425
-460
-562
-412
-365
-203
-70
-35
10
155
315
298
393
454
438
507
510
456
495
486
482
461
484
451
302
375
302
161
80
56
176
-41
-55
-41
-64
-165
-176
-161
-74
-82
-118
-30
-163
-207
-372
-449
-446
-392
-471
-349
-225
-77
-90
-172
-140
-167
-92
-262
-148
-140
-354
-380
-380
-594
-632
-764
-617
-632
-806
-620
-697
-641
-556
-480
-289
-313
-373
-348
-448
-507
-434
-339
-313
-431
-390
-380
-375
-433
-500
-565
-591
-601
-542
-743
-747
-896
-1072
-1070
-963
-900
-847
-682
-698
-490
-458
-321
-395
-458
-206
-312
-251
-301
-247
-148
-221
-141
-43
-99
-108
77
195
237
235
313
397
450
456
527
646
674
606
587
544
443
521
473
470
451
363
448
498
404
408
355
383
431
520
605
630
641
564
601
615
692
733
820
783
816
830
827
913
889
847
885
768
735
804
722
751
846
844
780
721
804
639
513
522
351
468
410
406
448
335
308
224
104
114
276
433
624
698
853
913
882
773
659
679
531
476
427
368
358
244
188
230
133
84
151
81
35
-20
-19
56
-92
60
69
-70
73
-118
-167
-239
-269
-128
-217
-216
-295
-291
-96
-152
-79
-50
26
61
224
317
408
493
481
559
576
497
470
460
394
572
530
580
590
537
626
445
556
538
629
499
385
180
93
141
13
-74
-163
-108
-289
-341
-351
-280
-267
-290
-342
-177
-172
-171
-208
-350
-339
-335
-275
-305
-198
-148
-167
-207
-195
-180
-267
-336
-467
-511
-649
-832
-910
-977
-999
-918
-790
-721
-593
-343
-259
-215
-153
-325
-401
-355
-407
-248
-114
36
222
262
187
-162
-127
-310
-406
-244
-275
-91
19
246
331
375
450
413
415
450
508
507
480
483
435
435
291
162
142
49
82
-11
141
170
177
329
236
255
359
335
247
383
231
247
394
316
468
382
505
564
464
347
99
30
-136
-234
-190
-171
-266
-350
-338
-479
-609
-570
-654
-703
-679
-617
-639
-542
-620
-584
-580
-663
-699
-637
-691
-615
-472
-408
-223
-255
-208
-82
-58
-98
-42
45
-63
-101
-98
-88
-2
163
239
364
595
757
641
586
597
478
483
467
351
297
186
73
-97
-124
-46
-122
-115
-263
-160
-282
-494
-470
-606
-468
-460
-484
-416
-232
-95
-99
-37
-94
-39
-78
-42
-139
-219
-49
-50
-85
-141
-227
-353
-369
-372
-371
-345
-381
-291
-239
-251
-314
-370
-487
-427
-421
-430
-345
-250
-145
-129
-42
-85
-53
-33
73
6
-34
15
-80
-16
82
29
16
113
-21
-16
54
-24
135
36
34
271
132
191
184
23
150
337
337
323
473
449
356
257
217
192
77
73
222
267
262
478
422
377
425
277
294
353
297
361
502
552
626
607
624
606
569
631
500
515
608
624
584
648
643
583
424
543
573
575
509
480
407
258
245
195
266
165
231
271
332
228
256
415
411
341
375
430
478
491
478
465
417
494
487
454
372
300
161
93
-17
80
63
88
290
353
354
328
418
45
65
273
-94
-108
-159
-190
-176
-147
-176
-223
-177
-142
-110
-60
-141
-134
93
50
55
-39
6
-59
-19
67
131
95
251
407
380
415
618
597
480
495
409
384
227
219
110
76
-21
-25
-116
-145
-118
-131
-38
-95
-79
-84
-204
-283
-352
-466
-405
-395
-291
-66
-100
-91
41
96
89
-18
-10
-103
41
22
-35
4
-183
-130
-161
-199
-162
-210
-382
-248
-215
-386
-367
-262
-359
-261
-159
-329
-322
-246
-274
-281
-391
-386
-376
-519
-462
-299
-231
-263
-125
-114
-78
-27
152
-11
19
-56
-122
-68
-135
29
-104
-81
-34
174
124
36
-2
-9
4
-97
-151
-228
-148
-110
-163
-180
-195
-192
-51
-56
0
-8
74
62
-54
198
420
333
297
175
228
163
130
338
233
191
185
88
14
74
158
135
99
-40
-55
-102
-200
-296
-294
-257
-436
-413
-424
-518
-508
-546
-551
-524
-501
-434
-256
-80
-56
-38
56
66
69
-18
-107
-24
31
44
48
-25
117
199
104
230
323
345
283
364
434
359
181
344
432
349
350
365
352
357
368
241
265
196
122
219
185
189
120
153
218
186
320
304
247
306
270
222
257
219
127
140
183
185
163
155
241
344
202
47
8
-80
-95
-210
-179
-241
-467
-337
-425
-520
-555
-612
-556
-658
-625
-528
-497
-406
-434
-512
-368
-494
-565
-584
-861
-762
-669
-596
-524
-396
-165
-11
-80
-81
-93
-143
-96
-64
-189
-447
-196
-177
-207
-46
-101
-47
-40
-68
-249
-136
-168
-184
-207
-271
-307
-311
-337
-291
-64
-155
23
26
75
237
132
118
128
131
150
186
229
186
238
128
119
66
90
56
45
236
226
169
193
240
194
58
43
147
0
73
61
57
193
235
381
397
403
564
687
726
766
759
793
583
535
385
422
412
243
344
324
333
393
442
225
374
218
135
322
298
372
213
374
206
119
164
87
210
180
257
306
381
331
336
254
284
176
188
15
-129
-137
-193
-194
-316
-185
-173
-109
-9
112
166
166
259
343
230
191
202
228
252
252
166
88
34
-169
-313
-408
-330
-398
-305
-419
-431
-293
-261
-230
-227
-207
-146
-116
-175
-106
-85
-99
34
18
-36
-33
100
117
164
202
319
317
338
302
223
368
199
156
297
376
352
324
307
379
182
175
185
115
106
16
75
97
-35
-27
-31
-73
-112
-191
-167
-259
-283
-432
-392
-388
-361
-196
-63
-129
70
45
10
88
103
304
427
549
609
621
498
512
459
415
562
626
633
605
560
380
415
416
412
324
180
113
42
6
-136
-93
-102
-86
-77
-187
-236
-185
-328
-337
-322
-224
-89
-152
-227
-173
-215
-225
-198
-187
-169
-143
-229
-185
-177
-161
-190
-202
-318
-448
-326
-484
-675
-514
-650
-956
-906
-1113
-1136
-1245
-1250
-1105
-1078
-982
-913
-747
-796
-675
-674
-629
-673
-675
-731
-873
-722
-638
-648
-708
-668
-760
-670
-499
-515
-479
-331
-299
-280
-108
39
63
-85
109
-61
-139
-144
-230
-189
-380
-441
-403
-595
-408
-376
-420
-369
-454
-377
-373
-296
-305
-173
-149
-202
-62
147
58
126
282
355
539
620
747
669
705
689
802
772
632
641
639
567
591
488
436
471
437
344
297
232
223
225
166
83
-63
-182
-158
-292
-347
-323
-493
-599
-714
-623
-712
-777
-817
-712
-680
-747
-695
-726
-822
-850
-970
-990
-995
-1008
-997
-1131
-1128
-1263
-1251
-1372
-1452
-1455
-1606
-1657
-1615
-1629
-1663
-1627
-1676
-1547
-1649
-1656
-1519
-1623
-1594
-1576
-1449
-1606
-1514
-1341
-1186
-844
-633
-555
-384
-235
-271
8
245
533
682
860
1151
1308
1469
1570
1703
1802
1924
1968
1959
1954
1961
2137
2129
2049
2167
2238
2080
2255
2421
2493
2543
2709
2696
2807
2872
2706
2621
2475
2303
2236
1987
1851
1746
1609
1445
1351
1340
1277
1286
1239
1313
1141
1103
870
696
440
236
-76
-270
-456
-830
-992
-1193
-1471
-1698
-1763
-2065
-2144
-2217
-2384
-2669
-2848
-2900
-3011
-3190
-3466
-3631
-3871
-4074
-4360
-4591
-4697
-4852
-5062
-5240
-5497
-5549
-5822
-5852
-6097
-6272
-6389
-6363
-5790
-5166
-4425
-3381
-2459
-1378
-34
1286
2838
3967
4899
5412
5966
6280
6883
7611
8269
8936
9241
9417
9172
8679
7854
7091
6015
4981
3833
2606
1540
678
-1
-736
-1261
-1710
-1891
-2063
-2062
-1940
-1553
-1133
-562
192
1003
1923
2545
3135
3455
3548
3731
3632
3481
3242
3098
3119
3079
3002
3043
2867
2421
1768
1223
642
-52
-834
-1403
-1928
-2261
-2139
-1738
-1127
-687
-164
491
895
1122
1269
1311
1442
1383
1391
1334
1462
1591
1707
1737
1518
1127
710
368
-53
-569
-1171
-1836
-2314
-3031
-3598
-4376
-4990
-5492
-5974
-6255
-6499
-6544
-6671
-6623
-6590
-6342
-6105
-6116
-6341
-6468
-6853
-7344
-7973
-8567
-9072
-9603
-9885
-9004
-7319
-5788
-5162
-4121
-2458
-629
1051
2569
4150
4522
4344
4370
5318
6372
6974
7946
9373
10413
10451
10085
9509
8829
7628
6393
5244
3671
1733
32
-1266
-2211
-3182
-3885
-4277
-4366
-3989
-3492
-2970
-2415
-1147
516
2111
3256
4338
5082
5502
5724
5870
5828
5303
4824
4744
4936
5170
4962
4676
4255
3501
2520
1201
-155
-1919
-3446
-4791
-5841
-6371
-6168
-5813
-4996
-3897
-2769
-1639
-915
-76
939
1715
2204
2587
2965
3498
4154
4679
5217
5391
5388
5242
4884
4619
3963
3172
2300
1559
658
-414
-1452
-2433
-3270
-3801
-4407
-4979
-5219
-5391
-5125
-4661
-3963
-3162
-2715
-2415
-1950
-1560
-1365
-1248
-1089
-1105
-1123
-1283
-1292
-1380
-1499
-1746
-2463
-3119
-4211
-5850
-7543
-9136
-10752
-12465
-14126
-15098
-15173
-14223
-12386
-10598
-9121
-6868
-3922
-874
1976
4515
6491
7526
8248
9039
10189
11053
11746
12505
13281
13542
12886
11765
10252
8535
6304
4177
1739
-970
-3974
-6569
-8676
-10223
-11369
-11946
-11944
-11337
-9880
-8252
-6229
-3870
-1053
1695
4239
6355
8231
9444
10084
10440
10510
10080
9316
8499
8008
7738
7333
6410
5260
3834
1978
73
-1800
-3752
-5780
-7239
-8157
-8455
-8116
-7322
-5705
-3857
-1803
259
2175
3698
4961
6081
6835
7348
7738
7825
7640
7318
6895
6246
5696
4680
3525
2531
1100
-261
-1487
-2501
-3475
-4552
-5677
-6458
-7044
-7300
-7003
-6533
-5981
-5259
-4055
-2617
-938
493
1555
2303
2586
2666
2447
2111
1350
351
-576
-1409
-2309
-3220
-3997
-4845
-6156
-7792
-9382
-11275
-13270
-15163
-16817
-17575
-17716
-16858
-14381
-11317
-8758
-5670
-1610
2693
6480
9507
11972
13503
14063
13693
14213
14818
15017
14895
14778
14465
13098
11358
9408
7363
4510
1650
-1198
-3929
-6637
-8908
-10560
-11726
-11976
-11578
-10044
-7899
-5260
-2290
794
3969
7357
10723
13636
15882
17053
17812
17679
16644
15298
13648
11740
9570
7704
6176
4710
2900
939
-1043
-2872
-4864
-7068
-8949
-10106
-10589
-10685
-10112
-8535
-5982
-3086
-115
2894
5825
8076
9431
10346
11085
10955
10118
9017
7909
6786
5377
3844
2002
412
-1204
-3078
-4550
-5791
-6999
-8203
-9527
-10157
-10213
-10182
-10158
-9872
-9093
-7809
-6546
-5055
-2937
-853
675
2105
3324
4251
4567
3885
2978
1899
343
-1435
-3051
-4336
-5497
-6540
-7559
-8337
-8946
-9923
-11227
-12331
-13638
-15269
-16795
-17688
-17855
-17399
-15614
-12191
-7925
-4325
-601
4099
9231
13356
16101
17815
18486
17914
16116
14836
14165
13561
13108
12805
12416
11093
9293
7393
5259
2377
-691
-4026
-7133
-10224
-12120
-13087
-13402
-12308
-10508
-7443
-4044
-243
3412
6745
9542
12084
14197
15222
15348
14671
13418
11435
9307
7000
4590
2280
260
-1097
-2250
-3322
-4694
-6237
-7520
-8948
-10306
-11341
-11707
-11723
-10981
-9209
-6660
-3401
406
4090
7537
10274
11834
12247
11686
9964
7889
5547
2877
-112
-2673
-4442
-5723
-6516
-7042
-7206
-7020
-6785
-6681
-6421
-6137
-5815
-5253
-4770
-4014
-2865
-1392
-220
949
1885
2747
3319
3475
3576
3335
2374
912
-645
-2513
-4627
-6793
-8653
-10178
-11500
-12543
-12876
-12794
-12570
-12296
-11295
-10197
-9328
-8702
-8402
-8324
-8803
-9404
-9196
-8811
-8043
-5518
-1722
1323
3274
6640
11067
14825
16414
16712
16455
14794
11523
8652
6965
6285
6099
6739
7965
8686
8498
7498
6141
4014
907
-2143
-5134
-7901
-10082
-10941
-10388
-8544
-5313
-1344
2818
6754
10413
12987
14340
14652
14393
13345
11133
8848
6694
4609
2920
1754
1026
468
-122
-543
-661
-641
-800
-1639
-2790
-3707
-4122
-4396
-4001
-2715
-1201
909
3731
6623
9891
12579
14441
15098
14760
13309
11059
8313
5353
2823
631
-1610
-3735
-5220
-5778
-5847
-5839
-5905
-5530
-5207
-4948
-4155
-3114
-2041
-870
247
1565
2828
3796
4194
4271
3544
2784
2050
658
-756
-1757
-2866
-3956
-4892
-5873
-6676
-7858
-9175
-10139
-10648
-11350
-11838
-11677
-11095
-10363
-9483
-7998
-6715
-6283
-5912
-5594
-6522
-8475
-10522
-11229
-11336
-10231
-7340
-3877
-1348
1556
6286
11006
13809
14487
14192
12577
9517
5983
3795
3073
3517
4994
7266
8901
9368
9276
8184
6068
2281
-1795
-5805
-9531
-12491
-13906
-13493
-11635
-8041
-3425
1659
6369
10367
12827
13704
13015
11709
9909
7352
4679
2609
917
-235
-655
-881
-762
-942
-1407
-1856
-2325
-3070
-3941
-4861
-5104
-4426
-3023
-1377
868
3431
5932
8867
11203
12680
13282
13282
12430
10460
7928
5184
2661
593
-1101
-2106
-3157
-4285
-5235
-5740
-6073
-6993
-7867
-7966
-7620
-6405
-4399
-2117
532
3291
5847
7685
8105
8435
7765
5683
2746
135
-2231
-4239
-5954
-6626
-6540
-6198
-6225
-6482
-6450
-7586
-9016
-10631
-11850
-12228
-12136
-11684
-10209
-8163
-5599
-3100
-1030
76
304
-348
-2411
-5658
-8776
-12052
-14103
-15205
-13714
-8910
-3859
-1135
2826
9073
14459
16816
16708
15372
12777
8616
4161
2034
2034
3759
6984
11353
14820
15805
14759
12385
8418
2524
-3965
-9602
-14321
-17165
-17163
-15303
-11429
-5034
1870
8022
12703
15918
16889
15131
11837
8810
6110
3358
1295
1166
1957
3082
4304
5028
5112
3520
396
-2715
-5526
-8279
-10685
-11749
-10492
-7310
-3220
559
4664
8819
11594
12371
12022
10897
9187
6353
3909
2308
1300
105
-594
-13
1073
793
-588
-2757
-5306
-7447
-9436
-11016
-11700
-10748
-8034
-4409
-287
4059
8035
10121
10433
9767
7665
4390
676
-2602
-5324
-6812
-7407
-6608
-5229
-3962
-2936
-2455
-3455
-5346
-7601
-10415
-13031
-14477
-14718
-13061
-10421
-7313
-3702
-574
1584
2864
2808
599
-2520
-6145
-10233
-14311
-17265
-18711
-18434
-17199
-12499
-5094
903
2609
5459
10643
14455
14532
13012
11723
9821
6923
4279
4686
6488
9729
13487
16832
17833
15493
11113
5582
-521
-7677
-13264
-17033
-19174
-18714
-15157
-10606
-5155
1619
7351
11309
13325
14230
12757
9339
5874
3432
2058
1167
1619
3163
4541
5077
5013
3633
1207
-2370
-6627
-9839
-11604
-12043
-11607
-9341
-4759
513
5156
8529
10912
12165
11670
10431
8454
6520
5264
4000
3499
4328
4820
4469
4029
3436
2527
-159
-3791
-7395
-9867
-11010
-10799
-9620
-7185
-3800
119
3874
7242
9459
9966
9313
7510
4932
2181
-71
-1653
-3049
-4001
-4026
-3670
-3282
-3687
-4658
-5532
-6382
-8136
-9601
-10327
-10436
-9980
-8754
-6532
-4145
-2111
-734
308
399
-637
-2043
-3870
-6311
-8359
-10182
-12040
-14219
-16063
-15951
-14830
-11105
-5028
181
1470
4691
10694
15738
17689
18047
17563
15773
12359
8812
8102
8499
10586
14125
17860
18674
16310
12366
7085
466
-6861
-12682
-16555
-18529
-18347
-15048
-10000
-3427
3847
9997
13948
16128
16901
15343
11830
7859
5481
4249
3309
3410
5261
6708
6861
6310
4935
2381
-1867
-6377
-9035
-10342
-10462
-8973
-6464
-2704
2455
7100
9929
11245
11632
10736
8339
5754
3981
3096
2920
2469
2431
3185
2995
2255
1028
-850
-2797
-4492
-6974
-8611
-9107
-8687
-7034
-4353
-1731
1118
3581
5235
6875
7659
6664
5235
3432
985
-794
-1968
-3612
-4974
-6548
-7870
-8411
-9155
-10263
-10637
-11323
-11975
-11592
-11600
-10884
-9917
-9183
-8006
-6264
-5472
-4862
-3937
-4758
-6541
-7489
-8660
-11043
-13769
-15699
-17270
-19279
-20799
-18793
-12257
-4527
570
2456
7147
13664
17278
17012
16361
14909
11206
6140
2577
2625
4660
7611
11964
16512
17528
14426
9837
4003
-2981
-9644
-14507
-17667
-18334
-15789
-10882
-5732
1287
8830
14057
15442
15268
14528
11733
7182
3152
1482
1160
1078
1458
2958
4081
3129
874
-1695
-4822
-9096
-12609
-13193
-12037
-9805
-6722
-2717
1181
4941
7972
9831
9997
9365
8093
6270
4741
4899
5163
5182
5634
5684
4333
1804
-433
-1944
-3298
-5745
-6766
-6143
-4806
-3798
-2452
-684
936
1518
1688
2343
3351
3859
4375
4832
4903
4650
3410
1711
843
340
-1735
-4476
-7069
-9088
-10141
-10126
-9202
-8125
-7495
-6704
-5462
-4615
-4711
-4885
-4815
-4596
-4125
-3616
-3111
-2842
-3978
-5337
-6702
-9029
-11600
-14290
-16599
-18293
-18498
-17453
-11698
-2314
5874
8695
12983
19656
23999
23906
21236
18446
14487
9018
3997
3235
5138
8516
12309
16200
16722
13509
8420
2016
-4948
-10933
-14224
-15626
-15031
-11547
-5649
-473
4892
11203
15238
15690
14139
12825
10791
7497
4035
2832
3666
4044
3958
3907
3220
799
-2560
-5503
-7690
-10507
-12453
-11768
-9459
-6220
-2054
1397
3523
5721
7560
7955
7781
8206
8171
7331
7229
8420
9103
8826
7516
5537
2764
-68
-3224
-6262
-7518
-7658
-6035
-3818
-1678
-860
-761
-564
-57
-271
-1543
-2429
-541
2417
4479
6183
7558
8558
7300
4186
1103
-1797
-5552
-9335
-11542
-11815
-11398
-10176
-8067
-5741
-4681
-5619
-7099
-7378
-7640
-8302
-8750
-7966
-6605
-5506
-4497
-4236
-5646
-7839
-10085
-13404
-17618
-20080
-20960
-20937
-20051
-13921
-2527
7360
9536
11909
18658
22420
20266
16127
14515
12142
7450
3080
3618
5826
8151
11007
14423
14527
9525
3039
-2706
-8138
-13151
-14704
-12938
-9508
-5110
73
3515
7335
11775
14151
13595
12022
11163
10261
8574
6810
6522
5904
4293
2495
1129
-1192
-5021
-9213
-11308
-10847
-9940
-9362
-7057
-3453
-696
290
1131
1735
1216
276
734
2342
4276
6454
8197
10009
12315
13750
12259
8769
5791
3163
-869
-4014
-4976
-5115
-4969
-3148
-657
1336
2602
2576
1441
448
-171
-454
-404
403
2731
5645
7278
7329
6891
5224
2300
-1802
-5442
-7321
-8487
-9538
-9211
-8308
-7667
-6507
-6284
-6675
-6852
-7131
-7913
-7835
-6769
-5839
-4835
-4381
-4268
-4111
-4847
-7491
-10968
-13789
-16575
-19097
-20462
-19436
-18404
-14209
-5029
5329
9472
11160
15840
19979
21440
19214
16303
13423
11021
8127
7570
8482
9460
10702
11569
11558
8236
2618
-3985
-9129
-12327
-11774
-8944
-5739
-1553
3596
6664
8005
10677
12491
11693
10800
11586
12130
10625
9076
9324
8857
5830
2527
-430
-4188
-7930
-10627
-11802
-12441
-11935
-10102
-6320
-1944
2417
4465
3779
2237
1489
295
-788
17
2154
4081
5510
7229
8773
9697
9187
7204
4470
2480
354
-2220
-4597
-4651
-4029
-3395
-3297
-3637
-3219
-1884
-1346
-924
-610
-421
1170
2086
2143
3152
4425
4313
2844
931
-329
-1823
-4691
-6933
-6810
-6964
-8821
-10588
-10988
-10381
-9987
-10648
-10820
-9791
-9420
-9621
-9307
-8196
-7975
-9067
-9983
-10360
-12478
-14850
-15326
-16340
-17974
-18223
-16416
-15984
-12433
-3758
4689
6257
8801
15668
20892
20864
18301
16782
14369
11155
7459
8073
10055
11953
12830
12806
10179
3911
-2642
-8552
-13059
-15590
-13837
-10114
-4604
1872
7427
10056
12046
14420
15050
13946
12480
11507
10728
10265
10166
10347
9513
6604
2142
-1851
-5745
-10646
-14950
-15840
-14486
-13079
-11219
-7464
-3027
1119
4097
5556
4946
4512
3590
1996
1381
2739
3852
3784
4158
4736
5076
4807
3495
1993
2174
1561
546
-551
-759
-188
189
-847
-825
-261
-741
-808
459
1553
3157
4409
4399
4744
4024
2649
1829
1665
1276
1493
694
-197
-1527
-2732
-3313
-3751
-6105
-8821
-9584
-9771
-9112
-7622
-6599
-5558
-4614
-4821
-5175
-5589
-7571
-10063
-11864
-13858
-15241
-16774
-17782
-18716
-18145
-16442
-14319
-8717
218
6780
8516
13214
18437
21267
20190
19459
17836
15051
11723
10228
11775
12645
13959
15055
14872
9231
1790
-5010
-10877
-16041
-17899
-15350
-11298
-5486
1667
7290
9572
12152
14899
15904
15374
16142
17347
16439
13597
11920
11814
10183
6173
900
-3304
-6896
-11198
-14493
-15225
-14941
-14573
-12158
-8468
-4374
-1071
1204
2435
4183
6296
7139
7608
8288
8269
6857
5454
3292
1233
-54
-243
-595
-394
367
1584
1608
1491
1980
1618
432
-998
-1485
-1291
-62
519
991
574
1008
2303
3234
1924
7
-1649
-3031
-4287
-4155
-3385
-2314
-2691
-3066
-2762
-2688
-4350
-6696
-8836
-11181
-11836
-11457
-10826
-10750
-9728
-8961
-9169
-10052
-10454
-12108
-14723
-17215
-19099
-20674
-21259
-21460
-20861
-19809
-15536
-6353
2749
5437
6009
11846
16388
18303
16176
15306
14179
11980
8632
9351
12238
13538
15472
15163
12782
5974
-1635
-9251
-14488
-17492
-16400
-13186
-9283
-3862
1529
3696
4569
7859
10637
12924
14852
17942
20241
20872
18488
16356
12929
8169
2491
-1955
-5564
-8740
-10920
-11549
-10792
-10585
-11065
-10607
-9238
-7763
-5768
-3394
295
3230
5180
8185
10777
10716
9442
8732
8018
6146
3536
620
-1863
-2838
-1891
-1698
-2522
-3370
-3585
-3989
-3829
-2323
-485
2062
2960
3751
6052
7956
6745
4403
3036
1952
-265
-3267
-4700
-5682
-6206
-5569
-4670
-4592
-4585
-6045
-7601
-6880
-5387
-5884
-6801
-6657
-6752
-8037
-9410
-10145
-11234
-13087
-14048
-12513
-11875
-13125
-13932
-14694
-17023
-18236
-19309
-19362
-19926
-17268
-8439
2400
6167
6993
12037
15345
17220
16384
16666
15164
12989
10885
12589
15273
16212
17374
16845
13636
6359
-381
-6239
-10407
-14452
-13600
-8417
-3731
-992
1590
2781
3616
6773
9862
12291
15075
19133
21422
21751
21292
19602
14192
8269
4365
1920
-1826
-4989
-7189
-8633
-9595
-10397
-11124
-11651
-11126
-9433
-6579
-3073
635
3388
5575
8353
9804
8058
6174
5337
5502
6339
6501
5421
4804
4809
3656
943
-2673
-4678
-6032
-6727
-6990
-6548
-3890
-1066
1716
4305
7062
7869
8182
8054
6456
4228
2197
383
-2825
-6066
-9488
-11010
-12796
-13394
-11753
-9482
-8604
-8131
-6482
-4259
-3368
-5123
-6554
-7689
-8891
-11020
-10999
-10454
-10649
-12035
-13398
-14684
-16980
-20038
-22702
-22492
-20647
-19238
-13003
-1707
5878
6619
9604
13587
15225
14810
13335
12547
10747
10294
10066
13738
17884
21118
21220
18651
12417
3911
-3101
-9562
-13689
-13693
-8624
-4992
-1190
2646
3894
1300
2045
5936
9512
12923
17466
22389
24777
24110
21810
19012
14260
8846
4282
2415
1285
-840
-3376
-4959
-7089
-9093
-11348
-12134
-11871
-9732
-7039
-3206
416
3725
6630
7486
6324
5069
5509
4440
3903
4582
5502
5344
5677
4723
2469
-1343
-3776
-5216
-5711
-5373
-5494
-4216
-2667
-578
615
1382
2085
3922
6631
7675
7137
6099
5562
4836
2709
-923
-4865
-7372
-10452
-13926
-15937
-15303
-14972
-16462
-16611
-13624
-10655
-10080
-9172
-8276
-8452
-9263
-9473
-10261
-12019
-14360
-16273
-17492
-18045
-19441
-20594
-20152
-19296
-12811
-2482
3510
2599
5730
10235
13911
13317
12603
12202
11856
10478
9443
13065
16423
18281
17143
16569
12306
5907
-1197
-6382
-8881
-7229
-4194
-3289
-1434
681
-290
-2369
912
6796
11982
15682
20422
24294
24651
21409
18381
16033
12788
9471
7588
6590
5098
2666
-1081
-3728
-6525
-9056
-11226
-10638
-7873
-3804
-1393
301
2391
3606
4364
3996
2927
2801
4263
4754
5987
7131
7683
6195
3568
1625
-373
-2642
-4228
-4634
-5079
-4219
-4566
-6157
-6194
-4326
-1869
572
3880
7423
9927
9923
8112
5570
2929
-665
-3532
-5170
-5325
-5283
-6809
-7941
-9628
-11721
-14600
-17315
-19260
-18314
-16831
-16347
-15760
-15585
-15946
-16857
-17383
-18348
-17912
-18319
-18092
-17461
-16144
-16419
-13063
-3332
3868
1510
-279
2787
6739
6986
5051
7156
8154
7978
6966
9827
11898
13655
13164
11794
9094
5391
1118
-4047
-6549
-6243
-4508
-4261
-2489
-214
-72
-2723
-2422
2526
8708
13213
17680
22503
23872
21148
18383
17349
15632
13131
10417
9482
8815
7380
4250
416
-3152
-5983
-7800
-8290
-6433
-3237
779
3326
5042
5372
5003
4921
4587
4088
4069
6275
8926
10643
9515
8377
5937
3399
-153
-3745
-5566
-6952
-7166
-5270
-5440
-6535
-5469
-5118
-4951
-4459
-1532
1912
6307
9836
12653
13101
11683
8587
4137
-220
-3113
-4089
-5637
-7033
-7883
-9009
-11820
-15172
-17886
-18154
-18569
-17984
-15947
-13704
-13493
-13009
-12800
-14065
-15734
-16723
-16356
-16126
-14842
-14826
-14190
-8099
1096
3588
1248
2281
4484
7319
5975
3920
3085
3495
3863
4210
8067
12772
16690
15944
13181
8253
3381
-1108
-4278
-5138
-3106
-600
482
927
-208
-2691
-4420
-1351
3780
8909
13123
18421
21126
20068
18000
17176
17033
15866
15227
15784
16547
14410
10971
6891
3451
-554
-3665
-4687
-3676
-1285
2413
5084
4363
3372
3274
4489
4780
4899
5713
6868
8419
10710
11791
11686
10767
8986
6794
4798
2544
143
-833
-2432
-4099
-6814
-9185
-10763
-11003
-9694
-7172
-3463
-402
2363
3242
3468
4191
4960
3647
1566
833
-213
-2068
-4680
-7210
-9782
-10803
-11761
-13990
-15553
-16108
-18565
-21888
-22803
-21687
-22339
-25161
-26458
-25385
-22751
-19571
-16000
-12770
-8040
304
9145
12911
12147
12028
12513
12470
8585
4893
1942
1279
658
660
1950
3653
6486
6428
2858
-3931
-6558
-6496
-6774
-8270
-6638
-1836
789
445
194
308
584
3557
7946
11175
13307
16093
15917
12841
10133
10172
10207
9426
9325
9498
8338
6109
3938
835
-2178
-3829
-2824
-1319
1260
4227
7201
8854
9548
9689
8931
8945
9332
10503
11985
12168
9803
6141
3978
4556
3874
1819
1810
3318
3801
1733
-2439
-4724
-5166
-6386
-7155
-5895
-2656
1087
3044
2223
749
886
390
-1064
-2392
-2333
-1236
-732
-1633
-3587
-5626
-7405
-9730
-12322
-13627
-13886
-14526
-16799
-18141
-17700
-18473
-21700
-23439
-22272
-20903
-21747
-22838
-22606
-21579
-21069
-17376
-7905
1861
5889
6610
8673
11611
14362
13112
10864
8221
9082
10875
12471
12968
12996
13375
10428
3260
-6608
-10787
-11232
-11187
-11585
-10006
-7388
-6037
-6523
-7533
-8022
-5065
2033
9714
14452
16917
18828
16987
13519
9718
8307
8536
10463
11317
10511
9035
6648
1903
-3997
-7688
-9391
-7746
-4309
805
4177
6947
9053
9488
8136
8268
11128
14386
16355
18258
20343
20857
19730
17349
13507
9228
7401
6779
5227
3245
2061
349
-1951
-4208
-5727
-7080
-7142
-5521
-2710
-995
576
2592
4563
5986
6430
6538
6533
6698
4649
760
-3483
-5976
-7820
-11347
-15189
-16721
-16582
-16637
-17643
-18858
-20180
-21933
-24187
-26157
-25988
-24518
-22052
-19417
-17620
-16102
-11657
-3481
2506
3010
2841
5303
9398
11416
11829
10116
8061
8172
8947
9233
8488
9867
10339
8095
2560
-2082
-4060
-3957
-2976
-2491
-2023
-2831
-3572
-3928
-5104
-7055
-5951
-405
6425
9888
10111
9738
10486
11164
10504
9461
10570
13099
11954
7641
2793
-577
-4101
-7627
-10388
-11826
-10283
-7021
-4702
-3452
-1291
396
795
825
3507
7419
11751
15159
16943
18187
19531
18532
15883
14584
14385
15706
15258
12347
7878
3412
-1348
-4950
-6129
-6052
-5080
-3462
-1847
-692
-943
-2475
-3297
-1996
933
4186
6077
6960
6906
4330
208
-3661
-5841
-6215
-6322
-7546
-10312
-14830
-19190
-22176
-24822
-27755
-28822
-28094
-27578
-27148
-25086
-21993
-19782
-17291
-10713
-1698
4263
5901
5477
5294
7278
9609
11245
10478
8770
8674
10735
12086
10050
6683
3870
1908
-3337
-8381
-9793
-8080
-5099
-2076
-1136
-2575
-4130
-4606
-3820
-3168
-1020
3290
8809
12644
13805
12103
9292
7648
8925
11323
13169
13599
12709
11306
9077
4648
-1844
-6919
-9881
-10688
-10107
-7920
-4904
-3079
-3451
-5102
-5486
-3731
-452
3541
7864
11514
14636
16278
15996
15234
13703
12359
11519
11458
11744
11998
11261
8653
4816
2454
1855
1433
912
399
666
475
-500
-1678
-1590
-648
239
328
1230
2752
3187
2085
410
-558
-1481
-3696
-5223
-5972
-7707
-10284
-13440
-16268
-18741
-21261
-23904
-25205
-25519
-25245
-24129
-21886
-19819
-16761
-11101
-4206
383
1865
1910
2965
5015
7614
9160
7975
5772
5628
8131
10649
11661
11642
10276
6765
1581
-2382
-4644
-5136
-4209
-3021
-2047
-2824
-4521
-6058
-6421
-6073
-4098
-659
3246
5768
6075
5140
4191
4157
5490
7441
8496
8576
7629
5312
2971
2188
1976
1519
300
263
856
1006
511
-337
-1956
-4873
-6508
-5645
-2435
1265
3284
4120
4280
4984
5796
6931
8330
9708
9981
9600
8982
7978
7103
6228
5844
5368
4726
3297
2396
2466
3295
3255
2879
2789
2562
1455
1
-899
-1479
-1629
-1860
-1504
-676
-852
-2476
-4795
-6870
-8092
-9593
-12403
-15632
-18236
-19053
-18998
-20000
-21687
-22389
-21556
-20754
-19898
-17428
-13479
-9711
-6938
-5387
-4021
-2204
-539
1157
2024
2723
2047
1088
2469
4847
6793
7658
7321
6022
3424
358
-1188
35
3416
6734
8159
7482
5190
2239
-275
-826
840
3222
4732
4639
4180
3403
2034
1413
1638
1695
2198
2281
1086
-258
-371
-552
-2034
-3198
-3510
-3014
-1473
722
2457
3578
4401
3828
2287
2199
3534
4440
4520
5248
6401
6623
6883
7197
6955
6346
4902
3357
2931
3937
4633
4082
3553
4373
5066
5062
5279
6139
7579
8273
8606
8620
7779
5948
3857
2739
2627
3038
2677
1374
-399
-2431
-5253
-8103
-9678
-10188
-10742
-10613
-9976
-10843
-13220
-16008
-17594
-18541
-20242
-21902
-21429
-18564
-15338
-13359
-12536
-11531
-8724
-4457
-502
2276
4094
5049
6366
9049
11590
11929
10854
10296
9583
7896
6200
5719
5619
5841
6148
6873
6549
5230
3496
2257
2965
4580
5608
6013
6615
6144
4989
4552
5408
6024
6313
6306
6418
6282
5476
3604
1253
93
-192
-351
-891
-1156
-1482
-2028
-2620
-2834
-3075
-3688
-3923
-2739
-1104
-86
586
721
686
702
1969
2948
3324
3681
3918
2818
1589
1424
1544
1607
1593
2177
2902
3194
3275
4111
5339
5693
5362
4858
4597
4896
5820
6270
5106
2296
-405
-2111
-3808
-4810
-5193
-5286
-6741
-8928
-10559
-11904
-13793
-15815
-16846
-16779
-16671
-15500
-13807
-12934
-13203
-14495
-15872
-15736
-13924
-12192
-11001
-9464
-6720
-3739
-1564
52
1874
3193
5280
8660
10922
10494
8537
6793
6207
6523
6361
5785
4941
4377
4080
3645
3434
3623
4462
4932
5265
4897
4283
4452
5183
5217
5123
5964
6899
6688
5235
4508
4038
3460
2661
1977
1781
1512
606
-388
-577
-806
-1422
-1811
-2166
-2742
-3427
-3845
-3545
-2652
-1503
-338
444
326
-70
-345
-395
-422
-102
428
991
583
-315
-1810
-3642
-4320
-3830
-2749
-1373
166
1129
1758
2162
2211
1480
1381
2924
4537
4781
4384
3365
1333
-1400
-3668
-5309
-6972
-8002
-8903
-10448
-12578
-14196
-15189
-15494
-15090
-13636
-12109
-11216
-10315
-8681
-6678
-5500
-5525
-6433
-6311
-4967
-2827
-474
2386
5321
7037
7329
6615
4955
3718
3563
4357
5993
7499
7917
6945
5022
3109
1086
94
296
1575
3178
5408
7523
8365
8224
8185
7937
6899
6762
8221
10007
10331
9331
7714
6423
4911
3762
3237
3135
2957
2973
3687
3996
2792
1064
-216
-1496
-2111
-1690
-992
-806
-1059
-822
-1259
-2123
-3191
-3363
-2552
-1963
-1787
-1591
-1284
-1402
-2117
-2965
-2900
-2256
-1365
-701
322
674
71
-1064
-1878
-2331
-2249
-1794
-764
-248
-258
25
-206
-641
-1496
-2362
-3480
-4505
-5134
-5114
-5062
-5540
-6922
-8573
-9234
-9321
-9287
-9450
-9128
-8653
-7860
-6566
-5919
-5701
-5089
-4074
-3583
-3008
-1294
1489
4252
6378
7747
8425
9525
10703
11447
11757
12131
12385
12521
12814
12215
10422
7825
5019
2499
1048
458
-322
-1322
-1887
-1661
-1945
-1851
-898
340
1071
2253
4407
6421
7775
8874
9868
10655
11379
11183
10768
9824
8726
7234
6044
4300
1709
-753
-1785
-2802
-4111
-4547
-4693
-5207
-6518
-6916
-6121
-4759
-4019
-3385
-2658
-1990
-1647
-1931
-2483
-2703
-2171
-1599
-1383
-1123
-1657
-3480
-5104
-5870
-5835
-4796
-3654
-3300
-3041
-2409
-2421
-3601
-4790
-5002
-5079
-5609
-6098
-6278
-6299
-6695
-7439
-8321
-8875
-9165
-9371
-8990
-8498
-8329
-8815
-9106
-8480
-7442
-6498
-4728
-3035
-2025
-1042
320
2362
4941
7669
9567
10548
11344
11792
11475
10819
10469
10327
9476
8567
7868
7683
6888
5848
5374
5234
4930
4456
3556
2102
1035
-148
-1249
-1795
-1751
-1962
-1876
-1450
-492
560
1993
3807
4884
5617
5977
6828
7872
9183
9798
10781
11478
10737
9476
7857
6496
5065
4030
2504
1047
-373
-1258
-2161
-3696
-5810
-7774
-8335
-7701
-6722
-6349
-5740
-5645
-5495
-5114
-4231
-3213
-2237
-1203
-457
-14
144
-32
-1029
-2377
-2819
-2451
-2555
-3098
-3901
-4424
-4908
-5412
-6418
-7780
-8686
-9291
-9527
-9797
-9987
-9296
-8429
-7846
-7536
-7409
-7367
-6747
-6030
-5704
-4873
-3246
-2280
-1657
217
2246
3117
3757
5468
6899
7744
8308
9082
9278
9056
8678
8281
8575
8408
8330
8461
8167
7312
6058
4901
3622
2545
1631
512
-993
-2701
-3694
-4106
-4450
-4357
-3709
-2596
-1615
-1175
-1030
-1014
-697
-35
1372
3277
4990
5703
5762
6014
6112
5979
5768
6267
7285
8019
8537
8390
7236
5021
3062
948
-694
-1391
-2161
-3316
-5179
-6015
-6658
-7046
-7686
-7707
-7428
-6962
-6433
-5960
-5229
-4686
-4279
-3697
-2938
-3124
-2975
-2622
-2298
-1888
-1194
-834
-1071
-1979
-3119
-4000
-4622
-5402
-6538
-6817
-6509
-6309
-6928
-8009
-8551
-8268
-7453
-6239
-4785
-3766
-3747
-3460
-2025
348
3101
5361
7374
9145
10219
10920
10815
9969
8999
8439
8325
8743
9154
8449
6706
4992
3622
2608
2258
2253
1939
1416
881
242
49
250
128
-49
241
476
589
894
780
120
-257
-77
81
265
604
1288
1817
2304
2653
2389
2055
2536
3329
3495
3704
3810
3672
3413
3182
3371
3415
3159
3165
3390
3163
2629
1339
-404
-1818
-2784
-3598
-4636
-5385
-5847
-6258
-6630
-7148
-8060
-8781
-9090
-8780
-8140
-6911
-5726
-4962
-4402
-4834
-6115
-6957
-6869
-6142
-5346
-4233
-2992
-2257
-1775
-1645
-1606
-1941
-1863
-1604
-637
840
1773
1548
771
882
1320
1879
3215
5012
6121
6361
6602
7351
8029
8309
8210
8175
8430
8836
9150
8902
8209
7314
5978
4601
3820
2943
2776
2498
1173
-882
-2472
-2857
-3474
-3737
-3921
-4069
-4374
-4470
-4489
-4151
-3371
-2631
-2335
-2331
-1757
-560
683
1273
1636
1454
1630
1942
2176
2171
1879
1766
1658
1833
1220
347
-458
-569
-397
-224
184
520
526
514
574
480
449
1
-364
-588
-665
-1105
-1914
-2756
-3614
-4521
-5304
-6457
-7282
-7697
-7858
-8065
-8826
-9544
-9901
-9796
-9223
-8290
-7136
-5864
-4846
-4100
-3459
-2433
-846
1108
2688
4218
5498
6257
7263
8789
10235
10975
11897
12829
13479
13481
13273
12675
11897
11346
10551
9979
9616
9274
8115
6949
5976
5177
4256
3342
2847
2236
1743
1069
873
843
831
653
-35
-320
-120
144
-376
-818
-1197
-1311
-1697
-2138
-2635
-2564
-1949
-2066
-2920
-3938
-4473
-5234
-6021
-6680
-6489
-6610
-6801
-6754
-5731
-5096
-4963
-4981
-5063
-4582
-4570
-4361
-4385
-4269
-4286
-4176
-3838
-3821
-4206
-4578
-4200
-3675
-3500
-4098
-5082
-5926
-5972
-5764
-5471
-5407
-5737
-6235
-6786
-6748
-6751
-6479
-6360
-6189
-5909
-5237
-4383
-3989
-4119
-4210
-3681
-2858
-1795
-616
572
1904
3656
5898
8065
9553
10685
11467
12392
13560
15055
16107
15990
15011
14568
14707
14458
14019
12826
11721
10312
9263
8294
6837
5171
3816
2612
1585
1159
1299
1822
2008
2080
1793
1320
983
1190
1674
2326
2784
2985
2586
2035
1643
1202
540
7
-126
-511
-1515
-2401
-3463
-4526
-5547
-6553
-7205
-7734
-8377
-8790
-8842
-8888
-8631
-8580
-8877
-9436
-9774
-10191
-9790
-9025
-8432
-8320
-8593
-8781
-8738
-8703
-9257
-9662
-9554
-9142
-8644
-8476
-8516
-8798
-9086
-9543
-9876
-9416
-8763
-8077
-7337
-6213
-5278
-4751
-4737
-4132
-2687
-560
1614
2959
3595
4075
5299
6843
8662
10279
11592
12446
13417
14293
14715
14670
14183
14249
14276
14115
14034
14396
14443
14026
13331
12755
11824
10611
9390
8379
7878
7533
7521
7253
6944
6155
5362
4451
3853
3297
3012
3109
3230
3333
3371
3591
3676
3226
2437
1533
981
768
-59
-739
-1299
-1541
-2111
-2720
-3433
-4118
-5121
-6407
-7313
-7775
-7803
-8280
-9205
-10210
-11020
-11664
-11712
-11868
-11952
-11792
-11358
-10803
-10464
-10314
-10357
-10397
-10432
-9941
-9539
-9327
-9319
-9592
-9723
-10103
-10302
-10415
-10440
-10093
-9450
-8653
-7843
-7280
-6576
-5307
-3668
-1760
-312
709
1513
2416
3987
5980
8022
9855
11287
12112
12822
13426
14034
14105
14344
14524
14822
15348
15674
15373
14508
13327
12302
11414
10597
10251
9559
8709
7887
7664
7811
7925
7945
7975
8284
8584
8786
8731
8860
8843
8846
8889
9022
9232
9292
9296
8653
7609
6570
5577
4617
3551
2442
1176
-290
-1912
-2918
-3797
-4919
-5978
-7165
-8131
-8571
-8931
-9507
-10355
-11185
-11476
-11397
-10532
-9608
-9391
-9959
-10521
-11169
-11658
-11874
-12070
-12430
-12771
-12702
-12833
-12968
-13223
-13648
-14269
-14592
-14395
-13752
-13129
-12158
-11221
-10425
-9582
-8816
-7366
-5603
-3516
-1728
-481
363
1004
2116
3699
5104
6553
7430
7849
8310
8731
9200
9812
10339
10712
11023
11410
11474
11042
10453
9814
9218
8867
8796
8418
7540
6244
5232
4617
4136
3610
3321
3633
4113
4217
4178
3957
3623
3133
2909
3499
4372
5655
6621
7161
7199
6811
6316
5978
5682
5227
4542
3711
2671
1494
455
-886
-1685
-2703
-4047
-4984
-5469
-5922
-6402
-6982
-7710
-8401
-9320
-9507
-9504
-9789
-10701
-11277
-11751
-12063
-12152
-12169
-12001
-12191
-12553
-12764
-12633
-12434
-12417
-12729
-13212
-13114
-12408
-11498
-10437
-9771
-9704
-9594
-8758
-7597
-6256
-5165
-4331
-3778
-3157
-1980
-656
834
2394
3694
4886
5960
7154
8071
8660
9370
10269
11505
12225
12545
12565
12212
11676
10961
10431
9936
9615
9153
8352
7552
6584
5540
4830
4636
4961
5533
5991
6538
6611
6297
5699
5259
4964
5214
6032
6364
6336
5652
4640
3696
3112
2583
2175
1810
1249
744
89
-818
-1888
-2745
-3382
-3759
-3822
-3716
-3803
-4496
-5195
-5690
-5941
-6247
-6344
-6406
-6758
-7217
-7869
-8570
-9211
-9903
-10407
-10696
-10842
-10956
-10915
-11008
-11204
-11525
-11825
-11951
-11780
-11082
-10047
-8624
-7467
-7025
-7062
-6605
-5685
-4596
-3529
-2517
-1947
-1396
-299
990
2537
3937
5192
5961
6585
7135
8028
8808
9454
10186
10626
10978
11060
11092
10881
10505
10122
10041
10098
10048
9906
9386
8433
7565
7085
7150
7769
8180
8309
7940
7700
7726
7684
7704
7536
7402
7329
7619
7942
8079
7249
5773
4133
3143
2596
2125
1639
525
-466
-1653
-2383
-2794
-3162
-3951
-5085
-5851
-6128
-6262
-6379
-6724
-7026
-7282
-7585
-7939
-7866
-7523
-7406
-7597
-7960
-7964
-7691
-7407
-7322
-7177
-6827
-6574
-6715
-6788
-6890
-7130
-7462
-7627
-7407
-7099
-6638
-6154
-6240
-6716
-7177
-6397
-5188
-3818
-2346
-1583
-1160
-590
650
2193
3993
5507
6905
7916
8818
9559
9985
10324
10560
10714
11076
11513
11676
11320
10565
9879
9287
8838
8466
8383
7818
7536
7255
6841
6050
5591
5698
5917
6473
7112
7282
7100
6806
6348
6337
6454
6349
6411
6406
6117
5250
3960
2925
1994
1358
672
-380
-1544
-2595
-3570
-4640
-5549
-6357
-7304
-8704
-9990
-10985
-11695
-12125
-12590
-12916
-13177
-13013
-13087
-13154
-12996
-12933
-12796
-12660
-12555
-12234
-11710
-10621
-9687
-9125
-8756
-8353
-7840
-7305
-6656
-6330
-6040
-5836
-5638
-5437
-4864
-4055
-3583
-3535
-3750
-3417
-2870
-2045
-1326
-958
-641
-199
839
2239
3575
4827
5758
6592
7503
8033
8569
8939
9451
9947
10414
10801
10737
10232
9612
9074
8671
8559
8332
8143
7972
8021
7598
7066
6882
6802
6946
7098
7336
7272
7115
6573
6142
5985
5886
6155
6389
6545
6449
5982
5069
3922
2849
1929
1338
858
487
-237
-994
-2036
-3275
-4427
-5586
-6581
-7807
-8793
-9632
-10402
-11421
-12268
-12951
-13573
-13902
-13998
-13678
-13693
-13817
-13885
-13966
-13487
-12995
-12558
-11968
-11384
-10606
-9891
-9193
-8525
-8095
-7807
-7368
-6912
-6295
-5469
-4698
-3699
-2789
-2044
-1753
-1753
-1191
-315
722
1617
2280
2574
2867
3384
4309
5581
6853
7872
8774
9369
9718
10138
10070
10302
10651
10956
11170
11194
10957
10197
9703
9291
9122
9075
9087
9310
9474
9347
8914
8540
8452
8576
8891
9343
9637
9667
9060
8420
8087
7824
7490
7188
6979
6652
6075
5544
4630
3415
2368
1317
356
-747
-1569
-2503
-3438
-4233
-5068
-5912
-7119
-8038
-8649
-9146
-9605
-10427
-10933
-11513
-11789
-12035
-12419
-12944
-13369
-13445
-13262
-12628
-12276
-12194
-12249
-11834
-11036
-10761
-10024
-9154
-9395
-8780
-8706
-8140
-8306
-8005
-7455
-6798
-5689
-4605
-3384
-2263
-1564
-1118
-289
449
996
1619
2173
2327
3324
4611
6510
8175
9808
11219
11546
12035
11892
11588
10980
10734
10831
10617
10282
9798
9446
9272
9422
9933
10191
10047
9949
9714
9448
9099
8208
7589
7516
7394
7791
8099
8549
8746
8927
8987
9064
8861
8411
7812
7351
7144
6533
6043
5324
4244
3103
2317
1512
683
-305
-1414
-2514
-3778
-4954
-6020
-7125
-8259
-9226
-9945
-10452
-10964
-11284
-11564
-11658
-11838
-11839
-11967
-12124
-12266
-12119
-11772
-11763
-11608
-11584
-11135
-10321
-9627
-9399
-9379
-9443
-9174
-8813
-8347
-7966
-7522
-7138
-6851
-6095
-5153
-4239
-3762
-3204
-2722
-1890
-1139
-228
553
1139
1957
2949
4258
5564
6908
7939
8681
9146
9244
9420
9830
10264
10649
11032
11298
10948
10348
9998
9939
9960
9551
9091
8883
8775
8603
8260
7448
6529
5902
5553
5773
5903
5911
5596
4943
4370
4071
3926
3759
3597
3517
3197
2686
2113
1191
362
-511
-1274
-1596
-2037
-2714
-3583
-4452
-5365
-6235
-6881
-7276
-7536
-7724
-7973
-8620
-9491
-10196
-10499
-10693
-10713
-10839
-10542
-10261
-10096
-10040
-9977
-9700
-9296
-8846
-8177
-7529
-6892
-6670
-6855
-6861
-6825
-6488
-5994
-5208
-4434
-3783
-3384
-3098
-2795
-2202
-1562
-992
-483
44
842
1312
1980
2258
2777
3531
4099
5013
6054
7160
7823
8316
8529
8578
8707
8737
9158
9679
9969
9923
9777
9683
9522
9296
8927
8494
8105
7728
7627
7456
7047
6538
6028
5609
5501
5612
5461
5045
4370
3754
3320
2986
2563
1934
1066
360
-230
-697
-1158
-1603
-2194
-2789
-3300
-3710
-4028
-4364
-4652
-5198
-5654
-6361
-7101
-7759
-8284
-8535
-9024
-9512
-9836
-9993
-9784
-9839
-9902
-9938
-9999
-9787
-9456
-8877
-8459
-8154
-7997
-7878
-7565
-7462
-7234
-7068
-6732
-6083
-5385
-4841
-4624
-4373
-3782
-3235
-2537
-1627
-681
374
1069
1799
2500
3202
3716
4089
4765
5783
6765
7509
7793
8019
8300
8473
8781
8912
9300
9460
9636
9935
10013
9842
9500
9055
9045
9086
8877
8625
8182
7739
6834
6265
5781
5431
4965
4487
4118
3828
3494
2836
2182
1367
826
416
172
78
-9
-447
-1166
-1787
-2424
-3026
-3334
-3546
-3877
-4061
-4160
-4560
-4973
-5576
-6110
-6742
-7171
-7130
-7356
-7516
-7700
-8015
-8266
-8459
-8315
-8233
-8150
-7824
-7417
-7032
-7010
-6719
-6654
-6534
-6351
-6353
-6089
-5685
-5451
-5297
-5061
-4831
-4168
-3559
-3026
-2335
-1798
-1449
-1102
-337
453
1172
1760
2616
3537
4260
5045
5545
6049
6684
7458
8404
9008
9512
9884
10143
10357
10558
10714
10615
10626
10669
10484
10145
9947
9658
9323
8937
8469
7973
7484
6835
6406
5697
5062
4516
4038
3467
2920
2430
1851
1525
961
405
15
-227
-679
-1063
-1286
-1519
-1801
-2352
-2646
-3191
-3696
-4014
-4597
-5193
-5815
-6466
-7163
-7703
-8256
-8782
-9022
-9144
-9294
-9492
-9546
-9545
-9508
-9557
-9424
-9301
-9094
-8955
-8822
-8645
-8675
-8283
-8094
-7881
-7585
-7097
-6759
-6297
-5877
-5700
-5678
-5485
-5051
-4421
-3520
-2679
-1934
-1204
-568
-71
552
1348
2319
3231
3971
4622
5457
6204
6687
7054
7496
7932
8416
9057
9575
10052
10430
10367
10264
10300
10470
10592
10548
10414
10152
9845
9797
9602
9305
8972
8467
8009
7462
6901
6307
5549
4934
4154
3251
2445
1938
1570
1125
498
-152
-628
-1068
-1690
-2059
-2492
-3014
-3627
-4058
-4417
-4877
-5163
-5433
-5818
-6169
-6520
-6833
-7189
-7521
-7890
-8018
-7984
-8146
-8295
-8636
-8712
-8959
-8939
-8823
-8537
-8407
-8474
-8437
-8255
-8150
-7690
-7226
-6865
-6278
-5894
-5595
-5346
-4862
-4333
-3896
-3276
-2483
-1938
-1381
-783
35
541
853
1358
1981
2845
3718
4390
4853
5108
5565
6095
6727
7287
7743
7994
8204
8476
8608
8814
8969
8941
8993
9038
9203
9300
9226
9109
8946
8658
8546
8269
7826
7605
7255
6947
6412
5924
5494
4863
4392
3770
3120
2750
2037
1668
1324
723
197
-245
-865
-1272
-1778
-2336
-2939
-3644
-4022
-4306
-4577
-5156
-5764
-6481
-7035
-7622
-7953
-8450
-8964
-9440
-9812
-10118
-10370
-10570
-10840
-10897
-11152
-11033
-11135
-11176
-10952
-10729
-10371
-10334
-10355
-10096
-9511
-8915
-8388
-8014
-7543
-7203
-7067
-6323
-5721
-5067
-4551
-3870
-3232
-2591
-1972
-1445
-589
73
967
1790
2721
3540
4394
5142
5816
6447
6962
7391
7886
8367
8780
9196
9285
9477
9493
9665
9794
9871
9842
9867
9745
9717
9687
9497
9229
8793
8321
7931
7807
7442
6927
6411
6063
5770
5467
5004
4392
3861
3510
3188
2809
2396
1875
1411
1051
660
174
-387
-1073
-1518
-1900
-2105
-2395
-2684
-3112
-3716
-4040
-4405
-4716
-5098
-5523
-5856
-6187
-6553
-6739
-7072
-7233
-7440
-7510
-7456
-7329
-7456
-7557
-7416
-7624
-7923
-7837
-7739
-7591
-7456
-6962
-6399
-5945
-5800
-5599
-5336
-4980
-4387
-3901
-3378
-3020
-2622
-2328
-1689
-1045
-419
101
488
939
1667
2438
2922
3392
3986
4538
5141
5628
6005
6472
6750
6931
6990
7062
7387
7605
7812
8144
8299
8270
8194
8378
8386
8379
8160
7681
7098
6586
6173
5821
5593
5233
4739
4326
3938
3487
3234
2826
2417
1895
1503
1021
735
356
75
-216
-486
-735
-1078
-1412
-1693
-1987
-2199
-2402
-2612
-2729
-2955
-3239
-3490
-3636
-3818
-4036
-4323
-4390
-4443
-4625
-4881
-5060
-5203
-5152
-5178
-5270
-5239
-5404
-5562
-5611
-5532
-5481
-5253
-5090
-4776
-4290
-4122
-3849
-3571
-3277
-2891
-2220
-1646
-1206
-827
-374
21
381
945
1415
1803
2068
2582
3107
3710
4326
4651
4781
4847
4939
5064
5420
5689
5856
5972
6090
6128
6275
6450
6448
6499
6530
6495
6596
6659
6429
6512
6380
6076
5876
5490
5206
4910
4569
4387
3967
3360
2770
2193
1729
1315
997
682
143
-293
-726
-1120
-1656
-2040
-2211
-2477
-2749
-2939
-3142
-3540
-4046
-4541
-4954
-5205
-5522
-5718
-5984
-6204
-6282
-6271
-6264
-6530
-6657
-6630
-6547
-6400
-6159
-6029
-6015
-6026
-6191
-6046
-5867
-5608
-5217
-4870
-4590
-4292
-4053
-3986
-3862
-3594
-3348
-3180
-2817
-2376
-1751
-1343
-902
-557
-253
126
635
1043
1479
1807
1992
2128
2405
2725
2908
3172
3520
3823
3912
4006
4170
4246
4132
4104
4180
4345
4574
4766
4903
4811
4702
4628
4591
4396
4203
3869
3658
3495
3098
2898
2607
2333
1922
1604
1324
979
958
661
413
178
-144
-410
-828
-1110
-1423
-1606
-1742
-1976
-2044
-2276
-2344
-2495
-2794
-3078
-3222
-3436
-3642
-3762
-4083
-4319
-4453
-4600
-4708
-4530
-4453
-4475
-4599
-4629
-4668
-4680
-4544
-4456
-4391
-4308
-4295
-4220
-3989
-3655
-3446
-3157
-2723
-2326
-1682
-1131
-624
-68
244
577
985
1484
2116
2741
3457
3915
4226
4536
4926
5163
5417
5523
5741
6005
6259
6483
6623
6743
6690
6577
6420
6410
6213
6293
6169
5867
5703
5687
5599
5477
5259
4982
4824
4519
4347
4121
3684
3104
2773
2561
2383
2284
1980
1652
1333
1135
925
631
532
415
176
6
-266
-553
-1031
-1318
-1650
-2152
-2095
-2213
-2433
-2590
-2887
-3232
-3406
-3461
-3538
-3557
-3734
-3920
-3930
-4222
-4282
-4304
-4389
-4544
-4630
-4552
-4428
-4282
-4129
-3829
-3779
-3657
-3548
-3405
-3021
-2587
-2134
-1682
-1292
-1140
-946
-665
-384
5
325
732
1265
1507
1920
2257
2701
2981
3168
3415
3807
4273
4784
5135
5299
5527
5729
5924
6135
6482
6554
6795
6926
6906
6746
6601
6311
6187
6004
5997
5895
5682
5504
5136
4791
4430
4209
3900
3539
3189
3109
2848
2524
2074
1735
1207
753
606
339
-106
-579
-924
-1471
-1782
-2057
-2411
-2659
-2955
-3253
-3399
-3507
-3671
-3805
-3969
-4177
-4309
-4280
-4193
-4066
-3993
-3885
-3797
-3946
-3830
-3795
-3750
-3683
-3820
-3834
-3914
-4015
-3972
-4037
-4083
-4064
-4034
-4140
-4013
-3851
-3670
-3388
-3113
-2886
-2691
-2263
-1948
-1562
-1161
-864
-590
-107
542
946
1419
1899
2397
2731
3054
3346
3527
3771
3934
4160
4401
4725
4825
5003
5147
5019
5089
5100
5184
5339
5329
5377
5224
4929
4691
4510
4473
4215
3937
3698
3264
2999
2793
2661
2383
2000
1753
1519
1286
1014
604
260
-282
-714
-1162
-1662
-2043
-2429
-2766
-3076
-3423
-3734
-3979
-4435
-4640
-4839
-5059
-5288
-5388
-5570
-5795
-6039
-6289
-6319
-6317
-6408
-6334
-6306
-6213
-6103
-6099
-5961
-6023
-5856
-5773
-5694
-5413
-5172
-5037
-4791
-4515
-4361
-4103
-3886
-3594
-3297
-3055
-2791
-2538
-2286
-1906
-1523
-1158
-885
-776
-467
-256
160
654
1025
1486
1542
2024
2348
2703
3040
3284
3520
3631
3819
4161
4598
4968
5062
5084
5228
5517
5672
5721
5935
6081
6027
5980
5915
5822
5704
5585
5312
4949
4667
4351
4172
3976
3800
3530
3102
2712
2531
2135
1691
1484
988
505
188
-356
-949
-1404
-2040
-2317
-2667
-3058
-3266
-3551
-3778
-4106
-4170
-4373
-4586
-4742
-4817
-4833
-5025
-4855
-5082
-5021
-4942
-4863
-4759
-4855
-4880
-4796
-4531
-4501
-4364
-4356
-4208
-3904
-3845
-3727
-3610
-3584
-3333
-3071
-2840
-2719
-2568
-2174
-1995
-1701
-1346
-1222
-997
-979
-557
-265
-106
236
352
897
1144
1524
2035
2467
2811
3106
3467
3585
3666
3909
4057
4077
4278
4326
4382
4406
4459
4504
4451
4453
4441
4339
4198
3993
3917
3868
3622
3377
3044
3006
2869
2611
2510
2367
2110
1882
1653
1413
1265
1116
863
651
567
368
-36
-196
-397
-794
-1156
-1437
-1596
-1912
-2146
-2521
-2749
-2934
-3271
-3370
-3573
-3603
-3706
-3936
-3949
-3982
-3898
-3709
-3712
-3673
-3675
-3559
-3499
-3260
-3140
-2915
-2625
-2532
-2347
-2385
-2229
-2137
-1980
-1838
-1544
-1511
-1300
-1328
-1138
-907
-697
-541
-501
-397
-172
-90
131
582
842
1185
1283
1685
2056
2497
2648
2985
3187
3435
3564
3611
3813
3709
3899
4032
4248
4363
4428
4516
4576
4594
4492
4425
4318
4247
4245
4203
3940
3659
3500
3129
2811
2542
2409
2107
1814
1763
1528
1199
913
668
485
-1
-329
-771
-1174
-1442
-1637
-1938
-2155
-2276
-2584
-2905
-3176
-3319
-3540
-3732
-3774
-3819
-3935
-4110
-4112
-4063
-3976
-3868
-3902
-3860
-3730
-3824
-3841
-3685
-3615
-3469
-3304
-3226
-3215
-3085
-3053
-2986
-2828
-2689
-2354
-2323
-2178
-1827
-1625
-1366
-1452
-1163
-962
-942
-733
-668
-385
-302
-89
153
355
610
818
1074
1300
1354
1438
1510
1721
1795
1857
1926
2037
2177
2198
2236
2431
2416
2391
2381
2230
2186
2103
2044
1957
1873
1821
1653
1423
1309
1031
903
735
513
409
177
26
-200
-143
-506
-720
-725
-875
-892
-946
-1180
-1287
-1435
-1692
-1712
-2051
-2244
-2383
-2659
-2783
-2894
-3005
-2973
-3108
-3223
-3137
-3215
-3235
-3342
-3452
-3339
-3274
-3155
-3174
-3108
-2958
-2971
-2842
-2875
-2975
-2925
-2857
-2490
-2271
-2032
-1755
-1585
-1494
-1243
-944
-848
-599
-450
-203
-38
197
394
400
627
807
889
1027
1141
1317
1480
1542
1665
1837
1955
2004
2099
2157
2284
2314
2382
2471
2502
2639
2588
2613
2669
2735
2770
2757
2650
2693
2559
2373
2216
2000
1938
1725
1590
1376
1240
1075
1072
811
661
449
236
44
-275
-467
-755
-913
-1232
-1517
-1690
-2013
-2272
-2423
-2615
-2644
-2692
-2764
-2849
-2891
-2916
-2891
-2800
-2714
-2723
-2757
-2988
-2971
-3010
-3222
-3236
-3221
-3285
-3108
-2897
-2626
-2369
-2235
-2054
-1916
-1721
-1537
-1286
-1000
-886
-669
-398
-358
-225
31
311
548
796
1093
1064
1278
1306
1428
1607
1685
2024
2191
2464
2876
3063
3134
3215
3320
3572
3788
3910
3982
4054
4101
4089
4111
4056
3985
3978
3847
3849
3714
3631
3560
3440
3364
3157
3117
3021
2833
2556
2267
2050
1918
1640
1479
1293
1152
948
561
360
80
-28
-272
-522
-602
-714
-984
-1205
-1464
-1619
-1680
-1825
-1936
-2096
-2237
-2278
-2416
-2625
-2811
-2866
-2907
-3056
-2769
-2715
-2713
-2750
-2771
-2872
-2818
-2784
-2657
-2609
-2651
-2506
-2479
-2438
-2396
-2228
-2143
-2083
-1980
-1825
-1727
-1469
-1353
-1284
-1142
-983
-640
-386
-223
0
159
499
674
885
1105
1271
1379
1571
1744
1792
2038
2176
2428
2626
3010
3162
3356
3426
3465
3649
3701
3821
3838
3743
3824
3985
4030
3954
4057
3816
3707
3636
3504
3477
3224
3017
2668
2399
2179
2029
1804
1549
1416
1134
851
808
589
276
9
-287
-709
-1087
-1240
-1619
-1779
-2118
-2309
-2425
-2682
-2783
-2944
-3143
-3361
-3491
-3632
-3659
-3730
-3689
-3643
-3781
-3793
-3771
-3758
-3731
-3485
-3437
-3212
-3023
-2932
-2740
-2601
-2565
-2490
-2276
-2304
-2189
-2126
-2016
-1706
-1428
-1132
-946
-607
-430
-283
-154
31
103
225
372
480
574
724
912
1074
1230
1404
1497
1612
1750
1785
2052
2151
2296
2534
2723
2785
2971
2954
2974
3053
3006
3178
3162
3332
3340
3184
3033
2983
3053
2939
2948
2785
2648
2427
2321
2205
1870
1666
1513
1315
1051
740
610
452
80
-22
-95
-373
-682
-896
-1155
-1382
-1501
-1727
-1946
-1942
-1984
-2033
-2243
-2326
-2514
-2740
-2891
-3042
-3024
-3217
-3254
-3422
-3494
-3564
-3538
-3405
-3417
-3332
-3217
-3103
-3044
-2879
-2839
-2873
-2874
-2907
-2725
-2586
-2590
-2394
-2177
-2069
-1845
-1667
-1488
-1343
-1078
-981
-687
-296
-236
142
249
415
571
584
743
896
1081
1215
1286
1503
1625
1589
1620
1753
1783
1813
1981
2028
1902
1901
1920
1957
1940
1986
2024
2093
2265
2205
2173
2121
2183
2068
1924
1829
1717
1648
1665
1604
1413
1396
1215
1340
1183
1114
1030
829
579
437
460
180
81
-277
-356
-727
-803
-795
-883
-1098
-1365
-1466
-1726
-1785
-1896
-1894
-2008
-2206
-2300
-2378
-2470
-2445
-2373
-2310
-2265
-2203
-2084
-2013
-1928
-1991
-2024
-1913
-1868
-1749
-1701
-1555
-1402
-1254
-1188
-1085
-988
-758
-573
-340
-191
-165
-31
255
432
482
712
826
893
956
982
1121
1200
1265
1276
1214
1211
1377
1332
1479
1568
1474
1708
1643
1787
1909
2214
2248
2299
2246
2071
2038
2104
2035
2034
1992
1739
1621
1521
1569
1507
1308
1272
1221
1155
1186
1297
1312
1283
1216
1169
1100
1073
1084
982
927
809
729
432
251
212
27
-127
-208
-301
-482
-591
-576
-673
-813
-945
-1101
-1052
-1146
-1169
-1281
-1324
-1227
-1162
-1042
-961
-986
-775
-577
-482
-345
-313
-329
-343
-346
-394
-412
-359
-269
-134
-15
2
72
295
434
632
659
778
866
892
1021
1017
1127
1239
1326
1479
1689
1778
1783
1942
2069
2150
2225
2318
2203
2163
2313
2302
2240
2298
2228
2136
2230
2193
2230
2222
2081
1917
1794
1750
1562
1469
1318
1163
1089
983
887
685
656
587
621
608
463
518
419
409
392
367
305
207
73
-41
-205
-260
-266
-410
-383
-380
-572
-608
-769
-801
-756
-849
-972
-1095
-960
-1065
-1288
-1273
-1361
-1409
-1385
-1320
-1217
-1159
-1192
-1138
-904
-964
-881
-794
-691
-618
-647
-395
-162
-155
-170
-2
208
239
254
267
340
266
280
367
226
369
234
284
212
219
271
244
302
219
110
135
222
183
107
110
88
67
106
94
117
-22
86
-63
-92
-96
-125
-313
-499
-492
-730
-590
-480
-763
-793
-838
-889
-734
-767
-771
-720
-852
-899
-949
-1091
-1106
-1130
-1309
-1388
-1608
-1734
-1702
-1673
-1705
-1666
-1641
-1632
-1607
-1562
-1704
-1786
-1663
-1642
-1585
-1594
-1556
-1430
-1362
-1118
-994
-839
-693
-625
-516
-326
-119
-46
-22
-1
113
123
183
158
132
64
130
247
346
391
311
254
249
374
404
522
491
472
524
500
421
469
551
489
475
508
649
651
616
702
697
721
667
752
841
839
882
926
893
714
589
510
507
506
574
580
497
472
404
301
361
424
355
214
200
34
-15
-100
-131
-222
-441
-612
-741
-887
-977
-1018
-1033
-1232
-1269
-1187
-1233
-1305
-1388
-1363
-1420
-1438
-1567
-1354
-1395
-1493
-1462
-1485
-1496
-1399
-1486
-1458
-1398
-1404
-1272
-1323
-1118
-1152
-1024
-916
-732
-573
-362
-404
-329
-99
-76
243
209
360
513
585
764
856
899
923
982
1226
1369
1456
1616
1431
1460
1526
1627
1751
1796
1790
1754
1881
1959
1977
1933
1905
1983
1844
1783
1669
1502
1493
1461
1456
1464
1612
1759
1754
1771
1799
1766
1492
1475
1362
1158
1070
1005
938
858
823
766
673
550
528
458
372
301
169
-21
-103
-168
-284
-420
-494
-519
-604
-664
-490
-336
-436
-473
-522
-520
-622
-656
-642
-718
-686
-685
-863
-997
-977
-816
-878
-881
-799
-872
-726
-901
-806
-627
-579
-536
-488
-300
-179
-85
63
146
166
166
342
467
665
793
749
855
879
1049
1036
1019
965
1155
962
831
886
881
946
952
1121
1125
1150
1258
1380
1358
1236
1258
1330
1377
1552
1570
1498
1292
1283
1183
1030
1038
987
875
744
718
587
505
523
544
452
451
443
354
112
-51
-153
-301
-437
-581
-610
-626
-786
-830
-918
-985
-1071
-1155
-1188
-1295
-1333
-1437
-1432
-1531
-1668
-1685
-1678
-1828
-1945
-1919
-2021
-2052
-2165
-2251
-2294
-2390
-2489
-2399
-2480
-2354
-2301
-2354
-2447
-2413
-2225
-2104
-2058
-2090
-1872
-1748
-1800
-1663
-1552
-1525
-1357
-1207
-1157
-1044
-687
-524
-390
-296
-194
-154
-57
69
187
307
269
267
380
447
628
691
741
770
798
699
624
465
505
482
278
299
255
263
223
251
92
207
99
234
404
547
615
600
586
658
470
485
562
525
572
525
521
444
480
453
473
368
278
115
45
-173
-371
-422
-571
-608
-598
-555
-642
-531
-627
-821
-764
-712
-713
-698
-566
-618
-637
-446
-506
-623
-494
-510
-553
-582
-545
-446
-375
-341
-280
-259
-220
-186
-86
60
-19
27
25
109
56
48
36
152
197
110
2
210
250
203
344
320
194
25
7
-74
-90
-28
-11
-56
-40
-122
-142
-61
-36
-20
97
145
141
265
212
315
243
373
412
339
201
281
62
-62
-45
-199
-232
-412
-353
-600
-503
-483
-508
-510
-561
-632
-605
-651
-704
-642
-590
-582
-560
-531
-634
-432
-366
-258
-206
-174
-83
-99
-78
68
137
29
209
195
106
204
284
315
215
267
423
485
465
502
538
610
662
512
425
422
412
443
289
405
333
438
512
319
391
386
468
544
619
704
607
630
605
635
664
514
622
699
585
580
620
565
673
759
939
945
963
889
901
911
915
864
759
727
634
523
393
391
428
433
381
289
420
416
379
395
375
315
305
162
182
216
266
292
330
354
350
378
266
348
350
337
366
299
154
82
141
205
28
140
204
244
254
192
181
129
215
164
222
140
110
-18
-19
-14
3
80
13
141
-43
41
94
185
245
262
418
442
495
371
436
404
427
375
362
277
256
342
269
237
310
507
418
371
349
405
277
197
176
119
-54
-66
-18
-9
-14
-201
-331
-425
-470
-468
-435
-398
-534
-529
-580
-554
-456
-514
-556
-534
-531
-636
-644
-869
-882
-926
-1074
-1127
-1183
-996
-1070
-1110
-1067
-1170
-1090
-1052
-1042
-1056
-1177
-1259
-1194
-1146
-1016
-901
-750
-702
-478
-363
-276
-239
-200
-264
-304
-358
-314
-165
-360
-243
-114
-183
-172
-173
-129
-55
-79
86
168
243
243
308
123
56
166
-38
19
-88
27
-10
67
241
199
301
246
292
327
309
354
405
256
227
45
68
173
332
340
378
520
499
571
558
586
558
643
486
418
321
172
219
274
211
-13
-49
27
-26
-28
-153
-214
-256
-263
-297
-254
-234
-133
-324
-472
-390
-475
-528
-548
-600
-650
-570
-707
-745
-807
-693
-600
-733
-735
-765
-678
-687
-786
-736
-697
-762
-698
-577
-611
-614
-642
-475
-412
-467
-445
-608
-445
-450
-507
-377
-427
-279
-252
-168
-192
-277
-83
-38
-131
-182
-56
-173
-13
54
87
165
229
253
327
388
389
579
503
572
577
568
501
544
577
514
509
457
395
368
451
494
447
376
470
478
623
618
576
571
450
434
350
272
391
441
514
413
426
268
164
273
164
150
36
1
-33
-21
-131
-245
-276
-319
-331
-323
-258
-192
-236
-297
-354
-466
-457
-432
-460
-480
-509
-536
-537
-455
-502
-534
-527
-403
-422
-312
-247
-337
-200
-200
-118
-122
-62
-80
84
224
227
460
452
506
587
754
818
891
998
1098
1295
1253
1389
1331
1323
1252
1115
1116
1018
1006
1045
1118
1111
1000
1148
1140
989
1187
1229
1278
1323
1409
1450
1423
1417
1394
1485
1453
1390
1420
1377
1324
1244
1305
1326
1116
1110
1025
934
855
830
869
745
661
749
680
603
700
574
481
358
241
289
294
235
250
247
248
147
126
77
69
25
49
1
-124
-119
-278
-211
-314
-403
-383
-384
-368
-451
-540
-507
-512
-550
-658
-686
-739
-744
-830
-961
-1018
-809
-893
-998
-811
-884
-926
-901
-842
-788
-589
-575
-553
-545
-547
-432
-533
-288
-388
-459
-148
-232
-174
-205
-201
-39
-20
-11
78
-69
-89
-58
-123
-37
28
61
-4
-100
-118
-68
-101
-196
-150
-127
-248
-304
-351
-436
-568
-702
-857
-864
-841
-921
-900
-819
-780
-804
-813
-779
-572
-530
-432
-405
-459
-328
-348
-381
-380
-255
-254
-241
-74
-15
163
196
126
-80
-95
0
24
100
-36
-185
-236
-181
-65
-96
-8
-44
-56
-97
-165
-187
-149
-178
-309
-279
-216
-126
-121
68
158
153
186
297
166
131
203
218
128
43
126
44
114
80
54
-17
-16
-81
-159
-118
-24
-100
-128
-225
-199
-99
-181
-229
-188
-104
-154
-13
-85
-164
-175
-317
-252
-184
-178
-110
67
46
3
20
-23
-66
-72
39
11
25
12
20
-194
-231
-362
-546
-524
-593
-702
-746
-651
-688
-470
-380
-208
-245
-240
-151
-202
-222
-266
-189
-288
-280
-133
-74
-77
-36
-8
36
60
-72
-109
-111
-282
-362
-347
-382
-344
-306
-172
-170
-241
-334
-430
-506
-646
-493
-565
-474
-546
-559
-420
-557
-593
-495
-503
-457
-442
-531
-690
-612
-552
-589
-556
-446
-312
-451
-245
-204
-221
-168
-159
-22
58
115
182
158
213
413
462
485
537
554
675
764
741
663
572
542
371
286
400
392
326
262
235
125
124
81
60
162
220
140
235
377
448
380
277
250
377
362
421
415
416
605
702
833
794
938
990
1062
1052
948
998
969
917
846
888
775
767
693
557
553
457
534
657
657
707
724
873
960
1019
999
1057
1089
1197
1141
1158
1121
1112
1174
1170
1159
1112
1163
1178
1172
1188
1125
1039
858
712
597
432
461
348
406
324
330
225
136
92
34
10
-20
45
28
-24
-62
-129
-194
-155
-292
-147
-38
-117
56
85
-167
-11
80
-62
100
70
83
131
43
-37
-6
-81
-121
-150
-262
-414
-429
-524
-626
-501
-581
-552
-648
-796
-876
-796
-827
-679
-735
-668
-619
-641
-488
-421
-356
-349
-298
-277
-159
-36
73
39
90
135
229
203
201
181
181
252
268
105
181
184
153
167
212
252
265
362
377
413
376
260
309
249
108
243
179
304
342
252
374
345
307
330
307
424
394
329
434
442
289
380
335
222
187
242
267
208
202
168
66
103
153
189
87
24
53
-139
-223
-219
-186
-235
-177
-187
-184
-286
-224
-260
-251
-216
-342
-287
-260
-208
-195
-90
-53
35
55
38
-22
-118
-12
-139
-116
-146
-135
-240
-407
-377
-526
-442
-540
-603
-741
-815
-893
-978
-1030
-1232
-1323
-1313
-1178
-1081
-983
-841
-743
-874
-782
-716
-733
-779
-716
-736
-762
-769
-781
-682
-572
-543
-472
-353
-354
-273
-172
-185
-188
-107
-167
-241
-294
-384
-408
-525
-612
-791
-933
-880
-917
-1001
-909
-805
-791
-740
-762
-641
-657
-851
-760
-815
-761
-768
-753
-767
-784
-927
-898
-852
-923
-975
-858
-1031
-1001
-904
-1082
-1085
-1158
-1168
-1309
-1290
-1279
-1270
-1358
-1419
-1423
-1458
-1489
-1419
-1529
-1485
-1456
-1494
-1490
-1459
-1386
-1487
-1242
-1099
-1058
-962
-744
-493
-504
-435
-412
-305
-409
-491
-365
-438
-493
-492
-616
-670
-650
-774
-649
-657
-509
-437
-465
-340
-273
-172
-123
23
132
56
238
217
131
368
288
452
509
617
550
435
570
498
569
529
659
747
845
873
834
945
926
908
963
1091
1085
1073
1074
1050
1207
1136
1067
1149
1245
1132
1179
1062
1090
1136
1031
1080
1030
1001
876
1089
1003
941
924
951
1039
917
861
840
782
790
770
774
815
870
722
825
782
739
637
583
593
449
489
510
452
195
192
12
35
-84
-121
-129
-100
-99
-206
-155
-249
-315
-297
-283
-274
-227
-195
-166
-254
-260
-236
-281
-269
-181
-132
-158
-60
-109
-209
-121
-172
-17
54
18
131
131
188
-21
73
75
64
84
-53
61
16
5
-50
38
-32
-104
-172
-159
-193
-152
-90
-53
107
113
138
236
198
187
159
300
502
367
460
652
579
577
566
641
811
716
755
675
650
690
645
569
601
702
726
756
548
547
512
551
575
481
500
415
434
453
476
506
536
606
668
680
762
647
718
743
862
859
820
874
900
870
904
879
702
606
457
374
219
169
71
12
-12
-130
-49
-53
-157
-88
-80
-196
-57
-141
-225
-326
-387
-409
-452
-516
-411
-230
-325
-335
-426
-339
-153
-262
-180
-112
-116
-194
-137
-224
-137
-27
-44
142
-33
-32
-1
6
56
27
38
6
-17
-5
-43
-192
-278
-306
-250
-279
-183
-242
-398
-194
-278
-195
-207
-305
-298
-231
-380
-558
-555
-661
-587
-603
-677
-664
-603
-556
-614
-462
-438
-417
-419
-403
-354
-513
-472
-631
-572
-477
-440
-451
-633
-680
-710
-772
-807
-847
-1006
-851
-808
-842
-685
-627
-684
-495
-454
-529
-414
-450
-499
-513
-505
-564
-551
-640
-706
-660
-854
-836
-812
-871
-843
-724
-764
-699
-627
-771
-812
-752
-861
-839
-742
-834
-752
-864
-792
-759
-635
-596
-681
-524
-427
-320
-279
-137
-189
-183
-73
-14
125
109
88
59
-61
-87
-6
-148
-168
-186
-12
-72
-115
-86
-133
-79
43
6
44
243
290
416
356
387
420
470
432
360
343
435
474
532
498
483
506
443
311
362
429
508
579
516
638
745
813
711
671
724
793
735
686
588
578
688
697
892
937
982
874
838
813
810
771
668
626
549
453
352
160
120
25
16
61
-5
-49
93
32
-107
-31
-9
26
98
138
195
283
309
252
179
187
184
224
99
90
-33
71
79
114
152
147
-3
-166
-66
-148
-158
-29
62
239
321
206
228
262
268
317
241
210
188
238
334
276
214
117
33
3
-3
23
69
11
104
212
243
287
294
320
188
229
34
-23
11
-30
-179
57
77
72
133
72
170
226
194
228
371
335
429
473
724
784
887
959
1005
995
1123
1201
1084
1214
1207
1244
1135
1246
1182
1036
1004
914
997
949
814
928
862
816
823
748
750
774
620
571
774
672
638
682
755
708
726
682
675
645
636
663
635
707
808
714
669
757
793
698
684
607
706
802
799
806
891
833
871
912
979
1095
1137
1191
1083
1019
1095
1117
1130
1219
1111
1045
1066
1061
944
905
760
599
675
614
478
410
234
290
141
106
100
128
-2
-40
-6
-122
-119
-102
-69
-150
-9
-102
-274
-404
-399
-572
-594
-688
-749
-643
-764
-784
-852
-682
-652
-614
-542
-500
-437
-432
-346
-231
-243
-185
-55
-233
-248
-278
-463
-566
-615
-481
-649
-536
-642
-676
-649
-677
-501
-505
-323
-345
-195
-236
-356
-266
-403
-363
-258
-245
-225
-375
-207
-298
-255
-217
-279
-166
-263
-124
-152
-170
-134
-106
-149
-110
-82
-309
-376
-420
-549
-539
-522
-222
-198
-179
-113
-41
-44
-34
-58
-25
-87
-168
-256
-367
-404
-447
-448
-601
-444
-526
-558
-520
-532
-447
-650
-664
-580
-655
-580
-646
-668
-643
-695
-755
-683
-654
-719
-618
-559
-362
-215
-295
-284
-262
-250
-209
-245
-263
-140
-185
-214
-260
-174
-147
-145
-57
130
122
187
184
34
-33
-31
-91
-138
-194
-362
-421
-415
-338
-445
-452
-440
-421
-514
-452
-479
-661
-547
-513
-491
-362
-305
-209
-225
-196
-142
-210
-212
-215
-221
-109
-111
-20
119
52
155
210
321
313
263
245
120
-70
-87
-14
-173
-268
-341
-369
-284
-377
-358
-130
-129
-150
-123
-91
-200
-134
48
18
172
314
552
432
473
524
408
645
419
377
371
398
454
451
420
360
414
351
298
265
295
129
74
54
65
-33
-5
44
-4
66
-8
28
53
76
-8
-154
21
-112
-108
-76
11
55
216
443
467
432
361
447
327
434
506
477
458
500
430
281
227
308
372
317
160
229
225
296
347
281
307
303
518
610
564
525
514
600
578
573
656
663
670
549
534
526
587
526
555
772
762
692
714
735
616
469
472
462
500
485
588
554
465
377
267
342
314
256
220
156
121
162
-10
-33
-83
3
-61
-84
-81
43
-7
-227
-113
-86
-77
31
0
-32
-13
-5
32
165
173
183
202
121
277
270
346
213
122
150
-11
-17
-59
-12
-43
25
-15
-55
95
79
303
363
489
449
459
676
590
749
703
607
713
656
580
510
496
512
458
422
268
245
142
-29
-35
-190
-279
-427
-422
-519
-446
-446
-520
-618
-788
-879
-990
-1017
-1061
-1087
-1121
-1022
-853
-974
-1017
-934
-923
-802
-840
-738
-770
-838
-800
-787
-744
-614
-538
-521
-378
-449
-304
-304
-290
-305
-298
-349
-255
-232
-197
-116
-180
-195
-211
-43
-164
-194
-128
-242
-151
-147
-223
-282
-396
-427
-373
-441
-414
-409
-383
-312
-229
-248
-276
-234
-160
-254
-428
-461
-444
-294
-222
-85
-62
-121
34
27
-65
14
64
-31
-111
-140
-308
-366
-401
-358
-411
-555
-605
-602
-730
-714
-638
-687
-794
-758
-740
-823
-724
-675
-640
-509
-510
-604
-521
-514
-538
-507
-514
-587
-617
-607
-590
-624
-629
-631
-702
-745
-778
-870
-899
-907
-955
-915
-836
-983
-1056
-959
-1120
-1069
-1110
-1133
-1133
-1083
-1100
-1205
-1051
-1168
-1165
-1146
-1149
-935
-842
-863
-731
-718
-567
-444
-522
-669
-723
-804
-881
-824
-854
-694
-696
-604
-569
-640
-662
-702
-590
-677
-595
-612
-577
-599
-662
-752
-740
-748
-675
-769
-719
-640
-801
-772
-822
-756
-598
-346
-295
-43
41
96
216
260
329
415
425
340
432
405
383
354
315
396
355
288
360
390
416
275
289
401
375
435
360
245
141
186
170
49
40
97
-41
-118
-25
-92
71
3
-3
30
123
1
96
214
218
357
341
266
277
168
3
-73
-29
-9
-58
-65
-100
16
13
148
147
285
208
201
65
72
-19
-11
16
-2
112
209
299
369
365
338
410
413
608
691
832
841
766
876
885
792
746
555
394
409
357
388
316
372
413
402
476
503
457
277
437
469
494
518
414
536
542
571
637
798
840
953
874
912
932
933
1110
881
1017
1019
977
986
1059
961
1022
1087
859
884
960
849
831
919
831
835
882
763
844
1008
837
893
890
772
598
491
484
434
318
257
242
193
230
176
63
-57
9
-16
-18
-14
64
135
95
106
153
242
280
179
169
107
42
81
9
101
119
103
100
156
179
100
34
44
8
-12
64
46
135
169
174
320
488
484
302
138
2
-73
-94
-91
-162
-137
-336
-339
-483
-552
-489
-586
-389
-416
-468
-460
-588
-727
-581
-489
-484
-478
-344
-475
-643
-640
-677
-721
-690
-649
-788
-675
-579
-641
-574
-529
-480
-299
-389
-534
-456
-573
-583
-554
-565
-570
-513
-304
-259
-224
-69
-79
-59
-60
-116
-27
-156
-268
-221
-309
-367
-324
-399
-341
-579
-678
-623
-639
-673
-772
-724
-714
-682
-750
-721
-706
-585
-504
-533
-530
-386
-304
-246
-296
-224
-219
-345
-413
-492
-439
-459
-589
-688
-745
-769
-680
-575
-535
-592
-703
-800
-843
-858
-735
-600
-689
-664
-530
-693
-673
-737
-779
-767
-801
-795
-839
-817
-862
-726
-934
-954
-893
-862
-698
-814
-669
-555
-542
-582
-717
-508
-509
-499
-433
-371
-290
-432
-327
-226
-41
-68
25
35
2
163
159
147
149
52
-60
-46
-220
-108
-120
-72
3
42
-71
64
207
132
276
339
173
179
331
307
426
430
682
623
709
732
631
639
579
640
610
667
624
569
680
623
699
680
578
547
592
633
763
891
895
859
741
621
525
513
413
456
501
501
512
371
181
171
141
196
255
281
329
360
423
473
592
621
637
800
776
742
677
443
407
294
391
432
427
467
501
518
579
604
636
631
538
489
486
400
345
480
536
538
556
650
535
671
841
784
901
860
913
877
787
841
791
854
725
623
628
625
697
823
700
523
581
509
484
435
422
391
422
373
260
211
233
314
182
316
303
392
437
312
279
208
202
175
171
89
270
298
239
320
432
446
362
442
504
416
455
448
337
277
244
97
90
36
80
-36
-4
84
88
92
131
282
202
178
118
57
2
10
0
36
-40
52
198
246
189
228
297
193
403
425
510
468
446
378
411
427
243
80
-24
-223
-445
-366
-388
-192
-232
-249
-154
-140
-87
46
55
141
18
-36
-22
-104
-123
-100
-82
-248
-298
-330
-419
-357
-312
-403
-383
-304
-253
-201
-33
-12
70
91
176
191
225
257
307
381
223
229
240
175
181
244
190
62
-45
-209
-140
-233
-161
-28
-154
-67
-226
-291
-305
-341
-433
-374
-261
-379
-264
-206
-374
-391
-335
-304
-386
-202
-184
-348
-335
-344
-322
-297
-223
-179
-189
-177
-285
-238
-220
-325
-339
-440
-296
-298
-401
-345
-329
-375
-331
-370
-342
-340
-472
-514
-500
-510
-398
-372
-490
-529
-559
-563
-634
-584
-734
-679
-552
-515
-424
-545
-509
-510
-594
-477
-439
-565
-409
-467
-421
-397
-438
-285
-370
-459
-403
-430
-549
-489
-372
-395
-258
-345
-431
-501
-458
-353
-352
-410
-403
-192
-291
-133
36
71
144
102
170
191
205
209
186
351
392
451
537
545
506
440
529
402
531
475
418
409
421
451
453
524
593
685
661
778
582
508
544
527
536
495
436
369
357
375
89
182
220
183
174
-24
71
31
-25
-165
-154
-199
-278
-156
-142
-6
-37
-74
-36
-40
13
-84
-128
-219
-306
-447
-598
-623
-693
-674
-550
-601
-565
-497
-505
-499
-426
-414
-646
-439
-350
-413
-295
-330
-366
-306
-296
-143
-45
51
202
50
148
255
295
336
377
298
305
237
166
149
-13
-85
-108
-156
-175
-5
-27
12
13
34
21
95
120
205
161
151
142
88
243
35
118
-89
109
169
127
166
128
295
232
170
221
392
351
247
215
341
422
404
490
548
532
456
564
476
634
727
822
958
954
863
706
936
918
796
918
991
1014
945
1014
1099
1216
1259
1016
1014
1058
1009
879
912
1007
884
742
784
850
811
692
704
728
605
519
553
399
495
488
492
532
507
512
463
441
537
565
508
462
445
554
494
473
493
591
501
453
379
252
171
146
177
166
118
299
140
149
190
75
63
24
42
-80
-111
-102
-78
-127
-119
-26
35
19
116
230
170
176
196
66
2
-15
-75
-5
7
126
213
181
232
186
138
267
266
284
264
321
200
245
130
122
142
77
58
-185
-181
-136
-86
-123
-146
9
-29
-77
-50
-38
-230
-222
-215
-260
-314
-332
-259
-159
-201
-180
-3
-38
64
120
50
-44
35
86
36
152
184
174
213
182
73
-80
-167
-221
-433
-462
-584
-794
-862
-872
-1020
-911
-875
-951
-1065
-1074
-907
-904
-950
-857
-667
-635
-509
-495
-309
-352
-442
-345
-416
-492
-410
-369
-482
-381
-281
-379
-378
-387
-491
-589
-627
-636
-773
-699
-558
-512
-675
-666
-642
-727
-758
-771
-822
-946
-1020
-1122
-1053
-1040
-1039
-1042
-1033
-1001
-936
-883
-759
-711
-610
-589
-535
-585
-630
-601
-611
-589
-670
-721
-683
-555
-581
-409
-394
-438
-401
-302
-288
-331
-348
-322
-411
-470
-367
-356
-225
-214
-233
-101
-149
-104
-33
83
206
309
395
528
541
529
512
434
375
244
214
242
270
301
306
394
368
389
309
274
204
138
24
-33
-47
17
-10
-95
-67
-232
-207
-239
-241
-319
-430
-339
-524
-520
-437
-559
-418
-484
-570
-528
-563
-578
-610
-696
-737
-769
-724
-587
-523
-505
-347
-257
-37
-115
-115
-180
-259
-174
-208
-159
-78
32
-15
120
313
257
162
210
230
209
253
234
175
180
251
231
318
209
275
216
331
359
250
263
133
162
53
94
108
48
-9
39
-13
49
93
77
208
258
248
256
185
117
135
-64
-208
-219
-329
-445
-359
-426
-476
-412
-509
-392
-368
-410
-419
-438
-543
-504
-394
-289
-312
-318
-183
-229
-71
-16
10
89
83
372
484
599
635
610
691
689
562
634
654
613
729
549
713
572
600
754
777
748
906
940
864
973
938
986
1008
1110
1038
1015
1123
1125
1105
1183
1129
1146
1007
1197
1189
1081
1115
944
879
825
725
714
653
531
451
366
300
136
-6
-6
-112
-93
32
-39
-35
-32
-123
-173
-279
-176
-76
-102
-34
2
-14
-182
-104
46
10
-15
-68
-140
-148
-295
-459
-368
-401
-327
-155
-189
-222
-147
-43
-158
-78
-134
-146
-221
-353
-393
-429
-434
-254
-158
-39
96
170
98
116
165
91
110
152
147
107
196
193
415
432
398
523
497
457
389
353
371
203
359
337
217
266
162
-41
-148
-251
-422
-471
-406
-329
-403
-424
-345
-375
-356
-412
-473
-657
-636
-713
-689
-504
-530
-485
-474
-432
-523
-510
-627
-479
-459
-471
-492
-492
-394
-500
-492
-563
-580
-475
-419
-350
-197
-240
-268
-206
-137
-254
-259
-305
-376
-318
-285
-312
-307
-335
-414
-465
-354
-276
-402
-282
-227
-148
-62
-57
98
182
206
249
242
109
143
81
38
131
138
45
90
155
155
78
51
56
66
61
-131
-188
-308
-357
-356
-466
-561
-509
-651
-772
-696
-881
-880
-751
-736
-753
-515
-505
-480
-556
-575
-517
-660
-750
-778
-799
-773
-822
-857
-894
-979
-875
-1029
-1102
-1009
-1102
-955
-936
-1059
-913
-950
-796
-736
-699
-614
-543
-620
-698
-879
-698
-513
-510
-262
-292
-170
-33
-81
-100
-224
-220
-173
-243
-183
-168
-126
-119
-184
-185
-159
-113
-75
-89
-148
-160
-217
-204
-270
-343
-285
-395
-255
-116
-156
-41
2
10
45
100
192
230
220
187
159
132
-9
20
-82
-48
-75
-142
34
213
200
273
314
335
272
238
347
156
210
181
195
66
-82
-43
-152
-182
-148
-31
38
72
173
123
173
130
83
194
123
189
218
151
279
288
363
495
567
496
568
652
682
769
776
911
904
1061
1110
1322
1384
1219
1289
1317
1357
1327
1345
1382
1442
1552
1387
1214
1226
1124
1079
932
842
846
699
708
661
695
794
661
696
640
595
574
382
531
555
619
766
690
839
983
1012
892
836
852
861
882
877
916
744
777
902
939
918
800
886
816
798
817
901
937
865
1000
1024
942
863
843
795
789
694
758
744
605
592
568
644
691
558
604
553
555
539
364
448
267
229
194
356
371
393
371
300
357
236
224
202
179
160
232
65
133
46
29
23
99
183
112
223
186
301
286
352
298
144
187
185
115
364
393
394
484
531
476
349
334
413
295
212
326
203
199
216
88
69
-43
16
-5
-84
-45
-216
-353
-391
-517
-361
-157
-167
-105
-213
-339
-357
-294
-258
-181
-31
118
83
6
48
35
55
144
105
188
236
270
360
276
103
115
237
149
262
180
250
163
114
30
-14
22
-88
-140
-239
-200
-480
-502
-557
-515
-625
-668
-586
-666
-652
-591
-607
-628
-500
-580
-584
-543
-549
-530
-484
-610
-466
-399
-357
-366
-397
-207
-104
-92
72
125
14
25
-180
-229
-164
-330
-287
-245
-283
-276
-195
-271
-154
-127
-390
-360
-371
-378
-513
-473
-261
-372
-279
-291
-235
-59
-126
-101
-73
-29
-193
-214
-180
-332
-387
-322
-415
-526
-689
-763
-796
-654
-628
-612
-617
-626
-545
-660
-545
-735
-720
-723
-880
-737
-716
-712
-875
-915
-797
-813
-750
-793
-755
-789
-705
-688
-760
-637
-739
-794
-811
-762
-660
-637
-589
-779
-718
-629
-526
-476
-377
-333
-359
-363
-361
-198
-195
-141
-113
-146
-204
-256
-200
-98
65
47
137
241
379
368
320
444
468
338
410
379
298
328
397
371
307
480
655
664
682
703
533
504
580
525
450
358
331
294
209
101
-31
-81
41
31
-12
-25
-49
-5
-86
-87
-119
-223
-152
-136
-258
-327
-258
-169
-232
-256
-290
-135
-169
-106
90
95
86
273
307
340
443
525
592
713
695
637
749
639
595
591
731
817
742
780
862
796
681
736
742
736
598
550
553
611
632
623
718
696
699
710
817
725
609
555
537
638
466
507
567
565
483
381
376
390
276
132
-6
-114
-167
-108
-84
-24
79
4
10
5
6
-97
-61
-55
-62
-43
-18
61
58
32
12
-32
-93
27
15
35
151
77
88
-39
193
103
-6
62
-22
-77
-45
7
-80
60
111
153
186
89
44
48
-66
-79
-108
-141
-225
-190
-190
-315
-337
-250
-247
-247
-166
-60
-160
-147
-42
24
220
236
240
202
369
408
473
362
338
438
425
479
281
344
344
164
115
-26
-133
-117
-244
-250
-283
-177
-80
-230
-111
-213
-132
-25
33
178
151
172
348
257
237
383
296
295
324
267
326
401
545
549
441
488
516
495
431
343
398
328
368
407
315
367
379
416
489
544
650
535
531
272
205
87
9
-7
-86
-19
-83
99
261
388
239
348
292
335
263
104
117
81
133
63
5
9
-63
-22
35
-37
-136
-201
-327
-467
-465
-490
-505
-593
-673
-674
-813
-917
0
0
0
0
0
0
0
0
0
0
0
0
0
0
0
0
0
0
0
0
0
0
0
0
0
0
0
0
0
0
0
0
0
0
0
0
1
0
0
0
0
-1
0
0
0
0
0
0
0
0
0
0
0
0
0
0
0
0
0
0
0
0
0
0
0
0
0
0
0
0
1
0
0
0
0
0
0
0
0
0
0
0
0
0
0
0
0
0
0
0
0
0
0
0
0
0
1
1
0
0
0
-1
1
1
0
0
0
0
0
0
0
0
0
0
0
1
0
0
0
0
0
0
0
0
0
0
0
0
0
0
0
0
0
0
0
0
0
0
0
0
0
0
0
0
0
0
0
1
0
1
0
0
0
0
0
0
1
0
0
1
-1
0
0
0
0
0
0
0
0
0
0
0
-1
0
-1
0
0
0
0
0
-1
0
0
0
0
0
0
0
0
0
0
0
0
0
0
0
-1
0
0
0
0
0
0
1
0
0
0
0
0
0
0
0
0
0
0
0
0
0
0
1
0
1
0
0
0
0
1
0
0
0
-1
0
0
0
0
0
0
0
0
0
0
0
0
0
0
0
0
0
0
0
0
0
0
0
0
0
0
0
0
0
0
0
0
0
0
0
0
0
0
0
0
0
0
