0
0
0
0
0
0
0
0
0
0
0
0
0
0
0
0
0
0
0
0
0
0
0
0
0
0
0
0
0
0
0
0
0
0
0
0
1
0
0
0
0
-1
0
0
0
0
0
0
0
0
0
0
0
0
0
0
0
0
0
0
0
0
0
0
0
0
0
0
0
0
1
0
0
0
0
0
0
0
0
0
0
0
0
0
0
0
0
0
0
0
0
0
0
0
0
0
1
1
0
0
0
-1
1
1
0
0
0
0
0
0
0
0
0
0
0
1
0
0
0
0
0
0
0
0
0
0
0
0
0
0
0
0
0
0
0
0
0
0
0
0
0
0
0
0
0
0
0
1
0
1
0
0
0
0
0
0
1
0
0
1
-1
0
0
0
0
0
0
0
0
0
0
0
-1
0
-1
0
0
0
0
0
-1
0
0
0
0
0
0
0
0
0
0
0
0
0
0
0
-1
0
0
0
0
0
0
1
0
0
0
0
0
0
0
0
0
0
0
0
0
0
0
1
0
1
0
0
0
0
1
0
0
0
-1
0
0
0
0
0
0
0
0
0
0
0
0
0
0
0
0
0
0
0
0
0
0
0
0
0
0
0
0
0
0
0
0
0
0
0
0
0
0
0
0
0
0
2306
2148
2063
2183
2003
1901
1780
1627
1555
1654
1648
1505
1379
1049
945
622
360
393
402
468
491
589
591
502
644
445
349
569
655
908
752
584
428
483
293
243
290
420
336
337
551
482
563
567
673
680
687
733
620
631
427
459
808
795
822
986
915
723
631
387
301
492
584
752
596
438
299
146
6
-162
-305
-456
-395
-651
-873
-1039
-985
-984
-970
-1186
-1432
-1341
-1509
-1567
-1511
-1589
-1676
-1851
-2111
-2519
-2677
-2837
-2993
-3258
-3234
-3190
-3124
-2734
-2559
-2418
-2392
-2197
-2112
-2256
-2215
-2127
-2389
-2460
-2494
-2490
-2616
-2620
-2542
-2541
-2432
-2489
-2381
-2310
-2110
-2038
-1920
-1684
-1448
-1407
-1198
-895
-963
-1043
-1047
-1092
-1352
-1500
-1592
-1672
-1777
-1680
-1499
-1276
-980
-544
-199
38
256
480
651
723
759
605
789
999
1103
1107
1131
961
669
533
643
707
700
943
1543
1869
2249
2462
2346
2424
2195
1913
1521
1363
1213
836
685
691
661
757
877
982
1207
1486
1673
1951
1874
1721
1704
1536
1384
1094
914
741
948
735
1063
1210
972
1180
1443
1377
1443
1682
1739
1830
1814
1899
1770
1602
1410
1368
1239
1122
947
648
746
650
784
1016
1189
1334
1394
1676
2009
2205
2195
2092
1808
1567
1293
773
412
96
-132
-258
-438
-163
260
539
749
917
1277
1357
1332
1605
1526
1722
1696
1552
1412
1137
906
455
373
215
-290
-552
-570
-540
-559
-210
156
390
558
666
687
791
587
506
516
219
249
136
130
176
176
85
45
-177
-375
-450
-527
-346
-425
-367
-263
-298
-138
-373
-490
-511
-580
-775
-892
-1046
-1119
-1240
-1283
-1183
-947
-764
-716
-628
-292
-140
-165
-13
-12
-137
-203
-313
-545
-843
-1083
-1358
-1553
-1596
-1756
-1857
-1977
-1795
-1717
-1714
-1336
-959
-765
-627
-574
-618
-641
-611
-826
-999
-1044
-1056
-1243
-1851
-2211
-2190
-2401
-2696
-2916
-2878
-2745
-2439
-2187
-1808
-1361
-1087
-789
-921
-937
-1023
-1125
-1305
-1482
-1525
-1708
-2002
-2021
-1790
-1596
-1470
-1285
-947
-709
-520
-111
107
-48
-246
-491
-849
-993
-1038
-1088
-1174
-1338
-1477
-1494
-1460
-1453
-1568
-1397
-1085
-1003
-821
-855
-658
-466
-720
-983
-1004
-1274
-1558
-1482
-1936
-2137
-2101
-1987
-1801
-1600
-1320
-1203
-1039
-906
-683
-459
-567
-362
-261
-245
-322
-239
-258
-307
-112
-287
-283
-262
-314
-517
-556
-736
-694
-355
-94
169
330
337
547
537
537
743
841
933
981
1208
1216
979
1011
945
832
1047
897
1123
1474
1679
1974
2185
2530
2838
2857
2950
2688
2509
2268
1953
1821
1898
1938
1682
1815
1942
2262
2539
2641
2948
3192
3295
3192
3025
2765
2696
2349
2045
1645
1428
1348
1236
1326
1253
1183
1203
1105
1188
1319
1364
1551
1848
1747
1819
1746
1467
1394
1052
813
466
232
105
-105
-414
-461
-340
-192
-66
191
409
363
521
477
668
771
665
631
516
343
230
437
514
630
799
894
809
861
824
767
791
889
770
816
1068
866
960
1015
900
1064
1053
1061
890
838
674
506
435
385
277
271
354
247
339
430
344
91
41
-209
-329
-385
-496
-487
-655
-650
-500
-572
-573
-432
-312
-185
-170
-261
-357
-559
-655
-707
-770
-728
-614
-654
-746
-718
-760
-621
-472
-151
-31
12
-185
-468
-636
-1221
-1783
-2053
-2318
-2469
-2453
-2448
-2249
-2301
-2449
-2530
-2457
-2182
-1964
-1796
-1505
-1691
-1622
-1661
-1771
-1943
-2294
-2679
-2954
-3057
-3164
-3163
-3188
-3147
-3139
-2954
-2731
-2405
-1959
-1549
-1287
-1219
-1292
-1394
-1474
-1596
-1717
-1864
-1724
-1754
-1781
-1650
-1636
-1401
-1159
-830
-596
-350
-215
-214
-179
-319
-435
-346
-163
57
241
282
293
218
51
-251
-415
-625
-826
-814
-761
-759
-766
-358
-68
91
262
252
275
187
111
127
-13
-28
62
55
40
-103
-253
-283
-210
-170
-24
270
662
1044
1274
1475
1807
1917
2162
2141
2035
1907
1609
1350
1260
1165
1011
1268
1574
1818
2218
2581
2878
3052
3467
3754
3754
3780
3460
3264
3076
2792
2303
1839
1447
1135
927
760
631
756
950
1061
1210
1316
1486
1681
1588
1532
1310
904
680
595
497
97
-182
-359
-599
-674
-703
-600
-511
-449
-383
-307
-235
-416
-375
-396
-453
-420
-694
-668
-811
-947
-1231
-1235
-1434
-1601
-1742
-1593
-1202
-1148
-1052
-963
-806
-789
-734
-604
-428
-465
-338
-236
-232
-324
-312
-487
-490
-427
-295
-317
-436
-369
-377
-340
-281
-67
127
520
673
845
1039
1000
892
649
206
-225
-532
-800
-1039
-1171
-1164
-1097
-959
-652
-388
-52
225
304
336
216
-27
-265
-157
-388
-566
-592
-653
-642
-706
-608
-592
-546
-282
-250
-167
-30
-86
59
62
-3
-116
-272
-272
-285
-114
-36
6
236
396
356
268
-4
-367
-742
-1061
-1419
-1523
-1670
-1684
-1541
-1407
-877
-445
-165
26
160
195
75
80
-118
-481
-682
-970
-1197
-1326
-1263
-897
-600
-445
-247
-47
288
208
181
68
6
-145
-479
-577
-820
-712
-752
-928
-840
-829
-695
-366
-187
90
298
403
469
348
271
73
-314
-602
-761
-849
-654
-656
-485
-386
-383
-409
-203
-208
-284
-172
-31
149
315
716
776
1012
1033
1009
762
576
554
221
88
-16
101
-4
-25
242
394
668
964
1225
1341
1628
1828
1741
1746
1848
1738
1272
1399
1220
1307
1309
1274
1227
1233
1382
1485
1946
2118
2247
2393
2443
2289
2151
2178
1904
1453
1475
1281
967
890
688
543
471
277
358
382
262
282
304
304
512
652
891
912
940
902
943
1073
817
620
339
192
-148
-443
-561
-737
-885
-923
-731
-565
-389
-242
121
464
696
943
1147
1212
1389
1087
607
414
-64
-487
-918
-1430
-1681
-2029
-2076
-2054
-1911
-1626
-1329
-1128
-841
-832
-891
-834
-1284
-1605
-1933
-2104
-2082
-2054
-2031
-1855
-1534
-1449
-1203
-968
-863
-833
-1120
-1291
-1346
-1652
-1627
-1458
-1540
-1452
-1286
-1343
-1381
-1389
-1577
-1589
-1470
-1289
-1086
-1100
-999
-939
-960
-883
-755
-550
-460
-377
-145
-124
-129
135
249
410
383
345
338
273
80
-72
-56
86
243
318
684
760
821
724
750
688
474
456
450
335
158
45
-163
78
155
365
365
464
557
711
876
633
638
538
525
365
147
-142
-226
-145
-124
-146
-187
-105
-48
21
426
537
723
823
905
1025
906
888
809
556
171
17
-84
-308
-413
-337
-218
-264
-35
-77
-152
-63
-223
-171
-333
-388
-489
-616
-510
-447
-470
-358
-300
-357
-247
-150
-151
-186
-166
-269
-99
-230
-236
37
47
123
244
156
104
155
138
120
-26
-154
-240
-146
-120
5
128
354
631
638
637
457
553
528
744
815
735
974
922
1092
1082
1019
1106
1118
1040
1067
999
933
982
987
1107
1234
1468
1714
1888
2105
2002
2214
2452
2241
2024
1754
1582
1376
1254
1198
1300
1443
1442
1453
1556
1739
1892
2076
2169
2133
2018
1951
1728
1616
1415
1140
1158
1065
944
979
1062
1046
1279
1331
1327
1428
1338
1248
1127
792
532
503
484
427
308
201
400
456
346
472
505
450
376
187
18
-231
-504
-542
-410
-425
-458
-332
-198
48
307
355
437
528
425
332
232
-102
-352
-531
-435
-606
-661
-670
-919
-798
-851
-964
-959
-910
-803
-557
-386
-435
-513
-563
-821
-1130
-1239
-1559
-1952
-2328
-2390
-2409
-2291
-1913
-1535
-1076
-540
-334
-126
36
-110
-197
-412
-519
-681
-936
-1073
-1342
-1539
-1452
-1384
-1274
-1009
-746
-554
-187
159
672
720
723
734
731
557
339
291
165
51
-154
-216
-326
-129
43
239
439
285
236
174
111
63
-7
-283
-439
-501
-577
-567
-669
-725
-721
-907
-789
-976
-1007
-991
-948
-953
-1054
-1099
-1123
-1037
-1187
-983
-869
-612
-643
-587
-516
-371
-371
-594
-596
-812
-885
-1048
-880
-900
-849
-992
-796
-516
-293
-46
186
386
572
669
749
1013
852
558
394
357
271
230
341
420
394
296
290
470
537
694
755
682
678
707
699
857
928
908
1063
972
749
457
442
226
-186
-204
-233
-354
-494
-347
-259
26
-22
62
323
340
382
144
0
-328
-463
-641
-822
-825
-942
-892
-765
-623
-613
-603
-596
-470
-320
-251
-285
-292
-339
-542
-694
-620
-623
-327
-66
36
101
56
-66
-132
-98
-281
-271
-167
56
85
116
242
414
567
277
260
235
168
-101
-340
-316
-361
-244
-342
35
292
411
720
815
1097
1085
1270
1360
1221
1369
1136
935
776
625
324
114
223
172
9
-14
67
-25
-31
146
236
233
335
303
308
182
96
-111
-172
-369
-697
-883
-907
-1026
-1039
-933
-964
-847
-749
-829
-981
-1014
-1179
-1097
-970
-939
-975
-1091
-1017
-911
-1040
-803
-706
-726
-639
-553
-574
-689
-720
-743
-780
-779
-516
-406
-222
-149
58
-3
-8
-140
-304
-309
-350
-517
-512
-382
-281
-70
-110
-73
43
28
83
215
385
343
427
505
626
663
622
520
431
196
-53
-121
-235
-147
-87
24
375
565
729
851
1055
921
926
871
706
582
368
271
91
11
1
-178
-279
-195
-215
-34
96
212
338
482
566
605
633
640
634
540
550
490
319
278
84
-17
-30
-24
63
188
290
217
259
380
571
504
502
490
598
542
449
494
351
532
586
620
769
788
733
823
571
358
375
270
155
-140
-20
13
-23
-111
-94
-8
52
243
286
236
70
53
-185
-254
-368
-474
-431
-503
-211
-136
-94
34
38
-3
7
-51
56
276
218
137
16
-138
-198
-325
-477
-532
-510
-568
-819
-681
-319
-177
117
284
443
623
522
577
600
252
73
48
-67
-57
-103
-281
-262
-353
-347
-533
-456
-525
-584
-217
-333
-214
-279
-45
68
151
310
260
338
307
485
410
342
304
15
-56
-325
-450
-463
-469
-225
-186
87
362
544
844
1026
1227
1301
1174
1085
1011
950
726
569
252
103
-69
-223
-46
59
99
193
404
425
450
671
621
645
489
351
142
-215
-334
-547
-707
-907
-1068
-1215
-1180
-1021
-879
-562
-297
-332
-110
-131
-237
-264
-381
-377
-232
-344
-331
-260
-437
-226
-449
-584
-767
-857
-888
-1009
-1028
-960
-945
-874
-913
-684
-631
-692
-633
-719
-742
-936
-1192
-1189
-1330
-1597
-1636
-1938
-1980
-2028
-1617
-1287
-1013
-589
-485
-666
-725
-843
-1070
-1258
-1568
-1839
-1967
-2218
-2368
-2306
-2174
-2113
-2038
-1754
-1642
-1394
-1088
-632
-421
-355
-334
-349
-393
-633
-996
-1363
-1582
-1691
-1640
-1511
-1595
-1404
-1110
-779
-598
-442
-336
-272
-75
-227
-269
-170
-108
24
-129
-198
-136
-73
-49
-79
-366
-455
-479
-721
-749
-702
-680
-635
-518
-595
-237
-195
-66
202
49
199
-11
-138
-379
-514
-683
-472
-396
-259
-19
181
494
630
833
866
1020
957
825
764
797
785
836
793
811
934
811
1016
1216
1247
1277
1471
1663
1872
1896
1971
1999
2046
2016
1804
1678
1523
1252
1042
770
390
367
289
478
410
529
806
769
1190
1423
1500
1611
1779
1527
1312
1176
592
424
-54
-397
-434
-430
-345
-379
-203
163
399
412
646
778
859
981
847
714
504
319
12
-256
-486
-556
-663
-848
-830
-799
-561
-457
-270
-35
114
333
368
558
519
385
442
362
125
-88
-232
-440
-711
-685
-763
-842
-920
-932
-811
-811
-634
-434
-91
103
286
428
411
498
494
192
102
58
-210
-474
-507
-586
-670
-560
-678
-439
-298
-30
168
456
663
979
1160
1131
1123
1014
888
544
234
-272
-345
-429
-261
-277
-370
-171
-83
41
51
279
472
511
579
601
768
818
951
946
931
806
685
592
441
399
419
417
469
571
542
459
448
338
165
225
192
83
68
68
-127
-386
-655
-691
-664
-629
-504
-432
-496
-713
-705
-785
-913
-953
-856
-787
-867
-942
-770
-742
-889
-973
-931
-887
-960
-984
-900
-839
-928
-857
-837
-714
-637
-638
-630
-576
-437
-338
-178
-138
-24
26
-125
-151
-517
-510
-396
-457
-603
-665
-563
-469
-354
-327
-44
-130
-256
-397
-539
-632
-756
-957
-1081
-1153
-1122
-1082
-905
-764
-721
-519
-611
-543
-690
-900
-972
-1174
-1197
-1262
-1429
-1501
-1353
-1194
-1143
-1136
-894
-665
-580
-545
-503
-451
-318
-299
-417
-471
-664
-685
-673
-554
-494
-341
-175
-232
-125
-132
-270
-268
-19
-15
39
23
208
441
513
622
722
845
853
786
752
830
741
663
568
489
452
510
592
638
683
699
694
681
631
407
467
435
280
241
127
46
55
146
209
257
366
485
536
712
677
683
517
515
577
462
429
369
490
335
232
286
175
285
322
315
472
525
765
867
881
1069
1116
1382
1402
1373
1595
1495
1556
1376
1352
1351
1138
925
835
1015
1004
964
1055
1086
1324
1414
1556
1651
1654
1477
1448
1711
1563
1418
1229
1199
1210
1077
1044
953
916
983
1156
1241
1372
1281
1347
1340
1351
1441
1375
1204
1241
980
590
573
507
254
75
4
103
2
-102
-95
-217
-143
-26
-145
-110
8
-94
-65
-133
-256
-397
-441
-649
-851
-949
-1061
-1126
-1202
-1382
-1370
-1233
-1140
-1048
-881
-878
-801
-697
-635
-588
-497
-274
-463
-337
-454
-762
-658
-757
-849
-995
-1143
-951
-815
-876
-917
-700
-662
-742
-486
-516
-690
-608
-740
-772
-769
-626
-680
-793
-671
-791
-660
-533
-403
-462
-330
-295
-300
-103
-12
51
262
568
722
684
607
560
496
423
380
199
203
207
206
451
298
496
838
1019
1129
1186
1253
1126
1098
984
920
831
633
507
434
185
180
62
132
147
252
442
529
659
679
718
776
467
448
544
504
428
369
314
246
326
327
390
368
343
411
240
292
150
13
190
338
400
392
625
509
596
733
744
859
752
686
606
582
513
273
279
95
-1
78
12
50
258
247
510
792
883
1086
1082
1154
1212
911
635
664
527
314
279
226
271
463
508
480
474
345
291
266
170
254
246
-19
-147
-79
-175
-504
-478
-387
-500
-427
-273
-415
-493
-592
-721
-599
-634
-646
-693
-708
-784
-800
-540
-453
-421
-265
-343
-287
-365
-428
-214
-336
-364
-289
-399
-503
-515
-498
-520
-289
-134
6
231
217
274
447
385
242
-18
-131
-71
-151
-265
-206
-282
-311
-285
-294
64
167
437
668
500
709
588
582
647
423
367
98
-115
-193
-456
-407
-430
-559
-432
-331
-258
-239
-204
-193
-346
-226
-265
-247
-180
-180
-405
-416
-487
-745
-713
-796
-887
-625
-547
-708
-420
-484
-321
-215
-104
156
230
289
300
375
242
134
347
344
307
535
472
275
555
580
602
755
848
841
942
1100
1139
999
982
1094
1065
1043
1126
1160
985
681
655
701
478
441
219
185
151
-53
-174
-374
-315
-291
-31
62
208
311
249
314
175
-45
-54
-174
-291
-354
-307
-467
-514
-464
-493
-359
-419
-170
-211
-199
-193
-391
-445
-403
-484
-655
-700
-662
-575
-670
-566
-588
-433
-286
-225
47
143
288
565
615
630
560
373
406
300
285
242
234
361
547
511
355
445
472
263
251
339
206
321
328
385
397
604
705
851
730
389
414
323
214
184
143
-3
59
-28
80
326
582
769
735
880
1024
1027
895
806
826
827
569
808
649
516
727
721
899
945
1156
1233
1300
1235
1168
1054
1078
1128
905
944
776
706
730
769
856
911
872
941
956
961
1040
1216
1159
1165
1193
1089
1243
1095
963
723
556
418
483
423
285
296
260
365
285
273
400
481
582
454
428
539
524
471
160
-11
14
5
-83
-172
-277
-288
-294
-368
-265
-397
-463
-370
-133
-111
-101
-68
-68
-33
-105
-129
-321
-468
-427
-494
-400
-492
-552
-391
-366
-258
-394
-3
29
209
254
-32
16
-307
-357
-576
-583
-535
-700
-735
-683
-716
-795
-763
-778
-695
-659
-619
-635
-573
-611
-568
-563
-433
-518
-462
-465
-285
-59
-202
-133
-141
-369
-694
-593
-668
-727
-766
-816
-725
-697
-596
-535
-335
-307
-500
-310
-165
-69
-100
-314
-174
-367
-428
-455
-511
-577
-677
-513
-646
-538
-392
-318
-239
-313
-152
-18
-30
146
289
286
215
90
-96
-258
-232
-203
-404
-309
-430
-540
-598
-570
-221
-197
-209
-85
8
12
119
358
335
317
129
52
-119
-406
-497
-598
-481
-370
-379
-190
33
188
374
563
635
613
548
353
275
123
-87
-199
-17
-25
-92
-16
111
91
80
213
288
359
429
234
328
364
486
516
489
442
408
417
321
266
232
254
168
121
168
234
222
492
472
518
624
477
455
282
306
383
493
681
702
627
492
503
492
309
134
-5
34
-46
-178
-175
-307
-226
-244
-209
-470
-507
-584
-859
-684
-774
-850
-838
-913
-1024
-1107
-1056
-1230
-1220
-1251
-1202
-1253
-1468
-1327
-1427
-1662
-1515
-1558
-1522
-1542
-1608
-1647
-1742
-1802
-1781
-1870
-2167
-2263
-2424
-2436
-2704
-2820
-2813
-2833
-2714
-2668
-2714
-2902
-2828
-2617
-2569
-2478
-2388
-2416
-2195
-2042
-1850
-1444
-1297
-1047
-842
-833
-730
-795
-887
-765
-629
-497
-559
-349
-181
-232
-121
7
46
41
119
218
253
529
600
810
881
834
1062
1079
982
982
946
841
921
840
854
948
892
1006
1048
1152
1217
1287
1409
1262
1244
1394
1275
1037
849
872
999
835
797
1140
1261
1369
1551
1502
1438
1258
1109
1002
1068
958
808
795
600
477
332
322
183
141
347
231
271
471
429
567
682
845
1112
1293
1096
1048
871
668
651
479
449
372
334
342
113
111
126
-42
23
201
117
102
125
49
-3
18
222
150
214
219
68
121
229
161
-11
54
71
122
15
-32
34
11
3
-115
-2
-139
-137
-133
-442
-457
-544
-574
-630
-698
-686
-825
-829
-971
-1110
-1125
-1268
-1488
-1599
-1595
-1716
-1748
-1760
-1740
-1752
-1778
-1726
-1819
-1878
-1896
-1890
-1907
-2017
-2130
-1991
-1979
-1872
-1742
-1818
-1738
-1933
-1888
-1736
-1764
-1804
-1698
-1547
-1497
-1297
-1243
-1178
-1038
-1173
-1115
-1167
-1219
-1322
-1417
-1484
-1449
-1465
-1565
-1596
-1685
-1605
-1732
-1644
-1616
-1682
-1980
-2074
-2196
-2232
-2069
-2265
-2381
-2287
-2127
-2232
-2322
-2389
-2243
-2045
-1964
-1912
-1917
-1951
-2066
-2080
-2110
-2090
-2018
-2017
-1850
-1611
-1412
-1275
-1026
-800
-533
-481
-371
-258
-237
-107
-42
-147
-176
-263
-320
-242
-110
113
256
475
681
1037
1246
1446
1701
1721
1845
1900
2013
2046
2051
2170
2209
2326
2159
2278
2435
2480
2677
2766
2670
2603
2795
2819
2910
2764
2760
2933
3088
2965
2908
3005
2882
3028
2883
2823
2734
2728
2896
3039
3246
3209
3250
3318
3364
3345
3284
3231
3181
3047
2887
2873
2735
2648
2404
2416
2389
2326
2369
2168
1906
1699
1560
1218
1005
984
1032
1043
1057
911
933
972
947
1010
825
707
636
455
261
34
-190
-209
-314
-457
-573
-714
-767
-754
-793
-642
-682
-832
-872
-754
-662
-803
-740
-830
-890
-1099
-1363
-1556
-1834
-2029
-2242
-2376
-2385
-2378
-2207
-2085
-1831
-1765
-1772
-1483
-1540
-1574
-1589
-1674
-1672
-1709
-1744
-1732
-1711
-1740
-1563
-1444
-1182
-969
-676
-524
-587
-633
-467
-536
-630
-553
-511
-349
-392
-143
-93
-33
-124
68
113
-21
208
393
653
796
1024
1074
1283
1390
1529
1426
1624
1635
1455
1377
1219
1247
907
1044
895
977
961
918
847
760
670
521
486
291
226
113
154
29
208
144
-18
-69
-213
-152
-183
-108
-267
-368
-456
-521
-464
-478
-308
-243
-374
-410
-737
-960
-1230
-1198
-1499
-1569
-1444
-1686
-1697
-1885
-1939
-2040
-2041
-2227
-2341
-2372
-2405
-2554
-2535
-2668
-2745
-2697
-2513
-2457
-2490
-2316
-2250
-2270
-2293
-2268
-2211
-2375
-2297
-2089
-1986
-1809
-1857
-1678
-1298
-1161
-1140
-1069
-1032
-1103
-954
-880
-776
-485
-323
-127
-4
147
227
359
449
542
609
765
886
1008
995
1013
1013
1036
1099
1050
1134
1218
1324
1426
1502
1417
1278
1353
1378
1402
1720
1862
1894
1882
1944
2211
2102
2005
1911
1803
1813
1811
1725
1800
1812
1791
1854
1901
1953
1670
1671
1818
1700
1844
1976
2055
2086
2303
2352
2454
2383
2314
2380
2299
2310
2246
2324
2211
2191
2412
2525
2657
2656
2613
2449
2390
2273
2168
2013
1941
1701
1581
1655
1491
1459
1591
1511
1838
2058
2183
2450
2573
2613
2543
2613
2533
2294
2080
1886
1633
1564
1500
1464
1478
1286
1296
1277
1183
1093
870
563
367
301
90
-68
27
188
175
213
95
-72
-264
-280
-321
-525
-791
-1125
-1434
-1730
-1712
-1855
-1812
-1945
-2069
-2245
-2357
-2561
-2725
-2851
-2791
-2762
-2850
-2612
-2528
-2268
-2067
-1940
-1783
-1566
-1144
-892
-657
-387
-227
-186
-151
-203
-87
175
471
725
1084
1233
1551
1806
1982
2150
2171
2357
2451
2678
2620
2575
2705
2604
2517
2618
2555
2337
2089
1753
1485
1175
912
777
655
539
297
282
118
-96
-219
-535
-673
-1112
-1452
-1792
-2167
-2466
-2686
-2755
-3041
-3263
-3388
-3540
-4043
-4268
-4369
-4506
-4594
-4664
-4700
-4914
-4983
-5100
-5058
-4898
-4983
-5000
-4937
-4898
-4996
-4788
-4656
-4420
-4289
-4168
-4007
-3894
-3857
-3699
-3499
-3388
-3305
-3247
-3201
-3196
-3117
-3121
-2800
-2650
-2360
-2022
-1813
-1307
-1178
-851
-510
-359
-171
37
193
193
193
292
400
411
564
645
737
887
1154
1227
1208
1326
1460
1445
1436
1527
1366
1331
1304
1383
1483
1467
1605
1514
1445
1604
1465
1331
1351
1252
949
927
783
822
1065
1109
1097
1132
1145
1255
1531
1531
1480
1422
1429
1347
1521
1503
1407
1275
1171
883
535
439
405
478
467
620
614
825
1170
1556
2034
2377
2730
2951
3403
3547
3638
3688
3673
3676
3335
3214
2909
2758
2870
2984
3086
2993
2975
2919
2843
2663
2730
2714
2669
2584
2626
2631
2466
2571
2341
2283
2078
1991
1643
1450
1214
637
300
-67
-196
-486
-674
-736
-806
-871
-811
-533
-278
-41
67
138
181
100
-18
-143
-336
-431
-474
-369
-485
-845
-908
-1097
-1060
-956
-1173
-1188
-1357
-1383
-1367
-1364
-1120
-951
-816
-514
-226
-35
66
365
419
375
484
450
667
798
891
1059
1235
1269
1494
1684
1852
1921
1794
1960
2121
2403
2663
2920
3351
3539
3708
3851
4035
4176
4345
4418
4152
3758
3345
3100
2943
2841
2717
2644
2560
2342
2019
1864
1762
1448
1233
989
533
232
72
-208
-619
-824
-669
-727
-722
-645
-818
-1024
-1288
-1463
-1728
-1991
-2395
-2673
-3034
-3310
-3477
-3793
-3832
-4060
-4243
-4333
-4660
-4966
-5194
-5208
-5450
-5360
-5209
-5067
-4793
-4725
-4617
-4525
-4529
-4566
-4466
-4453
-4428
-4423
-4419
-4158
-4102
-3923
-3737
-3561
-3301
-3068
-2797
-2751
-2729
-2533
-2437
-2691
-2723
-3031
-3052
-3072
-3355
-3174
-3213
-3158
-3100
-3045
-2882
-2736
-2603
-2462
-2427
-2382
-2433
-2551
-2576
-2690
-2803
-2958
-3065
-3142
-3184
-3230
-3180
-3275
-3349
-3306
-3310
-3250
-3273
-3220
-3139
-3138
-2978
-2764
-2791
-2680
-2740
-2694
-2619
-2642
-2684
-2648
-2523
-2513
-2308
-2130
-1738
-1449
-1203
-1161
-1118
-1105
-904
-812
-723
-666
-800
-703
-469
-183
24
208
601
1148
1587
2028
2455
2916
3151
3697
4057
4195
4415
4391
4171
4084
4098
3992
4032
4111
3981
3948
3773
3510
3545
3710
3740
4027
4378
4605
4849
4949
5280
5128
5002
4792
4602
4308
3830
3626
3280
2923
2603
2357
2201
2039
2007
2067
2044
2162
2076
2268
2292
2104
2025
1762
1634
1470
1535
1338
1197
1106
866
572
296
89
-304
-562
-641
-743
-661
-581
-459
-243
-238
-6
50
128
325
321
532
523
577
681
698
921
1200
1416
1615
1886
1992
2164
2512
2691
2754
3081
3193
3297
3486
3743
3889
3869
4090
4033
4309
4533
4769
4810
4754
4819
4662
4607
4430
4292
4232
4193
4019
3858
3729
3566
3687
3664
3603
3623
3464
3266
2925
2762
2476
2395
2082
1860
1780
1657
1710
1544
1397
1326
1210
1098
838
563
451
284
105
26
61
-71
-65
-280
-679
-1017
-1323
-1503
-1833
-2163
-2479
-2764
-2969
-3070
-3077
-3167
-3310
-3365
-3396
-3416
-3479
-3555
-3665
-3787
-3976
-4215
-4376
-4472
-4688
-4670
-4812
-4885
-4912
-4938
-4816
-4740
-4542
-4467
-4283
-4359
-4347
-4263
-4182
-3927
-3700
-3277
-3004
-2836
-2638
-2455
-2342
-2276
-2063
-1884
-1731
-1313
-1113
-694
-252
121
381
768
1317
1675
2275
2711
3026
3263
3214
3259
3260
3148
2920
2864
2943
2857
2798
2854
2776
2712
2761
2676
2626
2505
2457
2297
1964
1768
1390
1160
883
451
-90
-582
-1161
-1854
-2417
-3022
-3478
-3761
-4114
-4361
-4791
-5096
-5282
-5542
-5477
-5687
-5666
-5818
-5976
-5830
-5961
-5979
-6173
-6370
-6493
-6697
-6627
-6598
-6574
-6411
-6575
-6527
-6468
-6364
-6112
-5819
-5465
-5048
-4647
-4406
-3987
-3651
-3475
-3294
-2958
-2538
-2321
-1900
-1590
-1278
-788
-321
92
479
853
1222
1543
1824
2339
2814
3143
3472
3602
3899
4167
4510
4855
5101
5144
5321
5531
5525
5751
6052
6237
6372
6405
6524
6628
6711
6848
6877
6786
6848
6929
7028
6934
6787
6545
6264
5921
5627
5484
5173
4880
4559
4324
4232
4085
3985
3915
3788
3663
3305
3100
2827
2469
2134
1634
1270
989
765
624
312
-10
-341
-626
-840
-942
-1145
-1427
-1494
-1697
-1794
-1962
-2055
-2184
-2305
-2331
-2518
-2759
-2913
-2969
-3068
-3210
-3186
-3141
-3280
-3192
-3295
-3119
-3133
-3120
-3234
-3180
-3075
-2877
-2601
-2459
-2103
-1993
-1699
-1557
-1494
-1259
-1018
-968
-852
-731
-518
-109
294
764
1170
1461
1728
2149
2470
2763
3029
3160
3116
2970
3068
2962
2950
3028
2993
3103
3076
3033
2934
2707
2550
2256
2013
1820
1659
1520
1380
1245
973
893
688
448
340
79
-353
-794
-1172
-1345
-1581
-1888
-2082
-2171
-2290
-2306
-2534
-2722
-2684
-2759
-2918
-2860
-3028
-3073
-2950
-2999
-2999
-2996
-2720
-2571
-2381
-2336
-2232
-2142
-2020
-1817
-1855
-1857
-1798
-1747
-1749
-1820
-1801
-1769
-1824
-1763
-1792
-1663
-1648
-1865
-1945
-1839
-1728
-1601
-1422
-1367
-1154
-1146
-1114
-859
-636
-457
-403
-417
-443
-422
-413
-397
-341
-350
-407
-343
-337
-368
-331
-221
-305
-299
-89
-104
-23
7
-66
159
168
264
453
463
608
644
645
709
821
758
908
960
871
1040
1085
985
1133
901
895
807
635
660
460
419
244
254
346
370
441
566
547
636
584
653
713
602
570
471
405
185
99
57
-127
-280
-122
-162
-183
-162
-155
-189
-192
-191
-40
108
157
499
722
771
785
868
963
846
649
617
430
443
258
381
553
705
733
963
1028
1142
1416
1636
1917
2104
2182
2423
2661
2842
2891
2770
2775
2785
2902
2782
2722
2736
2869
2747
2631
2475
2438
2447
2501
2599
2591
2504
2450
2376
2428
2224
2000
1843
1617
1464
1142
682
355
-91
-437
-614
-989
-1220
-1334
-1538
-1693
-1782
-2024
-1900
-1842
-1906
-1968
-1960
-2032
-2128
-2182
-2287
-2423
-2439
-2378
-2619
-2664
-2723
-2693
-2576
-2630
-2403
-2032
-1837
-1484
-1102
-623
-356
-83
159
317
477
541
789
888
958
1205
1475
1686
1905
2081
2144
2335
2403
2474
2553
2779
2871
2955
3179
3239
3423
3244
3153
3034
3077
2997
2932
2842
2618
2460
2276
2128
1957
1837
1800
1759
1839
1701
1577
1495
1173
1015
698
402
-113
-561
-781
-1153
-1248
-1346
-1470
-1461
-1615
-1792
-1763
-1948
-2079
-2205
-2536
-2618
-2645
-2789
-2961
-2865
-3092
-2992
-2888
-2924
-2945
-3122
-3139
-3075
-2995
-2871
-2853
-2776
-2548
-2469
-2322
-2210
-2130
-2023
-1855
-1863
-1659
-1411
-1358
-1106
-1101
-1087
-1228
-1169
-1176
-1165
-1097
-1150
-1133
-1190
-1254
-1291
-1149
-1029
-825
-779
-667
-747
-788
-691
-945
-1082
-1218
-1215
-1172
-1167
-1154
-987
-978
-1060
-1250
-1256
-1194
-1228
-1206
-1058
-647
-492
-148
263
504
699
767
1056
1159
1123
1329
1466
1603
1675
1988
2077
2173
2092
2116
2195
1995
2017
2025
2088
2258
2045
2228
2241
1992
2027
1970
2004
1993
1820
1629
1508
1341
1020
821
837
866
775
799
638
395
267
128
147
34
62
55
7
85
44
-58
-129
-334
-538
-783
-845
-913
-1216
-1248
-1241
-1260
-1282
-1460
-1541
-1672
-1735
-1858
-1927
-1922
-1800
-1710
-1755
-1664
-1608
-1453
-1387
-1396
-1309
-1334
-1320
-1264
-1147
-912
-594
-385
-52
235
582
880
1209
1434
1427
1599
1809
1770
1737
1786
1766
1609
1603
1585
1439
1345
1369
1316
1385
1273
1344
1429
1331
1258
1127
986
863
881
722
396
143
132
3
-179
-320
-434
-346
-429
-501
-441
-588
-645
-537
-624
-721
-856
-950
-970
-1093
-972
-1074
-1061
-1083
-1297
-1299
-1389
-1205
-1238
-1316
-1222
-1157
-986
-866
-870
-876
-898
-833
-698
-675
-538
-458
-373
-340
-144
172
372
583
779
887
695
698
721
430
355
360
413
571
598
720
842
1029
1035
1155
1140
1144
1009
946
966
941
999
1014
1186
1295
1531
1622
1584
1430
1424
1460
1619
1547
1452
1425
1366
1357
1177
1109
1022
945
718
715
768
935
898
860
831
821
996
1011
921
599
344
196
1
-140
-323
-535
-809
-1118
-1174
-1317
-1591
-1854
-2054
-2420
-2514
-2647
-2740
-2781
-3034
-3223
-3326
-3504
-3604
-3890
-4049
-4170
-4172
-4079
-4070
-4038
-3952
-3787
-3803
-3600
-3410
-3133
-2516
-1901
-1280
-811
-241
264
928
1702
2319
3102
3633
3968
4158
4342
4628
4778
4865
4690
4337
4082
3890
3524
3181
2725
2420
2110
1782
1403
1219
1212
947
693
485
451
561
608
663
915
1137
1304
1700
1997
2250
2458
2458
2619
2707
2554
2520
2303
1913
1621
1272
923
595
219
-179
-641
-1082
-1647
-2078
-2344
-2499
-2688
-2779
-2860
-3203
-3224
-3295
-3258
-3279
-3405
-3274
-3303
-3336
-3218
-3320
-3451
-3312
-3365
-3540
-3639
-3645
-3848
-4181
-4616
-5147
-5563
-6270
-6876
-7561
-8260
-8795
-9234
-9640
-10127
-10454
-10656
-10132
-9208
-8401
-7328
-6732
-5745
-4587
-3501
-2205
-1118
-41
915
1884
2650
3370
3861
4455
5126
5543
5858
5647
5501
5072
4596
3870
2911
1854
900
-96
-1043
-1911
-2619
-3103
-3586
-3719
-3673
-3680
-3518
-3240
-2803
-2057
-1244
-314
527
1423
2374
3246
3763
4373
4679
4952
4845
4646
4278
4269
4037
3673
3381
2895
2529
2317
1960
1547
1167
783
713
560
572
666
871
1412
1749
2082
2598
3079
3751
4124
4405
4882
5288
5871
6202
6413
6418
6176
5918
5568
5237
4634
4133
3414
2741
2128
1520
599
-132
-617
-1275
-1711
-2274
-2746
-3334
-3977
-4430
-4848
-4856
-5016
-5094
-5105
-5043
-4919
-4877
-4742
-4653
-4459
-4474
-4643
-4761
-5052
-5478
-5882
-6236
-6252
-6110
-5660
-5287
-4775
-4291
-3441
-2412
-1171
152
1366
2438
3465
4742
5747
6749
7373
8235
9266
9786
10083
10235
10081
9710
9183
8712
8078
7336
6542
5725
5147
4322
3641
2827
2269
1824
1270
584
19
-48
116
473
838
1434
2128
2798
3567
4201
4727
5137
5330
5286
5057
4742
4276
3743
3492
3235
2835
2278
1678
1116
792
175
-461
-1029
-1552
-1740
-2179
-2159
-2215
-1994
-1888
-1685
-1526
-1398
-1115
-1212
-912
-694
-270
-166
18
461
703
703
593
615
487
171
-198
-721
-1374
-1855
-2163
-2588
-3103
-3812
-4275
-4560
-4874
-5280
-5685
-5936
-6132
-6292
-6413
-6426
-6395
-6226
-6056
-6010
-5986
-6011
-6042
-6129
-6533
-6731
-7113
-7560
-8059
-8329
-8540
-8328
-8012
-7684
-7084
-6536
-5618
-4594
-3383
-1913
-493
583
1549
2336
3212
3991
4643
5400
6156
6666
6893
6898
6453
5926
5400
4790
4202
3375
2510
1534
580
-313
-1193
-2016
-2560
-3012
-3315
-3492
-3592
-3579
-3045
-2444
-1693
-954
-27
1213
2372
3405
4108
4459
4529
4804
4791
4698
4583
4450
4348
4267
3948
3618
2845
2316
1812
1207
774
132
-464
-917
-1132
-1338
-1327
-1444
-1274
-1100
-777
-275
-20
358
828
1186
1509
1786
2116
2600
2882
2947
2980
2667
2366
2058
1386
827
17
-804
-1361
-1660
-2217
-2530
-2941
-3474
-3838
-4313
-4777
-5264
-5600
-5825
-5989
-6205
-6358
-6338
-6502
-6481
-6393
-6180
-6147
-6202
-6206
-6427
-6669
-7090
-7685
-8358
-8695
-9098
-9022
-8939
-8253
-7677
-6865
-5753
-4496
-2786
-1289
486
1981
3219
4355
5505
6416
7640
8319
8902
9870
10405
10447
10124
9676
8978
8217
7402
6486
5398
4312
3200
2205
1331
399
-295
-662
-1012
-1091
-1129
-1071
-709
-22
811
1885
2991
4296
5501
6503
7413
7936
8485
8513
8419
8136
7873
7620
7308
7244
6828
6306
5644
4970
4477
3845
3225
2337
1695
938
536
252
153
230
272
554
721
965
1389
1805
2122
2485
2857
3351
3579
3716
4073
4206
3967
3490
2931
2269
1422
607
-463
-1462
-2479
-3305
-4000
-4691
-5063
-5461
-6043
-6292
-6601
-7055
-7346
-7560
-7734
-7810
-7855
-7860
-7477
-7253
-6770
-6502
-6249
-6018
-5896
-5855
-6075
-6508
-7120
-7905
-8563
-9172
-9572
-9590
-9333
-8633
-8196
-7468
-6472
-5094
-3590
-1848
-159
1416
2934
3945
5078
6159
7256
8190
9328
10177
10820
10749
10634
10506
10196
9813
9115
8265
7100
5969
4722
3495
2504
1502
646
-115
-877
-1377
-1714
-1879
-1694
-1105
-320
691
1574
2354
3307
3978
4552
4742
4890
4725
4474
4200
3957
3755
3484
3144
2584
2199
1635
1115
492
-369
-1231
-2064
-2939
-3484
-3749
-4014
-4032
-3965
-3649
-3251
-2833
-2247
-1526
-669
11
481
975
1529
2112
2584
2973
3126
2977
2770
2253
1780
1196
458
-169
-780
-1138
-1479
-1952
-2378
-2666
-3107
-3488
-3868
-4288
-4585
-4759
-5031
-5243
-5325
-5353
-5451
-5448
-5215
-4860
-4331
-4110
-4124
-4193
-4232
-4538
-5082
-5492
-6099
-7221
-8174
-8787
-9261
-9612
-9317
-8590
-7851
-7268
-6082
-4404
-2634
-786
1355
3217
4613
6163
7305
8497
9662
10766
11661
12427
12879
13021
13070
12870
12361
11605
10856
9757
8571
7117
5944
4614
3226
2073
1212
193
-827
-1667
-2152
-2244
-2073
-1547
-684
135
974
2258
3381
4253
5040
5522
5775
5955
5844
5804
5672
5464
5135
4859
4386
3752
3236
2687
1842
1230
589
-112
-752
-1086
-1469
-1791
-1972
-2089
-1877
-1812
-1672
-1495
-1068
-625
-72
442
888
1756
2378
2912
3251
3211
3033
2498
1795
1298
613
-103
-642
-1034
-1277
-1788
-2171
-2531
-2830
-3037
-3460
-4004
-4370
-5055
-5752
-6316
-6819
-7176
-7430
-7441
-7280
-7156
-6924
-6595
-6554
-6231
-6112
-6219
-6589
-7150
-7709
-8433
-9520
-10728
-11724
-12478
-12882
-12735
-11888
-10868
-9935
-8694
-6949
-4634
-2421
16
2170
3823
5075
6090
7019
8056
9294
10276
11419
12298
12876
13103
13157
12942
12494
11847
10910
9501
7575
6034
4400
2588
698
-802
-2102
-3585
-4965
-5484
-5678
-6077
-5975
-5284
-4037
-2868
-1698
-498
714
1706
2483
3186
3630
3784
3639
3578
3559
3343
2920
2433
1941
1634
1030
774
631
86
-317
-1108
-1437
-1650
-1883
-2049
-1826
-1652
-1616
-1480
-1108
-319
617
1506
2086
2987
3770
4309
4779
4922
4944
4863
4429
3900
3470
2718
2064
1334
1051
630
-70
-683
-1102
-1503
-2100
-2836
-3625
-4424
-5106
-5973
-6490
-7125
-7558
-7862
-8073
-7926
-7666
-7444
-7127
-6608
-6062
-5618
-5593
-5709
-5927
-6373
-7317
-8389
-9492
-10829
-11516
-11984
-12683
-12375
-11227
-9774
-8550
-6767
-4346
-1947
601
3283
5729
7864
9414
10759
11816
13160
14241
15195
16143
16944
17473
17575
17478
16940
16119
14991
13658
11738
9764
7753
5535
3276
1084
-543
-2236
-3823
-5063
-5682
-5841
-5830
-5011
-3338
-1648
67
1805
3583
5331
6606
7350
8078
8344
8166
7693
7081
6649
6275
5580
4776
4209
3670
3224
2390
1498
556
-529
-1731
-2847
-3459
-3975
-4418
-4673
-4441
-3840
-3267
-2369
-1303
-64
803
1930
2890
3606
4060
4101
3972
3703
3215
2476
1780
1044
322
-438
-1277
-1781
-2409
-2824
-3442
-4087
-4627
-5188
-5803
-6346
-6875
-7422
-7668
-7907
-7892
-7787
-7272
-6448
-5764
-4952
-3941
-2886
-2264
-1873
-1670
-2054
-2527
-3395
-4393
-5712
-7184
-9113
-10467
-11893
-13090
-13943
-14049
-13117
-11425
-9728
-8153
-5645
-2541
956
3958
7096
9633
11993
13367
14548
15411
16447
16882
17323
17840
17909
17436
16561
15611
14286
12544
10249
7829
4920
2098
-1179
-3932
-6698
-8836
-10266
-11312
-11995
-11727
-10671
-9408
-7836
-5602
-2790
-24
2638
4825
7281
8937
9957
10546
10688
10206
9179
8140
7040
6022
4579
3048
1531
122
-1139
-2318
-3551
-5007
-6230
-7320
-8117
-8588
-8657
-8503
-8019
-7083
-5612
-4139
-1985
392
2800
4713
6401
7867
9011
9352
9301
8759
8075
6915
5199
3855
2422
1021
-526
-2099
-3128
-4150
-5442
-6560
-7628
-8416
-9220
-9962
-10297
-10290
-10304
-10030
-9563
-8606
-7472
-6177
-4986
-3764
-2542
-1529
-791
-470
-551
-1064
-2121
-3402
-5074
-6967
-9202
-11531
-13739
-15933
-17986
-19117
-19808
-19616
-18016
-15327
-12822
-10669
-6820
-2514
2228
6246
10550
14107
16722
18279
19437
20381
21194
21631
21662
21704
20685
19310
17540
15504
12909
9967
6745
3285
-547
-3837
-7122
-9984
-12726
-14139
-14540
-14217
-13424
-11906
-9241
-6058
-2669
774
4737
8289
11555
14148
16214
17354
17304
16659
15406
13451
10913
8028
5592
3142
744
-1375
-3527
-5332
-6570
-7514
-8455
-9561
-10476
-10671
-10357
-9739
-8413
-6485
-3801
-890
2597
6193
9460
12357
14600
16280
17086
16763
15845
14166
11857
9245
6109
2849
-395
-3102
-5431
-7191
-8813
-9900
-10718
-10980
-10952
-10879
-10733
-10486
-9992
-9007
-8207
-7242
-6154
-4696
-2740
-818
779
2385
3744
4456
4772
4311
3407
1792
-566
-3201
-6001
-9142
-12494
-15976
-18944
-21266
-23262
-24627
-25628
-25389
-24689
-21716
-17435
-12360
-8356
-3244
2801
8949
14263
18753
22749
25231
26556
26256
25442
23787
22281
20322
18767
16161
13245
10156
7620
4386
1118
-1915
-5228
-8687
-11583
-13476
-15211
-16343
-16431
-14528
-11838
-8523
-4627
119
4908
9795
14286
18361
21514
23604
24498
24117
22836
20361
16745
12506
8121
3677
-662
-4617
-7598
-9625
-11141
-12314
-12692
-12522
-12033
-11579
-10393
-8992
-7486
-5935
-3296
96
3206
6541
10183
13980
16699
18797
20249
20830
20080
17918
14685
10606
6113
1355
-3383
-7862
-11534
-14146
-16156
-17467
-17310
-16194
-14713
-13427
-12060
-9944
-7955
-6403
-5352
-3914
-2182
-868
285
1769
3090
4092
4677
4784
4706
3974
2359
-166
-3114
-5932
-9038
-12473
-16034
-18764
-20870
-22866
-24105
-25036
-25159
-25151
-24304
-23024
-20991
-19078
-15381
-9778
-3773
806
5415
11895
17564
21936
25007
27910
28561
27792
24947
21635
17007
12884
8767
5979
3062
346
-1978
-3619
-4736
-5767
-6233
-7137
-8078
-9074
-9128
-9342
-9097
-8343
-5680
-2055
1981
5893
10232
14304
17887
20620
22233
22602
21279
18555
14647
10225
5155
-156
-5379
-9736
-13164
-15451
-16916
-17098
-16357
-14734
-12635
-10236
-8349
-6444
-4897
-2543
-654
1186
2750
5017
7705
10732
12886
15228
17327
17780
17002
15672
13648
9800
5254
389
-4211
-8977
-12330
-15307
-17074
-18408
-17904
-16186
-14212
-12378
-9668
-6737
-4399
-2940
-1275
134
1197
1737
2293
2712
3011
2930
3011
2879
2102
929
-418
-2280
-4227
-6042
-7915
-10083
-12228
-13747
-14991
-15922
-17480
-18197
-18561
-18551
-19096
-19441
-18960
-17588
-16101
-14637
-9616
-2769
3463
6781
12361
18793
24704
27497
29260
29658
29053
26002
21226
16570
12052
8237
4719
3290
2393
1724
248
-187
-755
-925
-2350
-3925
-6005
-7069
-7196
-7513
-6982
-4081
697
5853
10698
16100
21378
24582
25546
25082
24050
20637
14979
8930
3428
-1876
-7102
-11052
-13600
-14956
-15097
-14934
-13645
-12108
-10417
-9579
-8682
-6948
-4826
-3492
-2438
39
3707
7023
9444
12542
15119
17179
17679
17671
16445
14611
11435
8089
4487
1013
-2275
-5083
-7227
-8720
-9418
-9750
-10048
-10398
-9823
-9079
-8132
-6608
-5019
-3079
-947
1082
3149
4775
5899
6192
5958
4817
2936
489
-1990
-4172
-5714
-7416
-8393
-9093
-9452
-9468
-9284
-9299
-10078
-11582
-13168
-14758
-16712
-18895
-20917
-22086
-23578
-23334
-22349
-20420
-19163
-13589
-5730
1540
5457
10502
16642
22416
26224
27660
27657
25485
23040
18672
14531
10065
7088
4081
3144
2722
2245
223
-1411
-3111
-4060
-5309
-7546
-9710
-10168
-8522
-6792
-3951
264
7140
13813
19412
23764
28214
29855
28203
24599
21748
17609
11076
4381
-447
-4167
-7497
-10288
-12048
-12672
-13321
-13744
-14027
-13743
-13253
-12156
-10658
-8300
-4611
459
4993
8601
12222
16412
18491
18200
16927
15829
13849
10769
7640
5123
2890
881
-318
-540
-1039
-2797
-5017
-7081
-9024
-11058
-12449
-13175
-12568
-10888
-8278
-5360
-1930
1677
5014
7192
8039
7482
5728
3140
540
-1963
-4701
-7052
-8481
-8612
-7979
-7413
-7179
-7424
-7999
-8977
-10484
-12006
-13740
-14936
-15954
-16481
-16722
-16014
-14958
-15419
-17087
-17878
-17577
-18025
-19027
-14242
-6341
-316
2049
8569
17001
24391
28489
31154
30578
27648
23065
16819
10519
5509
2805
510
707
1123
2388
1347
-506
-3273
-4529
-6438
-9103
-11434
-10900
-8410
-5407
-197
7135
15925
22462
27256
29713
31058
29091
24289
17340
11756
6650
1258
-3530
-5996
-7179
-7724
-8297
-8955
-10001
-12027
-14447
-16478
-17425
-17476
-15927
-12999
-7730
-893
6465
12596
16529
19108
20065
18479
14819
10220
5673
1549
-1986
-3845
-2765
-1660
-999
-401
1587
1736
391
-2775
-6162
-9829
-12361
-14060
-13744
-11078
-7171
-3089
1621
6196
8747
8693
7258
5138
2316
-1879
-6359
-8636
-9097
-8969
-8999
-8338
-6554
-4949
-5099
-6575
-8543
-10953
-13446
-15467
-16388
-16469
-15369
-13952
-12940
-11571
-10599
-10956
-14083
-17669
-20516
-21722
-23382
-22153
-13926
-3124
3081
7980
17242
25500
29952
30240
29215
24577
19644
13274
8155
4387
4096
4194
5803
8004
9138
7198
2423
-3526
-9554
-13711
-17050
-18285
-16936
-10200
-2034
7045
15575
24484
30268
32349
30889
27347
22094
15566
8684
3428
1658
1033
729
473
1170
866
-1246
-5575
-10666
-16371
-21385
-24666
-24902
-22179
-16532
-9004
-500
7673
15020
20200
21438
19007
14760
10049
4664
-475
-3564
-4164
-3011
-416
2618
4501
4329
3039
1022
-1612
-5450
-9160
-11536
-12163
-11272
-8368
-3552
1727
6472
10132
11470
10851
8474
4928
537
-2840
-4866
-6240
-7473
-6818
-4458
-2078
-1906
-3096
-3639
-4354
-6425
-9160
-10620
-11163
-11828
-11659
-9927
-8381
-7741
-8010
-8191
-10210
-12355
-14541
-17201
-20722
-21483
-18928
-16315
-11496
-2035
8154
11285
13750
18442
22735
23087
22817
20852
17952
15651
13759
12201
11862
12671
12219
12307
10918
8015
2256
-3737
-10243
-14550
-16291
-15151
-12816
-7297
1114
8970
15584
21480
26703
28699
27826
25661
22863
18597
14357
11275
9686
8197
6860
5363
2980
-480
-4560
-9043
-13603
-17393
-19052
-19098
-17464
-13348
-7535
-1825
3050
8202
12289
13764
13126
12127
10517
8178
5469
3503
2566
2150
1990
2220
4098
4727
2122
-1650
-3903
-6059
-7873
-8554
-8532
-7283
-4628
-2722
-1219
1650
4741
6916
8219
8515
7359
5145
1085
-2384
-4878
-6536
-8476
-10221
-11960
-11691
-10171
-9848
-10107
-9054
-7368
-6654
-6369
-6530
-6879
-8355
-10390
-11716
-12333
-13986
-16661
-18384
-19642
-21401
-23782
-24877
-24117
-22440
-20914
-15952
-5481
4548
8234
10362
16495
20586
21702
21641
20900
16505
12792
9985
8837
8686
10174
10654
11176
11985
10462
4964
-2814
-9472
-14716
-17538
-17831
-14955
-10122
-2331
6180
13929
20138
25533
28005
26826
24474
22729
19821
15066
11201
10078
10044
8014
5521
3072
-453
-6147
-11674
-15769
-19054
-21219
-20562
-17171
-12064
-6517
-1585
2198
5719
8748
10184
9984
8852
6834
4512
3684
3500
2829
2273
1558
154
-17
668
-1095
-3921
-4627
-4454
-4902
-5174
-4116
-2849
-1429
-586
1054
2161
3191
4355
6257
7263
8284
8019
5124
2128
166
-2981
-6525
-8922
-11391
-13046
-13009
-12241
-11329
-9561
-8158
-6729
-5624
-4162
-3512
-3643
-4925
-6275
-8296
-11404
-14811
-18673
-23034
-26197
-28803
-30614
-29046
-25494
-22160
-12474
2092
11554
12674
16448
21533
23572
21838
19303
16515
13842
10430
7906
9979
13187
13979
12017
12711
11916
6563
-1905
-8550
-14404
-18041
-17938
-14217
-9758
-2760
5224
10857
15962
21718
24951
24118
22589
22142
22317
20393
17887
16317
16127
13833
9481
5290
790
-5784
-11989
-15817
-18004
-19321
-18867
-16508
-12526
-7239
-2678
-358
980
3920
6558
7373
7677
9463
9547
7207
5456
5642
4426
657
-3254
-3896
-3727
-5366
-7888
-7618
-6282
-4993
-3388
-2175
-1104
834
1580
1372
2098
2278
1826
1420
2118
3841
4836
3473
1904
870
-883
-3853
-5830
-8563
-11954
-14290
-15034
-15186
-14672
-13211
-11659
-9998
-7050
-3861
-2716
-2804
-2687
-5055
-8970
-12144
-16111
-21344
-26560
-30769
-32385
-29823
-26943
-24553
-15265
-385
9037
9184
12526
17286
19040
18760
19356
17292
14876
13298
11233
11321
14840
16891
13270
10889
9315
5359
-3316
-10143
-14179
-15389
-15319
-11639
-6719
-847
4476
8279
12330
18150
22830
22952
21846
21964
22384
20539
18571
17139
16321
13772
9576
5043
1893
-2506
-8148
-12304
-13458
-13795
-14252
-13353
-10950
-7694
-4713
-2708
-1447
1356
4609
6760
8195
10914
12113
10473
7245
5796
4537
1721
-1843
-3949
-4105
-5153
-7731
-9355
-7486
-6084
-4471
-2465
604
3279
5115
5755
6819
7120
6323
5206
4162
3519
3481
2615
1413
899
-111
-2326
-4504
-6820
-10252
-13177
-14947
-16073
-16092
-14358
-11932
-9198
-6000
-2450
-444
-464
-1080
-2825
-5804
-8738
-12342
-15437
-19574
-25274
-29011
-27877
-25999
-24845
-15406
-1226
5585
4639
9090
12690
14339
15481
17121
14209
12557
12352
11243
11367
14930
17803
15619
14394
13001
8182
-2005
-8617
-13189
-15215
-15437
-11622
-7067
-692
3805
6245
10140
15962
20757
22165
22852
23412
24155
22365
20268
18710
18194
15632
11135
6375
3470
-1128
-7602
-11419
-11737
-12032
-12595
-10868
-7461
-4190
-2358
-1796
-632
1980
3463
4492
5782
8715
10471
10869
9976
9136
7017
4355
656
-2930
-3219
-4519
-9878
-14012
-12029
-11931
-10427
-6292
-1654
2382
6259
7850
8928
8926
7429
5462
3821
3044
2933
839
-2393
-3091
-4202
-6597
-8342
-9453
-11892
-15122
-17647
-18049
-16362
-15341
-14414
-12065
-8803
-5736
-4299
-3970
-3320
-4049
-6146
-7265
-9157
-13491
-18783
-24926
-29445
-29715
-28743
-28539
-19773
-5026
3060
2743
6480
10340
11828
11879
12118
11065
9924
9002
7182
9503
14341
17121
13560
12336
10581
5518
-3693
-9697
-13926
-15285
-14843
-12383
-8043
-1793
1810
2342
5658
11985
17005
18593
20729
23047
24210
21931
19629
18731
18739
16117
11586
7348
4236
-248
-6261
-10457
-11828
-12024
-11529
-9463
-6359
-2377
109
-273
-456
1867
3537
3544
4843
9108
11414
10432
9399
10749
9819
7441
4711
2569
-1034
-6337
-11090
-12981
-12874
-12495
-12094
-10106
-5670
-1409
2744
6649
9289
9020
8848
8768
8186
6251
3284
-174
-2401
-3186
-4262
-6005
-8453
-10875
-12950
-15458
-17211
-17611
-17409
-17404
-16531
-13695
-9527
-7332
-7480
-5438
-2657
-3418
-5047
-5221
-7002
-11319
-15962
-21092
-23682
-23521
-24992
-20522
-7193
3596
1704
2200
5644
7472
7501
9380
10792
9460
8861
8141
10155
13629
18616
17637
14273
10852
8078
956
-5934
-9733
-9712
-8729
-6915
-4996
-1515
1636
910
1928
6766
14158
18127
20579
22763
25609
25447
22638
21161
20604
18768
16090
14597
12056
7383
1575
-4571
-9541
-11357
-11687
-11173
-7987
-2729
170
985
1911
2503
2437
2461
3715
5832
8299
8755
9365
9814
10183
10823
9462
6337
3042
-582
-5719
-9548
-10777
-11637
-13141
-12514
-10791
-7035
-3163
970
4900
8415
9778
10298
10375
9109
6285
2171
-1080
-2849
-4027
-6396
-8164
-8572
-9808
-12608
-14788
-16922
-18616
-18862
-18065
-16478
-13812
-11408
-10827
-10193
-7715
-4715
-3804
-3975
-5051
-6319
-9122
-12687
-15889
-17899
-21021
-19424
-10789
175
3362
3369
3897
5302
6335
7011
8249
7394
8095
6141
7344
9885
15240
15602
14384
11430
8586
3331
-2423
-7539
-10200
-9644
-8748
-7094
-4310
-574
-878
-1126
1795
9986
15526
17994
19576
23104
22964
19582
17846
17981
17277
15950
15978
15037
12168
6791
725
-4868
-8108
-10230
-10797
-9988
-6396
-1948
652
1179
1054
1277
1576
2061
3400
6336
8643
8467
7632
9301
12199
11615
7897
4837
2644
-26
-2465
-3980
-6638
-10252
-14270
-15711
-13310
-8484
-4813
-512
4651
8471
9303
8285
7006
5293
2774
-95
-1472
-1391
-3243
-7028
-9746
-10063
-11331
-14448
-17070
-19012
-19616
-18804
-18257
-19231
-18246
-16521
-16949
-16342
-11484
-8204
-7623
-7685
-7862
-8556
-10546
-12837
-15633
-14994
-7580
710
1574
1293
3849
4976
4908
4551
6304
5488
3990
1494
2291
5659
9599
11329
11687
12233
9840
5351
370
-3151
-6642
-6257
-4384
-2495
-2968
-2573
-4068
-5516
-4217
2418
9529
13224
16652
18448
18287
16007
15886
15144
14435
13532
15305
17195
16596
13878
9654
4135
-924
-3574
-5089
-5372
-3848
-644
914
1299
881
582
-503
-1528
378
4332
7683
9561
10086
9808
8622
8110
7710
6710
5340
4255
2297
258
-96
-1419
-4879
-9448
-11857
-12014
-9693
-6650
-1982
3446
7729
8723
6667
4435
3328
1393
-1515
-2635
-1931
-2801
-7102
-10428
-11404
-12287
-15813
-18885
-19233
-17424
-16600
-16995
-17770
-18659
-19483
-20463
-20046
-17335
-14465
-13028
-12730
-11350
-9349
-8658
-10228
-9908
-4532
2887
4270
2624
2563
3560
5150
4396
5965
5843
5605
2934
2651
4066
8085
11252
10657
8494
6339
4575
1661
-214
-1611
-926
-278
847
96
-95
-2753
-5299
-4518
1129
7738
12637
16090
17717
17913
16011
15151
14462
13759
12640
13389
14822
14866
12894
10278
7173
3708
1610
1685
3481
3659
3372
3527
3239
1606
10
259
2018
2755
2613
4466
7602
9806
10997
10229
7714
6128
4995
4103
5937
8406
7989
5080
1806
-926
-3312
-6341
-8289
-6813
-3565
-1104
1254
3559
4559
4484
2889
1382
1706
3435
2496
-428
-2712
-4499
-7819
-11779
-13244
-13449
-14699
-17067
-17318
-15901
-16324
-19832
-22269
-22620
-22470
-22409
-20433
-18844
-17796
-16088
-14222
-12760
-10480
-3765
4888
9390
7598
5843
3932
5592
6245
7236
8621
8492
6446
2171
1096
1283
3647
4515
5625
5423
3545
1421
-713
-2769
-3799
-1275
2460
5067
5089
4167
1808
-852
-1079
2816
7834
12670
15292
15435
14264
12659
11265
9678
8952
8135
8492
8238
7979
7543
5260
2165
810
1545
4062
6474
8670
9004
7572
5979
4873
3920
3221
3587
3959
5297
5833
5268
3597
3636
3521
2249
862
363
725
2646
4502
3749
2178
1415
566
-1716
-1988
-375
537
-1030
-1916
-772
-300
-392
1011
2309
2800
2239
672
-1533
-3701
-5882
-8462
-9899
-10790
-12292
-15227
-17194
-19062
-20034
-19238
-18808
-20176
-22007
-22030
-21962
-22353
-23383
-23314
-21172
-18020
-16057
-13740
-6938
3670
9018
7461
5399
4482
7014
9051
10156
8928
7560
5314
1971
-341
-941
1759
2649
1992
1023
71
-2170
-5007
-6137
-4764
-2365
644
3307
5538
4863
1868
282
2036
5024
7299
11087
14183
14103
11451
10374
10936
12720
13257
11114
8885
7364
5359
2902
521
-1293
-2005
-2738
-1476
2303
7844
10799
9840
7602
7718
9319
9794
9219
8557
8128
7550
6821
6299
7049
6160
2900
-568
-1953
-1186
-881
-2489
-4239
-3756
-2607
-2378
-1744
382
2521
3017
3410
4523
4573
2680
802
586
981
588
-371
-1638
-3246
-5124
-7341
-9262
-9933
-8858
-8880
-10633
-13854
-17798
-22655
-26188
-26344
-22852
-19017
-18944
-20702
-23348
-25100
-24057
-20656
-17928
-14230
-5558
3625
6779
5586
3486
3762
7132
12147
14800
14134
13658
12039
8101
4029
3469
3627
3199
2460
-880
-5081
-7532
-8925
-11610
-12005
-9480
-6306
-2034
954
2288
1922
4521
8620
11300
12009
12279
13020
12002
10560
10459
10920
10733
11634
11649
10529
8315
6189
3485
1299
-654
-1799
-1591
-568
570
1357
3004
4220
6568
9262
11558
13301
15427
18352
20417
19813
15829
11399
8033
7578
8663
9406
8420
5572
1368
-4229
-8804
-10072
-9326
-8031
-5638
-2830
-820
467
1202
1191
1813
4266
8216
11293
11779
8453
3439
-963
-4428
-7341
-9133
-9896
-10469
-10079
-10283
-13024
-16625
-19784
-21727
-22904
-22666
-22314
-22763
-23365
-24048
-24500
-23600
-21132
-19099
-14731
-4559
5435
7622
5981
4634
3841
5445
9385
11292
8617
5944
4779
4756
4915
5736
5882
5493
5002
1911
-1811
-4745
-5726
-6947
-7728
-7886
-8356
-7486
-6396
-5320
-5799
-3741
1892
8464
12983
14809
14232
11842
9363
8456
8714
9126
9643
10811
10768
7262
2296
-1661
-2904
-2834
-1988
-557
1551
3468
4333
3095
675
1280
4628
8504
10755
11478
12505
14938
18525
19194
17130
14151
11786
11087
11559
11366
9320
6327
2955
344
-2013
-4300
-5220
-5109
-4393
-4205
-5029
-6029
-6391
-5359
-3055
-174
2661
5306
6492
4913
2165
23
-1202
-1549
-2106
-3431
-6095
-10250
-14723
-18066
-20439
-22217
-23041
-24101
-25066
-25196
-24814
-23751
-22089
-20693
-20548
-18600
-11378
-1912
3804
4385
2100
1976
6402
12510
15641
13959
9190
4993
4087
4877
6053
6194
5676
3855
1145
-533
-2700
-6090
-8159
-7255
-4939
-3773
-3171
-3472
-4202
-5650
-6130
-3603
15
3339
5506
7059
8103
8022
6798
6686
7904
8075
7717
6272
4703
3757
2596
-53
-3057
-3971
-3420
-3262
-2779
-646
1566
2601
2445
2997
4224
6566
8845
10717
12298
12537
11475
10237
10775
12682
14827
15616
14905
13190
12330
11066
8401
4656
1281
-847
-1401
42
970
344
-1507
-2909
-3660
-3745
-3395
-2371
-2106
-2867
-3846
-4751
-5897
-6347
-5881
-5449
-5268
-5112
-5871
-8723
-11988
-13884
-14567
-14911
-15944
-19001
-22796
-24875
-24847
-24264
-22813
-19687
-14272
-8537
-4629
-3233
-3928
-4585
-2632
2622
8915
12888
12514
9828
7824
7807
9425
9839
8142
5532
3920
2728
1287
98
-1409
-3212
-4971
-5930
-5982
-5903
-5992
-5530
-4387
-2711
-1177
-423
-362
-605
-800
413
2536
3904
4676
5721
6239
5506
4772
4462
3840
2008
-334
-951
-854
-1260
-1349
-216
981
1074
662
1248
2097
3222
4911
6322
6628
6856
8541
10646
11973
11473
10422
8952
9298
10883
11792
10898
8599
6705
6825
8553
9883
9500
8244
6640
5069
3683
2363
1732
1922
2762
3042
2601
965
-1876
-4734
-6927
-8134
-9355
-9942
-9764
-9652
-10128
-11483
-13529
-15088
-15356
-14454
-13176
-13246
-14221
-14729
-14367
-14007
-13873
-13966
-12075
-8725
-5094
-3226
-3397
-5217
-6196
-4586
-2427
-448
1376
1738
1171
1575
4441
7868
10086
10257
8615
6962
5661
6181
6642
6494
5750
5255
4584
2735
393
-757
443
1392
1195
5
-1224
-2552
-3103
-2722
-2074
-1308
-825
-964
-1070
-349
59
-660
-1628
-942
635
1908
2261
1585
668
888
2482
4286
5899
6335
5027
3247
3825
6151
8073
7999
6351
5268
5868
7164
8337
9308
9986
10054
10058
10138
9642
9058
8642
8744
7766
6090
5170
5153
5261
5501
5988
5646
4825
3914
3102
2168
1046
654
323
-172
-1266
-2821
-5159
-8249
-11523
-14113
-14403
-14734
-16394
-18865
-20324
-21576
-22968
-22215
-19428
-17325
-16432
-14535
-12261
-10203
-7902
-5894
-4958
-4198
-2337
-1
1405
1954
1323
1136
2201
3662
5248
6808
7707
6949
5298
4311
5107
6947
8443
9399
9985
10302
9253
6965
5527
5543
6319
6606
6141
4761
2326
-26
-1310
-921
324
1329
761
-1075
-2267
-1815
-1076
-586
-412
-867
-1967
-2348
-2192
-1458
-840
-1180
-1502
-1030
600
2462
4099
4481
3434
2309
2254
2271
2346
2333
2672
3486
4858
5404
5196
5136
5813
6992
8095
8827
8532
8536
8832
9077
8979
8581
7378
5373
3529
2546
1871
850
168
-205
-720
-1947
-3743
-4937
-4661
-3761
-3439
-4632
-5582
-6936
-9381
-12010
-13904
-15658
-17593
-19659
-21929
-23293
-23133
-21905
-20756
-19478
-17692
-16477
-15273
-12571
-8898
-5387
-2400
-322
-262
-223
1184
3947
6478
8674
10532
10977
9739
8866
10026
11099
11123
11116
11124
9912
7432
5403
4162
3820
4801
6193
7052
7183
6313
3937
1450
329
595
1864
3456
3643
2076
582
-750
-2351
-3243
-2863
-1821
-1298
-1403
-1766
-2291
-2551
-2062
-766
748
1547
1138
-28
-1129
-1815
-2086
-1719
-1195
-487
28
240
338
-228
-591
-331
151
671
1966
3628
4595
5020
5482
6152
7013
8340
9576
10337
9969
8629
7224
6506
6245
5244
3740
2500
949
-1501
-3723
-4936
-6084
-7090
-7135
-7129
-7411
-7999
-8697
-10345
-11811
-12649
-12781
-13420
-14102
-14191
-14131
-14122
-14611
-15241
-15332
-14131
-11822
-9078
-6956
-6279
-6429
-5001
-2947
-1273
501
3412
6412
8578
10404
11956
12866
12472
12622
13915
15096
15346
14558
13399
12578
12626
12210
11078
8857
6304
4076
2522
2603
3088
3011
2083
1426
725
123
592
1662
2338
2575
2688
2273
1885
1502
1116
849
1355
1595
513
-858
-1336
-968
-436
-359
-764
-1255
-1748
-1171
1024
2499
1943
9
-1829
-3121
-3423
-3361
-3592
-3440
-2572
-877
518
674
713
1738
2934
3576
4250
5426
6638
7195
7300
6451
5220
4361
3664
2831
1694
623
-414
-1697
-3180
-4740
-6400
-8324
-10251
-11459
-12193
-12450
-12422
-12499
-12666
-12160
-11507
-11527
-12152
-12409
-11599
-10238
-8121
-5624
-3720
-2925
-3461
-3556
-2375
-97
2392
5167
6595
6675
6015
5219
4851
5729
7209
8013
8589
9779
11282
12270
13094
13536
13182
12568
12275
12026
11691
10419
9051
7461
6168
5588
5058
4098
2688
1412
435
-289
-239
319
1067
1251
1036
1120
1761
2638
3223
3553
3444
2843
1304
98
52
169
-199
-366
-525
-1472
-2340
-2753
-3025
-3202
-3131
-2796
-2184
-1473
-1427
-2348
-2913
-2959
-2827
-2246
-1194
-927
-1562
-1935
-1470
-681
-6
463
944
1127
790
128
-960
-1691
-1906
-2174
-3119
-4382
-5800
-7311
-8660
-9568
-10244
-10629
-10563
-10881
-11030
-10214
-9236
-9786
-11163
-11820
-12243
-12382
-11831
-10611
-9200
-7768
-6355
-4116
-933
1988
3674
4405
5501
6654
7749
8852
9386
9481
8876
7865
7230
7286
7885
8348
7877
7124
6823
6829
6310
5878
5256
5025
5527
6217
6982
7869
8705
8753
7798
6543
5903
5371
4690
3413
2558
2312
2350
1991
1546
781
1
-1360
-2062
-2249
-1594
-286
557
410
-75
-226
-270
-108
113
-51
-492
-529
-1229
-2294
-3778
-4917
-5702
-5966
-5854
-4947
-4268
-4103
-4043
-3807
-3264
-2585
-1737
-809
38
62
-51
-102
-203
-618
-1190
-2455
-3485
-3677
-3130
-3299
-4415
-5947
-7976
-9326
-10073
-10426
-11461
-12110
-12658
-12756
-12233
-11902
-12381
-13010
-12807
-10926
-8228
-6124
-4628
-3900
-3172
-2179
-715
885
2095
2997
4232
5875
7482
8875
9303
9548
9996
10938
12018
12470
11757
10863
10286
8736
6753
5586
5192
4339
3238
2739
2504
2488
2803
3434
4426
5905
7152
7751
7953
8119
8052
7505
6894
6683
6816
6800
6552
5977
4976
3700
2806
2325
1866
1167
220
-785
-1498
-1815
-1954
-2505
-2995
-2892
-2903
-3384
-3161
-2121
-1642
-1758
-1650
-1542
-1568
-1178
-1255
-1951
-2295
-2124
-1939
-1488
-1029
-1452
-2097
-2682
-2841
-2940
-2668
-2457
-2791
-2834
-2518
-1706
-1345
-1355
-2335
-4165
-5920
-7247
-7934
-8492
-9232
-10621
-11685
-11443
-11026
-11155
-11181
-10840
-9431
-7724
-6611
-6235
-5885
-5065
-3516
-1554
-284
564
1540
3093
4590
6014
7243
7866
8324
8778
9755
10770
10959
10042
9043
8212
6585
5560
5367
5325
4399
3242
2395
1323
397
-46
537
1593
2881
3548
3347
3461
3744
3827
4536
6347
8286
9800
10737
10832
10394
9662
8923
8315
8225
7829
6368
4344
2794
2474
1606
296
-1153
-1638
-1947
-2912
-3590
-3415
-3326
-3893
-4398
-4346
-3896
-3536
-2994
-2422
-2049
-1775
-1666
-1423
-916
-130
560
586
-79
-999
-1491
-1157
-881
-1377
-1763
-2234
-3040
-4222
-5258
-6699
-8097
-8564
-8107
-7928
-8401
-9230
-9650
-9444
-8897
-8269
-7477
-6783
-6880
-6665
-5967
-5227
-4767
-4377
-4185
-3518
-1727
171
1258
2176
3560
4846
5851
6838
7675
7942
8037
8486
8876
8463
7250
5745
4945
4693
4593
4193
3276
2428
1603
1127
289
-728
-1145
-703
-352
-252
-453
-676
-911
-331
926
2141
3125
3619
4301
5001
6114
7177
7380
6890
6841
7380
7726
7459
6633
5763
4825
4415
4115
3461
2345
1313
120
-1126
-2034
-2936
-3904
-5213
-5891
-5822
-5441
-5831
-6254
-6541
-6564
-6030
-5003
-3856
-3047
-2598
-2404
-2062
-1442
-995
-784
-957
-1327
-1560
-2039
-2759
-3242
-4166
-5946
-7874
-9335
-10142
-10009
-9645
-9721
-10078
-10668
-10845
-10894
-10337
-9563
-8652
-7358
-5949
-4899
-3931
-2894
-2047
-991
271
1719
3614
5189
5783
5654
5806
5936
6015
5789
5726
6161
6158
5681
4918
4634
4490
4132
3684
2987
2262
1267
173
-439
-1094
-1839
-2438
-2804
-2793
-2669
-2504
-2624
-2564
-1906
-868
-12
761
1306
2181
3069
4299
5672
6335
6524
6322
6137
6390
7241
7799
7852
7150
6578
5942
5273
4348
3043
1649
391
-176
-445
-947
-1330
-1547
-2080
-2511
-2886
-3286
-3633
-3518
-2752
-2342
-2638
-3599
-4376
-4983
-4979
-4599
-3898
-3343
-3009
-2712
-2926
-3335
-4032
-4608
-5421
-5699
-5729
-5703
-6024
-6232
-6243
-6389
-6902
-7288
-7475
-7426
-6534
-5365
-4274
-3882
-3589
-2893
-1800
-736
537
1856
3390
4925
5993
6707
7129
7825
8350
8848
9421
9649
9041
8033
7165
6794
6392
5550
4341
2630
1159
107
-1112
-2121
-2467
-2775
-2946
-2877
-2935
-3032
-2913
-2469
-2291
-2106
-1525
-1285
-1023
-452
241
398
457
627
922
1299
1558
1882
2268
2865
3151
3834
4298
4564
4715
5201
5532
5446
5311
4621
3604
2728
2173
1744
1632
1178
176
-1022
-2239
-3320
-3737
-3891
-4218
-4817
-4630
-3969
-3536
-3147
-3087
-2990
-2887
-2657
-2521
-2460
-2377
-2230
-2435
-3500
-4833
-5493
-5667
-5866
-5543
-5300
-5146
-5034
-4759
-4525
-4269
-3648
-2451
-1141
-131
905
1771
2956
4128
5192
6137
7116
7846
8286
8970
9653
10024
10057
10041
9665
8940
8395
7472
6631
5967
5414
4945
3969
2890
1825
886
29
-363
-210
-334
-844
-1578
-2316
-2895
-3333
-3830
-4286
-4494
-4713
-4815
-4574
-4283
-3970
-3919
-3690
-2848
-2214
-1580
-881
-40
297
73
220
831
1588
1839
1974
1606
1189
924
532
-74
-722
-1045
-796
-488
-282
-335
-408
-763
-784
-554
-580
-916
-1404
-1832
-1960
-2202
-2755
-3352
-3891
-4034
-4281
-4632
-5189
-5971
-6594
-6515
-6005
-5831
-5959
-5913
-5800
-5273
-3971
-2750
-2368
-2177
-1638
-701
219
974
1534
1501
1628
2528
4118
5616
6577
6874
7112
7355
7967
8857
9571
10139
10312
10768
11085
11091
10884
10245
9406
8346
7736
7064
6233
4948
3453
2101
823
-425
-1552
-2584
-2962
-3240
-3789
-4249
-4653
-4497
-4271
-4084
-4242
-4649
-4491
-3796
-3075
-2589
-2424
-2627
-2895
-2416
-1818
-1720
-2480
-3152
-3458
-3679
-3607
-3504
-3834
-3759
-3313
-2975
-2480
-1942
-1756
-1989
-2020
-1745
-1655
-1977
-2238
-2314
-2222
-1849
-1514
-1654
-2275
-3188
-4055
-4724
-4929
-4874
-4701
-4439
-4496
-4835
-5402
-5777
-5996
-5807
-4898
-4192
-4026
-4026
-4005
-3575
-3016
-2801
-2480
-1785
-925
109
1308
2400
3142
3448
3765
4750
6340
7824
9279
10453
11171
11539
11862
12314
12499
12591
12420
12195
11898
11492
10585
9336
8179
7080
6278
5420
4696
3461
2144
1304
1195
987
758
147
-383
-700
-1120
-1572
-1918
-1921
-1922
-1864
-1904
-1848
-2012
-2237
-2606
-3509
-4170
-4438
-4606
-4401
-4345
-4487
-4727
-4967
-4982
-4397
-3609
-3392
-3348
-3400
-3382
-3271
-2969
-2777
-3148
-3645
-4130
-4714
-5380
-5880
-6200
-6372
-6362
-6176
-5926
-5553
-5313
-5069
-5122
-4938
-4748
-4609
-4485
-4665
-4866
-5385
-5629
-5934
-6005
-6101
-6082
-6377
-6554
-6490
-6251
-5586
-5254
-5017
-4754
-3876
-2582
-723
1163
2660
3708
4769
6077
7802
9740
10921
11644
12542
13634
14229
15032
15530
15219
14708
14596
14490
14287
13949
13154
12194
10995
10017
8895
8324
8044
7213
6065
5105
4446
3447
2793
2575
2358
1601
290
-781
-1438
-1520
-1122
-1025
-1447
-2130
-2413
-1904
-809
-597
-1428
-2537
-2999
-2896
-2680
-2475
-2801
-3403
-3947
-3841
-3274
-3022
-3374
-4277
-5233
-5600
-5343
-5162
-5056
-5091
-5357
-5677
-5837
-5878
-5927
-5870
-5700
-5449
-5098
-4808
-4676
-4697
-4928
-5084
-5164
-5379
-5502
-5668
-5981
-6605
-7069
-7303
-7504
-7355
-6977
-6708
-6374
-6167
-5369
-4179
-3236
-2825
-2715
-1988
-875
535
1583
2156
2377
2697
3855
5553
7015
8085
8696
9079
9796
10833
11792
12484
12709
12837
13495
13915
14621
15143
14952
14355
13518
12746
11870
10834
9754
8955
7992
6928
5922
5236
4733
4154
3564
2838
1883
1037
475
378
4
-432
-870
-1154
-1561
-1737
-1504
-1807
-2387
-2745
-2677
-2788
-3762
-4605
-4827
-5133
-5165
-4742
-4935
-5727
-6397
-6530
-6216
-6223
-6229
-6174
-6163
-5966
-5685
-5897
-6505
-6892
-6897
-6759
-6740
-6424
-6529
-6742
-6893
-7204
-7374
-7989
-8462
-8596
-8547
-8634
-8665
-8610
-8439
-8305
-7910
-7563
-7177
-6689
-6229
-5320
-4278
-3316
-2743
-2741
-2630
-2244
-1220
124
1046
1894
2487
3171
4107
5227
6349
7452
8414
9167
10002
10650
10838
10765
10523
10338
10150
10036
10096
9882
9684
9517
9228
8559
7538
6683
6001
5727
5492
5512
5511
5269
5252
4898
4528
4302
3798
3336
3157
3329
3159
2332
1166
348
-168
-654
-1114
-1540
-1878
-2323
-2677
-3246
-4127
-5056
-5468
-5771
-5929
-5654
-5229
-5074
-4992
-5019
-4978
-5079
-5398
-5457
-5544
-5251
-5461
-5965
-6183
-6375
-6535
-6891
-7727
-8143
-8388
-8219
-7709
-7269
-6914
-6642
-6515
-6567
-6466
-6457
-6837
-7178
-7259
-6796
-6699
-6683
-6597
-6591
-5896
-4767
-3383
-2521
-2042
-1403
-606
50
801
1540
2452
3109
3901
4706
5882
7050
7567
8122
8623
9149
9593
10020
9761
9465
9176
8929
8820
8493
8208
7536
7062
6752
6635
6437
6424
6590
6740
6627
6197
5963
5906
6005
5713
5300
4834
4271
4053
4102
3805
3420
2859
2349
1810
1212
859
342
44
-581
-1097
-1521
-2274
-2809
-3159
-3212
-3545
-3690
-3573
-3546
-3966
-4201
-4084
-4137
-4286
-4596
-4645
-4687
-4540
-4366
-4624
-5318
-5880
-6393
-6645
-6699
-6645
-6573
-6394
-6077
-5900
-5725
-5881
-5950
-6376
-6534
-6416
-6049
-5955
-6105
-5998
-5637
-5033
-4641
-4269
-3820
-2937
-1787
-1053
-908
-680
-324
532
1502
2643
3505
4145
4763
5592
6724
7655
7968
8031
8243
8246
8558
8634
8407
7666
6860
6507
6430
6767
6843
6644
6151
5573
5286
5292
5117
5018
4945
5030
5166
5256
5226
4888
4787
4726
4535
4547
4719
4663
4616
4458
4546
4486
4136
3644
3173
2421
1487
665
190
-577
-1406
-2162
-2844
-3388
-3907
-4101
-4340
-4504
-4928
-5464
-5911
-6006
-6303
-6657
-6615
-6455
-5898
-5214
-4808
-4927
-5169
-5160
-5107
-5080
-5166
-5476
-5819
-5937
-5802
-5757
-5510
-5554
-5809
-5576
-4779
-4345
-4824
-5234
-5540
-5445
-5366
-5031
-4908
-4402
-3435
-2510
-1560
-648
-383
239
985
1860
2840
3575
4196
4583
4958
5419
5990
6643
6970
7168
7156
7232
7285
6977
6426
6027
5786
5500
5231
4983
4520
3961
3340
2603
2265
1701
1695
1908
1878
2014
1829
1836
1747
1733
2048
2160
2184
2341
2293
2249
2464
2752
2732
2519
2196
1734
1652
1153
404
-169
-507
-812
-1287
-1780
-2420
-2948
-3285
-3717
-4229
-4590
-4722
-5073
-5734
-6343
-6871
-6646
-6246
-5929
-5563
-5590
-5893
-6074
-6055
-6074
-6036
-5913
-5866
-5676
-5296
-4824
-4499
-4873
-5162
-5064
-4956
-4471
-4041
-3933
-3939
-3928
-3620
-3015
-2441
-2309
-2236
-1920
-1384
-336
953
1327
1260
1371
1860
2469
3206
3880
4265
4661
5227
5923
6692
7228
7393
7397
7555
7528
7466
7513
7276
6898
6383
5960
5084
4325
3468
2906
2025
1097
515
126
15
-35
48
-27
-122
-295
-180
-16
356
516
715
782
484
564
617
833
825
568
506
526
434
-11
-521
-1030
-1413
-1801
-2289
-2676
-3075
-3450
-4082
-4782
-5051
-5229
-5553
-5667
-5780
-6077
-6354
-6765
-6873
-6697
-6282
-6019
-6261
-6122
-5877
-5639
-5633
-5844
-5842
-5876
-5516
-4681
-4041
-3439
-2851
-2535
-2205
-1862
-1703
-1645
-1607
-1574
-1072
-547
-98
508
610
663
1188
1904
2568
2840
3166
3713
4235
4699
5082
5556
6162
6600
7210
7831
8148
8308
8357
8174
7900
7727
7696
7495
6934
6390
6192
5853
5317
4916
4226
3506
3074
2449
2122
1622
1309
1138
838
467
169
82
-213
-410
-576
-555
-799
-997
-1125
-1170
-1060
-778
-701
-866
-978
-857
-602
-876
-1071
-1318
-1275
-901
-910
-933
-988
-1066
-1233
-1705
-2314
-2798
-3303
-3939
-4078
-4600
-5189
-5469
-5658
-5652
-5718
-5638
-5423
-5301
-5160
-4922
-4838
-5121
-5236
-5066
-4492
-3936
-3675
-3482
-3194
-2673
-2098
-1600
-1381
-1040
-613
281
973
1669
2346
2999
3386
3784
4333
4737
5200
5265
5767
6494
7144
7724
7958
7842
7869
7977
8088
8316
8310
8134
8165
7924
7443
7045
6542
6087
5887
5752
5203
4516
3883
3610
3171
2679
2258
1282
403
-129
-403
-490
-651
-961
-1257
-1220
-1239
-1208
-1313
-1722
-2043
-2393
-2606
-2714
-2944
-3293
-3806
-4204
-4006
-4067
-4310
-4580
-4605
-4666
-4730
-4978
-5122
-4966
-5194
-5192
-5414
-5539
-5794
-5945
-5841
-5640
-5247
-4901
-4514
-4322
-3916
-3678
-3799
-3882
-4052
-4133
-4064
-3916
-3795
-3979
-4295
-4343
-4281
-4080
-3864
-3328
-2540
-1966
-1417
-771
-181
106
449
774
1074
1494
1937
2378
2998
3614
4347
4798
5106
5582
6000
6428
7067
7817
8082
8236
8402
8233
8201
8041
7988
7920
7709
7595
7391
7253
6968
6731
6460
6061
5809
5132
4463
4082
3605
2974
2423
2099
1865
1876
1746
1265
647
130
-121
-419
-586
-704
-700
-632
-872
-1087
-1281
-1676
-2138
-2619
-2990
-3078
-3464
-3709
-3905
-4284
-4689
-5092
-5458
-5807
-6095
-6251
-6321
-6066
-6028
-6180
-6299
-6620
-6805
-6847
-6895
-6887
-6572
-6401
-6109
-6059
-6242
-6364
-6419
-6188
-5858
-5627
-5193
-4859
-4351
-3828
-3468
-3124
-3036
-2876
-2497
-1767
-1073
-499
190
678
1220
1927
2464
2779
3177
3468
3857
4082
4689
5250
5382
5771
5914
6308
6847
7477
7848
8027
7894
7896
8109
8268
8386
7887
7455
7146
6840
6650
6338
5844
5323
4828
4590
4428
3965
3420
2773
2191
1772
1627
1610
1594
1595
1354
1219
1008
591
209
-167
-297
-361
-665
-1085
-1291
-1583
-1890
-2376
-2841
-3211
-3651
-4259
-4744
-5135
-5435
-5568
-5750
-5719
-5687
-5706
-5933
-6158
-6447
-6685
-6731
-6640
-6315
-5792
-5596
-5548
-5564
-5572
-5589
-5793
-5892
-5875
-5767
-5517
-5157
-4722
-4247
-4109
-4109
-4140
-4193
-3934
-3416
-2993
-2527
-2057
-1484
-785
-245
187
746
1366
2087
2838
3236
3868
4109
4288
4689
5203
5629
6157
6424
6762
6931
6972
7052
7362
7736
7758
7735
7410
7080
6915
6908
6831
6304
5797
5231
5224
5357
5398
5071
4464
3941
3392
3163
3221
3254
2901
2688
2334
2372
2114
1976
1638
1283
1131
1074
1280
1250
1035
511
180
-91
-441
-732
-1067
-1515
-1866
-2217
-2591
-3099
-3564
-3994
-4319
-4887
-5426
-5649
-6023
-6322
-6593
-6629
-6906
-6843
-6783
-6898
-6985
-7179
-7238
-7247
-7005
-6555
-6489
-6438
-6172
-5666
-5369
-5162
-4625
-4362
-3981
-3637
-3386
-2827
-2360
-2262
-2321
-2068
-1732
-1145
-716
-440
-100
396
1095
2043
2742
3401
3943
4246
4646
5047
5387
5818
6386
6843
7368
7831
8235
8400
8102
7874
7671
7531
7697
7659
7590
7356
6867
6449
6159
5680
5190
4907
4728
4416
4094
3993
3839
3667
3467
3119
3039
2898
2825
2625
2205
2009
1943
2152
2133
2274
2315
2419
2410
2148
1825
1458
1131
804
441
227
167
-267
-886
-1451
-1811
-2134
-2414
-2776
-3237
-3437
-3468
-3497
-3681
-3970
-4410
-4621
-4849
-5067
-5145
-5328
-5389
-5142
-4985
-4715
-4692
-4691
-4921
-5075
-5057
-5098
-4971
-4973
-4989
-4639
-4253
-4215
-4254
-4247
-4129
-3694
-3196
-2863
-2369
-1926
-1545
-867
-389
-159
28
301
718
1096
1658
2242
2544
2662
3074
3507
3779
4009
4094
4048
4249
4518
4557
4612
4698
4950
4996
4866
4742
4485
4226
4042
3785
3462
3383
3000
2720
2599
2151
1682
1358
1220
1134
931
631
539
684
627
479
221
48
-67
-172
33
-54
-56
-141
-219
-423
-616
-735
-1135
-1444
-1681
-1939
-2320
-2605
-2876
-3036
-3254
-3499
-3541
-3636
-3804
-3991
-4570
-4951
-5017
-5015
-4938
-4980
-5087
-5220
-5251
-5211
-5158
-5338
-5515
-5178
-4803
-4609
-4692
-4873
-4795
-4823
-4603
-4178
-3983
-3505
-3305
-3314
-3243
-3165
-2808
-2478
-2302
-2015
-1573
-747
96
450
787
1022
1378
1562
1721
2118
2496
2784
3129
3403
3755
3734
3987
3935
3963
4065
4040
4162
4119
4233
4154
4108
4023
3886
3735
3545
3374
3041
2822
2804
2783
2867
2864
2733
2778
3068
3228
3210
2996
2546
2216
1998
1980
1892
1860
1674
1190
1093
727
565
291
59
-64
-367
-323
-347
-431
-803
-1094
-1217
-1292
-1413
-1576
-1577
-1612
-1531
-1436
-1671
-2058
-2339
-2464
-2686
-2828
-2892
-2865
-2865
-2934
-2858
-3162
-3258
-3355
-3351
-3215
-3114
-3239
-3194
-3138
-3132
-2706
-2570
-2524
-2460
-2617
-2808
-2858
-2894
-2685
-2184
-1413
-742
-365
-108
24
162
580
871
1348
1766
1957
2038
2201
2325
2309
2165
1965
1804
1760
1748
1958
2233
2369
2555
2811
2856
2895
2985
2994
2927
2867
2745
2775
3012
3171
3312
3401
3306
3043
2822
2569
2630
2751
2815
3066
3233
3362
3277
2955
2795
2598
2352
2224
2167
2271
2200
2048
1902
1586
1046
768
399
11
-152
-439
-459
-563
-852
-1106
-1101
-1074
-1288
-1308
-1304
-1456
-1245
-991
-929
-905
-1089
-1443
-1832
-2036
-2140
-2143
-2111
-2054
-1933
-1838
-1440
-1400
-1347
-1369
-1404
-1265
-1375
-1226
-963
-896
-614
-372
-425
-537
-507
-705
-764
-593
-601
-339
-415
-425
-449
-361
-226
-348
-475
-398
-356
-206
65
260
385
609
670
427
46
-143
106
32
-12
-157
-146
162
278
144
-28
-142
-148
-129
5
18
25
134
219
220
248
365
465
598
538
429
458
502
372
348
347
362
305
193
35
-43
24
12
-251
-386
-549
-628
-898
-1110
-1377
-1735
-1766
-1941
-2059
-2179
-2315
-2379
-2221
-2196
-2283
-2455
-2522
-2621
-2416
-1958
-1756
-1574
-1463
-1527
-1687
-1741
-1753
-1619
-1484
-1444
-1426
-1357
-1151
-1085
-1061
-1112
-1225
-1319
-1174
-1034
-1051
-898
-593
-540
-516
-379
-321
-333
-206
101
158
110
-9
23
108
132
-87
-207
-237
-177
-69
-170
-249
-187
-225
-435
-378
-558
-613
-507
-493
-348
-301
-386
-241
-77
74
93
39
228
323
422
683
953
1053
1100
1081
1214
1325
1161
1096
942
946
866
777
886
937
1008
897
789
698
588
608
488
192
10
-179
-286
-432
-476
-554
-606
-625
-670
-911
-1043
-1075
-1016
-887
-931
-804
-838
-874
-946
-1010
-879
-916
-890
-823
-818
-664
-399
-300
-254
-252
-94
-64
-168
-78
33
158
86
183
235
230
260
353
351
256
372
398
527
878
1042
1108
1111
894
842
918
850
839
738
508
317
188
208
206
189
82
180
224
-5
-79
-397
-586
-568
-539
-538
-656
-626
-578
-513
-588
-369
-276
-319
-126
-40
283
367
452
676
891
956
1061
1163
1039
1088
1020
1111
887
768
882
922
805
658
629
576
460
83
-336
-387
-432
-508
-551
-751
-695
-631
-553
-389
-419
-535
-650
-659
-617
-459
-280
-198
-248
-311
-367
-462
-379
-317
-302
-228
-248
-42
183
252
642
868
875
857
859
981
874
1004
1195
1573
2049
2380
2519
2483
2363
2397
2317
2020
1867
1862
1977
2164
2092
2004
1854
1767
1615
1506
1281
1070
1075
851
860
957
938
963
730
424
157
-218
-696
-981
-983
-830
-689
-573
-483
-509
-523
-781
-1051
-1141
-1061
-852
-610
-629
-425
-311
-220
-170
-302
-517
-760
-869
-901
-896
-841
-852
-914
-801
-956
-1024
-1221
-1393
-1489
-1536
-1546
-1533
-1468
-1233
-1010
-1072
-1199
-1181
-1354
-1480
-1605
-1775
-1623
-1627
-1519
-1558
-1511
-1298
-1111
-911
-981
-1043
-1029
-1122
-1054
-957
-812
-402
-150
10
178
36
-85
-299
-384
-327
-132
296
607
1005
1409
1620
1750
1789
1654
1587
1530
1339
1389
1352
1123
1270
1392
1336
1205
1065
1091
772
377
195
-4
117
316
434
409
380
462
393
224
142
32
-75
-37
-80
18
105
106
118
46
-75
-316
-569
-765
-960
-1007
-1068
-983
-820
-772
-701
-749
-874
-912
-898
-1091
-1093
-1203
-1131
-1071
-865
-838
-862
-782
-1039
-1323
-1647
-1633
-1735
-1782
-1515
-1405
-1399
-1189
-1134
-1197
-1421
-1581
-1848
-2028
-2052
-1959
-1731
-1630
-1342
-1336
-1203
-1217
-1374
-1399
-1309
-1151
-919
-693
-370
-141
159
565
974
1220
1129
1124
1348
1467
1555
1791
2040
2329
2399
2436
2361
2295
2085
1949
1928
1989
2103
2287
2678
2913
3161
3185
3016
2831
2588
2311
2049
1616
1516
1572
1679
1611
1569
1437
1314
1046
765
489
251
189
100
202
242
337
484
434
443
214
55
-101
-342
-336
-529
-351
-421
-428
-425
-465
-683
-1115
-1354
-1609
-1574
-1663
-1734
-1742
-1692
-1634
-1673
-1917
-1862
-1871
-1998
-2152
-2141
-2035
-1835
-1576
-1556
-1434
-1342
-1341
-1514
-1612
-1716
-1859
-2015
-2012
-1823
-1376
-925
-653
-693
-649
-791
-1004
-1159
-1257
-1103
-1020
-863
-477
-54
199
368
399
551
640
556
692
849
1276
1521
1889
2178
2285
2327
2139
2034
2064
1793
1845
1988
2005
2331
2684
2827
2925
2884
2849
2523
2150
1978
2005
2376
2622
2963
3120
3032
2732
2442
2146
1875
1515
1318
1261
1180
1121
1256
1394
1267
1246
910
585
136
-278
-316
-410
-256
-187
-119
-10
-178
-202
-354
-558
-698
-1011
-1220
-1135
-1151
-1138
-1176
-1352
-1362
-1494
-1681
-2023
-2085
-2030
-2111
-2013
-2047
-1900
-1866
-1877
-1956
-2017
-1918
-2144
-2225
-2335
-2117
-1700
-1363
-1025
-723
-574
-384
-244
-174
-99
50
228
196
366
853
1395
1837
1976
2043
2139
2002
1900
1655
1691
1674
1734
1764
1532
1632
1514
1562
1698
1806
2004
2146
2279
2586
2804
3073
3234
3258
3292
3185
2998
2613
2406
2040
1914
2075
1955
1943
1820
1568
1177
886
649
315
138
-6
51
240
363
282
263
279
257
53
-17
-51
-235
-450
-513
-582
-526
-635
-738
-875
-1080
-1232
-1372
-1500
-1595
-1596
-1457
-1346
-1445
-1635
-1831
-1905
-1895
-1777
-1767
-1920
-2093
-2207
-1916
-1627
-1532
-1516
-1612
-1625
-1577
-1562
-1454
-1516
-1498
-1344
-1208
-906
-876
-832
-812
-880
-987
-1025
-1024
-1142
-929
-688
-217
239
362
508
626
702
743
856
1059
1186
1386
1657
1880
1954
1908
1964
1897
1500
1487
1616
1725
1862
2064
2093
2226
2171
1989
1919
1789
1771
1453
1303
1214
1207
1147
1386
1554
1547
1645
1638
1434
1186
991
808
784
739
774
667
654
519
292
17
-83
-82
-245
-274
-394
-357
-241
-299
-84
-119
-319
-497
-963
-1284
-1511
-1734
-1839
-2025
-2053
-1903
-1921
-2002
-2250
-2528
-2754
-3155
-3191
-3396
-3337
-3298
-3181
-2877
-2898
-2943
-3243
-3324
-3447
-3348
-3117
-2873
-2660
-2251
-1876
-1546
-1237
-940
-1003
-1122
-972
-1021
-823
-798
-686
-300
-33
222
173
5
-124
-261
4
89
32
351
766
1332
1739
2063
2311
2208
2277
2172
2171
2062
2106
2144
2251
2450
2363
2349
2020
1853
1702
1451
1168
1017
909
1013
1123
1118
1176
817
578
410
167
-92
-177
-166
-196
-267
-258
-225
-232
-173
-164
-214
-362
-482
-536
-548
-478
-301
-76
27
139
217
136
-4
-124
-532
-804
-955
-1058
-870
-916
-867
-799
-825
-993
-1156
-1297
-1593
-1755
-1784
-1472
-1091
-747
-757
-690
-655
-780
-1044
-1255
-1464
-1547
-1506
-1174
-853
-761
-522
-650
-666
-607
-558
-537
-423
-295
-113
98
297
520
710
701
770
703
738
987
906
1067
1388
1584
1534
1633
1646
1528
1387
1332
1230
1218
1140
1111
1183
1311
1737
1843
1862
1807
1540
1303
1109
886
955
984
1105
1269
1431
1418
1344
1214
1197
1131
1036
1005
897
948
1027
1186
1213
1133
1278
1250
1093
1051
919
824
781
708
527
562
750
712
537
409
249
209
92
-28
-38
26
122
255
225
65
-83
-177
-291
-641
-882
-1102
-1175
-1010
-854
-444
-194
77
-42
-319
-420
-713
-738
-858
-876
-775
-589
-402
-382
-547
-529
-454
-462
-416
-494
-314
-22
83
131
466
492
579
704
837
1093
1213
1347
1451
1504
1588
1768
1723
1670
1492
1310
1139
1155
1090
854
800
758
703
869
642
495
310
61
-57
-280
-413
-701
-847
-1130
-1248
-1209
-1219
-1259
-1185
-1133
-1058
-934
-1074
-1013
-1018
-898
-688
-545
-469
-387
-298
-194
-114
-61
-51
-209
-100
-87
-305
-383
-340
-555
-762
-814
-804
-865
-901
-1030
-1155
-1148
-1078
-951
-917
-982
-972
-832
-915
-848
-919
-1074
-1067
-1092
-887
-852
-831
-770
-754
-655
-607
-439
-475
-368
-303
-258
-288
-283
-311
-329
-342
-450
-439
-447
-577
-769
-633
-626
-509
-412
-428
-390
-271
-165
-53
219
346
449
440
405
534
411
200
51
-48
-54
-10
-58
-172
-369
-418
-690
-893
-983
-1048
-1060
-931
-923
-798
-766
-762
-878
-1060
-1215
-1354
-1311
-1445
-1409
-1396
-1273
-1455
-1509
-1506
-1498
-1485
-1663
-1806
-1873
-1705
-1566
-1358
-1200
-1011
-868
-688
-721
-615
-552
-883
-980
-795
-532
-503
-384
-352
-385
-171
-132
-140
-151
-392
-557
-682
-726
-629
-348
-154
39
155
159
-26
-174
-268
-392
-404
-240
-219
-181
-113
-135
-4
252
294
265
233
326
449
529
804
900
967
1061
1214
1312
1278
1198
1170
1061
1305
1356
1418
1465
1475
1402
1278
1061
706
437
188
121
71
-40
-65
-134
-159
-71
-158
-59
-157
-321
-450
-529
-535
-491
-306
-327
-394
-326
-178
-182
-398
-580
-435
-299
-34
1
-50
-63
-179
-205
-337
-349
-291
-408
-432
-277
20
99
157
260
352
365
336
419
202
322
556
790
957
1249
1519
1550
1696
1630
1653
1490
1300
1201
1199
1136
1332
1486
1447
1567
1592
1592
1633
1472
1140
1028
1097
1243
1365
1605
1736
1751
1552
1466
1261
1009
799
676
883
1146
1380
1480
1530
1319
976
737
528
268
-37
-88
-86
84
207
233
327
407
434
301
-16
-177
-159
-277
-496
-677
-618
-629
-704
-778
-1119
-1253
-1526
-1839
-2153
-2102
-2015
-2034
-1962
-1959
-1826
-1976
-2190
-2276
-2210
-2318
-2332
-2232
-2228
-2029
-1701
-1566
-1432
-1511
-1531
-1591
-1716
-1892
-1951
-1747
-1683
-1450
-1220
-978
-620
-525
-403
-382
-459
-350
-161
24
186
419
352
537
651
699
736
855
968
1079
1140
1288
1336
1369
1503
1338
1258
1114
1030
818
613
578
810
886
939
1022
835
678
497
501
405
502
368
309
385
424
681
726
842
822
908
793
776
492
129
140
-118
-45
-2
-82
-201
-200
-140
-245
-321
-429
-417
-411
-483
-607
-750
-880
-912
-835
-872
-961
-1064
-1202
-1398
-1547
-1687
-1603
-1377
-1402
-1301
-1380
-1475
-1518
-1729
-1957
-2143
-2175
-2260
-2329
-2338
-2185
-2124
-2122
-1856
-1805
-1664
-1644
-1614
-1603
-1600
-1424
-1411
-1367
-1278
-1038
-958
-927
-944
-988
-962
-931
-846
-678
-586
-433
-300
6
305
462
484
560
577
656
611
444
681
780
902
1155
1228
1420
1539
1341
1408
1434
1523
1612
1694
1821
1844
1918
1840
1772
1620
1522
1240
987
883
810
804
809
814
905
957
1040
1079
840
946
876
823
827
696
821
1007
936
737
407
-6
-326
-604
-850
-1020
-1060
-1111
-956
-776
-668
-648
-558
-634
-708
-830
-970
-849
-938
-912
-791
-711
-482
-548
-651
-1031
-1185
-1226
-1280
-1185
-1270
-1020
-827
-548
-436
-547
-411
-654
-736
-767
-853
-701
-512
-426
-406
-249
-53
-192
-201
-50
-77
73
92
200
571
771
1001
1193
1297
1177
986
811
478
361
291
258
353
555
626
840
1077
953
865
785
691
690
789
798
982
1104
1198
1301
1247
1170
1020
854
670
610
595
695
854
876
938
966
906
856
605
371
283
201
85
19
68
168
335
572
387
379
234
160
31
-198
-83
-2
151
236
409
506
511
293
182
-24
-389
-624
-532
-422
-303
-280
-165
-120
-291
-488
-546
-738
-878
-773
-676
-524
-341
-122
165
371
449
416
217
33
-127
-304
-202
-110
41
10
105
324
269
242
296
360
282
296
203
276
471
694
871
792
697
641
542
421
503
574
746
868
943
971
1222
1283
1085
1186
1108
1005
926
739
892
1007
1211
1280
1405
1298
1156
873
651
530
392
432
519
762
895
1033
1143
1065
942
795
518
299
163
180
198
267
305
317
210
35
-330
-459
-502
-615
-758
-938
-877
-790
-714
-710
-758
-830
-856
-835
-750
-754
-735
-598
-539
-493
-474
-461
-430
-466
-417
-587
-563
-520
-559
-457
-438
-370
-262
-365
-201
-139
-64
64
203
377
380
595
661
822
883
967
1019
865
824
620
439
509
525
491
530
710
709
638
649
504
445
416
316
252
57
-29
-44
-52
-228
-240
-298
-469
-357
-147
-6
-10
121
190
224
170
102
-45
-218
-322
-374
-346
-209
-189
-131
-104
45
15
-82
110
136
76
79
147
154
221
307
377
420
435
445
476
388
412
396
181
72
60
-33
-34
-92
-79
-296
-411
-674
-763
-610
-788
-670
-874
-663
-519
-563
-564
-734
-645
-663
-671
-711
-678
-710
-746
-807
-692
-894
-1019
-1203
-1261
-1189
-1160
-1088
-1092
-950
-809
-566
-490
-490
-495
-532
-464
-225
-84
48
83
92
120
176
342
362
584
720
654
600
374
275
0
-99
-58
-20
-6
127
31
-35
-13
52
203
339
419
365
511
432
510
512
554
552
585
707
535
447
485
582
560
571
589
527
485
451
531
603
522
355
236
43
-13
42
68
-2
200
127
241
329
379
393
300
376
294
447
404
243
78
-11
-60
-396
-515
-587
-634
-542
-464
-237
-61
112
347
478
604
767
871
792
737
768
800
804
831
667
658
711
745
870
965
1059
1243
1230
1231
1245
1063
1014
1042
888
738
650
571
560
484
495
326
355
299
254
238
218
415
424
372
423
490
586
656
629
541
475
482
437
472
368
233
157
-1
-158
-166
-96
-219
-240
-94
12
297
528
446
470
597
681
680
571
686
723
853
676
726
720
628
659
477
529
582
678
681
694
797
772
679
710
598
423
262
66
-129
-150
-74
-230
-169
-156
-356
-439
-592
-584
-581
-690
-549
-390
-315
-252
-196
-187
-74
-66
-194
-260
-270
-378
-481
-534
-677
-578
-419
-228
-212
-150
-114
-123
-127
-325
-436
-601
-580
-509
-451
-398
-373
-364
-520
-619
-976
-1129
-1313
-1381
-1220
-1220
-1067
-1046
-955
-760
-698
-657
-646
-678
-704
-776
-687
-510
-504
-437
-507
-506
-475
-650
-616
-730
-714
-631
-560
-550
-441
-435
-538
-752
-853
-876
-1031
-1224
-1142
-1166
-942
-486
-426
-300
-178
-200
-232
-252
-468
-603
-669
-692
-576
-469
-569
-521
-581
-581
-759
-834
-899
-863
-818
-883
-549
-424
-342
-293
-360
-446
-520
-725
-831
-744
-712
-552
-217
79
-26
-37
-79
-33
-3
4
-91
-219
-15
42
204
284
349
221
180
71
114
203
127
138
200
281
549
703
612
763
796
1018
928
631
673
574
652
590
729
646
701
688
298
77
-124
-253
-294
-271
-247
-194
-151
-42
109
202
194
159
152
187
299
129
166
271
247
373
355
237
99
-127
-224
-135
-182
74
205
357
498
430
402
477
428
374
316
200
246
291
321
421
459
413
529
495
415
513
471
426
515
422
627
702
729
857
837
718
665
644
534
537
486
514
465
436
413
391
301
364
402
320
566
598
528
476
464
513
458
437
293
94
48
30
-25
31
121
123
124
347
443
393
361
235
205
72
-13
-145
-44
80
-35
-113
-160
-212
-361
-416
-538
-622
-727
-778
-688
-793
-889
-955
-1039
-1266
-1413
-1483
-1544
-1761
-1732
-1468
-1331
-1364
-1286
-1211
-1128
-1125
-1191
-1109
-1172
-1079
-901
-595
-479
-284
-142
-28
-53
-95
-157
-59
-66
-150
-35
-73
-89
-64
-30
-101
-92
-163
-166
-87
-184
-143
-223
-120
62
65
58
-112
-84
-145
-53
-8
-151
-136
-78
-97
-4
107
57
-44
-178
-182
-411
-532
-616
-753
-835
-927
-788
-808
-732
-663
-646
-523
-466
-513
-367
-300
-140
-37
-62
72
118
82
-193
-349
-500
-389
-441
-566
-613
-530
-360
-517
-419
-508
-443
-426
-506
-304
-327
-171
-25
120
293
283
274
303
359
396
350
290
456
357
454
523
534
443
454
389
203
181
120
44
95
80
-49
-106
-149
-102
57
114
185
318
491
659
834
1034
1242
1396
1528
1742
1751
1807
1697
1591
1539
1331
1349
1254
1247
1091
1100
1030
859
900
802
781
842
822
816
934
762
868
1005
910
801
806
777
807
759
629
655
559
528
506
454
556
424
341
325
119
123
142
55
-43
-261
-277
-250
-320
-278
-337
-249
-162
-67
-1
197
223
158
280
147
-39
-231
-345
-488
-661
-936
-1169
-1255
-1348
-1367
-1595
-1698
-1810
-1832
-1865
-1975
-1932
-1641
-1703
-1543
-1427
-1537
-1574
-1813
-1806
-1960
-2147
-2192
-2333
-2361
-2260
-2308
-2253
-2246
-2315
-2354
-2450
-2528
-2554
-2696
-2616
-2609
-2496
-2262
-2263
-2135
-2254
-2259
-2081
-2135
-2117
-2076
-1919
-1886
-1790
-1739
-1568
-1465
-1539
-1568
-1377
-1298
-1306
-1208
-1308
-1145
-1091
-1110
-1083
-1094
-1186
-1241
-1413
-1429
-1497
-1513
-1385
-1075
-769
-723
-579
-496
-440
-410
-391
-446
-523
-442
-496
-529
-441
-415
-389
-408
-378
-410
-376
-335
-244
-83
9
200
309
220
280
287
179
182
233
186
104
50
-26
-81
-137
-276
-366
-499
-453
-259
-59
141
246
408
350
345
393
333
335
396
409
483
548
649
803
876
985
1161
1301
1421
1393
1492
1561
1749
1835
1817
1794
1916
1809
1750
1632
1542
1643
1677
1765
1912
1967
2082
2282
2351
2478
2528
2677
2756
2796
2836
2919
2970
3059
3045
3096
3114
2968
2798
2803
2717
2762
2661
2585
2622
2707
2678
2730
2702
2562
2480
2417
2452
2450
2408
2285
2330
2298
2348
2427
2317
2191
2240
2041
2060
1911
1781
1774
1688
1857
1753
1698
1679
1544
1424
1396
1183
1043
932
628
789
883
789
757
635
556
584
596
575
577
596
640
801
946
890
863
817
595
470
276
120
46
50
-93
-118
-167
-218
-338
-417
-465
-656
-626
-730
-848
-805
-667
-648
-395
-307
-342
-552
-526
-529
-611
-570
-588
-446
-361
-243
-198
-247
-408
-583
-704
-605
-691
-751
-870
-886
-815
-789
-723
-877
-769
-765
-711
-828
-869
-760
-671
-694
-806
-723
-665
-612
-625
-825
-893
-857
-804
-667
-628
-600
-550
-526
-527
-600
-550
-475
-488
-463
-533
-632
-877
-1046
-1030
-981
-1029
-1008
-1069
-937
-937
-992
-952
-1069
-1054
-927
-1030
-1148
-1240
-1451
-1555
-1516
-1459
-1663
-1675
-1859
-2069
-1937
-2035
-2021
-2029
-2120
-1991
-1891
-1865
-1970
-2007
-2002
-2057
-1889
-1884
-1731
-1730
-1727
-1646
-1677
-1696
-1449
-1378
-1524
-1663
-1836
-1758
-1637
-1662
-1685
-1562
-1646
-1656
-1672
-1717
-1581
-1494
-1420
-1329
-1283
-1155
-1098
-1063
-922
-955
-1044
-921
-768
-728
-561
-371
-331
-115
-78
-140
-88
141
133
122
261
191
313
210
565
183
179
241
-47
-7
5
193
328
185
145
151
220
505
562
694
685
894
900
563
631
699
772
899
1214
1218
1226
1290
1253
1561
1519
1642
1730
1555
1590
1432
1410
1125
1086
1271
1630
1691
1656
1292
1029
846
795
838
966
1023
824
786
689
579
453
498
559
598
716
779
913
1017
1079
1384
1221
1461
1485
1509
1556
1268
1199
1067
1109
1200
1193
958
912
796
856
788
639
692
599
682
629
488
500
460
440
498
421
310
243
58
191
144
221
341
511
446
365
322
293
296
200
190
152
66
-30
34
-76
152
86
56
-2
-145
-106
-292
-231
-88
41
66
83
35
18
-71
-230
-258
-308
-251
-296
-272
-269
-226
-168
-223
-420
-444
-490
-693
-823
-748
-684
-733
-574
-656
-719
-710
-584
-575
-520
-397
-416
-523
-490
-492
-488
-322
-388
-210
-340
-433
-367
-629
-687
-621
-650
-786
-965
-984
-1005
-1193
-1175
-1228
-1154
-1029
-1126
-1027
-1085
-1047
-968
-748
-543
-454
-399
-239
-214
-95
-97
-106
81
22
160
235
239
247
240
143
162
139
203
353
341
385
294
435
229
91
136
121
247
270
114
119
127
179
261
371
278
128
270
264
273
304
363
281
442
650
644
907
788
882
1035
1013
996
978
993
1291
1282
1228
1285
1227
1223
1200
1180
1137
1120
1080
1040
1091
1297
1264
1390
1475
1582
1806
1914
1875
1826
1878
1844
1863
1958
1953
2191
2343
2383
2361
2271
2374
2309
2244
2239
2172
2060
2054
1968
1938
1878
1837
1833
1700
1436
1256
1200
1177
987
753
766
761
737
785
606
548
432
176
240
221
364
353
400
386
358
372
182
380
339
252
334
352
389
402
437
436
356
385
271
126
34
-35
-54
-59
-364
-284
-298
-419
-276
-374
-272
-574
-598
-874
-858
-852
-1044
-1085
-1146
-1019
-1014
-972
-1108
-1179
-1147
-929
-814
-397
-214
-298
-345
-326
-260
-357
-432
-465
-487
-395
-352
-381
-440
-517
-539
-565
-857
-1109
-1228
-1394
-1375
-1237
-1225
-1033
-937
-983
-943
-974
-1091
-1153
-1311
-1375
-1124
-1022
-831
-707
-717
-633
-571
-492
-515
-658
-500
-485
-454
-364
-327
-173
-207
-198
-187
-390
-502
-578
-679
-452
-462
-382
-339
-368
-442
-518
-553
-511
-700
-986
-998
-1125
-1051
-922
-753
-676
-546
-551
-626
-713
-741
-674
-736
-645
-533
-590
-552
-468
-521
-410
-504
-522
-630
-692
-733
-634
-589
-703
-712
-632
-593
-747
-752
-820
-868
-1126
-1161
-1107
-835
-830
-796
-659
-658
-574
-804
-843
-876
-982
-861
-620
-474
-313
-364
-175
2
1
-23
-218
-34
90
54
44
145
374
255
296
239
284
139
111
130
-36
130
39
-139
-124
-211
-102
-248
-378
-270
-292
-140
-100
-10
93
164
226
59
132
279
173
226
115
188
320
384
516
514
456
268
13
-245
-341
-229
-338
-395
-351
-540
-467
-399
-371
-349
-241
-216
-415
-485
-543
-468
-555
-448
-488
-410
-327
-249
-155
-131
-194
-223
-285
-225
-92
-4
207
297
268
311
286
142
56
29
17
46
42
-4
45
224
237
303
244
209
124
50
83
140
217
271
347
480
688
570
438
357
299
34
100
166
266
264
339
316
466
530
395
392
296
256
359
456
421
554
542
482
385
445
321
270
324
284
228
150
179
312
398
431
336
314
380
47
114
279
424
475
547
724
828
928
655
637
508
430
400
291
213
224
229
349
580
658
584
288
148
-154
-202
-213
-381
-383
-445
-418
-425
-374
-387
-556
-480
-618
-649
-669
-717
-569
-564
-571
-630
-631
-814
-828
-761
-817
-782
-736
-603
-449
-463
-409
-397
-261
-214
-358
-428
-460
-292
-355
-212
-217
-183
20
80
177
213
116
42
-61
-42
-102
-56
71
120
158
237
245
59
124
86
-25
38
-108
-72
-13
108
210
260
431
408
629
624
583
630
785
891
1007
1030
910
1023
944
924
867
767
661
673
589
613
668
770
785
787
622
554
498
354
345
250
373
334
501
581
622
511
270
83
-150
-296
-403
-427
-441
-283
-185
-129
-136
-273
-382
-445
-508
-607
-532
-341
-303
-275
-280
-223
-318
-274
-381
-595
-627
-620
-530
-339
-289
-163
-58
-95
-16
-162
-160
-318
-424
-402
-278
-284
-275
-49
17
192
326
254
189
26
-134
-36
-39
-10
129
214
172
278
445
303
246
80
-61
-101
-224
-172
-9
87
158
-109
-314
-368
-628
-862
-974
-999
-1033
-965
-969
-777
-543
-635
-598
-479
-718
-785
-980
-1072
-1139
-1193
-1159
-1263
-1221
-1145
-1138
-1102
-1174
-1158
-1120
-1125
-851
-766
-554
-440
-590
-551
-710
-889
-1121
-1258
-1240
-1360
-1381
-1192
-1008
-804
-726
-667
-727
-662
-664
-770
-942
-1044
-1059
-943
-772
-604
-463
-539
-603
-520
-503
-570
-531
-544
-487
-410
-286
-115
-188
-157
-106
-281
-298
-409
-452
-640
-576
-427
-447
-494
-658
-624
-636
-758
-720
-746
-630
-545
-476
-242
-231
-109
-43
36
26
13
105
68
85
183
191
347
516
271
301
299
289
337
133
35
122
54
293
300
293
357
269
407
289
346
398
408
492
650
890
1137
1230
1223
1307
1270
1462
1362
1268
1274
1131
1077
1082
1019
966
986
870
697
715
788
758
914
887
738
876
893
977
1012
1003
992
1031
1106
1070
971
954
885
837
848
788
705
701
683
526
392
448
560
607
720
638
838
888
841
859
783
796
730
698
694
697
779
811
920
885
938
996
994
1103
1075
1071
1021
935
1034
981
904
733
664
405
426
495
458
304
221
270
436
457
404
485
373
507
402
489
533
535
638
616
583
583
501
445
239
264
197
70
49
37
56
165
140
193
213
160
285
157
186
131
-74
-224
-89
-217
-100
-275
-516
-301
-432
-296
-267
-389
-333
-444
-512
-553
-479
-422
-469
-667
-462
-490
-586
-472
-575
-489
-409
-407
-492
-409
-517
-601
-596
-717
-642
-788
-912
-827
-938
-857
-938
-993
-832
-906
-944
-941
-877
-988
-905
-897
-818
-828
-926
-982
-1020
-906
-739
-663
-526
-515
-550
-589
-593
-517
-649
-534
-610
-521
-510
-440
-205
-214
-182
-138
-121
-201
-117
-191
-170
-11
-69
-120
-227
-136
-160
-241
-325
-326
-301
-342
-408
-417
-169
-10
4
243
246
231
227
70
-80
-185
31
19
-50
-51
-229
-218
-322
-356
-322
-312
-394
-378
-309
-318
-201
-317
-283
-265
-242
-228
-229
-91
18
-134
-78
-30
-161
-155
-276
-147
-116
-24
-21
-166
-21
-95
-97
-178
-26
-78
81
253
317
459
396
238
134
165
-38
24
90
162
122
156
198
222
137
-33
-151
-329
-332
-307
-428
-460
-342
-358
-184
-132
-171
-147
-331
-298
-342
-234
-169
-20
219
326
357
224
136
-50
-138
-141
-210
-74
-50
210
298
253
378
314
226
297
328
200
353
393
562
613
569
497
308
322
348
376
383
404
425
553
725
994
1093
966
1057
961
1074
1009
1183
1200
1195
1353
1305
1519
1409
1449
1277
1233
1109
1086
1046
951
932
886
885
982
907
843
1066
1106
1172
1095
970
956
1061
937
816
769
588
626
742
588
613
527
579
645
711
922
1064
1156
1111
1196
1106
1068
1051
824
802
740
695
642
740
682
641
610
446
187
22
108
143
-43
-46
148
253
262
213
89
69
-114
-250
-287
-318
-405
-464
-334
-222
-122
-47
-1
-62
16
-134
-273
-248
-293
-296
-325
-410
-437
-496
-529
-672
-772
-978
-1035
-971
-948
-841
-713
-621
-522
-597
-604
-660
-828
-773
-713
-636
-534
-414
-202
-196
-184
-117
-325
-392
-331
-294
-332
-126
-128
-148
113
60
-43
-221
-180
23
-32
33
6
-69
-7
26
96
105
48
-2
-88
-337
-443
-286
-223
-173
-102
-154
-196
-289
-305
-304
-268
-166
-173
-96
25
-63
-109
-79
-153
-209
-264
-314
-302
-232
-220
-279
-163
-94
-250
-232
-228
-440
-481
-425
-338
-192
-187
-167
-110
-153
-185
-253
-281
-149
-160
-123
-117
-67
36
-3
54
300
335
286
433
535
417
423
580
396
438
450
349
403
417
436
431
243
60
102
-19
-128
-96
-148
-296
-401
-361
-306
-217
-182
-189
-84
-226
-109
94
-127
-274
-108
-139
-209
32
-15
-110
103
159
10
56
293
387
472
632
760
712
793
688
649
786
737
653
624
611
630
563
587
626
582
598
621
555
490
772
593
519
612
496
501
357
342
472
501
453
546
465
441
372
257
243
224
209
322
404
129
233
256
123
63
7
15
-160
-255
-397
-699
-808
-779
-717
-747
-623
-658
-808
-747
-813
-913
-937
-990
-958
-912
-1018
-932
-882
-813
-850
-879
-799
-898
-949
-985
-934
-807
-779
-629
-639
-552
-348
-243
-400
-361
-367
-290
-172
-258
-390
-359
-209
-287
-369
-361
-419
-554
-444
-472
-343
-327
-238
-128
-159
30
134
124
97
26
23
4
-98
-105
-41
-172
-278
-48
-42
154
122
-111
-157
-234
-140
-185
-216
-367
-445
-387
-545
-657
-547
-599
-674
-514
-583
-512
-516
-464
-378
-463
-338
-296
-439
-263
-174
-350
-268
-301
-308
-299
-395
-321
-308
-237
-285
-292
-109
-163
-57
31
79
202
282
251
194
280
28
83
38
106
109
109
125
32
-104
-90
-113
-214
-296
-292
-230
-129
-68
-138
79
7
-64
-125
-239
-212
-203
-255
-262
-98
176
269
220
196
383
272
55
-126
-271
-195
-218
-145
-77
60
136
76
10
-204
-279
-504
-542
-512
-432
-356
-306
-165
-53
36
-135
-251
-173
-54
21
12
118
179
208
86
141
119
-78
-33
15
5
120
176
281
305
458
338
275
324
337
434
397
388
520
515
608
640
507
537
533
635
417
393
221
-52
-163
-90
75
148
162
104
81
61
70
137
153
194
138
183
77
140
229
113
148
103
132
334
154
233
381
375
499
511
433
368
324
305
471
467
366
204
170
209
293
204
318
336
375
490
485
481
403
491
475
707
825
722
856
865
821
817
799
805
658
626
571
469
398
353
217
93
-59
-109
-54
-85
-222
-212
-273
-216
-91
-68
-99
-28
-15
-86
-172
-298
-492
-461
-478
-716
-681
-561
-677
-954
-946
-816
-818
-812
-676
-644
-557
-495
-547
-370
-358
-512
-505
-490
-517
-532
-595
-557
-521
-503
-686
-590
-623
-945
-862
-1052
-961
-964
-921
-992
-1140
-919
-1009
-1078
-1164
-1002
-961
-958
-826
-759
-717
-638
-564
-562
-517
-404
-466
-468
-337
-391
-182
-270
-320
-191
-340
-301
-222
-298
-354
-450
-407
-408
-497
-373
-418
-422
-549
-545
-561
-630
-680
-598
-498
-554
-401
-401
-448
-431
-460
-322
-319
-179
-92
-109
-8
-257
-366
-392
-473
-322
-106
-67
-115
-39
-203
-135
-209
-411
-486
-596
-370
-518
-524
-467
-392
-239
-214
-236
-427
-355
-350
-313
-224
-90
-152
-71
-63
-33
70
11
-18
123
119
270
438
434
541
580
698
686
607
514
477
470
404
458
565
518
743
888
841
1028
860
741
657
544
415
254
234
263
280
229
134
197
189
189
64
53
-16
-86
-94
-168
-168
-373
-331
-289
-267
-112
-68
-34
49
126
52
208
204
221
266
249
174
133
191
12
-15
82
77
-14
62
40
-6
-56
-161
-192
-274
-379
-386
-302
-207
-159
-152
118
255
266
402
273
192
162
155
249
168
217
236
213
211
243
194
268
167
75
165
25
-28
-76
-103
-20
-102
-206
-156
-123
-180
-166
-155
-8
-131
-22
138
109
254
143
56
20
162
125
122
-16
167
175
196
303
130
106
56
141
96
43
6
-32
79
331
325
373
435
331
288
332
400
394
319
584
641
911
986
918
1045
936
887
954
799
914
977
958
963
790
767
718
711
559
522
435
359
343
329
207
155
168
198
78
34
-127
-219
-210
-251
-226
-261
-258
-225
-124
-75
-141
-91
-90
-153
0
-167
-303
-175
-100
-20
-98
-185
-374
-313
-223
-238
-133
-34
-33
-142
-101
-162
-133
-129
-201
-250
-337
-341
-397
-332
-384
-478
-554
-459
-495
-546
-418
-297
-283
-327
-168
-231
-273
-255
-351
-417
-366
-392
-428
-443
-535
-484
-415
-525
-610
-530
-507
-412
-375
-348
-361
-183
-104
-152
-176
-249
0
0
0
0
0
0
0
0
0
0
0
0
0
0
0
0
0
0
0
0
0
0
0
0
0
0
0
0
0
0
0
0
0
0
0
0
1
0
0
0
0
-1
0
0
0
0
0
0
0
0
0
0
0
0
0
0
0
0
0
0
0
0
0
0
0
0
0
0
0
0
1
0
0
0
0
0
0
0
0
0
0
0
0
0
0
0
0
0
0
0
0
0
0
0
0
0
1
1
0
0
0
-1
1
1
0
0
0
0
0
0
0
0
0
0
0
1
0
0
0
0
0
0
0
0
0
0
0
0
0
0
0
0
0
0
0
0
0
0
0
0
0
0
0
0
0
0
0
1
0
1
0
0
0
0
0
0
1
0
0
1
-1
0
0
0
0
0
0
0
0
0
0
0
-1
0
-1
0
0
0
0
0
-1
0
0
0
0
0
0
0
0
0
0
0
0
0
0
0
-1
0
0
0
0
0
0
1
0
0
0
0
0
0
0
0
0
0
0
0
0
0
0
1
0
1
0
0
0
0
1
0
0
0
-1
0
0
0
0
0
0
0
0
0
0
0
0
0
0
0
0
0
0
0
0
0
0
0
0
0
0
0
0
0
0
0
0
0
0
0
0
0
0
0
0
0
0
