0
0
0
0
0
0
0
0
0
0
0
0
0
0
0
0
0
0
0
0
0
0
0
0
0
0
0
0
0
0
0
0
0
0
0
0
1
0
0
0
0
-1
0
0
0
0
0
0
0
0
0
0
0
0
0
0
0
0
0
0
0
0
0
0
0
0
0
0
0
0
1
0
0
0
0
0
0
0
0
0
0
0
0
0
0
0
0
0
0
0
0
0
0
0
0
0
1
1
0
0
0
-1
1
1
0
0
0
0
0
0
0
0
0
0
0
1
0
0
0
0
0
0
0
0
0
0
0
0
0
0
0
0
0
0
0
0
0
0
0
0
0
0
0
0
0
0
0
1
0
1
0
0
0
0
0
0
1
0
0
1
-1
0
0
0
0
0
0
0
0
0
0
0
-1
0
-1
0
0
0
0
0
-1
0
0
0
0
0
0
0
0
0
0
0
0
0
0
0
-1
0
0
0
0
0
0
1
0
0
0
0
0
0
0
0
0
0
0
0
0
0
0
1
0
1
0
0
0
0
1
0
0
0
-1
0
0
0
0
0
0
0
0
0
0
0
0
0
0
0
0
0
0
0
0
0
0
0
0
0
0
0
0
0
0
0
0
0
0
0
0
0
0
0
0
0
0
644
708
582
538
659
543
594
632
552
476
461
498
703
541
385
548
397
212
243
156
166
267
333
484
691
759
811
889
866
857
725
723
703
703
758
615
744
794
592
536
357
383
542
523
325
128
66
-89
-64
-9
-40
-314
-318
-363
-385
-254
-168
-6
-6
35
63
-124
-280
-236
-166
-53
69
273
406
623
662
670
683
657
500
306
376
324
351
390
430
417
380
353
339
224
185
23
-58
184
319
371
576
669
679
692
606
565
644
592
715
895
1024
1164
1174
1161
1106
1194
1265
1397
1332
1296
1343
1474
1647
1567
1525
1427
1161
856
798
582
479
481
509
637
614
577
442
358
303
70
30
127
158
352
426
398
388
432
174
160
170
71
117
7
79
127
132
116
3
-91
-32
-23
-29
-27
34
32
52
-34
-218
-262
-468
-524
-687
-808
-929
-931
-988
-950
-882
-848
-990
-1172
-1373
-1412
-1474
-1304
-1026
-779
-530
-464
-491
-488
-329
-520
-656
-610
-456
-249
-317
-314
-100
-46
-82
-144
-221
-169
-185
-139
-15
109
76
27
-242
-459
-644
-941
-1253
-1458
-1415
-1434
-1496
-1461
-1290
-1158
-1187
-1207
-1108
-938
-887
-759
-658
-512
-173
-285
-300
-370
-444
-379
-519
-634
-601
-641
-589
-569
-646
-394
-516
-630
-844
-794
-670
-799
-682
-435
-285
-427
-448
-665
-571
-552
-841
-930
-1001
-824
-625
-573
-312
-182
-87
-96
-198
29
145
250
346
336
341
286
197
-72
-160
-243
-399
-441
-388
-254
-256
-284
-237
-206
-101
-212
-383
-371
-394
-540
-742
-775
-928
-961
-1140
-1211
-1187
-1270
-1313
-1225
-1030
-855
-748
-464
-334
-267
-204
-284
-367
-58
104
87
185
210
348
377
303
277
357
378
405
271
257
330
283
286
302
374
318
371
441
328
366
483
455
506
638
549
321
394
303
191
-3
24
195
364
529
515
612
514
554
437
332
248
290
241
90
82
158
101
-135
-209
-373
-510
-454
-509
-397
-332
-230
-78
-92
57
160
68
138
110
111
83
-78
-18
-101
-154
-73
-176
-62
3
5
138
169
323
382
389
512
648
642
486
617
512
380
192
211
240
218
259
168
68
83
94
84
165
73
-45
-4
-16
-192
-147
-67
-123
-115
-29
137
121
29
-70
-72
5
47
29
-36
14
-80
134
164
264
331
269
260
235
361
292
305
426
472
501
216
201
118
-164
-366
-600
-623
-587
-482
-462
-301
-136
-149
-187
-229
-249
-369
-427
-290
-145
-35
14
-49
-17
-123
53
149
-15
51
71
177
249
129
186
201
197
201
301
205
174
281
278
448
556
665
484
318
324
148
-81
-115
-82
-2
-13
-73
-19
66
53
16
-70
-229
-212
-168
-157
-228
-226
-273
-303
-127
-301
-438
-456
-432
-514
-538
-553
-539
-394
-444
-469
-412
-425
-434
-344
-174
-106
-45
-4
84
-3
-113
-246
-485
-596
-671
-644
-687
-587
-575
-396
-496
-645
-678
-785
-715
-545
-341
-309
-262
-269
-382
-502
-455
-635
-626
-583
-606
-525
-404
-208
-79
-50
-175
-183
-215
-358
-483
-489
-472
-343
-352
-367
-375
-388
-532
-812
-1059
-1204
-1200
-1243
-1197
-1062
-835
-550
-441
-407
-435
-448
-368
-407
-274
-214
-180
-178
-48
-23
-263
-304
-382
-636
-634
-633
-629
-600
-575
-599
-613
-623
-637
-692
-722
-712
-837
-854
-874
-853
-793
-861
-951
-944
-1038
-1059
-1022
-922
-788
-792
-752
-682
-720
-756
-760
-770
-888
-935
-911
-713
-431
-227
78
186
166
167
39
-41
-184
-83
-28
-158
-68
-86
-163
-186
-387
-530
-499
-402
-428
-327
-177
-18
187
291
341
315
301
184
145
-66
-18
173
314
487
469
436
263
5
-37
-42
1
93
124
259
378
535
634
559
378
195
150
-116
-166
-99
-114
-46
22
94
186
-93
-37
-134
-252
-172
-277
-184
-43
24
41
22
13
-65
-215
-317
-275
-208
-77
35
59
175
242
280
281
252
409
480
682
802
878
796
560
412
25
6
-206
-433
-368
-282
-256
-208
-225
-215
-63
-62
18
199
228
193
138
216
226
242
205
119
229
250
278
95
19
282
375
432
522
514
394
208
80
-43
26
60
201
288
307
567
393
247
116
-58
-172
-123
78
243
407
509
449
411
504
531
563
496
355
331
557
643
788
940
1024
988
727
684
396
177
30
-75
-141
-145
-104
52
-29
-101
-211
-236
-51
-10
62
111
353
253
319
183
-53
-55
13
-25
36
206
323
302
216
289
190
282
190
309
322
549
659
794
989
1115
1228
1219
1061
757
573
529
479
600
805
839
785
637
627
596
515
596
690
710
886
1060
1385
1303
1001
610
147
-126
-99
-14
-66
95
143
189
381
245
234
265
128
130
16
119
215
268
379
313
170
186
-106
-386
-540
-704
-625
-520
-384
-240
-170
-151
-174
-156
-84
-37
70
131
122
115
238
157
24
-27
-228
-301
-239
-164
-85
114
89
132
161
237
90
-138
-355
-491
-493
-496
-268
-61
-115
-367
-477
-666
-678
-697
-677
-648
-615
-553
-397
-369
-248
-235
-307
-518
-689
-622
-545
-448
-348
-197
71
72
-38
-170
-446
-563
-652
-579
-398
-366
-261
-215
-281
-285
-458
-524
-794
-1060
-1065
-1098
-744
-368
-303
-261
-449
-444
-451
-463
-438
-425
-333
-254
-317
-208
-121
12
57
45
200
167
412
494
533
524
563
672
497
455
471
326
162
194
187
422
582
624
623
411
398
298
237
262
289
440
485
425
441
432
242
248
83
-25
-88
-28
133
219
238
58
64
24
157
208
166
185
183
308
319
504
557
489
285
79
-95
-156
-151
-159
-130
-17
-24
151
209
125
149
94
73
20
10
22
121
-15
21
-111
-130
-88
-285
-270
-322
-425
-306
-139
-224
-188
-263
-180
-74
0
-30
38
-57
-140
-35
-107
196
-20
-24
18
-157
-39
48
104
128
255
234
242
288
319
348
328
304
450
710
776
767
706
687
611
523
461
426
508
581
591
619
370
298
248
128
333
328
166
119
245
220
244
413
411
450
354
174
75
-150
-404
-445
-478
-635
-662
-647
-615
-655
-699
-877
-768
-613
-528
-451
-347
-274
-364
-285
-381
-371
-270
-184
-244
-116
64
134
269
295
328
311
448
433
476
591
576
609
700
709
773
924
988
994
955
902
800
720
596
545
527
581
519
386
136
76
273
363
317
448
596
523
526
586
565
573
351
492
720
689
640
717
817
569
473
486
403
464
436
371
619
735
712
889
900
845
779
631
449
302
80
254
276
150
287
184
176
257
259
322
372
412
416
463
602
709
705
650
668
548
564
478
690
778
854
789
607
802
1096
1303
1261
1202
990
831
587
541
442
294
177
60
-32
-79
-167
-158
-183
-223
-218
-288
-428
-626
-698
-845
-841
-832
-862
-894
-909
-880
-882
-828
-758
-781
-773
-623
-583
-556
-465
-429
-408
-363
-412
-479
-501
-407
-480
-366
-301
-237
-240
-252
-200
-176
-69
-203
-280
-528
-679
-579
-628
-685
-685
-542
-531
-604
-732
-629
-565
-556
-464
-571
-533
-554
-738
-808
-686
-708
-709
-674
-681
-666
-694
-666
-607
-501
-463
-230
-38
1
195
212
203
315
590
724
769
843
529
367
360
322
343
232
76
4
46
-102
-141
-157
-286
-135
-161
-24
-24
-24
137
154
224
278
227
242
341
321
357
585
529
549
720
576
595
470
263
260
216
93
157
-21
-98
-21
15
77
35
76
-20
-197
-369
-572
-685
-608
-445
-155
-86
-16
-10
-133
-238
-288
-411
-534
-652
-707
-783
-728
-728
-722
-539
-458
-503
-487
-553
-675
-769
-823
-693
-661
-677
-658
-708
-893
-835
-779
-855
-799
-732
-800
-827
-774
-670
-678
-775
-773
-834
-882
-738
-836
-868
-784
-712
-727
-671
-575
-606
-436
-416
-282
-291
-224
-154
-203
-222
-437
-349
-505
-351
-319
-275
-113
-80
46
46
-10
18
54
97
12
53
148
157
24
43
102
-23
-185
-334
-407
-427
-285
-57
87
163
143
81
-77
-232
-348
-246
-153
-20
163
237
461
437
399
360
349
203
52
83
-95
-97
-85
-136
42
107
147
3
-83
-89
165
381
443
620
645
630
479
457
293
143
54
3
39
130
256
408
550
648
586
640
695
654
764
683
569
619
477
435
369
201
223
353
474
594
839
984
1147
1213
1340
1310
1280
1202
1275
1301
1204
1243
1262
1344
1234
1213
918
795
809
607
543
670
529
630
569
339
432
393
419
484
532
567
551
402
398
399
446
446
374
223
-5
-332
-541
-463
-286
-158
-77
-140
-292
-413
-373
-206
-15
37
120
4
-93
-355
-585
-679
-793
-822
-794
-780
-674
-789
-985
-1014
-1000
-930
-818
-590
-545
-432
-524
-515
-655
-543
-400
-426
-232
-146
-61
58
21
121
280
357
496
623
609
387
318
125
60
205
296
357
302
169
74
-227
-230
-144
-97
-100
-203
-293
-273
-233
-328
-262
-340
-471
-547
-607
-621
-711
-582
-416
-453
-376
-384
-294
-360
-399
-325
-259
-313
-337
-321
-350
-371
-225
31
195
215
73
-44
-87
-40
0
18
0
-44
-155
-180
-154
-116
34
131
196
288
304
290
298
214
325
411
494
594
632
651
566
430
506
562
595
569
525
487
390
367
311
270
244
211
179
171
38
13
70
66
240
276
325
357
314
150
-54
-368
-592
-660
-742
-698
-845
-865
-801
-907
-901
-946
-837
-895
-912
-798
-854
-738
-818
-785
-783
-872
-1042
-1115
-1117
-1085
-1170
-1436
-1375
-1397
-1485
-1346
-1287
-1363
-1324
-1300
-1055
-938
-1069
-1279
-1181
-1402
-1633
-1574
-1738
-1928
-1891
-1752
-1756
-1638
-1677
-1697
-1501
-1194
-1064
-772
-686
-614
-624
-657
-615
-651
-558
-460
-389
-476
-369
-315
-143
50
127
259
285
320
335
352
433
417
561
642
846
868
651
323
249
202
-96
-163
-234
-272
-134
105
168
102
-19
-81
-130
-64
-24
112
95
19
210
73
371
389
497
469
486
509
288
252
245
151
288
355
531
663
648
772
605
636
651
655
628
656
684
629
737
714
634
609
643
623
633
843
912
1020
1070
953
891
822
857
872
877
938
861
923
1021
996
1185
1193
1238
1185
1299
1398
1483
1380
1196
1163
882
908
706
562
499
374
558
470
534
672
688
605
461
245
183
120
115
111
141
434
510
365
147
334
512
481
465
452
401
352
311
386
415
442
483
287
65
-132
-184
-229
-75
-41
-2
148
100
40
73
-13
-145
-193
-213
-18
62
173
185
212
80
-134
-41
-139
-39
-67
87
110
26
53
-29
36
150
125
10
-59
113
321
370
460
516
521
598
501
393
398
250
64
-101
-134
-220
-208
-287
-208
-394
-515
-609
-609
-362
-225
-75
-162
-246
-546
-698
-782
-986
-943
-946
-673
-587
-481
-332
-221
13
122
146
178
426
545
484
589
628
446
383
260
153
60
36
-88
-126
17
-17
64
-1
108
-13
47
117
191
266
167
186
197
249
269
293
281
365
331
268
218
310
453
662
689
665
589
567
666
546
628
713
891
1030
949
1059
959
846
708
538
464
466
488
426
378
276
293
358
286
190
44
-98
-82
14
240
311
461
299
87
-98
-477
-634
-756
-960
-1004
-1005
-989
-951
-825
-776
-761
-767
-716
-625
-813
-871
-840
-984
-1061
-1118
-1142
-1301
-1594
-1715
-1930
-2086
-1858
-1821
-1553
-1518
-1412
-1148
-1175
-1112
-1075
-1179
-1051
-1020
-882
-691
-507
-389
-398
-335
-440
-264
-69
-212
-141
76
148
215
82
-37
-36
-109
-42
47
29
108
-74
-129
-216
-222
-175
-145
-92
-170
-61
-157
-58
-75
-69
-28
46
34
169
243
225
207
210
251
324
322
215
108
91
-38
-165
-187
-112
41
175
273
207
334
341
283
248
172
27
-135
-200
-173
-162
-362
-381
-342
-178
-195
-157
-93
26
218
287
463
554
627
517
482
386
249
259
170
255
105
67
53
11
7
95
333
349
337
297
263
76
-1
65
60
45
-39
-204
-302
-308
-275
-161
-14
127
153
-4
-59
-85
26
97
-48
-69
-305
-383
-344
-252
-204
-203
-204
-269
-299
-288
-250
-283
-276
-77
-61
16
-65
-43
-194
-342
-303
-340
-148
-211
-173
-38
-43
-27
-96
-323
-184
-154
-249
-43
1
243
433
479
565
397
522
530
561
677
796
758
884
1047
1019
1030
1072
792
636
440
258
131
-129
-32
102
54
77
39
-17
80
-93
-142
-190
-130
-89
-131
-67
81
133
91
201
296
216
217
286
401
486
387
388
283
205
120
197
307
233
342
266
232
178
47
75
-41
61
101
223
371
452
463
490
467
385
511
591
711
572
533
416
459
506
603
632
494
323
331
341
308
414
451
535
428
463
310
339
394
412
366
356
464
526
536
514
551
564
521
483
678
739
810
944
862
932
1090
1113
1098
1210
1165
1047
1075
959
892
722
707
700
730
708
728
781
746
745
764
758
594
480
142
90
-36
50
67
88
82
-100
-33
0
139
29
95
46
83
-1
30
85
-20
-114
-98
-36
-57
-171
-251
-148
-24
-37
40
16
-21
-165
-452
-437
-546
-473
-410
-470
-527
-417
-492
-456
-312
-520
-474
-552
-779
-805
-673
-633
-533
-516
-485
-694
-891
-1044
-985
-996
-943
-835
-880
-792
-630
-476
-514
-514
-566
-517
-630
-482
-539
-722
-726
-1027
-1095
-1279
-1298
-1159
-1059
-961
-910
-954
-945
-869
-879
-1020
-1077
-1001
-944
-841
-653
-717
-769
-787
-900
-890
-976
-947
-951
-945
-890
-730
-615
-462
-400
-506
-488
-537
-508
-461
-329
-197
-193
-20
107
136
208
193
268
195
188
40
130
229
146
116
40
57
1
99
210
250
383
355
345
389
329
372
313
258
117
-3
-131
-61
27
5
-39
-35
-84
-129
-43
-149
-117
-100
-118
-348
-494
-591
-737
-775
-912
-909
-776
-716
-764
-739
-641
-714
-656
-760
-925
-985
-973
-979
-841
-661
-356
-173
-136
-36
-62
-201
-277
-328
-198
-66
-101
131
174
122
37
60
-7
-13
106
74
52
101
67
118
244
188
47
-45
-22
90
184
319
327
337
335
369
388
427
550
458
323
363
302
354
444
285
372
218
116
-96
-204
-226
-322
-351
-323
-190
-188
-8
-8
244
226
284
438
424
566
565
600
631
570
495
273
27
-135
-127
-113
21
74
219
205
110
118
-98
-169
-95
-118
-203
-6
80
220
316
543
644
660
721
585
582
511
497
370
301
215
203
285
360
476
575
621
582
579
510
502
543
567
579
399
350
221
246
196
58
140
3
61
148
163
304
369
386
478
417
687
710
711
657
478
335
76
-106
-152
3
-8
-17
95
127
66
84
88
142
0
63
147
253
262
239
179
-28
68
63
240
155
131
82
64
149
297
359
361
574
445
512
354
65
-80
-67
32
140
208
335
521
582
564
324
128
-50
149
57
65
230
160
379
486
332
376
322
317
242
160
81
101
194
97
198
10
-220
-212
-317
-445
-537
-820
-814
-746
-674
-490
-370
-259
-245
-346
-379
-420
-518
-464
-472
-484
-415
-343
-355
-472
-665
-727
-858
-870
-907
-793
-880
-787
-687
-715
-520
-575
-500
-460
-427
-435
-473
-456
-422
-318
-250
-273
-120
-46
-26
0
111
133
65
32
-208
-252
-247
-362
-349
-220
-42
-61
29
35
-44
-32
-75
-198
-241
-189
-150
-70
-50
-6
133
56
-31
-78
-143
-294
-447
-553
-543
-539
-340
-289
-277
-486
-511
-703
-701
-743
-749
-593
-584
-435
-426
-436
-634
-687
-913
-939
-1029
-1213
-1100
-1138
-1138
-1125
-917
-844
-775
-675
-588
-687
-631
-585
-510
-388
-190
-79
-19
97
134
2
-5
123
-56
-29
98
156
229
288
492
708
879
791
700
592
518
422
179
103
99
78
133
196
386
525
567
525
409
170
-105
-216
-429
-409
-362
-330
-239
-169
-294
-455
-584
-763
-917
-882
-849
-840
-687
-876
-1010
-1170
-1227
-1353
-1530
-1765
-2170
-2476
-2528
-2735
-2713
-2528
-2527
-2504
-2455
-2373
-2387
-2545
-2623
-2572
-2728
-2615
-2459
-2346
-2146
-1944
-1819
-1700
-1410
-1119
-709
-365
168
608
1048
1694
2382
2935
3300
3790
3948
4196
4402
4442
4498
4599
4632
4846
4968
4839
4672
4385
3866
3383
3075
2412
1983
1511
1278
1100
888
841
885
832
934
860
880
778
697
777
783
974
1076
1286
1776
1982
2261
2487
2384
2403
2251
2049
1875
1600
1499
1258
1027
959
866
617
304
-60
-508
-895
-1192
-1414
-1648
-1883
-1894
-1804
-1899
-1671
-1519
-1535
-1638
-1641
-1703
-1670
-1626
-1638
-1398
-1379
-1314
-1297
-1526
-1528
-1706
-2010
-2257
-2543
-2779
-3134
-3497
-3666
-4053
-4387
-4746
-5055
-5078
-4831
-4542
-4045
-3319
-2738
-1807
-1111
-90
642
1509
2097
2743
3320
3877
4712
5427
6264
6947
7450
7796
7957
7545
7138
6394
5508
4749
3955
2925
2294
1454
809
-43
-491
-861
-1110
-1262
-1470
-1322
-1231
-1181
-1033
-596
-310
232
562
1076
1431
1489
1611
1637
1644
1584
1600
1645
1654
1484
1365
1356
1053
824
571
167
-243
-741
-1208
-1630
-1926
-1962
-2041
-2058
-2029
-1894
-1811
-1694
-1612
-1527
-1381
-1116
-815
-607
-293
143
549
849
855
756
814
780
1025
1117
1443
1517
1457
1433
1350
1125
930
844
542
311
-24
-270
-668
-960
-1130
-1347
-1764
-1936
-1933
-2144
-2309
-2341
-2093
-2170
-1939
-1633
-1465
-1297
-1343
-1295
-1210
-1093
-1350
-1545
-1941
-2489
-3167
-3921
-4750
-5176
-5268
-5128
-5006
-4596
-4007
-3756
-3131
-2468
-1826
-1435
-1122
-649
-86
547
1404
2131
2918
3697
4404
4854
5184
5148
5137
4881
4711
4601
4179
3674
2776
1966
1128
334
-494
-1099
-1620
-1953
-2295
-2297
-2364
-2525
-2473
-2239
-2117
-2052
-1732
-1446
-1249
-957
-489
-150
139
232
449
624
806
1089
1280
1333
1193
1423
1325
1182
952
618
377
62
-30
-224
-368
-495
-713
-772
-870
-925
-1092
-1024
-869
-1042
-625
-419
-36
68
77
210
201
287
443
605
715
1039
1041
1353
1623
1571
1588
1630
1732
1736
1858
2019
2014
2037
1709
1435
857
404
-300
-790
-1136
-1529
-1990
-2246
-2497
-2714
-2881
-3087
-3220
-3479
-3919
-4216
-4326
-4348
-4395
-4567
-4700
-5293
-5544
-5576
-5321
-5354
-5053
-4478
-3861
-3107
-2040
-759
318
1241
1945
2720
2936
3391
3891
4696
5288
5869
6438
7239
7384
7608
7806
7737
7555
7332
7108
6709
6180
5471
4777
3720
3067
2187
1587
899
458
-129
-422
-792
-882
-926
-1099
-909
-569
-408
-259
-98
202
765
981
1379
1495
1894
2162
2323
2589
2633
2702
2574
2337
2244
2010
1546
1150
620
125
-428
-855
-1153
-1330
-1441
-1715
-1822
-2020
-2308
-2736
-2833
-2892
-2949
-3059
-2719
-2466
-2373
-2213
-1996
-1727
-1426
-1203
-1097
-708
-475
77
654
1103
1364
1608
1627
1484
1473
1344
1209
1064
952
665
476
71
-159
-498
-920
-1373
-1519
-1691
-1927
-1875
-1861
-1769
-1836
-1861
-1906
-2038
-2300
-2448
-2590
-2748
-2837
-2503
-2584
-2413
-1944
-1541
-1235
-714
111
592
1218
1947
3103
3604
4197
4677
5421
5955
6350
6600
7160
7312
7250
7268
7300
7241
6723
6597
6132
5780
5282
4731
4156
3892
3182
2441
1834
1194
434
-228
-1013
-1236
-1340
-1882
-2110
-2060
-1917
-1978
-1928
-1700
-1608
-1477
-1309
-837
-397
-139
88
478
699
985
1178
1245
1195
1260
954
544
381
144
-88
-699
-1054
-1368
-1506
-2037
-2416
-2621
-2987
-3399
-3666
-3831
-4071
-4476
-4637
-4595
-4345
-4404
-3949
-3547
-3063
-2500
-2043
-1385
-1042
-634
-449
-74
279
543
1004
1188
1277
1214
972
796
781
449
-60
-504
-807
-1036
-1827
-2499
-2913
-3196
-3771
-4189
-4449
-4636
-5029
-5435
-5615
-5808
-5651
-5425
-5193
-4902
-4487
-3987
-3467
-2647
-1691
-510
219
1248
2318
3342
3721
4347
5126
5845
6401
6778
7235
7544
7491
7206
6964
6415
5628
4710
4168
3478
2771
1755
993
292
-312
-956
-1487
-1696
-1988
-2338
-2442
-2284
-2250
-2489
-2833
-2633
-2658
-2605
-2460
-1966
-1709
-1369
-919
-411
120
452
836
1224
1678
1879
2137
2275
2415
2523
2708
2751
2719
2668
2461
2089
1623
1194
778
174
-392
-710
-939
-1454
-1927
-2185
-2588
-2819
-3106
-2979
-2991
-3327
-3648
-3593
-3612
-3616
-3263
-3006
-2529
-2296
-1778
-1244
-798
-488
-61
298
695
1047
1041
1130
1225
1352
1303
1155
1005
926
600
159
-59
-291
-623
-982
-1011
-1292
-1554
-1767
-2076
-2324
-2531
-3101
-3576
-3954
-4420
-4912
-5447
-5561
-5507
-5216
-4968
-4474
-3742
-2924
-2126
-1047
44
1454
2537
3426
4432
5409
6206
6588
7408
8301
8854
9185
9688
9881
9650
9095
8434
7638
6451
5127
4049
2931
1491
152
-1300
-2409
-3248
-4115
-4791
-5192
-5165
-5219
-5003
-4607
-4184
-3866
-3659
-3122
-2372
-1785
-1136
-488
443
1416
2222
2997
3782
4662
5100
5478
5748
5831
5785
5540
5159
4918
4677
3928
3199
2711
2234
1692
1150
694
320
-459
-1070
-1472
-1912
-2265
-2861
-3106
-3327
-3506
-3781
-3636
-3277
-2805
-2152
-1567
-981
-525
-421
52
410
578
785
938
1215
1453
1441
1414
1247
972
751
391
190
-246
-630
-1237
-1661
-2196
-2749
-3552
-4313
-4943
-5447
-5884
-6236
-6620
-6855
-7222
-7618
-7877
-7747
-8025
-8028
-7830
-7094
-6517
-5938
-4979
-3657
-2429
-1303
150
1604
2998
4117
5510
6289
7409
8077
9060
9600
10244
10417
10398
10033
9451
8973
8059
6911
5950
4801
3160
1430
24
-1247
-2773
-3797
-4483
-4801
-5449
-5776
-5715
-5565
-5674
-5559
-4986
-4510
-3923
-3142
-2163
-1151
-211
659
1521
2649
3434
4364
4933
5472
6110
6407
6550
6527
6463
6004
5249
4457
3704
2722
1606
599
-219
-1115
-1965
-2758
-3029
-3525
-3874
-4341
-4704
-5237
-5745
-5829
-5981
-6002
-5888
-5381
-4832
-4398
-3582
-2850
-2247
-1343
-548
157
512
1042
1383
1371
1446
1570
1577
1173
911
867
597
146
-301
-550
-1071
-1681
-2138
-2735
-3411
-4184
-4810
-5456
-6032
-6360
-6827
-7016
-7324
-7305
-7553
-7808
-8198
-8117
-7708
-6994
-6528
-5717
-4436
-3034
-1509
264
2490
4141
5802
7293
8967
9573
10701
11388
12224
12404
12764
12539
12243
11434
10631
9838
8645
7068
5538
3753
1649
-209
-2420
-3815
-5259
-6335
-7085
-7247
-7745
-7408
-7464
-7151
-6693
-6124
-5290
-4574
-3806
-2719
-1630
-726
291
1308
2466
3293
4122
5082
5694
5988
6469
6788
6707
6431
6089
5434
4312
3447
2393
1326
476
-529
-1073
-1673
-1868
-2398
-2671
-2756
-2988
-3215
-3548
-3765
-4019
-4209
-4034
-3984
-3705
-3291
-2925
-2159
-1771
-1251
-660
-86
518
1113
1513
1646
2053
2055
2005
1925
1723
1373
1063
676
273
-292
-756
-1190
-1764
-2263
-2577
-3014
-3547
-3973
-4203
-4464
-5054
-5518
-5906
-6078
-6546
-7293
-7975
-8667
-9199
-9882
-9965
-9274
-8974
-8481
-7018
-5231
-3380
-1642
751
3081
4955
6682
8540
9535
10264
11003
11815
12387
13002
13167
13057
12432
11552
10484
8805
6604
4469
2249
-486
-2786
-4946
-6592
-8394
-9553
-9763
-9599
-9804
-9186
-8382
-7392
-6332
-5189
-3815
-2612
-1526
-71
1434
2791
4007
4908
5876
6430
6965
7453
7359
7312
7312
6914
6347
5638
5008
4026
2994
2093
1562
889
14
-489
-663
-779
-941
-768
-481
-719
-971
-1125
-1120
-1300
-1452
-1605
-1366
-1094
-941
-615
-384
-464
-575
-430
-645
-975
-1191
-1426
-1611
-1688
-1769
-1541
-1389
-1125
-679
-510
-377
-119
-215
-499
-485
-499
-655
-860
-1323
-1162
-1621
-2231
-2612
-2808
-3392
-4194
-5098
-5901
-7126
-8538
-9855
-10848
-11624
-11396
-11071
-10616
-9372
-7349
-4985
-2531
575
3530
6271
8310
10916
12448
13632
14352
15257
15820
16056
15723
15141
14319
13034
11396
9617
7948
5644
2897
-240
-2603
-5168
-7115
-8848
-9863
-10329
-9867
-9290
-7966
-6451
-5038
-3549
-1993
-8
1103
2006
3139
4716
5617
6377
7106
7747
7871
7763
7615
7471
6898
5669
4611
3480
2606
1649
708
-237
-850
-1323
-1660
-1860
-1823
-1308
-1247
-1081
-884
-308
-288
-306
-139
48
-378
-649
-622
-477
-532
-782
-940
-1168
-1678
-2626
-3178
-3633
-4152
-4929
-5241
-5079
-4620
-4282
-3452
-2467
-1386
-468
616
1274
1840
2089
2077
1693
1645
1151
478
-24
-349
-572
-1482
-2444
-3084
-4372
-5888
-7567
-9567
-11698
-13884
-15872
-17305
-18230
-17409
-16309
-15289
-12901
-9681
-5897
-2699
1516
5627
8938
11409
14537
16710
17729
17921
18435
18609
18117
17077
15917
14681
12428
10009
7553
5401
2561
-506
-3830
-6694
-9390
-11202
-12674
-12922
-12108
-10766
-9046
-6617
-3663
-1594
232
2042
4164
5646
6539
7296
8252
8822
8988
9139
9059
8497
7505
5990
4470
2868
903
-1137
-2923
-4017
-4789
-5441
-5537
-4761
-3657
-2865
-1874
-353
1220
2298
2910
3697
4721
5007
4340
4057
4037
3168
2020
1129
476
-372
-2044
-3600
-4803
-6697
-8024
-9180
-10003
-10513
-10841
-10893
-9935
-8460
-6719
-4788
-2825
-460
1772
3640
4887
6191
6801
6636
6030
5655
4752
3245
1555
553
-884
-3032
-5062
-6915
-9227
-11801
-14697
-17392
-19550
-21710
-22781
-22474
-19898
-17639
-15049
-11504
-6756
-1730
2601
7134
11803
15582
18894
21343
22718
24292
24524
23857
22925
21692
19156
15366
11158
7820
4126
-453
-4393
-6910
-9092
-11588
-13434
-13489
-12674
-12244
-10600
-7624
-4431
-2064
653
3200
5684
7663
9118
10099
10837
11129
10980
10147
9037
8257
6714
4538
2124
-181
-2926
-5985
-8940
-10779
-12078
-13166
-12945
-11064
-8993
-6588
-3371
200
3864
6805
9040
11094
12255
12662
12428
11441
10467
9273
7406
5497
3772
2361
125
-2490
-4756
-6551
-8794
-10881
-11958
-12687
-13789
-13679
-12658
-11086
-8809
-6417
-3184
336
3317
6363
8997
10709
12025
12821
12868
11794
10386
8840
6730
3997
1277
-683
-3510
-6990
-9710
-12216
-14699
-17053
-19170
-20944
-21623
-22395
-21906
-20081
-15876
-11725
-8358
-3720
1339
5974
9596
13475
16717
18998
20878
23204
23098
22573
22365
21388
19772
17581
14622
10430
5521
819
-2933
-6461
-9566
-11565
-11789
-11855
-10961
-9048
-5845
-3052
40
3784
7119
9348
11687
12802
12347
12263
12279
11614
10155
8978
7754
5881
3334
1325
-1065
-3846
-7003
-9854
-12219
-14284
-15856
-16455
-15193
-13215
-10475
-7031
-2943
1320
5453
9374
12746
15323
16971
17624
17153
15744
13795
11447
8384
5093
2386
-742
-4375
-7589
-9589
-11921
-13961
-15014
-15157
-15018
-14667
-13274
-10781
-8561
-6029
-2713
23
2835
5455
7622
9590
10989
11688
12438
11660
10573
9345
6926
3607
778
-1975
-5592
-8942
-11050
-12743
-14549
-16531
-17212
-17283
-18244
-18464
-18274
-18422
-18126
-17294
-15603
-11769
-6828
-3773
-878
2519
6125
9022
10942
13401
14598
14979
15795
15720
14980
15485
14716
13954
13088
11686
8744
4888
641
-2067
-4667
-6986
-7864
-7166
-5854
-4872
-2701
678
4438
6412
8536
10725
11699
11428
11146
9503
7740
6500
5360
4105
3392
2559
1159
-413
-1997
-3214
-5241
-7514
-9555
-10952
-11865
-11724
-10823
-8838
-6090
-2937
255
3080
5888
8010
9749
10537
11080
11283
11245
10151
8803
7256
5645
3554
829
-1219
-3481
-6853
-10104
-12074
-13780
-14552
-14784
-13594
-11223
-9312
-7435
-4459
-2322
-277
1314
2546
3555
3945
4210
5025
5200
5519
5745
5264
4350
3101
1603
-860
-3609
-5957
-8599
-10852
-12435
-13130
-13235
-13721
-13888
-13394
-13016
-13203
-13953
-14904
-14780
-15173
-14711
-11419
-6338
-4370
-2056
745
3186
4949
6323
7833
8072
8478
10647
11648
11107
13183
14408
14936
14850
14254
11964
7739
2316
-1478
-4423
-5823
-7071
-6000
-3706
-2296
637
4048
6922
8840
10202
10696
10296
9378
9306
7666
6262
6678
6921
6841
6723
6161
4622
1873
-1238
-4494
-7658
-10304
-12386
-13201
-12111
-10101
-7360
-4083
-992
1667
3990
5214
5512
6103
7098
7442
6825
8282
9690
10113
9944
9544
8691
6439
2535
-805
-4118
-7940
-11162
-13399
-14233
-13609
-12728
-10840
-8169
-5918
-3957
-2381
-1210
473
1688
2265
3664
5629
6504
7919
9041
9859
10068
8576
6550
4069
1264
-2525
-5690
-7840
-9394
-11069
-11982
-11790
-11174
-11904
-12440
-12651
-13359
-14226
-15854
-17192
-16561
-15169
-10559
-2939
456
3272
6646
8686
9404
9016
10096
9522
7817
9303
10348
9254
11531
13439
15055
15158
13779
10670
5422
-761
-5337
-9017
-9187
-8205
-6254
-1832
1599
5733
9092
11678
13596
14202
13715
12400
10278
10073
9011
7633
8315
8957
8931
8155
6563
4565
486
-4767
-9177
-12727
-15349
-16736
-16277
-13519
-10640
-7521
-3297
-357
2402
4188
4616
4776
5179
5665
6494
7044
8264
9508
9432
9067
7667
5358
2229
-1349
-4865
-8076
-10660
-12216
-13279
-12671
-11129
-9842
-8081
-6121
-4253
-3327
-3426
-2511
-1294
-393
1325
4077
6672
8104
9111
10434
9756
7598
5216
1919
-2206
-5527
-7814
-9574
-10322
-10457
-10783
-11248
-10947
-11380
-12533
-14697
-16939
-18262
-20264
-21097
-19253
-16343
-10594
-1299
4889
8177
10709
11286
10427
7095
5975
3908
1774
3030
5861
5255
7886
11878
14333
14540
13222
9878
3317
-3061
-8836
-11465
-11466
-8849
-5146
271
5617
10737
13285
15026
16890
16660
16031
14058
11650
10999
9298
7530
7506
7973
7356
5791
4223
2118
-1504
-5607
-9616
-12615
-13653
-13745
-12915
-10245
-7158
-5045
-3773
-2110
441
1941
2251
1950
4014
7364
8248
8198
10362
11371
9663
6576
3887
1539
-2476
-6755
-9793
-11685
-11802
-12049
-12408
-10623
-8317
-7326
-7367
-6570
-5404
-4480
-4271
-3406
-1666
1001
1943
4442
7799
9594
9667
8916
7681
5766
1878
-2499
-5845
-8719
-10557
-11259
-10630
-9307
-9113
-9536
-10218
-12096
-14025
-16889
-20500
-22825
-24754
-23856
-20122
-15415
-6474
4112
8936
11129
13059
12727
9255
3711
2271
-482
-3272
-1439
1435
2694
5843
7833
10251
10360
8080
2833
-3509
-8896
-13183
-13096
-8605
-3699
2447
8428
12000
15313
16479
17132
16798
15855
15707
14140
12457
12529
10908
9342
7839
6029
3844
1241
-1420
-3631
-6520
-9077
-11008
-10721
-8848
-7109
-4541
-1502
328
822
1004
2152
3731
4852
7072
8113
8978
10563
11089
10185
9346
7253
4062
117
-2546
-4301
-6123
-7901
-8636
-8098
-7378
-7054
-7012
-6043
-5597
-5808
-6873
-5595
-3941
-3232
-1736
437
2402
4164
5083
7559
10349
10423
10399
10018
8788
6348
2125
-1286
-4250
-7298
-8212
-8023
-6875
-5923
-5600
-5253
-6491
-8160
-11012
-15251
-18621
-22272
-24405
-23956
-21961
-16913
-7548
3944
8858
10758
13049
12044
6279
1718
480
-2978
-4955
-1046
3069
4105
7826
10567
11109
10131
6577
351
-5927
-11637
-14222
-12505
-7282
-383
6963
12579
15613
17906
18416
16804
14518
14288
14469
12173
12071
13728
12104
9531
6962
4605
1888
-1775
-4482
-5771
-7470
-8605
-8695
-6634
-3947
-949
1281
2918
3734
3531
3040
2823
3474
6038
7754
8230
10596
12385
11398
8444
5615
2057
-1717
-6032
-8911
-9739
-9223
-10456
-11696
-10183
-8200
-6790
-6395
-5120
-4016
-4157
-4826
-4586
-4072
-2580
-3252
-3573
-1735
-278
1498
3591
6147
7942
9091
9309
8495
6355
2468
-2596
-6551
-8498
-8332
-6240
-3635
-1993
-1255
-508
-1971
-5640
-9960
-14391
-19858
-24367
-26369
-24140
-20718
-16108
-7782
2686
8065
9143
9554
7201
2973
-1616
-1431
-2725
-1587
3947
8752
8423
10660
11409
9363
5638
919
-4024
-8943
-12605
-12930
-8528
-2435
4056
9541
13201
14187
13903
12035
10330
9508
11459
13897
14597
16470
18058
16359
12498
7849
3830
-680
-4813
-6820
-6971
-6709
-6608
-6072
-3436
-1267
246
1346
2908
3905
3891
4717
5981
7910
10521
11669
11428
11852
10396
7460
3482
819
-2234
-5118
-7643
-8877
-8730
-7292
-7859
-10674
-9832
-10174
-9671
-8861
-6559
-4814
-3982
-4280
-2806
-2975
-3494
-4539
-6350
-5881
-5380
-4198
-1503
2558
4749
7117
8026
7806
6044
2209
-3332
-6127
-6821
-6340
-4245
-1967
-467
383
39
-2398
-5805
-9562
-13975
-18867
-21930
-22762
-21342
-19358
-15757
-9541
-1243
2178
1340
1661
1413
-982
-4168
-2169
-710
1168
5868
9716
8489
7696
6631
4092
1228
-1662
-4704
-7707
-8955
-7698
-3515
1495
7016
10735
12066
11066
9919
8673
8414
9039
11926
15047
16461
17333
17224
15091
10366
5209
2028
-958
-3814
-4309
-3373
-2984
-3822
-3798
-2992
-2972
-2092
-1579
30
2155
3651
5706
7599
9695
12167
13087
12433
12056
11081
8626
5465
3810
2302
640
-2213
-4404
-4822
-5475
-7173
-10530
-10731
-10145
-9358
-7742
-4043
-1865
-1723
-2186
-1515
-2581
-5257
-6564
-7860
-7846
-7311
-5053
-2006
2215
4579
6934
7663
7166
5633
2406
-2702
-4729
-4801
-4059
-2111
-505
312
-424
-2301
-5022
-8362
-11058
-13688
-16521
-17540
-17503
-15745
-14738
-11617
-4430
541
-624
-863
-1680
-2681
-4894
-4696
-1266
-204
2259
7551
8886
6484
5126
2017
-576
-1882
-3609
-6385
-6715
-6876
-4364
102
5442
9831
12628
11818
9662
8477
8587
8763
10292
14850
17788
18372
17633
16935
13254
8079
4251
1543
-414
-1534
-1876
-798
-706
-2238
-3950
-4818
-4970
-4406
-3208
-731
1804
4611
6920
8445
9988
12342
12883
11152
10722
11411
10202
8330
7714
6149
3756
381
-1616
-3043
-5369
-9435
-11429
-11939
-10970
-8417
-6156
-3561
-1156
-320
-1527
-2796
-2989
-3155
-5359
-5333
-4251
-4387
-2939
-341
1706
4050
5735
5793
4989
4583
1647
-2333
-3981
-4268
-3514
-2875
-2697
-2431
-3696
-6977
-10076
-11246
-11463
-12100
-12845
-12297
-9834
-8478
-8465
-5480
254
2442
-493
-1809
-2531
-3252
-5443
-4232
-2264
-355
2833
6590
6403
4288
2553
-602
-3053
-2892
-2951
-5128
-4569
-4012
-988
2754
6855
10700
13425
11372
9004
8165
8905
9758
11912
15156
16233
15347
14163
13139
9676
6900
5100
2823
1503
1756
613
-349
-1615
-4363
-6315
-5739
-5561
-4878
-1564
1760
2574
4034
5739
6144
5807
7700
9062
8067
8527
10631
11068
10018
9863
8645
5129
1765
636
-3044
-7575
-9915
-12378
-12850
-11374
-9504
-8403
-6619
-4160
-3596
-4849
-3178
-2010
-2501
-3081
-2971
-3652
-4364
-2633
-732
294
1603
2163
1008
419
-2043
-4484
-6381
-8164
-8460
-6046
-4516
-4700
-5564
-6650
-10215
-13267
-13152
-12705
-12725
-12534
-9832
-7152
-6981
-3400
3542
4916
1785
-336
-2642
-4908
-7345
-6769
-6926
-5949
-3276
-1475
-693
834
349
-1655
-3254
-3632
-3105
-6349
-6790
-6030
-3896
-713
3679
7924
12282
12221
9439
7546
8274
9607
10366
13003
14269
14413
12351
9990
8058
8470
7414
5478
5038
6131
4432
1852
390
-1698
-5780
-6707
-4345
-3037
-609
3407
5438
5555
6738
6763
5675
4756
4706
5121
6376
7737
9998
10296
8815
8154
7879
6120
2216
-1267
-4230
-7878
-9893
-10548
-10045
-9272
-7964
-5798
-4448
-4508
-3173
-3139
-2441
-836
-718
-1874
-2162
-2568
-2071
-70
2327
3973
4927
4046
1368
-599
-3473
-5697
-8316
-9240
-7737
-4593
-4691
-5625
-6207
-7401
-10065
-11145
-10842
-11159
-10605
-7873
-4748
-3125
2059
7559
7683
4589
2791
99
-3963
-5889
-4076
-5367
-5285
-2891
-2908
-3501
-2347
-1006
-568
-1498
-2075
-2095
-3516
-6060
-6510
-3301
-1381
1186
6724
10732
10865
9766
8487
8058
8532
10889
12469
11595
10093
8680
5006
3672
6485
8801
7482
7851
8341
6087
2916
726
-1995
-5308
-6603
-4335
-210
2134
5435
7402
7490
5691
6405
6627
5549
4507
5633
6893
7753
8126
9349
9499
7339
6384
4739
1835
-901
-965
-2735
-5658
-8264
-8512
-8182
-8158
-7593
-5345
-3520
-2929
-2204
-2054
-1084
-1036
-2362
-4135
-3268
-2237
-982
1669
4313
4909
3893
1466
-1282
-2895
-4833
-6723
-8640
-8708
-7611
-6160
-7509
-7781
-8037
-8402
-9840
-10813
-11280
-9147
-6785
-6855
-4098
3224
8232
6406
4279
2226
816
-3594
-4942
-3135
-2103
-3027
-3309
-4318
-4908
-4150
-3103
-125
1031
1339
-971
-2550
-4583
-5582
-4296
-1582
1217
6885
10583
9390
8756
8419
7861
6863
8707
9997
8680
6693
5984
4044
2827
5022
7798
8542
9120
9577
6987
3325
715
-1996
-4867
-4895
-2374
1167
3505
4083
4438
3984
3263
3099
5402
6156
5374
5749
7289
6951
6285
6805
6917
4907
4167
3969
2330
601
-596
-1820
-5114
-7404
-8790
-9229
-9177
-8128
-6302
-3809
-3731
-3586
-4419
-4075
-3528
-4682
-5916
-4832
-2130
-945
955
3716
4717
3140
1381
-1338
-3045
-4861
-7236
-9524
-9555
-9878
-10575
-11004
-12077
-12985
-13573
-12687
-12014
-10358
-6744
-3640
-3484
425
6689
8117
5398
2649
1426
662
-349
-2809
-4018
-2238
-2873
-8202
-9700
-7440
-5993
-4937
-2844
-354
-233
-2622
-4987
-6442
-5332
-2971
-509
3931
8416
10458
10104
9046
9225
8618
7678
7756
7555
6760
5108
2623
1333
2208
3895
5556
6969
8444
8185
5199
1068
-955
-1903
-2919
-2709
-10
2834
3887
3565
3696
3787
3572
4665
6137
8050
9802
10128
8237
8300
8924
6516
3199
3437
5290
5285
4419
2668
118
-1802
-4975
-8736
-9864
-9323
-9026
-9234
-7225
-5129
-5409
-6542
-6056
-5423
-4770
-4379
-3539
-2050
844
2145
603
1445
2682
1984
-619
-1678
-1517
-2514
-6821
-10165
-10562
-11435
-14430
-15349
-14714
-14989
-14827
-13401
-11348
-9003
-5894
-3616
684
5206
7793
7201
4449
1642
1458
3277
3882
1352
-538
-960
-4938
-9775
-10526
-8531
-5324
-2566
-674
-519
-1460
-3343
-6793
-7890
-5156
-2075
2079
7129
8693
8432
8439
8692
8050
8683
8939
7148
6331
5401
2276
232
665
2075
3284
4302
5852
6461
5916
4321
1475
-1054
-872
-226
519
2090
3213
2810
2122
1830
2079
3557
5728
7534
9566
10504
9215
8185
7688
7124
5002
3507
4751
6929
7298
6670
4655
2093
-244
-2568
-5211
-5652
-4959
-6468
-7492
-6595
-6472
-6863
-6996
-6454
-5997
-5159
-3421
-1891
132
2194
2993
1323
999
2452
2234
927
1104
1188
-579
-4254
-7895
-9799
-11466
-14230
-16633
-17755
-18064
-16862
-14111
-10243
-6727
-1928
2888
5373
6736
6995
6455
5779
6806
10060
10157
5856
2453
-113
-3745
-7687
-10389
-9796
-7420
-5515
-4791
-5306
-5332
-5525
-6473
-6812
-5309
-1245
3083
6534
8842
9387
9146
9865
11092
11634
10040
8154
6184
3904
2247
1469
1271
1438
1406
2589
3083
1915
1403
1123
907
228
259
1267
3073
3172
3045
2354
1141
1183
2904
4537
5383
7863
10234
10737
9903
8438
6412
4352
3177
3474
4605
6110
6781
6301
5113
3885
2482
1320
296
-856
-2064
-3298
-5904
-9128
-10826
-10148
-8076
-6410
-5813
-4683
-2824
-2464
-2213
137
1953
1678
1654
1485
1062
900
586
102
-918
-2698
-5102
-8228
-10999
-13280
-15699
-18875
-20680
-19198
-15565
-12814
-9607
-3365
2060
3430
2881
2847
2585
3637
7497
10790
10773
9822
6708
1570
-2292
-5807
-9516
-11175
-9859
-7654
-7297
-8035
-8713
-9241
-8084
-6587
-5275
-2508
2111
5891
7674
8977
10776
11340
10797
11521
12182
11149
8748
5968
3409
2353
2023
1700
875
831
1161
1364
1167
606
65
115
829
2126
3295
3184
2038
153
-712
-121
999
2651
4147
4876
6117
7434
7826
6028
4117
2831
1655
1099
1733
3600
4633
4271
4997
5866
5346
4912
4435
3676
2086
-571
-3973
-7262
-9301
-9679
-9546
-9404
-9477
-9100
-7943
-6230
-3718
-272
1972
1793
1852
2486
2986
3166
4630
6524
6735
5618
3938
1602
-1758
-5473
-9994
-13826
-16032
-17703
-17810
-16079
-14138
-11748
-8985
-7360
-7104
-6403
-4524
-1867
1394
4171
5427
5124
4271
3250
1309
-1796
-4498
-5170
-4803
-4643
-4163
-3713
-4611
-6542
-6786
-4817
-2424
-448
2525
5267
6228
6114
6985
7761
8104
8185
8052
7355
5894
3943
2049
378
88
803
885
1090
1461
2166
2629
3432
3530
3876
5171
6804
7502
7819
6930
5061
3152
2556
2572
2585
2779
3004
3325
2853
2737
2589
1282
111
-973
-1433
-781
234
1388
3764
5916
7235
7977
8518
8902
8366
7583
6371
4025
788
-2351
-5265
-7376
-9738
-11792
-12456
-11306
-9819
-8257
-5117
-2041
-1869
-3196
-3084
-1130
692
2715
5425
7299
7063
5713
3711
716
-2076
-4554
-7818
-11841
-13597
-13864
-15203
-16841
-15320
-12899
-12093
-10743
-7384
-3195
-125
2286
4857
6004
6352
7100
7666
7531
6483
4441
1769
134
-700
-1134
-1157
-1636
-2454
-2701
-2725
-2151
37
2147
2555
2684
3823
5299
6340
7490
8811
9492
9369
8509
7495
5946
4258
2767
2161
2378
2823
3782
4191
3114
2477
3015
3126
3144
4422
6409
6666
5526
4816
4685
3193
1396
637
1211
1323
1214
1281
733
-290
-790
-868
-1504
-1421
-123
1214
1557
2701
4642
6531
7065
7869
8459
7702
6716
6129
5032
1831
-1275
-4202
-7128
-10165
-12178
-12752
-13175
-12988
-11488
-10100
-8242
-6423
-5652
-5529
-4737
-2031
605
2019
2821
3709
3663
2208
1180
1919
1260
-1624
-4805
-7242
-10204
-12189
-12876
-13158
-12131
-9572
-7877
-6789
-3517
560
3061
4893
7711
10174
11373
11806
12174
11708
10131
7954
5441
3236
1380
185
-1699
-3296
-3379
-2828
-2936
-2779
-1639
-880
-656
236
2275
4091
5332
6873
8001
7850
7452
6447
4787
3265
2893
3136
3419
3053
2623
1532
-543
-1833
-1611
-497
263
1048
1905
2258
2195
2265
2587
2438
2050
1874
1579
1258
1433
1041
-656
-1918
-1814
-2179
-3019
-2688
-1583
-914
-353
290
1126
2281
3737
4923
4890
4997
5415
5080
3940
2664
479
-2228
-4138
-6640
-9332
-10750
-11908
-12860
-13132
-12658
-11982
-11069
-10069
-9304
-8153
-6605
-4252
-1696
-1051
-1213
-454
570
1600
2062
2854
1801
-1217
-4088
-5427
-6961
-8602
-8772
-8051
-6552
-4901
-3498
-2323
-862
731
2249
3761
6475
9301
11108
11724
11665
10910
7998
4609
2330
823
-955
-2455
-4068
-5411
-6257
-6658
-6598
-5804
-4417
-2243
231
2232
3752
4363
4701
5022
5882
6799
7021
6728
5980
5175
4876
4381
3074
886
-335
-730
-1291
-1340
-266
702
190
-489
-415
184
972
2135
3043
3506
3648
3432
2890
2421
1791
738
-269
-369
97
139
-473
-1085
-2066
-2261
-1448
-374
591
1727
2869
3324
3060
2924
2688
1579
97
-905
-1059
-2315
-4008
-5332
-6995
-9261
-10689
-11478
-11552
-11549
-10698
-9010
-7784
-7009
-6099
-4530
-3034
-1858
-1535
-1246
-281
1652
3649
5078
4720
2725
45
-2046
-2356
-1861
-1606
-1173
-699
-701
-1235
-1416
-706
186
1283
2950
5416
7842
8892
9164
8599
7914
6606
5089
3537
2110
736
-1180
-3251
-5212
-6540
-7199
-6905
-6009
-4189
-2272
-353
1034
1906
2667
3914
5542
6510
7409
8523
8717
7672
6682
5255
3745
2458
1500
606
116
441
445
-134
-355
-391
-655
-199
1493
3834
4892
5345
5543
5423
5718
5766
5775
4999
4273
3757
2730
1257
718
307
-1575
-3512
-3913
-3262
-2440
-1494
-1291
-1196
-1140
-1194
-1316
-1163
-1190
-1887
-2364
-2656
-2561
-2842
-3694
-5574
-7344
-8536
-8864
-9107
-9279
-8183
-6590
-5206
-4721
-4941
-4374
-2452
-974
308
1836
3379
4609
6218
7965
8825
8016
6410
5103
3967
2716
2146
2305
1137
-12
-342
-289
-86
875
2235
2778
3385
4205
5177
5384
5700
6082
6506
6488
5831
5102
4350
3014
1099
-828
-2738
-4189
-5263
-5332
-4293
-2975
-1980
-1087
-527
-75
798
1694
3017
4331
5571
6676
6479
5598
4805
3552
2371
1690
1225
798
291
-19
-271
-479
-1040
-1299
-393
842
1974
3292
4077
3730
3195
3475
3706
3181
2711
2455
1819
604
-979
-2530
-3989
-5418
-6625
-7941
-8082
-7504
-7306
-7382
-6984
-6488
-6255
-6290
-6550
-7000
-7792
-8214
-7969
-7667
-7249
-6565
-6836
-7480
-8292
-8373
-7898
-7550
-6456
-5064
-3454
-2223
-1435
-900
562
2668
3991
4680
5922
7416
8258
8434
8297
8053
7350
6384
4879
3612
2671
1630
258
-1327
-2411
-3088
-2879
-2351
-1156
-1
422
491
1008
1692
2289
3181
4481
5735
6028
5824
5235
4333
2695
1109
-544
-1684
-2805
-3843
-4705
-4983
-5199
-5595
-5816
-5622
-4638
-3686
-2212
-240
1603
2585
3016
3170
3043
2766
2716
2330
1356
518
205
-269
-1641
-2122
-1578
-1175
-855
393
1809
2093
1556
876
488
-4
-118
103
528
128
-691
-1387
-2719
-4568
-6235
-7432
-8530
-9103
-9324
-9844
-10325
-9952
-9726
-9268
-8367
-7694
-7716
-7316
-6629
-6315
-5936
-5097
-4257
-3053
-1580
-566
-429
-834
-1199
-681
949
2203
3297
4141
4943
5512
5985
6465
6751
6293
5970
6277
6899
6950
6253
5479
4752
4176
3470
2872
1862
1159
-128
-1770
-3143
-3377
-2991
-2111
-433
895
1866
2562
3227
3423
3691
3955
4628
5469
6559
7634
7600
6475
5138
3801
2075
127
-1046
-1941
-3244
-4556
-5093
-4977
-5015
-5085
-4390
-3027
-1480
282
2047
3219
3752
4290
4726
4900
4860
4542
4016
3121
2251
1215
101
-1162
-2231
-2005
-1413
-1715
-1426
-868
-1319
-2426
-3156
-3354
-3510
-3682
-3682
-3195
-3258
-4157
-5154
-6190
-7383
-8679
-9335
-9607
-9714
-10230
-10565
-10090
-8417
-6775
-6085
-5687
-4391
-3035
-2113
-815
494
1839
2923
4229
5836
7333
8086
8550
8704
8488
8651
8798
8766
8775
9075
8986
8683
8301
8002
7465
6740
5974
5417
5101
4508
3957
3343
2816
2861
3770
3490
2770
1926
1213
153
-307
239
802
1425
1994
2718
2561
2858
3058
2656
2330
3158
3938
4276
4882
5510
4982
3206
2110
1335
502
-113
-216
-935
-2084
-3189
-4071
-4524
-4394
-3841
-3213
-2326
-1083
-204
-177
175
684
1031
1514
1910
1819
1413
654
-287
-1619
-3393
-5084
-6450
-6883
-7029
-6528
-6487
-6875
-7511
-7706
-8198
-9154
-9544
-9629
-9506
-9574
-9021
-8430
-8292
-8278
-7865
-7439
-7680
-8194
-8585
-8293
-7299
-5874
-4268
-2396
-401
924
1627
2432
3628
4295
5258
6709
7937
8489
8374
8537
8754
8782
8631
8164
7593
7311
6699
5914
5102
4564
3860
3210
3542
4257
4233
3677
3098
2538
2056
1696
1545
1640
2127
2850
2986
2555
2038
1289
372
9
400
958
807
534
723
750
446
804
1101
970
909
1708
2485
2751
2833
2395
1846
1457
1287
1244
1443
1326
556
-855
-2152
-2886
-3225
-2724
-1978
-1548
-1360
-1538
-1861
-1903
-1738
-1217
-819
-656
-746
-947
-1161
-1976
-3092
-4592
-6407
-8109
-9392
-10243
-11034
-12004
-12583
-12215
-11874
-12026
-11558
-10741
-10117
-9191
-8041
-7413
-6989
-5878
-3902
-2070
-769
115
737
1261
1870
2246
2420
3098
4316
5412
6290
7129
7290
6906
6717
6937
6834
6516
6239
5556
4899
4780
4714
4568
4388
4191
3908
3781
3280
2810
2521
2541
2893
3188
3807
4220
4615
4783
4899
4521
4002
3480
2863
2625
2464
2137
1903
1221
546
522
404
270
-186
-433
-927
-1293
-1274
-854
-528
-269
556
1056
1489
1675
1954
2275
2413
2450
2319
2537
2760
3002
3245
3320
2652
1348
166
-508
-814
-1331
-1656
-2181
-2644
-3268
-3955
-4717
-5265
-5501
-5768
-6259
-6701
-7109
-7347
-7950
-8800
-9561
-10128
-10964
-11890
-12098
-11715
-11192
-11166
-11058
-10195
-9156
-7579
-6122
-4866
-3663
-2814
-1647
-369
1022
2366
3446
4087
5084
6392
7304
7398
7549
7505
7258
7369
7440
7306
6712
6079
6055
6045
5796
5979
5823
5224
4235
3452
3424
3913
4636
5625
6347
6632
6686
6421
6021
5708
6169
6571
6397
6318
6435
6289
5791
5638
5278
4587
4352
4384
4037
3627
2811
1512
399
-84
178
326
513
489
278
11
-26
88
479
769
1295
1798
2186
2224
2071
2151
2069
1783
1630
1266
823
910
1004
940
387
-596
-1878
-2876
-3468
-3897
-4440
-5462
-6979
-7995
-8679
-9674
-10431
-11050
-11447
-11710
-11892
-11540
-11186
-10543
-9680
-9443
-9482
-9209
-8501
-7835
-7191
-6532
-5622
-4866
-4167
-3244
-2160
-956
12
649
1018
1469
1994
2449
2862
3269
3723
4094
4570
5190
5800
6146
5850
5143
4781
4444
4013
3858
3486
3166
3137
3533
4154
4462
4502
4051
3472
3130
3286
3645
4074
4623
5268
5258
4961
4779
4712
4845
4716
4439
4049
3981
3941
4147
3990
3670
3225
2791
2528
2327
2058
1602
1112
679
234
198
470
401
318
121
21
-96
-1
530
1027
1334
1474
1552
1584
1604
1574
1488
925
407
-199
-647
-885
-1297
-1878
-2602
-3344
-3928
-4450
-5251
-6243
-7238
-8141
-9088
-9989
-10547
-10841
-10810
-10717
-10596
-10646
-10666
-10542
-9907
-8916
-7601
-6091
-4780
-3897
-3202
-2434
-1680
-1048
-327
385
981
1399
1529
1766
1932
2156
2443
2473
2282
2122
1592
1027
447
97
291
827
1481
1926
2141
2503
3002
3332
3807
4017
4053
3794
3867
4430
4755
4820
4586
4530
4465
4116
3936
3950
3846
3561
3433
3283
3347
3626
3685
3308
2744
2710
2557
2331
1970
1877
2046
1794
1540
1651
1863
1703
1500
1241
880
489
170
-29
184
57
-136
-175
-232
-338
-423
-637
-895
-902
-1019
-1204
-1496
-1366
-1612
-2170
-2739
-3303
-4187
-4734
-5101
-5872
-6379
-6708
-6824
-7247
-7471
-7587
-7398
-7012
-6848
-7154
-7699
-7934
-7854
-7357
-7032
-6882
-6876
-6641
-6235
-5660
-5028
-4304
-3591
-2460
-1092
-268
86
266
367
423
828
1263
1704
1686
1355
1022
972
1054
1292
1303
1254
981
265
-217
-222
-81
366
994
1846
2589
3427
4576
5499
6349
7046
7244
7304
7257
7214
7184
6802
6760
6324
5640
5295
5596
5682
5303
4936
4594
4154
4050
4379
4164
3930
3937
3672
3254
3224
3280
3014
2516
2314
2254
2299
2330
2505
2576
2222
1884
1625
1540
1500
1025
436
291
-331
-966
-1428
-1443
-1770
-2186
-2802
-3316
-3821
-4271
-4663
-5153
-5767
-6441
-6807
-7072
-7242
-7571
-7810
-8051
-7865
-7249
-6683
-6562
-6488
-6180
-5413
-5004
-4621
-4365
-4234
-3901
-3350
-2591
-2147
-1893
-1657
-1562
-1354
-1089
-1257
-1595
-1332
-621
-80
265
463
499
480
823
1215
1610
1884
1931
1721
1346
1191
1265
1483
1633
1996
2034
1986
2199
2483
2534
2681
3018
3213
3604
4170
5024
5521
5719
5879
5951
5895
5725
5659
5620
5069
4414
3556
2852
2195
1832
1635
1224
1080
865
909
1377
1777
1688
1482
1570
1688
1889
2085
2178
2163
2145
2040
1957
2303
2278
2171
1784
1218
716
68
-169
-371
-802
-1541
-2501
-2968
-3178
-3258
-3508
-4219
-4820
-5305
-5477
-5767
-6156
-6595
-7116
-6702
-6087
-5727
-5544
-5561
-5402
-5118
-4535
-4012
-3868
-3378
-2391
-1499
-1127
-1074
-1259
-1535
-1392
-935
-481
-326
-407
-225
-138
29
-21
-287
-633
-591
-534
-414
-64
560
1077
1251
1671
2203
2624
3013
3297
3672
4081
3934
4025
3987
3700
3325
3455
3515
3266
2863
2486
2104
1695
1672
1613
1536
1506
1873
2447
2818
3147
3109
2668
2376
2450
2646
2430
1881
1374
556
11
-212
-316
-180
-177
-371
-593
-591
-671
-650
-848
-985
-1048
-992
-758
-575
-489
-320
-436
-523
-507
-337
-367
-770
-1320
-2069
-2614
-2977
-3154
-3519
-3912
-4311
-4668
-4925
-5125
-5212
-5259
-5189
-5108
-5209
-5364
-5436
-5489
-5467
-5346
-5285
-5341
-5311
-4847
-4302
-3892
-3352
-3043
-2530
-1983
-1179
-350
143
411
474
469
459
583
178
-317
-404
-581
-547
-214
143
210
142
-131
-284
-300
-101
443
1128
2010
2557
3009
3418
3787
3817
4147
4559
4847
4926
4873
4658
4394
4335
4095
3746
3167
2755
2658
2664
2614
2263
1770
1492
1275
1431
1637
1757
1592
1576
1523
1577
1897
2191
2454
2152
1738
1253
1031
1052
904
724
503
280
66
-89
0
13
-64
-176
-305
-279
-570
-706
-947
-1318
-1562
-1642
-1342
-1380
-1390
-1643
-2003
-2191
-2383
-2536
-2574
-2437
-2621
-2798
-2815
-2793
-2536
-2238
-1972
-1882
-1902
-1846
-1989
-1955
-1749
-1776
-2026
-1991
-1488
-1183
-989
-1043
-986
-916
-956
-656
-214
284
592
626
864
1140
1308
1785
1885
1606
1277
1174
1269
1531
1949
2043
1938
1934
1659
1359
1188
1007
1186
1725
2545
2627
2480
2557
2510
2663
2868
2844
2550
2110
2126
2264
2090
1836
1607
1455
1225
1071
956
793
282
-83
-422
-890
-967
-908
-609
-420
-448
-284
-261
-136
-78
176
484
551
665
650
660
386
375
82
-488
-786
-1011
-1077
-1382
-1397
-1421
-1388
-1256
-1302
-1138
-925
-671
-405
144
382
660
767
631
697
638
753
528
348
397
376
222
-37
-91
-77
84
252
405
287
228
205
170
7
-297
-473
-482
-627
-518
-330
-380
-769
-977
-823
-656
-462
-308
-223
-134
426
1009
1494
1983
2352
2405
2215
2010
1922
2008
2304
2591
2611
2486
2220
1644
945
688
500
456
452
604
686
617
578
467
771
891
955
1119
1072
925
729
258
-181
-550
-721
-934
-1335
-1813
-2277
-2485
-2642
-2588
-2663
-2787
-2858
-2826
-2632
-2373
-2247
-2168
-2169
-2066
-1998
-2054
-1999
-2013
-2166
-2169
-2121
-2158
-2183
-2253
-2022
-1768
-1365
-1336
-1307
-977
-679
-195
248
803
1145
1466
1776
1798
1826
2021
2057
2032
2117
1984
1787
1642
1313
850
596
173
-363
-476
-623
-755
-863
-829
-780
-788
-717
-869
-1034
-1431
-1667
-1642
-1610
-1480
-1394
-1260
-1394
-1546
-1542
-1461
-1355
-1337
-1239
-873
-117
549
938
1100
968
1133
1426
1704
1804
1725
1895
1944
1716
1571
1453
901
717
628
521
356
139
-74
-220
49
233
373
55
202
325
311
243
-78
-497
-1086
-1269
-1410
-1598
-2132
-2787
-3367
-3806
-3892
-3804
-3836
-3982
-3762
-3441
-3014
-2616
-2365
-1923
-1233
-535
29
770
1305
1537
1863
2327
2574
2870
3053
3554
3927
4115
4250
4188
4149
4098
4079
4153
4074
3917
3977
3863
3506
3172
2753
2415
1933
1672
1275
691
517
301
180
-274
-627
-920
-1191
-1246
-1261
-1305
-1453
-1367
-895
-418
-110
-78
-251
-420
-488
-254
-25
95
207
50
27
-127
-178
-158
-430
-267
-102
95
414
910
1102
1199
1390
1353
1406
1461
1546
1656
1669
1460
1350
1234
958
651
256
-212
-651
-1066
-1465
-1963
-2582
-2710
-2862
-2943
-2817
-2941
-2888
-2859
-2843
-2918
-3084
-3238
-3481
-3578
-3745
-3737
-3574
-3636
-3374
-3201
-3066
-2796
-2412
-1899
-1382
-579
233
893
1772
2519
3532
4480
5239
5791
5963
6033
6126
6256
5961
5611
5185
4821
4491
4252
3820
3094
2300
1337
836
565
556
516
485
145
-215
-381
-686
-840
-935
-796
-796
-658
-430
-406
-417
-683
-713
-912
-693
-517
-384
-189
-201
-204
-255
95
413
638
610
756
481
451
398
160
190
339
370
501
913
1095
1171
918
938
917
1045
1685
1948
2081
2104
2150
1995
1775
1588
1237
1068
887
614
-19
-578
-1203
-1776
-2295
-2923
-3406
-4077
-4319
-4496
-4916
-5210
-5476
-5345
-4689
-3726
-3082
-2556
-1986
-1384
-852
-315
305
594
922
1339
1928
2299
2554
2576
2900
3233
3582
3956
3875
4020
4169
4365
4606
4608
4503
4193
3891
3578
2982
2561
2206
2006
1761
1266
770
352
-9
-243
-519
-955
-1303
-1466
-1329
-1217
-1252
-1172
-1219
-1213
-1010
-804
-560
-443
-714
-864
-907
-945
-1107
-1322
-1394
-1121
-1108
-1259
-1270
-1353
-1462
-1512
-1282
-985
-741
-449
-103
52
36
58
277
351
212
237
271
176
287
315
100
-302
-695
-848
-1093
-1214
-1320
-1573
-1783
-1946
-1984
-1995
-2299
-2384
-2357
-2381
-2299
-2349
-2352
-2457
-2391
-2470
-2584
-2478
-2252
-2014
-1650
-1414
-1361
-1192
-1024
-624
-105
586
1223
1926
2359
2858
3208
3171
3144
3181
3299
3388
3526
3499
3292
2976
2559
2114
1802
1526
1331
1052
920
643
427
685
652
626
468
437
600
752
785
552
578
600
471
488
731
556
285
119
-161
-536
-848
-782
-637
-219
-137
-42
-111
-22
240
255
357
58
-217
-351
-289
-251
-291
-269
-442
-630
-560
-493
-606
-767
-846
-789
-795
-645
-655
-771
-779
-839
-1052
-1478
-1694
-1787
-2084
-2228
-2510
-2770
-3049
-3282
-3419
-3556
-3592
-3721
-3504
-3183
-2935
-2866
-2805
-2583
-2187
-1649
-1172
-801
-522
-39
174
573
928
1249
1739
1885
2058
2148
2032
1854
1670
1589
1582
1522
1451
1449
1316
1352
1297
1214
1227
1234
1133
932
1017
900
805
618
389
80
-23
-125
-242
-433
-558
-701
-851
-500
-73
43
170
270
529
844
968
1214
1321
1456
1481
1664
1548
1264
1308
1501
1388
1284
1021
716
531
484
576
445
394
410
349
374
510
531
553
580
418
338
18
4
156
-9
-411
-707
-906
-1177
-1176
-1134
-1196
-1221
-1150
-1225
-1245
-1412
-1461
-1309
-1151
-925
-681
-561
-434
-414
-317
-72
26
135
642
920
1085
1214
1108
1150
1077
1236
1498
1763
1913
2126
2234
2093
2010
2072
2127
2060
2013
1932
1788
1613
1322
916
597
159
20
19
-272
-761
-1079
-1087
-1038
-853
-716
-551
-435
-367
-189
-217
-193
-117
-156
-221
-226
-243
-224
-25
18
45
134
80
127
213
356
639
610
685
748
1040
1314
1464
1750
2097
2268
2344
2405
2454
2380
2361
2302
1971
1561
1259
999
487
219
-316
-974
-1281
-1252
-1341
-1284
-1536
-1891
-1970
-1785
-1815
-2035
-2007
-2092
-2095
-2425
-2537
-2780
-2893
-2823
-2634
-2521
-2354
-2114
-2061
-1968
-1799
-1406
-1126
-1040
-815
-660
-540
-440
-280
-251
-347
-379
-477
-574
-703
-708
-831
-921
-966
-941
-852
-857
-705
-589
-552
-559
-443
-456
-568
-635
-469
-400
-457
-442
-338
-349
-388
-64
-54
-146
-365
-707
-882
-1041
-1045
-793
-669
-530
-502
-532
-165
13
173
379
345
521
711
931
885
960
936
763
835
880
868
914
763
737
755
627
685
786
824
856
830
721
454
180
17
-181
-166
-400
-515
-644
-916
-1152
-1258
-1582
-2041
-2232
-2396
-2537
-2721
-2979
-3069
-2939
-2685
-2421
-2284
-2161
-2034
-1900
-1758
-1527
-1433
-1232
-1053
-987
-790
-696
-579
-497
-372
-281
-235
-256
-52
73
-115
-170
-240
-299
-312
-279
-229
-325
-492
-583
-717
-750
-831
-1054
-1172
-1307
-1402
-1555
-1563
-1335
-1195
-922
-829
-797
-737
-493
-221
-246
-145
-18
250
216
167
102
122
51
285
388
339
405
351
429
319
196
257
444
542
847
915
1075
1261
1420
1697
1951
2053
1961
1887
1797
1857
1696
1727
1610
1527
1429
1202
772
535
252
80
15
-161
-64
-140
-122
-218
-557
-780
-706
-690
-548
-526
-625
-681
-839
-910
-1108
-1086
-1101
-681
-395
-136
-114
-103
100
386
808
905
1187
1669
1886
2092
2114
1821
1789
1703
1943
2103
2131
2083
1739
1619
1534
1323
1219
1094
1029
1063
1119
1104
1035
858
789
590
579
740
793
575
315
205
-9
-245
-476
-665
-769
-867
-883
-855
-871
-635
-764
-840
-893
-866
-720
-443
-31
8
-9
117
327
554
793
1122
1451
1788
2120
2333
2457
2434
2401
2437
2444
2406
2353
2410
2390
2430
2506
2476
2367
2126
2084
1842
1737
1644
1522
1248
926
568
303
124
-138
-254
-645
-1047
-1214
-1175
-1022
-952
-1099
-1227
-1159
-1126
-1004
-967
-888
-732
-858
-696
-484
-629
-691
-695
-719
-685
-832
-1000
-1303
-1360
-1393
-1510
-1531
-1573
-1443
-1362
-1471
-1664
-1698
-1637
-1454
-1419
-1343
-988
-907
-800
-725
-757
-738
-685
-494
-402
-281
-411
-305
-518
-695
-835
-833
-698
-605
-562
-692
-845
-1201
-1376
-1258
-1233
-1186
-1382
-1489
-1752
-1861
-1786
-1735
-1490
-1201
-1108
-1023
-700
-522
-279
-49
135
353
675
1037
1282
1312
1426
1373
1477
1398
1196
1078
990
973
797
636
323
38
-218
-256
-425
-419
-429
-457
-497
-736
-920
-885
-1117
-1074
-1175
-1401
-1347
-1389
-1284
-1608
-1810
-1985
-1984
-1993
-1749
-1752
-1687
-1699
-1781
-1647
-1633
-1479
-1279
-1095
-1007
-817
-631
-586
-459
-231
-123
-49
-47
-49
17
-114
-173
-266
-295
-225
-248
47
53
69
-4
-126
-46
-63
-92
-197
-283
-387
-418
-391
-272
-430
-652
-913
-1094
-1225
-1291
-1281
-1215
-1310
-1532
-1670
-1724
-1541
-1495
-1440
-1486
-1395
-1252
-1132
-1079
-1025
-851
-896
-901
-823
-541
-411
-202
-61
-79
-60
-37
133
219
410
504
515
587
681
892
807
797
769
829
955
1050
1021
978
823
643
384
264
153
28
-127
-304
-396
-439
-461
-411
-420
-669
-673
-639
-547
-445
-312
-150
-329
-495
-715
-822
-866
-809
-673
-376
-333
-202
23
78
337
435
479
596
746
881
1288
1453
1630
1719
1825
1889
1945
2045
2217
2396
2279
2311
2143
2049
2068
1906
1897
1803
1684
1663
1426
1350
1182
992
870
730
555
417
405
327
97
33
-41
-276
-290
-176
-69
-163
-274
-222
-324
-459
-319
-362
-473
-401
-148
-31
51
-61
-322
-256
-90
75
232
326
486
678
703
642
572
443
345
371
421
638
677
766
601
572
587
509
571
381
301
309
184
76
109
-171
-440
-454
-571
-509
-605
-555
-654
-719
-710
-819
-779
-851
-749
-628
-611
-655
-649
-555
-484
-321
-48
248
402
654
820
863
950
1249
1322
1606
1712
1705
1832
1892
1898
1998
2088
1959
2006
2099
2119
2139
2203
1915
1810
1637
1406
1257
1038
960
745
644
441
11
-249
-258
-269
-306
-193
-301
-258
-284
-381
-360
-395
-420
-559
-622
-522
-486
-417
-358
-300
-340
-455
-413
-147
-259
-160
-144
-235
-87
-5
64
241
125
-44
60
-67
16
63
64
139
159
152
49
-98
-122
-173
-119
-343
-410
-457
-470
-462
-430
-414
-505
-659
-744
-752
-907
-1034
-1064
-1124
-1077
-998
-920
-987
-978
-968
-1067
-1008
-874
-848
-567
-399
-468
-227
-146
121
449
648
837
1030
1304
1560
1673
1690
1613
1728
1650
1753
1922
1886
2038
1924
1943
1971
1953
1934
1877
1884
1889
1772
1642
1489
1394
1504
1297
1232
1111
802
670
286
64
-379
-796
-977
-1286
-1364
-1453
-1668
-1608
-1705
-2029
-2218
-2388
-2475
-2284
-2122
-2146
-2018
-1896
-1845
-1845
-1579
-1431
-1349
-1218
-1122
-1072
-1122
-815
-723
-506
-192
-36
220
239
242
311
248
153
157
-7
-116
-291
-380
-339
-509
-753
-981
-1206
-1360
-1493
-1526
-1699
-1689
-1742
-1721
-1802
-1787
-1788
-1893
-1694
-1640
-1501
-1515
-1354
-1395
-1330
-1181
-995
-764
-537
-363
-315
-19
55
248
430
590
909
1062
1137
1410
1599
1753
1823
2055
2256
2283
2340
2420
2377
2449
2713
2695
2664
2751
2803
2800
2632
2574
2420
2192
2064
1936
1953
1873
1631
1461
1311
1159
936
660
458
247
167
-69
-389
-604
-945
-1013
-1147
-1159
-1162
-1223
-1371
-1351
-1313
-1445
-1384
-1235
-1100
-1091
-1108
-1084
-1057
-1034
-1167
-1047
-1012
-1040
-740
-763
-714
-755
-577
-548
-453
-435
-295
-46
77
52
-9
-112
-236
-286
-270
-242
-184
-80
-256
-344
-424
-495
-617
-591
-501
-437
-309
-179
-128
-134
-82
75
119
187
360
558
799
923
1110
1168
1283
1332
1291
1358
1393
1676
1815
1957
2280
2469
2574
2832
3008
3211
3246
3535
3685
3686
3737
3738
3833
3673
3695
3574
3507
3300
3277
3035
2744
2569
2191
1887
1570
1329
967
736
525
90
-187
-365
-686
-1066
-1323
-1490
-1690
-1542
-1597
-1702
-1872
-1868
-1829
-2000
-2012
-1897
-1949
-1846
-1850
-1774
-1752
-1808
-1697
-1691
-1516
-1296
-1122
-1150
-1120
-1149
-1124
-1056
-1059
-909
-769
-535
-211
-131
-243
-62
-53
-142
145
356
454
622
794
962
1022
1131
1324
1287
1133
1105
964
1058
1256
1207
1136
1129
1112
1177
1208
1250
1143
1036
960
994
1150
1258
1476
1579
1654
1660
1644
1655
1697
1806
1814
1810
1876
1869
1807
1891
1897
1994
1987
2055
2108
2002
2032
2076
1775
1575
1415
949
723
402
364
143
-163
-488
-830
-1004
-1192
-1502
-1844
-2243
-2636
-2778
-2941
-3017
-3231
-3288
-3293
-3368
-3464
-3553
-3451
-3455
-3365
-3371
-3478
-3619
-3437
-3323
-3159
-3000
-2951
-2815
-2788
-2675
-2517
-2184
-2241
-2076
-1979
-1818
-1624
-1538
-1322
-1163
-850
-847
-535
-469
-317
-80
-9
178
242
343
270
334
386
620
584
511
433
272
343
367
574
522
508
431
552
838
884
1045
1239
1315
1274
1438
1361
1358
1275
1345
1432
1602
1829
1945
2082
2274
2462
2621
2797
2832
2922
2912
2988
2951
2994
2885
2862
2632
2439
2340
2169
2176
1755
1464
1183
817
523
341
-76
-476
-693
-1127
-1367
-1722
-1951
-2288
-2571
-2687
-2967
-3110
-3248
-3488
-3505
-3578
-3723
-3913
-3928
-3958
-3988
-3954
-4053
-4028
-4083
-3936
-3771
-3662
-3271
-3130
-2949
-2819
-2588
-2390
-2148
-1941
-1798
-1494
-1253
-904
-496
-265
-89
198
454
758
1010
940
1027
1115
1365
1692
1852
1985
2039
1911
1911
1810
1663
1692
1643
1743
1719
1500
1213
1033
1022
988
772
817
792
708
526
398
257
241
243
288
273
276
429
496
351
286
384
365
442
617
705
656
831
1079
1224
1270
1267
1382
1253
1325
1326
1238
1216
1041
882
721
526
280
25
-258
-263
-418
-634
-810
-989
-1146
-1280
-1334
-1434
-1663
-1630
-1581
-1697
-1657
-1863
-2005
-2102
-2003
-1932
-1737
-1739
-1610
-1521
-1397
-1103
-969
-608
-414
-299
-148
-147
-131
310
638
939
1138
1488
1548
1712
1923
2224
2664
2917
2917
2764
2768
2720
2688
2700
2668
2483
2246
2118
1936
1656
1599
1630
1793
1628
1375
1194
971
744
537
315
177
3
-238
-618
-1117
-1368
-1378
-1481
-1758
-1740
-1723
-1802
-1797
-1490
-1390
-1315
-1294
-1203
-1069
-922
-668
-520
-311
-251
-194
-119
-161
94
59
112
128
55
23
68
211
303
345
211
191
108
137
211
135
155
123
65
116
136
-27
-73
119
192
156
2
-56
-216
-191
-29
-39
-54
82
80
338
348
340
142
246
344
216
32
-142
-259
-345
-416
-641
-787
-959
-904
-892
-1075
-1173
-1228
-1390
-1572
-1487
-1509
-1533
-1473
-1292
-1267
-1225
-1164
-1185
-1030
-941
-866
-1056
-1008
-956
-837
-887
-878
-745
-758
-777
-641
-448
-452
-638
-846
-766
-760
-837
-857
-737
-604
-549
-525
-493
-455
-300
-192
-206
100
-44
60
307
393
506
526
633
653
687
689
664
564
481
556
528
499
597
529
749
744
766
841
903
867
864
873
760
790
693
698
608
664
610
601
793
905
1017
1110
1167
1261
1213
1044
922
946
751
722
774
753
897
839
741
760
631
491
436
429
363
304
294
140
56
1
-80
-96
-180
-342
-551
-627
-689
-801
-869
-862
-745
-911
-928
-1038
-1121
-1106
-1087
-1260
-1322
-1395
-1310
-1405
-1448
-1638
-1857
-1831
-1919
-1913
-1892
-1817
-1841
-2013
-2002
-2063
-2169
-2144
-2043
-2011
-1997
-1696
-1640
-1661
-1753
-1504
-1478
-1556
-1502
-1409
-1378
-1370
-1134
-1321
-1199
-1007
-1053
-911
-922
-757
-509
-481
-419
-329
-363
-186
47
61
158
-2
129
48
-130
-106
-101
-41
-8
69
-5
34
135
356
478
546
678
726
896
966
1116
1245
1393
1603
1659
1902
2188
2308
2578
2778
2889
3063
3171
3208
3085
3180
3021
3002
3028
2889
2779
2609
2359
2158
1954
1409
1193
947
718
667
442
139
-61
-122
-174
-353
-662
-758
-933
-1246
-1427
-1669
-1837
-1813
-1857
-1900
-2013
-2055
-2101
-2131
-2074
-2074
-2029
-1913
-1896
-1814
-1708
-1646
-1543
-1342
-1208
-1037
-872
-846
-642
-459
-307
-129
214
245
272
275
368
589
680
801
908
803
722
896
974
1007
989
862
1013
1142
1180
1262
1358
1470
1453
1527
1643
1505
1438
1310
1230
1226
1154
1167
1181
1122
1206
1001
774
686
480
396
417
497
569
421
150
5
52
95
-19
-288
-385
-490
-688
-686
-733
-802
-808
-783
-767
-701
-726
-671
-919
-1002
-1066
-1017
-1143
-1139
-1109
-1202
-1210
-1244
-1174
-1324
-1377
-1300
-1354
-1293
-1096
-995
-865
-688
-540
-365
-63
-27
-41
-4
27
116
31
91
186
193
182
378
520
552
563
565
716
793
794
779
833
894
871
788
788
594
602
555
480
497
537
325
73
-17
-240
-200
-291
-249
-316
-446
-645
-544
-535
-347
-208
-183
-284
-304
-284
-240
-318
-315
-107
-260
-93
-30
269
418
736
916
1035
1096
1051
1343
1328
1404
1303
1371
1376
1218
1176
1090
1026
1067
1045
0
0
0
0
0
0
0
0
0
0
0
0
0
0
0
0
0
0
0
0
0
0
0
0
0
0
0
0
0
0
0
0
0
0
0
0
1
0
0
0
0
-1
0
0
0
0
0
0
0
0
0
0
0
0
0
0
0
0
0
0
0
0
0
0
0
0
0
0
0
0
1
0
0
0
0
0
0
0
0
0
0
0
0
0
0
0
0
0
0
0
0
0
0
0
0
0
1
1
0
0
0
-1
1
1
0
0
0
0
0
0
0
0
0
0
0
1
0
0
0
0
0
0
0
0
0
0
0
0
0
0
0
0
0
0
0
0
0
0
0
0
0
0
0
0
0
0
0
1
0
1
0
0
0
0
0
0
1
0
0
1
-1
0
0
0
0
0
0
0
0
0
0
0
-1
0
-1
0
0
0
0
0
-1
0
0
0
0
0
0
0
0
0
0
0
0
0
0
0
-1
0
0
0
0
0
0
1
0
0
0
0
0
0
0
0
0
0
0
0
0
0
0
1
0
1
0
0
0
0
1
0
0
0
-1
0
0
0
0
0
0
0
0
0
0
0
0
0
0
0
0
0
0
0
0
0
0
0
0
0
0
0
0
0
0
0
0
0
0
0
0
0
0
0
0
0
0