0
0
0
0
0
0
0
0
0
0
0
0
0
0
0
0
0
0
0
0
0
0
0
0
0
0
0
0
0
0
0
0
0
0
0
0
1
0
0
0
0
-1
0
0
0
0
0
0
0
0
0
0
0
0
0
0
0
0
0
0
0
0
0
0
0
0
0
0
0
0
1
0
0
0
0
0
0
0
0
0
0
0
0
0
0
0
0
0
0
0
0
0
0
0
0
0
1
1
0
0
0
-1
1
1
0
0
0
0
0
0
0
0
0
0
0
1
0
0
0
0
0
0
0
0
0
0
0
0
0
0
0
0
0
0
0
0
0
0
0
0
0
0
0
0
0
0
0
1
0
1
0
0
0
0
0
0
1
0
0
1
-1
0
0
0
0
0
0
0
0
0
0
0
-1
0
-1
0
0
0
0
0
-1
0
0
0
0
0
0
0
0
0
0
0
0
0
0
0
-1
0
0
0
0
0
0
1
0
0
0
0
0
0
0
0
0
0
0
0
0
0
0
1
0
1
0
0
0
0
1
0
0
0
-1
0
0
0
0
0
0
0
0
0
0
0
0
0
0
0
0
0
0
0
0
0
0
0
0
0
0
0
0
0
0
0
0
0
0
0
0
0
0
0
0
0
0
-464
-344
-249
-356
-385
-442
-623
-780
-823
-832
-796
-626
-574
-624
-504
-575
-417
-292
-288
-289
-326
-512
-667
-728
-629
-603
-612
-701
-816
-852
-1025
-1042
-1094
-1181
-1213
-1289
-1389
-1386
-1457
-1535
-1483
-1459
-1475
-1481
-1505
-1483
-1325
-1406
-1328
-1279
-1246
-1296
-1355
-1452
-1267
-1311
-1293
-1166
-1408
-1434
-1439
-1418
-1332
-1375
-1496
-1392
-1502
-1489
-1450
-1500
-1516
-1580
-1331
-1206
-967
-950
-964
-904
-877
-789
-769
-641
-608
-776
-799
-687
-564
-434
-362
-218
-323
-286
-322
-301
-333
-291
-200
-498
-358
-453
-508
-681
-583
-344
-418
-322
-426
-436
-429
-429
-188
-224
-107
-150
-275
-79
-36
234
368
448
390
269
202
265
411
469
423
357
221
294
322
303
499
422
394
395
319
129
252
336
342
480
300
221
239
21
81
287
350
366
115
-4
-118
-175
68
155
87
-41
-131
-286
-193
-138
-188
-172
-165
-71
27
-16
73
170
47
100
140
128
255
32
-170
-172
-208
-22
-44
-82
-51
-163
-259
-183
-46
-73
-47
-106
-207
-218
-85
-19
81
78
-53
-188
-457
-283
-155
-141
-39
63
43
-112
-210
-194
-144
-83
-40
-128
-187
-540
-594
-592
-457
-369
-227
-231
-518
-503
-578
-482
-218
-13
14
-132
-265
-222
-343
-257
-75
-82
4
58
-91
-370
-299
-196
-149
-21
-40
-338
-469
-334
-158
115
224
446
351
-13
-91
11
84
220
590
451
229
369
352
181
452
554
638
722
652
767
476
458
493
529
586
676
659
603
402
560
695
832
900
695
760
568
596
560
682
771
763
746
435
523
588
607
784
705
617
473
335
256
300
204
355
526
644
533
591
561
437
486
549
622
768
669
566
618
504
519
513
573
548
517
362
259
216
352
577
541
449
216
55
91
205
303
201
114
59
64
139
313
369
258
159
69
-25
-34
-14
49
99
105
-10
-88
49
5
-104
-41
-300
-182
-2
-53
-88
-109
-90
-244
-380
-133
-115
-122
-180
-313
-399
-514
-493
-435
-372
-262
-517
-791
-830
-779
-799
-836
-950
-889
-902
-985
-1054
-1062
-965
-859
-759
-727
-589
-664
-610
-648
-623
-625
-608
-515
-549
-544
-381
-344
-434
-540
-632
-660
-767
-642
-550
-628
-555
-518
-565
-621
-547
-588
-453
-564
-655
-516
-410
-351
-498
-684
-670
-647
-539
-259
-190
-217
-150
-51
-11
104
231
132
-27
77
137
94
202
234
221
217
172
72
-49
84
260
292
294
134
177
124
-77
-171
-198
-222
-173
-359
-456
-202
-88
-95
-193
-101
-56
19
53
-113
-29
44
-63
58
31
-72
-14
-37
13
13
80
-14
-151
-269
-253
13
265
257
195
162
198
143
159
346
314
218
227
195
307
321
304
157
12
85
-9
-45
-171
-225
-302
-129
-147
23
-78
-204
-83
-143
-182
-261
-224
-229
-282
-223
-206
-311
-416
-548
-270
-209
-95
-134
-189
-182
-383
-468
-621
-613
-619
-729
-696
-565
-673
-720
-728
-640
-506
-567
-422
-281
-306
-178
-154
-38
-1
35
-34
-182
-95
-287
-309
-412
-526
-514
-462
-250
-121
-156
-33
24
7
128
133
281
225
166
-72
-178
-163
-40
-15
-8
64
-107
-77
47
146
76
111
21
85
422
486
548
486
477
483
612
610
487
698
529
369
507
592
756
648
554
408
310
377
570
444
213
57
-90
-38
47
289
442
362
290
236
279
417
461
639
585
455
490
526
699
735
722
806
753
742
730
810
955
812
756
688
703
641
653
525
414
429
388
466
315
423
317
114
176
219
224
398
608
468
455
429
416
558
618
581
474
426
403
405
505
613
475
498
542
802
834
873
884
759
740
875
858
673
679
715
738
656
684
659
631
694
724
779
788
731
824
888
787
749
555
366
385
405
559
585
542
483
485
505
472
561
458
438
413
299
319
207
162
239
206
286
55
-95
-139
-273
-140
-128
-162
-190
-263
-313
-316
-133
-39
-49
-133
-283
-250
-311
-241
-89
102
-38
-95
-12
-3
101
365
348
330
247
176
151
54
221
337
245
318
258
291
301
325
411
267
310
217
93
-82
-90
-186
-202
-185
-212
-208
-131
-152
-170
-62
1
82
4
-94
-228
-283
-130
-121
-149
-298
-349
-382
-328
-110
-156
-74
22
-34
43
148
182
161
-117
-284
-367
-382
-286
-318
-404
-428
-280
-348
-403
-351
-138
-171
-417
-194
-113
-72
-309
-246
-124
47
434
284
176
67
113
99
156
195
209
130
131
65
67
-43
129
187
240
296
245
167
201
258
324
447
369
319
330
224
119
198
214
57
86
121
168
153
137
198
128
230
330
217
96
-27
-128
-112
-192
-209
-268
-336
-270
-308
-333
-318
-346
-397
-400
-387
-381
-463
-241
-262
-383
-424
-559
-649
-652
-678
-634
-528
-516
-398
-318
-363
-239
-116
-175
-189
-271
-130
-183
-130
-228
-302
-336
-435
-406
-291
-449
-595
-633
-554
-400
-305
-266
-278
-395
-644
-597
-500
-334
-339
-367
-319
-487
-503
-585
-576
-582
-731
-665
-738
-833
-879
-796
-850
-733
-675
-661
-489
-501
-317
-316
-377
-549
-620
-696
-650
-620
-549
-201
-128
-151
-114
-55
-109
83
-79
-151
-265
-346
-252
-141
-106
-58
41
83
269
304
406
460
523
458
467
477
458
416
465
348
397
484
434
568
717
712
719
733
693
689
611
638
645
665
819
757
693
714
714
873
840
753
708
735
792
791
916
902
987
998
1023
1092
1111
1155
1005
1051
972
1014
1182
1314
1281
1199
1183
1207
1274
1062
1034
1106
1087
1029
1142
1101
1058
966
948
687
668
607
656
791
783
861
789
681
570
588
675
758
598
533
446
529
689
875
880
905
985
936
921
762
667
636
466
337
333
369
292
206
186
161
135
247
269
202
63
11
87
172
141
40
-72
-221
-70
-111
-68
-21
3
-94
-79
-48
40
89
-81
-189
-264
-306
-356
-324
-331
-343
-301
-277
-366
-315
-390
-357
-445
-550
-557
-630
-681
-603
-606
-699
-547
-565
-599
-547
-487
-481
-390
-255
-192
-131
-207
-142
-127
-105
41
167
68
-13
-135
-72
62
166
225
51
42
-8
-43
-20
88
12
39
142
148
102
55
94
-54
-64
-192
-34
-195
-295
-252
-301
-151
-283
-392
-451
-468
-348
-274
-110
-130
-144
-146
-127
-210
-284
-436
-398
-477
-436
-304
-394
-113
-175
-119
-169
-269
-204
-378
-445
-539
-526
-535
-531
-562
-603
-655
-623
-596
-737
-657
-658
-738
-801
-837
-807
-852
-782
-684
-549
-535
-475
-281
-261
-397
-426
-634
-892
-941
-977
-921
-895
-958
-945
-780
-639
-755
-631
-694
-900
-799
-671
-619
-656
-655
-742
-885
-877
-873
-826
-968
-1008
-860
-795
-600
-430
-415
-441
-519
-410
-363
-481
-482
-637
-713
-673
-641
-575
-402
-484
-460
-522
-560
-700
-753
-805
-935
-857
-748
-630
-621
-520
-430
-526
-520
-435
-363
-524
-594
-695
-980
-1092
-1093
-1181
-725
-546
-364
-251
-326
-160
-39
7
60
-100
-127
-200
-262
-290
-420
-295
-506
-447
-379
-495
-303
-173
-74
-51
43
33
-43
99
37
-9
16
-47
-68
-17
-22
-33
-76
-20
-126
135
129
162
358
534
511
431
502
438
439
217
149
19
95
174
130
181
356
449
500
696
736
810
740
623
632
529
478
538
491
580
473
337
392
318
227
322
477
651
644
683
826
869
1017
1179
1297
1287
1151
1123
997
986
906
810
890
881
970
982
1037
1105
1102
1173
1140
1261
1223
1205
1212
1122
1132
1024
861
1013
989
1013
1024
977
888
790
800
903
769
642
644
659
625
477
540
530
619
489
562
547
454
336
284
250
211
219
295
92
-18
193
137
105
168
95
46
15
-61
-142
-308
-341
-351
-543
-641
-690
-769
-675
-516
-247
-167
-186
-165
-194
-300
-363
-401
-411
-425
-664
-526
-572
-525
-317
-358
-72
-61
-113
-60
-79
-27
-142
-325
-426
-609
-708
-674
-571
-367
-451
-438
-369
-454
-221
-135
14
-39
-51
-73
-99
-211
-183
-33
-140
-233
-99
-84
-184
-86
27
128
232
336
272
90
31
66
-36
-108
-331
-407
-470
-503
-567
-485
-538
-421
-114
-63
8
-23
0
-54
-117
25
-14
-154
-355
-360
-365
-315
-303
-273
-325
-426
-325
-368
-214
-276
-195
-213
-259
-122
54
323
281
-11
-105
-310
-399
-322
-333
-554
-708
-805
-794
-653
-437
-334
-194
-59
-125
-41
-8
14
179
306
187
188
208
136
208
71
-193
-232
-414
-432
-394
-317
-363
-362
-349
-475
-281
-198
-386
-520
-696
-785
-966
-838
-736
-745
-750
-770
-732
-732
-519
-237
-61
-109
-167
-305
-434
-494
-373
-464
-452
-546
-540
-693
-782
-531
-627
-438
-594
-588
-646
-617
-475
-484
-522
-681
-658
-659
-370
-238
-222
-295
-222
-211
-170
-116
103
101
-77
-302
-412
-289
-430
-404
-626
-590
-338
-61
62
69
176
213
128
-14
-105
-144
-202
-314
-181
-312
-286
-75
-179
-65
101
115
140
198
117
116
-211
-145
59
140
432
369
312
372
537
606
587
471
830
611
401
210
116
157
1
121
65
12
-46
80
192
493
802
1000
968
890
859
798
849
945
574
436
477
251
438
565
626
495
699
675
441
681
726
1027
1125
1099
1052
1043
1013
935
975
888
791
678
464
366
513
495
430
482
203
145
146
121
330
383
419
464
461
522
705
534
321
323
57
116
90
252
419
634
479
698
637
390
318
60
39
-280
-147
-108
16
112
146
139
276
246
338
451
430
280
269
475
409
564
455
188
-198
-428
-565
-654
-319
-376
-380
-344
-278
-13
177
326
89
191
89
40
126
-29
270
-55
13
324
-225
-271
-286
-265
-353
-271
-250
-45
200
160
413
-122
107
177
133
142
2
-338
-590
-471
-388
-310
-224
-182
-501
-506
-1006
-821
-643
-739
-574
-985
-1023
-1144
-1015
-723
-301
-58
-78
-38
63
364
308
546
857
151
348
112
-307
-202
-138
-88
-312
265
179
47
129
322
351
408
184
-104
245
-3
-11
24
76
308
335
366
136
99
-166
-281
-402
-540
-316
-120
-19
139
122
310
480
234
554
405
235
263
-34
-81
-379
-529
-505
-197
160
-38
127
217
55
104
-175
-354
-692
-838
-760
-773
-449
-437
-575
-165
-334
-245
-27
-121
-104
-41
393
134
298
382
393
92
-94
134
-258
-115
-609
-420
-44
68
138
286
430
299
475
49
297
8
40
315
-109
260
225
-84
-401
-499
-281
-667
-533
-239
0
12
335
468
363
749
596
535
464
298
23
-167
-414
-495
-352
-238
-672
-465
-406
-1007
-476
-419
-255
-227
-558
-213
-534
-28
18
138
217
59
147
-50
190
42
229
414
214
258
467
-93
-317
-375
-572
-454
-390
-358
-183
-379
21
-280
-155
-233
-607
-321
-652
-340
-382
-321
33
585
455
79
153
-165
-299
-533
-580
-235
-112
-201
-80
17
225
414
493
359
283
428
254
526
660
807
739
565
388
279
480
786
339
110
-55
-296
-500
-429
-557
-1073
-949
-711
-505
-226
-5
-257
-114
18
198
89
-147
143
-58
-286
246
-245
-446
-233
-116
211
-6
-165
-215
-404
-421
-564
-222
-473
-292
-55
-204
-422
-255
-503
-321
-279
-342
-133
-435
-523
-247
-294
-444
-235
-395
-296
-617
-495
-455
-476
-596
-279
168
88
54
304
89
436
981
469
932
730
332
145
-48
152
552
746
426
353
1039
744
724
1049
734
784
902
1140
805
601
874
614
579
1030
753
424
387
-332
-464
-635
-684
-250
43
394
154
762
656
538
414
-95
138
-209
164
40
103
645
381
426
851
576
714
51
-95
-115
-539
-159
-521
-33
-694
-138
296
134
581
142
520
172
308
886
1267
1385
1338
1240
1218
1055
711
851
56
872
706
399
1215
780
1162
561
709
1106
814
488
675
886
851
1144
1143
1306
1460
845
690
561
-102
-162
-169
51
51
743
748
23
363
-101
-524
-284
-161
317
458
615
839
516
671
398
505
379
142
12
5
383
162
598
489
119
374
119
-216
16
-280
-367
-175
-233
75
-563
-323
4
-461
-24
-242
-468
-427
-562
-427
-116
25
490
666
415
172
265
88
59
-56
-108
529
249
883
763
988
755
639
753
103
60
-97
-158
-488
251
163
163
-114
-297
-496
-497
-25
5
315
-32
297
260
181
171
204
-520
-457
-422
-621
-276
-291
-295
121
334
491
762
681
740
638
693
101
83
16
-204
-382
-653
-608
-617
-183
-447
-164
-158
-301
-113
100
-277
-517
-703
-1035
-840
-1051
-435
-378
-243
-127
-321
-337
-984
-724
-942
-981
-697
-556
-517
-721
-446
-639
-245
-507
-255
-212
-854
-516
-693
-620
-456
-656
-543
-854
-803
-900
-723
-283
-720
-461
-450
-550
-559
-462
-433
-762
-299
-567
-276
-260
-619
-293
77
105
408
291
-217
-463
-424
-462
-397
39
42
210
238
156
63
-534
-905
-1116
-1201
-1492
-1099
-1290
-1536
-774
-388
-526
-450
-329
-862
-1393
-969
-893
-1138
-1387
-1529
-1779
-1752
-1067
-640
-637
-606
-710
-809
-987
-596
-182
-458
-230
-358
-676
-566
-410
-269
-253
-667
-543
-984
-938
-545
-607
-470
-602
-231
-337
-91
-410
-350
-126
-134
173
25
-204
-201
-426
-142
84
-638
-345
-524
-436
-241
-187
43
203
260
96
131
144
-206
351
414
600
856
906
869
468
445
382
162
103
156
791
588
568
718
275
258
347
823
719
428
516
398
61
85
163
196
-24
-37
97
330
255
466
225
586
673
655
1293
719
876
636
882
614
87
142
60
-258
-334
470
250
249
267
165
-19
109
187
8
-239
-34
252
-40
125
139
166
-272
-349
-113
147
-535
-674
-515
-202
-11
267
-85
-821
-806
-928
-766
-701
-683
-414
-218
-78
237
235
230
428
238
-277
-337
-173
-64
63
398
54
-179
-261
-75
108
414
786
576
343
45
-387
-540
-533
-485
-943
-459
-144
-412
550
380
422
312
-113
-509
-163
-342
-87
594
-92
630
97
-365
-197
39
186
-385
156
-481
-930
-163
-106
272
-100
-334
-754
-647
-227
133
453
194
-18
-129
-178
-529
282
401
235
310
153
-126
-643
-92
-479
-596
-373
-789
-457
-606
-331
-28
89
231
-80
77
-170
289
524
266
377
491
810
332
532
270
-51
640
670
455
1252
1442
1127
808
1149
1547
623
801
666
879
881
698
1172
560
24
-304
-490
-423
-381
-274
-786
-902
-504
-346
49
878
755
101
-214
-394
-459
177
484
190
387
-20
-416
-361
159
-247
-254
80
-199
-93
-98
464
825
1013
938
581
257
-411
179
121
526
412
56
396
475
458
-95
547
38
-213
203
-319
185
209
-156
-525
-674
-127
-485
-462
-845
-1359
-1646
-1060
-1025
-1206
-523
-708
-575
-927
-1155
-631
-336
-523
-1119
-1127
-486
-524
-403
-957
-1229
-646
-1489
-1143
-137
-557
-783
-990
-1534
-663
21
0
-610
-596
-903
-760
-140
-665
-507
-208
209
271
673
44
80
133
-663
-209
133
56
338
-252
-439
-877
-1277
-1045
-951
-362
46
-502
-499
-1156
-1002
-880
-421
-439
-681
-1199
-1466
-1379
-203
417
813
1582
575
276
-237
92
435
179
-352
-776
-386
-797
89
-666
-867
-919
-1899
-1205
-772
154
554
-119
-414
-357
-220
-519
-276
-213
125
536
86
-201
313
794
318
224
-102
-290
-125
-434
375
766
1127
1575
519
486
151
335
-331
416
580
1073
1358
761
312
563
696
217
434
101
299
461
587
350
898
1235
823
305
-45
-259
-325
151
242
165
1234
459
662
900
441
875
1396
2113
2420
2780
1911
1027
25
117
513
825
723
-94
289
-678
-1240
-1721
-2143
-1607
-1953
-1757
-1976
-1658
-762
-647
-616
-1019
-433
-297
-540
241
994
1453
1346
2058
2040
1617
1531
644
231
293
406
513
672
171
-145
-985
-1528
-1811
-2145
-1577
-900
-285
-146
-502
-844
-988
-837
-581
68
570
521
141
321
7
617
796
680
1027
861
1008
665
460
768
838
828
1282
1201
438
365
449
319
514
149
702
443
369
54
431
589
78
-16
294
731
-88
526
758
1286
1749
1630
1651
1167
1170
1055
1422
1494
1532
1322
1025
1109
1008
1186
951
1030
1078
1184
1082
773
459
243
351
339
96
207
616
1135
1275
1020
1187
904
740
785
655
430
723
691
455
567
196
-37
-135
-395
-153
510
405
596
523
1328
1147
654
171
-54
147
490
879
1278
1097
426
35
-10
-421
-1066
-1342
-1756
-1424
-1143
-617
-257
28
1
545
563
968
1414
1277
727
382
287
-177
-132
234
367
1006
1150
842
1155
633
-38
-415
-461
-729
-593
-284
-309
42
744
890
883
101
-972
-1805
-2601
-2986
-2890
-2895
-2803
-2444
-2230
-2460
-2428
-1943
-1870
-1686
-1323
-1009
-909
-628
-440
-948
-894
-700
-724
-195
359
544
512
441
447
35
-394
-549
-945
-742
-811
-661
-892
-862
-1013
-1423
-1249
-1753
-1507
-1589
-1579
-1756
-1712
-1227
-1258
-1052
-519
-153
59
-34
370
870
720
828
983
941
497
603
739
762
741
343
-106
-294
-598
-628
-1045
-1618
-1650
-2050
-2139
-1971
-1865
-1614
-1651
-1729
-1525
-1909
-2078
-2297
-2224
-2300
-2694
-2607
-2692
-2398
-2589
-2391
-2427
-2398
-2423
-2931
-3306
-3664
-3687
-3942
-3739
-3457
-3539
-3459
-3713
-3580
-3217
-2917
-2106
-1525
-918
-244
535
1507
2777
3763
4560
5488
6059
6984
7322
7784
7667
8046
8342
8312
8539
8085
7859
7302
6865
6410
6238
5577
4980
4647
3953
3239
2640
2350
2181
1979
2110
2286
2608
2741
3185
3407
3547
3931
4293
4822
4691
4996
4702
4524
4259
3842
3741
3209
2881
2229
1388
919
202
-814
-1711
-2524
-3580
-4909
-5375
-5730
-6325
-6682
-6799
-6691
-7121
-7824
-8300
-8925
-9621
-10492
-11462
-12603
-13615
-14750
-15575
-16116
-16614
-17192
-17953
-18467
-18790
-18227
-16393
-13321
-10524
-8499
-5059
-1004
1696
4477
6969
9829
10692
11902
13361
15656
18005
18731
19989
20103
20914
20333
18121
15587
12451
8987
4088
-687
-4505
-8223
-11945
-14805
-15164
-14746
-14211
-12611
-9899
-7563
-4888
-2105
404
2930
5464
8569
10870
13390
15450
17049
17823
17949
18270
17170
15316
12973
10809
8188
5832
3850
2429
1099
-284
-1136
-1849
-1923
-1878
-2067
-2407
-2548
-2042
-1504
-990
67
1381
2681
3621
5295
6453
7144
7290
7398
7523
7168
6568
5496
4244
3000
1258
-153
-1793
-3275
-4374
-5527
-6077
-7148
-8227
-8747
-8960
-8921
-9071
-8944
-8433
-8490
-7942
-7371
-7417
-7775
-8639
-10192
-11701
-13320
-15890
-18325
-20830
-22422
-22824
-22237
-20053
-15657
-10761
-7774
-3568
780
3844
6093
7743
9810
10574
12371
14157
15852
19241
21790
23410
23387
24118
23165
19874
16080
11237
6274
697
-4652
-9726
-13130
-15713
-18292
-19102
-18317
-17030
-15075
-12249
-9273
-5472
-1385
2633
5994
10064
14621
17620
20281
22667
23770
22901
21329
19624
16856
13062
9647
6118
2951
-41
-2129
-3526
-5054
-5736
-6302
-6420
-5920
-4748
-3520
-1993
-1016
-131
1065
2008
2853
3601
4150
4100
4648
4925
4755
4786
4479
4209
3005
1625
85
-1490
-3006
-4803
-6254
-7690
-8679
-9761
-10318
-9728
-8709
-7960
-7119
-5659
-4350
-4090
-3995
-4156
-4897
-5847
-6603
-7491
-8563
-9870
-11323
-12954
-14812
-17554
-20953
-24100
-27444
-29690
-29856
-28263
-26454
-21939
-13464
-6204
-1351
4524
10962
14291
15975
18252
20058
20379
20985
21557
23254
25354
26649
25627
22914
21282
18387
13219
6572
1041
-3461
-8916
-14545
-17696
-19181
-20567
-20809
-18820
-15258
-11774
-7520
-2441
2591
7973
13065
17261
20254
23490
26533
27100
25856
24410
21411
16380
11714
7944
3468
-1247
-4709
-7086
-9357
-11265
-11993
-12325
-11768
-9879
-7253
-4899
-2117
932
3215
4610
5753
6939
7172
6340
5764
5337
4154
3125
3022
2624
1880
1252
780
-19
-1113
-2069
-3570
-4887
-5903
-6358
-6131
-5279
-3970
-2573
-591
1187
2400
3054
3244
2698
1856
717
-114
-962
-3000
-5058
-6686
-8000
-10033
-12376
-14566
-16350
-17843
-19754
-21308
-22771
-23804
-24912
-25943
-25557
-23484
-20240
-17291
-12052
-1879
7241
11210
14260
19246
21079
19583
18634
18200
16351
13870
12697
13072
15759
16729
15600
12399
10782
9277
4812
-730
-5894
-8608
-11489
-15212
-17431
-16951
-16322
-16152
-13853
-9013
-4542
-400
4391
8740
13015
16449
18453
18154
17906
17933
15806
12149
9314
6522
2367
-1585
-3379
-4436
-6106
-7081
-6841
-6253
-5429
-3810
-2466
-796
2071
5301
7533
9372
11497
13005
12521
11218
10254
9031
6755
4572
3429
2990
2088
752
-172
-1135
-2173
-3122
-3822
-3883
-3592
-2616
-1213
1254
4228
6207
7769
9658
10963
10466
9827
9124
7878
5534
3298
1134
-832
-2521
-4502
-6828
-8373
-8760
-9545
-10082
-10318
-11220
-12022
-12276
-12590
-13297
-13841
-14150
-15022
-15992
-16763
-18334
-20340
-21777
-21098
-17954
-14784
-8628
1187
7469
7908
9102
11526
9238
5499
3990
3882
2991
4034
6617
9955
15286
17930
16721
12717
11011
8641
3823
-982
-4559
-5659
-8216
-11823
-13659
-13740
-15399
-17341
-15504
-10897
-7054
-2588
2935
6520
9741
13572
15861
14241
13365
14028
12488
10684
10509
9791
6823
4369
4309
3697
1732
547
-434
-1117
-1476
-773
-57
673
2571
4583
6154
7495
8523
9056
8465
6934
5527
4569
3635
2215
1104
741
428
-402
-2041
-3627
-4388
-4559
-3921
-2829
-369
2929
5875
8135
10594
11869
10061
7690
5424
3456
991
-1370
-2971
-4734
-6072
-7862
-9000
-9504
-11046
-13042
-13514
-12051
-10979
-10664
-10466
-10297
-9890
-9558
-10473
-12052
-13906
-15556
-16807
-18257
-19596
-20692
-22181
-23760
-22548
-18320
-14169
-7783
3132
10599
11439
11548
12694
9880
4804
3693
4460
3644
5158
9081
14224
19390
21344
19584
13821
9889
6421
1376
-4042
-8527
-10311
-12984
-16392
-18645
-19269
-19794
-21201
-18692
-12071
-4470
4051
12021
17853
22601
26752
28396
25473
22193
20994
18649
15330
13129
11751
8477
4440
2523
1290
-657
-2654
-4324
-5207
-4545
-2708
-653
745
2706
5221
7660
8852
9011
9233
7912
5124
2683
2415
1687
-540
-2131
-2146
-1659
-2694
-4402
-6223
-7444
-7110
-6485
-5561
-2705
939
3431
5681
9113
11933
11132
8907
7336
5468
2733
-557
-3683
-6952
-9765
-12043
-13759
-14094
-14598
-15559
-15227
-12806
-10635
-9547
-8781
-8606
-8740
-8851
-8922
-9879
-11441
-12253
-13298
-13940
-14103
-14824
-16604
-18658
-19884
-19301
-16840
-13635
-7895
2503
11737
13011
11687
11812
9719
4552
1382
1351
1399
2099
5252
10352
16485
20858
20039
14199
8931
6142
2190
-3513
-8437
-10267
-11186
-13346
-14333
-12562
-10466
-10354
-8553
-1573
6977
14929
21364
24838
26670
28476
28428
23920
18237
15549
12959
9701
7816
7071
4546
120
-2465
-3096
-3379
-4132
-4737
-4804
-3566
-935
1721
2920
3678
5690
7795
8848
11198
14131
13091
9390
8194
8491
6101
2039
-1569
-5092
-7908
-9426
-10802
-12684
-12727
-11104
-8912
-4735
1239
6288
8965
11877
15288
16153
15057
12488
8633
4055
-1185
-5455
-9763
-13797
-16762
-18649
-18461
-16491
-14332
-12449
-9755
-5942
-1999
935
2258
2149
1796
894
-1440
-4658
-7164
-8985
-11658
-13711
-12352
-10484
-11379
-13083
-13875
-15786
-18027
-18228
-16872
-13331
-4390
5088
6541
4623
5471
4974
832
-1612
486
2854
4031
7783
14694
22413
26933
25830
19740
12346
7892
3076
-3517
-9514
-11709
-11979
-14339
-15039
-12475
-10280
-10441
-8187
-521
8115
14695
20836
24350
24636
23782
22550
19109
14161
12420
12046
9889
7915
7407
4846
-1189
-6361
-8913
-10952
-12125
-11935
-11096
-9525
-6585
-3034
543
4096
7452
9563
11171
13819
15047
12896
8502
5295
2567
-1275
-5027
-8105
-10963
-12933
-13600
-12540
-11712
-10144
-7132
-3897
677
5885
10467
13790
15457
14771
12231
9516
5329
-1236
-7190
-11679
-14258
-15710
-16166
-15402
-12530
-8601
-5727
-2813
-158
2396
2933
3502
5292
4491
2221
424
-2327
-6279
-9282
-11981
-14603
-16058
-16467
-15567
-15256
-15234
-15203
-17664
-21031
-23760
-25427
-25523
-22293
-11900
2147
10673
13155
13671
13763
10345
7132
7448
8434
8750
9819
13066
18026
22949
23734
18010
8320
596
-3648
-7728
-12260
-13898
-12635
-10771
-10983
-8827
-3991
-3089
-3399
303
8062
15759
23231
29676
30359
29126
28481
25857
19835
12944
9491
5899
1289
120
-1649
-5479
-10134
-12453
-12953
-13087
-10664
-9319
-8761
-5670
-886
3937
7030
10227
13358
14280
15461
17336
15997
11425
7308
2657
-1957
-4954
-8352
-11634
-14315
-15612
-14714
-14269
-13676
-11996
-7387
-2351
3118
9616
14738
18248
17941
16137
13354
8613
3952
-1949
-6541
-9016
-11196
-11263
-10792
-8946
-8019
-6350
-4407
-3021
-1789
-2443
-2566
-3016
-2924
-3884
-5910
-8299
-11618
-13111
-13673
-13282
-12916
-12591
-10911
-9545
-8984
-9561
-13058
-17240
-19862
-23089
-22816
-20222
-12612
715
13033
19033
17001
14946
11387
4922
1039
2730
4577
4753
7291
11759
17598
22271
20645
12020
3476
-1160
-3857
-6678
-5722
-2628
-613
199
1001
4206
4596
155
-2869
-1232
5163
12328
20091
25619
25286
24993
22449
17730
11693
7777
4581
284
-1034
-460
-1914
-6472
-10987
-13342
-13047
-11686
-9747
-7422
-3195
2011
6094
10591
14905
17608
18390
17737
18652
17144
12925
7396
1722
-3460
-7250
-10836
-14183
-16423
-16905
-15133
-12950
-10696
-7304
-2248
2975
8848
15548
19990
21685
21781
19386
14882
9495
4527
-2428
-7930
-10636
-12895
-15139
-16743
-16552
-16443
-14935
-12824
-10013
-6925
-4739
-1587
947
2315
2657
1071
-1583
-5014
-9137
-12039
-13116
-13348
-13583
-12538
-10335
-9770
-11449
-15149
-19530
-23473
-25612
-25097
-21004
-9174
7308
17655
17042
13629
11523
5899
-1322
-1119
2717
4336
6902
11549
18321
25421
27072
20846
9650
1513
-1129
-3645
-4840
-3654
-89
965
-1080
-176
531
-1953
-8193
-10593
-4500
4096
14091
22173
25795
25208
23840
21513
13856
7597
4981
2310
-1536
-3173
-2708
-5728
-11710
-16060
-16508
-15018
-12282
-7657
-3491
1218
7875
12723
13143
13144
13506
11260
8735
8273
8168
4881
38
-2823
-4766
-7639
-10765
-13358
-15321
-15435
-12517
-9755
-6115
-1435
3662
7924
11285
15999
19451
20450
18832
16773
14053
9042
3761
-1848
-6618
-10876
-14144
-16886
-18615
-17017
-13547
-10893
-8631
-4979
-649
2702
4832
6753
6625
4950
2637
-1149
-4638
-8672
-12264
-14500
-16995
-18358
-17799
-16290
-15554
-14574
-14495
-16342
-19391
-22686
-23246
-20308
-12669
4192
18734
19924
15522
12247
7643
507
-1357
3668
6707
7512
10786
15935
23052
25834
23177
11742
1458
-1377
-2398
-2583
-2652
1128
2572
-1448
-4178
-4429
-6460
-12313
-15783
-9571
961
12021
22463
28212
26872
22564
19235
13338
7112
4853
5412
3334
514
799
-1781
-8315
-14332
-17083
-17078
-13411
-7909
-2413
1997
5695
8506
8159
7022
6369
5718
5366
7458
9987
10076
7419
4900
1711
-2724
-7541
-10882
-12654
-13429
-10735
-7722
-5035
-1256
3786
6481
8713
12083
14370
16650
17136
16793
13875
9644
4764
-1935
-9091
-13830
-16951
-20884
-21032
-17880
-12673
-8090
-5114
-3454
-1970
-962
561
1428
720
-602
-1812
-3447
-6639
-10597
-14606
-17423
-20943
-22511
-19826
-15511
-12005
-9051
-7247
-8686
-11033
-14266
-19037
-21135
-18403
-8794
7489
19683
19336
12926
6798
-161
-6242
-4075
3550
7699
10723
12417
16617
22941
24761
19370
7458
225
-1583
-875
2266
5115
7335
4546
-2148
-7093
-8664
-11735
-16332
-17052
-9530
2526
14546
25745
29516
26076
20387
15789
11088
7840
9593
10146
7203
5689
4556
-292
-6632
-10986
-12511
-11518
-7577
-1952
2529
5573
5544
4144
2567
1632
2302
4882
9206
13476
17017
17865
14815
10009
3075
-3597
-8630
-11419
-11264
-8782
-4479
-1248
-1382
-1214
-503
1613
3475
6059
10136
13709
16189
14386
10809
4793
-2475
-9858
-14097
-16664
-17763
-16994
-13651
-10264
-7655
-5700
-6631
-8093
-8842
-7303
-5151
-3194
-1895
-2210
-3209
-6116
-10285
-14484
-18192
-19941
-21198
-19265
-14737
-9801
-7351
-9093
-12453
-16400
-20865
-24876
-24336
-20264
-10702
7380
19507
17779
10515
4550
-792
-7657
-3772
7656
14321
18233
19415
21431
24485
25075
19569
8031
2442
2082
3536
6771
8644
9393
3840
-5365
-12614
-13770
-14248
-17473
-16521
-8513
2454
13337
23433
28180
24592
20444
18136
15091
14892
19515
21196
15317
10165
6153
-1138
-9539
-15231
-16543
-14354
-9707
-5034
-1196
2270
2357
-345
-1899
-512
4190
9239
14134
20733
24083
22183
16064
10014
3473
-2829
-6974
-9035
-8488
-6668
-3616
-4211
-7971
-10041
-11095
-10632
-6116
1245
7800
12269
15868
16000
12292
6987
469
-4926
-7511
-6777
-5262
-4992
-4612
-5167
-6690
-9141
-11175
-13198
-14276
-11744
-7133
-3536
-1330
-482
-3395
-7773
-11866
-14961
-16509
-16879
-16434
-14714
-11201
-6266
-4368
-6369
-10842
-15868
-20420
-21601
-18006
-11978
474
16549
20905
13533
5278
-626
-7537
-11251
-486
11913
19213
22297
19706
20130
21357
18450
12369
3247
2052
2933
5137
6823
7439
5673
-3854
-14001
-20007
-17476
-15625
-16182
-12108
-3965
4393
11798
16562
17353
14768
14603
15922
17288
21129
25573
23839
15981
7603
134
-7975
-14105
-16283
-14397
-9658
-4991
-2638
-3492
-4999
-6650
-8443
-8104
-2798
5510
12477
17846
22984
23288
16579
7956
2419
-215
-2308
-3158
-1867
-1336
-2246
-5263
-10464
-15829
-18288
-17180
-13434
-7328
1279
6987
9288
12154
13071
9767
5205
1452
-975
-1540
-826
-1809
-5519
-9290
-12523
-14476
-16183
-18219
-17738
-15124
-11747
-8084
-5025
-3100
-4803
-7862
-10394
-11448
-11300
-10474
-10366
-12558
-14373
-12998
-10620
-10461
-10664
-11090
-14921
-15995
-11941
-5405
7048
17360
14880
5445
-1259
-5167
-9282
-6781
4367
13081
18468
18978
16966
19116
21938
20377
15515
11102
10007
8987
9693
7683
3189
-1825
-9598
-16787
-18198
-13334
-10294
-9765
-6559
-2471
2113
7234
7970
6420
6721
13110
19757
23899
29084
31633
26655
17980
10177
3843
-1994
-5843
-7149
-5561
-2681
-1899
-5019
-11202
-16156
-18116
-15321
-10954
-4260
4698
11693
14363
16781
18406
15388
9804
7220
9397
9539
9257
9577
6910
774
-5890
-12136
-16405
-16475
-14314
-11448
-8107
-3090
227
1209
1650
3931
6104
5701
4949
4454
3493
2275
462
-2387
-6877
-9152
-7856
-7858
-9543
-10206
-9838
-10760
-12396
-11686
-8901
-9543
-12835
-13899
-12540
-11945
-11820
-13197
-15920
-17758
-18009
-17394
-16867
-13497
-9887
-7788
-6781
21
13547
19085
11199
2208
-3907
-7204
-7023
473
10443
13755
14228
9803
6641
11581
17514
19725
16642
13891
14562
13861
11541
5966
59
-7356
-14639
-15465
-10470
-5550
-2745
-1804
-194
588
4744
9296
8901
5419
5658
11065
16646
23609
29543
31112
27635
22424
17248
13048
10738
8238
4600
2625
1673
269
-4294
-10851
-15747
-18413
-18439
-14676
-7365
-223
3736
6265
8278
9665
9281
9088
11226
13319
15103
15177
13022
9477
6018
1663
-4269
-8051
-8060
-6445
-6988
-7190
-7349
-8347
-8514
-6837
-3247
-1754
-1171
-375
1199
60
-2568
-5277
-6838
-7321
-6763
-5250
-4090
-4360
-6877
-9594
-10557
-11880
-15302
-16690
-15898
-16741
-17561
-16499
-15393
-16331
-17940
-18454
-19881
-20968
-21326
-19648
-18634
-14732
-7515
-2070
7060
17475
17335
7262
-1032
-3162
-3012
286
9700
15171
13875
8243
894
-690
4704
11011
14694
14704
14874
14249
11849
7136
763
-6094
-12388
-15729
-14204
-9163
-5178
-2505
-1880
-704
1399
7487
12089
10658
7481
7634
10027
12186
14332
18623
22375
23253
21047
17614
15640
13486
11404
9025
6844
4566
351
-5300
-9575
-10903
-11463
-13315
-15198
-13759
-10615
-7463
-5207
-1573
1874
4665
7447
10743
14783
15730
12903
9217
7368
7178
7052
6153
5360
3113
-541
-4582
-6560
-7705
-8892
-10355
-10492
-9217
-8107
-8965
-11911
-13044
-11905
-10428
-7985
-5520
-4108
-3767
-4886
-6157
-5233
-2517
-1790
-2059
-3341
-4775
-6603
-12117
-19009
-22049
-21240
-19989
-19095
-19089
-19290
-21180
-24788
-27424
-24923
-18030
-11201
-1254
11404
16388
9875
2513
1111
4719
10649
21084
28923
28538
21020
11693
7727
11430
17295
20667
20409
16252
12281
7948
3479
-1348
-3745
-6556
-11082
-12848
-12412
-14278
-15565
-14289
-7555
569
9472
17050
19326
18659
18413
19494
20647
21448
21477
19869
17907
17382
15733
13601
13213
13737
13380
12815
12150
6867
-1369
-7963
-9370
-7519
-4174
-3745
-6439
-11056
-16009
-17571
-14560
-9058
-3334
2164
5615
6565
6828
7790
7401
7432
10293
13479
13645
12970
11525
7995
2823
-1758
-4038
-3466
-2219
-3042
-5885
-8172
-10953
-16076
-18684
-18150
-16486
-15607
-15241
-14388
-11339
-8261
-7081
-6419
-3109
1141
2062
1549
1232
350
-946
-2974
-6802
-12104
-16609
-20335
-24340
-26899
-27286
-27308
-28374
-27044
-23846
-15960
-3757
3268
-16
-5644
-5760
-627
6386
16076
24706
27645
25050
19021
16587
22076
29876
31116
27774
22681
18317
14636
13037
8663
1952
-5714
-14215
-21313
-23407
-22417
-21911
-21143
-18408
-13208
-8563
-3871
-1098
276
5350
16619
27217
32206
32387
29513
23030
17373
15489
16974
19144
19761
19645
18239
15464
10178
3536
-1434
-3571
-2668
-1061
-2116
-5064
-9218
-14135
-16436
-15149
-11881
-10875
-9246
-5615
-3502
-4349
-5058
-2979
-274
3499
6941
7818
7865
9464
9687
8995
8636
9960
9514
6821
3696
2302
2193
1364
-668
-3831
-8074
-13303
-18238
-21515
-22170
-21229
-20729
-22004
-22390
-19940
-16211
-14548
-12925
-9156
-5219
-3833
-3313
-2557
-3034
-4452
-5963
-7177
-9042
-12239
-16990
-21724
-24156
-23131
-15443
-6118
-3064
-6528
-9293
-10150
-7671
-2381
3970
7280
8486
7303
6506
10733
21018
29078
31852
29193
24127
21402
21578
22607
20671
17108
10664
2066
-6318
-12744
-19070
-23654
-25145
-24131
-20147
-15546
-13207
-14323
-14438
-10076
-780
8058
14401
18180
21908
23882
26041
27612
28002
25779
22069
20040
20024
21487
21813
19212
14127
10041
7197
4986
1849
-1110
-3485
-5647
-7837
-10370
-11986
-12937
-13025
-11013
-7671
-6391
-6636
-5598
-4682
-4930
-4948
-2965
-405
2426
5555
7621
7713
6915
6162
6385
8685
11160
11601
9663
7972
6088
3456
706
-1315
-3659
-6682
-10046
-14342
-19840
-24381
-26197
-26486
-26017
-24970
-23518
-22754
-23072
-23451
-21548
-17719
-15017
-14308
-14496
-13967
-12811
-9318
-6853
-2719
3482
5492
145
-5260
-3676
2213
7645
12829
14397
12141
6999
3449
3387
7553
13042
14381
12834
10047
11268
15834
20536
21256
18970
14296
9016
5053
3271
995
-2791
-5244
-8729
-14135
-19513
-20590
-20708
-20480
-17016
-9383
-2137
88
984
3303
8497
15112
22228
25204
25345
25579
26816
26997
26237
25646
23169
19574
15717
13517
12291
10180
7579
5857
4728
2040
-1437
-6251
-10717
-13829
-13551
-12107
-10922
-11183
-10854
-8112
-4168
-1286
-307
-74
-9
656
1816
2132
2614
3647
4130
3135
2960
3105
2403
578
767
2184
2690
2095
1475
829
-1092
-3656
-6772
-10442
-13946
-14447
-14041
-15558
-18806
-23023
-26876
-29837
-31216
-31084
-29108
-27009
-26751
-28190
-27489
-25988
-23408
-17191
-10574
-7795
-8234
-4689
3557
9916
14547
17370
16152
13444
13866
19285
24511
28203
28129
23993
16839
12988
13397
16265
16750
14175
9800
5183
2646
1291
426
-1310
-3203
-5053
-7651
-11973
-15134
-15726
-15903
-15452
-15145
-13478
-13584
-13806
-12929
-7606
1083
8532
11994
12907
15324
19609
24482
28835
31748
32335
30421
28623
28315
28057
25953
22236
17548
12552
9211
6883
4718
1725
-1849
-4889
-7792
-11378
-13928
-16037
-17860
-18603
-17682
-16445
-15682
-12785
-7947
-2920
771
3676
5125
5626
5446
5967
6925
7261
6954
6601
6087
5124
3539
1632
154
-172
-219
-1232
-2673
-4794
-7689
-10659
-13996
-17144
-20058
-21773
-23310
-25492
-27472
-28604
-29459
-30677
-32223
-30447
-24919
-20841
-21619
-23737
-21598
-15959
-9394
-3517
211
1146
2363
5974
12901
21335
29541
32278
29503
25731
26426
29610
32154
31300
28246
22819
16437
11379
8541
5815
2193
-1110
-4674
-8900
-13160
-15465
-17354
-19285
-19195
-18140
-17219
-16988
-15587
-13427
-10914
-8396
-6395
-5010
-2716
546
5118
9466
12833
15338
17782
20672
23472
26191
28248
27976
26417
25832
26485
27215
26948
24351
19057
12951
8235
5192
2207
-81
-2977
-6093
-10509
-14517
-17679
-19107
-18440
-16844
-15911
-16382
-16850
-17431
-15605
-12111
-7833
-4591
-964
2553
5332
8090
10210
10882
10249
10044
8073
5247
3705
3900
3626
2118
-1540
-6245
-9984
-11905
-12946
-14451
-17359
-21005
-24207
-26442
-27821
-26467
-24712
-25565
-27790
-27489
-23928
-20408
-16633
-12982
-10388
-8978
-7438
-3865
297
5743
10649
13041
13558
14949
19634
24469
28488
29474
27550
24090
23181
23981
25045
24701
21870
16784
10287
3918
-1102
-4449
-6387
-8214
-10222
-13533
-17749
-21336
-22302
-21070
-18380
-16991
-17371
-18455
-16704
-12851
-8181
-3790
-402
1685
3458
5951
10056
14395
18186
20782
21802
22210
23037
24776
26709
27845
27609
25611
22375
19464
17349
15852
14021
11792
7946
2716
-2367
-5179
-5815
-7415
-10585
-14429
-17369
-18718
-18417
-17168
-16478
-16461
-16320
-15615
-13598
-10318
-6698
-4517
-3319
-1764
702
3282
5249
7402
10568
12974
12382
9659
6936
3663
511
-1814
-4156
-6881
-10956
-15152
-19410
-21520
-22464
-22107
-22917
-25870
-28657
-29144
-26453
-23576
-19934
-16733
-14994
-14776
-12683
-7843
-1004
4219
8188
9982
11845
13419
17192
20917
23478
24161
23954
23506
23372
24710
23855
21706
18880
15665
11465
7631
5379
3775
2005
-1404
-5602
-9518
-11811
-13891
-14638
-14585
-14461
-14651
-14672
-14307
-13124
-10823
-9865
-8635
-6541
-3666
-1693
866
3625
5635
7329
9731
12837
16132
18826
20658
21052
21402
21470
21880
21349
21199
20720
20109
17760
15911
14507
12524
9475
7496
6167
4484
1497
-1771
-4995
-7917
-9630
-11399
-12564
-13218
-14206
-15573
-16069
-14888
-13243
-11814
-10738
-9614
-8378
-6345
-3330
-630
1289
3049
3838
4696
5258
5989
5060
4502
3970
2674
902
-976
-4112
-8994
-12615
-15555
-16608
-18366
-19488
-21538
-21602
-20904
-20412
-19607
-18068
-16801
-14634
-11675
-7815
-3989
61
3481
5882
8252
11060
14748
17985
21021
21840
22916
23363
23993
23182
21977
20318
18339
16337
15052
13775
10800
6235
1235
-3346
-6750
-9233
-11606
-14899
-17637
-19307
-19799
-19673
-18903
-17629
-15654
-14172
-12220
-10251
-7649
-4910
-1541
1967
4417
6077
7484
9241
11568
14910
16897
16974
16380
16643
18220
20226
21455
20630
18522
16752
15644
14728
14264
13198
11334
8177
5441
3094
1825
548
-731
-3287
-6015
-8178
-9465
-10080
-11652
-12909
-13838
-14577
-15706
-15869
-14814
-13056
-11249
-10624
-10746
-10906
-9984
-8970
-6617
-4097
-1251
-107
95
-604
-634
-945
-2052
-3480
-4851
-5936
-7132
-6569
-8154
-11344
-15968
-17430
-17773
-17340
-16669
-16131
-17503
-17777
-16544
-12756
-8603
-4034
-760
970
2550
6050
11142
15211
18748
19590
19777
18792
19692
21031
21676
20909
19127
16785
14239
11910
10008
8472
6374
3575
544
-2054
-4245
-6968
-9571
-12446
-14800
-16841
-18620
-20269
-20102
-19425
-18509
-17506
-15978
-13495
-10543
-6206
-1522
1985
4774
7429
10168
13064
16164
18388
19758
20281
20866
20895
20986
21177
20676
19362
18187
18448
18206
17014
15116
12668
10039
7963
6686
5257
3344
522
-2690
-5885
-8170
-10161
-12110
-13450
-13740
-13319
-12951
-12776
-13083
-13371
-13500
-12765
-11394
-9611
-8650
-8280
-8250
-8561
-8664
-8091
-7521
-6925
-6030
-6309
-6562
-6243
-5228
-4769
-2972
-2272
-3110
-5836
-7599
-7469
-7212
-7655
-7972
-8961
-10715
-12767
-12429
-9324
-5048
-1615
-126
-146
15
2678
7198
12140
14858
16436
16892
18396
21237
23443
24065
22657
20174
17958
16442
15577
14139
12007
8359
4124
189
-2894
-6274
-9082
-10381
-10081
-10248
-11925
-14688
-16497
-17176
-16273
-14519
-13315
-13076
-12659
-11364
-8783
-6076
-3166
-1392
290
2457
6492
11058
14909
17063
17736
18663
20053
22065
23376
24009
23323
21748
19507
17331
15845
15060
14757
13705
12142
9676
7124
4472
2144
39
-2266
-4120
-6177
-7318
-8484
-9876
-12080
-13976
-15220
-15237
-14984
-14436
-13575
-13040
-12363
-12214
-12082
-11812
-9817
-7917
-6585
-6266
-6709
-7765
-8800
-8879
-8336
-7944
-6509
-6127
-6508
-7547
-7917
-7830
-7345
-6511
-5775
-5495
-5374
-5213
-4359
-1771
1249
3423
3186
2593
1919
4215
7907
12358
14206
14107
13092
12413
13372
14685
15935
15886
14987
13999
13159
13349
13307
12666
10261
6977
3472
1323
-253
-1522
-2850
-5141
-8122
-11238
-14030
-16092
-17046
-16709
-16173
-15422
-14632
-13528
-13225
-11808
-9367
-6325
-3452
-1192
938
2856
5501
8032
10223
11741
13512
15151
16619
17421
17899
18122
17958
17858
18380
19006
18699
17417
15461
13125
10445
8304
6603
4829
3253
1508
-812
-3631
-5790
-7684
-9289
-10579
-11303
-11934
-12662
-13699
-14410
-14885
-14824
-14533
-14559
-14206
-13677
-12884
-12316
-11718
-12165
-13326
-14139
-13305
-11722
-10097
-8888
-8052
-7871
-7690
-7568
-6665
-6448
-6698
-6805
-6562
-6404
-5209
-4183
-3686
-3267
-2410
-660
788
3273
5327
7678
9938
13264
16307
18063
18539
18054
17578
17340
17523
17262
16749
15832
14460
12263
9896
7695
5389
2991
984
-87
-1226
-1937
-3467
-5145
-6694
-6997
-7230
-7975
-9029
-9853
-9996
-9682
-8883
-7992
-7526
-7588
-7974
-7540
-6520
-4947
-3250
-1117
1256
3824
5644
6422
7252
8680
10878
12313
13428
14286
15415
16489
16919
16428
15861
14977
13598
12594
11590
11157
10059
8406
5872
2819
228
-1808
-2958
-4341
-5590
-7572
-9702
-11504
-12100
-12370
-12735
-12682
-13085
-13308
-13739
-13470
-13360
-12702
-11970
-11224
-11044
-11782
-11997
-11971
-11206
-10451
-9339
-9104
-8828
-8936
-8679
-8250
-7684
-7101
-6940
-6289
-5240
-3398
-2239
-1764
-1864
-2377
-1661
427
2980
5225
7096
7993
8110
8267
9265
11121
13211
15083
15858
16371
16206
16638
17052
17295
16387
14147
11728
9339
6894
4893
3533
2161
569
-1422
-3725
-6397
-8696
-9748
-11028
-11669
-11510
-10680
-10410
-10435
-9957
-9155
-8425
-7793
-6869
-5192
-3092
-1400
196
1501
2286
2594
2670
2765
2664
3067
3692
4300
4842
5403
5751
5577
5298
5612
6635
7377
7659
7748
7903
8080
7385
6313
4964
3358
1918
833
65
-500
-882
-1222
-2080
-3240
-4416
-5182
-5558
-5358
-5000
-4961
-5101
-5772
-6356
-7078
-7630
-8243
-8145
-7499
-7100
-7134
-7085
-6977
-6841
-6555
-6302
-6012
-6070
-5531
-4545
-3956
-4224
-4984
-5783
-6389
-6520
-6376
-6230
-5942
-5653
-5344
-4472
-2846
-746
717
1499
1926
2965
4394
6084
7578
8618
9108
9218
8952
8952
9159
9729
10125
10264
10669
10975
10431
9200
8335
7218
6087
4786
3593
1858
299
-856
-1718
-2438
-3478
-4605
-6149
-7119
-7103
-6350
-5552
-4717
-4106
-3730
-3139
-2110
-1228
-232
881
1913
2669
3943
5317
5970
6018
5984
5987
5808
5463
5227
4964
4775
4932
4976
4856
4179
3287
2846
2966
3070
2981
2725
2371
1818
1291
693
66
-402
-696
-749
-612
-563
-826
-1483
-2441
-3332
-3978
-4742
-5505
-6020
-6559
-6762
-7449
-8038
-8759
-9391
-9225
-8628
-8247
-8329
-8227
-7754
-6992
-6407
-6020
-6179
-6127
-5422
-4413
-3560
-3063
-2893
-2667
-2545
-2124
-1469
-850
-893
-1125
-811
191
1225
1913
2824
3936
5203
6292
6779
6897
6969
7647
8657
9313
9574
9185
8238
6962
5914
5474
5136
4752
4733
4642
3883
2750
1355
-248
-1261
-1471
-1269
-1747
-2208
-2770
-3168
-3136
-2551
-2386
-2429
-2636
-2645
-2076
-1126
-184
429
816
846
1005
1677
2714
3888
5039
5630
5555
5474
5533
5475
5266
5014
5159
4906
4446
3786
3246
2471
1723
994
-56
-1328
-2301
-2662
-2340
-1951
-2086
-2354
-2453
-2273
-2092
-1657
-1305
-899
-1088
-1562
-1746
-2060
-2814
-3907
-5030
-5886
-6149
-6514
-6844
-7304
-8073
-8577
-8884
-8800
-8470
-8117
-7827
-7991
-8333
-8595
-8683
-8680
-8233
-7325
-6456
-5522
-4650
-3765
-3181
-1997
-439
1069
2233
3072
3653
3501
3237
3381
3863
4647
5506
6237
6988
7096
7089
7429
8025
8819
9163
9378
9121
8739
8741
8583
8144
7010
5553
3880
3109
3357
3766
3659
2945
1824
585
-12
-347
-436
-500
-172
-141
-272
-64
76
17
-64
317
586
794
1039
1239
1074
1189
1548
2161
2844
3179
3503
3759
3827
3997
3833
3558
3145
2978
2599
1773
707
-124
-809
-1530
-2250
-3143
-3864
-4597
-4922
-5296
-5598
-6178
-6839
-7173
-7092
-6595
-6201
-5917
-5941
-6073
-5885
-5391
-5010
-4775
-4696
-4824
-4944
-4684
-4686
-4693
-4958
-5564
-5866
-5923
-5499
-5068
-5214
-5647
-6240
-6574
-6657
-6292
-5824
-5445
-5067
-4562
-3657
-2649
-1740
-693
334
1112
1767
2877
4138
5174
6292
7049
7314
6931
6282
5795
6014
6733
7356
7583
7313
6500
5991
5786
5670
5488
5237
4800
4513
4601
4612
4580
4177
3559
2785
2137
1701
1674
1659
1544
1420
1320
986
861
948
1082
1317
1328
1374
1071
759
888
1325
1698
2466
2884
3082
3364
3628
3916
4333
4533
4483
4667
4694
4123
3244
2638
2571
2256
1886
927
-466
-1613
-2219
-2686
-3172
-3656
-4205
-4741
-5251
-5404
-5636
-6133
-6763
-7082
-7052
-6738
-6544
-6469
-6293
-5853
-5340
-4772
-4156
-3689
-3380
-3271
-2919
-2487
-2291
-2448
-2689
-2979
-3185
-3402
-3877
-3953
-3855
-3588
-3617
-3769
-3636
-3217
-3025
-3037
-2819
-2426
-1588
-623
660
1754
2366
2758
3296
3977
4646
5174
5534
5806
6367
7037
7215
6810
6273
5923
5788
5797
5482
4889
4128
3423
2973
2806
2523
2421
2178
1458
937
954
1420
2109
2461
2184
1534
971
615
664
952
925
759
668
635
630
855
962
811
747
927
1145
1335
1488
1220
853
881
1221
1608
1554
1481
1416
1097
958
713
511
366
75
-108
-504
-993
-1550
-2063
-2483
-2693
-2650
-2793
-3545
-4541
-5080
-5403
-5570
-5711
-5873
-6131
-6468
-6689
-6785
-6817
-6673
-6282
-5705
-5308
-4692
-4146
-4053
-4382
-4579
-4379
-3871
-3592
-3562
-3545
-3640
-3591
-3689
-3711
-3371
-2844
-2605
-2513
-2678
-2546
-2269
-2088
-1580
-1131
-456
352
1043
1690
2489
3338
3830
4696
5853
6871
7223
7188
6986
6518
6490
6658
6733
6783
6716
6536
6197
5982
5665
5344
5313
5003
4721
4175
3758
3391
3004
2567
2015
1551
1380
1444
1685
1701
1815
2001
2299
2597
2577
2494
2004
1430
1150
1265
1424
1529
1391
1196
1047
1182
1371
1258
907
530
276
347
743
864
570
-163
-1043
-1481
-1584
-1460
-1433
-1667
-2365
-3100
-3826
-4147
-4180
-4696
-5027
-5613
-5871
-6258
-6266
-6319
-6697
-6633
-6527
-6216
-6064
-5958
-6001
-6154
-6121
-5814
-5557
-5347
-5178
-4723
-4195
-3767
-3177
-2908
-2970
-3061
-2897
-2444
-2054
-1733
-1348
-1035
-867
-857
-596
-431
-663
-742
-409
-91
507
1129
1648
2097
2575
2958
3406
4197
5352
6347
7017
7468
7761
8099
8378
8806
8845
8573
8260
7607
6972
6673
6304
5962
5310
4939
4917
4763
4254
3380
2694
2183
1892
1957
2247
2424
2391
1786
1437
1639
1940
2092
2276
2455
2696
2966
3252
3511
3566
3519
3406
3405
3380
3332
3119
3086
3144
2992
2952
2990
2746
2498
2167
1854
1678
1541
1374
1029
465
-127
-598
-937
-1287
-1419
-1618
-1970
-2421
-2840
-3244
-3772
-4166
-4644
-4836
-4666
-4653
-4697
-4842
-5223
-5736
-6182
-6471
-6420
-6356
-6504
-6845
-7163
-7441
-7504
-7562
-7338
-6820
-6365
-5888
-5414
-5255
-5013
-4703
-4545
-4107
-3892
-3560
-3239
-2937
-2557
-2313
-2052
-1771
-1261
-901
-194
572
939
1109
1143
1263
1716
2743
4051
4978
5512
5758
5899
6273
6840
7506
8172
8466
8074
7503
7122
6915
6291
5581
4834
4227
3672
3046
2420
2006
1628
1046
900
657
610
215
-230
-515
-576
-477
-413
-350
-224
1
27
159
366
567
743
1262
1752
2224
2243
2244
2277
2355
2565
2411
2512
2495
2615
2784
2554
2014
1370
645
-51
-582
-967
-1182
-1714
-2258
-3031
-3668
-3738
-3933
-4142
-4354
-4323
-4565
-4859
-4947
-4900
-4737
-4635
-4377
-4420
-4670
-5006
-5105
-5094
-5173
-5109
-5332
-5698
-5971
-6104
-6247
-6278
-6260
-6204
-6004
-5904
-5440
-4981
-4539
-4230
-3630
-2936
-2117
-1362
-873
-284
201
561
852
1231
1781
2163
2644
3076
3374
3680
3963
4244
4566
5296
6077
6526
6789
6826
6875
6999
7220
7503
7754
7757
7367
6872
6311
5833
5509
5012
4423
3814
3104
2508
1903
1321
1123
865
341
-205
-453
-343
-338
-607
-638
-488
-464
-310
170
824
1246
1471
1532
1565
1770
2206
2524
2777
2947
3093
2764
2430
2226
1600
1373
1059
617
-220
-1157
-1849
-2219
-2477
-2991
-3520
-4181
-4937
-5405
-5421
-5582
-5752
-5914
-6240
-6196
-5905
-5607
-5227
-5122
-5127
-5140
-4810
-4242
-3639
-3136
-2904
-2786
-2696
-2567
-2499
-2659
-2661
-2715
-2907
-3110
-3078
-3022
-3123
-3079
-3140
-2944
-2775
-2579
-2348
-2182
-1808
-1206
-363
447
1278
1681
1995
2435
2893
3183
3406
3752
3917
4277
4765
5075
5291
5480
5314
5243
5327
5341
5512
5475
5033
4498
4179
3859
3411
3005
2505
2150
2069
1751
1096
772
478
334
199
-213
-528
-1074
-1291
-1433
-1789
-1913
-1898
-1611
-1203
-605
-25
203
395
947
1577
2308
3019
3627
4110
4505
4814
4730
4637
4496
4119
3868
3498
2878
2400
1818
1353
1023
448
-357
-1209
-1848
-2250
-2633
-2957
-3265
-3312
-3476
-3752
-3981
-4014
-3994
-3960
-3988
-4125
-4149
-4247
-4002
-3752
-3527
-3328
-3129
-3148
-3192
-3037
-3054
-2972
-2894
-2931
-2910
-3053
-3012
-3180
-3289
-3435
-3631
-3856
-3898
-3589
-3125
-2746
-2417
-2246
-2168
-2008
-1530
-1009
-450
-37
243
667
1139
1639
2137
2449
2805
3164
3368
3623
3626
3773
3795
3690
3685
3744
3450
3441
3347
3194
2974
2582
2173
1584
1230
920
587
186
-231
-434
-690
-769
-753
-1061
-1143
-981
-856
-730
-556
-292
-37
48
211
521
912
1334
1853
2178
2497
2785
2783
3089
3229
3240
3434
3550
3714
3583
3457
3135
2803
2609
2170
1769
1326
873
437
232
-243
-601
-976
-1373
-1566
-1860
-2026
-2403
-2882
-2850
-2709
-2737
-2534
-2329
-2319
-2311
-2069
-1724
-1416
-1124
-948
-751
-701
-715
-997
-1246
-1578
-1875
-2214
-2451
-2711
-2838
-2728
-2749
-2894
-3038
-3023
-3090
-3074
-3023
-3051
-3078
-2978
-2670
-2320
-2304
-2263
-1964
-1577
-1219
-816
-441
63
595
1140
1453
1624
1705
2033
2468
2671
3071
3309
3403
3300
3086
2963
2712
2535
2457
2277
2003
1589
1261
999
770
559
111
-358
-666
-811
-893
-828
-796
-786
-874
-940
-816
-757
-546
-299
-220
-242
-232
-111
-164
-34
244
382
705
678
695
618
639
845
882
957
1070
1115
966
717
418
187
70
78
-188
-319
-436
-764
-1151
-1717
-2069
-2261
-2603
-2810
-2831
-2928
-2966
-3035
-2941
-2885
-2589
-2344
-2392
-2294
-2108
-2087
-2197
-2275
-2609
-2560
-2463
-2457
-2481
-2895
-3218
-3568
-3687
-3824
-4001
-4116
-4298
-4619
-4794
-4851
-4763
-4435
-4105
-3742
-3453
-3125
-2679
-2185
-1501
-969
-481
39
357
768
1273
1886
2562
3209
3781
4268
4679
4869
4924
4995
5011
4944
4994
5329
5564
5818
6112
6396
6401
6138
5941
5534
5267
4907
4561
4312
3936
3533
3052
2508
2183
2058
1689
1242
922
582
408
413
265
420
500
254
107
-171
-298
-255
-161
-153
47
128
216
186
305
407
654
773
920
1051
870
965
1008
922
856
947
858
963
819
547
201
-386
-872
-1272
-1534
-1563
-1735
-2039
-2279
-2597
-2657
-2770
-2948
-3092
-3283
-3428
-3339
-3171
-3166
-3348
-3425
-3422
-3462
-3455
-3452
-3661
-3938
-4023
-4080
-3946
-3882
-4042
-4279
-4765
-5026
-4941
-4934
-4723
-4631
-4314
-3995
-3401
-2813
-2267
-1858
-1761
-1412
-950
-345
174
643
817
1095
1439
1794
2391
2988
3631
3967
3976
3884
3754
3756
3817
3926
3725
3854
3744
3602
3687
3524
3463
3364
3152
2735
2467
2314
2059
1763
1592
1769
1701
1528
1306
963
854
789
750
677
465
246
55
-188
-388
-483
-339
-236
-191
-98
7
-12
-92
2
139
277
564
827
895
1169
1323
1352
1536
1381
1286
1243
1086
1083
1022
1076
1189
1129
1004
832
638
619
439
131
-52
-392
-732
-1097
-1376
-1595
-1456
-1562
-1896
-2166
-2453
-2503
-2639
-2815
-2949
-3303
-3365
-3594
-3772
-3736
-3727
-3660
-3560
-3464
-3575
-3624
-3280
-2818
-2359
-2040
-2044
-2089
-2019
-1668
-1135
-667
-338
-205
51
236
596
977
1160
1301
1396
1564
1746
1891
1976
1797
1640
1549
1388
1242
1038
1135
1194
1050
759
738
700
830
935
909
1008
1036
990
995
1066
1283
1180
1238
1457
1569
1688
1654
1632
1575
1502
1314
1314
1039
873
686
624
540
328
-139
-405
-530
-653
-761
-881
-856
-747
-336
-214
138
336
442
448
378
591
817
1168
1491
1360
1323
1257
1350
1665
1666
1479
1125
1038
967
957
914
623
300
-42
-300
-597
-875
-1158
-1688
-2185
-2256
-2215
-2311
-2472
-2688
-2851
-3085
-3210
-3189
-3277
-3516
-3875
-4119
-4152
-3967
-3864
-3689
-3668
-3328
-2948
-2656
-2280
-1837
-1632
-1620
-1257
-937
-341
-181
70
176
230
473
529
781
916
1045
1118
1178
1142
1147
930
429
11
-263
-497
-476
-498
-652
-737
-897
-1070
-1020
-949
-791
-668
-603
-344
-161
165
583
837
969
1165
1294
1360
1438
1446
1563
1828
2041
2217
2280
2354
2371
2431
2522
2642
2768
2587
2402
2004
1569
1384
1322
1144
1044
917
975
1039
957
883
765
769
651
759
884
1001
929
879
879
767
837
778
633
466
310
65
-27
-137
-119
-123
-388
-599
-820
-961
-1241
-1544
-1740
-1951
-2075
-2275
-2436
-2491
-2530
-2793
-2908
-2951
-2936
-2809
-2594
-2354
-2330
-2317
-2286
-2378
-2510
-2418
-2238
-1931
-1680
-1512
-1476
-1434
-1315
-937
-731
-562
-516
-415
-506
-534
-437
-409
-604
-720
-795
-674
-432
-224
132
313
71
-118
-83
-211
-267
-357
-362
-296
-96
73
142
97
273
400
523
749
846
1083
1235
1244
1220
1407
1591
1681
1855
1956
2060
1941
1951
2096
2215
2293
2279
2496
2611
2664
2585
2752
2912
2830
2787
2816
2843
2979
3007
3101
3130
3078
3065
3142
3115
3187
3168
3244
3283
3312
3244
2996
2794
2540
2440
2216
1894
1391
925
506
288
104
24
-231
-454
-920
-1206
-1577
-1776
-1802
-1946
-1762
-1922
-1819
-1944
-1947
-1728
-1453
-1446
-1414
-1300
-1133
-907
-644
-308
-106
-11
29
38
-245
-284
-201
-40
-153
-130
-66
-338
-598
-909
-1230
-1339
-1342
-1377
-1393
-1379
-1258
-1189
-1329
-1359
-1344
-1414
-1498
-1559
-1629
-1694
-1785
-1856
-2107
-2171
-1996
-1964
-1826
-1801
-1728
-1550
-1460
-1211
-1023
-802
-659
-576
-411
-266
-122
29
62
-48
-61
-41
17
278
364
543
612
700
781
965
1240
1295
1409
1640
1815
1852
1925
1871
2004
1815
1867
1881
1893
1831
1715
1676
1830
2061
2105
2252
2323
2211
2069
2048
1937
1869
1668
1508
1452
1392
1228
1081
924
676
314
114
-55
-65
-246
-416
-489
-722
-824
-939
-986
-727
-595
-307
-170
-81
23
83
370
408
461
691
646
647
755
801
954
913
985
831
501
323
193
210
110
-92
-371
-592
-813
-977
-1134
-1456
-1716
-2017
-2216
-2309
-2240
-2299
-2498
-2677
-3017
-3099
-2993
-2811
-2764
-2807
-2891
-2954
-2952
-2757
-2689
-2681
-2645
-2681
-2599
-2488
-2254
-2082
-1938
-1806
-1697
-1548
-1217
-1006
-773
-661
-523
-465
-383
-213
200
493
763
1057
1134
1250
1377
1529
1772
1887
1863
1987
1976
2168
2449
2628
2801
2795
2856
2773
2759
2658
2566
2485
2519
2590
2494
2484
2105
1720
1519
1349
1252
1126
961
714
451
223
201
110
-19
-74
-246
-303
-330
-117
-42
-58
-229
-335
-218
-131
172
381
540
706
787
932
1052
1158
1309
1357
1202
1085
1108
1013
769
749
524
306
131
81
-123
-425
-465
-724
-955
-1277
-1386
-1536
-1770
-2074
-2283
-2415
-2612
-2766
-2750
-2907
-2964
-2833
-2880
-2922
-2766
-2690
-2634
-2589
-2449
-2134
-1909
-1792
-1959
-1861
-1724
-1553
-1373
-1077
-754
-576
-306
-25
133
310
354
565
741
885
1241
1483
1686
1711
1805
1925
2033
2041
2024
2112
2136
2205
2166
2302
2382
2526
2626
2624
2731
2915
2983
3114
3305
3513
3638
3569
3450
3326
3325
3379
3251
3203
3175
2969
2881
2817
2706
2555
2527
2350
2092
1814
1775
1529
1479
1255
1090
1161
1071
898
718
630
554
463
405
287
442
540
343
293
354
381
325
273
131
-30
-226
-407
-624
-1004
-1021
-1040
-1269
-1290
-1543
-1618
-1701
-1937
-1991
-2286
-2417
-2582
-2767
-2962
-3098
-3179
-3405
-3548
-3677
-3624
-3579
-3571
-3465
-3576
-3487
-3241
-3103
-2746
-2518
-2425
-2356
-2170
-2139
-2022
-1929
-1943
-1748
-1574
-1298
-1124
-926
-803
-506
-233
-59
188
373
588
631
873
927
1094
1332
1414
1543
1640
1706
1791
1844
1953
2098
2089
1985
1808
1707
1673
1702
1596
1512
1516
1429
1429
1381
1413
1333
1275
1260
1282
1265
1332
1315
1258
1181
960
987
1076
1127
1153
1125
987
838
1001
1065
1053
1029
975
1098
1032
1163
1207
1143
1074
954
894
838
812
696
631
503
401
260
152
-1
-269
-368
-695
-941
-1168
-1373
-1596
-1805
-1972
-2278
-2437
-2732
-2813
-2918
-2921
-2976
-3182
-3196
-3320
-3427
-3337
-3255
-3251
-3213
-3109
-3044
-2915
-2719
-2564
-2428
-2413
-2302
-2145
-2059
-1979
-1747
-1742
-1621
-1651
-1609
-1434
-1213
-980
-1130
-1020
-969
-782
-610
-488
-355
-215
-152
-21
162
313
498
708
956
1194
1468
1811
2058
2177
2220
2218
2360
2469
2451
2447
2386
2250
2232
2115
2065
2050
1925
1811
1811
1677
1745
1924
1911
1974
2030
1968
2021
1860
1724
1587
1608
1587
1517
1439
1376
1374
1214
1298
1510
1602
1635
1708
1751
1928
2045
2142
2007
1842
1799
1599
1555
1408
1286
1191
1001
723
477
280
171
16
-184
-277
-411
-557
-623
-749
-911
-1172
-1295
-1412
-1571
-1539
-1766
-1897
-2070
-2075
-1982
-2038
-2080
-2236
-2318
-2394
-2401
-2319
-2128
-1971
-1934
-1846
-1643
-1411
-1255
-1062
-1014
-1030
-999
-917
-804
-691
-701
-770
-648
-584
-418
-122
170
261
407
431
475
661
770
982
1114
1372
1478
1610
1883
2032
2165
2419
2482
2465
2624
2685
2796
2851
2745
2598
2389
2413
2439
2356
2234
2190
2097
1918
1962
1763
1633
1488
1157
1020
894
934
891
818
900
1052
1125
1252
1420
1549
1512
1406
1387
1383
1395
1388
1452
1377
1316
1336
1220
1114
1043
1088
1028
900
788
532
240
106
-13
-118
-344
-666
-746
-914
-1008
-1129
-1325
-1399
-1600
-1764
-1861
-2012
-2141
-2128
-2331
-2509
-2604
-2783
-2672
-2700
-2820
-2939
-3051
-3067
-3075
-3044
-2919
-2815
-2752
-2711
-2760
-2619
-2515
-2442
-2387
-2357
-2467
-2557
-2493
-2513
-2430
-2488
-2592
-2506
-2562
-2575
-2397
-2250
-2186
-2112
-1995
-1933
-1824
-1548
-1269
-989
-803
-618
-397
-149
58
284
640
807
1058
1336
1511
1720
1853
1877
1908
1929
2028
1994
2061
2135
2038
2083
1986
2034
2030
2042
2086
1999
1935
1693
1546
1430
1389
1505
1481
1431
1520
1497
1475
1403
1140
1077
1157
1198
1351
1517
1381
1278
1085
876
790
733
659
611
573
574
433
287
91
-48
-291
-571
-759
-1052
-1129
-1213
-1345
-1603
-1804
-1940
-2204
-2387
-2401
-2338
-2350
-2432
-2541
-2623
-2539
-2377
-2468
-2485
-2516
-2560
-2684
-2687
-2636
-2707
-2706
-2765
-2774
-2676
-2663
-2632
-2509
-2299
-2113
-2060
-1942
-1973
-2046
-2134
-2186
-2284
-2162
-2078
-1846
-1696
-1652
-1457
-1528
-1385
-1221
-1156
-876
-581
-303
2
284
573
631
811
1064
1427
1681
1886
2039
2143
2212
2392
2456
2395
2447
2293
2138
2115
2149
2024
2019
1933
1790
1504
1356
1375
1481
1495
1303
1200
1160
1189
1079
1212
1267
1251
1296
1297
1430
1482
1442
1492
1507
1370
1330
1286
1091
1089
994
775
764
604
478
248
39
-54
-151
-370
-500
-644
-826
-938
-1044
-1095
-1174
-1282
-1453
-1524
-1674
-1670
-1582
-1536
-1606
-1616
-1671
-1606
-1554
-1661
-1674
-1741
-1845
-1872
-1868
-1872
-1763
-1913
-1971
-1931
-1903
-1893
-1931
-2019
-1776
-1928
-2030
-1985
-2003
-1736
-1711
-1694
-1625
-1608
-1586
-1509
-1490
-1409
-1337
-1191
-1079
-888
-612
-442
-236
14
235
443
676
857
1128
1441
1540
1731
2047
2213
2406
2520
2613
2679
2763
2784
2913
2883
2862
2780
2583
2572
2622
2567
2503
2376
2087
2020
1953
1885
1734
1558
1550
1587
1565
1561
1551
1589
1662
1617
1634
1515
1523
1524
1604
1594
1639
1564
1550
1479
1612
1719
1547
1538
1358
1161
973
779
733
514
289
56
-300
-521
-759
-957
-962
-1018
-1063
-1133
-1328
-1366
-1502
-1546
-1561
-1866
-2076
-2212
-2259
-2305
-2339
-2211
-2166
-2219
-2231
-2293
-2070
-2004
-1959
-1903
-1969
-1894
-1890
-1779
-1611
-1583
-1599
-1675
-1696
-1530
-1646
-1737
-1841
-1821
-2012
-1910
-1766
-1692
-1546
-1584
-1502
-1447
-1257
-1120
-952
-612
-400
-430
-298
-148
39
396
637
872
1143
1288
1367
1527
1573
1659
1718
1611
1569
1535
1480
1570
1496
1468
1513
1496
1430
1420
1359
1406
1255
1073
981
662
625
513
441
271
25
15
31
167
297
462
605
732
775
895
941
1037
1027
1043
953
992
1071
1103
1097
1209
1092
806
744
499
452
285
68
-33
-199
-390
-610
-863
-992
-1051
-1083
-1181
-1299
-1224
-1275
-1384
-1423
-1367
-1402
-1339
-1393
-1347
-1353
-1595
-1554
-1642
-1650
-1773
-1735
-1686
-1654
-1523
-1549
-1599
-1737
-1696
-1744
-1797
-1789
-1818
-1780
-1922
-1924
-1833
-1950
-1912
-1838
-1994
-1986
-1846
-1636
-1506
-1421
-1404
-1270
-1126
-957
-682
-446
-132
104
292
545
800
949
1128
1265
1639
1804
1850
1933
1996
1963
1946
2015
1860
1842
1834
1862
1834
1794
1781
1643
1667
1728
1663
1677
1444
1365
1246
1116
1120
1049
1036
931
948
920
916
1014
912
892
969
926
1069
1136
1145
1118
1179
1244
1296
1289
1280
1214
1131
973
953
797
619
438
360
323
335
197
-52
-247
-503
-631
-612
-577
-506
-705
-865
-736
-896
-806
-856
-926
-911
-981
-1012
-934
-1128
-1175
-1070
-1085
-1201
-1411
-1326
-1179
-1260
-1231
-1154
-1136
-1114
-1164
-1231
-1162
-1221
-1088
-1107
-1148
-1106
-991
-812
-631
-623
-587
-557
-489
-362
-287
-106
-110
-42
124
249
526
736
661
741
993
1106
1297
1432
1562
1772
1757
1783
2003
2120
2110
2018
1861
1817
1781
1826
1872
1782
1753
1632
1454
1519
1336
1437
1409
1314
1412
1324
1303
1418
1373
1413
1602
1626
1546
1439
1420
1341
1414
1390
1324
1315
1307
1390
1496
1397
1448
1384
1091
975
888
819
754
612
498
293
266
267
218
250
145
1
-288
-341
-383
-580
-732
-686
-769
-875
-872
-880
-913
-926
-1069
-1153
-1191
-1227
-1186
-1303
-1274
-1132
-1306
-1455
-1449
-1557
-1457
-1402
-1387
-1399
-1581
-1740
-1755
-1713
-1727
-1677
-1678
-1755
-1826
-1662
-1774
-1646
-1407
-1450
-1204
-1184
-1093
-815
-624
-304
-38
152
166
382
687
981
1110
1216
1346
1316
1376
1403
1605
1819
1818
1722
1689
1538
1364
1333
1200
1194
1099
1007
1133
1062
834
670
572
473
497
514
727
772
805
787
868
852
835
957
1021
1089
1019
1123
1176
1224
1576
1616
1381
1427
1358
1150
1090
1109
1172
1121
1153
1093
821
716
434
225
133
7
-322
-556
-722
-779
-808
-748
-781
-816
-728
-856
-970
-1060
-1083
-1154
-1235
-1169
-1235
-1129
-992
-858
-647
-521
-292
-162
-202
-358
-611
-815
-939
-1110
-1220
-1252
-1123
-935
-778
-643
-552
-404
-381
-492
-488
-387
-428
-535
-595
-624
-723
-815
-823
-956
-907
-873
-736
-512
-384
-314
-289
-98
-35
77
196
488
621
649
866
992
1198
1256
1203
1033
942
652
455
518
513
712
661
724
765
678
615
374
200
111
153
-10
-147
-128
-356
-524
-584
-505
-418
-193
49
140
320
323
233
331
237
285
164
82
215
194
201
125
105
-27
-79
-117
-125
-88
-3
-195
-360
-370
-593
-628
-716
-903
-1026
-1058
-1248
-1343
-1344
-1307
-1333
-1466
-1372
-1470
-1395
-1396
-1324
-1301
-1289
-1297
-1379
-1426
-1396
-1125
-1115
-1007
-909
-861
-684
-680
-564
-584
-655
-526
-350
-318
-211
-225
-191
-89
-301
-399
-500
-636
-523
-390
-321
-399
-268
-167
-160
-8
76
290
373
305
409
454
562
613
671
659
772
818
731
739
696
664
576
571
431
395
296
47
39
157
308
309
302
187
130
244
221
257
209
200
238
222
414
586
921
1103
1208
1420
1373
1284
1184
1016
878
676
602
517
412
615
749
778
932
863
915
870
841
758
711
393
212
163
-83
-157
-341
-334
-454
-499
-624
-626
-600
-561
-535
-506
-384
-440
-283
-82
-277
-321
-440
-487
-321
-242
-247
-183
-74
-52
32
-88
41
-42
1
-14
13
53
17
123
37
98
21
-43
-86
-262
-321
-287
-368
-450
-408
-177
-124
103
174
334
477
586
544
489
446
320
362
255
216
209
210
225
404
479
537
512
564
546
525
659
758
711
721
736
377
280
130
-65
-166
-167
-188
-203
-136
34
171
247
310
248
289
331
328
433
468
587
632
575
571
464
447
391
368
310
218
106
-6
45
-2
28
-196
-166
-299
-440
-549
-597
-578
-712
-668
-778
-717
-585
-737
-702
-793
-849
-869
-939
-835
-811
-821
-808
-816
-852
-877
-765
-637
-738
-629
-642
-750
-854
-885
-865
-660
-523
-526
-500
-534
-649
-659
-595
-701
-664
-750
-735
-572
-576
-479
-305
-241
-128
-75
-76
50
45
213
243
211
175
226
423
449
449
417
353
319
576
805
921
996
1088
1016
920
994
928
712
580
555
408
376
307
131
213
165
-3
-153
-152
-100
-109
-30
60
-24
54
138
-176
-277
-236
-358
-369
-196
-246
-249
-177
-326
-190
-223
-198
-81
-94
-145
-257
-226
-157
-355
-593
-545
-676
-629
-547
-815
-966
-1104
-1033
-1033
-1126
-1181
-1072
-980
-1036
-988
-1019
-1053
-1135
-1078
-1024
-941
-1055
-1020
-1132
-1210
-1028
-1062
-941
-928
-840
-699
-477
-455
-369
-343
-449
-316
-423
-405
-339
-413
-368
-413
-353
-480
-628
-519
-494
-388
-289
-292
-336
-332
-364
-327
-330
-365
-379
-316
-172
-47
24
75
164
139
288
140
192
366
341
357
328
335
457
467
439
494
405
346
201
285
211
182
114
116
174
75
63
-33
-60
-21
21
-95
52
341
370
498
471
353
349
202
160
186
145
346
409
408
589
611
540
482
364
313
311
272
247
163
193
205
372
474
470
566
438
521
560
539
567
513
506
420
338
254
140
102
121
15
42
-17
-207
-175
-122
-129
-53
-10
-87
-39
-24
-108
-102
-262
-482
-380
-395
-499
-358
-343
-259
-306
-367
-273
-294
-386
-301
-168
-142
-131
-116
-10
55
153
279
237
268
389
598
684
786
672
737
691
700
876
833
866
883
920
892
857
692
510
452
276
304
199
214
105
-50
-45
57
40
-152
-111
-53
-71
-38
-48
-78
-18
-73
-71
-171
-206
-165
-121
-137
-59
50
214
351
258
397
354
508
553
396
411
295
353
364
261
190
233
392
324
216
196
67
-44
-119
-68
-105
31
62
9
-153
-277
-329
-284
-313
-294
-279
-17
178
249
415
395
413
470
438
440
523
524
486
549
660
697
783
880
930
928
753
680
617
548
514
435
491
332
260
234
123
18
-23
60
110
138
251
289
169
247
231
292
372
430
476
565
601
641
600
511
559
556
504
352
395
481
407
412
304
135
95
106
22
-101
45
48
10
7
-22
-270
-321
-459
-494
-322
-381
-442
-274
-368
-427
-324
-372
-245
-280
-283
-320
-284
-378
-332
-254
-172
-201
-362
-379
-501
-377
-437
-499
-317
-373
-327
-416
-405
-336
-380
-224
-219
-360
-330
-297
-248
-314
-299
-407
-511
-324
-300
-436
-464
-469
-644
-684
-600
-695
-680
-658
-655
-723
-752
-854
-912
-745
-732
-587
-514
-619
-702
-642
-607
-639
-686
-767
-796
-765
-839
-860
-833
-883
-930
-887
-838
-669
-383
-349
-178
-170
-367
-408
-402
-262
-110
-84
-99
-29
-37
-191
-79
-36
-1
77
199
362
134
54
-56
-125
-53
-115
-57
-20
-12
58
14
-33
-37
35
64
88
85
73
171
168
275
356
518
611
686
654
492
459
458
411
372
357
374
260
285
224
124
95
-73
44
37
51
242
323
412
473
428
289
319
335
318
479
447
388
459
419
451
436
472
558
515
554
555
628
758
836
828
889
938
1099
1091
976
994
862
857
934
1059
1107
1126
1215
1321
1379
1335
1360
1238
1125
1043
897
731
639
602
616
599
523
369
248
190
130
210
229
415
600
479
565
588
621
653
685
605
553
621
580
622
678
476
497
493
381
280
116
200
133
58
130
85
49
47
50
-10
1
-69
-102
-86
-184
-200
-117
-158
-222
-162
-126
-110
-179
-49
32
-21
77
-141
-118
-108
-174
-130
-251
-172
6
133
38
-97
-124
-32
-128
-152
-141
-138
-84
-83
-126
-209
-112
-218
-197
-222
-232
-273
-189
-50
-37
18
190
280
229
375
406
333
467
421
373
332
524
546
424
432
466
565
682
831
833
918
961
924
779
897
1026
1015
766
737
647
562
573
382
287
202
39
59
58
6
121
214
325
409
671
527
545
541
557
514
508
598
674
655
672
658
611
789
717
734
723
777
781
682
603
391
146
4
56
139
6
-132
-123
-299
-387
-408
-510
-589
-645
-747
-858
-726
-655
-622
-563
-561
-581
-441
-531
-542
-672
-842
-758
-840
-854
-932
-989
-946
-931
-1036
-1118
-929
-991
-1058
-921
-880
-844
-974
-777
-898
-827
-647
-705
-563
-575
-627
-600
-605
-628
-750
-780
-915
-1000
-931
-897
-895
-891
-733
-700
-617
-541
-432
-310
-187
-131
-209
-279
-330
-186
-110
-231
-143
-149
-173
-117
-178
-364
-383
-510
-536
-504
-593
-714
-815
-722
-874
-727
-642
-631
-642
-801
-688
-589
-407
-376
-327
-387
-351
-395
-334
-358
-379
-201
-356
-228
-137
-70
-112
-248
-274
-347
-327
-385
-386
-252
-456
-530
-613
-661
-619
-686
-602
-580
-565
-530
-562
-425
-418
-324
-209
-255
-201
-100
-24
116
163
174
258
76
24
-10
73
-87
-126
88
84
82
90
170
108
129
106
83
202
147
94
34
-30
37
79
137
193
206
250
231
162
67
-51
-195
-81
-303
-197
11
30
-2
-147
-108
-39
102
193
154
424
375
353
338
233
379
442
369
387
436
460
432
414
419
387
273
194
49
-38
-168
-76
89
9
82
117
94
36
99
169
245
197
150
232
61
192
92
75
187
100
51
-38
-116
-107
29
62
-7
76
-17
-36
13
85
-66
-125
-148
-245
-106
-123
-135
-232
-241
-161
-151
-165
-241
-159
-71
-60
25
126
210
364
305
230
143
122
86
-27
40
79
-39
-64
-35
-206
-177
-189
-110
-37
-188
-128
-176
-98
-105
24
37
-21
31
-44
163
194
318
427
419
553
490
520
579
528
442
407
518
421
362
506
487
491
506
497
480
403
506
664
649
848
740
669
651
567
774
713
600
498
352
343
255
279
447
350
319
281
249
211
329
434
328
397
364
343
296
248
259
362
398
360
368
357
340
359
336
272
270
105
113
107
-68
-41
-257
-306
-430
-492
-491
-636
-480
-501
-509
-532
-559
-526
-534
-663
-728
-622
-548
-546
-452
-404
-522
-381
-323
-355
-306
-219
-379
-363
-445
-529
-642
-596
-592
-685
-624
-712
-728
-788
-880
-1026
-854
-792
-717
-726
-749
-762
-803
-789
-814
-633
-613
-688
-625
-683
-670
-587
-615
-694
-562
-523
-365
-297
-348
-450
-508
-570
-577
-418
-421
-372
-317
-312
-226
-127
-203
-208
-136
-162
-150
-207
-350
-492
-566
-589
-565
-432
-551
-457
-515
-490
-526
-690
-701
-830
-856
-893
-742
-732
-642
-589
-590
-534
-456
-497
-448
-394
-393
-338
-360
-275
-404
-376
-412
-505
-410
-515
-489
-556
-545
-548
-477
-389
-324
-224
-268
-406
-373
-167
-92
-15
38
11
67
46
-118
-83
-57
-162
-177
-29
-97
1
-11
135
98
44
2
-4
179
214
222
287
312
135
116
303
488
448
537
490
567
581
575
523
507
407
254
297
246
298
352
402
445
507
429
391
540
515
376
430
341
363
464
365
345
340
473
398
327
286
225
211
246
166
153
192
211
91
122
119
50
118
159
257
260
194
86
205
286
338
292
238
18
-39
-146
-242
-205
-5
-59
-191
-184
-199
-143
-251
-234
-330
-366
-462
-368
-400
-538
-509
-595
-548
-513
-312
-382
-529
-521
-396
-369
-326
-365
-351
-308
-300
-241
-121
-13
68
25
15
64
249
300
233
283
263
294
239
160
293
323
267
217
152
283
175
24
144
102
-32
-52
-84
-77
-83
-47
59
49
86
238
344
405
494
448
608
632
588
671
808
985
945
1052
1048
1076
1158
1138
1261
1214
1315
1282
1027
1038
981
961
796
677
543
568
543
472
597
649
491
390
434
421
512
383
396
203
153
200
111
52
-58
-119
-162
-91
-105
-93
-168
-274
-233
-149
203
216
283
252
140
255
245
297
308
313
267
248
371
262
228
122
53
236
61
90
-39
17
-131
-289
-216
-252
-243
-306
-200
-41
72
4
-167
-321
-243
-310
-353
-259
-393
-436
-504
-431
-253
-116
-90
2
-108
-247
-282
-162
-84
-106
-95
-102
-203
-328
-202
-319
-166
-202
-82
28
171
126
144
120
134
362
296
194
103
164
191
373
414
439
313
243
257
283
508
657
500
518
483
424
390
502
410
199
131
83
72
-58
4
19
2
-112
-194
-201
-107
-79
-80
-111
-227
-425
-358
-352
-361
-392
-504
-514
-541
-387
-325
-383
-304
-231
-92
-79
-229
-257
-364
-391
-409
-465
-507
-617
-721
-706
-640
-651
-616
-648
-736
-809
-713
-651
-530
-680
-762
-618
-563
-630
-469
-218
-346
-235
-348
-296
-282
-169
28
63
104
120
133
191
208
272
55
29
23
57
146
27
156
177
258
117
202
159
133
211
204
109
277
503
542
699
695
547
491
400
184
319
284
421
553
565
467
447
510
487
624
723
751
721
523
470
477
378
324
403
353
312
393
225
143
-12
-139
-119
-178
-279
-451
-468
-495
-501
-482
-567
-491
-529
-628
-446
-536
-510
-377
-389
-367
-414
-473
-610
-595
-797
-780
-664
-661
-576
-526
-412
-457
-501
-590
-645
-494
-346
-276
-372
-368
-496
-404
-356
-373
-555
-589
-506
-717
-694
-473
-366
-403
-253
-199
-274
-176
-47
109
117
118
110
-41
62
246
203
186
479
349
360
494
585
580
649
675
528
483
639
737
655
682
763
799
761
917
965
911
817
865
950
894
880
982
1071
974
956
948
904
917
985
889
896
891
819
928
906
1094
1097
969
840
980
842
782
817
705
792
762
701
604
657
589
530
619
619
552
635
757
757
827
958
720
986
1017
810
796
862
743
644
769
692
609
590
597
557
682
707
632
646
500
531
495
532
664
455
376
196
187
162
59
-19
-71
31
199
95
72
120
-28
-66
73
155
190
217
260
249
230
347
228
233
346
329
357
403
395
448
388
243
148
247
162
99
84
64
162
67
104
-3
-48
-15
-269
-353
-303
-198
-151
-17
-17
-204
-410
-329
-207
-88
81
72
-92
-122
-142
-151
-93
34
55
166
281
207
255
383
391
419
460
310
159
179
265
388
153
141
-34
-38
142
61
51
68
64
-88
-41
89
145
186
169
-87
-247
-281
-203
-493
-401
-318
-439
-546
-567
-560
-610
-438
-444
-588
-877
-768
-554
-407
-338
-341
-564
-705
-801
-885
-699
-607
-647
-667
-631
-609
-526
-418
-485
-560
-405
-480
-655
-644
-533
-628
-649
-579
-475
-478
-416
-410
-488
-398
-415
-202
-440
-444
-409
-454
-423
-564
-507
-451
-409
-186
-269
-407
-444
-342
-265
-234
-84
-154
-101
-83
-125
-232
-385
-493
-400
-415
-268
-116
-67
17
176
242
189
252
353
324
327
313
393
503
505
257
103
190
39
20
78
-58
-72
20
52
-54
94
71
-138
-125
145
257
11
-70
-3
-174
-245
-71
17
8
-243
-90
-7
83
133
-71
-172
-207
-89
-135
-130
-214
-275
-472
-612
-597
-574
-675
-786
-723
-620
-720
-617
-885
-896
-889
-805
-717
-857
-744
-890
-916
-936
-791
-696
-437
-516
-665
-592
-477
-571
-611
-602
-615
-651
-506
-387
-569
-491
-465
-523
-589
-321
-270
-538
-531
-354
-255
-360
-361
-394
-646
-588
-309
-334
-358
-471
-285
-288
-297
-232
-224
-279
-269
-233
-206
-180
-40
-8
-153
-129
61
243
-11
-113
31
-133
-82
79
227
155
169
283
222
199
131
234
119
152
261
306
399
323
319
363
161
102
21
-228
-99
115
292
161
32
-30
-81
69
290
409
436
301
189
334
378
375
648
684
641
572
441
466
283
281
262
278
302
147
242
68
54
35
97
90
13
-15
-34
-78
173
175
-62
56
-29
83
156
340
276
287
140
202
377
349
624
581
511
489
439
483
528
427
473
306
294
291
180
117
314
205
78
-113
-62
178
194
77
77
68
-150
-325
-396
-206
-168
-77
-185
-273
-352
-461
-593
-458
-245
-314
-408
-503
-482
-422
-260
-168
-372
-461
-321
-160
-43
17
61
99
69
-138
-114
-159
-209
-330
-574
-469
-515
-522
-585
-749
-731
-747
-741
-971
-894
-712
-701
-597
-606
-569
-671
-842
-767
-675
-498
-418
-354
-337
-479
-401
-360
-353
-237
-244
-256
-119
4
47
9
-43
10
37
133
274
262
270
169
109
283
320
238
112
151
198
167
351
301
428
422
380
292
134
160
80
-53
-175
-155
-48
75
31
-64
-219
-294
-180
-228
-247
-281
-337
-420
-389
-166
-139
-138
-81
-153
-3
9
-47
-82
-109
195
149
-24
-78
-66
-21
74
152
199
322
275
317
377
471
639
630
540
319
252
334
614
498
251
256
78
-66
-133
-92
-76
-355
-315
-242
-308
-299
-454
-434
-475
-513
-522
-737
-663
-616
-619
-460
-442
-455
-601
-758
-786
-747
-757
-818
-763
-851
-802
-633
-593
-575
-672
-700
-885
-947
-959
-918
-1041
-1059
-1088
-1270
-1232
-1321
-1114
-1112
-1050
-1054
-1212
-1147
-1194
-1092
-1208
-1145
-1195
-1238
-1207
-1115
-996
-1000
-686
-621
-622
-512
-286
-95
-105
-265
-227
-102
-182
-110
-105
-125
-227
-319
-116
-161
-286
-310
-195
-168
-301
-228
-230
-261
-202
-227
-281
-200
-98
23
-128
-140
68
-12
-28
73
132
96
300
333
293
248
317
250
251
309
271
288
266
154
192
328
299
347
411
458
368
321
302
121
111
233
97
34
191
169
33
-62
110
32
-35
244
152
146
211
226
251
264
360
350
282
384
709
737
730
642
677
816
601
0
0
0
0
0
0
0
0
0
0
0
0
0
0
0
0
0
0
0
0
0
0
0
0
0
0
0
0
0
0
0
0
0
0
0
0
1
0
0
0
0
-1
0
0
0
0
0
0
0
0
0
0
0
0
0
0
0
0
0
0
0
0
0
0
0
0
0
0
0
0
1
0
0
0
0
0
0
0
0
0
0
0
0
0
0
0
0
0
0
0
0
0
0
0
0
0
1
1
0
0
0
-1
1
1
0
0
0
0
0
0
0
0
0
0
0
1
0
0
0
0
0
0
0
0
0
0
0
0
0
0
0
0
0
0
0
0
0
0
0
0
0
0
0
0
0
0
0
1
0
1
0
0
0
0
0
0
1
0
0
1
-1
0
0
0
0
0
0
0
0
0
0
0
-1
0
-1
0
0
0
0
0
-1
0
0
0
0
0
0
0
0
0
0
0
0
0
0
0
-1
0
0
0
0
0
0
1
0
0
0
0
0
0
0
0
0
0
0
0
0
0
0
1
0
1
0
0
0
0
1
0
0
0
-1
0
0
0
0
0
0
0
0
0
0
0
0
0
0
0
0
0
0
0
0
0
0
0
0
0
0
0
0
0
0
0
0
0
0
0
0
0
0
0
0
0
0
