0
0
0
0
0
0
0
0
0
0
0
0
0
0
0
0
0
0
0
0
0
0
0
0
0
0
0
0
0
0
0
0
0
0
0
0
1
0
0
0
0
-1
0
0
0
0
0
0
0
0
0
0
0
0
0
0
0
0
0
0
0
0
0
0
0
0
0
0
0
0
1
0
0
0
0
0
0
0
0
0
0
0
0
0
0
0
0
0
0
0
0
0
0
0
0
0
1
1
0
0
0
-1
1
1
0
0
0
0
0
0
0
0
0
0
0
1
0
0
0
0
0
0
0
0
0
0
0
0
0
0
0
0
0
0
0
0
0
0
0
0
0
0
0
0
0
0
0
1
0
1
0
0
0
0
0
0
1
0
0
1
-1
0
0
0
0
0
0
0
0
0
0
0
-1
0
-1
0
0
0
0
0
-1
0
0
0
0
0
0
0
0
0
0
0
0
0
0
0
-1
0
0
0
0
0
0
1
0
0
0
0
0
0
0
0
0
0
0
0
0
0
0
1
0
1
0
0
0
0
1
0
0
0
-1
0
0
0
0
0
0
0
0
0
0
0
0
0
0
0
0
0
0
0
0
0
0
0
0
0
0
0
0
0
0
0
0
0
0
0
0
0
0
0
0
0
0
-408
-482
-556
-674
-693
-593
-298
-276
-616
-779
-556
-491
-463
-522
-549
-507
-535
-506
-600
-658
-923
-1097
-1095
-975
-902
-829
-774
-875
-856
-724
-672
-689
-677
-572
-459
-362
-127
-298
-545
-564
-598
-339
-375
-411
-629
-852
-721
-335
-217
-341
-510
-853
-809
-748
-465
-111
-233
-360
-417
-472
-361
-186
-134
-90
-198
-262
-87
-130
-37
110
90
214
112
-79
-146
-272
-326
-125
300
247
233
176
19
243
416
378
362
279
166
412
522
728
674
351
237
203
187
106
111
6
-14
228
413
460
592
433
332
556
428
606
657
551
713
746
924
846
600
434
527
603
781
899
725
662
468
511
783
766
795
765
616
460
593
698
475
529
429
354
391
421
412
212
103
252
393
421
434
449
291
384
586
810
961
890
843
776
691
612
706
544
517
536
630
655
687
615
382
272
335
413
526
435
374
311
209
283
280
342
129
-124
-276
-444
-346
-315
-92
50
117
179
91
233
177
337
302
80
202
49
-64
137
176
294
166
1
-68
-310
-355
-300
-231
-494
-463
-509
-504
-443
-438
-469
-572
-606
-764
-708
-687
-619
-456
-503
-601
-852
-978
-956
-878
-1036
-1032
-949
-815
-780
-728
-565
-433
-441
-583
-634
-617
-567
-704
-695
-548
-497
-407
-527
-678
-639
-823
-685
-553
-590
-676
-752
-674
-571
-409
-270
-358
-538
-578
-509
-429
-506
-463
-675
-623
-384
-101
-248
-435
-339
-269
-216
-91
-9
-84
-66
-81
89
98
93
-105
-240
-341
-338
-108
77
109
51
-136
-227
-128
0
152
183
212
347
333
483
382
376
400
347
557
378
403
438
419
398
441
413
544
544
468
570
722
754
697
629
496
410
468
530
370
254
249
303
287
592
675
486
211
157
103
-103
-62
6
12
-102
-107
-79
-143
-55
-113
-31
14
26
-140
-316
-491
-636
-580
-787
-685
-573
-640
-760
-652
-704
-770
-597
-483
-367
-380
-509
-755
-823
-875
-807
-721
-596
-818
-1018
-1001
-1002
-924
-780
-674
-714
-700
-507
-369
-245
-261
-414
-652
-678
-394
-239
-25
-76
-196
-96
-155
-76
-231
-292
-311
-403
-260
-150
-65
-117
-80
-69
49
40
115
63
-59
-6
241
375
202
101
65
-7
-27
211
296
226
220
224
371
525
529
361
330
361
460
334
346
248
319
590
607
717
543
400
425
383
471
494
619
539
704
796
829
760
752
738
658
538
448
629
548
523
508
671
771
912
855
723
572
531
701
1069
1258
1225
1143
930
833
725
597
713
705
693
814
800
931
972
894
925
999
879
765
691
524
556
427
372
329
300
338
227
176
72
90
173
178
186
263
211
120
5
-251
-248
-214
-136
-47
-252
-328
-338
-300
-56
116
226
200
127
-53
-173
-270
-304
-410
-441
-587
-768
-744
-760
-726
-653
-406
-356
-399
-247
-233
-186
-275
-214
-113
-123
-79
-83
-135
-177
-390
-397
-255
-252
-143
-80
0
-23
-36
-85
-79
67
175
379
560
563
459
150
142
275
211
236
12
-223
-360
-607
-616
-402
-224
-203
-283
-359
-369
-332
-212
-70
-25
-149
-374
-443
-519
-480
-529
-388
-237
-295
-338
-350
-285
-217
-177
-36
17
-123
-197
-258
-353
-408
-349
-391
-436
-509
-610
-641
-542
-343
-305
-258
-95
-114
-93
-41
-146
-80
-57
4
157
208
239
258
370
433
519
650
632
640
646
723
631
577
604
511
424
407
608
562
633
502
635
633
774
944
941
843
746
484
412
426
246
292
347
394
331
247
289
310
254
448
603
566
522
382
194
245
192
273
292
237
143
146
204
176
226
147
9
-61
-106
5
-48
1
-57
-64
-147
-166
-161
-346
-445
-518
-434
-337
-202
-131
-135
-27
27
-163
-242
-205
-143
-146
-81
-119
-334
-346
-384
-453
-240
-305
-484
-610
-830
-825
-690
-449
-389
-568
-658
-800
-806
-865
-689
-520
-510
-366
-391
-373
-191
-199
-414
-548
-582
-583
-616
-518
-392
-271
-376
-472
-357
-454
-546
-364
-331
-288
-261
-381
-399
-510
-401
-230
-150
-315
-505
-642
-644
-389
-268
-251
-311
-440
-596
-437
-421
-210
-12
29
133
60
-152
-220
-195
-253
-183
-166
-87
-306
-358
-381
-227
-118
-1
-94
-92
105
-89
-14
55
23
-12
-197
-337
-188
-72
-42
-27
-101
-173
-292
-179
-146
-188
-157
-116
-120
48
60
41
295
279
342
347
390
363
450
523
655
849
798
752
608
557
689
793
726
514
453
366
500
575
628
637
538
473
330
285
270
399
348
248
204
192
328
322
237
85
-139
-248
-209
-198
-228
-211
-151
-103
-101
-173
-290
-372
-333
-288
-159
-167
-192
-213
-162
-82
-185
-298
-418
-536
-461
-344
-91
7
-31
-55
-119
-216
-198
-65
87
216
230
89
21
-34
31
117
73
204
272
269
391
364
332
299
352
493
401
409
279
200
342
329
357
481
351
414
521
614
471
445
352
337
312
398
375
377
296
167
144
-83
35
47
242
149
177
320
303
409
411
534
490
452
471
376
456
587
680
730
754
613
641
694
636
767
773
772
655
482
339
403
482
522
596
547
426
417
457
552
652
844
681
702
619
770
948
951
1056
926
925
952
998
922
884
695
657
728
767
757
758
927
837
872
1020
1009
918
763
886
895
822
761
563
338
219
342
211
67
107
227
246
218
96
30
19
97
59
-157
-293
-406
-435
-564
-457
-473
-486
-732
-624
-587
-723
-617
-592
-453
-584
-680
-714
-848
-792
-745
-957
-936
-867
-953
-999
-1021
-1008
-799
-821
-752
-670
-804
-1011
-963
-842
-777
-842
-792
-720
-717
-776
-902
-910
-911
-831
-881
-906
-929
-987
-881
-960
-1070
-1126
-1173
-1240
-1339
-1422
-1283
-1356
-1450
-1328
-1368
-1284
-1323
-1201
-1121
-1053
-1066
-1050
-928
-935
-831
-731
-755
-842
-770
-835
-856
-919
-977
-884
-985
-1076
-1057
-1035
-1163
-1089
-1086
-1139
-1195
-1215
-1207
-1297
-1341
-1113
-1005
-990
-833
-839
-757
-708
-765
-764
-705
-536
-399
-392
-463
-468
-563
-535
-518
-429
-393
-285
-242
-37
286
134
167
230
307
364
374
395
559
584
496
394
391
335
219
188
229
261
125
111
231
305
266
257
179
272
216
218
271
403
491
479
379
287
196
111
82
80
264
191
226
321
369
136
165
186
273
336
364
205
100
90
-52
67
-6
125
40
-220
-181
-182
-96
-56
-61
6
106
163
226
171
185
237
483
519
652
562
351
429
388
246
301
352
173
125
60
247
314
385
486
731
723
579
614
560
489
480
457
493
488
441
491
260
195
327
321
366
318
383
360
239
258
277
181
291
387
426
505
640
675
567
646
782
714
901
795
679
670
675
742
754
665
687
816
870
1047
915
655
467
459
467
605
731
729
732
644
420
400
328
279
226
76
68
-67
2
130
229
240
230
181
139
238
241
251
290
333
307
336
268
272
190
196
251
327
208
99
225
122
220
273
156
142
166
198
81
-29
108
208
314
501
432
484
387
295
158
123
186
194
225
145
204
2
-71
-146
-212
-243
-238
-253
-270
-144
-280
-339
-279
-267
-179
-152
-342
-390
-587
-683
-688
-750
-705
-710
-790
-899
-974
-1011
-950
-987
-938
-967
-907
-979
-903
-802
-779
-733
-731
-764
-801
-686
-694
-639
-759
-737
-673
-750
-812
-919
-950
-1061
-1100
-1131
-1064
-910
-910
-802
-738
-760
-695
-611
-580
-527
-587
-615
-768
-644
-532
-651
-657
-716
-666
-564
-365
-275
-134
-86
20
-35
-187
-196
-167
-144
-206
-241
-265
-232
-269
-251
-387
-453
-527
-500
-400
-310
-218
-184
-123
-132
-24
70
49
70
95
19
104
244
232
-8
-65
-113
-220
-137
-24
42
-80
-68
-85
-107
-102
74
262
176
45
78
35
-9
32
106
186
234
128
145
135
207
231
229
216
127
90
-93
-126
-129
-88
-222
-101
25
97
244
386
373
231
221
163
216
72
178
431
418
421
463
331
259
155
91
32
32
-45
-85
-132
-72
51
88
81
186
244
181
335
509
635
572
543
511
504
322
398
493
518
654
724
720
820
859
773
798
734
666
585
596
476
529
499
481
488
508
441
374
475
565
528
625
571
582
592
539
542
515
368
221
139
137
265
303
363
343
400
585
611
613
592
485
491
400
324
213
201
172
185
163
72
49
8
-76
-32
-23
-6
6
5
-117
-99
106
141
166
242
171
171
165
107
232
96
200
150
193
221
85
179
206
135
313
479
512
640
583
580
433
390
436
296
375
418
353
173
138
72
83
119
187
274
277
112
69
-63
-48
-100
-179
-222
-350
-283
-175
-61
-58
55
-12
18
56
62
56
-121
99
17
4
83
-86
5
167
60
112
82
138
187
8
84
157
169
196
177
138
154
98
184
208
268
470
466
520
485
618
682
513
319
380
353
453
532
611
673
478
551
432
386
353
391
378
365
319
180
207
-10
-17
-164
-119
114
170
192
274
353
453
494
358
430
354
343
304
282
89
-101
-126
-134
37
29
153
-27
22
35
65
23
-39
194
34
143
112
42
56
14
134
282
249
283
29
-149
-89
-87
-33
-59
-11
-55
115
125
121
144
129
109
72
186
158
99
88
155
326
431
487
469
299
195
188
170
248
306
209
93
-73
-137
-246
-264
-298
-437
-427
-441
-589
-520
-387
-318
-267
-303
-312
-299
-299
-343
-228
-151
-197
-123
-30
-8
-135
-227
-253
-146
-2
-11
16
-52
-103
-195
-135
-181
-248
-312
-435
-420
-546
-496
-570
-699
-597
-574
-414
-221
-188
-116
-184
-199
-51
-80
-185
-259
-362
-414
-266
-160
-329
-307
-236
-119
-49
34
40
103
79
114
111
184
237
-17
-67
30
59
14
67
70
182
71
-137
-184
-276
-371
-305
-374
-236
-165
-337
-426
-489
-587
-473
-417
-456
-241
-237
-51
69
68
57
72
-42
47
29
15
36
-152
-300
-270
-90
-234
-239
-39
59
130
69
239
132
93
152
43
57
-24
-40
-34
-40
-55
-3
-66
-27
-3
224
339
230
167
163
205
219
360
435
412
440
364
497
342
291
293
323
441
619
653
579
467
425
377
314
390
206
270
170
144
143
108
77
-37
-214
-244
-197
-246
-344
-419
-473
-258
-160
-128
35
-10
-8
-158
-11
-6
-148
121
232
207
104
-101
-119
-145
7
135
235
354
275
308
296
321
180
352
396
258
134
-6
-91
-78
-83
-24
-69
-249
-196
-203
-179
-166
-93
-56
-132
-240
-178
-108
-132
-141
74
116
250
168
212
179
254
370
293
219
225
375
353
505
564
464
322
207
245
391
422
281
112
109
34
-73
-200
-251
-241
-312
-315
-445
-332
-339
-368
-302
-429
-391
-468
-317
-244
-301
-267
-187
-217
-359
-398
-447
-465
-517
-636
-600
-628
-513
-541
-536
-495
-260
-172
-126
-1
-47
-132
-341
-315
-309
-193
-62
-121
-175
-159
-296
-361
-231
-170
-115
-111
-131
-73
-25
63
293
348
412
516
357
391
510
447
426
542
500
468
444
338
304
386
386
278
359
497
445
454
486
615
562
543
502
599
453
318
389
257
322
349
407
301
193
96
297
275
473
571
480
549
438
513
522
301
60
-60
-159
-261
-198
-78
2
-7
-24
-57
-140
-334
-281
-307
-384
-318
-335
-279
-322
-253
-184
-256
-293
-369
-441
-577
-565
-741
-703
-574
-542
-491
-501
-442
-475
-569
-437
-569
-610
-626
-836
-650
-538
-427
-459
-319
-309
-497
-494
-474
-412
-471
-455
-323
-208
-159
-53
18
-76
-41
-78
-143
-35
-19
27
22
-1
-43
-19
89
-10
-17
-94
-105
-149
-205
-135
-215
-224
-267
-180
-63
-81
-164
-151
28
96
87
83
-1
162
81
29
203
104
67
44
90
215
253
231
261
155
153
30
92
191
-54
19
224
352
368
279
224
273
195
216
85
-54
-78
22
-59
141
312
348
596
601
557
635
716
642
660
568
591
605
616
803
758
718
705
616
521
545
700
600
526
376
394
297
254
112
146
132
75
114
60
11
29
51
8
6
-25
-161
-288
-204
-133
-131
-86
1
-114
-183
-164
-197
-297
-429
-501
-471
-525
-636
-782
-711
-771
-721
-621
-694
-1033
-1047
-1045
-1079
-1147
-1281
-1367
-1399
-1496
-1299
-1296
-1271
-1010
-1115
-1229
-1395
-1141
-1112
-1072
-1116
-1027
-971
-1271
-1177
-1090
-914
-738
-685
-633
-756
-703
-720
-780
-723
-537
-481
-475
-611
-609
-527
-378
-411
-524
-683
-741
-512
-525
-450
-315
-259
-111
-195
-69
-38
76
246
134
58
-75
-30
-28
-50
-40
-134
-81
-210
-244
-37
46
173
359
371
341
302
185
99
-29
-119
-240
-321
-306
-338
-383
-244
-415
-333
-165
-232
84
292
472
614
717
726
785
877
927
1052
902
585
540
472
346
482
513
583
620
737
948
1027
1144
1034
922
824
824
734
621
581
387
337
366
475
561
641
574
727
557
313
347
433
495
581
553
265
103
-27
252
465
513
495
396
681
659
768
1147
1257
1075
858
674
557
633
641
615
433
424
277
249
242
358
461
445
442
360
548
318
261
222
77
30
-53
-239
-347
-169
-265
-224
-78
-114
-202
-207
-302
-294
-438
-544
-585
-725
-879
-978
-1015
-894
-895
-808
-1084
-1024
-979
-857
-740
-822
-857
-870
-659
-723
-663
-748
-757
-778
-653
-574
-385
-206
-233
-251
-280
-258
-104
-41
-57
-197
-351
-450
-407
-279
-102
-88
-13
-36
51
133
194
210
54
-199
-305
-432
-579
-706
-696
-664
-812
-835
-817
-684
-596
-376
-356
-460
-401
-378
-408
-397
-366
-190
-363
-537
-371
-353
-292
-186
-29
7
-101
120
78
161
227
192
134
-8
-150
-227
-354
-247
-101
-274
-285
-434
-397
-290
-189
-235
-192
-111
-208
-213
-277
-200
-139
-414
-415
-386
-97
35
317
403
212
225
206
228
201
172
50
4
70
108
-103
-105
-70
-77
-98
46
17
7
-80
-101
-346
-264
-431
-658
-839
-919
-931
-987
-739
-838
-674
-520
-516
-420
-371
-262
-357
-428
-347
-505
-505
-594
-635
-508
-512
-544
-483
-570
-918
-794
-597
-484
-612
-598
-723
-882
-737
-607
-538
-487
-435
-431
-459
-549
-553
-376
-365
-356
-462
-450
-400
-438
-331
-310
-548
-410
-384
-432
-351
-177
-23
-87
-14
5
135
120
191
158
33
-85
-152
-206
-202
-180
-206
-194
-408
-382
-443
-173
-38
18
159
393
387
276
48
-44
-98
-253
-86
-277
-209
-136
-121
-141
-35
88
187
261
337
411
587
821
777
733
609
700
595
476
511
514
378
501
693
732
893
916
745
795
820
843
894
942
804
626
665
594
556
546
756
741
997
1230
1289
1236
1128
1127
953
935
986
952
766
819
998
945
1013
1040
894
850
835
920
1024
899
892
986
958
825
874
880
903
749
557
383
425
294
310
424
363
434
496
516
849
823
883
865
817
755
804
944
864
802
660
674
535
625
717
776
776
789
870
1000
876
713
498
343
161
-48
-124
-163
-301
-525
-393
-451
-275
-67
-116
-200
-149
-245
-148
-86
-99
-56
-77
47
-47
43
51
143
107
224
452
413
115
-7
-113
-148
-141
23
-106
-229
-124
-184
302
370
328
417
197
-125
-334
-297
-220
-170
-160
-306
-386
-187
-136
-83
-79
-179
-106
-231
-120
-29
133
280
-4
18
-18
-73
-48
43
-49
43
-1
42
101
-13
62
-25
-28
-120
-124
-339
-420
-464
-592
-627
-747
-717
-783
-882
-857
-751
-777
-863
-894
-905
-898
-751
-616
-561
-498
-390
-335
-362
-349
-236
-140
-149
-224
-18
27
243
168
108
239
169
233
299
312
283
280
44
130
19
90
249
293
230
290
230
139
101
30
-48
-50
-25
-52
-112
-44
177
196
283
302
265
327
340
417
350
449
388
517
435
312
340
156
-18
-49
17
-94
-89
-163
-141
-38
-66
-189
-211
-302
-314
-380
-433
-323
-394
-486
-369
-289
-142
-202
-202
-374
-503
-428
-566
-519
-366
-272
-85
-161
-216
-215
-202
-153
-51
-10
37
36
-118
-185
-221
-86
51
19
74
5
-136
-318
-349
-368
-312
-399
-446
-369
-317
-142
50
255
141
129
42
-82
-94
-102
-9
170
207
439
591
589
562
522
553
391
362
376
281
368
286
301
291
223
251
106
130
264
51
-178
-156
-112
-241
-259
-353
-387
-211
-175
-134
105
166
251
459
341
331
391
253
251
382
317
392
315
144
232
180
204
257
119
227
315
309
419
339
373
314
448
383
441
425
398
445
209
85
69
-70
-187
-227
-391
-135
-211
11
32
-53
96
341
544
641
625
563
508
643
895
853
940
911
767
818
699
831
874
963
910
899
823
727
986
869
853
688
559
484
662
584
627
553
341
293
358
257
251
348
324
415
508
426
571
503
408
426
336
295
141
283
159
341
423
308
125
-135
-77
-182
-349
-196
-254
-371
-486
-380
-361
-243
-293
-225
-284
-296
-324
-464
-318
-301
-242
-152
-424
-558
-464
-473
-220
-309
-333
-349
-138
-14
117
70
-93
-359
-472
-416
-166
91
25
125
-84
-111
-154
-71
1
-37
-58
-132
-274
-225
-113
-113
-84
-4
-210
-233
-313
-417
-390
-253
-283
-290
-289
-256
-45
47
83
4
-179
-204
-246
-124
34
6
176
8
-208
-223
-73
44
-117
-145
-425
-713
-570
-325
-345
-244
-293
-420
-478
-549
-260
33
-136
-94
-181
-161
-63
-51
92
60
66
-123
-253
-22
212
383
336
238
168
-33
-72
123
266
256
142
124
181
254
295
165
48
-7
-7
-112
-19
129
119
155
182
47
-50
-56
-27
159
311
391
323
257
266
268
392
309
403
257
6
-22
127
37
64
182
27
78
-118
-292
-386
-226
-307
-387
-392
-430
-398
-380
-277
-183
-421
-206
-308
-299
-285
-159
-235
-290
-271
-338
-225
-204
-252
-189
-98
-424
-322
-212
15
134
147
175
-132
-303
-275
-157
197
243
290
294
-19
254
11
93
227
285
206
-31
59
264
306
419
389
324
-130
-53
114
172
387
387
141
111
-22
95
232
153
159
172
-59
-65
217
179
187
80
-100
40
-339
-295
45
-172
-329
-297
-706
-668
-873
-1002
-835
-981
-786
-765
-810
-740
-663
-338
-242
-280
-469
-466
-568
-554
-107
-151
-128
-67
-291
-236
-345
-131
-184
-318
-279
61
-165
-68
264
535
507
447
265
3
-151
49
150
-110
-18
69
-42
-169
244
153
95
-191
-120
42
-172
-36
140
278
142
61
139
101
242
93
-67
254
207
284
294
118
307
217
-28
147
16
-95
81
83
377
388
197
244
119
166
134
166
105
69
107
118
94
48
183
89
311
192
154
345
200
510
510
377
738
556
453
502
296
428
544
624
590
464
440
556
553
413
510
602
385
442
470
660
745
668
744
780
442
576
615
407
383
319
333
344
296
198
186
496
686
764
594
463
345
428
416
144
-193
-128
-167
-190
-96
-409
-416
-548
-575
-174
-284
-414
-354
-670
-543
-267
-253
-212
-290
-310
-463
-154
-101
31
179
131
103
-187
-223
-43
-127
-210
53
-321
-199
-192
-238
12
-98
-92
-102
-172
-286
-403
-475
-596
-559
-797
-916
-826
-1104
-779
-621
-631
-848
-904
-1025
-849
-540
-545
-518
-716
-846
-459
-441
-289
-478
-385
-382
-510
-312
-328
-166
-298
-11
-317
-224
-232
-358
39
1
428
555
156
257
392
84
215
24
205
58
-53
199
173
197
-121
1
-143
-101
185
150
225
272
56
59
167
-9
91
20
-222
-67
-319
-56
-219
-66
-28
8
-122
-746
-535
-416
-233
-415
-808
-579
-811
-785
-514
-306
-620
-545
-514
-436
-519
-438
-191
-116
-79
-168
-224
-584
-291
-172
-516
-194
-148
-365
-81
92
223
492
221
189
289
114
138
424
369
310
425
242
103
-14
-50
79
178
-13
71
14
-19
214
-22
32
-9
-121
-137
-278
30
130
268
187
5
-37
-845
-367
-223
-175
-260
-99
-397
-290
-299
-140
-55
-378
-502
-643
-823
-678
-238
-351
-523
-689
-840
-827
-1193
-1234
-786
-1151
-810
-490
-799
-972
-725
-697
-731
-430
-596
-372
-255
-379
-179
-520
-412
-378
-722
-332
-342
-600
-456
-535
-603
-506
-857
-363
-296
-128
81
152
-323
-137
110
17
706
569
214
288
305
452
680
556
823
588
351
515
481
179
356
366
177
247
108
244
647
242
473
402
135
197
-132
-177
-358
-347
-99
155
252
291
368
110
-233
-371
-689
-390
-355
-164
-126
-497
-549
-422
-236
-211
-328
12
165
-22
-104
179
22
115
252
29
73
96
408
222
162
416
543
735
534
244
-9
-482
-150
-156
300
643
1373
2679
2771
2823
2238
1467
2087
2570
2362
2556
2436
1459
1120
641
514
510
621
836
271
-347
-1023
-1385
-2105
-1812
-1660
-1620
-1432
-2109
-2125
-1543
-764
235
881
1303
1141
209
-65
-59
244
864
1613
2187
2458
2245
1685
1477
1133
643
534
751
570
141
-538
-1141
-1725
-1224
-923
332
650
365
119
-655
-1050
-1488
-1399
-1000
-1086
-650
-348
381
360
128
-198
-871
-1019
-1248
-639
-592
-591
-869
-731
-1228
-1093
-543
-98
-122
-336
-799
-1025
-1267
-1402
-1201
-1208
-1720
-1608
-758
-484
-209
104
348
422
326
-75
-124
-279
-759
-848
-586
-147
464
646
339
536
682
877
1430
1366
1118
1017
261
36
-130
-500
-135
29
-58
384
420
696
724
643
432
-574
-975
-1487
-1410
-543
-190
672
1190
1209
1314
744
504
335
-4
-285
-424
-231
262
689
899
1275
1256
1098
1499
1350
656
97
-357
-799
-1180
-1008
-392
-68
664
902
1178
1347
1137
1460
1010
497
224
-19
-3
-96
496
1018
1492
1918
1719
1068
297
-233
-449
-528
-774
-692
-713
-859
36
334
759
1089
380
194
-433
-380
-378
-854
-1194
-1239
-965
-753
-283
122
323
445
311
349
303
1
-559
-1072
-861
-753
-497
-576
-804
-584
-894
-1099
-1116
-1373
-1528
-1404
-1233
-963
-960
-874
-973
-1274
-1443
-1529
-1509
-1366
-1149
-975
-706
-1112
-1127
-1242
-1303
-1107
-1006
-955
-947
-764
-672
-388
-62
322
529
459
317
-396
-723
-609
-592
-366
-286
-66
-63
51
301
346
295
25
-176
-393
-623
-563
-418
-161
-28
-20
0
-192
-420
-642
-835
-742
-573
-664
-560
-374
-183
-413
-373
-118
-266
156
191
8
-229
-467
-344
-492
-478
-128
214
640
673
1025
1249
998
759
894
470
-156
-673
-542
-519
-369
-189
16
-23
-244
-60
-173
-219
-63
319
398
728
1001
1048
931
1238
946
1073
1094
1050
701
489
179
452
507
249
616
293
342
124
-62
109
115
-138
-436
-709
-637
-856
-815
-804
-544
-404
-213
8
529
644
630
559
301
-37
-144
-101
-364
-458
-626
-611
-453
-283
-144
-457
-631
-622
-949
-1243
-1396
-1021
-1182
-1318
-1207
-884
-423
-63
663
935
989
1043
1131
1393
1814
2774
3086
3710
4291
4808
5283
5561
5617
5803
5447
5231
5251
5280
5098
4742
4510
4292
4040
4128
4451
4153
4077
3944
3408
2754
2365
2214
1863
1453
959
930
669
660
410
194
-443
-945
-1417
-2082
-2550
-2789
-3004
-3337
-3736
-3984
-4394
-4878
-5136
-5867
-6655
-7533
-8137
-8557
-9280
-10145
-10887
-11683
-12131
-12433
-12728
-13152
-13669
-14521
-14804
-15633
-16713
-15860
-14344
-11870
-9460
-6796
-4116
240
4335
7572
10265
12210
13516
14491
15508
16546
17230
17755
18214
18896
19385
18447
16129
14639
12195
9314
5788
1100
-2672
-5726
-8094
-9641
-10372
-10137
-9322
-8048
-5823
-4178
-3159
-2278
-1399
0
2201
3934
6123
8088
10668
13972
16805
18552
19443
20244
19811
18193
15588
12578
9491
7333
5120
3737
2363
1794
1158
925
811
131
-1035
-2104
-2812
-3440
-4258
-4775
-4566
-3514
-2422
-1179
-124
394
834
1260
807
57
-1392
-3613
-5102
-6032
-6928
-7940
-8837
-9303
-9715
-10695
-11784
-13637
-15343
-17469
-19607
-21785
-23463
-25005
-26012
-25959
-25493
-24231
-21812
-17070
-12332
-8777
-5081
-659
3367
6039
8493
10434
12239
13641
14886
16573
18593
19405
20098
20343
20668
19607
15996
11791
8440
5432
1420
-3454
-6700
-9105
-10856
-11814
-12345
-12118
-11616
-10557
-9259
-7484
-5563
-4019
-2310
-272
2693
5522
8174
10541
12738
14801
15962
16185
15675
15093
13602
11627
9751
7715
5626
4226
3868
3973
3528
2874
2627
2495
2421
1987
1146
191
318
912
1403
2116
2900
3347
4028
4656
4901
4309
3758
3195
2702
1820
539
-476
-1193
-1532
-2123
-3181
-4524
-5627
-6348
-7111
-8201
-9361
-10659
-11383
-11300
-11336
-11971
-12310
-12484
-13506
-14694
-15878
-17380
-19314
-21231
-22710
-23897
-23850
-23165
-19804
-14640
-10211
-7529
-3026
2288
6233
9320
10853
12365
13636
14189
15546
17800
19080
20727
21570
22554
22119
18229
13332
8408
4067
162
-6072
-10777
-13177
-14574
-14088
-12963
-11521
-9291
-6809
-4039
-1863
-317
739
1071
2389
4778
7363
11165
14085
17029
20456
23167
23670
22557
20362
17062
13002
8438
4114
464
-1937
-3297
-2979
-1442
-234
607
1964
3222
3991
4220
3446
2936
3617
4686
5504
6628
8086
8543
8931
8644
6828
4770
2374
-480
-2282
-4510
-6295
-7908
-8162
-7336
-6871
-6723
-6672
-6331
-6330
-7286
-8459
-9063
-10088
-10570
-9658
-8594
-7570
-6776
-6327
-6238
-6198
-7501
-9791
-12544
-16433
-20584
-24220
-27790
-30960
-32148
-32008
-28729
-22995
-16846
-13447
-8448
-739
4967
9677
11766
13944
16649
17453
19105
21791
23238
24832
24488
24920
24741
20485
14764
8829
4164
185
-6640
-12093
-15159
-16812
-16456
-15689
-13425
-10448
-7433
-3878
-1119
1122
2717
3117
4490
7517
10614
14414
17155
19680
22559
24590
24424
21955
18597
14763
10179
4958
790
-2807
-4921
-6005
-5578
-3890
-2420
-2143
-1673
-1151
-128
644
761
1821
2925
4215
5688
6602
7405
6358
5413
3671
999
-1408
-3852
-6030
-6822
-6888
-5926
-4987
-3879
-1917
-242
559
489
-6
-378
-118
2
46
139
915
1282
1652
1448
370
-1798
-4027
-6368
-10043
-13570
-16475
-19876
-22373
-24662
-27117
-29580
-31346
-32493
-30950
-29569
-26549
-18773
-9834
-4944
1193
10144
17444
23252
25328
27328
29661
29241
28283
28241
27803
26768
22952
19984
17877
13246
6147
-2072
-7631
-11521
-18062
-23671
-25594
-24964
-22726
-19846
-15839
-10783
-5434
-618
2964
5869
7557
8581
9660
11172
13779
16883
18559
19426
20521
21287
18998
14564
8903
3329
-1630
-7154
-11612
-14299
-15472
-15942
-14433
-11179
-7454
-4913
-3115
-1215
1279
3148
4189
6382
8255
10224
11040
10812
10304
8952
6518
3170
-991
-3068
-4698
-5962
-4795
-2821
-682
840
2921
4894
5904
5752
4814
3824
3187
2480
1741
1812
2183
2700
2919
2850
2111
145
-2801
-6052
-9222
-12578
-15457
-17860
-19794
-21158
-21533
-22790
-24219
-25989
-27943
-28984
-28020
-26527
-22039
-12812
-2989
2975
10015
19849
27215
30717
30071
28527
27215
22858
18552
15897
14068
12551
8708
5902
4667
883
-6152
-13303
-16428
-18490
-22582
-25256
-24256
-20553
-15718
-10640
-4786
1392
6618
10000
12221
13474
13198
12418
10937
11010
12837
15416
16206
16558
17162
16618
13257
7737
1006
-5079
-10895
-16314
-19169
-19718
-18462
-15789
-10981
-4253
1678
5863
8475
11012
13509
13559
13448
14015
14260
13988
13172
11758
10299
8128
4904
1342
-995
-3053
-5040
-5039
-3259
-1005
1100
3515
5635
6541
6399
5960
5777
4608
3466
3217
3412
3717
4522
5066
5510
5337
3928
1368
-2131
-5615
-9626
-13306
-15364
-17620
-20075
-21616
-22730
-23643
-24871
-26650
-29055
-31898
-32147
-30014
-27548
-20000
-7691
-268
4005
12550
21163
25729
24730
22002
20878
16586
12408
10048
8657
8619
6316
3382
2792
1417
-2957
-9861
-13882
-14257
-16136
-18412
-18676
-15593
-10567
-5911
-1517
2781
6258
8826
9688
9650
9494
9122
7989
7497
9408
12782
14359
13790
12848
12079
9677
4208
-2791
-8262
-11950
-14879
-15824
-14550
-10788
-6820
-1912
4475
9901
13518
14532
14650
15302
14931
13308
12189
11707
11654
10678
9064
7425
4773
1129
-2180
-4339
-5434
-5757
-4627
-1869
2104
6302
8288
9504
10328
9345
7788
6023
4022
2383
1668
2276
3792
4878
5813
6365
6062
4766
1666
-2438
-7140
-11315
-15181
-18191
-19585
-20371
-21129
-20056
-18851
-19551
-21016
-22234
-24248
-27027
-28316
-26102
-23114
-18825
-7181
4609
8777
13027
20095
23949
23490
19070
13574
8872
3642
636
-593
528
3406
2747
1709
3097
3231
-1832
-8648
-10888
-10338
-11350
-12945
-11912
-7872
-3228
705
3326
6320
8827
9937
10398
9958
8958
8532
7203
6177
8044
11128
11063
7739
5589
4053
1042
-4331
-8942
-10478
-10943
-10832
-9083
-4720
548
4702
8709
13041
15986
16582
15235
14057
13272
11979
10749
9051
8353
7998
6218
3698
1475
-1512
-4036
-6176
-7244
-6157
-3890
-1819
356
3202
6212
7391
6077
5530
5425
4311
3123
3893
5371
6228
7375
8542
9237
9008
6619
2989
-1071
-5115
-9109
-13489
-17705
-19995
-21240
-22163
-21992
-21101
-20392
-21134
-21486
-21300
-21908
-24986
-26872
-26527
-24292
-22411
-18982
-7549
3505
5560
7831
15185
19964
19090
12840
8436
7035
3135
996
1939
5913
9392
7770
6543
8307
7432
336
-7035
-8776
-7760
-8343
-10131
-9746
-6731
-3045
-654
404
3189
5765
7418
8026
7991
9002
8814
6611
5655
7753
10579
9049
5424
3689
2992
1418
-2467
-4460
-4156
-4063
-3563
-1432
2063
4830
5672
6887
9707
12110
12225
11191
10612
10332
10076
9621
8731
6936
5440
4498
2538
-242
-2951
-4601
-5884
-5264
-2666
-99
1380
2951
5382
7489
8072
6968
5361
4847
5027
5389
6294
6944
7194
8132
9134
8940
6614
2659
-1397
-5966
-10390
-13788
-16718
-19810
-20957
-20123
-18431
-17494
-16153
-14366
-13130
-12255
-12557
-14021
-14515
-15852
-19919
-23528
-24761
-23215
-22846
-18019
-5864
1215
3687
9252
14805
18971
18123
13384
10044
7079
6181
5774
7067
11716
13209
10673
9220
10108
6917
-660
-5754
-6255
-5324
-7051
-9152
-8485
-6252
-4063
-2969
-1285
1522
4465
6034
5509
6833
8012
6424
3492
2810
5637
6243
4307
2587
2947
4151
3233
1422
1152
1223
402
-848
16
1925
2680
3560
6285
10578
13616
15182
14952
14814
14359
11634
8822
7627
5588
2049
-634
-1352
-1257
-1489
-2083
-1604
562
1211
879
1846
3772
4339
3617
4052
6202
7828
8538
10220
11952
12777
11962
9689
8080
6166
1661
-3672
-7742
-11017
-14383
-16973
-17176
-16736
-16412
-14551
-11462
-9684
-9093
-7970
-7488
-9129
-10610
-11817
-15076
-19384
-22663
-26612
-31136
-32241
-29338
-25188
-16301
-2781
3706
5741
12201
19289
21381
17749
14455
13478
11088
11401
14542
17992
20977
19641
16126
13557
10721
2857
-6336
-10744
-11365
-12075
-14993
-15467
-14083
-12123
-10328
-9385
-6487
-2348
1706
4431
6438
9491
10822
9646
8028
8591
10979
10155
7053
4918
5609
5778
3545
1753
1358
596
-1883
-2903
-1168
1373
2434
3677
8036
13632
16117
15320
13886
12550
9669
6147
3929
2718
1915
-226
-931
798
1256
7
-1252
-1762
-1535
-1828
-2470
-1762
-78
1718
3224
6098
9050
10917
11447
11210
10226
8187
4319
-239
-3197
-4845
-6577
-8825
-9671
-9551
-10764
-12563
-12321
-11586
-11967
-11653
-10912
-11020
-10119
-8816
-9923
-12106
-13794
-16074
-19071
-23150
-26959
-30316
-32617
-30882
-26588
-19545
-6181
4575
7200
11324
18745
23517
22084
17818
16669
15174
12694
12450
14419
16428
14353
8262
3116
411
-5316
-14074
-18748
-17883
-15557
-15566
-14804
-11511
-9499
-7732
-6641
-4428
-298
4636
8779
11256
14488
16415
15949
13529
11615
11221
9708
6431
3187
2234
2625
1988
770
808
1520
957
-141
388
2455
3990
4581
6848
11084
14384
15216
14109
13114
11846
9551
7460
6207
5561
4145
1297
-959
-1472
-2542
-4764
-6037
-5379
-4101
-2452
139
3703
5979
6666
7529
8797
9305
8361
7044
5695
4507
3547
2152
269
-1376
-2899
-4470
-6298
-8629
-10583
-12649
-14639
-14816
-13692
-12564
-11797
-11423
-10472
-9853
-10982
-12737
-14879
-17883
-20889
-23818
-26125
-27870
-29517
-27837
-23165
-16703
-4753
7613
11812
12991
16895
21371
22267
18520
14951
12770
10050
9037
9200
10288
10297
4864
-1580
-3964
-5963
-11446
-16327
-15190
-10311
-7602
-6739
-5392
-4708
-4252
-3467
-2551
848
7010
12901
16416
18834
20594
19476
14733
9181
5696
4003
1898
-486
-1285
267
2300
3251
3546
3927
3326
857
-1236
-423
2095
3675
5628
10092
15575
18073
17381
16105
14002
10024
5640
2827
1621
-95
-3477
-6159
-6872
-6509
-7024
-7638
-5976
-2710
-169
2759
6578
9177
9603
9161
9309
9427
8728
7365
5804
4696
3843
1707
-1416
-4204
-5961
-8018
-10352
-11517
-11666
-12220
-13216
-12946
-11193
-9826
-9704
-9662
-9923
-9794
-9807
-11170
-12299
-12737
-14014
-16222
-18241
-20695
-24299
-26292
-23856
-19520
-12121
470
9811
11082
12331
17476
21072
19229
15088
13157
11246
8380
8328
10239
11863
9761
3005
-1352
-2402
-4732
-9116
-10251
-6165
-2498
-2624
-3059
-2944
-4106
-5647
-6094
-3480
2126
9142
14846
18173
19079
17240
12534
5644
171
-2129
-1995
-1664
-1391
1264
5067
7038
6380
5053
3285
-108
-3241
-3398
-283
3736
7112
11103
15895
18990
18071
14164
9534
4414
-248
-3056
-3676
-2989
-2985
-4552
-5693
-4925
-4041
-4125
-3910
-1833
993
3708
6562
9067
9929
8486
6454
5061
4432
3745
1414
-1528
-2840
-3973
-6093
-8337
-9678
-10160
-10706
-10389
-9786
-9596
-9952
-9955
-9067
-8540
-8198
-7748
-7904
-7963
-6631
-6307
-8104
-10005
-11948
-14789
-18557
-22496
-25944
-28741
-28315
-24155
-18866
-7865
6302
12203
11411
13751
18023
18795
16250
14091
13881
12075
10346
11167
13039
13634
8613
994
-1824
-1318
-3482
-6740
-4888
-760
-115
-2670
-5010
-7318
-9937
-10908
-9368
-3716
5562
14398
18461
18659
16446
11498
4487
-2206
-5039
-3896
-784
1593
4316
7802
9001
6902
3462
972
-1383
-3584
-3651
-399
4905
8539
11011
13394
15244
14592
10897
6952
4318
2363
417
598
2191
3143
1392
-1998
-3862
-3937
-3823
-3481
-1729
1148
3659
5413
6780
7022
5120
2245
72
-304
203
99
-905
-1930
-1640
-1716
-2915
-3921
-3573
-3067
-3080
-3107
-3411
-4862
-7048
-8890
-9909
-9898
-9188
-9092
-9789
-9633
-8492
-9506
-13181
-16256
-18229
-20728
-23733
-25571
-27099
-27585
-23564
-17980
-10656
2058
12363
12923
10359
12991
16728
16715
14515
14058
14315
12235
10669
11308
12759
10970
3515
-2289
-2583
-1437
-3359
-4794
-2144
-1184
-4202
-9318
-12712
-14835
-15876
-14571
-9676
-338
9469
15375
16045
13541
8889
3199
-1396
-3147
-923
4256
8985
11328
12261
12167
9107
4661
1770
261
-873
-688
2346
6509
9246
9882
10107
10522
11092
10082
7916
6921
6375
5024
4179
5163
6154
4193
205
-2505
-1949
-1060
-687
422
2651
4356
4424
5306
6425
5348
2030
-272
-236
623
1214
1075
655
1046
1446
1264
408
130
-463
-1960
-3300
-4417
-5818
-8537
-10759
-10895
-10268
-9661
-9508
-10112
-10539
-10707
-11865
-14032
-16222
-18018
-19412
-21268
-22444
-22489
-22732
-21228
-16916
-11081
-518
9519
11668
9090
9772
13171
14917
14962
15572
17403
16177
12948
12404
13381
12092
5378
-1084
-1841
-109
-826
-3517
-2377
-1806
-6064
-12702
-17277
-19036
-19370
-17086
-11429
-2952
6699
13029
13762
11104
7672
4123
613
1336
5616
11571
15238
15833
14777
12301
8594
4096
1383
772
808
38
750
2974
4381
3321
2557
3762
6467
8065
8104
8048
7858
6492
4920
5194
6640
7055
5065
2895
2328
2873
2721
1605
1941
3289
2943
2694
3864
4446
1993
-1648
-3795
-4061
-2999
-1826
-1393
-1001
67
108
-814
-1823
-2246
-2733
-3669
-3951
-3643
-3657
-5219
-7345
-8466
-9968
-11750
-13776
-14833
-15454
-16080
-17338
-19608
-21381
-22531
-23535
-25336
-26503
-25667
-21911
-17608
-8763
3271
8864
7370
6059
8985
13239
17310
18660
19195
20206
18101
14478
13138
12775
10353
4630
583
1121
2111
-60
-2521
-2508
-3129
-8160
-15266
-18804
-19036
-17954
-14573
-8399
-289
7690
11110
10643
8249
7028
5333
3773
6765
12988
18138
18082
16568
14328
10861
7117
4295
3754
5030
4188
1912
616
798
583
-560
14
2456
6420
8357
8566
7403
6277
5622
4666
5508
8852
10464
8679
5932
4732
3188
1364
-401
-566
1778
2756
2470
2685
2045
-1336
-5774
-8339
-8447
-6791
-4254
-2919
-2216
-1504
-1669
-2943
-3475
-2653
-1413
-43
652
1067
410
-2113
-5768
-8223
-9190
-10179
-12003
-13689
-14241
-15639
-19136
-22523
-23377
-23584
-24003
-24159
-24104
-24205
-22089
-18631
-13794
-3530
5978
8058
6209
8748
15058
19373
20380
19546
19685
18940
15892
14790
15584
14562
10516
4985
2398
2970
1930
-659
-1794
-775
-3231
-10973
-18072
-20692
-20440
-18956
-13455
-6531
486
4802
4477
2446
796
1117
2210
5939
12878
20313
22835
20092
15698
12168
9379
8078
9138
11270
12641
9849
5981
2874
389
-2802
-4226
-2179
1968
5269
5629
3698
827
-709
-644
1135
5007
9472
10019
7827
6616
5757
3917
2983
3736
5488
6937
7567
7477
5569
1009
-4189
-7299
-8191
-6781
-4091
-2064
-2353
-3822
-4666
-5258
-5234
-4051
-1892
195
1042
693
-412
-2357
-4271
-5345
-5921
-6110
-6830
-9090
-11787
-14038
-17766
-21163
-21869
-21208
-21075
-21210
-22580
-25256
-25875
-22925
-19047
-11024
411
6430
4896
3173
7278
12262
16169
18610
20506
22804
22118
19787
19080
18468
15750
11912
8758
8984
9417
7216
3929
1532
-1921
-9753
-18430
-23393
-23612
-21409
-18072
-13902
-10282
-7496
-6760
-8047
-8293
-4200
980
6796
13768
20183
23245
21055
17048
14924
15653
18078
21141
22840
21853
15896
7152
-171
-4155
-5858
-5762
-3490
-1255
87
-1763
-6050
-10276
-11565
-9460
-4336
1855
7048
8925
6111
2170
1362
3230
5484
9283
12882
14255
13162
10613
6525
2022
-1311
-2699
-1668
-301
347
-391
-3146
-7563
-10457
-10611
-9062
-6750
-4124
-2118
-2108
-3503
-4776
-5858
-5818
-4129
-2387
-1605
-2013
-4356
-7894
-10632
-12753
-14028
-12978
-12374
-13296
-15131
-18597
-23048
-25326
-23712
-20450
-17410
-9960
-2663
-1678
-6056
-6115
699
7789
13922
16887
19043
19944
18168
16506
19083
22490
22446
20959
19117
18738
15798
11147
6764
3949
-64
-7764
-15240
-20664
-22995
-23185
-23668
-23748
-21583
-19044
-18217
-18282
-16358
-10280
-4110
2408
8499
14530
17877
18055
17953
19942
24714
28351
29164
27117
23033
16553
10552
6477
5393
5914
5757
5113
2758
-926
-5683
-10316
-13080
-12117
-9092
-6180
-4566
-4005
-5103
-7636
-7705
-4181
1136
6429
10690
12145
10953
10028
10558
10570
11175
12609
13409
12632
10454
7483
4203
415
-3003
-3938
-3993
-4732
-6903
-9191
-11326
-13281
-14199
-14205
-13870
-12455
-11419
-11131
-11459
-12046
-11998
-11233
-9823
-8965
-6631
-5545
-6346
-8503
-10432
-12957
-14872
-14557
-13146
-12536
-10145
-6065
-4699
-8392
-12629
-9151
-2855
2160
4309
5257
6673
7137
7711
10766
16374
19362
19688
18892
19627
20221
18820
17676
15898
13279
6606
-2524
-9317
-13062
-14111
-15660
-18629
-20627
-20934
-22127
-23143
-23318
-19337
-13517
-9047
-5379
-2079
2320
4433
5689
9669
16133
22174
25157
24853
22513
18975
15988
15958
17867
20520
21872
20463
17275
12623
8258
4094
1153
300
-155
-2106
-4352
-6700
-10108
-14147
-16184
-14624
-11829
-8928
-6479
-5037
-4676
-3614
-836
3044
6580
9445
10764
11254
12503
13978
14284
13651
12015
10441
8360
5440
3222
1047
-1356
-3692
-5439
-8245
-11817
-14774
-15999
-17065
-17589
-18363
-19637
-19905
-19985
-19376
-18378
-16302
-14058
-12850
-12469
-12341
-13397
-12855
-10554
-8707
-4792
-1006
51
-2343
-4717
-1311
4131
7713
8398
7696
8159
9247
10499
13444
16773
17980
17534
16098
15968
16363
15713
16019
15210
12490
6228
-1513
-6985
-10042
-10972
-11283
-14013
-17637
-19191
-19832
-19246
-18606
-16167
-12643
-9604
-6720
-4184
203
4675
7434
11052
15928
19423
20406
19203
17790
15809
14461
16087
18650
20281
20307
18775
16920
14130
11918
10560
9080
7502
6060
3084
29
-1847
-3935
-7386
-10379
-11098
-11236
-11090
-10247
-9029
-7966
-6540
-4967
-1851
809
2472
3897
5100
7154
9725
11693
11291
9714
8636
7694
6243
5624
5058
3980
2112
-815
-3961
-6821
-9464
-11187
-12372
-13645
-15158
-17744
-19458
-20452
-20255
-20336
-19502
-17581
-16578
-17099
-18245
-19047
-17688
-15371
-13575
-8898
-7283
-8911
-11904
-9724
-2262
3247
6152
6010
5706
7725
11562
15089
19987
23231
23413
22179
20876
22550
23795
24640
24577
22197
17014
8411
665
-3365
-5270
-8132
-12141
-18111
-22790
-25816
-27212
-26608
-26630
-24368
-23479
-22066
-18533
-14164
-8740
-2934
3047
8470
12931
15577
16838
16976
18863
20039
20448
22114
24021
25696
25213
24231
23218
21141
18569
16139
13663
11021
8375
5673
2766
-789
-3945
-8133
-12390
-14530
-15374
-16417
-16969
-16539
-15374
-14371
-12483
-9357
-6581
-4323
-1904
1097
4148
6985
9654
10541
10091
10319
11346
12421
12762
11667
9870
7432
4005
483
-2429
-4736
-7304
-9290
-11138
-14399
-17703
-20683
-22599
-23545
-23917
-23742
-22724
-21466
-21722
-22584
-21677
-20818
-17574
-13569
-12477
-13688
-13290
-7396
-946
2511
3359
3509
3935
7582
12912
18668
23493
23981
22515
20876
22291
25610
27911
29543
28424
24249
19106
13988
9372
7032
3568
-1522
-8503
-15307
-18614
-21605
-23756
-26921
-29301
-29799
-31880
-32303
-28960
-23149
-18060
-14204
-10382
-5395
-1293
2946
7093
10588
14556
17289
18596
19245
21007
24273
26829
27443
27996
27666
27378
26358
24178
22142
18915
16492
13594
9640
6183
2526
-1704
-6394
-10270
-13096
-15471
-17353
-17865
-18103
-17731
-16789
-15618
-13662
-12555
-10735
-7142
-4177
-1841
762
4271
7306
8883
11108
12933
13198
12527
11367
10320
9172
7243
4751
2380
-194
-2752
-5796
-9322
-12913
-16607
-20020
-23139
-25205
-25818
-26178
-24248
-23955
-22657
-22395
-23039
-23684
-21986
-14943
-8233
-5025
-5782
-5086
-2353
3987
10432
15271
18624
18866
20451
21521
24148
27443
29705
31397
30405
27994
24937
23132
22150
22284
19576
13877
6077
-1111
-4758
-8882
-11637
-15089
-19065
-23339
-28028
-31005
-31569
-30616
-29599
-28055
-25171
-20240
-16287
-12120
-7898
-3884
280
3637
7532
11667
16124
19754
21354
22114
23245
25119
27648
30715
31622
31578
29862
28068
25624
22524
20079
17186
14114
9662
5212
1015
-2102
-5948
-9417
-13294
-16962
-19635
-20717
-18715
-17243
-16290
-16721
-17732
-17490
-14577
-10272
-6330
-2315
1292
4562
6000
7591
9838
11322
11651
10815
10659
10859
10328
8735
6259
2793
37
-3288
-7284
-11836
-14720
-18392
-23214
-25666
-24666
-25010
-25926
-25448
-25198
-26285
-26001
-20670
-15923
-13140
-11588
-9006
-5806
-634
5334
9794
14191
16240
17140
17653
21098
26371
28589
28857
27179
25360
23028
22035
22012
21735
19095
14421
9437
4041
479
-2495
-4823
-8980
-12991
-16250
-18655
-20838
-22804
-24009
-26361
-26885
-26207
-23296
-19405
-16084
-13072
-11399
-8682
-5618
-1778
2452
6361
9055
10577
11696
12633
14669
17309
20914
23088
23811
24047
24727
25540
25831
25100
23415
20975
18301
16605
14715
12722
9847
5074
-230
-5194
-8254
-10213
-11157
-11278
-12480
-14631
-16842
-17881
-18380
-17323
-15085
-12873
-11245
-9152
-6331
-3421
-1186
22
1233
2899
4530
5809
7876
9269
8799
6969
5564
4495
2946
1666
-1258
-5649
-10799
-14605
-17129
-18713
-20121
-20934
-21224
-22207
-24308
-25364
-22344
-19340
-17683
-17967
-16387
-12190
-6619
-1035
2814
6925
8638
10537
13100
18043
23903
26958
28640
27904
26248
24301
24363
25116
25061
23092
19049
13652
8259
5319
2390
-1052
-5854
-9922
-13282
-16201
-18037
-19645
-21013
-24638
-26898
-27478
-25065
-21528
-18411
-15755
-14175
-11725
-8217
-3701
87
3232
5371
7086
8619
10950
13975
15891
17149
18189
19557
21038
22597
23463
23203
22616
21138
19778
18213
17900
16539
14355
11841
7736
3122
-873
-2964
-4389
-5511
-7674
-10136
-11973
-12634
-12769
-13208
-13510
-14041
-13739
-12299
-11020
-9577
-7468
-5687
-5389
-5271
-3839
-2073
-213
948
1559
1703
2294
2735
2611
1891
1045
-292
-2873
-5414
-7356
-9295
-12125
-15057
-14399
-13480
-14444
-17282
-17707
-15736
-14587
-15081
-15526
-13698
-10678
-6523
-2511
369
1941
3578
6562
10358
14783
18564
21008
22526
23688
24833
25312
25257
24911
25254
24627
22604
18887
14853
12019
8607
4582
-90
-3253
-6706
-9924
-13705
-16560
-18604
-21776
-24285
-26017
-24992
-23470
-21923
-20222
-18254
-15521
-11331
-6667
-3172
-304
2134
5065
7825
10651
12662
13915
15600
17452
19814
20834
21815
22540
22709
21687
20220
19617
19657
19570
17581
15025
11994
8914
5682
3143
1253
-1304
-4545
-7436
-8736
-9449
-9902
-10458
-11484
-12475
-13214
-13379
-12647
-11229
-9506
-8506
-8260
-8440
-8256
-6972
-5131
-3399
-2571
-2665
-2847
-1974
-515
-71
-385
-1166
-1998
-3675
-4607
-6245
-7886
-10426
-11456
-12116
-12615
-14033
-16114
-15041
-13345
-12174
-13833
-14455
-12994
-9831
-6139
-2321
1119
2233
3215
4858
8540
12972
15804
17865
18785
20057
20969
21691
22417
22809
22296
21311
19507
17049
14966
12122
9518
5041
878
-2920
-6197
-9289
-12678
-14723
-17719
-20572
-23087
-23895
-24119
-23712
-22883
-21316
-18829
-16351
-12851
-9289
-5570
-1898
1908
5559
7704
9504
11408
13359
15322
17069
19112
20251
20859
20913
20852
20577
20389
19458
18650
18077
16592
14937
13126
11515
9099
6244
3408
474
-2633
-4687
-5616
-6168
-6930
-8386
-9788
-11017
-11774
-11349
-10537
-9965
-9828
-9144
-8858
-9069
-8917
-7887
-6457
-5763
-5547
-5366
-5106
-4556
-3912
-3710
-3542
-3871
-3926
-5001
-5594
-6350
-6966
-9428
-10565
-10577
-10306
-11364
-13524
-12525
-10932
-9011
-9696
-10066
-9349
-7448
-3986
-646
2686
3659
3992
4607
7199
11086
14044
16044
16428
17136
17421
18511
18751
19475
19756
18993
16813
14277
13260
11327
9499
5990
3328
259
-3185
-6663
-9638
-11033
-12784
-15596
-18468
-19557
-20521
-21288
-21615
-20865
-19508
-17595
-14828
-11877
-8454
-4975
-1717
1378
4261
7008
9109
11457
13789
16344
17900
18704
19127
19844
20338
20036
19954
19624
19167
17492
15852
14880
13946
12397
9695
6962
4129
1256
-1795
-3747
-5108
-6812
-8257
-9607
-10348
-10918
-11127
-11120
-11430
-11218
-11011
-10708
-10350
-10356
-10318
-9493
-7965
-7251
-7127
-7124
-7294
-7102
-6277
-5616
-6039
-6261
-6531
-6782
-7161
-7105
-7520
-8614
-8772
-8937
-8996
-10540
-10651
-9816
-8597
-7714
-7542
-6837
-5798
-3557
-629
3032
5641
6381
6380
7276
9752
12349
14958
16220
16641
16315
16293
17149
17400
17623
16727
15929
14191
12588
10823
9155
7419
4913
3179
724
-2065
-5542
-7983
-9497
-11002
-12620
-13956
-15235
-16777
-17836
-18824
-18808
-18248
-16852
-14866
-12672
-9902
-6955
-3873
-1160
1477
3910
6761
9811
12846
15247
16700
17978
18209
18867
19726
20653
20597
19654
19044
18301
17377
15763
14448
12364
10052
7842
6033
3800
601
-2177
-4561
-6365
-7999
-8737
-9150
-9561
-10417
-11122
-11303
-11266
-11029
-10870
-10964
-10919
-10417
-9594
-8482
-7765
-7413
-7766
-7830
-7839
-7668
-7146
-7369
-8241
-9068
-8793
-8627
-8494
-8562
-8196
-8538
-8692
-9710
-10165
-9127
-7971
-6459
-6628
-6108
-5001
-3166
-999
1993
5791
8158
8902
8727
10185
12441
14511
15816
16949
18017
17686
16915
15630
15121
14802
14493
13256
11838
10136
7431
4965
3122
2726
1548
-523
-3309
-5703
-7220
-8715
-10103
-11292
-11555
-11473
-12622
-14203
-15037
-14925
-14575
-13957
-12760
-11016
-8490
-6123
-3869
-2015
90
2504
5579
9028
12129
14329
15542
16115
16728
18160
19084
19842
20007
19739
18855
17807
17297
16329
14746
12878
10976
9411
7771
5413
2423
-631
-2991
-4943
-6774
-7814
-8592
-9911
-11360
-11928
-11525
-11798
-12279
-12497
-12686
-12083
-11372
-10345
-9512
-9193
-8775
-8299
-8344
-8337
-7854
-7453
-7222
-7549
-7742
-8008
-8520
-8163
-8169
-7952
-7837
-7066
-7206
-7767
-7673
-7119
-6156
-5584
-4508
-3341
-1484
479
2875
5151
7042
8727
9934
11281
12471
14192
15080
15598
16122
16608
16707
15940
14717
13313
12412
10978
9784
8261
6408
4204
1905
177
-1458
-2765
-4088
-5544
-6896
-8390
-9994
-11021
-11324
-11471
-11184
-10967
-11148
-11691
-12264
-12580
-12046
-10431
-8259
-6107
-4530
-2872
-1557
407
2689
4994
6907
8357
10036
11096
12155
13061
13935
14343
14308
14519
14641
14302
13716
12917
11272
9412
8515
8613
7813
6006
3864
1384
-1200
-3498
-4856
-5675
-6990
-8497
-9427
-10056
-10618
-11156
-11447
-11791
-11999
-11716
-10992
-10088
-9334
-8621
-8374
-8126
-7610
-7106
-6797
-6296
-5742
-5554
-5538
-5673
-5840
-6110
-5941
-5945
-5436
-4485
-3781
-4109
-5274
-6338
-6963
-6827
-5915
-4670
-3961
-3355
-2480
-911
456
1571
2921
4265
5673
6765
7872
9031
9692
10598
11492
11830
11608
11035
10238
9763
9301
8306
7215
6140
5071
3585
1976
938
-78
-925
-2423
-3791
-4684
-5492
-5870
-6226
-6596
-6923
-6856
-6913
-7285
-7840
-7824
-7025
-5728
-4284
-3090
-2122
-1093
214
2020
3433
4675
5711
6560
7265
7940
8799
9262
9362
9430
9295
8810
8840
8896
8582
7596
6953
6944
7060
6900
6020
4703
3229
2013
739
160
-215
-1161
-2686
-4018
-4439
-4469
-4927
-5700
-6368
-6868
-6898
-6523
-6132
-6367
-6337
-5976
-5761
-5861
-5490
-4835
-4401
-4323
-4300
-4180
-4661
-4518
-4227
-4190
-4126
-3570
-2434
-2118
-2581
-3609
-4350
-5004
-5014
-4475
-3925
-3627
-3838
-3853
-3257
-2595
-2281
-1853
-1085
69
886
1512
2002
3023
4081
5145
5897
6198
6375
6671
6636
6423
6397
6203
5861
5435
5108
4727
4337
3470
2443
1409
449
-505
-1199
-1694
-2255
-2652
-2912
-2962
-3297
-3617
-4221
-4470
-4048
-3220
-2195
-1445
-501
309
1297
2664
4064
5040
5925
6641
7223
7736
8307
8843
8879
8711
8414
8210
7850
7693
7352
6634
6376
6112
5895
5594
5479
5204
4339
3097
2329
1944
1282
109
-1277
-2380
-2868
-3320
-3995
-4522
-5145
-5629
-6343
-6441
-6512
-6618
-6510
-6555
-6307
-6325
-6019
-5353
-4705
-5062
-5672
-5667
-5413
-4848
-4691
-4366
-4338
-3736
-2684
-2204
-2214
-2711
-3104
-3440
-3321
-3071
-2767
-2750
-2860
-2950
-2850
-2445
-2240
-1895
-1600
-1350
-1032
-214
491
881
1689
2654
3166
3399
3747
3812
3833
3658
3437
2986
2780
2736
2561
2380
2071
1771
1154
-112
-1146
-1731
-2233
-2645
-2765
-2887
-2772
-2703
-2853
-3006
-3029
-2551
-2075
-1550
-1142
-413
516
1455
2635
3919
5144
6145
6650
6958
7450
7741
8095
8251
8231
7756
6940
6207
5706
5287
4545
3837
3194
2735
2430
2383
2199
1768
981
290
-346
-873
-1405
-2288
-3209
-4034
-4476
-5194
-6089
-6748
-6953
-6914
-7211
-7607
-7620
-7476
-7377
-7088
-7148
-6790
-6503
-6252
-6180
-6036
-5834
-5650
-5275
-4854
-4577
-4420
-3747
-3043
-2265
-1624
-1163
-870
-994
-932
-292
0
-75
-171
-276
-109
54
179
-170
-471
-521
-466
-293
105
656
732
743
949
1595
2065
2361
2504
2285
1953
1711
1504
1427
1511
1519
1603
1419
1448
1279
794
156
-61
-120
-402
-499
-757
-845
-517
-11
54
-156
-187
-23
86
534
1236
1962
2713
3561
4587
5492
6219
6805
7371
7762
7967
8356
8635
8492
7964
7582
7054
6596
5988
5305
4780
4160
3540
2662
2256
2270
2029
1262
490
-14
-826
-1449
-1992
-2252
-2886
-3785
-4496
-5231
-5838
-5915
-5690
-5610
-5671
-5927
-6153
-6108
-5368
-5010
-5002
-5013
-5065
-5278
-5234
-4678
-3936
-3443
-3540
-3566
-3338
-2685
-2227
-1712
-1163
-432
297
691
966
1248
1452
1541
1426
1702
2368
2296
2005
1534
1243
956
585
327
63
-56
-305
-597
-910
-1109
-1164
-1148
-1168
-1218
-1294
-1439
-1491
-1551
-1432
-1223
-760
-327
-194
-178
-194
61
414
545
411
416
337
168
337
649
739
587
534
486
527
774
1531
2186
2697
3135
3763
4561
5352
6072
6587
7077
7335
7262
7355
7723
7832
7634
7241
6735
5896
5481
5288
5040
4524
3712
3240
2810
2544
2174
1357
684
-48
-568
-1191
-1561
-2038
-2781
-3774
-4692
-5108
-5354
-5060
-4898
-5287
-5858
-6055
-5747
-5304
-4763
-4406
-4586
-4801
-4674
-4717
-4789
-4405
-3915
-3626
-3631
-3629
-3312
-2769
-2134
-1266
-262
435
922
1356
2038
2599
2886
3204
3607
3699
4042
4173
3862
3658
3328
2856
2256
1962
1912
1689
1005
289
-513
-1158
-1651
-1824
-1779
-2017
-2272
-2599
-2885
-3000
-2788
-2353
-2173
-2144
-2095
-1846
-1170
-652
-593
-750
-988
-942
-679
-287
-357
-697
-992
-1014
-778
-542
-240
11
352
517
744
1210
1742
2455
3093
3471
3998
4541
4945
5299
5706
5881
6147
6220
5939
5681
5599
5685
5453
5117
4537
4088
3572
2991
2628
2270
1605
469
-433
-957
-1569
-2464
-3168
-3886
-4807
-5444
-5836
-5760
-5899
-6161
-6434
-6673
-6531
-6153
-5536
-5125
-4962
-5029
-5167
-5042
-4555
-4197
-4015
-3915
-3802
-3711
-3629
-3178
-2635
-1912
-1470
-1168
-679
226
934
1608
2012
2335
2622
2947
3486
3815
4359
4694
4388
3768
3594
3665
3537
3380
2882
2076
1301
661
251
50
-95
-494
-1040
-1621
-1929
-2196
-2257
-2429
-2500
-2240
-1880
-1572
-1212
-1217
-1136
-832
-483
-123
66
403
110
-142
-3
463
602
542
724
1125
1517
1482
1598
1757
2034
2308
2565
3109
3427
3822
4156
4515
4772
4909
5357
5577
5717
5787
5979
6082
5968
5740
5418
5195
5187
4889
4399
3848
3218
2633
1995
1510
605
-363
-1122
-1662
-2451
-3483
-4343
-4905
-5223
-5653
-6131
-6510
-6729
-6668
-6196
-5757
-5553
-5450
-5293
-5324
-4878
-4382
-4128
-4149
-3895
-3239
-2895
-2831
-2748
-2558
-2391
-1903
-1275
-540
-278
-283
-131
179
831
1437
1545
1410
1680
2071
2225
2195
1992
1991
2043
2163
2123
1823
1217
814
362
152
31
28
-232
-840
-1203
-1390
-1404
-1517
-1552
-1650
-1798
-1732
-1492
-1433
-1517
-1499
-1508
-1301
-1170
-1017
-864
-913
-827
-407
3
340
478
634
968
1203
1521
1650
1961
2147
2284
2755
2994
3539
3678
3814
3987
4097
4132
4254
4673
5129
5337
5319
5262
4924
4978
4940
4953
4904
4634
4072
3661
3633
3349
2865
1954
1241
799
305
-465
-1301
-2258
-3314
-3916
-4460
-4751
-5062
-5496
-5717
-5708
-5429
-5220
-5181
-5271
-5250
-5202
-4881
-4298
-3840
-3490
-3184
-2744
-2427
-2037
-1856
-1724
-1203
-629
-104
345
754
1147
1473
1607
1722
2059
2198
2307
2546
2465
2444
2432
2375
2468
2412
2198
1831
1301
856
730
565
386
332
47
-343
-447
-310
-333
-454
-522
-654
-720
-712
-836
-955
-854
-848
-878
-831
-1041
-1267
-1573
-1601
-1298
-959
-864
-832
-608
-418
-193
-111
10
147
137
121
155
540
847
957
1031
1031
1277
1550
1791
2009
2018
2275
2484
2795
3199
3180
3115
2974
3285
3434
3494
3530
3245
3003
2807
2571
2075
1592
1032
484
-34
-723
-1536
-2261
-2911
-3761
-4563
-5215
-5631
-5817
-5733
-5634
-5788
-5916
-5961
-5860
-5376
-4923
-4732
-4443
-3891
-3418
-3027
-2670
-2315
-2123
-2009
-1684
-1108
-397
139
445
514
711
1113
1546
1972
2267
2418
2431
2464
2549
2578
2532
2304
2090
1889
1784
1425
1028
676
326
-112
-320
-586
-835
-1054
-1115
-980
-861
-892
-1005
-1329
-1608
-1501
-1335
-936
-968
-1098
-1266
-1473
-1397
-1375
-1231
-1093
-1526
-1665
-1670
-1251
-744
-617
-538
-579
-369
-31
385
852
1171
1310
1457
1729
2231
2612
2810
2953
3067
3347
3893
4393
4842
4845
4739
4739
4873
5243
5696
5808
5623
5687
5701
5423
5209
4946
4468
4186
3887
3765
3314
2679
1901
1055
381
-508
-1045
-1455
-1918
-2251
-2544
-2813
-3029
-3139
-3272
-3436
-3297
-3109
-3107
-2737
-2305
-1975
-1706
-1394
-1169
-931
-845
-631
-239
233
668
881
1169
1258
1407
1696
2208
2682
2962
2800
2630
2507
2472
2554
2355
2002
1660
1332
996
598
94
-548
-1219
-1673
-1898
-1784
-1683
-1749
-2009
-2466
-2619
-2790
-2749
-2671
-2922
-3225
-3360
-3199
-2972
-2934
-3251
-3284
-3350
-3307
-3346
-3369
-3218
-3096
-2857
-2546
-2274
-1948
-1801
-1709
-1635
-1529
-1312
-1118
-885
-757
-565
-362
-464
-399
-268
-231
-206
113
700
918
925
867
659
659
810
1061
1411
1406
1227
1084
990
1051
1113
903
324
-329
-608
-771
-936
-1403
-2249
-3195
-3918
-4312
-4534
-4838
-5099
-5499
-6042
-6180
-6217
-6132
-6129
-6181
-6175
-5953
-5567
-5118
-4473
-4149
-3636
-3323
-2945
-2428
-1933
-1481
-961
-271
191
829
1499
1986
2463
2887
3408
3924
4241
4290
4216
4318
4573
4558
4587
4666
4372
3954
3612
3449
3329
3019
2447
2007
1979
2031
2132
2011
1648
1117
920
970
1021
993
1045
852
756
804
883
1079
1123
1072
765
629
751
1033
1099
1133
1260
1389
1469
1458
1373
1300
1197
1194
1390
1619
1791
1687
1512
1381
1415
1429
1508
1651
1653
1756
1769
1785
1926
1889
1826
1703
1790
1986
1971
1988
1843
1686
1649
1465
1135
1104
1072
884
727
500
88
-340
-769
-1357
-1898
-2037
-2243
-2488
-2947
-3420
-3715
-3833
-3923
-3962
-4135
-4348
-4355
-4294
-3914
-3493
-3174
-3158
-3095
-2709
-2222
-1607
-969
-512
-13
341
883
1452
1946
2505
2750
3068
3458
3728
3839
3671
3659
3373
3271
3291
2955
2613
1974
1392
960
529
408
202
-218
-536
-764
-919
-1163
-1323
-1651
-1892
-1850
-1836
-1565
-1259
-1140
-1139
-1284
-1205
-1303
-1306
-1265
-1291
-1193
-1207
-1300
-1319
-1222
-1234
-1242
-1457
-1634
-1626
-1548
-1429
-1410
-1364
-1170
-1154
-1033
-857
-848
-970
-928
-617
-365
-196
-115
-275
-237
-169
99
350
377
286
66
-9
161
370
448
162
-216
-277
-452
-320
-148
-352
-900
-1455
-1698
-1861
-2110
-2341
-2552
-2897
-3409
-3730
-3765
-3697
-3769
-3987
-4191
-4008
-3759
-3483
-3244
-2981
-2631
-2451
-2034
-1498
-963
-425
42
407
864
1460
1994
2627
3010
3257
3670
4001
4420
4713
4894
4762
4646
4708
4933
4842
4584
4231
3784
3435
3022
2662
2332
2027
1642
1003
688
718
434
102
-308
-728
-932
-792
-787
-850
-888
-934
-891
-1117
-1091
-1029
-866
-853
-861
-1052
-1132
-1122
-1171
-1095
-1030
-1225
-1402
-1622
-1800
-1804
-1773
-1734
-1702
-1514
-1590
-1528
-1569
-1420
-1345
-1264
-1263
-1229
-1024
-843
-647
-682
-703
-787
-830
-723
-554
-333
-125
-112
-73
-98
14
44
-35
-27
-189
-368
-569
-699
-693
-834
-1086
-1429
-1747
-1825
-1963
-2045
-2068
-2257
-2508
-2779
-2741
-2600
-2625
-2542
-2449
-2339
-2029
-1480
-940
-360
99
425
805
1427
1974
2494
3013
3561
4099
4517
5096
5441
5664
5649
5715
5565
5744
5780
5686
5377
4882
4683
4282
3974
3556
3070
2513
1859
1293
957
567
379
67
-120
-341
-747
-963
-938
-990
-1157
-1101
-917
-887
-820
-822
-619
-274
-284
-155
-210
-472
-510
-686
-684
-514
-465
-525
-906
-1117
-1174
-1167
-1186
-1366
-1717
-1778
-1750
-1557
-1399
-1407
-1508
-1640
-1676
-1535
-1394
-1214
-1194
-1252
-1067
-977
-658
-552
-520
-448
-223
33
352
510
514
411
401
659
610
549
362
136
70
-73
83
228
143
-111
-306
-451
-552
-428
-360
-526
-680
-579
-397
1
200
374
380
476
870
1326
1686
2102
2461
2803
3186
3584
4318
4872
5242
5278
5223
5362
5413
5586
5599
5407
5216
5042
4891
4774
4263
3763
3224
2746
2181
1681
1102
432
-55
-430
-852
-1146
-1702
-2023
-2302
-2532
-2556
-2484
-2440
-2602
-2567
-2664
-2561
-2387
-2190
-2164
-2288
-2481
-2490
-2311
-2260
-2383
-2511
-2810
-3059
-3039
-3003
-3042
-3144
-3497
-3567
-3630
-3575
-3599
-3651
-3612
-3787
-3614
-3550
-3269
-2946
-2829
-2662
-2496
-2248
-2042
-1791
-1466
-1366
-1229
-875
-230
253
670
973
1079
1142
1201
1380
1553
1440
1307
1481
1636
1749
1705
1614
1470
1318
1253
1281
1319
1025
825
673
655
913
1161
1263
1183
1331
1340
1450
1637
1786
1745
1859
2144
2365
2802
3080
3233
3332
3502
3658
3713
3704
3744
3702
3623
3685
3731
3699
3528
3241
2830
2469
2250
1917
1476
1073
657
280
-20
-262
-657
-1094
-1549
-1886
-2148
-2169
-2251
-2325
-2496
-2675
-2773
-2834
-2614
-2503
-2304
-2389
-2499
-2412
-2408
-2338
-2256
-2221
-2275
-2194
-2265
-2347
-2363
-2355
-2515
-2614
-2542
-2635
-2688
-2825
-2934
-2936
-2956
-2849
-2779
-2938
-2922
-2741
-2719
-2543
-2234
-2120
-2092
-1916
-1650
-1377
-1090
-914
-670
-352
-4
364
364
477
539
510
517
453
523
553
419
283
291
394
490
196
-191
-306
-177
-237
-202
-118
-153
-174
-152
-1
228
412
647
741
662
846
922
1239
1411
1489
1514
1692
2027
2188
2339
2399
2171
2127
2109
2161
2182
2104
2053
1792
1721
1626
1525
1386
1159
780
564
508
455
406
191
39
-318
-666
-737
-833
-867
-1006
-1060
-1127
-1124
-988
-892
-848
-710
-640
-523
-382
-302
-163
-119
44
306
457
543
709
814
944
1066
1209
1133
1072
1061
1014
1008
961
916
877
770
730
693
648
708
604
484
422
283
382
465
485
571
628
722
885
1018
1145
1239
1156
1099
1235
1422
1499
1413
1311
1112
975
1005
897
967
795
628
523
365
363
178
232
57
13
-46
-164
-254
-357
-434
-442
-316
-168
-186
-161
-157
-35
338
688
984
1155
1277
1315
1494
1566
1810
1847
1724
1739
1670
1676
1777
1667
1504
1318
1156
1044
841
627
382
64
-116
-272
-491
-646
-1060
-1184
-1503
-1711
-1712
-1679
-1713
-1868
-1845
-1792
-1522
-1219
-994
-830
-742
-640
-478
-253
55
253
270
314
457
706
966
1049
856
672
394
409
703
747
660
273
52
48
-27
85
131
3
-296
-460
-422
-332
-353
-614
-837
-1043
-917
-669
-590
-536
-498
-587
-542
-338
-89
69
111
134
335
486
638
689
535
448
362
456
466
408
285
200
143
209
179
105
-82
-336
-360
-281
-222
-67
-76
22
211
232
490
654
742
790
900
1024
1258
1526
1624
1702
1830
1829
1982
2051
1941
1692
1721
1777
1736
1492
1071
794
284
88
-197
-217
-531
-843
-944
-1122
-1251
-1545
-1773
-2124
-2314
-2406
-2512
-2681
-2595
-2511
-2631
-2533
-2534
-2479
-2238
-2020
-1886
-1641
-1560
-1506
-1367
-1328
-1261
-1315
-1324
-1245
-1112
-1095
-1069
-1076
-966
-971
-968
-989
-1137
-1426
-1674
-1932
-2082
-2044
-2066
-2295
-2468
-2518
-2537
-2654
-2679
-2818
-2952
-2808
-2864
-2818
-2758
-2639
-2467
-2325
-2160
-2005
-1921
-1807
-1749
-1438
-1081
-998
-913
-858
-848
-708
-534
-463
-471
-456
-399
-262
-51
86
257
341
308
326
486
684
848
987
1186
1201
1326
1646
1835
1960
2101
2292
2481
2689
2791
3161
3129
3165
3226
3307
3380
3368
3312
3291
3356
3351
3295
3222
2962
2795
2685
2397
2431
2332
2181
1768
1496
1230
1017
954
785
618
282
160
67
-47
-83
-176
-44
-44
-61
129
260
224
182
157
-17
-155
-46
50
22
136
213
157
207
271
299
334
145
105
99
16
15
-189
-186
-402
-597
-645
-685
-643
-803
-882
-910
-1152
-1214
-1207
-1226
-1233
-1289
-1480
-1459
-1403
-1324
-969
-1009
-904
-862
-838
-831
-653
-711
-729
-691
-661
-614
-549
-327
-213
-83
55
253
163
170
272
443
667
723
779
707
909
1079
1182
1434
1559
1644
1693
1749
1867
2012
2243
2368
2307
2229
2227
2502
2343
2166
2176
2039
2038
2024
2026
1928
1714
1520
1388
1346
1280
1024
802
527
220
7
-196
-443
-807
-1137
-1199
-1438
-1499
-1577
-1825
-1972
-2089
-1993
-1893
-1761
-1910
-1917
-1954
-1873
-1885
-1846
-1846
-1926
-1726
-1467
-1336
-1187
-1173
-1163
-1195
-1271
-1291
-1269
-969
-913
-734
-641
-519
-326
-262
-358
-300
-216
-151
-241
-347
-111
-239
-385
-409
-395
-300
-195
-52
-8
57
157
109
175
124
131
43
89
276
507
601
643
672
661
659
778
814
986
956
817
939
995
938
947
1100
1097
1083
1136
1260
1301
1103
996
886
944
1016
914
990
821
860
764
798
746
658
616
522
521
471
297
175
296
271
263
210
186
-31
-329
-492
-601
-692
-913
-879
-984
-1221
-1308
-1415
-1518
-1723
-1906
-2019
-2136
-2160
-2035
-1930
-1997
-2034
-2172
-2331
-2370
-2426
-2384
-2351
-2221
-2266
-2313
-2201
-2194
-1974
-1814
-1592
-1608
-1569
-1448
-1484
-1440
-1385
-1241
-1166
-1077
-1119
-1061
-1090
-1078
-1025
-969
-963
-953
-893
-813
-871
-900
-884
-1069
-726
-686
-706
-807
-801
-796
-764
-532
-419
-326
-429
-222
-240
-88
36
43
159
55
139
89
153
43
-17
123
166
298
531
786
930
1024
1052
1122
1109
1237
1357
1330
1393
1570
1614
1582
1432
1339
1341
1170
1189
1188
1255
1214
1171
1058
1063
1100
971
921
670
637
654
666
513
432
434
374
397
491
546
576
421
288
168
163
204
-9
-28
-48
-177
-256
-284
-541
-636
-729
-954
-973
-918
-824
-860
-1073
-1113
-1110
-909
-850
-945
-985
-1025
-844
-765
-597
-557
-486
-328
-297
-238
-112
86
106
188
277
367
460
612
649
718
639
615
608
636
724
833
949
795
922
940
935
908
793
874
975
987
958
969
879
934
954
1064
1190
1155
1201
1403
1494
1632
1603
1694
1641
1548
1546
1628
1718
1656
1569
1570
1457
1705
1743
1624
1591
1406
1388
1210
1047
1164
999
913
840
641
730
717
551
602
712
667
495
473
520
570
480
334
305
198
254
328
244
187
112
-65
-206
-180
-195
-242
-235
-335
-510
-659
-824
-813
-846
-959
-1039
-1287
-1405
-1593
-1618
-1502
-1592
-1588
-1613
-1635
-1595
-1461
-1290
-1151
-1049
-994
-946
-783
-589
-516
-514
-505
-339
-245
-27
114
325
436
613
693
947
997
902
932
953
1127
1073
1089
1016
1079
1142
1109
1172
1090
975
788
689
736
903
834
685
583
553
542
675
748
725
640
423
517
582
603
609
545
569
620
694
803
817
793
761
801
894
826
1019
949
827
828
594
510
411
250
110
-101
-162
-151
-246
-161
-188
-305
-278
-479
-601
-564
-667
-723
-886
-1044
-937
-908
-792
-814
-861
-940
-1185
-1012
-909
-996
-1185
-1266
-1398
-1590
-1783
-1785
-1914
-1944
-1991
-2282
-2376
-2479
-2485
-2537
-2502
-2556
-2646
-2860
-3063
-3102
-3031
-3037
-3009
-2965
-2928
-2801
-2727
-2467
-2539
-2471
-2292
-2200
-1954
-1718
-1423
-1223
-1194
-947
-660
-503
-410
-220
-127
47
279
437
587
695
761
731
996
1002
963
880
800
858
871
910
855
802
881
998
919
860
804
816
808
854
932
745
883
1072
1145
1303
1325
1448
1325
1548
1772
1928
2034
2011
2072
1919
1983
1926
1882
1597
1421
1352
1275
1353
1251
1147
1228
1226
1086
845
729
768
814
883
814
897
741
561
445
490
577
540
395
351
217
267
449
359
316
60
-63
-20
120
252
360
289
-49
-72
-42
22
-7
-293
-454
-577
-688
-672
-595
-562
-574
-698
-714
-830
-817
-678
-729
-784
-867
-762
-685
-440
-359
-273
-204
-207
14
182
328
308
277
453
685
676
883
943
917
928
937
1074
1146
934
915
825
934
1051
987
850
690
780
643
646
558
447
377
445
506
470
521
493
511
390
392
323
292
135
91
275
348
520
584
490
506
605
542
552
441
466
269
52
43
5
-35
-82
-174
-319
-410
-495
-382
-281
-217
-259
-395
-653
-799
-878
-819
-694
-473
-307
-388
-369
-497
-515
-331
-328
-326
-434
-551
-594
-524
-358
-246
-49
-116
-284
-487
-507
-593
-694
-643
-694
-762
-796
-746
-667
-593
-717
-694
-678
-819
-776
-645
-409
-298
-222
-152
-130
66
236
550
680
620
593
435
483
524
574
728
916
1100
1339
1538
1345
1258
1199
1065
1137
1014
851
911
886
1027
1036
828
836
601
627
487
664
655
617
661
710
893
702
587
542
524
508
569
424
338
403
384
398
433
462
536
628
605
682
565
678
689
408
381
321
83
-135
-153
-165
-237
-152
-325
-589
-699
-786
-519
-542
-583
-730
-1067
-974
-704
-575
-364
-583
-749
-841
-896
-662
-493
-478
-530
-526
-613
-624
-658
-822
-767
-662
-609
-672
-906
-1115
-1288
-1337
-1252
-1217
-1422
-1648
-1699
-1632
-1516
-1341
-1291
-1363
-1506
-1451
-1222
-974
-828
-844
-774
-877
-846
-746
-689
-537
-544
-398
-162
26
6
97
280
440
462
441
371
335
419
331
347
364
376
490
582
482
458
264
222
324
547
603
457
372
141
367
494
618
697
479
259
281
394
592
621
478
447
516
577
586
757
744
625
747
769
770
739
637
632
481
594
697
616
495
323
287
217
287
364
21
-235
-254
-305
-108
-139
-158
-141
-361
-236
-388
-580
-634
-798
-746
-621
-517
-571
-546
-544
-560
-534
-494
-515
-671
-762
-816
-760
-798
-818
-816
-1059
-1113
-1070
-926
-907
-1021
-1226
-1212
-1250
-1271
-1304
-1338
-1287
-1248
-1167
-1149
-1210
-1059
-1070
-994
-768
-655
-473
-303
-75
-128
-202
-119
162
377
468
291
153
83
335
582
655
566
148
6
-131
-54
220
204
226
135
33
59
109
135
89
53
-115
-162
-151
-5
37
-108
48
69
68
49
-3
95
141
345
506
422
201
41
-27
-4
125
82
-159
-353
-482
-423
-282
-201
-230
-627
-1043
-1193
-1144
-1025
-1080
-1030
-1183
-1346
-1525
-1372
-1173
-1062
-956
-1052
-938
-1051
-1072
-1022
-1048
-865
-767
-821
-786
-812
-853
-964
-794
-842
-872
-815
-997
-962
-805
-919
-638
-546
-668
-773
-892
-846
-698
-623
-579
-565
-742
-708
-436
-174
-25
3
-128
-224
-57
213
344
431
390
343
391
451
650
761
723
775
931
1215
1305
1329
1305
1300
1274
1253
1313
1221
1293
1344
1284
1300
1384
1360
1353
1329
1406
1424
1333
1235
1130
1179
1085
1137
1207
1143
1166
1106
1181
1315
1398
1388
1368
1373
1201
1060
1022
915
857
837
677
719
616
609
600
486
425
232
228
291
306
263
138
156
-183
-557
-639
-515
-438
-435
-409
-563
-824
-884
-992
-991
-839
-966
-1084
-1185
-1281
-1304
-1306
-1163
-807
-853
-1085
-1180
-1278
-1220
-1198
-1123
-997
-1181
-1398
-1512
-1376
-1260
-912
-650
-820
-991
-1117
-1077
-882
-766
-605
-615
-582
-787
-704
-341
-233
-206
-263
-349
-449
-433
-249
117
283
434
455
337
359
517
659
911
950
778
712
566
522
697
1028
1078
1025
910
669
744
809
877
842
934
855
758
921
981
1072
1115
1172
1025
719
789
735
821
955
835
885
739
776
764
651
712
653
596
514
523
433
383
226
133
66
-109
-176
-213
-373
-575
-688
-657
-668
-813
-822
-948
-958
-1006
-973
-835
-859
-780
-829
-628
-540
-620
-652
-658
-835
-795
-833
-940
-790
-648
-562
-626
-622
-744
-811
-862
-882
-665
-576
-681
-672
-739
-701
-571
-543
-396
-469
-566
-491
-580
-551
-497
-299
-367
-276
-289
-433
-317
-308
-343
-147
-75
142
363
436
414
257
174
128
301
387
453
327
155
-2
-190
-102
62
191
165
104
161
93
74
71
-71
-134
-216
-332
-344
-193
-159
-160
-177
-355
-432
-404
-332
-292
-278
-298
-282
-378
-369
-327
-391
-413
-525
-543
-471
-510
-324
-355
-394
-328
-289
-346
-414
-538
-431
-454
-736
-824
-1091
-1335
-1399
-1189
-1134
-1116
-1102
-1169
-1105
-1190
-1241
-1278
-1227
-1305
-1336
-1229
-1223
-1111
-1081
-878
-723
-497
-345
-495
-416
-344
-335
-262
-68
57
78
83
98
173
322
424
287
429
431
440
795
802
942
910
824
851
903
1027
1034
1000
840
758
751
798
937
1075
1072
1089
1332
1553
1476
1519
1380
1270
1533
1660
1714
1712
1653
1591
1540
1702
1832
1906
1814
1708
1598
1653
1752
1784
1515
1399
1160
927
994
859
832
997
1029
1204
1227
1109
1260
1188
1347
1448
1348
1401
1245
1311
1455
1603
1575
1494
1465
1505
1413
1403
1478
1468
1398
1266
1180
997
914
815
662
540
237
22
-115
-231
-152
-142
-232
-218
-309
-447
-384
-438
-413
-413
-532
-632
-636
-574
-394
-457
-562
-510
-467
-411
-270
-253
-165
45
35
-110
-156
-180
-225
-129
0
124
-37
-59
-99
-146
-60
44
205
291
375
548
638
582
569
435
349
483
507
525
479
648
873
815
963
963
972
869
977
983
964
1000
925
850
857
784
770
557
460
230
-30
-49
-222
-253
-435
-158
-199
-93
-160
-211
-249
-298
-328
-211
-132
-167
-155
-180
27
63
115
59
-64
-76
-121
-153
114
214
317
343
132
158
21
17
-116
-258
-235
-323
-379
-336
-387
-419
-534
-791
-877
-907
-849
-627
-590
-625
-937
-1068
-991
-876
-755
-739
-767
-944
-854
-771
-758
-665
-813
-880
-818
-718
-530
-274
-411
-470
-446
-559
-290
-228
-88
-121
-184
-261
-359
-312
-326
-390
-473
-358
-262
-285
-290
-255
-333
-240
-299
-301
-383
-395
-271
-232
-98
-81
120
194
335
167
188
112
8
192
43
52
-93
-274
-402
-563
-436
-402
-390
-386
-499
-707
-856
-864
-856
-886
-816
-821
-792
-903
-764
-688
-720
-792
-924
-921
-766
-610
-626
-679
-644
-566
-658
-606
-571
-521
-565
-621
-687
-624
-617
-468
-594
-761
-714
-604
-605
-629
-775
-1077
-1058
-1070
-914
-771
-639
-592
-796
-734
-695
-717
-729
-745
-845
-779
-664
-528
-321
-195
-295
-362
-340
-334
-314
-220
-40
-52
76
173
177
155
13
63
83
230
234
364
231
74
22
43
75
-22
72
44
169
210
329
322
480
608
702
882
895
931
891
920
1007
926
1039
1295
1218
1159
1014
1011
1057
1200
1414
1387
1326
1332
1343
1478
1729
1848
1619
1464
1502
1451
1571
1723
1654
1619
1444
1441
1593
1551
1438
1389
1308
1221
1429
1338
1136
1178
1340
1499
1673
1706
1518
1405
1375
1184
1139
1078
831
677
646
633
710
752
559
460
358
258
219
118
-17
-270
-439
-406
-282
-147
-130
-308
-606
-718
-698
-489
-314
-317
-296
-371
-222
-174
-286
-200
-229
-298
-205
-228
-172
-192
-240
-138
-9
137
131
126
79
47
137
2
-27
50
44
-60
-182
-148
-204
-74
-41
-88
-223
-343
-156
-122
-166
-195
-158
-156
-82
-65
-16
-87
10
-44
-83
231
148
186
177
32
127
239
248
351
450
540
508
601
625
610
522
435
439
457
367
217
201
13
108
202
431
272
62
30
-9
-61
48
-50
-229
-90
-203
-192
-141
40
75
125
-15
-98
-10
-93
50
16
-20
-17
41
87
16
75
-184
-239
-437
-663
-701
-695
-594
-634
-718
-689
-820
-893
-780
-671
-630
-599
-492
-568
-449
-300
-337
-274
-267
-450
-492
-348
-178
-62
47
123
298
274
304
312
254
229
169
92
39
15
69
22
-148
-120
-301
-280
-175
-97
-92
-168
-297
-432
-429
-248
-273
-207
-147
-225
-129
-173
-216
-313
-458
-360
-335
-473
-406
-374
-259
-344
-226
-163
-233
-447
-538
-479
-472
-509
-620
-857
-1159
-1056
-1058
-920
-904
-1051
-1228
-1476
-1397
-1440
-1400
-1511
-1484
-1454
-1474
-1312
-1282
-1250
-1240
-1193
-1227
-1227
-1209
-1248
-1251
-1321
-1221
-1044
-1039
-990
-1037
-980
-1101
-896
-905
-865
-911
-978
-973
-1077
-948
-703
-563
-610
-800
-970
-1046
-995
-882
-647
-710
-688
-782
-618
-372
-311
-284
-312
-307
-405
-208
-238
-48
-68
-107
-15
121
361
461
562
510
500
419
408
535
666
672
652
675
726
698
870
1027
1036
1205
1264
1196
1062
1086
1285
1380
1470
1568
1602
1626
1652
1677
1803
1721
1714
1746
1746
1681
1781
1865
1873
1948
1798
1877
1754
1760
1779
1739
1765
1776
1826
1849
1831
1719
1551
1411
1180
995
844
766
615
473
471
343
173
114
-20
-234
-251
-300
-255
-186
-332
-595
-754
-556
-445
-465
-323
-288
-370
-421
-462
-367
-344
-287
-295
-364
-478
-381
-305
-280
-233
-464
-629
-607
-544
-608
-520
-540
-635
-497
-472
-368
-343
-279
-186
-175
-180
-164
-117
-81
-34
7
115
51
96
68
82
161
80
238
238
135
12
44
154
196
223
142
176
153
256
270
395
238
86
13
32
85
47
150
27
171
27
2
26
-99
-85
-33
-79
-35
-20
-31
54
68
182
275
18
-53
-156
-108
-8
18
-51
-155
-209
-87
34
33
36
-157
-250
-240
-360
-224
-312
-512
-483
-472
-493
-397
-403
-343
-375
-289
-177
-306
-347
-255
-241
-234
-47
-50
-24
-152
-310
-210
-1
27
-151
-227
-286
-430
-332
-231
-139
-243
-369
-396
-360
-392
-366
-252
-356
-571
-663
-684
-504
-429
-549
-572
-564
-540
-377
-336
-328
-194
-283
-320
-249
-80
37
-206
-269
-176
-174
-276
-412
-336
-262
-332
-426
-444
-419
-337
-231
-297
-102
71
-42
-44
-155
-244
-135
-158
-147
-66
-220
52
325
277
224
231
105
-107
-64
-32
-108
-106
-115
-255
-470
-475
-353
-274
-115
46
0
35
30
-30
-44
-96
-98
-105
-213
-267
-301
-324
-217
-271
-318
-455
-470
-480
-670
-719
-668
-638
-755
-720
-693
-757
-818
-765
-740
-847
-826
-788
-750
-589
-499
-327
-254
-426
-475
-522
-581
-622
-595
-525
-566
-672
-662
-731
-694
-646
-704
-606
-647
-754
-899
-1079
-1016
-1045
-802
-716
-644
-593
-631
-581
-504
-309
-270
-54
-20
144
210
199
219
261
166
338
512
461
447
451
269
204
268
340
461
334
372
358
231
268
290
337
300
268
449
509
569
589
578
678
518
436
393
392
302
273
331
331
201
89
174
202
401
437
314
354
397
271
240
282
103
173
70
53
81
34
38
-77
-79
-129
-212
-250
-321
-226
-182
-184
-95
-319
-376
-368
-511
-448
-271
-223
-263
-255
-245
-89
-22
-80
-65
-128
-208
12
142
97
51
-44
-112
-137
-92
-23
30
-116
-413
-486
-460
-376
-211
-343
-364
-255
-246
-285
-83
-66
-79
-119
-154
-217
-252
-109
-77
58
162
28
21
-19
157
96
97
150
106
96
-22
163
156
409
506
455
293
227
262
183
310
363
366
455
458
357
257
246
468
565
524
526
449
358
301
299
418
286
220
281
316
427
538
693
669
840
986
972
1056
1063
1169
1067
1118
1034
873
1056
1157
1201
1214
1101
1031
1016
955
958
914
1047
1095
1005
866
634
382
380
394
291
224
140
107
-29
1
145
299
314
252
335
339
508
409
353
144
154
235
176
460
476
514
382
224
165
281
384
454
344
320
316
402
430
465
505
427
295
212
147
53
-78
7
140
38
135
305
350
397
402
375
199
199
387
276
302
355
286
141
201
219
295
230
310
112
2
-42
-149
-133
-230
-156
-158
-73
-177
-153
-242
-312
-360
-523
-498
-478
-486
-550
-539
-645
-782
-808
-764
-743
-716
-744
-756
-733
-623
-519
-359
-200
-538
-788
-605
-398
-191
69
15
-79
-104
-70
-135
-175
-197
-390
-412
-483
-337
-123
-104
-229
-252
-345
-481
-602
-614
-637
-667
-585
-521
-538
-573
-619
-709
-588
-585
-753
-661
-575
-625
-754
-705
-715
-661
-600
-602
-634
-640
-696
-764
-658
-726
-674
-660
-667
-620
-706
-503
-431
-466
-466
-563
-656
-706
-703
-580
-577
-718
-982
-1217
-1040
-876
-662
-587
-702
-679
-663
-613
-547
-361
-212
-267
-345
-322
-158
-28
-36
-89
3
-71
-97
-51
94
114
131
138
142
150
73
165
112
-103
-1
22
-84
31
-43
-111
-184
-166
-108
-40
-33
90
178
94
26
121
403
481
436
288
167
121
18
150
216
173
295
415
382
445
588
577
504
557
451
442
463
416
315
158
11
209
122
240
361
184
234
69
113
-2
-6
-225
-381
-367
-453
-508
-420
-291
-341
-342
-474
-456
-391
-357
-396
-336
-394
-465
-164
-29
34
131
194
104
-61
-34
166
253
219
183
268
300
437
495
679
804
731
517
462
627
671
705
671
540
561
492
521
606
796
649
546
486
393
596
671
736
710
497
395
430
341
434
321
112
1
101
248
289
346
362
259
324
346
394
501
604
377
318
203
0
64
231
371
447
416
217
113
220
104
209
143
52
-9
-251
-378
-527
-504
-363
-188
-93
-11
55
21
120
235
394
413
305
299
213
330
425
455
463
491
462
484
501
638
584
512
465
339
364
379
328
343
466
462
373
347
142
378
377
429
351
303
250
288
394
466
535
418
492
445
591
684
710
707
615
587
665
580
572
517
447
335
460
556
773
930
883
732
574
534
483
519
385
485
488
298
164
193
322
351
265
188
-124
-229
-68
12
59
121
26
-53
124
233
244
214
37
-37
-7
10
-136
-43
-165
-376
-302
-212
-147
-12
103
68
-100
-233
-80
-63
18
23
-209
-348
-381
-421
-442
-425
-407
-577
-565
-594
-361
-280
-426
-480
-397
-228
-281
-336
-373
-307
-382
-368
-218
-146
-118
-185
-209
-60
-109
-87
55
-14
-67
-14
-12
-78
-62
-122
-58
-171
-321
-494
-641
-647
-589
-325
-284
-257
-184
-225
-138
-24
-149
-277
-245
-430
-630
-503
-424
-396
-378
-493
-407
-394
-363
-176
-253
-76
94
214
343
302
297
201
276
243
182
256
153
83
-20
-115
-54
-2
-26
-162
-217
-284
-175
-314
-252
-166
-253
-315
-466
-370
-459
-531
-483
-449
-356
-444
-482
-383
-220
-83
27
215
217
41
-107
-88
-90
82
-159
-294
-399
-483
-374
-268
-176
-73
-101
-86
-167
-306
-170
-220
-135
-140
-103
-287
-246
-192
-165
-164
-118
-156
-68
-115
-226
-116
-138
-76
71
191
295
271
164
191
235
201
94
-45
110
-14
-6
101
209
378
376
337
314
300
375
522
194
33
67
47
13
184
502
470
394
286
195
71
64
174
233
107
110
232
187
392
293
305
207
43
3
-46
106
238
87
136
138
36
173
155
163
60
-211
-266
-362
-293
-202
-480
-306
-533
-618
-477
-374
-192
-290
-284
-451
-276
-69
-19
1
-204
-371
-403
-298
-234
-259
-365
-389
-548
-594
-548
-524
-538
-481
-376
-446
-328
-215
-64
123
310
230
51
-61
75
211
421
451
398
493
439
499
710
750
622
593
444
500
435
561
549
665
682
569
626
434
352
146
304
595
752
697
629
571
499
461
536
781
892
747
543
691
764
823
880
847
825
753
774
772
602
552
494
474
483
537
740
836
933
837
705
654
523
655
697
585
541
533
462
402
416
423
414
360
221
133
80
124
24
39
144
71
213
356
341
426
347
291
407
342
350
475
329
220
78
295
470
371
458
367
163
160
35
150
257
171
183
263
308
98
81
-12
-201
-245
-185
-46
-12
-82
-195
-399
-332
-366
-233
-288
-384
-339
-360
-422
-405
-469
-417
-523
-537
-530
-526
-407
-504
-450
-504
-494
-401
-351
-483
-547
-627
-727
-676
-515
-515
-455
-423
-599
-529
-453
-279
-328
-468
-363
-299
-158
80
12
195
298
238
351
349
257
136
191
47
-64
-45
-70
-79
-264
-416
-456
-562
-551
-574
-685
-633
-513
-590
-552
-493
-443
-604
-644
-676
-767
-874
-770
-682
-737
-798
-928
-981
-872
-787
-657
-605
-715
-827
-1110
-1046
-920
-868
-756
-853
-861
-890
-857
-732
-636
-767
-953
-951
-914
-878
-905
-867
-819
-745
-466
-286
-323
-426
-613
-555
-532
-338
-111
-42
-83
-164
-95
-1
128
100
61
-73
-127
-96
99
199
65
-73
-236
-301
-144
42
146
2
-174
-502
-629
-566
-414
-259
-323
-503
-507
-443
-212
205
190
101
-115
-145
-7
-137
32
27
-124
-175
-161
-122
43
165
127
172
155
43
-23
-99
-73
-84
-183
-313
-231
-443
-396
-465
-568
-738
-1011
-897
-812
-622
-570
-506
-625
-732
-624
-654
-794
-739
-772
-758
-626
-572
-511
-605
-741
-628
-467
-323
-164
-187
-100
-403
-404
-330
-253
-228
-127
99
-58
-95
-47
-101
-142
-82
-66
-21
-184
-168
-157
-201
-288
-145
-82
-72
36
16
94
58
260
79
88
-51
-41
183
406
570
441
420
212
158
262
573
595
428
288
148
111
244
459
563
458
492
391
350
412
443
482
436
418
470
521
778
748
752
627
369
572
783
828
861
817
657
762
884
1077
1028
935
986
830
1011
1241
1236
1211
1278
1192
1167
1349
1313
1319
1324
1205
1139
973
858
777
872
1015
1110
1141
1444
1400
1381
1284
1101
1054
991
1243
1201
1070
817
636
599
626
581
596
637
522
346
235
354
250
161
170
51
-24
-117
-151
-284
-287
-249
-264
-230
-224
-142
-381
-453
-401
-501
-405
-345
-294
-140
-81
-175
-123
-257
-136
46
150
220
190
127
151
308
273
320
251
162
117
114
6
65
150
234
202
221
261
305
429
379
155
193
81
181
354
370
464
431
480
455
253
101
33
-88
36
285
495
464
204
-10
-217
-241
-253
-174
-175
-375
-428
-522
-473
-464
-426
-423
-516
-674
-519
-491
-599
-720
-837
-788
-676
-308
-333
-566
-578
-631
-859
-827
-681
-734
-809
-1078
-1115
-1082
-1062
-911
-902
-954
-912
-950
-561
-331
-401
-430
-457
-469
-527
-444
-449
-230
-466
-496
-455
-360
-123
-302
-414
-388
-416
-498
-446
-303
-401
-875
-956
-852
-797
-477
-341
-376
-491
-677
-691
-432
-78
-86
-180
-218
-329
-419
-282
-125
-114
-84
25
62
217
487
411
445
497
336
117
73
130
75
-68
-318
-500
-533
-441
-352
-51
-46
-63
9
9
16
7
-156
-371
-531
-456
-337
-299
-243
-265
-304
-402
-297
-203
-221
-248
-353
-454
-553
-426
-398
-491
-675
-803
-703
-802
-746
-635
-621
-525
-633
-564
-485
-391
-378
-459
-391
-378
-549
-421
-401
-547
-661
-712
-632
-495
-373
0
0
0
0
0
0
0
0
0
0
0
0
0
0
0
0
0
0
0
0
0
0
0
0
0
0
0
0
0
0
0
0
0
0
0
0
1
0
0
0
0
-1
0
0
0
0
0
0
0
0
0
0
0
0
0
0
0
0
0
0
0
0
0
0
0
0
0
0
0
0
1
0
0
0
0
0
0
0
0
0
0
0
0
0
0
0
0
0
0
0
0
0
0
0
0
0
1
1
0
0
0
-1
1
1
0
0
0
0
0
0
0
0
0
0
0
1
0
0
0
0
0
0
0
0
0
0
0
0
0
0
0
0
0
0
0
0
0
0
0
0
0
0
0
0
0
0
0
1
0
1
0
0
0
0
0
0
1
0
0
1
-1
0
0
0
0
0
0
0
0
0
0
0
-1
0
-1
0
0
0
0
0
-1
0
0
0
0
0
0
0
0
0
0
0
0
0
0
0
-1
0
0
0
0
0
0
1
0
0
0
0
0
0
0
0
0
0
0
0
0
0
0
1
0
1
0
0
0
0
1
0
0
0
-1
0
0
0
0
0
0
0
0
0
0
0
0
0
0
0
0
0
0
0
0
0
0
0
0
0
0
0
0
0
0
0
0
0
0
0
0
0
0
0
0
0
0
