0
0
0
0
0
0
0
0
0
0
0
0
0
0
0
0
0
0
0
0
0
0
0
0
0
0
0
0
0
0
0
0
0
0
0
0
1
0
0
0
0
-1
0
0
0
0
0
0
0
0
0
0
0
0
0
0
0
0
0
0
0
0
0
0
0
0
0
0
0
0
1
0
0
0
0
0
0
0
0
0
0
0
0
0
0
0
0
0
0
0
0
0
0
0
0
0
1
1
0
0
0
-1
1
1
0
0
0
0
0
0
0
0
0
0
0
1
0
0
0
0
0
0
0
0
0
0
0
0
0
0
0
0
0
0
0
0
0
0
0
0
0
0
0
0
0
0
0
1
0
1
0
0
0
0
0
0
1
0
0
1
-1
0
0
0
0
0
0
0
0
0
0
0
-1
0
-1
0
0
0
0
0
-1
0
0
0
0
0
0
0
0
0
0
0
0
0
0
0
-1
0
0
0
0
0
0
1
0
0
0
0
0
0
0
0
0
0
0
0
0
0
0
1
0
1
0
0
0
0
1
0
0
0
-1
0
0
0
0
0
0
0
0
0
0
0
0
0
0
0
0
0
0
0
0
0
0
0
0
0
0
0
0
0
0
0
0
0
0
0
0
0
0
0
0
0
0
280
295
439
473
523
441
387
647
1004
852
1308
1315
566
595
843
765
889
1074
717
543
612
647
609
654
484
135
-177
159
203
-226
303
375
-379
-53
488
-332
-69
942
328
187
1069
705
399
1167
942
743
1062
897
664
660
547
692
506
427
800
408
367
581
-4
-181
61
-424
-615
95
-67
-277
368
130
-69
391
159
-195
9
-99
-171
400
728
501
802
528
50
351
355
279
380
473
156
67
301
158
-296
119
149
-478
-477
-263
-357
-465
-193
-365
-610
-572
-556
-615
-328
-294
-748
-843
-520
-708
-702
-300
-515
-667
-355
-331
-819
-480
-166
-734
-819
-685
-967
-1358
-1137
-1106
-1519
-1640
-1554
-1707
-1799
-1637
-1114
-1196
-1603
-1075
-977
-1423
-1026
-646
-894
-917
-608
-505
-589
-487
-280
-629
-806
-413
-454
-604
-262
-182
-562
-431
-467
-864
-623
-579
-775
-462
-446
-683
-675
-794
-674
-789
-1028
-962
-722
-956
-837
-271
-710
-792
-245
-487
-829
-409
-354
-631
-270
-211
-387
-165
-141
-22
-323
-333
-240
-505
-551
-484
-715
-999
-592
-718
-898
-416
-483
-920
-540
-358
-468
-357
53
257
226
690
936
543
420
683
545
233
345
769
595
388
1025
1004
320
589
776
222
101
805
595
262
656
595
38
142
126
-214
-198
-291
-384
-205
54
29
100
189
-163
-248
-68
-93
-4
454
512
640
931
515
404
560
46
168
428
66
63
167
-116
-233
79
-128
-428
99
107
-349
169
408
309
583
706
452
603
718
627
449
335
248
140
130
455
445
413
648
365
-90
-26
-54
-553
-434
273
236
89
606
602
170
157
261
-35
-94
33
156
196
104
148
68
-526
-478
-139
-413
-599
-89
-154
-655
-451
7
-228
-358
2
-385
-952
-906
-821
-1030
-617
-511
-731
-616
-563
-496
-556
-315
-204
-83
106
321
208
111
253
204
-31
142
436
253
228
252
240
-213
-214
-47
-308
-156
282
65
43
509
298
260
678
771
666
938
1086
982
1111
1198
1093
869
721
879
847
651
671
991
660
657
857
619
895
957
705
565
558
238
331
593
322
503
787
490
699
647
336
685
843
693
857
1091
749
857
1234
1027
786
870
825
864
1291
1503
1325
1160
1120
946
1107
1027
796
722
951
998
955
1093
607
436
576
848
1015
908
908
969
734
654
1001
848
712
966
1131
816
761
747
521
536
667
350
144
50
-192
-162
57
-128
-389
-363
-785
-813
-508
-832
-611
-213
-919
-866
-409
-717
-917
-625
-392
-620
-367
-149
-346
-256
43
71
-35
-8
-203
-280
-56
-198
-421
-509
-512
-883
-917
-833
-717
-525
-988
-1031
-924
-1157
-1229
-666
-587
-776
-420
-302
-812
-771
-454
-970
-928
-393
-664
-786
-320
-315
-892
-874
-864
-1173
-1045
-844
-1108
-850
-217
-502
-785
-678
-987
-1115
-937
-850
-752
-345
-467
-463
-330
-421
-469
-467
-391
-307
-263
-400
-440
-532
-266
-333
-264
-142
-279
-438
-377
-319
-130
-128
65
212
-481
-410
177
-301
-414
1
-621
-1100
-889
-964
-1258
-1008
-245
-526
-718
-258
-227
-165
-91
-42
-38
189
143
276
623
489
327
287
247
-59
-132
-140
-193
-16
-63
-297
-547
-523
-331
-193
-53
-31
-193
-265
-181
7
287
495
526
508
409
391
149
262
387
215
474
495
537
558
486
612
525
273
351
101
8
128
19
-246
-146
-175
-338
-399
-701
-755
-617
-675
-720
-435
-541
-718
-428
-113
-68
370
508
445
593
341
225
433
356
245
560
461
-27
82
-240
-785
-399
-400
-967
-737
-451
-568
-521
-299
-508
-683
-382
-197
-212
-8
-29
-275
115
171
-92
-161
-88
-86
212
500
216
122
70
93
256
356
557
307
449
328
58
285
364
133
13
218
-61
-328
23
-86
-178
180
170
-8
-13
-100
-31
217
441
893
805
864
898
491
628
784
597
781
915
708
520
535
226
-7
241
329
108
459
566
-30
-125
58
-104
7
314
266
317
495
560
447
896
961
653
786
973
799
775
935
1150
1404
1438
1288
1442
1549
1461
1621
1419
1421
1830
1589
1028
1167
1285
877
821
1073
371
117
477
371
261
579
658
803
1058
942
725
865
941
735
853
829
669
800
846
474
440
554
111
255
423
321
408
417
355
144
124
559
755
605
623
725
435
335
617
664
603
683
600
635
695
578
282
177
110
35
130
1
247
240
186
307
517
229
114
-13
-539
-604
-397
-595
-602
-471
-593
-763
-908
-782
-896
-1013
-827
-580
-565
-189
-83
-337
-511
-364
-523
-392
136
-36
-297
-345
-972
-1286
-972
-869
-1057
-838
-1083
-1353
-1176
-1248
-1353
-1297
-818
-946
-1015
-534
-619
-779
-596
-468
-198
-128
-557
-457
-301
-284
58
21
-147
-237
-126
-28
-3
167
51
-438
-480
-409
-486
-568
-480
-575
-661
-568
-646
-787
-733
-832
-924
-986
-825
-765
-813
-550
-418
-230
-229
-121
35
-55
50
140
-258
-311
34
-76
-230
-314
-362
-492
-777
-998
-1034
-1202
-1352
-1225
-935
-837
-680
-782
-902
-978
-471
-505
-724
-181
-110
-255
4
-110
-394
36
83
1
93
241
76
30
85
77
208
200
281
-19
-50
265
214
204
330
149
-159
-290
-7
158
-156
-43
23
-80
11
-133
-450
-428
73
182
425
684
581
298
57
-19
539
422
310
788
414
198
447
182
-312
-247
86
-43
-10
105
-133
-609
-613
-646
-693
-241
-64
-85
67
114
-271
-725
-398
26
-129
156
285
113
210
195
60
155
557
555
146
284
289
187
337
207
267
283
287
77
-93
-182
-196
-142
-421
-148
-54
-350
-306
106
141
257
444
452
278
487
657
431
735
899
530
394
451
307
168
225
-148
-387
-286
-393
-200
-470
-471
-523
-511
-618
-733
-253
-245
-159
185
153
-49
38
83
148
364
497
728
839
1015
838
1017
1167
647
587
520
427
284
676
519
8
136
242
43
51
421
430
313
657
588
572
552
393
230
430
690
762
776
705
859
1080
848
750
1185
971
1224
1567
1512
968
763
569
332
453
675
534
560
688
293
434
562
352
243
449
313
80
20
296
370
531
755
422
353
369
114
117
386
406
624
822
549
357
518
468
529
794
464
559
275
-109
-263
-157
-348
-506
-272
-164
-432
-767
-942
-1025
-457
-425
-243
-17
-28
-268
-2
152
-38
119
121
11
147
463
115
192
332
-26
-109
200
-80
-361
-34
-464
-942
-463
-605
-996
-579
-400
-302
-239
-270
-521
-602
-350
-214
-274
-123
-489
-868
-371
-450
-468
323
108
-530
-487
-652
-953
-721
-264
-637
-642
-614
-893
-1009
-809
-895
-1054
-852
-903
-1113
-1234
-1077
-1376
-961
-861
-1202
-1159
-917
-933
-900
-500
-720
-839
-711
-637
-625
-385
-211
-391
-125
-34
-287
-317
-8
-129
-119
67
-433
-704
-311
-250
-479
-687
-963
-1059
-1016
-922
-928
-932
-934
-975
-897
-726
-518
-420
-220
-199
63
221
-71
-136
315
511
293
434
420
-9
-250
-127
-167
-191
4
-167
-465
-377
-318
-734
-746
-520
-992
-1052
-758
-921
-843
-537
-360
-443
-267
-205
-480
-504
-96
-54
35
313
177
162
147
401
553
506
470
433
-74
-302
3
72
-88
-102
-265
-424
-459
-332
-358
-307
-118
-376
-289
-63
-107
-67
202
269
264
347
249
35
114
192
64
-5
94
-59
-139
-131
-158
-481
-115
315
-56
-84
197
64
-7
277
-87
-465
-419
-699
-824
-682
-1084
-1063
-692
-887
-967
-776
-939
-1164
-690
-579
-619
-337
-515
-666
-408
-143
-94
15
175
-122
-471
-384
-588
-861
-835
-702
-818
-689
-763
-956
-691
-558
-602
-887
-978
-885
-651
-592
-637
-252
-283
-431
-195
-139
-404
-409
-375
-264
-92
34
-6
-132
-137
-658
-697
-405
-457
-414
-26
37
-156
-177
-318
-74
-6
87
34
-242
-74
-155
-357
2
140
45
506
692
513
778
818
1023
1226
1235
1108
1154
1246
1350
1379
1191
1208
1196
781
650
674
633
525
495
532
122
295
389
524
665
649
687
513
608
1010
1266
1079
1038
1055
808
820
1052
873
704
909
946
703
543
423
108
441
528
325
406
322
224
230
267
284
32
-50
32
96
-58
-315
-385
-250
-98
163
32
-110
-4
19
560
985
910
1052
1151
1001
979
991
832
588
704
684
904
848
403
281
228
220
36
-69
-334
-366
-308
-205
-328
-428
-314
-362
21
97
101
167
135
151
359
375
152
-29
-44
-135
-213
-186
-237
-163
-262
-379
-269
-529
-741
-664
-660
-577
-466
-314
-384
-278
-158
-112
-296
-617
-897
-731
-523
-229
-53
-22
161
233
509
384
318
433
598
825
903
725
479
567
410
205
527
242
-119
21
-2
106
298
261
218
268
575
318
132
289
714
878
879
866
764
890
864
912
761
601
612
647
706
853
885
657
309
101
-254
-602
-327
-208
-395
-380
-224
-437
-1000
-736
-833
-933
-656
-919
-1184
-1090
-1185
-1269
-973
-793
-876
-735
-305
-404
-333
-112
97
205
394
416
470
451
434
523
413
370
284
248
-57
-142
-140
25
-35
-177
21
-334
-313
-327
-137
-60
189
426
322
762
668
544
684
724
511
590
675
453
529
341
7
-83
83
-21
-252
-255
-455
-496
-335
-335
-621
-559
-692
-799
-734
-644
-680
-587
-291
-489
-657
-449
-578
-778
-757
-800
-799
-627
-518
-636
-588
-480
-592
-405
-419
-368
-203
-480
-581
-631
-704
-722
-656
-690
-976
-1311
-1531
-1457
-1428
-1507
-1486
-1540
-1537
-1608
-1262
-1029
-798
-473
-491
-648
-662
-461
-641
-634
-620
-431
-462
-482
-306
-138
-217
-167
-244
-404
-722
-704
-365
-160
-214
-428
-551
-577
-337
-384
-501
-653
-564
-635
-630
-712
-716
-603
-455
-450
-391
-151
-8
-48
126
226
434
539
471
399
399
574
604
677
642
506
263
309
202
162
215
75
-13
-184
-213
-298
-350
-215
136
161
370
603
625
789
680
603
618
679
882
970
878
947
848
887
809
715
668
606
589
951
916
900
1133
1222
1044
1246
1355
1106
1185
1033
703
727
1071
986
976
862
968
1305
1369
1504
1477
1329
1440
1344
1445
1750
1839
1958
1822
1636
1441
1306
1285
1227
957
972
1143
1071
895
933
831
701
898
868
691
575
708
857
1026
982
1003
1049
1172
1143
844
796
577
320
295
159
60
318
109
66
52
47
-81
-278
-300
-350
-259
-107
-44
-58
-128
74
117
26
36
224
375
447
441
514
548
421
608
898
1063
1146
1285
1238
1193
1111
1031
1035
1017
1092
1133
714
442
252
114
29
179
205
152
64
-243
-447
-409
-306
-202
-50
-94
68
387
565
714
794
530
-2
-59
-34
-181
275
463
543
823
924
505
139
-38
-512
-652
-144
151
163
314
149
-142
-380
-383
-346
-540
-422
-302
-260
-147
-171
-182
-406
-186
-150
121
207
375
644
430
534
860
1050
820
927
1126
844
830
567
265
264
223
74
-31
-62
-335
-449
-391
-371
-584
-616
-594
-460
-263
-82
104
93
217
50
-275
-251
-347
-390
-335
-382
-324
-588
-593
-765
-811
-685
-490
-514
-380
-207
-282
-114
-58
-96
-184
-186
-382
-581
-719
-910
-952
-1019
-1037
-919
-906
-1094
-1109
-1032
-1108
-1007
-858
-1084
-906
-746
-641
-749
-877
-764
-1010
-850
-874
-1124
-1287
-1656
-1911
-1842
-1999
-1878
-1850
-2031
-1901
-1856
-1913
-1882
-1774
-1669
-1561
-1281
-976
-783
-726
-688
-728
-734
-661
-757
-892
-894
-960
-920
-933
-979
-1009
-958
-916
-886
-677
-450
-271
-508
-558
-767
-943
-847
-637
-569
-542
-458
-444
-448
-491
-786
-848
-955
-1153
-913
-498
-429
-269
-16
-115
-47
213
84
13
15
37
245
255
241
121
224
219
81
269
334
8
-203
-323
-522
-551
-187
91
152
527
409
318
401
511
486
633
528
416
672
677
500
768
870
766
692
811
575
507
922
716
487
949
754
522
879
917
967
1088
1066
644
438
420
120
111
415
280
376
558
429
353
552
535
498
513
699
926
944
1036
1147
1095
835
956
1216
656
599
361
41
75
9
448
525
544
635
549
292
383
632
546
1022
1248
1353
1398
1229
1181
913
1150
1408
1614
1615
1428
1338
1231
1180
1196
1084
1242
1478
1194
1162
1451
1871
1809
1741
1593
966
642
430
242
203
551
494
296
292
439
439
336
224
144
169
313
252
456
908
1121
1143
1034
969
691
534
230
-6
-128
-223
-235
-195
63
62
-184
-377
-666
-743
-650
-608
-451
-154
108
86
614
642
425
651
502
265
211
303
178
133
304
196
374
706
669
502
680
518
353
493
599
540
745
713
244
86
-317
-553
-616
-488
-374
-473
-465
-345
-337
-457
-488
-502
-474
-334
42
184
260
-89
-524
-946
-1248
-1084
-1166
-1043
-961
-1011
-854
-727
-703
-775
-869
-1140
-1407
-1514
-1525
-1237
-895
-613
-520
-310
-509
-537
-457
-449
-330
-301
-255
-256
-79
99
341
261
423
413
174
96
-102
-92
117
392
500
514
369
106
-158
-206
-503
-697
-788
-941
-1002
-909
-797
-820
-782
-683
-768
-687
-418
-426
-430
-620
-898
-1021
-1013
-547
-448
-459
-178
-186
-247
-134
-367
-394
-504
-821
-1052
-1202
-1122
-1036
-553
-566
-598
-480
-628
-757
-527
-564
-618
-526
-479
-480
-251
94
58
58
-54
-406
-424
-208
-218
65
198
154
179
26
-134
-349
-374
-331
-258
-447
-416
-589
-807
-782
-769
-719
-734
-709
-923
-921
-784
-914
-988
-1027
-1352
-1413
-1342
-1183
-1179
-811
-559
-555
-405
-477
-524
-611
-680
-611
-502
-373
-121
-91
-177
-179
-492
-526
-595
-648
-808
-740
-518
-332
-10
221
216
353
234
176
262
340
520
479
563
700
677
494
504
261
156
105
172
116
81
384
506
717
688
532
646
701
379
125
-171
-471
-576
-560
-522
-476
-383
-605
-776
-748
-664
-470
-115
187
488
429
583
578
595
731
749
788
871
913
822
882
651
254
32
87
-93
-20
132
302
101
-3
-73
-239
-41
109
385
930
1159
1146
951
771
715
654
444
150
277
353
338
388
538
654
765
807
635
354
374
320
179
7
-6
-25
56
15
-272
-240
-399
-569
-583
-321
-265
-423
-157
-232
-474
-531
-528
-594
-717
-598
-426
-348
-149
137
314
367
463
593
577
400
525
416
67
-93
-237
-396
-182
-263
-180
70
156
59
84
91
141
411
348
364
370
325
399
366
379
448
461
472
534
648
633
309
-108
-193
-222
-35
181
341
251
101
-109
-469
-524
-429
-589
-470
-165
-215
-261
-438
-589
-704
-827
-1064
-1192
-1137
-1047
-762
-352
-40
178
462
605
566
366
298
292
152
127
0
66
179
180
150
-204
-523
-738
-795
-742
-622
-458
-367
-371
-346
-189
-18
184
501
777
748
825
728
492
141
101
190
377
448
389
279
52
-109
-376
-398
-526
-546
-214
101
411
457
646
530
325
150
-293
-436
-703
-798
-588
-480
-104
141
430
599
691
716
531
344
30
185
333
424
756
902
905
1101
1057
949
807
607
490
354
434
417
354
328
356
441
522
639
610
651
396
221
-15
-14
92
118
389
397
422
249
-14
-538
-723
-763
-740
-550
-461
-23
77
183
365
401
245
-101
-470
-635
-943
-1169
-1018
-906
-507
-306
-251
-221
-284
-561
-880
-1196
-1432
-1310
-920
-342
108
361
427
381
156
56
-11
-148
-281
-383
-573
-846
-1029
-917
-769
-570
-206
-201
-373
-581
-821
-972
-1006
-961
-768
-514
-213
-155
-23
-102
-448
-564
-732
-921
-868
-718
-629
-432
-287
-40
31
-57
-236
-493
-728
-1055
-1042
-969
-656
-288
-52
220
194
96
-111
-378
-610
-845
-966
-767
-443
-152
-66
97
-10
-289
-542
-435
-295
-108
39
27
-48
73
136
251
634
755
896
788
605
233
-18
-224
-208
-46
-20
-3
50
258
278
174
104
-136
-313
-360
-560
-375
-91
292
390
615
561
463
343
-156
-603
-765
-774
-594
49
750
1102
1074
924
300
-124
-462
-695
-691
-455
-110
95
401
460
479
482
190
-60
-29
-105
-226
-399
-390
-413
-110
330
543
787
931
926
486
276
187
148
213
299
482
600
479
465
575
541
412
180
-52
-469
-622
-553
-357
34
438
763
901
814
599
239
-340
-835
-862
-490
-297
14
463
478
196
-233
-493
-817
-690
-602
-374
-168
254
686
757
971
994
766
423
230
15
-186
-190
-403
-345
-154
138
387
534
613
472
405
243
82
151
247
281
293
377
480
449
481
473
506
192
-44
-350
-539
-418
-166
41
301
611
639
431
390
178
-187
-230
23
385
855
1311
1263
1026
512
-2
-552
-821
-705
-555
-340
102
303
473
686
846
893
829
739
677
509
255
282
16
5
288
529
827
1000
1267
1194
1044
829
322
48
-79
83
360
501
660
931
999
1078
1036
627
191
-75
-124
-80
212
595
683
442
285
-3
-467
-769
-1016
-828
-374
77
534
786
800
696
164
-341
-772
-830
-694
-87
459
878
930
725
316
-167
-350
-383
-142
-1
313
434
411
275
114
91
-69
34
380
607
959
1217
1371
1166
775
497
282
172
257
529
710
725
556
309
-100
-401
-575
-683
-373
-132
407
681
712
624
190
-249
-559
-688
-666
-392
45
387
496
492
25
-432
-1087
-1650
-1951
-1871
-1371
-869
-341
-177
-367
-649
-1219
-1534
-1842
-2106
-1911
-1637
-1335
-1155
-1109
-1187
-1450
-1672
-1908
-1897
-1821
-1461
-1020
-729
-578
-560
-779
-1019
-951
-1119
-1173
-1234
-1053
-1046
-1068
-928
-1049
-1033
-1007
-855
-917
-656
-514
-499
-408
-257
-60
-10
92
98
254
357
587
853
782
712
454
-24
-460
-602
-587
-438
41
430
833
639
253
120
-154
-387
-290
23
356
485
498
420
160
-174
-665
-1014
-1126
-1232
-1006
-707
-264
117
118
238
18
-183
-141
-56
66
338
357
289
264
286
539
301
292
253
276
350
206
274
364
169
152
146
56
258
360
513
702
660
626
604
527
659
726
749
864
834
531
311
-50
-306
-760
-792
-567
-412
-65
216
389
295
230
-5
-475
-677
-510
-483
-154
141
102
-72
-156
-259
-530
-625
-338
-222
-231
-269
-526
-684
-788
-957
-857
-480
-227
148
297
391
316
309
67
-446
-653
-619
-460
-180
134
298
183
-10
-246
-459
-603
-460
-447
-366
-58
86
369
339
150
-176
-437
-704
-706
-633
-705
-465
-281
-35
149
320
277
120
34
-141
-180
-170
-207
-134
-171
165
446
620
882
958
702
108
-229
-663
-649
-612
-407
199
737
1019
1180
1309
1307
1299
1101
796
614
598
702
884
878
822
946
865
926
770
757
659
553
751
571
522
694
858
1062
1213
1384
1405
1190
797
462
321
457
822
1348
1811
2004
1990
2017
1765
1275
903
598
237
326
717
1265
1756
2061
1799
1305
826
299
33
-31
81
279
538
565
607
766
645
562
654
572
658
621
616
642
700
661
429
295
329
621
821
1196
1447
1103
584
-64
-406
-331
-366
-118
217
653
863
774
486
-13
-656
-1021
-1312
-1095
-423
288
973
1364
1485
969
199
-560
-1074
-1221
-858
-393
230
516
653
565
102
-398
-908
-1134
-1138
-953
-664
-342
-42
-133
-167
-297
-448
-512
-692
-706
-767
-833
-990
-1233
-1180
-895
-886
-750
-490
-525
-618
-860
-1004
-936
-900
-811
-812
-660
-350
-193
83
336
228
-66
-661
-1287
-1656
-1741
-1468
-1029
-707
-337
-219
-214
-255
-493
-791
-1041
-1242
-1512
-1236
-874
-273
120
119
-30
-591
-1018
-1397
-1512
-1421
-1144
-860
-395
-38
71
110
-183
-575
-856
-1194
-1087
-842
-387
-145
-40
121
80
-140
-212
-310
-386
-204
-108
-128
-257
-505
-473
-304
-81
338
733
973
1002
1108
946
539
138
-359
-686
-517
-303
-90
151
256
247
-45
-453
-790
-1116
-1000
-641
-302
411
880
942
683
212
-289
-809
-1050
-883
-448
76
464
519
233
-212
-670
-928
-844
-641
-335
-100
-82
-97
-328
-608
-819
-832
-603
-329
-30
104
7
-216
-580
-812
-891
-894
-724
-421
-127
203
409
440
248
-141
-411
-724
-684
-525
-292
-71
2
194
83
-94
-366
-420
-404
-529
-168
7
54
185
150
33
-216
-139
-98
-102
228
98
-24
-209
-411
-560
-517
-311
-156
127
202
17
-254
-639
-1059
-1247
-1367
-1291
-1132
-891
-752
-738
-888
-923
-1158
-1090
-1053
-765
-565
-462
-127
197
738
774
991
858
702
422
101
-77
-276
-288
-283
-254
-264
-116
323
514
674
758
707
441
210
184
211
603
996
1100
1255
1182
786
333
30
-267
-353
-358
-83
453
1084
1382
1396
1346
1249
859
531
420
194
351
568
828
909
1034
942
650
362
23
-219
-175
237
372
640
803
563
697
791
955
994
1063
1149
817
671
470
145
-90
-203
-92
133
504
875
1064
1142
1070
566
353
467
567
786
1044
1255
1322
1223
793
425
245
19
-21
330
763
969
1363
1515
1366
1242
842
522
332
299
208
403
631
649
748
661
427
55
-233
-466
-641
-514
-490
-505
-433
-457
-623
-866
-1102
-1346
-1479
-1353
-1122
-831
-256
-124
18
102
-208
-571
-695
-767
-872
-399
24
-70
16
-204
-723
-1079
-1128
-1191
-990
-704
-743
-718
-640
-884
-1000
-882
-969
-1044
-966
-803
-651
-304
-169
21
103
149
166
55
-153
-328
-314
-350
-140
166
345
568
328
-113
-143
-312
-327
-120
-62
-128
-306
-876
-1250
-1358
-1384
-1224
-878
-591
-381
-341
-428
-558
-943
-1237
-1211
-1092
-650
-114
63
392
570
293
-28
-413
-954
-1256
-999
-592
43
575
874
872
477
-132
-680
-697
-419
-141
718
1182
993
896
767
211
-88
-238
-703
-571
-45
397
646
922
969
508
354
304
155
355
691
449
240
57
-446
-709
-818
-716
-469
-79
383
569
651
566
170
-500
-1000
-1461
-1592
-1080
-477
137
342
82
-645
-1274
-1629
-1755
-1169
-482
81
520
530
216
-265
-840
-1101
-902
-994
-716
-177
263
324
625
407
-15
-304
-459
-148
36
354
413
494
483
471
397
244
268
219
311
486
779
733
545
293
-316
-662
-554
-289
229
773
923
934
401
-163
-684
-932
-707
-444
-286
-73
304
244
-73
-357
-705
-906
-829
-729
-450
-119
187
269
515
505
332
335
172
30
91
109
187
343
348
423
462
598
504
269
371
149
142
163
254
375
554
613
685
652
541
623
674
500
301
39
-167
-59
136
656
962
1124
940
573
190
-76
-1
108
231
358
213
167
66
18
2
162
287
257
50
-303
-500
-603
-217
141
637
861
976
918
647
509
397
285
234
450
783
1278
1556
1895
1780
1440
1347
1073
779
742
648
632
592
635
1044
1328
1703
1798
1421
1155
870
701
916
1183
1273
1403
1347
1274
1318
1446
1174
792
615
492
640
741
650
521
566
607
773
942
1061
988
509
134
-259
-369
-327
-211
100
182
-20
-201
-387
-548
-680
-705
-771
-860
-746
-505
-327
57
464
423
364
532
231
66
88
56
175
316
294
593
764
761
760
739
519
125
242
332
333
500
587
540
402
502
483
331
-78
-591
-971
-1093
-1093
-855
-567
-230
-12
-40
24
-3
-111
-237
-303
-300
-147
-33
-11
104
237
86
69
-110
-291
-206
-326
-552
-640
-609
-472
-271
20
-35
62
-41
-274
-184
-191
-159
-101
124
98
125
622
836
1036
1190
1074
756
401
225
123
167
249
242
359
523
564
614
488
219
-88
-186
-247
-173
-46
27
19
-111
-119
-240
-173
14
7
-218
-221
-310
-304
-209
-135
-369
-295
-364
-501
-204
-26
-61
30
79
134
49
-56
71
118
224
278
414
413
369
127
-116
-234
-268
8
409
743
911
796
598
309
47
-150
-310
-321
-377
-408
-420
-361
-402
-638
-841
-992
-1131
-1039
-1146
-1209
-997
-718
-737
-524
-255
-236
-159
-253
-172
-169
-84
-4
37
54
-44
-38
37
38
-92
-98
-415
-439
-264
-282
-118
57
83
-10
23
211
116
3
89
-180
-376
-525
-631
-626
-616
-419
-319
-180
-90
-79
-77
-322
-427
-666
-816
-653
-227
3
-58
31
-69
-359
-460
-714
-1098
-1158
-1266
-1325
-1196
-964
-922
-778
-927
-952
-1013
-870
-478
-367
-4
84
165
158
-143
-164
-238
-432
-275
-160
18
195
105
36
60
-177
-135
31
100
197
257
370
400
197
6
-249
-388
-283
-152
4
-3
-97
-419
-780
-722
-809
-666
-377
-313
-362
-394
-409
-445
-404
-420
-422
-595
-468
-285
-64
205
148
-1
-227
-520
-446
-283
-133
44
172
431
500
388
352
72
-43
64
94
259
496
595
778
557
210
322
304
620
1054
1378
1464
1482
1453
1161
1009
1050
1031
1127
1345
1270
1201
893
490
205
151
110
552
781
900
956
915
777
610
644
433
206
107
151
91
346
479
531
367
220
62
114
286
493
660
608
767
759
759
567
517
487
530
731
726
649
719
414
-5
-201
-294
-110
170
494
836
770
544
343
210
108
115
299
311
408
323
32
-60
-220
-475
-682
-668
-570
-288
145
495
653
739
671
474
437
359
224
386
450
497
607
268
58
-82
-211
-355
-281
-120
-92
-64
54
108
86
88
-53
38
150
327
472
406
363
33
-211
-332
-426
-442
-305
-221
-86
25
93
192
236
237
152
159
310
172
102
246
9
-166
-150
-317
-256
-185
-124
-6
130
141
66
146
155
203
170
447
685
761
985
827
489
142
-244
-578
-562
-591
-445
-192
-41
101
-52
3
-197
-238
-147
-271
34
254
403
435
456
348
269
131
207
89
-145
-314
-336
-233
-119
210
359
160
-69
-290
-472
-547
-494
-210
-64
-43
3
-36
-324
-464
-754
-913
-839
-892
-941
-1233
-1222
-1045
-856
-595
-335
-56
56
-130
-427
-708
-966
-1220
-1331
-1224
-975
-631
-555
-627
-901
-962
-1188
-1119
-930
-712
-486
-411
-212
-349
-433
-576
-741
-922
-1019
-1118
-1265
-1107
-1146
-974
-564
-260
-224
-288
-460
-759
-1063
-1341
-1322
-1079
-727
-503
-33
119
-162
-356
-640
-1052
-1164
-1263
-1104
-697
-399
57
291
304
96
-151
-448
-375
-465
-667
-669
-764
-718
-811
-802
-836
-893
-936
-1107
-1003
-802
-695
-506
-234
-241
-265
-385
-463
-590
-734
-818
-742
-595
-633
-733
-759
-968
-955
-912
-787
-660
-619
-750
-1227
-1703
-1882
-1997
-1743
-1301
-899
-368
-148
-9
-290
-708
-1164
-1463
-1512
-1159
-837
-305
212
309
339
337
314
114
43
0
254
383
782
1241
1236
1252
1004
737
537
444
429
521
663
981
1144
1250
1293
1144
680
255
316
536
888
1198
1509
1413
1243
1011
776
762
820
699
654
715
774
628
449
362
296
528
796
1258
1472
1556
1438
1094
943
622
376
292
412
796
1320
1660
1796
1834
1396
880
423
60
-19
311
721
936
1015
851
752
535
275
107
154
219
407
546
612
716
533
349
235
-74
-52
-45
-129
7
-44
20
-101
-242
-399
-399
-435
-385
-395
-583
-812
-1083
-1335
-1593
-1490
-1354
-1131
-622
-476
-294
-258
-427
-528
-668
-690
-508
-231
178
573
913
866
576
133
-389
-560
-490
-264
-44
377
476
722
768
503
267
71
-112
-432
-396
-94
248
453
469
293
200
-47
-50
116
136
232
183
-18
-114
-131
-139
-227
-84
227
484
537
488
288
-172
-420
-528
-638
-371
60
369
391
224
5
-394
-596
-735
-696
-383
-141
-31
188
118
9
-277
-469
-380
-405
-95
111
456
655
695
749
821
754
590
439
235
375
664
983
1273
1330
1308
1147
903
781
892
776
609
566
526
322
275
442
614
859
872
1043
942
879
625
133
-238
-651
-777
-663
-450
-296
25
42
135
153
59
186
-16
55
87
142
90
144
60
-116
-285
-430
-288
-311
-277
-162
180
218
126
-55
-184
-486
-580
-599
-617
-407
-422
-318
-226
-178
-468
-551
-552
-547
-423
-362
-402
-629
-672
-929
-964
-994
-859
-673
-506
-170
-47
-177
-371
-629
-1011
-1184
-1183
-1146
-913
-799
-754
-752
-825
-870
-925
-884
-793
-525
-441
-389
-175
-183
-199
-211
-284
-284
-440
-520
-366
-323
-350
-107
119
98
130
-56
-76
-85
-142
-1
57
188
385
443
404
406
247
-7
-396
-696
-673
-599
-460
-319
-284
-388
-441
-575
-641
-630
-786
-889
-801
-699
-535
-311
-53
-81
-179
136
420
595
550
417
105
-177
-175
-140
35
320
601
680
650
464
283
130
-40
-207
-162
147
357
649
757
587
377
79
-185
-496
-252
23
388
979
1134
1070
927
619
434
289
236
437
540
611
668
574
667
596
484
430
560
675
701
624
506
534
529
590
645
1021
1248
1259
1420
1207
1130
1024
727
645
662
797
915
1324
1341
1319
1090
737
428
156
216
357
598
886
1031
931
870
548
212
-124
-332
-424
-517
-285
-12
63
-146
-531
-840
-1027
-1131
-1059
-856
-783
-613
-546
-483
-603
-876
-1065
-1222
-1082
-944
-696
-413
-302
-353
-589
-691
-762
-723
-443
-294
61
212
384
309
-92
-436
-790
-813
-726
-389
-157
80
64
193
279
186
175
17
-209
-279
-81
115
358
411
252
29
-147
-317
-302
-155
-163
-342
-281
-283
-17
324
332
306
337
167
-56
-36
-109
-89
-81
-66
-89
108
113
80
50
30
351
370
478
701
853
869
872
977
1144
1278
1278
1247
1178
1167
1018
850
690
501
442
332
381
633
914
980
1116
897
678
501
348
436
581
1012
1337
1571
1496
1160
789
243
-115
-111
-22
498
592
817
815
507
369
-41
-296
-451
-226
-115
54
134
214
351
147
114
150
237
139
196
155
-44
-12
-211
-267
-132
-184
-348
-465
-401
-211
-177
-62
74
128
-105
-314
-438
-292
-442
-537
-778
-835
-722
-758
-608
-708
-731
-806
-895
-784
-598
-487
-427
-408
-396
-520
-453
-410
-548
-610
-814
-976
-1045
-1063
-918
-711
-719
-804
-824
-1049
-1131
-1129
-1018
-803
-722
-566
-355
-199
-86
-206
-426
-491
-521
-423
-326
-393
-562
-479
-284
-318
-114
-52
-59
-206
-113
-140
-161
-36
-113
3
67
188
260
481
833
940
983
716
543
307
15
-104
-51
109
310
520
610
413
17
-371
-902
-1073
-1159
-1104
-906
-779
-762
-897
-1074
-1246
-1386
-1154
-773
-688
-615
-455
-412
-512
-443
-455
-299
-342
-371
-314
-281
-246
-1
171
342
286
226
287
321
338
282
265
232
268
142
89
220
36
80
178
417
465
431
561
586
373
37
30
23
157
302
552
721
634
563
497
409
431
317
261
301
165
355
364
385
285
252
222
298
261
-106
-271
-554
-600
-444
-339
-58
23
-70
-250
-268
-300
-485
-377
-341
-97
11
1
70
-85
-137
-226
-98
10
-51
30
83
37
-117
-208
-238
-106
36
83
40
-210
-236
-272
-290
-306
-406
-370
-613
-576
-584
-552
-548
-528
-188
-146
-24
-86
-91
146
328
560
848
886
782
659
449
122
22
-5
136
228
235
279
182
115
-161
-374
-376
-352
-398
-338
-380
-593
-762
-879
-923
-786
-294
-35
-182
-306
-501
-703
-795
-721
-283
-107
17
84
195
83
-81
-130
-327
-357
-360
-151
85
355
646
690
583
560
595
674
695
854
896
1011
971
1093
1226
989
819
460
401
413
532
772
1190
1377
1403
1278
1115
968
731
967
1078
1386
1503
1562
1427
1023
689
417
356
263
462
507
578
628
582
457
281
252
255
477
930
1447
1605
1496
1198
866
793
594
494
442
512
390
466
640
659
539
66
-113
-164
17
156
508
595
701
659
351
273
160
-67
-47
136
231
580
574
631
432
303
204
-5
-22
-170
-11
145
110
18
-7
-254
-300
-340
-431
-526
-532
-472
-490
-427
-468
-561
-531
-404
-148
-32
71
226
29
-66
-36
-213
-332
-439
-531
-609
-541
-592
-560
-729
-698
-359
-457
-340
-259
-330
-552
-652
-519
-474
-432
-264
-249
-548
-620
-647
-900
-1047
-956
-872
-527
-351
-330
-265
-511
-548
-672
-726
-674
-530
-175
-210
-1
-37
-183
-223
-439
-658
-622
-521
-568
-408
-511
-430
-750
-1045
-1059
-1045
-1061
-773
-562
-449
-402
-511
-613
-690
-494
-509
-318
-120
26
192
321
312
162
-64
-145
-418
-419
-321
-185
119
434
303
190
5
-407
-432
-541
-575
-639
-357
-213
-217
-56
-170
-218
-436
-576
-527
-446
-313
-252
-303
-390
-230
-196
-126
-156
-161
-203
-285
-368
-502
-567
-683
-615
-597
-459
-427
-447
-535
-763
-924
-843
-751
-532
-154
11
13
-58
-106
-321
-301
-429
-452
-367
-251
-143
-118
6
-59
-46
-278
-507
-470
-528
-509
-522
-626
-883
-1015
-825
-497
-226
74
158
230
226
-82
-234
-277
-365
-339
-175
80
319
254
224
-201
-451
-703
-694
-607
-550
-256
-129
2
-87
-108
-256
-300
-362
-215
-60
224
545
668
635
503
244
-112
-89
-164
-120
-120
5
312
337
397
416
191
-2
28
251
263
230
218
168
90
61
154
256
495
629
693
643
246
38
-16
-10
-83
99
103
100
-5
-77
-107
-197
-145
-48
210
228
224
41
101
80
111
199
223
447
382
470
519
517
606
782
773
835
889
801
604
461
573
779
745
602
951
1274
1668
1606
1333
1277
1124
776
649
640
782
754
881
1047
841
932
868
1063
1423
1646
1806
1656
1101
864
429
191
276
213
710
738
650
908
439
-420
123
88
-332
64
-24
-86
-909
-274
697
822
1461
1666
1656
425
-600
-731
-871
-179
593
1941
2113
647
-253
-1314
-1859
-1537
-1123
318
1315
1140
1436
-149
-1343
-1217
-1178
111
1066
1664
1619
577
-296
-731
-829
-605
-284
188
614
565
785
1083
1237
1199
952
439
-332
-1030
-1375
-1279
-363
742
1344
1690
1309
766
17
-1080
-1731
-1633
-1534
-676
6
-170
30
-60
37
285
765
1354
1152
294
-823
-1410
-1480
-968
215
1437
2247
2537
1935
891
-410
-1546
-1676
-1401
-783
-357
14
379
196
20
-185
-368
-420
-543
-125
-198
-338
-312
-54
443
792
957
632
-59
-1095
-1729
-2082
-1899
-1619
-1094
-925
-1047
-1027
-1263
-1329
-1421
-1162
-997
-811
-1313
-1323
-1720
-1897
-1133
-454
338
636
612
262
-225
-468
-719
-1186
-1221
-1184
-1039
-642
-262
277
590
-135
-183
-541
-1240
-1669
-2081
-1787
-1283
-1046
-672
-30
-86
264
110
-187
-236
-673
-779
-957
-1263
-1198
-934
-754
-244
78
438
443
125
-453
-897
-980
-826
-320
-93
171
129
-24
-401
-792
-947
-1066
-905
-514
74
364
658
943
1028
985
1031
907
696
78
-459
-506
-928
-1027
-515
292
1051
1348
966
345
-746
-1340
-1593
-1472
-560
61
604
737
355
-36
-426
-283
-100
266
214
-262
-907
-1016
-1113
-1243
-866
-562
-482
-600
-619
-811
-627
-106
549
964
818
861
296
-241
-630
-764
-125
186
444
872
883
488
498
133
524
710
594
702
594
167
-243
-217
111
450
271
283
332
84
1
-165
-372
-338
-490
-707
-770
-692
-407
59
268
355
306
286
195
118
-42
-82
202
119
219
367
452
663
826
814
830
701
317
93
-14
-80
458
856
604
235
29
-574
-490
-35
90
380
298
301
391
320
749
1153
1165
1173
1024
711
589
522
410
388
495
562
606
847
770
713
576
574
570
486
1109
1569
1804
1863
1567
918
35
-594
-581
-398
-161
127
130
414
553
771
916
934
750
274
256
744
971
648
648
366
437
398
563
921
589
311
129
-88
-147
12
-213
-147
-227
116
473
597
1053
1220
724
673
693
178
-333
-688
-533
-448
-306
209
564
993
1380
1175
487
-26
-465
-509
-287
242
943
1072
1354
1343
1426
1057
542
-75
-908
-1109
-944
-678
-24
593
607
874
598
530
179
-293
-926
-956
-886
-866
-196
-54
-104
-90
-148
-63
206
145
-132
-670
-1002
-1277
-917
-168
653
1030
1070
847
506
77
-513
-714
-909
-1168
-902
-322
247
563
529
16
-521
-1185
-1743
-1555
-1525
-1398
-865
-271
-102
-65
401
861
778
586
332
-458
-971
-962
-867
-361
-88
584
956
701
119
-394
-1052
-1657
-1803
-1662
-1311
-1148
-608
-270
700
1152
1183
896
-53
-714
-1251
-1658
-1434
-1264
-1263
-594
-47
582
1099
1375
904
-114
-585
-849
-888
-122
174
261
682
677
429
214
-460
-1157
-1319
-1552
-979
-313
736
1317
1017
363
-291
-687
-1039
-672
12
691
1468
1917
1884
1559
1012
199
-403
-855
-796
-546
-552
82
459
507
-106
-350
-568
-1036
-648
-38
787
973
450
-429
-598
-634
-24
507
957
1003
77
-233
-597
-436
43
299
840
942
438
-206
-717
-958
-514
77
430
719
118
-680
-915
-977
-123
103
130
358
397
287
487
170
60
332
506
802
682
770
650
309
17
-151
235
231
194
180
-337
-495
-245
-91
39
559
110
-189
-562
-910
-1158
-1169
-735
-8
324
-15
-73
-793
-1052
-412
-387
-407
-801
-1024
-938
-502
14
117
-556
-1514
-2475
-2361
-1957
-1488
-911
-340
-199
-152
48
134
-167
-1077
-1274
-1764
-1600
-894
-104
853
655
564
540
-18
-38
-472
-564
-1175
-1508
-1134
-545
-373
4
623
967
1339
633
171
-330
-403
-376
174
891
1639
2023
1969
2107
1797
1333
561
63
139
308
373
509
-42
-809
-1064
-589
-45
791
716
81
-881
-1466
-1360
-1288
-1221
-889
-426
-202
50
-243
129
110
83
243
106
299
714
291
-120
362
1022
1576
1663
1412
1195
620
-10
103
201
-241
-513
-21
553
1480
2025
1746
1228
1039
776
687
545
726
991
1633
2143
2561
2884
1663
83
-777
-1173
-1270
-683
180
871
1144
1076
943
572
-208
-1482
-1791
-1593
-863
26
-2
235
281
416
485
712
531
294
-372
-585
-483
-503
-375
-223
491
1202
1507
1528
1527
853
16
-508
-642
-1136
-1409
-1306
-801
389
1058
1576
1286
1149
769
881
1054
1345
1365
745
297
313
804
997
1814
1334
755
142
-83
-842
-961
-1105
-921
-672
-692
140
1088
960
307
-47
-572
-260
-433
-567
-413
-417
-387
-52
257
289
327
128
48
-139
-89
23
-346
-149
591
621
1018
1509
1591
1292
343
136
-442
-1405
-1952
-1838
-1356
-258
557
992
906
134
-364
-557
-535
-699
-797
-676
-392
-467
25
805
976
649
-32
-563
-814
-1611
-1975
-1114
-897
-496
34
604
490
382
558
196
-195
-969
-1179
-1535
-1106
-755
355
231
183
-135
171
331
533
482
98
-414
-927
-797
-739
-346
-62
165
-221
410
708
662
105
-78
-127
-188
-85
245
600
926
834
1061
414
169
-691
-1145
-1292
-657
-213
-252
178
-264
-278
-965
-990
-1216
-1612
-1885
-1967
-1374
-974
-63
189
114
-143
-598
-1263
-1397
-1169
-1287
-783
-723
-302
-34
145
-281
-394
-691
-526
-545
-348
-535
-346
-943
-1146
-862
-496
-236
-1
855
845
1057
38
-733
-1982
-1862
-2318
-1562
-910
-648
-640
-862
-600
-740
192
-353
-421
-679
-950
-956
-830
-635
-659
-385
-708
-148
-363
-556
-627
-873
-614
-465
483
720
1014
136
-405
-905
-1354
-1733
-1895
-1420
-454
858
1007
692
-321
-514
-1035
-251
141
756
15
-682
-1659
-1846
-1289
-668
764
1027
1485
967
147
-692
-1099
-1031
-427
-22
785
1396
994
600
240
-85
98
119
-93
151
278
903
1281
1587
1574
1004
659
93
45
-98
-349
61
299
305
1426
1278
1845
2358
1486
1208
1076
1211
714
671
692
973
1016
1340
1272
1414
1044
926
1435
1265
1503
1399
575
546
509
775
1770
1962
2296
1827
1147
-119
-466
-926
-772
-279
-55
302
274
737
501
700
329
814
346
148
23
-57
-54
-38
65
249
419
55
413
-260
-239
-143
233
-56
74
-244
-399
-501
-1248
-288
22
560
67
-133
-942
-896
-508
-263
763
1072
1164
1138
1027
729
93
-423
-383
-64
-352
-143
-78
-111
226
333
1202
661
-198
-710
-1135
-683
-136
577
792
496
133
-83
-283
-425
-6
-636
-581
-1214
-813
-1099
-644
-516
-415
184
421
647
141
21
-1060
-688
-1496
-1792
-895
-718
-1160
-1489
-1041
-722
-392
-243
464
704
-10
-160
-850
-1409
-1208
-1047
-582
60
21
661
224
49
-289
-547
-851
-531
-291
-67
-364
-319
121
-131
382
835
975
431
316
360
179
329
1000
1104
636
394
56
351
153
-178
339
251
-214
-957
-1713
-1321
-1105
110
188
430
201
-518
-1222
-941
-1063
-247
282
194
779
610
945
410
510
494
557
781
1584
893
-393
-767
-1312
-675
326
1290
2297
1764
436
-715
-1749
-1040
-384
516
626
504
-774
-1113
-1923
-2210
-1393
-772
501
243
715
-761
-427
-1292
-1350
-594
-920
-16
-58
-171
-656
-919
-748
-76
685
722
681
251
-692
-534
-1233
-27
-577
71
179
-91
37
-616
-71
-13
351
-345
-329
-565
-842
-424
-1149
-1178
-366
-196
240
48
446
-1154
-1624
-1956
-1019
35
-438
890
193
-829
-1336
-1957
-1713
-1340
-819
-938
-262
-217
-195
-13
-876
-210
-639
-530
-501
-603
-10
-90
-263
-816
-1441
-1995
-2680
-3460
-2982
-2084
-827
-294
1852
2332
2712
1433
62
-859
-2566
-2030
-1278
530
1694
2790
2106
1697
1511
133
617
470
557
440
-986
-1015
-1591
-774
-517
347
1382
1815
1738
948
1858
1543
1008
385
25
313
-432
-161
480
1460
1828
1506
1135
60
205
-715
645
1485
1578
1975
592
392
-655
-1470
-1446
-1118
869
970
1185
950
709
-451
-1363
-1483
-761
397
963
1059
29
-386
-605
20
1155
3376
3772
3771
1104
-403
-1101
-1725
-1172
101
1266
1464
1741
1446
1641
1609
1244
-91
-1012
-777
-652
-1086
-471
24
1279
826
1078
583
972
-362
-1080
-1349
-1104
-203
-842
140
1196
1087
731
971
1063
1404
1379
694
391
251
-752
-882
-397
1001
1871
1893
907
181
-377
-1178
-901
-828
-11
669
11
298
197
319
127
243
596
1487
674
-161
-44
-521
-88
-705
-867
409
2003
2092
2349
2530
3018
2343
2116
2129
2394
1732
-260
-582
-957
-169
-579
314
1142
423
57
-169
-51
417
294
-542
-592
-585
-2032
-1829
-2454
-1831
-1436
-1332
122
597
1721
979
1887
629
1424
950
1280
1872
1813
2105
1556
2446
1287
1468
884
265
-407
-1491
-1232
-928
158
687
1307
586
-508
-1706
-3023
-3047
-2794
-1496
-835
-68
570
36
-825
-1352
-1618
-500
796
1869
3005
2246
1497
-210
-1092
-1241
-143
783
942
1202
292
146
252
1231
1781
1941
1269
379
-610
-1921
-2111
-1926
-1545
-494
357
1471
1544
1154
179
-1249
-2260
-2957
-2416
-1854
-1036
-499
-182
-11
-288
-462
-842
-1142
-86
224
1189
1339
969
245
-931
-1384
-787
26
360
1683
1671
1454
753
149
-125
156
-250
-210
-1432
-1720
-2183
-2420
-1141
-418
92
-934
-1951
-2177
-2089
-1951
-1809
-865
-229
3
-510
-569
-382
-617
-248
614
1911
2318
2179
1191
-167
-1031
-1653
-1580
-492
567
1059
754
-293
-1159
-1574
-2368
-2087
-1638
-1570
-1432
-1749
-1498
-1518
-1081
-766
-829
-1075
-1768
-2573
-2946
-2313
-1503
-891
-469
-805
-604
-414
-490
-263
-551
-852
-530
-555
-518
-371
-571
-1199
-1753
-1746
-1731
-1405
-968
-33
244
155
-2
-540
-965
-794
-368
-61
303
564
1108
1410
1770
1327
827
71
-379
-987
-1127
-656
-143
308
891
1650
1831
1944
1434
1082
451
-343
-377
-309
31
226
47
146
-38
-100
-205
34
-21
-688
-910
-1460
-1395
-1650
-1275
-1370
-1346
-1000
-766
-133
184
790
379
8
-627
-1253
-1806
-1682
-1070
-225
470
1004
464
-138
-723
-881
-498
-451
-926
-1874
-2297
-2461
-1836
-412
437
1127
736
124
-538
-1206
-1511
-1656
-1324
-1327
-1020
-1077
-1332
-1291
-1301
-1124
-1156
-1274
-1245
-2008
-2073
-1562
-607
-209
555
975
769
643
932
2182
3491
4388
4915
4797
4665
5024
5703
6466
6838
7358
7807
7867
8051
8676
8930
9437
10231
10582
10422
9574
8414
7197
6453
6558
6915
6791
6348
5184
3983
3092
2301
1874
1876
2186
2364
1955
770
-604
-1970
-2684
-2910
-2521
-1735
-730
-773
-1472
-2529
-3512
-4384
-5387
-6015
-6307
-6157
-6651
-6992
-7940
-9134
-11330
-12838
-13444
-13652
-14657
-15889
-17303
-18318
-19226
-19136
-19427
-19310
-20010
-20378
-20916
-20659
-16142
-10242
-6058
-4288
1105
4501
7583
7408
10807
12795
12870
11732
12482
14638
14610
16167
15864
17369
18190
20326
19873
19024
16377
12169
7493
2879
170
-2037
-4729
-6963
-9516
-9497
-8217
-6871
-6022
-4403
-2679
-3028
-3199
-3194
-1372
-1189
-403
743
3461
5669
8709
11139
12253
13540
14248
15230
15408
16429
15622
13533
11089
9366
8598
7087
6129
4847
4031
2796
1334
-35
-1674
-2698
-3758
-3526
-4100
-2998
-2380
-1802
-2273
-1794
-879
-90
710
1746
2979
2716
1588
331
232
577
1967
2606
2286
1258
-148
-1603
-3424
-4490
-4215
-4379
-5993
-8011
-9237
-10149
-11064
-11912
-11991
-12097
-12667
-13726
-14574
-16293
-17969
-19808
-21086
-22541
-23505
-23951
-24763
-24420
-22382
-19255
-16155
-10954
-6579
-4331
-1701
3194
7378
9045
10170
13336
13730
12931
13400
15603
16585
16839
17125
17729
18746
20419
20951
19756
17937
14158
9620
3567
-1454
-6335
-11405
-15717
-17445
-16458
-13240
-10374
-8519
-6665
-4155
-2716
-2055
-523
1718
2518
2677
3887
6457
9040
12277
16276
18811
22092
23138
23170
20790
19182
15850
12534
9060
6809
5339
3938
3120
1528
-301
-1235
-1333
-2929
-3232
-2606
-1604
-2902
-2680
-2430
-1320
-1193
-368
793
2089
2849
3473
3349
2364
1528
498
-165
-737
-981
-2016
-3265
-5411
-6546
-7831
-9107
-10616
-11338
-12163
-12751
-13976
-15835
-17382
-18472
-19703
-20979
-21087
-21649
-23051
-26020
-27892
-29160
-28192
-26470
-24604
-19662
-11257
-3885
-1065
4092
9450
13504
11790
12285
13864
12642
10824
10549
13291
15018
18506
20515
22374
23346
24918
24221
21387
17261
12446
6646
434
-3474
-5472
-7068
-8832
-10140
-8912
-6404
-3781
-2060
310
2677
3479
3882
4012
5149
5255
6173
7202
9716
11952
15426
17579
18621
19245
18597
17054
13842
11676
8466
6669
4920
3299
1886
1754
1789
33
-718
-735
-1197
-3471
-4384
-3969
-3115
-2374
-380
1840
3463
4605
4502
4083
3858
3623
2702
1649
783
785
546
-611
-1550
-1390
-1670
-3370
-5292
-6545
-7732
-9753
-11568
-12593
-12895
-12713
-12832
-13335
-13356
-12868
-13408
-14657
-16126
-17392
-19372
-21516
-23113
-23492
-23968
-25033
-25736
-24451
-21985
-19991
-17559
-11261
-3622
1043
4114
8847
13530
14711
13138
12906
12939
10739
8536
8528
10435
12447
14520
15455
16825
17752
17272
13886
9498
5420
1448
-2206
-5009
-6375
-7022
-8068
-9332
-9168
-6462
-1892
1766
3596
6083
7915
7716
6731
7135
8537
8557
8405
8607
9311
9508
9831
9712
9595
9518
8948
7583
6141
4439
2108
-405
-2059
-1618
-452
774
1155
2385
2275
3999
5216
6032
6701
7362
6941
5984
6770
8739
9142
8443
8537
7855
7062
6128
6482
5303
3979
2392
1383
-326
-1907
-2974
-3722
-4296
-4594
-4555
-4110
-3838
-3667
-2880
-2225
-2732
-3153
-3668
-4196
-5736
-6721
-7253
-9227
-12056
-14780
-16495
-18970
-21333
-23759
-25750
-27453
-29265
-30172
-28783
-25588
-23041
-18543
-8982
476
4421
7082
12151
15407
14253
12708
13785
11819
7862
5909
6659
7023
8113
8965
9658
10212
11389
11232
7818
3136
-1213
-5295
-9494
-11312
-11331
-10728
-10344
-8773
-5135
-514
3453
6370
8651
10037
10358
8024
4883
3220
3515
3554
2585
3906
5966
7192
6978
6166
5973
4884
3731
2199
1394
484
-589
-1977
-2819
-1745
483
3860
6814
8869
10194
11880
10969
9423
8270
8698
7992
6704
7610
9716
9979
10090
9631
9955
9956
7984
5641
3200
1901
-365
-2967
-4690
-3798
-2678
-2230
-3280
-3768
-3698
-3316
-3968
-3710
-2913
-2073
-1859
-2822
-3819
-4244
-4584
-6079
-8443
-9553
-9849
-12858
-17881
-20898
-21705
-23447
-25496
-27089
-26511
-27301
-28211
-28262
-26166
-22895
-20217
-13511
-3384
4084
6543
9780
12579
12290
9504
9030
9552
6221
3038
3075
3840
4379
6124
8283
9778
11529
14330
13992
10539
6806
2757
-2076
-6226
-6746
-5578
-5083
-5974
-5146
-1655
1887
3780
4600
6204
7744
6811
4115
2939
2212
930
-111
-77
2109
4499
6543
7948
8911
9888
10368
9006
7011
6225
5360
3914
2394
2549
3676
5365
6890
8577
11495
14045
14966
13977
12302
10875
9417
8173
7298
7499
7420
7465
6545
6187
5129
3452
1394
-1531
-3992
-5608
-6539
-7865
-7911
-7126
-5111
-3102
-855
502
369
247
346
36
315
549
543
295
-314
-1933
-4853
-8641
-12375
-15154
-17536
-20634
-23677
-25290
-26784
-28455
-28994
-28632
-28448
-28536
-28883
-30201
-30882
-27764
-23933
-19701
-10727
722
7214
8900
13364
17870
17721
14257
12539
10798
6545
2956
3049
5545
8851
11574
13593
15442
16978
16221
12278
7636
4178
1682
-917
-2645
-3641
-3904
-5037
-6604
-6034
-3620
-743
1518
4032
6238
7717
8477
8463
8411
8735
9827
10220
9355
9510
10787
11353
10808
10608
11074
10623
9037
8462
8374
7858
6900
6714
7170
8019
9761
10888
11386
11431
13482
17044
18938
16491
14054
13138
10269
6870
6111
8149
7808
4839
2118
1144
-241
-2321
-5458
-6957
-6128
-3990
-2444
-1135
467
2047
2269
909
857
1854
1487
-1549
-3500
-2626
-1805
-2789
-3179
-3581
-4440
-5562
-8295
-13233
-17942
-20731
-22484
-23988
-24172
-23961
-24180
-24549
-24116
-23055
-23093
-25111
-27490
-28665
-29071
-27302
-23570
-19492
-13448
-2518
7863
11751
11971
14710
15542
11494
8706
8640
6638
2675
1926
4391
7109
9389
10939
10775
11036
12626
12361
9047
5616
3523
629
-1945
-2637
-2348
-3639
-5980
-7604
-6358
-3499
-439
2485
5652
10142
12942
12784
10551
8719
6489
3632
1653
1841
4319
6958
8934
10116
12075
14307
14887
13968
13537
12810
9757
6474
4563
4526
5178
6732
7813
8517
10475
11527
9881
6693
6217
3676
-1083
-2941
-836
1017
1038
1581
2235
1483
-126
-564
-3041
-4586
-5073
-4889
-5707
-5079
-2223
426
569
-254
135
602
-347
-2340
-3264
-3542
-3588
-4244
-4818
-4999
-4243
-4697
-7693
-10760
-13612
-17071
-20621
-22175
-21283
-20043
-20059
-21632
-21964
-20165
-19502
-21553
-24163
-25646
-26859
-28244
-27376
-23695
-19105
-13656
-4806
6355
13421
15650
17375
17140
13409
10522
11230
9933
5157
3412
5455
6343
6926
8307
8502
7616
8114
9432
8961
7070
5029
2005
-1918
-4281
-4622
-5132
-6850
-7326
-5699
-2936
250
4110
8558
12488
14138
12817
10473
8901
6984
4420
2621
3047
5239
8442
12737
16265
18192
18882
18210
16713
14481
12432
10422
8131
6067
5572
6138
6364
4841
3548
2618
1589
1478
2055
2477
1563
708
1524
3517
4874
5353
5913
5141
2910
-550
-2493
-3609
-5556
-7361
-7542
-5643
-2811
172
2606
4074
3790
3319
3206
2626
2458
2312
677
-1809
-3325
-3661
-4477
-5298
-5639
-7147
-9903
-13060
-15971
-18890
-22231
-24618
-24830
-23868
-22510
-20443
-18599
-18062
-18697
-18707
-18510
-18065
-18705
-19776
-21606
-21130
-17433
-12749
-5396
4397
11064
11066
11671
13788
12330
7181
5041
3548
-1173
-3141
-646
1952
4636
8911
11764
13111
15514
18358
17183
12910
9358
6447
3376
1987
3029
3629
2233
252
335
2832
5459
7898
9753
11375
11398
9372
6307
4199
3125
3392
4924
8021
13169
19617
23782
24372
24051
22257
18142
12928
9660
6217
1341
-2179
-2919
-1704
836
3463
4068
2896
1669
1511
1642
2084
2349
2330
3508
4925
7789
10344
10027
7504
3409
-1697
-5987
-8533
-9264
-10080
-9693
-6983
-2860
366
3174
5498
4998
3294
1641
216
-1534
-2952
-3656
-4794
-5121
-4211
-4394
-5066
-5591
-6397
-7913
-10547
-12743
-14608
-16521
-17838
-17482
-16352
-15878
-16067
-16667
-17249
-19182
-21132
-22018
-21225
-19948
-19630
-19300
-20917
-24907
-29636
-31881
-25953
-14802
-2855
6328
10270
13768
14062
13792
14182
12564
9668
5293
1945
2860
6803
9467
9247
8280
9378
13129
15639
16225
13312
8387
4695
1959
2756
5317
5482
1319
-4167
-6563
-5000
-2106
3879
9992
13692
15450
16249
17328
16703
14992
11837
8158
7151
10937
16748
19460
18992
15940
10431
5752
3314
1939
-793
-4180
-6382
-7086
-5154
-2379
-648
-212
-446
-970
361
3564
5617
6630
7632
10043
10602
9991
9821
7658
2377
-4237
-9304
-11221
-12224
-13542
-12237
-9943
-6642
-2857
1055
4446
5576
5510
4583
2932
1971
2170
1121
-1204
-2993
-2672
-1948
-2055
-2258
-3091
-5813
-9590
-13300
-17924
-21921
-25088
-26657
-26610
-25010
-22377
-20200
-19426
-18170
-16401
-15508
-15155
-15838
-15563
-15870
-17021
-17078
-15692
-14335
-10428
-1179
7718
9324
7978
8862
7079
2682
2912
6391
4163
-142
475
3442
4555
7853
12908
13420
13262
16406
18405
15613
12590
12031
9570
6306
7052
8850
5840
790
-2334
-3120
-2771
85
5757
9234
10387
11428
11031
9553
9903
12071
12909
11706
12591
16735
18925
17645
15001
11413
5764
28
-2754
-3637
-5296
-6935
-7415
-6795
-3907
415
3135
3859
3517
5129
7587
7716
7873
7209
7030
6524
6356
8055
8815
5942
217
-5905
-9246
-9870
-10254
-9218
-7688
-5144
-2125
518
3864
5974
5099
3162
1817
1492
2174
1285
136
-674
-1518
-1934
-2674
-3456
-4024
-5978
-10061
-13463
-15661
-16741
-18527
-19808
-19278
-17446
-16336
-15784
-14657
-13867
-13626
-14508
-15162
-15532
-16606
-19143
-23125
-27388
-29060
-27652
-23266
-15075
-3061
8208
11835
9518
7613
5628
3017
2179
4718
7100
7781
10119
12913
14365
14811
14383
12559
12745
16822
20497
19367
16317
13946
10218
6174
4160
2881
-1316
-7757
-10939
-10017
-5397
2655
11410
16782
17622
16346
13872
10252
7576
6694
7272
8774
11893
17984
23312
22814
15882
7030
-1026
-6893
-9321
-7749
-5116
-4319
-3788
-1512
1521
4314
6440
7359
7530
8638
10888
13439
13567
11934
10702
9492
7536
4615
1733
-2528
-8475
-12865
-13791
-11359
-7659
-5155
-3673
-2023
-92
1363
2181
3264
4597
5352
5643
6160
6835
5622
3190
40
-3246
-6352
-8362
-9111
-9520
-10312
-11385
-13577
-16936
-19610
-21099
-21444
-20585
-19024
-17512
-17371
-19128
-20752
-23108
-24954
-26227
-26158
-25646
-27104
-30065
-31052
-29236
-24559
-14767
-1511
10258
13818
12326
10114
7407
5592
7332
11044
11605
9320
8864
9466
9019
9542
10103
9501
9993
13844
18375
18646
15827
12118
6511
1042
191
892
-1916
-6312
-8193
-6917
-3558
3859
12799
17704
16732
12792
8242
4237
3358
5269
7593
9295
12922
17984
21555
21537
17055
8978
29
-5365
-6292
-4381
-2115
-907
-441
284
2820
6391
8974
10120
10820
10704
9964
9351
8700
6599
3994
3991
4776
5326
5843
5502
2782
-2318
-6843
-7669
-5856
-2808
17
1105
1298
1230
1314
1433
2014
2752
2412
780
-162
-90
-1381
-3575
-5058
-6703
-8586
-9508
-9964
-10522
-11948
-14672
-18575
-21136
-20975
-19921
-18790
-18969
-21341
-24441
-26703
-28859
-30225
-30315
-29923
-30583
-32018
-32458
-31829
-27204
-16024
-1971
11001
17205
16204
12516
7681
6596
9328
13688
17368
17902
16869
14798
11677
7993
5266
4407
5985
9763
14196
17696
18538
15848
10949
5880
2501
1859
1391
-685
-2239
-2130
-1021
1965
8189
14043
15864
14024
10539
6261
4020
4829
6905
9000
11358
14576
16457
15808
14197
11558
7037
2462
774
1373
1176
-397
-3114
-5579
-5523
-2521
2622
7742
11390
12134
10744
9279
7613
6405
6886
6995
6560
6652
7239
6884
4833
3058
569
-3873
-8550
-9508
-6390
-2397
-302
-394
-739
-1383
-1668
-598
1051
1630
521
-1148
-1369
-582
167
-1486
-5132
-8820
-10980
-11588
-10963
-10291
-11637
-14869
-18334
-20287
-21039
-20934
-21778
-23100
-25695
-27342
-27505
-26649
-24489
-23800
-25282
-28409
-31439
-32210
-27977
-18913
-5457
8234
15449
14153
9049
5245
5234
9432
16637
22260
22031
18361
13723
9411
5229
2558
2720
4918
9023
13090
15109
12837
7622
2726
-63
-63
1854
3919
3215
739
-447
-232
1662
5867
10519
12895
12671
10244
7618
6573
6899
8140
9496
10133
10726
11991
13052
13208
12338
9939
6951
4967
4447
3972
2120
-1102
-3840
-5188
-4250
-774
3358
7239
8588
7570
6203
4766
3858
3681
4377
5915
7606
8175
7978
7000
5083
789
-3594
-5440
-5008
-3247
-713
1452
1441
-714
-3979
-6186
-6243
-4485
-2806
-1410
53
1881
3255
2749
272
-2563
-5549
-8232
-8838
-7590
-7716
-10577
-14175
-17154
-19589
-20408
-20248
-21217
-23179
-24514
-23999
-23140
-22588
-22845
-24577
-27901
-31078
-30218
-24132
-14689
-2380
7510
9034
5464
2085
1447
4233
11503
20696
25196
23722
19705
14954
10498
7336
6204
6398
7853
10187
10617
8145
4114
191
-2948
-3886
-1361
2076
2621
-935
-4248
-5142
-3953
-446
5086
10493
12251
11376
10045
9040
9186
11220
13568
14948
15187
14912
13541
11027
9792
9768
9985
10129
10891
11504
9909
5087
-1273
-6154
-8382
-7613
-3477
2636
7526
9457
8172
5488
3051
2105
3063
5404
9128
12369
13224
11255
7974
4670
695
-2907
-3739
-2080
265
1927
742
-3925
-8051
-9916
-9696
-6776
-1609
2328
2171
515
-537
-1617
-2120
-1601
-1824
-2847
-3929
-4860
-6768
-9318
-12146
-15785
-18504
-19099
-18630
-19284
-21799
-25456
-28979
-30482
-29449
-26961
-24278
-23983
-26495
-29254
-28496
-23398
-12929
-1002
4768
4619
2982
1598
2197
7801
17099
22828
22388
19839
16231
13443
13299
13942
13502
13627
14442
12411
7284
2994
-184
-4461
-7221
-5773
-3043
-3319
-7216
-11024
-11495
-8321
-1893
6177
12803
14041
10352
5908
3837
6143
12963
20508
24354
25053
23035
18011
11486
7627
7347
8594
11207
14312
16248
14810
8691
-435
-6947
-8645
-6774
-1972
3361
5558
3953
-266
-3613
-3572
-951
3575
8782
13124
15413
14720
11390
7118
4210
4026
4615
5196
5623
4484
307
-5340
-10210
-12543
-11932
-9094
-5726
-2730
-1110
-2386
-5277
-7076
-5730
-1682
3245
5766
4209
-544
-7454
-13909
-17107
-16918
-15393
-13946
-13501
-14841
-19153
-24451
-29098
-31907
-32479
-30711
-27589
-25626
-27593
-31169
-32367
-30287
-22357
-10146
-347
1991
347
-1257
-1663
1549
10405
19362
22135
21600
20673
19947
19077
20393
22161
22349
21542
19474
15099
8507
3135
-516
-2896
-3844
-3294
-5322
-12174
-19185
-21597
-18604
-11758
-1743
6884
10131
7482
3187
1185
2873
9061
17119
24339
28522
29681
27819
24116
20482
18916
19610
21986
23512
21981
16935
9389
1549
-3303
-2798
880
4146
4069
279
-5785
-10620
-12578
-10878
-5875
-515
3987
7009
8264
7693
6651
6555
8243
11371
15760
18782
17496
12664
6199
797
-2261
-2647
-1795
-1212
-2667
-6560
-10528
-13082
-14017
-13008
-9739
-4949
-795
730
-609
-4703
-10254
-15116
-17083
-15849
-12752
-10648
-12121
-15955
-19859
-23259
-25183
-24734
-23471
-23505
-24699
-27207
-30945
-32498
-30929
-27489
-21208
-13302
-9428
-10992
-10604
-6300
-1130
5195
12607
16286
14326
12602
12808
14896
19611
25865
28642
27532
25374
21555
16588
12795
12186
11603
9642
6210
1828
-4770
-12730
-17995
-19682
-17985
-15189
-11759
-10142
-10747
-11643
-10387
-5803
1393
10083
16061
17987
17108
16831
17765
20489
25181
29709
32271
32009
29322
24259
18828
14138
11263
11055
12094
12442
9587
4346
-1719
-6369
-9500
-10716
-10080
-9218
-9431
-9777
-9479
-9500
-8439
-5455
-1360
3102
7478
10593
11934
12702
12836
12298
12357
12821
11480
9240
7277
4654
1200
-2526
-5793
-9147
-11779
-12968
-12705
-11665
-10122
-10025
-11835
-13701
-15482
-16820
-17125
-16781
-17760
-19303
-20460
-21342
-21987
-21771
-20706
-20566
-21289
-22195
-22805
-22415
-21618
-19566
-15328
-11976
-12214
-13381
-10906
-5461
752
6116
9890
9052
6089
5614
8782
13609
17375
19322
18824
17513
16210
15425
14819
14988
15508
14368
10656
5174
-437
-5658
-8091
-6791
-2836
-491
-2956
-8556
-14328
-18079
-18514
-14593
-7776
-1694
1354
1713
1367
2712
6347
10988
15187
18967
22009
23976
24705
25267
25660
25376
24075
23014
22253
20318
17269
13946
12072
10662
9084
6602
3303
-1054
-4619
-7367
-9693
-10900
-11127
-11370
-12380
-11497
-9492
-7633
-5104
-1054
2504
4760
6918
8355
10013
11783
12605
11222
9236
7354
4550
1866
417
-456
-2670
-5432
-7598
-9753
-11653
-12687
-13600
-14444
-15804
-16964
-18188
-19162
-20471
-22087
-24280
-27172
-29344
-30889
-31635
-31959
-30559
-27796
-23891
-19370
-17287
-17830
-18990
-16083
-9603
-1742
5235
8454
8479
6981
8580
13953
22532
29630
32480
31029
26970
23163
19478
17927
18357
19777
18913
14446
7944
343
-6945
-12228
-13078
-11529
-10564
-11647
-14026
-16888
-19012
-18480
-14814
-10253
-7105
-5103
-4438
-4317
-2249
3828
11846
18730
22822
24439
24206
23709
24734
27273
30235
31452
30443
27950
25345
23309
21551
19835
16855
13719
10796
7490
3897
862
-2255
-5673
-8309
-9913
-10671
-11620
-12079
-12636
-12652
-10885
-8655
-7457
-6799
-5425
-3268
731
5862
10443
12694
12615
11773
11221
11772
12085
11037
7871
3614
-611
-3547
-4642
-5828
-8056
-12343
-18152
-23239
-25857
-25949
-24680
-23805
-24979
-27844
-30347
-31536
-32530
-31923
-28832
-24423
-20923
-20609
-21294
-21887
-18678
-13731
-7022
-1244
1805
2810
2331
6376
11950
18217
20955
22017
23075
23393
25105
26070
28346
28825
27165
22791
17195
12007
6150
1367
-1367
-2041
-3995
-8213
-13632
-18671
-22539
-24171
-24182
-22990
-20894
-18863
-17517
-16456
-13528
-9409
-4550
494
5287
9213
11894
14916
18345
22545
26085
28463
29691
29483
29828
29837
30687
30842
29001
25038
20673
17197
14576
13253
11462
9171
5690
1953
-2011
-4954
-7538
-10241
-11763
-12112
-11402
-11148
-10891
-11152
-11659
-11763
-10797
-8309
-5371
-2853
-1841
-591
1653
4298
6847
9005
10805
11208
10838
9444
7671
5555
3586
1340
-1844
-5376
-9005
-12825
-17553
-22125
-26266
-28735
-29953
-30625
-30827
-30224
-28679
-29695
-31509
-32395
-28873
-22514
-16563
-11872
-10938
-10287
-9350
-5081
1185
7977
13336
16270
18785
20457
23354
25113
26627
27982
28769
28274
25647
23421
20740
18501
16586
14540
10841
5478
-714
-6747
-11315
-14365
-16708
-19499
-21729
-23737
-25768
-27268
-27592
-25838
-23175
-19752
-16869
-13999
-10175
-5925
-362
5309
10909
15097
18732
21832
24941
28711
31458
32527
31579
29809
28392
28648
29346
28811
26246
21932
16396
11471
8374
6699
4556
1601
-1329
-4352
-7076
-9133
-10188
-10981
-11988
-12847
-13519
-13679
-13390
-12977
-11573
-9921
-8390
-7358
-6372
-5448
-4150
-2127
210
2164
3824
4941
5078
4970
4305
3506
2635
2069
585
-1784
-4839
-8286
-11829
-15338
-18365
-20221
-20746
-22742
-25373
-27049
-25340
-23283
-21548
-20736
-22403
-23192
-21243
-15163
-9776
-4598
105
3237
6490
9510
13239
15092
17788
21581
24943
26516
25864
25034
22999
21555
20695
19828
17794
14512
11085
7903
5035
1806
-1879
-6187
-10079
-12789
-14775
-16845
-18574
-19477
-20254
-20971
-21894
-21758
-19661
-16671
-13367
-10757
-7683
-5106
-2190
1667
5833
9570
12314
16055
19755
23311
26172
27564
28301
29100
29730
28730
26961
25224
23073
21104
19222
16889
12734
9394
7060
4582
2275
340
-2222
-5810
-8135
-9641
-11215
-12528
-12543
-13020
-13838
-14272
-13743
-12997
-12075
-10561
-9283
-7751
-6424
-5328
-4344
-3196
-2082
-1017
211
627
594
1
-528
-1045
-1843
-3346
-5975
-7543
-7561
-6534
-7349
-10885
-15653
-18142
-17608
-16460
-15577
-16489
-17393
-18054
-15830
-11951
-9047
-7100
-6147
-3985
-1035
3439
7151
9892
14010
17941
19965
19599
18982
18934
19232
20400
20970
19866
17386
14226
10733
8252
6082
3470
543
-1674
-3119
-5436
-8299
-11734
-14062
-14871
-15726
-16943
-18000
-17320
-16019
-14926
-13888
-12622
-11496
-9513
-6418
-2923
1119
4473
7353
8880
10930
12890
14725
17150
19856
22570
23300
23383
23637
23681
22758
21943
21344
20468
19077
17542
15277
12205
9527
6608
3800
1775
164
-2264
-5154
-7316
-9196
-11556
-13383
-14227
-14874
-15388
-14997
-14140
-13497
-12882
-11733
-10311
-8927
-7556
-6752
-5977
-5349
-4614
-5051
-6589
-7811
-8411
-8323
-7423
-6816
-5469
-4600
-6273
-9712
-12068
-9506
-6540
-4790
-5733
-8172
-10414
-10935
-7943
-5274
-3122
-2144
-1368
-352
1509
4066
5623
7787
10504
13173
13517
12967
12995
13698
15202
15354
14918
13047
10979
9270
8231
7969
6504
4467
1683
-673
-2742
-4580
-6350
-7534
-8338
-9250
-9810
-10803
-10828
-11208
-11544
-12305
-12801
-11861
-10234
-8098
-6146
-4783
-3463
-1868
-268
2078
4119
6811
9391
12288
14423
14272
13761
13827
15450
17528
19246
19621
18618
17345
16459
15667
14926
14076
12769
11273
10122
8503
6066
3327
1334
-475
-2860
-5230
-7849
-10072
-12009
-13165
-14059
-15041
-16279
-16789
-16311
-14860
-13515
-13076
-13001
-13098
-12295
-11068
-9365
-8349
-7866
-8144
-8539
-9075
-8584
-7847
-8029
-9544
-10919
-8917
-6706
-4340
-4220
-5178
-6152
-5924
-2704
-287
1498
1782
1889
2492
4063
6164
7115
8504
10735
12983
13093
12354
12090
12079
12777
13272
13365
12106
10262
9119
7911
7112
4904
1816
-1538
-3456
-4740
-5792
-7144
-8256
-7985
-8601
-8968
-10250
-10241
-9509
-8599
-8011
-7474
-6016
-5550
-6104
-6135
-3916
-1702
-26
1384
2657
3476
4090
5628
6092
6653
7552
8528
9852
11378
13475
13942
13243
13108
13391
13252
13293
13170
12557
11436
10606
9869
8592
7439
6119
4612
3658
2232
214
-1855
-3108
-3599
-4546
-6439
-7965
-9050
-9856
-10988
-12213
-13222
-14496
-15541
-16182
-15746
-15608
-15839
-15729
-15158
-14666
-14789
-13568
-12290
-11044
-10791
-9288
-6581
-5735
-5072
-5358
-4534
-3948
-2261
599
2074
3648
4440
5889
6901
9677
12505
13290
13332
13742
15192
14619
14490
13553
12680
11816
11630
12297
11317
9672
7958
7037
5986
3814
1066
-882
-1589
-1894
-2298
-3548
-5807
-8176
-9243
-8781
-9082
-9565
-10039
-9560
-8928
-8352
-7793
-7586
-6104
-3736
-1219
-308
-237
329
1705
3795
6097
7932
7859
7347
7149
7519
7762
7633
7275
7435
8693
9309
8378
6779
6933
7750
8375
7950
6792
5458
4404
3992
3276
1953
576
-842
-1758
-2061
-2062
-2890
-4418
-5898
-6533
-6677
-7021
-8115
-9763
-10445
-9980
-9254
-9546
-10306
-11460
-12404
-12853
-12035
-11238
-10808
-11625
-13021
-14879
-14965
-12508
-9839
-8300
-8900
-9333
-9805
-7892
-4077
116
3215
4758
6339
7430
10339
13266
15350
16947
17782
17841
16361
16618
17870
19046
18447
17289
15402
13344
11662
10065
8595
6978
5180
2155
-844
-2828
-3916
-4558
-5263
-5466
-6171
-7186
-7972
-8715
-8040
-7201
-6678
-7516
-7590
-6390
-4940
-3759
-3089
-2345
-2633
-2454
-1355
1027
3343
4545
5354
5864
7154
7859
8069
7454
7501
7974
7920
7221
6232
5794
5069
4678
3811
2889
1831
1067
656
244
-397
-2153
-3834
-4249
-3485
-3194
-4276
-5508
-6188
-6192
-6084
-6088
-6466
-6776
-7123
-7857
-8473
-8533
-8036
-7761
-7831
-8459
-9607
-10301
-10190
-9107
-8777
-8800
-9650
-9277
-8305
-7499
-6696
-6744
-6691
-7403
-6384
-4630
-2228
-527
1010
2494
3522
5849
7904
9899
10822
12387
14010
14629
16001
17034
18682
17951
17524
17203
16489
14384
11194
9546
8192
7209
4782
2001
-1096
-3184
-4787
-5964
-6209
-6739
-7551
-8862
-9215
-9097
-8841
-8517
-7871
-6531
-4794
-3333
-2829
-2457
-1599
-222
1232
2520
3286
3748
4326
5524
6547
7171
7371
7136
6969
7042
7533
7266
6095
5009
5074
5405
4941
3720
2095
502
-744
-1005
-1323
-2312
-3977
-6007
-7444
-7800
-7419
-7454
-8089
-8800
-9293
-9503
-9556
-9858
-10352
-10298
-9580
-8999
-8767
-8841
-9068
-9739
-9256
-8013
-6560
-5566
-5578
-6454
-7924
-7399
-6239
-4716
-3642
-3194
-3742
-4573
-3630
-1507
1431
3593
4593
4423
4661
6973
9188
11305
12948
14835
15168
15124
15625
16310
16425
15910
15868
15229
14346
12455
10323
8721
7912
6502
3866
1207
-349
-1425
-2293
-3669
-5353
-7142
-8038
-8272
-8285
-8125
-8085
-7685
-6742
-5342
-4091
-3201
-1930
272
2407
3712
4349
4518
4580
5043
6151
7279
7719
7733
7331
7122
7146
7325
6901
5851
4904
4269
3676
2943
2219
1189
-441
-2071
-3095
-3578
-3883
-4587
-6073
-7784
-8815
-9151
-9556
-10232
-10568
-10804
-11187
-12008
-13071
-14150
-14906
-14296
-13223
-12083
-11953
-12246
-12147
-11219
-9302
-8070
-7453
-7917
-7707
-6740
-5020
-3358
-2698
-2454
-2140
-618
1794
4333
5823
6072
6599
7678
10133
12243
13659
14131
14256
14872
15120
15546
16127
16842
16800
15889
14737
13843
12915
11464
9832
8424
7233
5921
3621
1545
-755
-2223
-3657
-4912
-6598
-8419
-9499
-9982
-9640
-8734
-7776
-7489
-7649
-7739
-6555
-4389
-1997
-312
571
1252
2500
4601
7013
8657
9509
9853
10169
10531
10989
11336
11410
10957
10191
9253
8297
7462
6322
5256
4074
2451
644
-1024
-2915
-4992
-6992
-8515
-9577
-10810
-11741
-12828
-13359
-13779
-14056
-14337
-14745
-15331
-15465
-14736
-13818
-13019
-12575
-12157
-11489
-10270
-9422
-9089
-8980
-8522
-7070
-5531
-3938
-3034
-2274
-1857
-1266
226
1759
3804
5236
6444
6734
7066
7785
8702
10113
11799
13475
13858
13921
13709
14064
14455
14849
15035
14686
14124
12323
10208
8271
7077
6187
4520
2357
-559
-3029
-5182
-6778
-8051
-8993
-9451
-10093
-10159
-9967
-9742
-9900
-9864
-9440
-8654
-7459
-6257
-4874
-3436
-2153
-598
765
2553
4378
6023
7301
8212
9053
9607
10063
9958
9890
9557
9334
9044
8530
7587
6120
4891
3929
3123
1797
-265
-2285
-3904
-5372
-6804
-8220
-9480
-10759
-12119
-13621
-15095
-15711
-15572
-15218
-15075
-15437
-16434
-17416
-17149
-15724
-13588
-12070
-10917
-10502
-9798
-8411
-6456
-4212
-2454
-770
558
2112
3477
5058
7017
8778
10100
10787
11295
11792
12845
13496
13809
14278
14464
14787
14323
13760
12682
11613
11107
11256
11473
10698
9199
6817
4654
2887
1805
1162
321
-983
-3059
-4914
-6472
-7236
-7498
-7601
-7786
-8325
-8498
-7977
-7226
-6862
-6730
-6880
-6555
-5226
-3495
-2196
-1558
-1118
-331
974
2540
4028
4841
5685
6660
7544
8243
8642
8687
8438
8448
8374
7960
7078
6083
5182
4231
3530
2449
1424
21
-1620
-3510
-5450
-7147
-8737
-9901
-10842
-11757
-12988
-13809
-14626
-15502
-16006
-15858
-15013
-13950
-12670
-11261
-10229
-9807
-9757
-8683
-6822
-4740
-2922
-1234
177
1000
2043
3140
4677
6282
8051
9178
9961
10538
11008
11644
12170
13149
13670
14153
13926
13648
13340
13040
12945
12547
12132
11291
10343
8674
6609
4782
3293
2456
1226
190
-877
-2168
-3886
-5502
-6361
-6856
-7018
-7341
-7275
-7367
-7515
-7351
-7401
-7531
-7453
-6779
-5789
-4345
-2829
-1689
-1332
-1190
-547
523
1861
2422
2619
2956
3834
4834
5061
5366
5436
5178
4435
3396
2569
1975
1613
953
245
-563
-1038
-1546
-2362
-3205
-3881
-4444
-4683
-4739
-5319
-6433
-7811
-8631
-8473
-7890
-7500
-7933
-8780
-9322
-9223
-8465
-7560
-6910
-6411
-6092
-5559
-4985
-3931
-2727
-1403
-59
946
1931
2678
3711
4867
6610
8134
9417
10464
11339
12345
12981
13374
13502
13794
13821
13839
13565
13135
13010
12593
11950
10942
10124
9402
8183
6740
5048
3707
2215
792
-549
-1850
-3144
-4253
-4819
-5151
-5567
-6731
-7638
-7880
-7534
-6777
-6722
-6742
-7033
-6882
-6286
-5401
-4724
-4563
-3875
-3419
-3018
-2817
-2314
-2089
-1701
-1337
-1050
-727
-682
-668
-953
-1102
-1182
-1197
-1047
-1305
-1820
-2456
-3249
-3817
-4183
-4243
-4193
-4443
-4951
-5511
-6219
-6870
-7049
-7123
-7141
-7451
-7823
-8343
-8808
-8800
-8257
-7485
-7184
-7036
-6226
-4955
-3706
-2905
-2738
-2295
-1368
-186
700
1318
1818
2243
2967
3968
4706
5497
6193
6794
7370
7881
8456
8849
9375
9909
10417
10897
11138
11414
11623
11846
12232
12440
12690
12829
12552
11792
10971
10150
9419
8210
6912
5721
4731
3813
3123
2304
1077
-285
-1586
-2320
-2857
-3466
-4395
-5422
-6103
-6528
-6693
-6698
-6657
-6173
-5754
-5467
-5478
-5423
-5094
-4765
-4257
-3700
-3293
-3089
-2883
-2501
-1816
-1430
-1471
-1630
-1766
-2057
-2161
-2190
-1912
-1637
-1782
-2180
-2983
-3346
-3282
-3021
-3027
-3428
-3961
-4772
-5472
-5781
-5616
-5629
-6118
-6638
-7095
-7265
-7121
-7053
-6796
-6707
-6413
-6051
-5135
-4168
-3219
-2606
-2419
-2203
-2022
-1305
-442
610
1424
2266
2884
3827
4977
6062
7112
7821
8415
8815
9687
10632
11570
12558
12984
13073
13032
13180
13348
13460
13503
13521
13217
12470
11542
10470
9406
8442
7370
6177
5083
4186
3626
3163
2474
1390
120
-1189
-1980
-1996
-1976
-2416
-3310
-4113
-4393
-4553
-4801
-5254
-5698
-5928
-6223
-5938
-5723
-5589
-5637
-5844
-5836
-5965
-5867
-5712
-5363
-5295
-5068
-4903
-4683
-4263
-3894
-3498
-3366
-3074
-2834
-2564
-2204
-2089
-2141
-2141
-2173
-2178
-2205
-2646
-3243
-3550
-3640
-3549
-3628
-3970
-4704
-5669
-6200
-6420
-6321
-6278
-5940
-5680
-5732
-6041
-6090
-5678
-5200
-4759
-4706
-4585
-4542
-4151
-3162
-1924
-781
43
840
1564
2779
4071
4828
5540
6183
7072
8128
9112
9941
10166
10222
10694
11534
12478
12868
12692
12219
12322
12623
12852
12565
11885
10977
10121
9428
8753
8206
7612
6742
5411
4196
3047
2083
1252
511
-181
-1299
-2700
-4040
-4865
-5120
-5190
-4980
-5150
-5463
-5840
-5928
-5954
-6022
-6074
-5855
-5422
-4830
-4680
-4580
-3982
-4062
-3760
-3185
-2456
-2134
-2504
-2659
-2607
-2177
-1522
-1375
-1717
-2256
-2822
-3134
-3023
-2929
-2918
-3324
-3889
-4185
-4276
-4337
-4621
-4717
-5068
-5350
-5242
-5266
-4963
-4566
-4282
-4059
-4126
-4382
-4711
-4862
-4452
-3918
-3761
-3736
-4045
-3792
-3451
-3101
-2654
-2479
-2188
-2099
-1815
-1296
-591
437
1095
1548
1619
1762
2471
3177
4298
5401
6130
6849
7300
7632
8055
8226
8362
8598
8772
9036
9086
9293
9373
9267
9028
8407
7849
7330
7128
6957
6598
6010
5397
4857
4239
3637
2856
2046
1352
1103
1257
1231
608
-363
-1386
-2106
-2421
-2542
-2871
-3482
-4079
-4487
-4774
-4930
-4959
-4518
-4090
-4045
-4106
-4134
-3920
-3443
-2731
-2066
-1526
-1567
-1692
-1615
-1371
-782
-390
-157
-476
-794
-863
-1187
-1384
-1752
-2202
-2840
-3366
-3996
-4464
-4738
-4483
-4224
-4535
-4850
-5074
-5136
-4974
-4556
-3918
-3476
-3167
-3039
-2967
-2699
-2284
-1849
-1627
-1199
-1450
-1567
-1459
-1043
-618
-438
-561
-955
-1051
-1279
-1305
-916
-507
-79
201
353
676
1067
1481
1802
2313
2815
3368
3968
4752
5453
5884
5978
6123
6577
7362
8071
8623
8866
8684
8337
7837
7496
6923
6690
6381
6050
5826
5104
4424
3891
3242
2202
1461
871
483
97
-511
-991
-1533
-1891
-2228
-2530
-2959
-3417
-3862
-4083
-4180
-4323
-4407
-4353
-4060
-3696
-3282
-3074
-2937
-2737
-2616
-2442
-1979
-1772
-1571
-1294
-1054
-644
-282
-352
-566
-945
-1370
-1547
-1312
-1097
-1249
-1434
-1556
-1743
-2250
-2902
-3396
-3951
-4326
-4555
-4631
-4472
-4360
-4365
-4460
-4474
-4138
-3953
-3979
-3893
-3618
-3300
-3121
-3016
-2963
-2871
-2730
-2364
-2076
-1705
-1554
-1621
-1412
-1089
-789
-437
-191
61
92
264
740
1199
1793
2210
2647
2972
3395
3815
4239
4751
5113
5293
5453
5477
5635
5902
6135
6556
6754
6640
6186
5878
5616
5792
5905
5816
5264
4609
3851
3105
2840
2438
2211
1976
1773
1520
1075
743
224
-115
-449
-812
-1209
-1527
-1595
-1651
-1332
-1104
-838
-794
-924
-1033
-1107
-1349
-1352
-1197
-863
-531
-251
-124
39
475
589
659
520
502
660
807
719
405
136
49
-90
-382
-700
-1211
-1661
-2282
-2650
-2878
-3277
-3657
-4207
-4684
-5175
-5340
-5315
-5479
-5751
-6011
-6041
-6046
-6087
-6031
-5717
-5272
-5005
-4534
-3982
-3336
-2521
-1889
-1390
-902
-644
-563
-181
474
1331
1919
2285
2123
2274
2846
3181
3620
3812
3568
3187
3004
3303
3636
3700
3676
3445
3265
3193
3191
3159
3148
3117
2978
2824
2792
2890
3332
3600
3681
3708
3586
3487
3105
2902
2768
2814
3076
3167
3086
2771
2449
2043
1899
1837
1650
1044
253
-133
-281
-238
-158
-64
-297
-685
-1017
-1168
-1136
-1181
-1375
-1532
-1640
-1591
-1274
-757
-254
-158
34
-119
-492
-651
-1086
-1448
-1452
-1612
-1603
-1620
-1537
-1572
-1799
-2039
-2450
-2577
-2800
-3441
-4270
-4738
-4962
-4882
-4528
-4488
-4517
-4812
-5352
-5902
-5978
-5570
-4982
-4230
-3537
-3285
-3238
-3100
-2624
-1678
-768
16
307
325
470
1146
2077
2978
3796
4027
4098
4043
3939
4141
4207
4075
3736
3362
3086
2895
2999
3124
2702
1988
1251
469
-60
-448
-811
-947
-771
-375
-225
-297
-629
-877
-998
-980
-755
-412
-30
250
1029
1421
1735
1754
1651
1698
1753
2157
2623
3206
3412
3284
2943
2462
2198
2202
1902
1906
1626
1288
964
540
369
-100
-325
-456
-601
-680
-944
-1032
-1002
-1007
-1006
-1021
-1134
-1501
-1667
-1656
-1537
-1523
-1605
-2010
-2443
-2738
-3036
-2992
-2987
-2872
-2910
-3169
-3436
-3626
-3769
-3833
-3604
-3375
-2858
-2466
-2384
-2526
-2834
-2842
-2455
-1871
-1288
-889
-673
-657
-748
-717
-547
-432
-219
88
472
696
990
1154
1412
1717
1843
2026
1827
1633
1560
1571
1431
1286
1108
922
894
634
409
-56
-233
-361
-411
-603
-1108
-1417
-1934
-2283
-2280
-1942
-1496
-1178
-1031
-1070
-1125
-1157
-1038
-771
-141
399
811
1450
2052
2736
3210
3593
4112
4706
5161
5425
5438
5351
5215
5093
5262
5226
5226
4921
4260
3618
2980
2549
1966
1498
1161
507
136
-237
-666
-1037
-1511
-1877
-2044
-1991
-1789
-1789
-2079
-2327
-2246
-2153
-2127
-1844
-1733
-1644
-1446
-1353
-977
-779
-821
-765
-560
-354
-10
148
-81
-78
-136
-238
-108
-23
224
358
184
154
155
301
263
133
-168
-352
-454
-692
-705
-737
-683
-875
-1204
-1512
-1598
-1439
-1341
-1089
-785
-751
-855
-1296
-1709
-1884
-1775
-1374
-1144
-1247
-1400
-1553
-1607
-1561
-1592
-1497
-1487
-1449
-1116
-916
-724
-594
-406
-467
-415
-441
-395
-196
108
715
1466
2175
2746
3106
2988
3029
3176
3265
3657
3905
3983
4177
4359
4636
4753
4742
4566
4196
3936
3452
3058
2627
2000
1418
821
438
132
-206
-368
-623
-1001
-1525
-2037
-2469
-2720
-2480
-2169
-1856
-1620
-1214
-930
-746
-560
-461
-343
-395
-525
-416
-240
-61
355
593
1009
1171
1021
743
498
579
495
545
298
-165
-550
-1079
-1422
-1641
-1889
-2004
-2280
-2690
-3088
-3651
-4021
-4090
-4048
-3747
-3469
-3281
-3202
-3237
-3497
-3592
-3720
-3519
-3129
-2852
-2706
-2454
-2093
-1775
-1602
-1363
-1143
-1100
-703
-610
-412
-449
-597
-529
-256
374
1003
1571
1721
1510
1227
1228
1530
1712
2029
2375
2595
2758
2942
3006
3063
2925
2857
2960
3104
3318
3302
3189
3098
3183
3344
3406
3463
3464
3327
2945
2634
2699
2761
2873
2703
2372
2037
1588
1249
963
967
913
719
324
-266
-425
-560
-520
-582
-667
-683
-806
-695
-578
-642
-922
-1369
-1645
-1500
-1177
-1000
-970
-1128
-1376
-1762
-1983
-1980
-2101
-2092
-2113
-2296
-2416
-2386
-2396
-2524
-2790
-3294
-3590
-3663
-3744
-3776
-3929
-3895
-3986
-4233
-4350
-4462
-4509
-4571
-4648
-4450
-4015
-3687
-3211
-2794
-2602
-2301
-2201
-2018
-1745
-1428
-1131
-666
-71
288
796
1116
1080
955
1035
1182
1517
1799
1949
2266
2300
2158
2255
2465
2803
2942
3253
3490
3484
3512
3518
3700
3848
3838
3904
3808
3880
4146
4233
4475
4525
4574
4481
4265
4063
3897
3545
3277
3127
3109
3117
3138
3049
2926
2742
2528
2336
1981
1762
1778
1794
1605
1444
1185
681
58
-341
-615
-763
-1188
-1467
-1755
-2105
-2229
-2441
-2501
-2744
-2689
-2615
-2739
-2861
-3141
-3478
-3740
-3831
-3587
-3099
-2731
-2493
-2348
-2361
-2461
-2632
-2833
-2963
-3120
-3197
-3114
-3096
-2971
-2599
-2364
-2170
-2145
-2169
-2430
-2565
-2626
-2554
-2316
-2084
-1698
-1325
-1117
-1065
-963
-891
-511
-40
224
677
1167
1438
1663
1873
2032
2350
2712
3018
3199
3163
3003
3007
2985
3228
3592
3624
3680
3518
3451
3263
3009
2850
2799
2908
2985
2923
2830
2753
2746
2645
2804
3057
3057
2987
2934
2891
2695
2768
2827
2881
2743
2409
2019
1658
1370
1118
1100
1036
996
828
401
-128
-737
-1105
-1328
-1572
-1908
-2189
-2582
-2847
-3024
-3382
-3604
-3821
-4069
-4092
-4116
-4103
-4244
-4502
-4562
-4851
-4957
-4882
-4583
-4349
-4067
-3822
-3900
-3974
-4230
-4165
-3858
-3317
-2827
-2667
-2694
-2686
-2748
-2460
-1963
-1543
-1077
-824
-807
-883
-967
-866
-607
-297
0
321
646
829
1049
1013
959
947
938
1033
1395
1941
2343
2591
2680
2583
2476
2514
2511
2768
3129
3286
3426
3516
3510
3373
3122
2903
2651
2596
2690
2807
2714
2685
2357
2016
1757
1443
1487
1920
2349
2432
2382
2097
1965
1701
1671
1673
1749
1998
2058
2154
2156
2280
2147
2148
2006
1645
1347
824
297
-28
-43
-97
-177
-646
-1537
-2111
-2386
-2718
-2891
-2940
-3065
-3435
-3551
-3828
-4124
-4177
-4193
-4132
-3855
-3833
-3681
-3408
-3482
-3432
-3203
-3085
-2826
-2783
-2839
-2790
-2587
-2449
-2382
-2257
-2077
-1806
-1810
-1826
-1589
-1132
-666
-129
154
188
-86
-549
-660
-470
-162
335
676
947
1194
1264
1358
1318
1144
1074
1183
1300
1330
1436
1390
1221
1350
1422
1505
1763
1768
1644
1553
1484
1364
1192
911
991
1155
1316
1310
1292
1002
537
265
117
188
429
658
791
766
811
963
1044
1263
1229
1214
1140
1024
799
689
677
608
927
1013
1197
1008
728
650
431
358
268
154
-38
-123
-366
-473
-681
-799
-985
-1067
-1180
-1217
-1156
-1576
-1937
-2196
-2610
-2865
-3070
-3260
-3069
-2692
-2420
-2233
-2224
-2402
-2562
-2469
-2268
-2075
-1566
-1038
-876
-796
-824
-778
-685
-495
-207
49
239
352
417
613
939
882
783
770
875
1005
1116
1221
1141
1168
1287
1498
1872
2111
2120
2075
2090
1875
1647
1540
1717
1708
1909
2158
2037
1953
1654
1346
978
762
705
681
643
644
674
647
655
596
523
445
377
222
74
-261
-471
-402
-402
-185
-214
-369
-347
-382
-232
-222
-219
121
305
288
446
692
881
936
1042
1208
1234
1141
1047
948
795
577
532
550
670
857
804
629
417
50
-374
-560
-718
-773
-894
-1118
-1194
-1389
-1448
-1441
-1417
-1369
-1708
-1989
-2073
-1983
-1630
-1325
-1163
-1042
-917
-659
-484
-171
90
207
478
605
634
801
1020
1044
1202
1133
1130
1257
1288
1296
1225
1106
1004
780
637
628
568
711
821
856
512
339
174
90
254
258
574
805
1084
1198
1111
934
680
615
608
682
680
940
1059
915
697
613
598
550
386
170
98
60
88
371
394
294
135
37
41
90
126
254
337
314
390
397
508
653
866
843
872
866
961
1247
1409
1569
1617
1628
1339
1297
1050
994
966
1060
1118
1065
843
405
38
-188
-342
-535
-572
-690
-814
-1164
-1536
-1859
-1946
-2106
-1987
-1943
-2002
-2163
-2476
-2483
-2446
-2338
-2311
-2007
-1952
-2104
-2037
-1882
-1548
-1190
-870
-626
-423
-485
-470
-318
-349
-395
-404
-402
-453
-502
-569
-706
-974
-1170
-1303
-1321
-1179
-1136
-1190
-1405
-1592
-1663
-1652
-1508
-1368
-1258
-1314
-1343
-1661
-1893
-1881
-1949
-1784
-1541
-983
-432
-63
236
267
109
104
165
249
281
215
305
191
329
560
623
566
190
-16
-217
-143
133
234
275
367
401
426
388
568
727
797
1228
1386
1357
1329
1167
1157
1351
1441
1667
1828
1854
1728
1759
1685
1510
1499
1507
1491
1329
1187
1051
689
349
127
-294
-448
-634
-767
-920
-1009
-1175
-1391
-1579
-1602
-1573
-1535
-1526
-1509
-1381
-1453
-1417
-1468
-1459
-1430
-1294
-993
-832
-626
-295
-36
198
296
256
139
21
-120
204
483
533
422
339
352
188
61
-232
-593
-710
-798
-935
-1042
-1319
-1502
-1686
-1606
-1599
-1384
-1132
-905
-676
-640
-498
-586
-452
-225
198
491
809
1197
1347
1474
1583
1542
1578
1631
1652
1890
2274
2518
2722
2543
2325
2123
1899
1967
2056
2144
2111
1896
1961
1909
1714
1555
1295
1284
1393
1586
1775
1960
1959
1802
1468
1196
1019
839
721
658
634
620
777
997
1270
1218
899
315
-288
-593
-613
-583
-474
-539
-785
-1076
-1444
-1733
-1838
-2018
-2063
-1919
-1898
-1802
-1908
-2086
-2315
-2266
-2011
-1695
-1305
-1088
-1049
-929
-1058
-1197
-1245
-1149
-815
-541
-123
141
330
234
-51
-271
-572
-691
-737
-724
-537
-440
-511
-638
-907
-968
-1091
-1371
-1478
-1679
-1833
-1842
-1737
-1550
-1319
-1091
-1057
-1229
-1194
-954
-583
-180
419
858
1171
1454
1578
1620
1722
1919
2292
2735
3132
3256
3249
3085
2888
2732
2659
2883
2999
3184
2953
2693
2458
2006
1683
1335
944
909
746
583
383
93
-219
-516
-605
-540
-411
-416
-329
-371
-499
-701
-793
-753
-769
-976
-899
-766
-780
-734
-774
-926
-1038
-1148
-1225
-1251
-1291
-1392
-1480
-1656
-1511
-1567
-1827
-1970
-1993
-2035
-1997
-1899
-1810
-1867
-2065
-2258
-2325
-2179
-2086
-1921
-1684
-1485
-1338
-1411
-1378
-1364
-1311
-1191
-1150
-981
-948
-879
-1011
-1063
-1199
-1330
-1544
-1483
-1169
-990
-980
-1038
-1215
-1431
-1458
-1550
-1372
-1497
-1435
-1297
-1070
-940
-763
-524
-497
-460
-382
-143
178
545
830
1175
1462
1827
1933
1953
2207
2372
2660
2866
2872
2807
2580
2433
2430
2309
2157
2104
1868
1599
1407
1310
962
689
204
-125
-369
-464
-462
-561
-529
-693
-883
-991
-1059
-959
-740
-542
-212
24
-14
55
68
74
155
242
458
460
479
527
633
548
177
-311
-570
-624
-497
-361
-349
-403
-627
-682
-790
-816
-852
-943
-1003
-1172
-1184
-1122
-1096
-1349
-1392
-1268
-1153
-952
-785
-756
-781
-1001
-1116
-1238
-1239
-967
-730
-480
-321
-394
-396
-294
-428
-387
-342
-365
-376
-399
-358
-227
-81
29
215
420
519
499
370
402
428
355
475
676
904
938
976
1288
1650
1926
2260
2620
2801
2842
2809
2661
2440
2424
2539
2623
2813
2735
2481
2286
2170
2045
1901
1781
1425
1155
1026
795
548
553
662
616
744
502
304
-102
-394
-592
-465
-75
190
331
335
120
-181
-188
-71
79
355
574
654
764
726
750
776
673
492
419
338
265
162
20
-214
-370
-588
-783
-775
-945
-936
-932
-994
-1109
-1330
-1524
-1751
-2004
-2020
-2125
-2005
-1845
-1715
-1644
-1712
-1706
-1736
-1605
-1577
-1513
-1144
-893
-662
-352
-414
-402
-453
-491
-495
-541
-461
-423
-118
160
346
380
401
384
354
466
627
770
825
790
746
699
673
751
1132
1183
1300
1399
1460
1549
1705
1674
1604
1822
1911
2017
2001
1917
1575
1417
1366
1112
1044
860
1063
1039
930
846
621
627
665
573
457
329
185
99
83
-36
-184
-296
-310
-41
-69
-209
-163
89
286
415
537
365
-100
-453
-553
-576
-241
-3
166
162
115
63
8
-165
-530
-734
-1003
-1109
-1117
-844
-776
-933
-1102
-1387
-1472
-1649
-1903
-2009
-2106
-2009
-1909
-1739
-1892
-1928
-1986
-2041
-1986
-1838
-1590
-1387
-1064
-1030
-841
-824
-854
-696
-596
-316
17
89
147
280
248
339
344
270
306
353
408
371
346
394
459
506
298
282
229
242
389
487
660
664
707
708
819
742
763
773
620
534
581
667
731
996
1115
1278
1472
1637
1711
1770
1727
1505
1492
1402
1587
1641
1542
1325
917
808
760
806
1010
1168
1148
1107
1160
977
843
600
300
90
-98
-112
-73
-36
-48
-141
-236
-398
-536
-573
-805
-967
-1070
-1136
-1207
-1101
-1001
-1106
-999
-897
-868
-877
-1006
-1185
-1282
-1343
-1415
-1423
-1325
-1099
-1004
-941
-1052
-1285
-1478
-1568
-1766
-1790
-1749
-1601
-1442
-1357
-1155
-1170
-1185
-1218
-1064
-776
-491
-362
-220
-225
-233
-69
240
713
736
639
683
612
520
616
553
666
745
762
813
643
632
440
263
216
393
686
894
958
885
803
600
446
689
826
1096
1336
1298
1387
1530
1615
1777
2025
2137
2088
1971
1841
1638
1421
1420
1333
1295
1181
1097
974
932
927
800
813
842
710
474
403
166
12
-54
-142
-198
-300
-210
-215
-262
-253
-340
-569
-676
-824
-858
-764
-891
-710
-581
-761
-892
-1237
-1431
-1513
-1527
-1274
-940
-779
-832
-883
-1061
-1205
-1440
-1388
-1359
-1159
-958
-921
-745
-909
-1028
-1199
-1374
-1422
-1303
-1171
-1164
-1043
-941
-780
-638
-635
-707
-815
-838
-808
-867
-739
-360
88
344
303
270
127
74
94
209
221
26
-43
-112
-34
253
530
553
572
358
160
-47
-99
56
142
344
659
872
921
1112
1022
1187
1292
1367
1449
1505
1466
1511
1519
1587
1742
1639
1587
1455
1403
1273
1191
1091
1055
1030
1172
1067
986
968
777
650
587
553
327
216
97
58
101
236
495
559
399
236
-30
-196
-286
-205
-164
-56
-20
-159
-230
-269
-315
-252
-285
-510
-568
-502
-455
-418
-268
-256
-205
-272
-461
-507
-778
-761
-716
-820
-876
-897
-891
-858
-820
-885
-909
-1065
-1104
-1165
-1287
-1274
-1114
-1023
-852
-521
-434
-534
-500
-469
-384
-280
-238
-220
-216
-421
-419
-218
-83
10
60
71
-34
-116
-62
-8
40
149
94
72
308
349
438
627
703
940
934
894
942
1012
1039
1073
1154
1197
1267
1275
1253
1227
1165
1136
1125
1143
1061
975
1061
1000
885
763
441
314
121
-164
-165
-415
-476
-424
-406
-357
-433
-583
-649
-865
-935
-1033
-1024
-919
-933
-1043
-1046
-1153
-1074
-964
-847
-727
-830
-874
-1077
-1068
-976
-840
-732
-761
-843
-1079
-1187
-1145
-964
-1015
-1136
-1146
-1235
-1378
-1557
-1669
-1650
-1572
-1539
-1787
-1881
-1963
-1709
-1521
-1412
-1376
-1369
-1547
-1616
-1645
-1728
-1659
-1564
-1377
-1193
-991
-954
-704
-526
-437
-588
-674
-659
-673
-346
84
338
533
492
359
349
241
204
411
602
961
1137
1329
1379
1281
1228
987
771
731
858
1049
1304
1624
1748
1640
1520
1431
1540
1545
1657
1898
1912
1944
1837
1748
1665
1598
1321
1142
884
683
534
447
646
744
1028
1071
1072
700
322
245
-97
-233
-55
109
275
411
599
530
331
76
-95
31
38
130
136
110
145
14
-82
-150
-106
-186
-164
-276
-497
-587
-654
-747
-792
-827
-830
-1011
-1145
-1271
-1419
-1432
-1583
-1730
-1792
-1829
-1869
-1862
-1901
-1840
-1746
-1780
-1819
-1842
-1790
-1723
-1640
-1497
-1306
-1174
-1073
-1059
-1005
-1143
-1099
-902
-650
-398
-387
-405
-344
-185
-35
287
592
646
562
326
186
67
129
320
472
593
890
948
871
1134
1178
1268
1395
1470
1561
1597
1497
1461
1531
1487
1552
1559
1556
1404
1230
1219
1280
1474
1543
1435
1369
1228
960
784
762
796
817
881
945
891
771
559
327
255
164
90
88
91
128
149
262
383
363
176
-57
-198
-143
-183
-198
-174
-250
-254
-497
-517
-570
-708
-735
-773
-801
-844
-931
-1077
-1154
-1125
-1130
-902
-791
-969
-1103
-1281
-1268
-1215
-1148
-936
-974
-1012
-957
-920
-1042
-1162
-1104
-910
-676
-383
-176
-117
-297
-560
-541
-489
-298
-124
-89
125
117
21
94
233
304
463
637
725
720
889
1019
1034
981
898
752
601
805
979
1131
1468
1633
1782
1582
1309
1014
826
899
1111
1328
1675
1825
1689
1628
1334
1151
1076
1080
1199
1266
1372
1312
1169
910
828
906
902
916
723
662
502
370
225
77
-167
-462
-528
-346
-236
-195
-406
-529
-848
-1073
-1053
-979
-891
-592
-433
-611
-798
-987
-1068
-1212
-1203
-1170
-1172
-1348
-1484
-1654
-1759
-1658
-1498
-1180
-1171
-1128
-1198
-1322
-1528
-1735
-1619
-1605
-1435
-1251
-1070
-905
-944
-917
-878
-930
-977
-990
-1009
-924
-732
-567
-621
-544
-418
-443
-426
-440
-380
-443
-299
-106
311
646
860
1149
1217
1129
1020
897
598
511
506
757
891
1027
1237
1295
1321
1151
1031
923
871
884
824
823
741
610
643
693
928
1150
1216
1306
1211
1061
1001
809
865
872
871
692
578
513
411
393
272
425
284
225
55
-185
-442
-543
-308
-193
-163
-13
45
-141
-293
-592
-668
-675
-699
-619
-581
-576
-550
-685
-812
-861
-908
-980
-977
-1097
-1162
-1025
-867
-728
-822
-859
-1097
-1058
-1071
-1074
-1089
-1148
-1109
-1172
-1227
-1219
-1259
-1258
-1287
-1445
-1442
-1420
-1386
-1372
-1362
-1316
-1256
-1021
-911
-581
-554
-584
-543
-787
-777
-652
-532
-315
-219
-29
66
-21
-136
-85
104
311
542
708
824
789
758
701
711
765
736
809
801
711
895
774
799
834
789
783
691
749
777
787
761
827
902
975
989
790
767
668
588
547
356
454
357
254
201
232
235
327
382
400
430
269
335
222
203
197
141
221
85
76
202
234
373
328
161
151
14
-29
46
126
142
100
103
108
124
34
23
31
70
211
340
477
549
417
274
160
225
259
372
398
429
513
416
388
203
34
22
154
260
396
495
485
610
584
711
865
753
703
671
621
555
459
607
756
1018
1425
1685
1788
1717
1644
1687
1444
1353
1283
1309
1495
1696
1915
1951
1919
1818
1589
1225
1048
877
730
749
798
763
810
860
887
1017
1081
815
635
684
798
713
683
667
665
570
439
237
104
13
-106
-170
-159
-119
107
206
257
338
316
378
341
189
76
-12
-19
-95
-154
-298
-345
-275
-437
-405
-581
-420
-474
-579
-623
-889
-971
-932
-842
-662
-499
-567
-676
-844
-999
-970
-865
-509
-215
-307
-475
-731
-987
-1192
-1193
-1270
-1024
-756
-502
-286
2
64
38
-5
-164
-191
-269
-217
-270
-311
-469
-715
-818
-784
-723
-530
-344
-168
-116
-148
-224
-309
-412
-492
-393
-266
10
274
503
576
701
630
720
934
974
945
764
561
247
4
-219
-141
29
241
520
774
659
548
519
495
482
550
556
376
215
-32
11
-51
5
-24
-101
-66
15
202
117
244
242
158
201
147
169
125
-68
-153
-144
-219
-214
-222
-328
-513
-597
-726
-760
-562
-553
-372
-284
-171
-62
-23
-153
-424
-536
-1009
-1058
-1087
-1195
-1214
-1324
-1503
-1729
-1672
-1565
-1425
-1182
-972
-742
-559
-730
-882
-953
-1255
-1289
-1282
-1112
-828
-709
-597
-681
-691
-624
-749
-790
-827
-906
-856
-830
-903
-1034
-996
-928
-815
-694
-576
-558
-501
-493
-414
-342
-288
-271
-73
106
141
290
368
420
501
590
895
1083
1014
968
724
438
543
546
379
500
519
723
823
730
786
869
724
692
662
550
448
322
296
308
390
443
502
529
629
684
721
677
486
393
391
523
707
877
1130
1063
868
588
296
235
108
244
228
350
479
448
360
316
264
210
371
187
54
-52
-187
-353
-377
-345
-296
-32
167
476
595
493
445
313
142
25
-82
-181
-230
-172
-173
-78
95
210
329
417
575
710
656
646
533
388
314
288
323
394
340
103
113
53
26
166
183
311
248
242
236
147
272
114
120
139
235
107
105
281
191
181
306
301
338
494
592
791
903
858
737
520
558
737
688
794
809
696
655
517
459
511
627
868
879
1015
954
712
639
513
462
627
745
894
1063
998
762
499
252
-35
-130
-232
-272
-375
-543
-642
-640
-575
-663
-522
-464
-424
-355
-401
-529
-542
-713
-812
-957
-1066
-963
-1124
-1004
-1064
-971
-1078
-1101
-971
-1070
-1001
-889
-766
-728
-867
-1018
-1076
-1175
-1294
-1309
-1238
-1234
-1168
-1091
-980
-899
-839
-718
-633
-546
-376
-366
-407
-430
-484
-464
-634
-603
-647
-628
-600
-657
-544
-758
-770
-747
-572
-362
-256
-61
-100
35
9
-137
-264
-242
-218
-83
102
210
195
242
296
244
319
249
354
422
433
394
349
316
334
236
155
293
377
505
527
519
277
158
76
20
102
75
-7
-170
-283
-330
-444
-454
-317
-183
-46
50
175
-80
-118
-272
-324
-308
-297
-52
23
202
24
-112
-374
-717
-842
-686
-482
-357
-351
-328
-344
-459
-292
-193
-214
-374
-523
-580
-675
-751
-495
-473
-356
-211
-184
-169
-170
-180
-376
-401
-361
-202
14
134
321
464
401
351
134
-71
-94
-45
-38
-143
-258
-577
-761
-675
-383
-224
-125
-78
-317
-415
-565
-577
-543
-513
-487
-414
-391
-505
-291
-244
-272
-146
22
224
275
398
364
229
146
175
242
379
441
484
504
555
505
450
648
658
618
500
371
281
95
-15
120
10
-157
-155
-401
-380
-319
-282
-260
-202
-3
35
157
109
10
-132
-452
-622
-706
-757
-740
-755
-632
-498
-317
-120
-83
-137
-320
-428
-362
-332
-342
-299
-163
134
290
269
163
-128
-348
-533
-602
-578
-403
-416
-346
-135
-37
60
62
49
-136
-89
5
151
207
228
302
172
331
319
180
211
274
378
367
426
671
570
700
789
720
755
685
830
857
1077
1064
1010
1006
1097
1090
1044
1260
1211
1214
1091
1017
1134
1203
1204
1344
1339
1278
1159
996
873
1068
1204
1415
1411
1334
1158
969
982
745
808
697
577
388
240
-24
-161
-173
-227
-186
-245
-309
-454
-364
-142
-116
-102
-144
-175
-397
-449
-481
-543
-552
-544
-519
-550
-437
-332
-244
-388
-493
-433
-310
-410
-517
-745
-906
-771
-676
-660
-490
-495
-563
-707
-871
-927
-985
-880
-829
-745
-505
-399
-476
-416
-519
-611
-470
-411
-386
-407
-349
-343
-386
-420
-443
-465
-406
-572
-519
-512
-405
-204
-115
-58
58
184
31
152
120
144
348
413
336
261
143
107
-32
-46
-3
-72
-112
-95
0
56
199
457
507
752
847
889
914
989
955
803
781
832
717
618
724
658
669
555
390
362
302
165
181
179
200
239
108
49
-30
-59
-237
-348
-472
-641
-557
-513
-344
-337
-458
-304
-470
-560
-370
-344
-364
-497
-481
-502
-436
-503
-426
-555
-682
-818
-979
-915
-1012
-924
-1050
-1019
-930
-819
-788
-850
-874
-972
-911
-827
-696
-761
-839
-910
-828
-718
-580
-550
-569
-500
-557
-789
-798
-791
-821
-903
-705
-408
-304
-257
-498
-622
-733
-735
-666
-450
-244
-64
19
-25
-6
-105
6
-3
-158
1
-97
-50
-111
-293
-218
-49
232
325
380
558
583
537
477
342
199
120
86
80
175
315
13
-39
-102
-270
-134
-29
19
-14
-132
-267
-378
-419
-216
-265
-391
-368
-438
-545
-645
-648
-726
-803
-843
-894
-884
-831
-637
-490
-409
-348
-348
-461
-448
-380
-238
-403
-497
-461
-465
-455
-469
-526
-651
-534
-489
-440
-440
-432
-521
-470
-404
-245
-136
-172
-251
-478
-533
-565
-475
-381
-158
-173
-202
-86
-35
-223
-263
-219
-250
-196
-99
110
87
111
28
191
317
214
182
49
-39
-68
26
166
280
443
613
875
918
850
757
695
641
739
626
792
1064
1113
1306
1328
1258
1152
1076
870
827
700
797
1106
1305
1398
1477
1303
1164
1003
1113
984
991
1035
939
1301
1491
1401
1419
1472
1530
1504
1493
1588
1361
1057
875
832
799
784
1060
1204
1135
997
912
767
743
762
880
905
1016
879
443
290
64
-67
-131
-10
136
208
259
316
141
-133
-233
-320
-247
-237
-327
-328
-240
-338
-516
-575
-713
-612
-227
-157
-364
-546
-616
-829
-758
-561
-546
-629
-763
-785
-850
-914
-723
-589
-703
-406
-338
-212
-373
-276
-142
-234
-256
-27
56
38
-77
-234
-232
-212
62
294
832
926
907
1014
952
927
888
855
769
515
354
215
176
390
203
264
20
-10
57
150
332
519
652
606
442
404
371
345
287
23
-66
-38
167
391
342
278
246
60
57
20
134
303
459
604
781
658
394
259
89
-39
-27
147
345
374
320
232
99
-126
-274
-125
-73
-81
-1
79
-72
-199
-433
-538
-504
-539
-660
-747
-586
-467
-444
-291
-417
-410
-526
-948
-944
-933
-741
-528
-443
-313
-409
-554
-495
-728
-616
-472
-261
-129
-163
-111
-282
-337
-410
-279
-60
77
137
36
-139
51
188
128
50
105
242
250
330
397
192
250
289
420
450
445
450
324
328
216
264
212
-30
-144
-202
-102
-186
-602
-707
-720
-553
-287
-66
0
-73
-201
-214
-301
-222
153
5
-113
-299
-233
-513
-804
-723
-891
-873
-623
-265
-297
-597
-649
-829
-807
-658
-621
-493
-649
-741
-749
-596
-427
-371
-395
-609
-661
-709
-660
-692
-840
-504
-352
-413
-376
-297
-352
-287
-113
-156
-443
-759
-813
-799
-777
-673
-703
-658
-626
-480
-147
-57
-131
-227
-248
-432
-466
-342
-306
-319
-603
-641
-746
-865
-745
-663
-553
-506
-521
-442
-219
-79
198
342
477
502
395
355
287
128
316
318
207
274
380
363
355
542
606
534
445
655
873
919
1137
1105
889
590
521
551
829
831
1055
916
722
825
865
900
706
923
891
910
1157
1107
740
411
266
268
428
731
874
790
721
623
542
468
563
686
679
792
675
595
428
248
182
355
181
263
238
-143
-185
-237
-279
-257
-378
-402
-306
-357
-209
-121
-160
-326
-414
-384
-406
-448
-470
-421
-471
-361
-75
193
95
-51
-70
-13
102
241
224
79
-229
-421
-486
-582
-496
-579
-669
-732
-615
-657
-614
-418
-215
-181
-91
77
25
-148
-301
-227
-99
-294
-615
-587
-705
-799
-541
-226
-203
-332
-396
-308
-29
112
251
426
467
452
631
649
799
681
473
515
667
804
687
607
394
190
56
13
51
74
268
480
702
784
556
416
464
452
524
608
678
709
658
547
611
600
549
626
730
816
871
1021
1009
1006
845
718
763
697
720
575
365
399
429
375
364
443
285
107
110
206
264
287
62
-123
-261
-147
-50
262
373
297
171
78
-13
130
293
60
6
-21
114
197
208
100
-125
-350
-185
-123
-77
128
348
404
372
504
511
308
119
-38
-20
143
253
333
322
313
213
303
415
413
136
199
74
131
373
552
646
415
398
496
575
642
627
543
450
319
445
142
122
119
152
140
107
92
33
64
92
346
310
351
432
335
384
348
186
215
218
167
168
133
33
136
316
427
443
528
515
344
225
244
92
145
355
404
187
-155
-672
-1105
-1064
-1018
-829
-561
-413
-489
-645
-817
-727
-636
-693
-851
-1003
-1016
-1118
-1222
-1041
-1111
-1038
-1111
-1106
-1027
-996
-733
-775
-836
-830
-869
-867
-863
-707
-639
-772
-843
-783
-765
-712
-916
-1044
-1221
-1412
-1324
-1117
-785
-710
-636
-641
-918
-857
-765
-476
-13
210
448
467
269
38
214
295
234
427
380
350
372
355
414
514
389
369
568
444
522
404
393
514
395
378
245
129
4
-83
-259
-279
-176
-170
-72
250
562
536
350
154
67
69
138
239
211
281
128
6
147
167
432
636
575
640
609
464
163
-184
-313
-327
-34
154
320
399
64
-78
-180
-107
-276
-409
-368
-499
-396
-222
-88
-23
-140
-149
-359
-442
-650
-603
-541
-637
-604
-602
-544
-472
-368
-151
-82
-2
161
86
-133
-210
-141
-192
-221
-166
-190
-267
-182
-244
-188
-328
-280
-264
-250
-44
-94
-226
-426
-273
-200
-42
337
407
126
54
-115
-224
-168
-147
-28
78
169
327
404
356
346
263
288
193
213
193
243
235
333
247
212
243
197
60
39
93
-19
98
341
553
829
907
741
620
535
436
386
454
430
340
366
529
486
555
619
452
278
252
292
365
347
560
648
553
693
606
788
721
704
557
344
345
366
563
585
505
357
190
16
-24
-36
117
249
279
340
203
-109
-112
-129
-68
114
-28
-188
-177
-128
14
256
24
-155
-251
-363
-443
-410
-332
-417
-350
-138
-45
93
96
-9
-206
-252
19
350
584
711
748
645
519
530
437
333
264
312
473
541
557
424
135
-162
-212
-250
-69
66
61
-6
-175
-185
-404
-502
-359
-422
-295
-162
-122
-105
-148
-207
-107
-109
-93
-150
-195
16
55
117
178
322
460
462
364
386
83
86
140
17
-129
-257
-283
-550
-689
-719
-599
-503
-358
-273
-534
-640
-594
-511
-518
-750
-871
-1024
-985
-844
-754
-725
-792
-852
-968
-930
-711
-591
-611
-680
-900
-917
-1041
-1108
-933
-924
-897
-944
-1070
-1101
-929
-927
-813
-786
-633
-661
-703
-740
-839
-744
-795
-661
-621
-686
-691
-556
-316
-173
-194
-246
-350
-300
-352
-286
-169
-231
-390
-484
-464
-424
-440
-442
-447
-470
-423
-478
-456
-320
-321
-351
-187
-79
-71
-110
-221
-236
-302
-233
-78
-12
171
259
505
577
526
430
279
-23
-179
-211
-243
-186
-133
79
188
78
-72
-121
-372
-504
-416
-442
-366
-391
-545
-735
-805
-660
-665
-651
-567
-546
-495
-523
-637
-605
-659
-583
-516
-360
-289
-175
-249
-258
-269
-202
-7
-68
22
110
139
135
177
173
35
10
-59
-325
-366
-324
-320
-297
-280
-325
-156
-255
-305
-173
-103
63
257
356
255
97
207
297
209
182
234
233
229
239
291
242
233
259
291
247
92
18
-169
-324
-142
61
141
208
381
249
-139
-146
-105
-118
-45
40
143
237
313
244
21
-81
-71
-146
53
189
365
508
528
686
716
610
459
532
654
926
1135
1185
1045
850
766
492
562
690
340
159
276
489
656
652
451
255
15
24
345
574
562
380
220
142
51
117
257
357
303
185
131
274
512
681
581
455
575
351
247
219
155
198
221
246
260
387
489
640
572
361
414
303
362
451
584
728
824
868
812
711
589
616
477
368
226
230
177
92
52
15
-77
-212
-10
144
247
518
581
474
379
263
231
284
469
543
578
530
327
330
414
582
669
725
785
623
707
563
531
645
777
790
758
674
447
419
393
424
522
578
755
605
731
724
663
718
532
491
335
171
-25
36
266
382
410
411
253
59
-14
-120
79
-55
-169
-269
-199
-175
-143
-77
-21
-28
-26
14
5
-18
-179
-413
-502
-464
-566
-645
-741
-764
-618
-562
-485
-468
-544
-512
-585
-472
-601
-699
-926
-882
-683
-440
-329
-458
-540
-581
-625
-648
-686
-606
-684
-632
-380
-42
156
228
-64
-308
-466
-446
-227
-299
-339
-470
-420
-333
-310
-48
-15
-281
-520
-773
-731
-874
-755
-592
-502
-422
-476
-437
-454
-520
-411
-318
-380
-341
-383
-490
-368
-116
-71
-231
-130
-115
-90
-30
51
229
51
-117
-138
-183
-47
-68
58
167
20
-93
-232
-247
-94
-84
-73
-222
-402
-611
-796
-959
-752
-539
-341
-177
-306
-199
-302
-421
-391
-423
-371
-217
-245
-58
127
164
266
321
225
271
51
-86
-91
-127
35
149
286
348
360
302
201
234
120
-59
-43
-64
-15
90
143
331
276
391
471
138
41
-105
-32
95
125
217
272
150
129
131
94
100
147
182
162
256
223
344
203
163
96
-118
-12
84
192
252
199
65
-69
-238
-538
-575
-597
-491
-282
-29
52
107
248
15
48
-115
-233
-140
61
111
-62
-74
59
-21
3
249
441
421
292
496
380
414
464
619
720
606
737
739
567
444
315
66
-52
3
49
48
84
42
9
41
-64
73
125
140
143
-82
-60
26
-64
1
52
63
-67
-71
33
-15
11
-47
-72
-16
73
197
28
-92
-174
-373
-168
4
196
234
172
261
197
141
-40
-243
-337
-293
-134
-119
18
137
309
429
470
289
236
247
276
465
442
424
408
152
179
301
478
647
607
824
907
760
814
677
504
347
513
664
664
589
554
494
374
448
620
788
937
940
847
735
621
674
738
626
561
595
486
473
584
613
672
730
821
930
785
760
660
556
614
566
551
482
347
413
253
186
18
-215
-269
-498
-394
-269
-184
-75
77
106
-13
-22
-186
-355
-251
86
92
141
255
190
263
169
138
41
-121
-104
-57
30
-34
-193
-231
-297
-282
-60
22
129
127
-76
-213
-225
-323
-245
-182
-98
-64
-107
18
66
123
74
197
67
-63
-78
-143
-26
199
259
184
207
206
255
386
503
312
312
143
23
247
352
382
217
65
-77
-204
-214
-73
-54
25
-64
-354
-505
-612
-373
-297
-241
-190
-202
-238
-60
-1
-269
-171
-332
-457
-415
-545
-571
-534
-689
-729
-607
-591
-560
0
0
0
0
0
0
0
0
0
0
0
0
0
0
0
0
0
0
0
0
0
0
0
0
0
0
0
0
0
0
0
0
0
0
0
0
1
0
0
0
0
-1
0
0
0
0
0
0
0
0
0
0
0
0
0
0
0
0
0
0
0
0
0
0
0
0
0
0
0
0
1
0
0
0
0
0
0
0
0
0
0
0
0
0
0
0
0
0
0
0
0
0
0
0
0
0
1
1
0
0
0
-1
1
1
0
0
0
0
0
0
0
0
0
0
0
1
0
0
0
0
0
0
0
0
0
0
0
0
0
0
0
0
0
0
0
0
0
0
0
0
0
0
0
0
0
0
0
1
0
1
0
0
0
0
0
0
1
0
0
1
-1
0
0
0
0
0
0
0
0
0
0
0
-1
0
-1
0
0
0
0
0
-1
0
0
0
0
0
0
0
0
0
0
0
0
0
0
0
-1
0
0
0
0
0
0
1
0
0
0
0
0
0
0
0
0
0
0
0
0
0
0
1
0
1
0
0
0
0
1
0
0
0
-1
0
0
0
0
0
0
0
0
0
0
0
0
0
0
0
0
0
0
0
0
0
0
0
0
0
0
0
0
0
0
0
0
0
0
0
0
0
0
0
0
0
0