0
0
0
0
0
0
0
0
0
0
0
0
0
0
0
0
0
0
0
0
0
0
0
0
0
0
0
0
0
0
0
0
0
0
0
0
1
0
0
0
0
-1
0
0
0
0
0
0
0
0
0
0
0
0
0
0
0
0
0
0
0
0
0
0
0
0
0
0
0
0
1
0
0
0
0
0
0
0
0
0
0
0
0
0
0
0
0
0
0
0
0
0
0
0
0
0
1
1
0
0
0
-1
1
1
0
0
0
0
0
0
0
0
0
0
0
1
0
0
0
0
0
0
0
0
0
0
0
0
0
0
0
0
0
0
0
0
0
0
0
0
0
0
0
0
0
0
0
1
0
1
0
0
0
0
0
0
1
0
0
1
-1
0
0
0
0
0
0
0
0
0
0
0
-1
0
-1
0
0
0
0
0
-1
0
0
0
0
0
0
0
0
0
0
0
0
0
0
0
-1
0
0
0
0
0
0
1
0
0
0
0
0
0
0
0
0
0
0
0
0
0
0
1
0
1
0
0
0
0
1
0
0
0
-1
0
0
0
0
0
0
0
0
0
0
0
0
0
0
0
0
0
0
0
0
0
0
0
0
0
0
0
0
0
0
0
0
0
0
0
0
0
0
0
0
0
0
143
171
323
369
168
223
255
177
155
221
294
47
-43
-57
-60
-65
-51
-240
-289
-266
-397
-311
-299
-229
-48
-65
-155
-246
-319
-416
-409
-449
-569
-532
-462
-271
-149
-333
-330
-388
-355
-351
-442
-408
-290
-66
11
159
59
-120
-123
-165
-224
-244
-430
-695
-592
-484
-366
-296
-166
-321
-586
-708
-541
-352
-255
-419
-488
-488
-456
-257
-185
85
291
207
-8
116
282
291
226
265
95
97
237
103
178
173
194
156
299
289
190
225
211
205
7
172
-35
-22
-3
-225
-61
3
2
-270
-317
-296
-68
73
93
161
178
305
106
101
127
178
62
-101
-358
-424
-337
-421
-480
-415
-286
-312
-79
-265
-361
-236
-352
-468
-458
-566
-636
-670
-654
-472
-606
-574
-616
-655
-590
-532
-414
-316
-421
-364
-532
-546
-513
-652
-548
-433
-128
-98
-4
97
222
309
191
105
102
50
22
118
227
261
307
99
57
133
317
258
465
358
269
379
471
495
456
435
470
451
479
615
591
660
672
556
576
586
646
639
653
726
740
685
512
300
266
282
98
156
171
468
541
612
624
564
512
153
234
376
640
786
729
645
528
597
525
726
686
497
355
172
-66
36
172
115
387
289
46
-30
21
285
476
674
640
800
694
738
855
790
1018
993
1105
984
1006
786
752
738
604
347
157
117
73
106
249
308
456
465
212
171
178
188
271
345
530
379
420
583
419
379
65
320
261
35
221
64
81
-91
-230
-256
-143
-112
34
115
131
232
201
225
162
-100
-166
38
215
406
377
690
850
816
1020
864
943
474
286
454
287
459
463
407
408
171
-14
-185
-154
-205
-82
240
273
201
224
-88
-136
-58
158
202
-4
189
190
257
364
200
403
234
218
337
404
392
131
141
243
220
410
274
200
46
-23
117
48
10
-29
-300
-257
-105
-106
-83
-57
-38
-20
28
147
67
-134
-232
-374
-344
-247
36
-137
-180
25
52
280
415
340
114
-47
-35
-256
-218
-241
-299
-179
-271
-154
-75
-253
-233
-332
-404
-605
-623
-735
-750
-454
-642
-610
-761
-501
-545
-422
-385
-466
-568
-966
-1030
-854
-687
-624
-517
-632
-519
-772
-574
-292
-365
-169
-324
-589
-566
-919
-740
-637
-676
-475
-766
-729
-1019
-908
-596
-758
-523
-661
-913
-753
-859
-615
-677
-727
-594
-792
-348
-478
-229
-170
-498
-415
-540
-582
-443
-440
-179
12
118
161
1
-29
-146
-71
0
-159
-84
-274
-257
-141
6
128
157
21
-77
-211
-309
-308
-139
-124
-183
-338
-722
-808
-647
-640
-668
-658
-561
-560
-466
-173
-253
41
-128
-401
-390
-672
-598
-551
-329
-345
-350
-202
-486
-484
-528
-452
-433
-269
-238
-188
-326
-192
-54
-35
-108
-210
-18
-18
292
389
313
513
592
631
523
538
643
318
374
197
123
-43
-85
-46
33
257
305
484
355
306
200
426
624
521
634
796
837
822
732
855
1187
1081
885
932
939
790
627
727
859
983
1053
941
928
937
895
1074
1124
939
1120
1221
929
821
718
756
1028
1167
1385
1397
1096
921
616
562
643
586
572
197
17
130
292
613
779
736
777
654
602
747
564
627
716
479
625
692
726
686
511
602
441
649
763
690
772
449
603
345
481
282
293
398
297
505
309
525
685
656
718
605
977
770
610
717
334
459
408
581
854
664
411
247
280
162
306
397
409
277
329
350
507
562
348
533
341
356
249
-16
-150
-194
-147
192
271
14
-217
-444
-501
18
125
266
219
-48
-135
-349
-275
-443
-231
-353
-107
-26
-70
163
39
257
140
31
97
-25
-72
-38
-25
235
-70
165
105
185
394
104
609
545
315
289
93
138
228
332
462
222
157
-47
-141
-161
22
331
230
245
169
8
82
20
91
-37
133
-172
-74
-62
-239
-129
-522
-515
-807
-766
-736
-990
-845
-878
-772
-973
-912
-995
-1143
-844
-1089
-927
-865
-923
-806
-862
-1036
-1037
-784
-1015
-1019
-1064
-1212
-1155
-1213
-1050
-1035
-969
-930
-896
-946
-984
-904
-847
-743
-758
-690
-611
-869
-569
-999
-993
-791
-930
-820
-917
-977
-723
-695
-715
-453
-474
-417
-381
-288
-322
-218
-506
-738
-761
-765
-825
-918
-968
-754
-433
-525
-292
-486
-312
-167
-280
73
-185
-139
-367
-543
-373
-245
-89
-233
-582
-775
-1099
-499
-557
-506
-318
-819
-469
-700
-726
-563
-1082
-1041
-1117
-942
-723
-506
-264
-367
-285
-544
-840
-558
-894
-729
-594
-421
-95
-317
-456
-499
-306
-503
-400
-504
-895
-482
-791
-350
-421
-500
-316
-735
-446
-634
-534
-598
-749
-519
-948
-367
-413
-575
-319
-523
-535
-213
-94
-30
-78
-165
87
-282
231
161
181
399
98
262
101
356
373
136
142
258
275
450
294
307
213
77
243
102
343
315
130
206
164
46
57
172
182
155
149
95
323
428
612
651
612
523
334
763
709
883
910
880
1100
940
867
614
591
412
226
702
629
657
846
530
550
519
457
703
294
385
69
144
195
-132
-2
25
149
310
90
204
295
347
485
399
429
180
25
124
440
480
341
150
57
348
250
402
652
321
121
239
423
219
178
244
387
141
70
90
-73
-221
-269
9
-47
385
-30
209
407
73
303
168
549
-137
133
-9
-131
-34
-358
45
238
334
248
185
359
92
-3
-184
-266
-229
-458
-386
-758
-756
-552
-673
-424
-576
-463
-519
-489
-665
-686
-208
125
-166
-468
-725
-361
-96
-432
-219
-247
-6
220
0
-12
510
167
123
-125
-434
-182
163
339
-121
183
-37
-154
300
-207
479
349
350
138
-458
18
-243
317
-39
214
55
-105
247
-167
-2
333
503
371
414
414
232
625
633
258
443
78
-134
75
57
205
-71
-260
-395
-174
-287
-86
492
-380
269
-108
-308
-101
-713
-238
-1047
-432
-738
-551
-491
-872
-636
-1149
-1053
-1032
-650
-866
-972
-1107
-656
-443
-626
-171
-216
-451
-515
-749
-328
-151
-343
-131
-112
-675
-820
1
-493
41
85
91
390
170
-239
-302
36
63
334
113
123
449
198
24
288
91
9
355
-185
-56
-467
-296
104
269
556
722
823
258
351
65
251
608
585
765
845
1123
661
620
263
423
390
626
217
-406
111
-508
-215
-26
431
131
-111
-261
-555
-245
-233
23
35
364
269
180
311
420
-75
38
41
95
58
-46
74
-343
-492
-726
-719
-609
-821
-367
-407
-442
-330
-596
-266
-895
-457
-691
-1036
-894
-1058
-436
-544
-530
-448
-450
-750
-758
-713
-1247
-812
-554
-547
47
-63
-251
-202
-400
-360
-62
-233
-265
-462
-409
-581
-12
107
-400
-127
-416
-140
-143
-195
350
200
537
316
-195
-394
-938
-599
-503
-41
16
237
124
-58
253
826
716
456
667
280
51
-12
38
-330
-150
-340
-315
173
105
161
-103
-558
-40
121
38
272
-197
-66
-19
-251
-370
-395
-323
-589
124
241
626
618
27
355
437
518
498
662
328
104
514
665
1143
1222
780
462
323
189
82
325
784
738
494
336
-20
-113
-459
-505
-569
-480
-56
180
559
785
635
698
743
556
237
646
326
604
513
521
406
-23
110
-388
-531
-804
-763
-950
-839
-398
-418
-178
-268
-687
-541
-386
-438
-93
-87
-165
-254
-138
-98
138
272
222
5
-37
-138
152
298
267
378
128
-180
-259
-402
-336
-171
-360
-275
-547
-440
-434
-266
-85
-94
-111
-180
22
25
25
191
312
427
387
301
101
198
633
461
666
714
695
550
360
370
464
529
858
652
307
211
61
-24
-45
395
377
395
402
363
672
654
831
690
320
400
232
383
450
372
302
311
478
169
298
256
154
250
142
48
68
-190
-491
-557
-707
-701
-780
-708
-618
-285
-362
-113
164
179
207
361
306
172
293
524
776
752
885
911
697
782
938
953
1086
870
704
724
603
378
393
320
277
341
455
520
734
869
1087
1438
1607
1784
1517
1657
1851
1574
1525
1521
1333
1361
1371
1133
1037
1072
1184
1303
1105
903
663
698
654
535
550
266
11
-393
-438
-610
-742
-780
-776
-826
-1303
-1682
-1884
-2174
-2399
-2669
-2913
-3197
-3333
-3724
-4064
-4203
-4687
-5088
-5404
-5689
-6199
-6535
-7166
-7428
-7619
-7745
-7807
-8345
-8907
-9512
-9878
-10116
-10110
-9808
-8416
-6304
-4593
-2765
-515
1774
3743
5708
7213
8627
9213
9579
9890
11058
12211
13076
13132
13025
13050
12568
11879
10193
7708
4800
1847
-1178
-4024
-6482
-8360
-9663
-10179
-9689
-7948
-5910
-3874
-2092
-361
1421
3007
4616
5766
6667
7878
9136
10135
11477
12407
12878
12836
12677
11701
10513
8943
6766
4408
2084
280
-1275
-2392
-3414
-3967
-4251
-4345
-4126
-4008
-3999
-4101
-4454
-4284
-3984
-3650
-3229
-2655
-2123
-1535
-917
-504
-382
-778
-1481
-2184
-3139
-4520
-6133
-7999
-9924
-11534
-13235
-15150
-17250
-19136
-21309
-23446
-24956
-25718
-25274
-23979
-20580
-15698
-10814
-6071
-1214
3251
7636
11204
13814
15806
17241
17680
18618
19925
21878
23953
24596
24691
23736
22035
19336
15200
9095
2327
-4638
-11513
-17749
-22532
-25423
-26641
-25826
-23040
-17956
-12103
-5990
-562
4370
8460
11578
14252
15816
16984
17604
18361
19140
19898
20492
20409
19474
17518
14867
11438
7302
2809
-1802
-5905
-9060
-11285
-12344
-12079
-10509
-8223
-5627
-2711
124
2252
3718
4537
5349
5521
5684
5941
6498
7261
8192
8866
9413
9573
9047
7898
5394
2614
-420
-3497
-6574
-9144
-10936
-11906
-12314
-11385
-9814
-8035
-6401
-5069
-3951
-3191
-2673
-2744
-3167
-4118
-5193
-6461
-7812
-9540
-11390
-13575
-16481
-19576
-22972
-26070
-28065
-28895
-28613
-24321
-16966
-11116
-5955
139
6407
11629
15452
18745
20693
21510
21193
21535
23202
26394
28983
28206
26887
25029
22983
19700
14010
5407
-3293
-11285
-19234
-26106
-30290
-31432
-31124
-28822
-23425
-14824
-5593
2637
8589
13062
16812
20112
22062
22471
22538
22590
23167
23833
24642
25217
24660
21654
16887
11545
6346
126
-6721
-12956
-17501
-19993
-19921
-17437
-13962
-9222
-3977
797
4771
8182
10336
10253
8455
6360
4779
3584
3117
2702
2839
3969
5384
6439
6648
5811
3775
756
-2512
-5714
-8598
-10876
-12635
-13175
-12262
-9798
-6685
-3419
-90
2724
4542
5156
4838
3900
1950
-193
-3120
-6395
-9475
-12105
-14523
-16907
-19104
-21472
-23587
-25730
-27262
-28950
-31340
-32624
-31294
-28845
-22691
-10797
-32
5980
11692
18824
24504
28136
30379
30160
27539
23596
20985
21033
23594
26650
24239
19377
15442
12145
8821
3152
-6191
-16146
-22909
-27721
-31132
-32453
-30165
-26523
-22150
-14666
-4037
6982
15901
20730
22734
24108
24999
25464
23790
20723
18134
16897
15780
13971
11684
8883
4176
-2460
-8511
-12511
-15983
-19546
-22391
-22675
-20117
-15007
-8420
-2662
2432
7409
11009
12677
13186
13014
10626
6746
3703
2085
1675
1338
1193
1224
1183
711
296
-397
-2323
-4132
-5939
-6792
-6938
-6055
-4552
-3353
-1549
972
3646
5855
7867
8432
7748
6426
4996
2954
447
-2142
-5202
-8685
-11420
-13849
-15963
-17485
-18768
-19914
-20542
-21263
-22369
-23010
-23282
-24053
-24418
-22325
-18820
-14740
-5619
7353
15075
18732
22929
27000
27985
26935
25041
20848
14999
9178
7002
7585
10589
12635
10279
7258
4481
3360
1544
-4163
-13011
-20484
-24719
-27162
-28244
-26515
-21190
-15282
-9140
-791
8720
17415
22731
22981
21870
19869
19101
18434
14793
11129
9830
9444
7449
4352
1505
-1529
-6394
-11655
-14545
-14838
-14157
-13113
-11500
-7466
-1823
4501
9559
12197
14148
15221
14945
13107
10733
8527
5506
2560
888
132
-69
-326
-332
-859
-1750
-1583
-1230
-1782
-2101
-964
-325
550
1610
2280
2979
3639
4971
5764
6430
8088
9350
8922
7653
6496
4705
1342
-2040
-5354
-8608
-11659
-13751
-15696
-17370
-17713
-17268
-15759
-14914
-15078
-15119
-15427
-16753
-18231
-20089
-21770
-21855
-20923
-18422
-9068
4805
12307
13666
16051
19149
17945
14470
12435
10188
6359
2803
3985
8765
15792
20626
18122
13186
8110
5561
3442
-2784
-12123
-18532
-20715
-21685
-20923
-17214
-11461
-7477
-4898
-781
5568
12660
17436
16521
13657
12251
13728
15101
13843
12257
10973
9503
6912
3933
1084
-970
-4089
-7831
-8987
-6853
-3385
-715
1204
3807
6776
9893
12545
12654
12029
11359
10296
8453
5834
4046
2203
-28
-1828
-2682
-2272
-1236
-923
-1434
-1174
277
2206
3575
3355
3250
3758
4307
4872
4538
5350
6430
6802
7386
7892
7814
6394
4059
1455
-1952
-5965
-9180
-12179
-15140
-16275
-15475
-14980
-15878
-16346
-14622
-13233
-13583
-13519
-14208
-16552
-18358
-18841
-19711
-21465
-23235
-23317
-21774
-18758
-10812
3607
13096
13388
14053
16456
15670
12205
11077
9548
6695
4009
4506
8288
13847
20038
18189
11091
5309
2604
1706
-1145
-7511
-14224
-18058
-19431
-19049
-18713
-17286
-15294
-13527
-10391
-3695
5673
14532
17808
17669
17907
18164
19839
19829
16652
11653
7670
5529
3544
611
-1173
-2547
-5485
-7296
-5961
-2538
523
1805
2805
4641
6895
10731
13248
12974
11635
10659
9574
7393
5258
3962
1684
-1464
-3560
-3672
-2928
-3091
-3066
-3137
-3496
-3096
-1650
-1895
-2716
-2188
-1504
-321
673
1973
3708
5071
6562
7173
6692
5698
4605
2849
-56
-2854
-4998
-7400
-10354
-12274
-12720
-13008
-14075
-14695
-14005
-13378
-13399
-13642
-15058
-17319
-19211
-20855
-22437
-23810
-25252
-26429
-25406
-21737
-16813
-5545
10471
16996
16787
18751
20343
16649
12968
12339
10221
6038
2743
5379
9962
17609
22272
18594
12388
6987
5660
5261
464
-8816
-16743
-21933
-24273
-25118
-24383
-21484
-18424
-14503
-6758
4461
17657
27246
28689
26221
22610
21906
22105
18968
13378
8323
5534
4824
3987
3051
2447
-504
-4897
-7421
-6100
-3034
-1113
-1038
-454
1499
5628
10235
12340
11537
10106
9103
7491
5502
4870
3647
645
-1109
-1602
-841
192
12
-1242
-2701
-3292
-2043
-789
-1062
-1408
-286
1196
2685
3998
5161
5864
4901
4071
3327
2149
1301
254
-1575
-3856
-5769
-7618
-9800
-11524
-12861
-13705
-14540
-15633
-15920
-14735
-13800
-14798
-15775
-16971
-19776
-21136
-21385
-21949
-23026
-23410
-21686
-18333
-14368
-7950
6413
19716
22015
21309
20650
17375
12267
9933
9601
7911
5813
5040
9178
16641
25590
25976
17657
8635
1397
-950
-2684
-9124
-17885
-24169
-27274
-26987
-24711
-20727
-16149
-11816
-7105
1545
14210
26879
32651
31000
26749
21997
20305
19916
16991
11870
7449
5297
4304
2408
1226
-1063
-5896
-10277
-11072
-7621
-2946
540
3170
5871
8593
12551
16559
17678
14865
11669
9582
7049
4878
3695
1470
-2207
-4002
-3760
-3399
-3545
-3844
-4560
-5763
-4783
-1504
1325
2310
2544
3495
4339
4623
4583
3613
2533
1673
1592
2156
2259
2585
2982
1106
-2648
-5580
-8406
-12039
-15494
-17357
-17345
-17758
-18106
-16378
-14223
-13825
-14205
-14627
-16016
-17649
-17526
-16336
-14759
-12449
-11551
-12268
-11606
-9991
-8622
-2336
9660
15930
14845
13802
13560
12333
9844
9503
10088
9607
7073
6433
10787
16181
16972
11264
4308
-2846
-6286
-5797
-7103
-13212
-19297
-21356
-21699
-22439
-20803
-15945
-11449
-7103
15
11328
23078
30773
32448
28575
21217
16534
15499
13510
8335
3540
1724
889
-83
-580
-1239
-3919
-7314
-8573
-5957
-1807
2357
6555
9486
10680
13643
17781
18657
15958
12764
9394
4580
1381
315
-2029
-5907
-7189
-6257
-6577
-6014
-3770
-2817
-3218
-1897
1498
3940
4623
5092
5123
4062
2972
2592
2251
2448
2801
3090
2949
3198
4379
4065
974
-3037
-7118
-12252
-17161
-19708
-20188
-19849
-20004
-19432
-16240
-12704
-11802
-11803
-10803
-11433
-13151
-13057
-10608
-8122
-6909
-7269
-10310
-13214
-14107
-12791
-8015
-1189
5067
7557
8433
10437
11479
11348
9939
9258
7888
5524
5018
8179
12450
12886
11254
7619
4379
2487
862
-1852
-7587
-14035
-18534
-20981
-21955
-20770
-16961
-11288
-5153
2364
12385
22393
28223
28569
25317
19883
14627
11744
10329
8778
7238
7034
6583
5355
3477
733
-2780
-5962
-6587
-4381
-982
2662
7111
10831
12784
14191
15523
14657
11629
9122
6453
2814
-11
-603
-1653
-4174
-5518
-5024
-4659
-3304
-1410
-1132
-597
528
921
695
761
1138
570
-1037
-1695
-771
1133
3478
5541
6902
7411
7115
6569
4757
798
-4435
-10156
-15606
-19901
-21943
-20933
-19532
-19490
-19051
-16031
-11659
-9556
-8920
-8371
-10021
-12718
-12872
-11506
-11075
-12239
-14617
-16977
-18056
-17506
-11825
-3709
-815
2279
7322
9864
12181
14179
15201
13200
10815
9977
9664
11199
13361
13611
10033
7977
6440
5671
5482
1885
-3301
-9889
-15216
-19258
-21245
-19264
-16297
-12479
-6415
920
9117
16403
20603
22037
19964
16470
14170
13619
13976
14718
15766
16043
14180
10238
5712
802
-3840
-7911
-9215
-6361
-1641
3670
9215
13480
15210
15432
15514
14863
12635
10311
8864
6446
4012
2138
-290
-2829
-5740
-7889
-8770
-8158
-6013
-4087
-2390
179
2870
3793
3453
3056
1774
322
-291
-2
1192
2968
5482
7422
8114
7693
5752
2876
-947
-5274
-9900
-14552
-18235
-20342
-21455
-22120
-22294
-21959
-20847
-18446
-13771
-9209
-6927
-6104
-7128
-8568
-8436
-8770
-11899
-16102
-17690
-18429
-16404
-5030
4068
3666
3487
5402
5585
6475
12368
19012
19438
17112
17082
17975
19239
19656
14178
6568
175
-4089
-2284
126
824
-2448
-8446
-14643
-20104
-20708
-18175
-15339
-11994
-7037
626
10199
16489
19269
18171
13321
9523
9235
11717
14351
16682
17932
16984
13304
8272
3618
-1401
-5790
-8377
-8191
-5034
846
6816
10159
11816
12654
12123
10848
10786
11324
11325
9809
7474
4527
-24
-4323
-8010
-11301
-13341
-13290
-10732
-6780
-2482
1007
3298
4680
5768
5372
3524
1947
479
-665
-119
1542
3007
3827
4214
4285
3818
2997
1575
-977
-5123
-9814
-14303
-17324
-18937
-20343
-21756
-22760
-23185
-21878
-18257
-13588
-9935
-7744
-6854
-8264
-10512
-10342
-9441
-12727
-18447
-19745
-17790
-11127
1309
7864
6119
2383
235
-1003
1502
11616
20367
20358
18435
18882
21648
23346
21134
13020
3553
-5072
-8448
-5387
-3542
-3428
-7315
-13144
-22073
-26475
-23217
-18163
-14133
-8962
-2167
5798
14672
20456
21261
16555
11520
8761
9546
14138
19771
22260
19873
14692
9488
4075
-705
-3631
-5139
-5815
-4571
-1833
2177
5748
6589
6177
5530
6074
8110
10543
12219
13146
11127
7404
3829
-539
-4959
-8386
-10971
-11808
-10097
-7062
-3626
-548
1398
1278
920
2115
3267
3339
3169
2218
734
693
1961
3402
4811
6462
7086
6252
5842
4527
1617
-3046
-9297
-14151
-17174
-18422
-18702
-19029
-19962
-20551
-19935
-17972
-15350
-12662
-11482
-11838
-11381
-10802
-10855
-10072
-10181
-13653
-16318
-16092
-11065
69
7322
7072
4891
1908
-1461
-30
8725
19801
23311
22648
22047
22558
24483
24451
17530
7570
-427
-6194
-5453
-4580
-4614
-9409
-17283
-26467
-31993
-29033
-21974
-14513
-8244
-2611
4583
13627
19730
20635
17437
13356
10346
12068
17067
22964
25139
21842
14231
5984
-180
-3324
-4315
-4861
-4360
-2868
-862
1316
3486
4143
3274
2698
4929
9402
14063
16937
17770
15502
10818
5772
2778
708
-813
-1576
-1909
-2015
-999
-518
-1504
-1371
-1571
-2327
-2064
-1165
-424
-87
655
404
361
1756
4731
7598
9801
11449
10724
8969
6905
3537
-1352
-5779
-10055
-13644
-14936
-16325
-18163
-19053
-20009
-20392
-19274
-16408
-12769
-9958
-8817
-8377
-7409
-7876
-8713
-8904
-10886
-15238
-18362
-18306
-16351
-6516
4211
6306
3041
-418
-4249
-3263
5250
16096
24112
23943
20781
16983
18559
19388
16893
11060
7258
2342
1171
2623
-175
-6342
-15892
-24070
-31520
-31313
-25342
-17057
-11751
-6641
-1426
6472
11393
13539
13534
12726
13071
15897
22019
25991
26742
22608
15729
7172
1183
-2149
-2752
-2981
-2309
-1507
6
-168
-366
-1009
-2267
-2325
382
4957
8569
11253
13034
11702
8430
6072
4759
3760
2861
3325
2447
2267
2334
2444
821
-915
-3232
-5208
-7347
-8289
-8625
-7607
-5420
-4027
-2463
394
4152
6531
8113
9040
9761
9307
8106
5352
1563
-3425
-8029
-12299
-15895
-18388
-19061
-19472
-19179
-17389
-15156
-13392
-11869
-10682
-10809
-10827
-11071
-11469
-10989
-10437
-11343
-15679
-17976
-16839
-12736
-2441
4511
3756
719
-85
-1333
2743
11264
20324
21020
17290
13891
13266
17401
20803
19531
14036
9475
4562
3651
1265
-2476
-10377
-18000
-25759
-29764
-27264
-20879
-16581
-15032
-12116
-7504
59
6393
11814
13975
15458
16829
21009
24887
27486
27078
24081
18578
12791
8906
6521
4769
2917
1340
-403
-1478
-2563
-3114
-4418
-4993
-4443
-2886
-471
2567
4547
5678
4804
3177
2565
3775
5135
5934
7706
8926
9025
10183
9568
6782
4482
549
-4364
-7544
-8199
-8458
-9327
-10420
-10811
-10128
-6826
-2553
1147
4087
6255
7593
8758
8403
5998
2962
-532
-5633
-10496
-12325
-13230
-15580
-17843
-18802
-18172
-16564
-15762
-15179
-14715
-15788
-17118
-17171
-15346
-13561
-13292
-16168
-19685
-20276
-18058
-7886
2157
4175
1249
797
767
4499
13138
22999
26898
22167
17586
14828
18601
22747
23483
17590
11391
3909
609
-480
-3794
-8971
-15941
-21291
-27747
-27959
-24052
-19395
-19476
-18206
-14302
-5995
2350
8610
12269
13018
14302
17627
23842
28754
32223
31820
29015
23507
18876
15349
12704
9557
6256
3680
1657
-455
-2988
-5478
-8607
-10590
-10919
-9171
-6181
-4157
-2842
-2561
-3028
-3370
-1986
1890
5512
8617
12677
15388
15556
16365
15767
13846
11781
9002
4689
311
-3005
-6605
-10733
-13837
-15112
-14830
-12442
-9572
-7283
-5408
-3204
-271
2841
5051
5942
5497
2723
-1351
-4176
-5949
-8030
-10383
-12840
-13760
-13756
-13142
-13358
-14098
-15359
-17395
-17247
-15234
-13743
-14386
-17025
-21126
-22653
-21906
-13320
-4544
-913
-2886
-3616
-1668
3215
14569
25248
32556
27918
22609
17489
21045
25872
28115
24296
15720
7058
287
615
-1395
-3923
-11461
-16829
-25010
-27691
-26763
-23564
-22710
-23306
-20431
-14965
-6072
-1434
1965
1304
3640
7852
16185
24415
30571
32432
30556
26993
23213
22152
20546
19531
16543
13670
9608
5957
1315
-3901
-7541
-10234
-11618
-12454
-12301
-13768
-15405
-16039
-15070
-13457
-10666
-5926
-1459
2224
5635
10331
14267
18125
20877
21727
21744
20547
17579
12799
8282
3956
-617
-5104
-7989
-11232
-13735
-15084
-15912
-15446
-12944
-9910
-6087
-2667
-1640
-2045
-2755
-3438
-4477
-4105
-3351
-3183
-4408
-4848
-4384
-3513
-3475
-3796
-4896
-6867
-8043
-8624
-8964
-10900
-14397
-20258
-23529
-25198
-21638
-15175
-11869
-13269
-15007
-12579
-7890
3520
14708
23271
22580
19283
17567
20531
28365
32233
30900
22813
16369
11137
11321
12017
11047
5593
-3341
-11791
-18617
-20740
-22281
-22053
-24243
-24441
-23043
-19335
-18299
-18643
-18083
-15339
-8066
1335
11686
17419
20735
21268
22692
24862
28807
31861
32344
30825
27428
24388
20762
17649
12824
8532
4313
-253
-5994
-11566
-16794
-21773
-23686
-23734
-22633
-22427
-21429
-20614
-18267
-13694
-6965
1014
7934
13507
16614
19061
20645
22783
23518
22764
20206
16807
13131
8953
5646
2407
-895
-4812
-7782
-10243
-11502
-11918
-11613
-12647
-14646
-16211
-16880
-16616
-15780
-14321
-12959
-11519
-9880
-6918
-3757
-1517
-1187
-1067
-376
491
688
454
-941
-5187
-8517
-10620
-10950
-9004
-8236
-11100
-16735
-17608
-14592
-8438
-1680
4535
6052
3691
4022
7371
15338
21152
23589
19973
14869
11985
12764
16791
17897
16763
11697
5220
-1984
-5599
-6729
-7083
-7645
-9572
-12568
-16167
-18896
-22190
-23301
-22598
-19402
-15328
-10896
-7051
-4258
-706
3895
9205
14425
19183
22458
24680
26222
28279
30045
31317
31712
29909
25908
21344
17037
12711
7797
3012
-2228
-7810
-13219
-18152
-22186
-24831
-25608
-24967
-23220
-20610
-16200
-11871
-7123
-2560
2330
6772
10845
14046
16125
17489
19175
20224
19709
18539
16413
13967
10775
8248
5833
4149
1946
-796
-4394
-9267
-13448
-15813
-16813
-17751
-18905
-20326
-21125
-21430
-19891
-17307
-14630
-14124
-14188
-13483
-11089
-8474
-6175
-5926
-6686
-6237
-4160
561
1300
-722
-4700
-4067
-1573
4766
9996
11921
9933
5703
6463
10928
18714
21406
18743
11452
6228
5194
7438
10741
10117
7018
1124
-3506
-7505
-8353
-6280
-4675
-5430
-7380
-8884
-10866
-12596
-12893
-11493
-10124
-9249
-9128
-9860
-9514
-6011
-133
5101
7828
8677
9084
10366
13315
17737
22119
24529
25293
24755
24057
23066
21754
20061
18361
16313
13496
9668
4518
-579
-5528
-9547
-12795
-15201
-18018
-20757
-22126
-21441
-18136
-14605
-11256
-8901
-6108
-3299
1002
5716
9872
12273
13269
14241
13648
13281
13154
13816
13009
11546
9324
7145
4914
3071
986
-2076
-5351
-8995
-11628
-14695
-16567
-18107
-18633
-19422
-19782
-20547
-21474
-22441
-22209
-20095
-16738
-15522
-15007
-13456
-9947
-5133
-4198
-5122
-6748
-3625
41
6601
10495
12240
9457
7738
11186
18619
27038
28430
24696
17876
15626
17009
20189
20702
16754
11118
4356
-726
-5476
-6148
-5506
-6083
-9923
-13990
-16873
-18124
-17381
-15982
-13786
-12316
-11943
-14278
-16627
-16923
-13121
-6393
-145
2515
2191
2703
4663
8941
13590
17708
19676
20195
21006
22324
24309
25361
26094
24211
20934
17747
15947
14389
12179
9818
5125
-364
-6691
-11472
-15504
-17090
-17398
-18015
-19757
-21183
-20488
-18387
-14524
-10772
-7090
-4340
-1804
702
3788
6366
8581
9886
10633
11209
12400
12746
12221
11224
10621
9694
7911
5527
2043
-1338
-4609
-7465
-10463
-13201
-15986
-18813
-20866
-23319
-25602
-27601
-27692
-27879
-26057
-22835
-17510
-14506
-15610
-17786
-16425
-10210
-4298
2252
4679
4640
950
2489
8764
18087
24461
25476
22675
19547
21814
25890
30004
28875
25046
21143
17744
13659
8646
6979
5115
2427
-3185
-7984
-12538
-15717
-17883
-19811
-19995
-19564
-18411
-19318
-21163
-22175
-20316
-16830
-14512
-13814
-12740
-8642
-3040
2276
5657
6800
7546
9345
13391
17855
22001
24947
26486
26555
25539
24803
24499
24279
23407
21884
19281
15099
10981
6649
2589
-1886
-5457
-8523
-11635
-14886
-17070
-18349
-19677
-20344
-19050
-16631
-14487
-12479
-10099
-7252
-4229
-698
1715
3585
4924
6689
8030
9268
10905
12195
12818
11564
9937
7710
5585
3852
2216
-476
-5018
-8813
-12239
-14762
-18239
-21172
-24331
-26423
-27946
-25101
-20975
-20520
-22931
-24146
-19986
-15374
-8576
-4621
-1973
-4661
-4272
169
8881
16766
18768
16810
13261
15689
21531
28028
29434
25843
22360
20065
20176
19181
19460
17983
13941
8373
3116
1448
483
-230
-4546
-9842
-14496
-16632
-17037
-17682
-17869
-17668
-16437
-16659
-19357
-20762
-20184
-16209
-12162
-8241
-5746
-4170
-2294
535
4057
6776
9561
12190
15354
18863
22609
24459
24926
24629
24721
24821
24092
22864
20828
18795
15738
12605
9006
5277
1098
-2026
-4498
-7755
-11148
-14777
-16555
-17673
-17293
-17319
-17766
-17733
-15870
-11977
-7960
-4836
-3003
-2063
-1720
-87
2840
6771
9565
10925
10360
9539
9153
9197
9387
7498
4541
866
-1821
-5187
-7846
-10467
-13479
-18222
-22454
-24716
-24322
-20521
-20139
-23172
-27527
-23536
-19130
-12247
-8741
-5432
-7723
-8574
-3178
5275
14485
16621
16116
12718
15078
20619
26619
28619
24533
20917
19841
20885
19937
17858
17596
13714
8965
3244
1678
190
-789
-2992
-6688
-10716
-14248
-15530
-16723
-16578
-15473
-13386
-12906
-15489
-18080
-17517
-13293
-9972
-7896
-7053
-6095
-4379
-1112
2202
3649
4423
4409
6529
8870
12376
15305
17462
18357
17944
17665
17554
18663
18646
18218
17544
16749
15441
12728
10309
8192
6393
3752
605
-2776
-5400
-7320
-8949
-10603
-12767
-14177
-14407
-13509
-12372
-10974
-9714
-8650
-7905
-6604
-5649
-4899
-3190
-780
1291
2252
3449
4198
4441
4447
4030
3663
2270
646
-245
-816
-3724
-8341
-13465
-16250
-18092
-15486
-15444
-18260
-25131
-25710
-21667
-16828
-12679
-12360
-12014
-14810
-10947
-4828
4668
8909
9513
8795
9198
14273
20142
25547
26263
24118
23147
23058
23544
22092
22695
22719
19280
12957
6503
4217
2386
1454
-2175
-6202
-11345
-14913
-17358
-18829
-18622
-17159
-15640
-16853
-19086
-19225
-16277
-12150
-10355
-9618
-10059
-8408
-5174
203
4633
6571
6827
6225
6957
8740
12957
16097
17931
17592
16484
15507
15888
17170
16883
15587
14595
14227
13100
11696
10547
9002
6851
4129
1356
-1771
-4210
-5762
-6162
-6532
-8157
-10627
-13030
-13441
-11889
-10116
-8897
-8027
-7539
-7620
-7406
-6566
-5918
-5209
-3776
-2009
-1491
-2102
-2302
-2074
-917
-180
236
-609
-2556
-4861
-5890
-7093
-8441
-11359
-11361
-12524
-14481
-19051
-19823
-16805
-14184
-11239
-11813
-9777
-11617
-8712
-4786
2139
5957
6075
5707
5651
10668
15616
20356
21505
19677
19166
19828
21944
21636
22113
23023
21325
17069
12052
10714
8708
6473
2199
-1301
-4954
-8464
-10855
-13610
-15401
-16518
-15517
-16199
-18137
-19834
-17840
-14171
-12130
-12291
-13154
-12975
-10471
-5572
-233
2905
4828
5279
6418
7475
10327
13074
15603
16164
16163
16204
17247
18390
17877
16756
15621
15417
14152
12940
12241
11497
10266
7646
4110
250
-1835
-2761
-2990
-4491
-6766
-9806
-11720
-12011
-11010
-10413
-10889
-10804
-10210
-8780
-7892
-7234
-7067
-6830
-5959
-4863
-3701
-3804
-4796
-5048
-3891
-2551
-2503
-3974
-4994
-6039
-6029
-7192
-7256
-9615
-9327
-9721
-10114
-13870
-15900
-13899
-12090
-8892
-9598
-8067
-9885
-7513
-4301
1885
6136
5740
4725
4194
8815
13534
17969
19175
17200
16251
16331
18428
19002
20160
20779
19156
16133
12547
11500
10667
9305
6013
2353
-448
-3829
-6588
-9265
-10242
-11208
-10997
-13002
-15681
-18218
-16663
-12886
-10992
-11034
-12505
-12664
-11937
-9238
-5501
-1569
1522
2915
3986
5012
7332
9837
12705
14273
14726
14545
15651
17068
17788
17210
16078
15129
13852
12840
12364
12467
12151
10189
7053
3852
1612
-230
-1118
-2378
-3502
-5622
-7814
-10002
-11307
-11331
-10919
-10383
-10279
-10204
-10444
-10398
-9415
-8116
-7370
-7244
-7070
-7092
-7887
-7398
-5807
-3957
-4464
-6812
-8489
-9135
-8459
-8348
-7387
-8851
-8398
-8581
-8502
-11711
-12244
-9429
-6865
-5705
-7621
-6918
-7151
-3692
-892
3179
5060
5891
6298
6608
9969
13443
16875
17458
16435
15664
14953
15328
14947
16380
17034
15926
12066
9128
8240
7895
7109
4598
1709
-1088
-2688
-4139
-5945
-7557
-9864
-10494
-11879
-12291
-14007
-14050
-13117
-12136
-11285
-10481
-9645
-10245
-10149
-9158
-6204
-3003
229
1968
2526
3306
5252
8575
11242
12830
12427
13268
14878
16146
16036
15563
15325
14171
12800
11757
11438
11096
10438
9192
6936
4797
1672
-633
-2101
-1941
-2357
-4075
-6841
-9744
-10494
-10281
-9322
-9473
-9344
-9968
-10425
-10341
-9646
-8491
-7301
-6309
-6619
-8157
-8951
-8050
-6780
-6211
-6952
-8254
-9757
-10786
-11770
-11937
-11801
-10403
-8850
-8313
-9494
-11471
-9559
-7061
-4277
-4503
-3243
-2618
-1813
-939
1375
5254
8417
11072
11176
10921
11211
13116
16161
18761
20039
18369
15838
13190
12938
14034
14923
13605
10662
7990
5871
4178
2926
2072
418
-1283
-2247
-3708
-5516
-7652
-8294
-8480
-8599
-8671
-9428
-9857
-10589
-10481
-9958
-8292
-6977
-6870
-7296
-6954
-5798
-3847
-1974
-235
1035
2246
4000
5738
7270
8694
10034
12108
13502
13848
13840
14598
14965
13794
12951
12235
12024
11561
10610
9171
6919
4506
2449
1393
893
201
-2074
-5156
-8083
-8924
-8997
-8895
-9600
-10396
-11732
-12570
-12482
-11360
-9909
-8237
-7060
-7158
-8098
-8492
-7283
-5611
-4499
-5386
-7229
-8680
-9300
-9260
-9413
-9654
-10682
-10910
-10621
-9440
-9009
-7481
-5790
-4415
-4356
-4170
-2148
-368
1343
1815
3162
5138
7697
9985
10827
11672
12136
13567
15387
17515
17887
16403
14497
13128
13177
13496
13294
10737
7387
4741
3807
3442
2491
811
-1663
-3802
-4718
-5122
-5011
-5345
-5482
-6416
-6948
-7043
-6576
-6086
-6083
-5280
-4263
-3423
-3501
-3882
-3561
-2133
-215
765
982
666
885
1983
3784
4973
5411
5703
6854
8499
9129
9303
9363
9747
9901
9965
10245
9715
9047
7975
7202
6881
6323
5108
3130
1698
1021
721
-536
-2697
-4579
-6384
-7459
-8128
-8374
-8878
-9220
-9882
-10154
-10067
-9204
-7820
-6568
-5721
-5697
-4863
-3230
-2041
-2259
-2970
-3539
-3673
-3276
-2493
-2890
-4428
-6134
-6916
-6858
-6292
-4957
-3237
-2883
-3638
-4478
-3980
-3134
-2407
-1794
-2111
-2535
-2414
-584
1504
2961
3379
3120
4159
5875
7548
8143
8337
8988
9239
8997
8484
7638
6777
5695
4892
4382
3600
2612
1413
113
-1086
-2063
-2155
-2472
-2618
-2728
-2764
-2336
-2350
-2511
-2731
-2084
-986
-309
-48
-500
-823
-95
1707
3034
3086
2136
1032
1127
2305
3746
4059
3669
3106
3206
3161
3329
3869
4127
3897
3008
2672
2632
2920
3224
3451
3367
2907
2413
1798
1553
2279
3199
2848
1281
-152
-1277
-2174
-3029
-3490
-3907
-4450
-5428
-6303
-7382
-8290
-8462
-8002
-7413
-7119
-6274
-5429
-5180
-5448
-5219
-4870
-4260
-4111
-4097
-4059
-4272
-4232
-4003
-3773
-4434
-5104
-4374
-2941
-1905
-1765
-1766
-1727
-1529
-792
-173
-384
-1279
-1771
-1093
-11
1235
1553
1595
2024
2571
3575
4617
5827
6521
6588
6568
6523
6775
6541
5725
5031
4086
3348
2745
1878
927
-347
-851
-1458
-1929
-2133
-2418
-2762
-2987
-2764
-2473
-1927
-1319
-668
-319
-516
-390
1018
2989
4504
4982
4428
3714
3756
4742
6046
6102
5493
4822
4591
4599
4529
5005
5029
4284
2653
1356
918
1352
2203
2653
2171
1319
514
-19
146
1239
2448
2460
1315
76
-87
50
-410
-1173
-2114
-3107
-3886
-4418
-4827
-5761
-6609
-6927
-7042
-7005
-7001
-6922
-6689
-6573
-6033
-5601
-5727
-6229
-6432
-5821
-4953
-4389
-4455
-4653
-5150
-5327
-4397
-2866
-2093
-2388
-2637
-2018
-787
720
2200
2281
1587
604
822
1425
2161
2300
2052
2024
1636
2184
2659
3172
3026
2857
3165
3302
3652
3941
4234
3707
3151
2621
2222
1824
1754
1259
599
378
128
39
-300
-154
-231
-366
-139
417
1389
1813
1873
1961
2462
3779
5147
6186
6667
6548
6504
7175
8178
8673
8255
7141
6529
6541
6880
6788
6654
6120
5072
3717
2565
2117
1917
1682
1195
574
76
-325
-971
-1441
-1277
-754
-549
-1104
-1530
-1318
-1134
-1421
-1946
-2249
-2655
-3185
-4058
-4446
-4692
-5231
-5567
-5731
-5883
-6376
-6673
-6346
-6076
-5672
-5640
-6099
-6644
-6612
-5551
-4822
-4911
-5377
-5659
-5709
-5340
-4551
-3334
-2956
-3134
-3073
-2506
-1216
12
1086
1516
2098
2241
2446
2698
2775
2683
2142
2318
2390
2493
2022
1385
1052
859
1100
1112
940
692
1002
922
516
-124
-147
59
151
-48
-345
-402
-495
-440
-322
-220
-236
-593
-627
-173
481
890
1102
1363
1675
1920
2572
3344
3899
4282
4666
5167
5732
6356
7081
6964
6617
6205
5786
5249
4819
5051
4908
4191
3098
1900
1152
617
326
159
-178
-610
-1369
-1841
-2133
-2393
-2573
-2803
-2836
-2555
-2250
-2738
-3635
-3902
-3689
-3365
-3655
-4052
-4558
-5136
-5625
-5603
-5331
-5287
-5522
-5575
-5394
-4932
-4635
-4695
-4886
-4751
-4303
-4019
-3994
-4166
-3797
-3543
-3563
-3447
-2878
-2146
-1873
-1446
-940
-128
394
1244
2138
3241
4066
4493
4928
5125
4908
4248
4202
4021
3489
2762
2111
1642
1161
687
-270
-986
-1550
-1838
-2376
-3179
-3495
-3431
-3254
-3420
-3672
-4073
-3947
-3367
-2802
-2204
-1887
-1776
-1895
-1143
-475
433
901
1152
1425
1500
1742
2213
2913
3380
3768
3730
3886
4091
4621
5511
6415
6953
6800
5946
4883
4330
4692
5137
4889
3868
2547
1522
1039
1209
1401
1010
322
-580
-1306
-1584
-1287
-739
-955
-1322
-1647
-1783
-1734
-1764
-1409
-1456
-1481
-1980
-2310
-2330
-2608
-2943
-3499
-3920
-3997
-4357
-4827
-5033
-4887
-4848
-5071
-5198
-5087
-4810
-4619
-4394
-4563
-4441
-4206
-3940
-3820
-3537
-3025
-2639
-2062
-1703
-1077
-541
308
1142
2159
3052
3511
4130
4898
5970
6112
5907
5511
5186
4541
4088
3883
3885
3328
2098
800
-317
-978
-1685
-2210
-2689
-3139
-3645
-4086
-4350
-4523
-4160
-3501
-3314
-3299
-3346
-2856
-2330
-1467
-1049
-833
-579
25
871
1533
2036
2261
2801
3234
3711
4086
4457
4509
4514
5139
6066
6885
7226
7105
6813
6575
6557
6640
6475
5875
5124
4353
3924
3688
3724
3401
2952
2143
1155
842
918
1266
1130
682
15
-463
-398
-457
-279
-197
-344
-570
-721
-460
-419
-779
-1545
-2020
-2277
-2460
-2664
-3186
-3868
-4832
-5678
-5863
-5582
-5380
-5489
-5879
-6400
-6180
-5618
-5067
-4894
-4864
-4566
-4338
-4100
-3616
-2794
-2044
-1484
-787
90
908
1407
2002
2904
4135
4941
5289
5389
5485
5211
4773
4659
4713
4587
3931
2886
1639
587
-257
-1329
-2291
-2986
-3641
-4557
-5524
-6248
-6469
-6348
-6361
-6449
-6691
-6351
-5655
-4911
-4496
-4373
-3746
-3139
-2196
-1313
-424
191
829
1595
2164
2864
3347
3764
3776
4076
4767
5175
5040
5107
5171
5257
5349
5336
5392
5291
5006
4475
3839
3561
3596
3699
3752
3571
2882
2201
1853
1954
2091
2045
1872
1319
1119
785
812
788
479
230
-310
-161
-15
35
-120
-636
-1146
-1396
-1353
-1596
-2175
-2882
-3413
-3846
-4031
-4162
-4567
-4651
-4846
-4796
-4616
-4490
-4338
-4163
-4073
-4142
-4002
-3572
-3160
-2978
-2800
-2329
-1796
-1307
-1080
-902
-337
592
1131
1875
2769
3727
4238
4038
3902
3774
4219
4771
4670
4153
3495
2776
1921
1163
453
-124
-1009
-1937
-2694
-3316
-3765
-4434
-5164
-5764
-5987
-5838
-5844
-5708
-5786
-5654
-5141
-4437
-3577
-3033
-2317
-1651
-737
84
954
1723
2484
3135
3704
4435
4817
4877
4708
4756
4772
4719
4459
4421
4647
4584
4206
3504
2911
2765
2914
3112
2918
2317
1856
1676
1685
1805
1850
1883
1644
1643
1695
1735
1635
1684
1688
1371
1226
970
904
955
692
429
-20
-498
-1007
-1616
-2054
-2487
-2763
-3284
-3798
-4400
-4942
-5023
-5073
-5082
-5075
-5078
-4880
-4542
-4141
-3561
-3196
-2970
-2889
-2810
-2252
-1414
-609
-367
-454
-494
-115
471
1310
2338
3154
3662
3699
3380
3547
4137
4629
4566
4053
3590
3362
3042
2644
2129
1458
575
-182
-841
-1368
-1889
-2411
-3047
-3762
-4244
-4582
-4796
-4970
-5241
-5511
-5626
-5680
-5595
-5275
-4730
-4173
-3411
-2747
-1926
-1183
-260
727
1501
2144
2695
3178
3537
3924
4082
3909
3825
3928
4181
4229
3945
3711
3473
3585
3425
3258
2960
2860
2926
2815
2712
2499
2267
2105
2237
2509
2732
2722
2661
2714
2864
2804
2697
2602
2603
2925
2939
2793
2611
2316
2179
1515
791
-153
-700
-1104
-1483
-1922
-2529
-3275
-4157
-4667
-4781
-4633
-4741
-4849
-4743
-4325
-3499
-2990
-2758
-2835
-2602
-1680
-672
-8
175
121
355
773
1273
2054
2757
3278
3505
3356
3476
3995
4522
4563
3965
3414
2925
2315
1864
1279
598
-92
-871
-1658
-2342
-2802
-3076
-3507
-4210
-4854
-5288
-5549
-5755
-5799
-6075
-6231
-6221
-6192
-6048
-5644
-5093
-4658
-4266
-3979
-3190
-2384
-1568
-828
-127
356
850
1273
1874
2561
2821
2607
2307
2486
2976
3243
3121
3017
2853
2657
2409
2429
2677
2979
3168
3045
2708
2406
2531
2817
2901
2987
2920
2775
2994
3459
3966
4000
3616
3325
3336
3663
3876
3991
3832
3711
3175
2972
2703
2358
1678
954
485
-212
-821
-1465
-2174
-2822
-3075
-3527
-3788
-3854
-3876
-3583
-3240
-2826
-2618
-2582
-2085
-1532
-870
-466
-231
13
421
967
1514
2242
2666
3048
3045
3053
3426
3953
4312
4142
3650
3054
2569
2110
1547
842
-101
-1141
-2002
-2549
-3004
-3529
-4265
-5139
-5657
-5963
-6137
-6353
-6650
-6910
-7047
-6995
-6903
-6684
-6475
-6342
-5932
-5585
-5020
-4249
-3655
-2880
-2237
-1650
-1039
-390
132
731
1590
2013
1860
1633
1622
1960
2235
2341
2564
2375
2262
1962
1806
1853
2005
2247
2081
2028
2074
2218
2396
2591
2595
2614
2504
2552
3057
3546
4033
3820
3579
3456
3644
3930
4142
4418
4356
3983
3707
3583
3428
3198
2670
1886
1141
736
384
-125
-1061
-1910
-2595
-3160
-3653
-3810
-3904
-4009
-3962
-3805
-3524
-3231
-2814
-2344
-1918
-1648
-1213
-874
-374
-76
601
1191
1457
1512
1477
1596
1969
2539
2711
2461
2161
1781
1385
1102
865
454
-436
-1263
-1825
-2251
-2687
-3129
-3760
-4566
-5222
-5496
-5712
-5968
-6335
-6770
-7180
-7239
-7046
-6631
-6290
-6172
-6235
-6160
-5605
-4718
-3788
-3089
-2543
-1998
-1372
-753
56
959
1821
2293
2380
2394
2686
3229
3554
3788
3962
3969
3851
3530
3331
3476
3734
3845
3921
3617
3451
3337
3241
3295
3359
3122
2785
2552
2852
3413
3539
3525
3458
3569
3815
4263
4705
4806
4571
4310
4438
4474
4406
4243
3852
3259
2922
2649
2338
1865
1088
233
-547
-1148
-1466
-1908
-2364
-2584
-2860
-3057
-2925
-2427
-2031
-1719
-1544
-1321
-1194
-771
-339
114
591
1076
1324
1274
1262
1409
1960
2230
2236
2234
2084
1962
1732
1216
820
178
-373
-851
-1512
-2034
-2631
-3255
-3948
-4670
-5161
-5505
-5768
-5976
-6393
-7017
-7522
-7794
-7709
-7545
-7259
-7297
-7381
-7093
-6411
-5540
-4781
-4307
-4149
-3796
-3250
-2409
-1378
-245
519
764
1084
1495
2252
2934
3263
3564
3692
4016
4265
4367
4567
4775
4779
4787
4769
4737
4592
4393
4237
4009
3836
3644
3359
3103
3053
2998
2686
2217
2209
2337
2415
2552
2659
2724
2904
3208
3245
3398
3514
3727
3732
3620
3532
3596
3371
3095
2933
2549
2093
1532
1072
715
256
-174
-827
-1220
-1229
-1009
-768
-864
-1210
-1461
-1366
-982
-511
-56
348
579
438
409
741
959
980
890
842
903
1156
1258
1260
1060
618
-3
-700
-1313
-1914
-2451
-2989
-3399
-3790
-4414
-4982
-5516
-6089
-6603
-7085
-7509
-7670
-7770
-7856
-8069
-8262
-8131
-7878
-7805
-7531
-7057
-6549
-5749
-4974
-4403
-3916
-3342
-2693
-2070
-1335
-807
-324
179
819
1594
2204
2646
2808
3015
2940
3315
3628
3902
4035
4006
4062
3862
3550
3215
3136
2920
2794
2662
2588
2578
2508
2378
2225
2037
1883
1646
1364
1520
1731
1709
1696
1799
1835
2098
2501
2811
2693
2700
2873
3133
3234
3251
3312
3023
3002
2896
2884
2501
2042
1441
841
382
390
621
473
-61
-549
-689
-614
-383
-356
-516
-434
-416
-523
-390
-125
-109
-313
-329
-319
-40
120
131
27
-381
-649
-546
-512
-752
-1282
-1963
-2726
-3216
-3566
-3976
-4462
-5040
-5601
-5998
-6172
-6325
-6664
-6963
-7627
-8092
-7910
-7636
-7397
-7364
-7480
-7446
-7184
-6896
-6721
-6424
-5780
-4838
-4068
-3392
-2989
-2759
-2490
-1999
-1111
-494
260
653
1056
1702
2470
3088
3373
3488
3640
3962
4221
4644
4837
5028
4938
4659
4587
4534
4530
4589
4366
4134
4079
4217
4194
4074
3692
3336
3081
2929
3028
3071
3033
3065
3143
3250
3558
3776
3835
3759
3649
3993
4526
4806
4791
4834
4773
4599
4495
4309
4070
3610
3601
3469
3407
3384
3162
2872
2437
2006
1823
1794
1805
1327
881
435
411
164
-235
-717
-1231
-1464
-1561
-1379
-1464
-1706
-2184
-2381
-2566
-2498
-2386
-2533
-3020
-3709
-4039
-4371
-4676
-4930
-5359
-5740
-5972
-5957
-6124
-6484
-6857
-7219
-7206
-7135
-6989
-7008
-7048
-7085
-7034
-6916
-6708
-6554
-6520
-6554
-6415
-5838
-5255
-4564
-3958
-3625
-3278
-2540
-2027
-1484
-1154
-599
-96
494
1117
1727
2354
2916
3346
3662
3987
4508
5122
5392
5520
5667
5801
5813
5849
5708
5479
5135
5051
5213
5368
5243
5082
4597
4046
3755
3514
3391
3224
3090
3107
3003
3170
3160
3363
3574
3540
3686
4056
4579
4907
4998
5040
5047
4773
4889
4840
4753
4582
4369
4525
4351
4193
3775
3067
2680
2441
2400
2293
2138
1622
953
173
-471
-961
-1272
-1732
-2152
-2345
-2537
-2858
-3208
-3380
-3542
-3749
-4171
-4457
-4647
-4774
-4958
-5060
-5242
-5415
-5900
-6233
-6287
-6192
-6154
-6172
-6036
-6021
-5980
-6057
-6073
-6120
-6031
-5807
-5776
-5699
-5604
-5515
-5385
-5191
-5144
-5257
-5182
-5217
-4867
-4439
-3891
-3700
-3531
-3483
-2954
-2484
-2016
-1393
-955
-289
-201
338
770
1497
1869
2183
2532
2767
3407
3884
4456
4625
4787
4851
4801
5175
5301
5502
5086
4879
4400
4054
4075
3976
3960
3425
3227
2764
2758
2876
2871
2760
2341
2349
2412
2718
3146
3338
3434
3378
3555
3876
4334
4418
4294
4154
4273
4560
4723
4567
4195
4153
3972
3831
3446
3113
2729
2248
1780
1253
776
111
-306
-946
-1641
-1847
-2109
-2335
-2812
-3244
-3466
-3584
-3717
-3939
-4015
-4196
-4361
-4620
-4843
-5053
-5038
-5058
-5273
-5361
-5546
-5628
-5697
-5665
-5575
-5420
-5316
-5177
-5021
-5001
-4920
-4777
-4866
-5017
-4862
-4683
-4638
-4510
-4274
-4171
-4201
-4165
-4124
-3817
-3360
-2816
-2488
-2340
-2081
-1760
-1213
-715
-636
-865
-819
-577
-130
564
1149
1396
1237
1201
1164
1567
2010
2522
3055
3356
3640
3823
4001
4092
4160
4132
4077
4005
4146
4509
4723
4715
4794
4696
4559
4416
4458
4673
4836
5017
5277
5411
5449
5314
5273
5231
5061
5141
5026
5082
5100
5033
4791
4428
4323
4140
3929
3662
3400
3089
2718
2417
2029
1541
1005
438
19
-542
-855
-1162
-1424
-1727
-2013
-2413
-2783
-3102
-3294
-3210
-3058
-3033
-3298
-3614
-3797
-3825
-3743
-3558
-3612
-3470
-3606
-3764
-3993
-4163
-4284
-4500
-4459
-4760
-4761
-4656
-4503
-4644
-4749
-4713
-4647
-4340
-4211
-4193
-4256
-4287
-4193
-4061
-3965
-3859
-3705
-3459
-3191
-2790
-2252
-1752
-1452
-1323
-1180
-1008
-766
-467
-112
78
218
411
495
557
684
961
1219
1497
1670
1644
1798
1971
2407
2801
2777
2615
2497
2594
2859
3013
3052
3053
2830
3002
3268
3480
3602
3822
4002
4240
4385
4489
4606
4637
4756
4928
5147
5247
5287
5227
5298
5291
5185
5105
5165
5099
5078
5092
4724
4433
3983
3572
3178
2698
2345
1900
1494
1089
581
119
-369
-730
-1116
-1535
-1858
-1874
-1915
-1966
-1789
-1917
-2105
-2349
-2539
-2551
-2655
-2661
-2601
-2690
-2623
-2564
-2616
-2807
-2999
-3102
-3259
-3442
-3287
-3356
-3322
-3406
-3548
-3542
-3627
-3519
-3593
-3456
-3320
-3252
-3128
-3214
-3163
-3123
-3205
-3036
-2915
-2689
-2376
-2060
-1881
-1994
-1781
-1557
-1398
-1243
-1334
-1161
-1134
-1146
-1168
-1025
-1027
-823
-576
-443
-192
-80
134
352
644
871
930
1151
1220
1404
1738
1818
1887
1862
1961
2120
2101
2186
2663
2788
2936
2999
3168
3354
3478
3664
3808
4032
4136
4407
4588
4779
4937
4863
4660
4605
4689
4923
4902
4824
4608
4316
4092
3856
3725
3251
2762
2248
1616
1142
906
569
153
-360
-849
-1044
-1389
-1626
-1768
-2055
-2285
-2537
-2620
-2470
-2617
-2718
-2942
-3056
-3169
-3168
-2987
-2756
-2618
-2695
-2644
-2682
-2743
-2778
-2686
-2617
-2633
-2802
-2803
-2876
-2874
-2760
-2780
-2634
-2578
-2575
-2488
-2263
-2135
-2237
-2272
-2236
-2124
-2001
-1561
-1433
-1374
-1389
-1132
-839
-809
-655
-586
-593
-604
-669
-748
-633
-522
-534
-508
-425
-223
-118
73
328
353
401
364
366
470
759
1066
1302
1527
1691
1869
2019
2241
2382
2373
2485
2511
2693
2903
3175
3306
3252
3340
3494
3755
4021
4303
4531
4533
4533
4397
4363
4257
4364
4400
4232
3983
3807
3490
3261
3114
3067
2768
2189
1780
1469
1062
758
620
158
-474
-960
-1244
-1394
-1595
-1600
-1712
-2149
-2378
-2252
-2262
-2300
-2376
-2524
-2735
-2911
-2924
-2954
-3053
-3164
-3180
-3062
-3013
-2823
-2708
-2809
-2940
-2971
-2779
-2579
-2367
-2429
-2421
-2566
-2475
-2316
-2136
-1981
-2027
-1985
-1833
-1484
-1178
-982
-769
-740
-841
-685
-583
-353
-225
-2
105
0
-75
-53
-10
9
46
-21
-49
-241
-514
-611
-682
-717
-612
-569
-624
-792
-625
-312
-138
12
117
312
519
586
850
1063
1151
1483
1573
1767
1901
2188
2383
2380
2581
2726
3049
3311
3649
3875
3907
4096
4107
4255
4299
4372
4309
4033
4011
3842
3638
3434
3329
3229
3086
2941
2713
2417
2167
1843
1482
1039
723
507
211
-190
-591
-791
-1007
-1114
-1233
-1226
-1381
-1472
-1650
-1668
-1693
-1818
-1892
-2073
-1996
-2012
-1918
-1918
-1988
-1981
-1898
-1771
-1754
-1880
-2077
-2272
-2385
-2303
-2153
-2138
-1915
-1964
-1835
-1766
-1747
-1784
-1621
-1346
-1200
-1126
-1019
-772
-644
-537
-353
-166
53
322
351
218
227
301
253
339
245
223
81
-183
-261
-260
-303
-356
-529
-788
-872
-996
-903
-865
-891
-842
-780
-642
-617
-507
-435
-235
39
258
456
535
661
780
923
1050
1201
1439
1617
1799
1958
2162
2331
2361
2387
2438
2540
2462
2566
2652
2690
2587
2477
2337
2189
2042
1787
1635
1437
1263
1123
949
636
329
193
80
-194
-306
-546
-869
-892
-999
-1043
-1101
-1099
-1172
-1476
-1566
-1395
-1370
-1487
-1613
-1892
-1873
-2003
-2053
-2110
-2176
-2285
-2412
-2336
-2409
-2641
-2685
-2657
-2527
-2376
-2343
-2276
-2294
-2248
-2055
-1822
-1735
-1633
-1649
-1479
-1451
-1162
-961
-937
-1037
-1063
-918
-714
-432
-336
-259
-219
-172
33
120
-46
9
-57
-74
-132
-183
-194
-297
-422
-448
-453
-578
-684
-779
-822
-831
-731
-598
-493
-576
-592
-544
-577
-395
-110
102
365
616
707
924
1207
1241
1509
1616
1755
1777
1864
1959
1781
1685
1618
1749
1859
1886
1825
1864
1744
1636
1652
1525
1229
1047
898
771
695
450
300
-12
-135
-52
18
31
-74
-229
-357
-454
-479
-407
-482
-693
-757
-882
-962
-923
-999
-1060
-1047
-950
-824
-723
-783
-868
-1027
-1128
-1143
-1179
-1180
-1376
-1446
-1430
-1456
-1399
-1450
-1609
-1619
-1613
-1511
-1322
-1349
-1304
-1399
-1486
-1289
-1211
-1177
-1069
-1060
-909
-824
-594
-297
-158
-205
-307
-113
-140
115
170
76
66
2
96
371
533
593
511
488
578
660
494
353
146
156
152
0
1
-104
-8
57
191
355
399
400
374
500
677
742
1044
1055
970
1105
1178
1469
1705
1766
1876
1839
1920
2026
2053
2006
1917
1860
1791
1798
1793
1674
1275
1119
1002
1098
1043
1004
797
666
620
627
703
545
566
549
543
541
528
501
522
512
526
510
455
343
227
35
-37
-170
-230
-188
-195
-309
-500
-592
-620
-592
-583
-674
-907
-989
-902
-823
-992
-1174
-1105
-1261
-1343
-1329
-1345
-1409
-1418
-1266
-1208
-1190
-1230
-1193
-1172
-1141
-1005
-791
-653
-530
-538
-479
-251
-63
20
107
3
97
380
586
601
499
404
206
141
179
117
6
-45
-232
-277
-235
-175
-116
-142
-285
-296
-256
-127
50
126
163
25
129
499
625
712
817
864
965
1118
1230
1242
1222
1236
1279
1348
1320
1264
1183
1107
934
739
646
444
389
379
244
118
88
-12
-155
-277
-403
-386
-400
-468
-428
-437
-442
-377
-331
-370
-317
-241
-254
-117
27
194
212
-144
-271
-165
-128
-76
-81
-303
-390
-614
-624
-482
-572
-726
-1126
-1114
-1190
-1152
-1259
-1360
-1421
-1645
-1633
-1501
-1346
-1202
-1135
-1248
-1185
-1051
-1006
-939
-885
-843
-870
-747
-585
-640
-529
-560
-421
-321
-228
-123
-226
-150
-159
-103
2
-8
-109
-353
-371
-434
-549
-455
-486
-568
-580
-697
-659
-631
-607
-718
-733
-605
-544
-574
-561
-340
-336
-299
44
195
365
559
571
769
837
865
988
1219
1184
1153
1223
1284
1183
1131
1217
975
931
937
854
707
507
429
292
142
64
1
-49
-272
-351
-390
-307
-398
-317
-311
-342
-289
-353
-189
-266
-104
39
251
291
278
290
375
438
457
355
366
406
308
495
424
297
199
-64
-83
-91
-28
-137
-224
-276
-489
-406
-488
-264
-179
-265
-330
-354
-308
-309
-171
-115
-161
-202
-135
-110
134
160
228
120
131
178
321
368
133
167
-158
-176
-150
6
-81
-302
-486
-494
-486
-438
-445
-729
-818
-846
-807
-787
-785
-651
-628
-694
-680
-545
-518
-565
-227
-120
-192
-305
-322
-193
-31
262
528
631
709
862
854
979
1195
1239
1191
1238
1237
1182
1241
1335
1163
879
764
682
576
605
639
400
264
-116
-17
116
180
122
-59
-20
-21
267
331
390
362
399
541
712
759
932
1154
985
1022
1068
1136
1127
1062
941
868
745
798
738
559
463
257
289
323
330
488
501
429
467
529
339
252
368
502
474
315
275
160
89
142
195
164
166
79
-14
-92
-107
-44
35
-7
4
-242
-162
-66
-208
-453
-552
-686
-945
-987
-969
-961
-1155
-1288
-1372
-1451
-1570
-1434
-1410
-1383
-1293
-1396
-1423
-1363
-1406
-1195
-1072
-984
-1060
-1061
-977
-1016
-764
-585
-416
-255
-190
-213
-218
-261
-178
98
240
268
370
358
268
396
418
410
430
320
309
238
101
85
-37
-144
27
27
54
140
-16
-133
-116
-120
46
80
-107
-262
-184
-159
-24
215
122
26
-23
-62
-31
76
76
40
-69
20
191
74
53
-17
-251
-341
-122
8
-65
-94
-108
-149
-201
-192
49
38
37
66
5
-19
10
-209
-26
130
259
141
61
145
17
-139
17
-22
1
-34
-44
-8
-136
-72
-94
-115
-106
-13
-21
-164
-203
-357
-562
-671
-513
-640
-741
-853
-1050
-1097
-1075
-880
-817
-721
-684
-786
-897
-818
-699
-522
-565
-665
-557
-490
-304
-34
127
190
260
382
433
511
541
416
447
388
641
667
779
892
948
949
762
807
831
813
933
816
581
473
498
616
625
656
589
691
590
477
421
425
674
502
525
544
506
538
620
627
569
732
704
489
522
593
543
455
431
361
271
329
290
259
295
334
340
364
416
519
653
602
747
699
522
565
572
595
632
494
469
295
120
203
395
436
303
268
133
-26
-204
-289
-331
-379
-335
-519
-678
-776
-1052
-1133
-1321
-1309
-1242
-1140
-1123
-1310
-1301
-1301
-1017
-853
-627
-613
-725
-756
-755
-580
-484
-296
-428
-615
-656
-528
-420
-298
-286
-491
-417
-268
-273
-261
-269
-196
-200
-24
-64
-61
56
-191
-163
-118
-220
-208
-202
-191
-36
144
229
242
320
488
538
531
576
656
547
488
647
603
747
844
893
876
640
621
748
1020
1107
1028
1071
972
847
967
958
927
855
721
748
701
800
743
628
707
460
590
762
1017
1029
1038
1076
1131
1120
1047
1048
1063
984
950
817
696
697
652
783
801
860
785
596
471
494
326
328
276
94
-90
-322
-384
-425
-430
-371
-497
-748
-814
-1023
-1127
-1078
-1002
-734
-786
-971
-1061
-1165
-1049
-920
-803
-581
-583
-684
-668
-608
-514
-424
-435
-446
-458
-437
-395
-231
-146
-235
-551
-482
-246
-227
-117
-240
-279
-486
-523
-505
-540
-473
-509
-639
-573
-399
-576
-671
-452
-401
-307
-259
-220
-166
-123
93
280
557
694
757
720
710
1002
1156
1025
987
1045
932
1069
1176
1302
1183
800
703
700
780
836
750
765
752
524
625
608
543
652
610
637
691
664
658
718
777
969
1014
1010
1065
823
788
819
723
865
792
644
627
585
372
461
564
324
70
-82
-73
-130
-204
-196
-369
-559
-602
-834
-732
-704
-755
-949
-987
-785
-892
-928
-820
-856
-883
-863
-770
-556
-348
-285
-166
-69
33
7
26
-158
-198
-65
3
-36
-117
-117
-178
-4
232
464
396
248
-121
-388
-503
-323
-359
-218
-188
-273
-285
-235
69
109
149
-141
-226
-327
-480
-438
-535
-712
-593
-421
-265
20
75
161
379
387
415
510
517
571
630
504
456
294
66
-57
53
121
146
105
22
-76
-157
-126
-70
-41
-12
-53
65
224
336
334
121
159
133
-59
-97
-147
-120
-192
-321
-199
-185
-58
37
31
95
-38
-164
-226
-428
-565
-623
-836
-1022
-1138
-1129
-1203
-1372
-1271
-1252
-1286
-1264
-1350
-1268
-1196
-1032
-1005
-978
-1113
-1296
-1124
-1064
-922
-781
-758
-903
-992
-833
-713
-557
-408
-333
-335
-193
-26
12
-36
30
-1
-119
1
21
11
-65
-3
2
-33
-223
-228
-60
105
143
243
197
-43
-136
-91
125
261
338
282
164
174
278
556
835
1031
1046
1171
1179
1310
1398
1488
1420
1316
1163
1110
1223
1355
1378
1546
1542
1273
1379
1472
1478
1436
1478
1308
1161
1226
1300
1500
1538
1238
1163
1131
1049
933
852
671
445
318
224
76
75
199
287
404
224
50
-107
-203
-375
-342
-643
-999
-1090
-1200
-1052
-864
-800
-753
-706
-747
-628
-716
-800
-844
-991
-876
-947
-955
-1021
-1035
-879
-987
-847
-765
-789
-854
-863
-644
-547
-383
-344
-326
-254
-277
-104
52
97
166
141
208
299
163
267
324
359
490
404
327
261
313
253
205
99
63
-40
193
256
154
165
149
290
211
328
463
522
552
703
666
591
612
784
789
704
728
545
314
371
597
826
903
836
795
858
901
1149
1303
1309
1168
969
861
782
819
767
754
510
308
186
70
127
98
61
4
-154
-111
-115
-261
-344
-460
-492
-570
-597
-526
-670
-544
-615
-617
-639
-747
-774
-763
-598
-436
-258
-330
-428
-444
-496
-370
-231
-203
-392
-474
-594
-653
-672
-532
-490
-582
-723
-835
-739
-664
-547
-558
-609
-531
-627
-535
-430
-452
-255
-298
-385
-505
-502
-465
-404
-636
-539
-452
-668
-641
-517
-385
-464
-426
-328
-390
-518
-513
-533
-524
-377
-334
-394
-375
-369
-211
-23
-53
-20
-114
-195
-57
109
245
153
140
40
28
107
297
536
512
453
494
608
644
767
779
795
807
741
729
764
747
672
516
559
520
412
317
324
491
330
78
-10
-29
-266
-193
-209
-418
-466
-621
-854
-924
-880
-723
-820
-843
-979
-1203
-1207
-1195
-1100
-1165
-1191
-1231
-1268
-1290
-1295
-1225
-1143
-1117
-1012
-990
-885
-855
-809
-1067
-1047
-944
-827
-817
-744
-553
-638
-579
-467
-342
-537
-559
-673
-735
-590
-654
-682
-576
-483
-435
-386
-401
-277
-247
-289
-208
-119
-62
-116
-178
-95
-56
-34
110
12
-55
-168
-194
-127
-50
-10
-15
186
355
354
380
376
481
573
664
761
721
821
906
1010
1021
1034
1087
1207
1127
1076
1129
1220
1288
1385
1345
1367
1513
1540
1568
1372
1292
1157
1091
992
1056
1056
1063
994
798
718
663
513
251
274
252
204
34
14
58
71
22
-77
-138
-95
-160
-276
-209
-223
-263
-141
-162
-136
-99
-153
-193
-174
-17
-150
-193
-259
-410
-249
-287
-57
-194
-329
-92
-297
-182
16
1
39
-147
-233
-220
-393
-340
-263
-348
-264
-181
-266
-375
-443
-516
-661
-581
-609
-817
-784
-841
-857
-1003
-997
-980
-869
-725
-530
-579
-535
-463
-577
-542
-482
-320
-309
-177
-297
-305
-335
-56
36
-50
-59
-167
-27
189
477
514
484
369
285
233
271
410
505
527
468
540
551
646
688
817
780
762
836
691
779
686
674
761
657
567
611
617
557
432
398
207
192
158
234
304
141
105
-88
-143
-303
-377
-452
-378
-450
-292
-173
36
44
-103
-240
-441
-292
-463
-248
-271
-450
-633
-620
-544
-661
-466
-378
-254
-210
-130
-95
-73
10
-35
-45
-221
-267
-214
-257
-167
-179
-115
-152
-91
44
182
273
160
48
-29
-25
13
194
327
311
103
-20
36
123
131
191
126
57
63
70
284
211
149
6
-87
-177
-178
-139
-46
31
-104
-108
-202
-95
196
255
279
195
136
73
31
121
35
49
135
-36
-41
26
65
122
215
227
115
23
153
103
72
155
80
-139
-232
-137
-220
-236
-174
-201
-283
-338
-361
-390
-355
-429
-508
-527
-604
-612
-542
-512
-574
-689
-747
-676
-572
-536
-621
-627
-718
-690
-714
-809
-538
-645
-797
-801
-750
-608
-671
-535
-571
-529
-526
-602
-481
-417
-376
-376
-392
-314
-422
-446
-345
-157
-88
-180
-325
-305
-347
-316
-134
-10
84
-57
-98
37
129
124
293
373
228
114
147
269
347
423
451
371
384
534
659
768
609
647
587
573
691
882
788
651
674
723
928
966
1111
1060
872
822
920
994
913
901
807
501
484
519
590
755
625
551
530
491
541
668
771
802
805
703
629
626
614
586
715
521
445
402
390
340
462
362
335
340
138
120
222
173
214
232
155
-75
-34
-15
-18
188
123
-16
-190
-211
-77
125
43
-68
-91
-62
-35
-36
16
-72
-161
-224
-15
19
35
-100
-234
-261
-281
21
133
41
9
-109
-271
-124
61
94
40
-35
-159
-210
-103
11
3
-63
-122
-120
-34
18
94
-124
-255
-437
-360
47
192
222
161
116
56
127
307
415
451
554
520
534
562
692
651
652
634
614
593
691
817
715
668
442
287
195
134
262
370
397
314
209
189
90
70
69
-97
-239
-266
-295
-443
-417
-476
-448
-523
-504
-486
-506
-404
-412
-355
-502
-540
-498
-323
-139
-29
-138
-260
-350
-248
34
97
115
53
159
166
189
207
210
171
61
16
7
49
47
27
-14
-27
5
49
87
62
-93
3
-78
-56
67
143
185
73
5
32
114
195
65
74
155
120
47
45
80
32
91
128
217
183
269
341
371
458
531
565
624
657
531
433
434
564
552
489
429
420
315
335
382
454
438
540
592
382
436
373
341
258
232
257
-18
153
229
265
240
167
101
-53
-68
-111
-111
-186
-326
-483
-640
-539
-537
-519
-462
-563
-619
-782
-675
-658
-756
-747
-801
-916
-947
-1051
-1086
-1075
-1204
-1286
-1372
-1346
-1237
-1222
-1208
-1168
-1136
-1076
-1024
-989
-898
-930
-926
-856
-836
-932
-955
-1017
-991
-789
-606
-672
-705
-698
-710
-685
-704
-662
-621
-741
-684
-512
-586
-616
-476
-445
-545
-475
-366
-349
-302
-81
-13
-77
-8
82
194
258
283
170
110
98
93
181
379
369
225
219
272
377
357
425
536
419
547
646
543
808
690
722
836
581
525
623
758
661
451
382
392
355
246
306
226
93
-3
-65
84
153
233
194
212
332
385
335
264
336
271
147
223
320
317
180
-37
128
158
174
234
309
293
194
267
382
431
531
611
514
420
457
385
272
286
215
152
64
169
101
-64
14
139
109
185
293
388
374
202
370
375
256
332
430
417
308
334
163
-17
126
197
83
74
174
220
223
285
250
-25
-71
92
110
-165
-240
-140
-246
-307
-129
-107
-207
-202
-329
-533
-527
-317
-173
-139
-128
-306
-486
-597
-427
-172
-46
46
103
-93
-109
-179
-235
-93
-122
-28
234
152
-20
-102
-83
-5
-26
-7
6
-222
-399
-249
16
236
387
337
44
-64
-68
259
341
273
141
-10
62
74
-22
20
115
6
-16
133
244
273
132
81
-49
110
197
200
265
109
105
19
85
228
238
163
21
40
-16
133
275
155
25
-133
-143
-33
78
-75
-145
-133
-388
-447
-502
-342
-223
-342
-318
-337
-540
-521
-107
-16
-59
-215
-217
-259
-131
209
343
337
278
354
389
652
764
725
651
597
518
664
721
820
678
626
560
479
765
740
652
425
171
299
346
441
574
335
203
21
62
230
244
303
120
-95
-193
-210
-177
-321
-414
-368
-412
-417
-425
-526
-548
-837
-840
-702
-594
-416
-496
-654
-586
-457
-352
-288
-358
-489
-713
-671
-664
-616
-613
-664
-803
-1064
-917
-858
-637
-583
-621
-843
-1026
-876
-762
-641
-742
-798
-960
-1168
-1096
-897
-901
-731
-871
-1001
-1057
-939
-524
-343
-348
-641
-755
-875
-954
-805
-508
-447
-622
-740
-798
-665
-599
-581
-631
-656
-681
-556
-517
-433
-385
-544
-779
-787
-453
-328
-236
-311
-253
-297
-258
41
327
364
157
-93
-189
-21
125
243
211
136
262
199
237
400
312
108
-43
145
112
208
334
237
144
34
49
78
16
-96
-127
-286
-249
-70
117
96
90
220
135
-17
46
138
70
194
214
176
121
-1
24
138
266
302
51
7
9
102
156
166
21
-48
-45
-215
-41
55
116
-64
71
85
55
77
126
306
311
329
337
207
160
12
-14
217
317
346
235
189
84
113
187
397
392
302
195
170
304
376
420
390
350
45
-162
-24
79
135
246
250
142
177
92
231
351
330
346
59
163
115
63
45
17
101
-26
-102
-286
-358
-193
-157
-125
-253
-516
-414
-364
-364
-353
-220
-274
-314
-353
-227
-153
-251
-58
38
9
-8
79
-83
-169
-183
36
207
342
583
463
412
331
383
477
546
458
388
370
362
356
442
583
490
478
434
609
586
456
408
245
76
121
107
-109
-147
-268
-95
-96
-89
-16
-165
-336
-401
-269
-168
-220
-182
-69
-52
9
41
30
30
18
186
113
66
112
61
140
219
359
411
414
226
98
257
233
312
261
132
154
203
257
523
614
580
413
217
274
284
340
540
694
536
529
535
649
658
789
886
714
667
705
665
766
873
812
538
503
550
592
728
845
979
792
739
760
573
671
717
680
703
611
600
643
622
612
659
721
720
591
594
570
486
406
461
474
379
429
424
344
396
519
356
223
87
163
69
-83
-185
-379
-564
-602
-508
-496
-675
-768
-720
-994
-1049
-895
-674
-542
-723
-743
-895
-987
-815
-687
-596
-554
-690
-719
-832
-747
-444
-333
-216
-365
-560
-606
-455
-248
-18
-75
-161
-179
-116
10
60
70
-27
-171
-85
-134
-61
-89
-122
-90
-170
-136
-76
-12
-48
12
-52
-107
-151
-34
153
164
155
253
341
190
58
6
206
285
168
257
225
229
179
260
193
-124
-256
-464
-382
-290
-336
-470
-644
-665
-611
-480
-445
-454
-397
-518
-553
-403
-273
-189
-245
-298
-390
-264
-5
108
47
-31
67
92
93
194
294
275
282
213
105
196
351
325
302
246
188
183
299
373
273
192
106
107
150
356
447
267
119
75
-36
-70
-19
-8
-52
-38
-60
-61
36
122
212
199
55
60
90
112
181
82
5
-191
-302
-219
-201
-194
-179
-119
-241
-295
-335
-361
-234
-190
-347
-598
-653
-551
-377
-228
-130
-208
-272
-248
-59
198
362
355
383
307
318
435
433
421
489
513
473
497
649
669
625
537
447
474
540
670
742
561
543
494
356
331
485
505
316
207
20
102
86
202
208
2
-72
-123
-40
88
206
110
126
72
3
50
-125
-117
-98
-49
103
201
292
292
155
94
130
176
212
132
96
36
-34
-15
50
185
143
103
112
97
71
-3
-29
-32
121
178
184
214
197
183
369
506
669
725
593
467
385
359
438
519
292
204
200
151
255
267
304
317
175
57
234
199
239
489
517
584
474
359
480
711
577
626
579
509
698
807
912
826
810
731
708
825
1021
1046
1000
950
951
934
863
955
897
863
870
792
708
726
498
322
272
81
171
161
172
377
86
127
203
212
380
366
310
155
-56
-241
-172
2
-49
-109
-265
-371
-376
-370
-157
-237
-202
-414
-486
-464
-369
-333
-412
-385
-769
-1055
-1076
-1059
-943
-993
-1076
-1036
-1145
-1163
-1022
-965
-834
-826
-914
-868
-885
-944
-900
-885
-926
-1052
-980
-1090
-1005
-961
-929
-897
-963
-757
-578
-287
-430
-521
0
0
0
0
0
0
0
0
0
0
0
0
0
0
0
0
0
0
0
0
0
0
0
0
0
0
0
0
0
0
0
0
0
0
0
0
1
0
0
0
0
-1
0
0
0
0
0
0
0
0
0
0
0
0
0
0
0
0
0
0
0
0
0
0
0
0
0
0
0
0
1
0
0
0
0
0
0
0
0
0
0
0
0
0
0
0
0
0
0
0
0
0
0
0
0
0
1
1
0
0
0
-1
1
1
0
0
0
0
0
0
0
0
0
0
0
1
0
0
0
0
0
0
0
0
0
0
0
0
0
0
0
0
0
0
0
0
0
0
0
0
0
0
0
0
0
0
0
1
0
1
0
0
0
0
0
0
1
0
0
1
-1
0
0
0
0
0
0
0
0
0
0
0
-1
0
-1
0
0
0
0
0
-1
0
0
0
0
0
0
0
0
0
0
0
0
0
0
0
-1
0
0
0
0
0
0
1
0
0
0
0
0
0
0
0
0
0
0
0
0
0
0
1
0
1
0
0
0
0
1
0
0
0
-1
0
0
0
0
0
0
0
0
0
0
0
0
0
0
0
0
0
0
0
0
0
0
0
0
0
0
0
0
0
0
0
0
0
0
0
0
0
0
0
0
0
0
