0
0
0
0
0
0
0
0
0
0
0
0
0
0
0
0
0
0
0
0
0
0
0
0
0
0
0
0
0
0
0
0
0
0
0
0
1
0
0
0
0
-1
0
0
0
0
0
0
0
0
0
0
0
0
0
0
0
0
0
0
0
0
0
0
0
0
0
0
0
0
1
0
0
0
0
0
0
0
0
0
0
0
0
0
0
0
0
0
0
0
0
0
0
0
0
0
1
1
0
0
0
-1
1
1
0
0
0
0
0
0
0
0
0
0
0
1
0
0
0
0
0
0
0
0
0
0
0
0
0
0
0
0
0
0
0
0
0
0
0
0
0
0
0
0
0
0
0
1
0
1
0
0
0
0
0
0
1
0
0
1
-1
0
0
0
0
0
0
0
0
0
0
0
-1
0
-1
0
0
0
0
0
-1
0
0
0
0
0
0
0
0
0
0
0
0
0
0
0
-1
0
0
0
0
0
0
1
0
0
0
0
0
0
0
0
0
0
0
0
0
0
0
1
0
1
0
0
0
0
1
0
0
0
-1
0
0
0
0
0
0
0
0
0
0
0
0
0
0
0
0
0
0
0
0
0
0
0
0
0
0
0
0
0
0
0
0
0
0
0
0
0
0
0
0
0
0
617
613
626
520
427
265
184
106
-63
-110
-136
-191
-180
-189
-131
-46
53
153
148
12
-2
60
6
58
84
106
109
35
-136
-210
-293
-300
-389
-319
-279
-251
-345
-484
-631
-640
-732
-856
-822
-930
-932
-978
-954
-922
-996
-1043
-885
-756
-707
-590
-336
-166
-222
-119
-253
-306
-305
-314
-202
-131
-29
-127
-15
27
-171
-177
-239
-328
-451
-326
-369
-501
-591
-791
-633
-805
-747
-696
-717
-700
-842
-960
-884
-999
-1054
-1019
-909
-896
-868
-759
-719
-648
-602
-537
-506
-530
-612
-539
-456
-489
-408
-350
-383
-305
-245
-458
-484
-372
-386
-263
-276
-145
-119
-131
-239
-299
-324
-359
-242
-297
-336
-307
-195
-279
-297
-248
-270
-244
-93
152
287
347
353
354
393
343
303
343
375
473
411
487
472
458
447
326
184
164
343
459
437
425
262
49
-51
-120
-109
-65
-112
-155
-209
-247
-262
-244
-241
-88
-36
137
149
264
288
289
260
117
39
61
211
84
207
246
179
139
214
56
73
52
-5
73
142
172
121
68
128
201
124
221
459
612
515
529
526
405
276
243
202
10
33
44
180
235
292
365
425
351
55
-84
13
-61
80
185
244
186
156
32
-249
-414
-570
-466
-563
-405
-415
-331
-315
-450
-505
-380
-367
-350
-393
-493
-490
-527
-505
-419
-447
-499
-400
-393
-285
-285
-228
-176
-141
-113
-236
-249
-280
-262
-171
-228
-196
-178
-208
-224
-362
-153
-267
-259
-76
-13
77
-52
-124
-305
-386
-436
-406
-268
-184
-232
-252
-364
-428
-453
-465
-562
-465
-468
-324
-175
-62
84
183
297
267
344
387
361
549
589
730
751
632
612
534
504
585
637
661
668
635
615
503
438
348
277
296
271
326
380
443
272
229
185
28
-66
-37
-173
-67
85
99
166
124
167
-84
-61
-197
-217
-104
-92
-151
-171
-30
-150
-148
-110
-204
-264
-61
-3
-146
-81
-40
54
11
-169
-207
-32
-67
25
11
-130
-150
-91
-147
-176
14
-4
-18
-120
-143
-228
-357
-313
-266
-200
-245
-260
-214
-271
-306
-210
-121
-119
-144
-146
-156
-115
-136
-142
-134
-132
-269
-439
-442
-502
-491
-477
-510
-580
-650
-687
-686
-694
-750
-736
-813
-846
-743
-720
-723
-820
-824
-702
-736
-664
-762
-832
-635
-633
-649
-669
-707
-661
-737
-839
-646
-624
-574
-333
-485
-514
-401
-471
-430
-399
-287
-250
-273
-283
-442
-575
-540
-406
-429
-272
-60
-42
-60
5
-6
-99
-98
-25
14
43
14
-52
-9
-58
-9
-115
-110
-128
-126
7
-94
-32
-52
-16
-54
-81
-56
-85
-234
-308
-425
-336
-264
-175
-87
-121
-161
-209
-111
-246
-294
-248
-396
-527
-517
-613
-594
-437
-563
-512
-454
-306
-120
-183
-105
-85
-230
-260
-184
-384
-394
-345
-163
-34
-59
-19
-32
35
-140
42
64
148
254
149
208
123
266
344
346
502
634
753
801
748
613
668
768
919
1039
1118
996
888
910
896
888
896
983
860
864
754
668
624
635
671
579
554
473
647
590
387
394
397
370
434
359
290
307
163
212
182
255
350
357
405
341
230
326
232
218
266
297
332
280
311
204
175
141
174
184
181
270
273
372
305
253
141
61
-14
41
119
65
244
251
147
143
46
-1
142
193
388
447
502
568
544
469
535
525
602
660
507
526
373
198
108
152
233
252
306
175
95
182
65
91
169
200
210
218
280
300
223
123
172
187
78
79
35
75
161
128
49
96
113
26
-75
-69
-68
-6
-12
-101
-162
-98
-9
66
137
180
209
158
168
302
266
326
450
448
598
480
492
573
408
487
541
486
609
604
532
610
648
613
618
604
634
646
729
804
873
765
770
787
850
832
749
699
643
717
766
741
766
786
532
572
457
392
409
566
556
522
530
495
504
483
453
382
372
218
273
222
192
149
-52
-37
-28
-42
3
-54
-40
22
-46
54
97
278
311
276
392
546
537
527
534
481
589
646
833
781
725
581
590
484
301
157
113
343
349
482
419
410
371
374
368
470
528
522
451
468
450
190
200
-40
-51
3
26
81
-6
-12
-126
-235
-170
-90
-12
78
29
-22
-77
-192
-159
-147
-126
-111
-71
-113
-162
-193
-238
-371
-376
-343
-417
-487
-575
-641
-817
-843
-1065
-1229
-1131
-1284
-1160
-1001
-849
-628
-592
-551
-530
-454
-366
-339
-286
-283
-268
-462
-564
-567
-573
-659
-684
-655
-786
-896
-972
-944
-993
-884
-961
-1101
-910
-821
-849
-840
-740
-495
-380
-267
-350
-303
-232
-303
-220
-91
63
86
136
209
121
4
-130
-81
-159
-150
-26
50
-9
-155
-101
-43
-10
154
131
197
327
227
309
259
229
160
110
144
36
-13
-104
-161
-116
-48
-191
-403
-410
-442
-329
-411
-211
-126
-44
72
122
70
-64
-177
-318
-260
-232
75
209
334
177
54
-92
-168
-213
-214
-251
-236
-149
-262
-208
-245
-142
-108
-48
-42
-164
35
113
194
229
178
311
348
334
177
157
302
239
378
331
239
177
84
28
30
-11
95
41
-230
-337
-313
-119
-30
78
149
-49
91
73
6
-65
-27
16
-1
24
62
78
-166
-285
-340
-517
-502
-373
-444
-290
-328
-544
-553
-472
-488
-672
-523
-484
-467
-264
-336
-356
-316
-367
-303
-171
-284
-223
-192
-62
60
131
139
222
125
-28
-53
-6
75
-37
-61
21
4
-74
-87
-102
-2
-122
-187
-63
-79
-34
141
169
247
482
495
453
527
520
611
704
784
739
669
698
582
467
445
372
354
317
249
412
483
393
396
380
190
221
247
219
290
214
155
217
329
225
182
178
127
-27
34
12
57
184
102
190
189
277
186
82
31
25
38
-18
86
13
-47
3
65
114
29
127
143
122
170
347
432
400
379
370
313
187
261
280
248
234
286
470
317
400
215
243
196
144
82
10
65
102
42
32
292
327
305
127
372
520
613
771
825
805
786
562
454
225
182
53
-147
-210
-239
-285
-381
-423
-586
-820
-909
-1017
-1199
-980
-886
-841
-651
-665
-725
-829
-800
-851
-743
-626
-625
-523
-410
-285
-318
-241
-456
-618
-880
-824
-796
-818
-535
-608
-572
-786
-1023
-988
-1053
-995
-983
-988
-981
-955
-1027
-986
-1011
-1168
-1027
-1064
-1090
-1003
-972
-955
-1048
-1097
-1107
-1104
-1100
-958
-1043
-1281
-1188
-1279
-1115
-1074
-1159
-1039
-886
-894
-807
-716
-630
-364
-351
-166
-126
-194
-312
-188
-65
27
18
-102
-287
-319
-469
-470
-494
-348
-274
-307
-316
-509
-506
-475
-368
-327
-128
-147
24
117
130
0
-3
226
236
371
373
255
257
236
180
316
363
427
465
267
340
306
202
223
322
421
515
634
659
624
522
488
461
561
621
725
896
879
980
956
948
936
1043
1010
867
1001
982
991
995
841
640
564
532
472
570
563
420
490
406
311
354
216
315
393
365
384
288
107
-136
-337
-564
-467
-374
-411
-344
-548
-567
-514
-596
-611
-576
-462
-310
-216
-210
-2
-61
-68
-40
-104
41
79
50
-13
-105
-229
-176
-358
-517
-597
-493
-563
-670
-514
-455
-238
-259
-314
-285
-251
-157
-140
-175
-111
-115
-257
-395
-394
-237
-194
-95
-28
75
217
198
114
131
244
344
301
316
250
133
188
49
80
115
138
180
124
81
87
35
73
190
244
300
164
172
101
95
264
372
456
435
461
534
524
530
515
514
598
786
877
818
968
982
814
881
997
1029
1253
1313
1275
1229
1217
1088
935
847
903
816
646
697
549
777
761
876
915
850
800
773
735
758
874
981
1142
1009
836
753
684
655
739
882
923
878
819
707
621
495
393
549
730
744
646
740
756
686
488
480
567
362
382
274
199
11
31
-43
-82
-87
-132
-47
-100
-116
31
87
246
265
455
663
532
666
641
887
869
673
650
427
359
343
346
320
316
290
298
159
-18
-98
-121
-178
-74
-117
-205
-382
-614
-729
-849
-902
-1024
-947
-945
-1015
-932
-897
-676
-534
-485
-448
-462
-481
-533
-506
-468
-395
-370
-428
-639
-668
-652
-639
-699
-713
-705
-630
-540
-571
-547
-413
-401
-497
-499
-341
-395
-350
-392
-316
-285
-345
-269
-232
-217
-72
16
75
280
429
424
382
318
241
185
159
249
243
167
293
317
220
192
25
-109
-252
-270
-107
-146
-308
-381
-655
-817
-811
-698
-489
-408
-257
-85
-276
-275
-169
-187
-93
-39
-82
-30
-24
134
390
322
412
394
435
313
312
196
24
61
60
165
198
174
142
121
27
-74
-61
-149
-165
-294
-185
-147
32
207
239
349
323
367
387
300
177
210
339
357
315
137
-150
-295
-354
-354
-303
-253
-214
-294
-274
-334
-369
-388
-483
-484
-494
-411
-316
-182
4
-30
-207
-178
-383
-564
-686
-696
-595
-638
-534
-456
-602
-588
-600
-700
-670
-720
-567
-327
-270
-176
-332
-275
-476
-763
-861
-860
-766
-851
-777
-741
-807
-940
-1011
-879
-790
-686
-671
-553
-369
-475
-442
-386
-473
-492
-561
-687
-769
-920
-907
-738
-849
-808
-923
-938
-918
-886
-728
-648
-396
-480
-405
-364
-359
-238
-12
17
-26
-118
-210
-222
-209
-14
84
25
19
44
-119
-97
-34
-71
83
200
385
495
598
805
732
706
744
792
811
788
860
933
892
838
925
1041
907
833
862
680
475
508
502
625
736
699
771
470
227
129
20
43
101
133
168
174
232
270
285
238
197
233
541
592
609
539
546
327
250
27
-240
-142
-138
-5
35
177
73
0
33
36
62
65
45
134
142
170
114
163
245
254
279
160
97
126
128
119
144
184
222
336
367
369
269
321
155
222
155
40
77
143
162
199
-12
-169
-326
-414
-417
-390
-218
-365
-246
-336
-340
-329
-202
-125
-236
-279
-364
-211
-115
-185
-411
-496
-522
-769
-744
-727
-712
-646
-631
-601
-553
-450
-321
-368
-300
-155
-158
-127
-155
-240
-208
-201
-135
-261
-350
-386
-298
-427
-469
-236
-41
11
47
218
229
227
135
58
108
243
259
416
498
528
594
386
193
44
10
-21
-18
18
-170
-113
-104
-50
-154
-325
-149
-158
-90
74
70
95
276
267
285
286
221
222
8
-65
-83
-62
-26
-18
-66
-88
84
140
106
198
155
110
118
201
295
261
191
-13
-8
4
-134
-137
-208
-101
-188
13
107
153
104
101
127
198
176
239
240
335
404
312
449
114
-51
-292
-408
-308
-60
89
99
60
-29
-218
-397
-397
-398
-198
-97
92
209
79
97
-135
-213
-241
-320
-122
-57
127
162
128
-98
-120
-186
-333
-315
-425
-438
-425
-462
-449
-322
-459
-182
-61
-182
-193
-348
-431
-455
-361
-381
-165
-175
-81
68
49
167
218
156
74
76
129
178
204
191
41
-183
-514
-629
-549
-555
-549
-389
-335
-602
-626
-646
-631
-426
-355
-176
-140
50
165
54
-88
-31
158
118
-11
9
-34
-274
-411
-288
-237
-239
-162
-348
-435
-345
-461
-412
-314
-267
-171
-74
-14
-2
-21
-110
-123
-162
-150
-116
26
72
310
299
335
322
202
239
199
218
290
425
704
878
781
715
547
225
190
39
4
128
258
356
314
231
70
49
-85
-22
143
160
262
56
-129
-80
8
-98
-4
-1
180
232
175
321
346
411
376
247
210
179
156
402
446
586
636
568
584
516
658
696
679
639
398
351
278
313
476
525
560
581
441
403
377
328
393
389
449
338
318
300
298
206
-60
-152
-237
-108
62
279
224
138
138
125
142
133
274
463
531
522
598
646
650
732
659
380
273
253
282
392
508
540
499
555
318
299
372
385
531
557
497
358
379
333
372
605
529
367
217
258
261
160
360
591
712
916
962
612
585
689
428
441
555
649
571
551
509
291
103
-172
-187
-225
-181
-81
-101
-148
-234
-297
-290
-480
-565
-459
-154
-124
-184
-135
-278
-421
-457
-345
-199
-73
-62
-82
-166
-83
64
52
32
-52
11
8
66
-44
-312
-154
-111
-103
-15
-34
68
-8
-43
-125
-236
-300
-306
-283
-180
50
-178
-109
-121
-340
-571
-574
-495
-358
-77
-109
-56
-131
-312
-477
-529
-485
-496
-463
-287
-354
9
-5
-196
-339
-478
-294
-419
-306
-167
-423
-531
-480
-585
-612
-591
-517
-654
-713
-723
-763
-714
-683
-494
-532
-579
-601
-635
-537
-459
-270
-271
-273
-195
-350
-306
-189
-335
-421
-393
-298
-327
-344
-156
-20
102
81
122
-75
-260
-309
-503
-283
-240
-345
-299
-436
-403
-495
-461
-445
-568
-655
-883
-856
-827
-698
-703
-648
-495
-472
-389
-281
-166
-200
-185
-118
-80
-137
-212
-295
-280
-252
-361
-470
-541
-573
-551
-609
-765
-762
-784
-693
-513
-405
-504
-531
-469
-506
-472
-402
-256
-195
-212
-116
-251
-322
-254
-180
-60
109
90
-13
-162
-263
-336
-254
-184
-168
22
175
3
-117
-289
-433
-427
-316
-248
-195
24
88
71
46
-154
-271
-326
-405
-333
-54
264
266
247
-25
-83
-206
-286
-126
-13
159
244
188
89
-124
-244
-143
-23
57
36
29
-47
-130
-112
-82
-78
-114
-212
-47
23
-162
-344
-623
-739
-576
-565
-366
-322
-325
-378
-581
-622
-652
-542
-399
-157
-138
10
-45
-172
-208
-391
-329
-275
-179
-141
-103
-51
30
-23
-59
8
144
425
616
722
750
812
806
742
755
562
595
442
483
489
350
363
468
651
827
888
800
583
489
537
714
787
789
882
957
974
886
858
1041
996
832
885
928
893
822
809
737
715
656
476
386
363
297
408
536
515
466
218
74
128
57
-85
-31
-116
-140
35
32
31
137
-109
85
106
-71
7
96
144
203
128
3
94
-25
-73
-77
-38
-82
-116
-219
-224
-249
-188
-220
-257
-339
-228
-315
-491
-736
-899
-830
-839
-820
-740
-652
-669
-572
-783
-724
-741
-648
-405
-223
-7
-17
-138
-233
-372
-280
-270
-76
69
82
225
152
182
175
40
56
176
217
354
373
411
577
571
461
292
203
97
328
639
763
760
436
393
320
261
384
411
587
608
484
482
417
330
551
678
593
613
401
313
498
464
415
247
285
196
299
286
226
218
169
62
-136
-247
-274
-379
-437
-338
-461
-474
-756
-834
-851
-817
-711
-739
-915
-1145
-1135
-1240
-1206
-966
-1015
-1073
-1036
-1011
-1099
-1013
-851
-1098
-1035
-1107
-973
-898
-841
-675
-806
-902
-1041
-997
-997
-817
-710
-594
-623
-732
-744
-957
-917
-949
-853
-701
-395
-368
-315
-290
-232
-80
-176
33
21
208
443
641
827
955
1078
1114
1210
1423
1558
1787
1897
1758
1838
1804
1781
1694
1925
2135
2260
2486
2594
2620
2636
2713
2922
3165
3260
3252
3229
3298
3194
3197
3204
3086
3217
3278
3366
3511
3521
3367
3265
3181
3117
3076
3099
3022
2748
2611
2304
1988
1888
1824
1530
1297
1006
648
254
-120
-593
-1185
-1530
-1684
-2110
-2354
-2667
-3124
-3422
-3894
-4186
-4540
-4830
-5185
-5417
-5611
-5796
-6033
-6398
-6830
-7143
-7351
-7439
-7462
-7415
-7358
-7627
-7743
-7855
-8060
-8022
-7871
-7709
-7681
-7728
-7731
-7841
-7823
-7757
-7642
-7462
-7232
-6664
-6186
-5602
-4987
-4253
-3814
-3659
-3057
-2252
-1165
-45
1075
1751
2460
3154
4199
5401
6724
7834
8670
9548
10233
11163
11947
12452
12863
13115
13088
13164
13056
12903
12657
12664
12572
12325
11572
10656
9832
9201
8719
8314
7937
7305
6776
6351
6043
5665
5582
5366
5231
5132
4996
4973
4796
4701
4484
4338
4231
3966
3498
3104
2759
2322
2021
1403
900
373
75
-163
-650
-1181
-1705
-2259
-2839
-3255
-3629
-4097
-4477
-4801
-5040
-5166
-5478
-5805
-6121
-6282
-6314
-6428
-6653
-6805
-7002
-7098
-7313
-7622
-8103
-8243
-8383
-8729
-8839
-9054
-9334
-9629
-9867
-10221
-10676
-11104
-11768
-12483
-12900
-12419
-10977
-9231
-9156
-10618
-11655
-11713
-10644
-8709
-6387
-5489
-5518
-5421
-4647
-2063
418
2460
3104
4021
6195
8263
10377
11057
12632
13927
14554
15282
14834
14696
14264
15245
16216
16109
15444
13725
12309
10745
10041
9409
8129
6979
6138
6174
5724
4844
3726
2800
2353
1954
2328
2291
2509
2829
2726
2866
2768
3038
2967
3028
3444
3884
4164
3563
3198
2708
2500
2638
2765
2735
2213
1760
1259
662
2
-738
-1276
-1681
-1504
-1364
-1516
-2198
-3304
-3920
-3805
-3462
-3659
-3732
-3952
-3955
-3664
-3502
-3736
-4164
-4566
-4672
-4394
-4000
-3734
-3864
-4117
-4319
-4441
-4815
-5396
-6178
-6727
-7183
-7613
-7719
-8258
-9104
-10013
-10913
-11618
-12377
-12924
-13604
-14002
-14066
-13452
-12140
-10827
-10917
-12087
-12759
-12641
-11059
-9079
-6463
-5396
-5060
-4211
-3099
-314
2003
4241
5122
6322
8541
10334
12526
13064
14696
15775
16308
16937
15884
15587
14979
15938
16691
16369
15839
13721
12700
11093
10587
9758
8375
7512
6348
6502
5991
5563
4889
3795
3190
2573
3049
2955
3102
3046
2513
2337
2030
2255
2137
2410
2602
2740
2456
1821
1542
1221
1333
1421
1431
882
23
-455
-1142
-1519
-2199
-2704
-3466
-3918
-3788
-3687
-3722
-4310
-5028
-5633
-5592
-5297
-4906
-4563
-4880
-4776
-4416
-4225
-4200
-4591
-5020
-5204
-5089
-4882
-4898
-5222
-5542
-5827
-5633
-5878
-6323
-6967
-7829
-8273
-8849
-9127
-9660
-10670
-11718
-12543
-13118
-13636
-14165
-14969
-15645
-16059
-15873
-14962
-13266
-11858
-12268
-13169
-13558
-12684
-10605
-8250
-5832
-4860
-4061
-3219
-1581
1145
3085
4848
5634
7568
9654
11601
13068
13650
15368
16126
17259
17038
16326
15819
15623
17199
17320
17280
15613
14123
13059
11786
11638
10001
8963
7500
7335
7625
6757
6350
4756
3991
3617
3861
4441
3860
3864
3402
3550
3378
3428
3715
3565
3919
4202
4436
3874
3454
3118
2947
2984
3050
2945
2642
2555
2407
2006
1265
317
-415
-721
-633
-499
-539
-969
-1578
-2056
-2185
-2228
-2253
-2618
-2980
-3160
-3122
-2719
-2495
-2441
-2946
-3471
-3676
-3867
-4163
-4602
-5052
-5415
-5458
-5450
-5732
-6651
-8064
-9162
-10032
-10504
-10983
-11661
-12567
-13460
-14067
-14915
-15760
-16697
-17816
-18650
-19292
-19333
-18230
-16741
-15630
-16266
-17143
-17417
-16739
-14744
-12442
-9917
-9024
-8137
-7209
-5573
-2649
-235
1985
3194
5456
7483
9853
11597
12422
14425
15395
16548
16713
16526
16541
16748
17955
17684
17149
15620
14532
13782
12965
12634
11162
10099
8842
8593
8433
7611
6837
5687
5594
5724
6094
6399
6193
6099
5921
6280
6073
6322
6774
7224
8138
8476
8267
7391
6821
6483
6448
6535
6317
5931
5293
4787
4389
3719
2464
1369
440
-95
-213
-429
-800
-1378
-1724
-2077
-2423
-2811
-3204
-3471
-3759
-3686
-3591
-3319
-3182
-3436
-3714
-4040
-4045
-4394
-4919
-5399
-5759
-6068
-6152
-6248
-6711
-7299
-8349
-9448
-10395
-11320
-12307
-13183
-14115
-14945
-15513
-16323
-17148
-18159
-19253
-20112
-20767
-20903
-20408
-19020
-17385
-16509
-17028
-17502
-16827
-15282
-13200
-10769
-8846
-7897
-6511
-4764
-1866
943
3236
5100
6527
8712
10842
13281
14464
15397
17169
18542
19783
19690
19514
18943
19049
19579
19373
18959
17147
16444
15336
14231
13219
11348
10267
9203
9418
8930
8160
7044
6168
6644
6708
7185
6719
6318
6406
6738
7439
7173
6880
6793
7224
7917
8157
7734
6533
5399
4378
4154
4057
3518
2954
2166
1632
800
-194
-1337
-2674
-3486
-3775
-3896
-3972
-4362
-4818
-5182
-5363
-5454
-5816
-6201
-6525
-6503
-6338
-6070
-5746
-5494
-5369
-5642
-5900
-6333
-6892
-7186
-7491
-7498
-7734
-7839
-7894
-8527
-9357
-10176
-11156
-11786
-12296
-13054
-13978
-15152
-15720
-16206
-16540
-17097
-18021
-18992
-19676
-19890
-19549
-18700
-17554
-16203
-15432
-15408
-14941
-14153
-12698
-10733
-8462
-6437
-5146
-3679
-2269
252
2798
5460
7418
9218
11621
13537
15600
16380
17802
19226
20880
21966
21703
21536
20411
20759
21130
21268
20472
18773
18010
16634
16099
14825
13455
12304
11258
11012
10249
9758
8522
8133
7961
7937
7845
7111
7060
6958
7471
7595
7344
6970
6714
6922
7067
7419
6396
5577
4669
4097
3836
3342
2571
1465
1463
1098
666
-263
-1268
-2309
-3053
-3409
-3883
-4133
-4746
-4779
-4785
-4691
-4852
-5195
-5384
-5924
-5918
-5250
-5068
-5259
-5204
-5025
-4957
-5053
-5553
-6794
-7114
-6993
-7872
-7967
-7573
-7456
-7225
-8255
-8824
-9434
-10690
-11827
-12746
-14134
-14621
-14979
-15735
-16185
-17187
-17843
-18591
-18937
-19397
-19741
-19329
-18380
-17184
-15561
-14259
-14495
-13930
-12538
-10775
-9070
-6613
-5032
-3809
-2049
57
2789
4514
7167
9163
10471
12020
13488
15098
15769
17750
18895
19641
19506
18422
17834
17130
17547
17347
16293
14870
13968
13703
12664
11778
10689
10107
9427
9399
9662
9486
9363
9243
10094
10641
11112
11142
11181
11352
11466
11629
11244
10823
10903
11552
11435
10317
8675
6904
5838
5023
4619
3934
2564
1628
1100
611
209
-520
-1359
-2224
-3180
-3912
-4338
-4597
-4372
-3507
-2962
-3100
-3857
-4467
-4523
-3790
-3055
-2733
-2901
-3298
-3563
-3695
-4060
-5034
-5679
-6264
-6770
-7429
-8244
-9047
-9979
-10785
-11234
-11441
-12087
-12614
-13072
-13810
-14790
-15571
-16549
-17842
-19140
-19998
-20844
-21663
-22364
-23347
-24292
-25065
-24530
-23238
-20453
-15900
-11704
-10471
-10086
-8561
-6535
-4476
-1538
2096
5148
6957
9403
13113
16253
18057
19566
20111
19610
18988
18761
18606
17899
16900
15427
12034
8169
5083
2299
1370
2142
3004
3315
4258
5875
5735
5199
5492
5180
6759
8881
12553
15186
17111
18041
18173
17759
16419
15357
14742
14978
14614
13593
12526
11309
8807
6499
5740
4922
3180
417
-1645
-2338
-2529
-1648
-685
82
208
54
-167
78
442
1092
1824
2198
2618
2246
1498
37
-268
-1079
-2548
-3248
-4289
-5323
-6122
-6479
-6470
-6340
-6839
-7895
-8626
-9138
-10042
-10016
-9167
-8900
-8745
-8689
-9055
-9520
-9638
-10037
-11081
-11991
-12302
-12635
-12875
-13617
-15451
-18234
-20851
-23397
-25376
-26093
-26386
-26929
-27676
-29572
-31290
-31943
-31046
-28119
-25055
-18761
-10149
-3573
-2392
-1426
1003
2650
4636
8657
14390
18692
20231
22415
24789
25980
24762
23647
20820
18758
17805
16667
15399
13264
10990
6031
1060
-3654
-6948
-7824
-5033
1581
7599
12105
14010
15568
15339
14459
14444
16072
19197
22163
25794
26993
25300
21001
16600
11825
7343
5020
4993
6081
6537
6511
4683
930
-3135
-5013
-5088
-3869
-538
4167
8983
10610
8865
6169
3709
2806
3643
4871
5843
6860
5757
2702
125
-2882
-6639
-9809
-10878
-10366
-9245
-8263
-7091
-6128
-5784
-6044
-6174
-5974
-5323
-3608
-1217
1606
2769
1728
-399
-3063
-6321
-8405
-8898
-8679
-8265
-7815
-8629
-11562
-14950
-17278
-19238
-20838
-20641
-18958
-17427
-16396
-16439
-18231
-21223
-23112
-24157
-25246
-24098
-21843
-21658
-23201
-23966
-22919
-22684
-21261
-12635
-951
2536
-319
973
2227
2945
4478
9599
14268
17271
18758
21415
24963
25687
25562
22792
19745
19082
18698
17238
14613
12845
8696
3324
-2694
-7155
-9730
-9315
-4089
4208
11007
13830
16085
16890
14687
12427
13559
16786
19413
22785
25622
24839
21371
17283
11557
5699
2284
2747
4169
5767
7078
5783
2388
-1182
-3605
-5654
-5178
-1176
4348
8144
9380
9128
6355
3378
1862
1239
1081
1023
1794
2397
2525
532
-2926
-6302
-9649
-11588
-10666
-8254
-5900
-2807
-112
1305
1073
405
-389
-776
527
2375
3189
2691
1780
26
-2930
-6011
-7946
-9086
-9786
-9915
-9088
-8355
-9787
-11851
-13051
-14852
-17181
-17820
-16205
-14213
-13435
-13157
-12589
-13887
-16365
-17975
-19377
-21878
-22514
-21290
-21971
-24388
-26209
-25983
-24586
-23700
-18687
-7420
544
-947
-1053
1844
3607
5430
9122
14134
17480
20069
21476
24346
25874
26126
23203
18863
17638
17504
16321
13293
11617
9111
4379
-662
-5374
-8668
-9858
-5770
2287
10534
16103
20114
22136
21008
18248
16938
17931
19189
22170
24925
26094
23491
18427
11656
4392
-1178
-3206
-1158
1139
3003
2386
210
-2655
-5466
-7320
-8216
-5912
-2001
3044
8124
11766
10188
5705
2656
-249
-1533
-2056
-820
909
2338
-164
-4618
-8260
-11374
-12685
-11952
-9064
-5010
-999
999
2027
2811
2163
594
-1009
-1781
-1564
-1550
-1397
-969
-2465
-5343
-6864
-8305
-9775
-10954
-11042
-9338
-7616
-8344
-10030
-10937
-13217
-16367
-18917
-18744
-17209
-15128
-12706
-10724
-10233
-12160
-15339
-18781
-20688
-21624
-20519
-20047
-20827
-23252
-26562
-29768
-29671
-27657
-23146
-11062
1085
3024
2025
4659
6430
7661
9484
14543
19777
22821
23566
26199
28773
28504
26288
21922
18959
18107
18001
16232
13945
12062
9602
4544
-2793
-8015
-9521
-6675
596
10802
18779
23153
25289
24968
21804
17480
15561
16054
18479
21747
23672
21896
17592
11392
3057
-3971
-6997
-5482
-2386
923
2459
987
-1695
-4947
-7691
-8647
-7232
-3738
1133
6767
9698
9199
6419
2554
-1025
-2934
-3656
-3395
-1500
-979
-2243
-4805
-7375
-9022
-9397
-8514
-6334
-2064
1094
2980
4530
5226
4392
2639
169
-2404
-3631
-4185
-3807
-4318
-5787
-7093
-7549
-8784
-10674
-11271
-10892
-9916
-9480
-10275
-11156
-11989
-13800
-15729
-16365
-16463
-16071
-14273
-11356
-9454
-10040
-10967
-11352
-12954
-16244
-18636
-18786
-18482
-19366
-20373
-21374
-23876
-27745
-30153
-28782
-24870
-21947
-12170
5094
14166
10329
8908
11499
12132
13502
17092
21624
24281
24822
24619
26641
28569
29003
24980
19582
18072
18429
16693
12727
11187
10426
8191
3054
-2439
-5884
-6281
-1884
8046
17776
22502
25627
26684
23685
17400
13111
11783
12044
14087
16661
17107
14837
11115
5109
-1664
-6359
-7369
-6169
-4016
-1760
-2319
-3753
-5592
-7386
-7653
-5522
-1859
2166
5525
9044
12279
11869
7982
3669
707
-2121
-4207
-3624
-3244
-2929
-1191
-418
-1696
-2831
-2719
-2774
-1968
-952
675
1818
1637
419
-632
-2120
-4951
-6573
-7995
-9012
-8787
-7179
-5746
-4255
-4447
-5100
-5860
-8892
-12678
-14002
-13385
-13810
-13501
-12097
-11075
-11132
-11437
-11914
-11828
-11657
-10549
-8616
-7966
-7618
-7157
-9031
-13587
-17592
-19047
-19221
-20641
-20894
-20389
-21278
-23782
-23686
-21837
-19743
-11547
2742
11241
9382
10222
13192
14054
13986
16838
21186
23195
23914
25210
28390
29344
28318
23833
18690
15037
13340
11425
8416
6758
6120
4979
-186
-6672
-10934
-10837
-7288
1466
10659
16215
19831
21062
18357
11899
7905
6291
7172
10094
13773
15229
13858
10570
3822
-3882
-9938
-11322
-10587
-8860
-6255
-5273
-6228
-6708
-6508
-7028
-5958
-2959
525
4528
9526
12491
11156
7744
4038
47
-2340
-3901
-3579
-2038
-1114
-1459
-1056
-1032
-2483
-4136
-5133
-4955
-5218
-4972
-3419
-2114
-2318
-1528
-1404
-4111
-6736
-7303
-7996
-8449
-6842
-4959
-3460
-2799
-3990
-6467
-9718
-13544
-15141
-14040
-12352
-10983
-8636
-6308
-6369
-8943
-10861
-11242
-10866
-9821
-8087
-6432
-5312
-5420
-8306
-12159
-15151
-18104
-20818
-20179
-17775
-17948
-20254
-21919
-22274
-20113
-16963
-8813
6775
15570
12127
11357
14685
15992
16643
18356
20936
23318
24133
23594
23913
24740
24809
20561
14913
12414
11531
9746
7412
6978
6605
4512
-133
-5612
-9452
-9791
-6108
2772
12460
17705
20146
21031
19086
13704
9381
7298
6832
8616
11849
13021
11405
7451
1145
-6185
-11770
-12589
-10391
-6958
-3506
-1089
-20
-362
-1679
-2837
-2158
163
3485
6674
10517
11600
7994
3208
-26
-2854
-5088
-5954
-6374
-5758
-4102
-2909
-2862
-3815
-5643
-6671
-7009
-6681
-6025
-4836
-3773
-1973
-592
-127
-559
-2117
-3827
-4273
-5081
-6880
-7138
-5315
-3579
-3777
-4648
-6248
-7918
-10550
-12538
-11459
-10239
-9500
-8133
-5717
-5215
-5804
-6323
-5970
-5277
-5007
-4340
-3327
-2035
-1845
-4339
-8985
-12692
-14484
-16545
-18737
-18962
-18509
-18504
-19052
-18576
-15980
-13604
-8707
4875
17254
16386
13265
15891
17054
17114
18333
19474
20107
20783
20349
20583
21915
22987
20757
15512
12658
12159
11724
9389
7420
8052
8164
4643
-2091
-7568
-9243
-7084
108
10781
18215
21887
23933
22647
16886
10658
7892
7418
8624
11743
13822
12711
8775
2518
-4897
-11286
-12996
-10310
-5637
-989
1553
1574
845
-1303
-4205
-5215
-3334
307
3742
6638
7397
5354
2096
900
-1240
-5598
-8001
-7327
-6188
-3261
-599
-396
-1546
-4605
-7895
-8817
-8748
-8560
-6864
-4529
-2721
-1984
-1701
-2852
-5394
-7692
-7643
-7823
-8909
-8672
-6136
-2654
-262
-250
-2746
-4637
-6993
-9120
-9197
-8007
-6775
-5435
-3727
-3623
-5770
-7931
-8581
-8050
-7277
-5932
-4270
-3611
-4472
-6858
-10052
-13139
-16089
-18197
-18665
-17891
-16751
-16200
-16953
-15434
-13423
-9966
1227
13325
13416
8649
9569
11315
12241
14120
16673
17679
17306
17223
18857
21078
21267
18291
14745
14127
14801
13712
11569
9470
7682
6307
1888
-6333
-12940
-14453
-11592
-4718
4582
12377
16103
16610
14270
10202
7071
6018
6884
9497
12891
14297
12601
7788
523
-7744
-13126
-13252
-10586
-6329
-1864
-473
-1794
-2937
-4344
-6273
-6500
-3003
1921
6133
8816
9381
6469
779
-3479
-5089
-5299
-5726
-4933
-2653
-185
346
-591
-2590
-5148
-7227
-7484
-4650
-2060
-1467
-1009
1268
1999
-78
-1680
-1009
-189
103
1209
1642
617
-625
-823
-577
-1245
-1983
-2127
-2275
-3211
-5287
-7301
-8897
-9553
-9412
-9043
-7394
-5477
-4714
-4680
-3947
-3944
-5251
-6232
-6370
-7308
-9907
-12025
-13421
-14410
-16008
-18107
-19100
-20288
-21981
-20577
-16097
-14096
-5621
9357
14611
8418
5833
8194
9487
11792
16031
20799
22865
22664
22429
23134
23783
21874
16798
12680
12682
13035
11027
7296
4768
3167
-124
-6752
-13417
-15701
-13181
-6776
2686
11361
15901
17008
15718
12027
8142
7708
9133
11241
14361
15314
11817
6355
79
-7822
-14230
-14727
-11362
-8570
-6324
-3990
-5022
-8069
-8972
-9445
-9865
-6122
994
6365
10313
11691
8850
3214
-3084
-6504
-4831
-1695
-387
1226
2561
1311
-1202
-2874
-4257
-5038
-3553
-116
3449
4299
3524
2851
2465
1692
1141
1742
3025
4338
4478
3664
1866
-476
-2675
-3013
-1771
-89
1102
735
-1097
-3554
-6223
-9189
-10814
-10346
-8842
-7527
-6237
-4955
-4001
-4499
-5810
-6663
-6796
-7023
-7821
-8437
-8820
-10676
-14720
-18036
-20509
-23295
-25293
-23828
-18121
-13769
-7888
4477
13987
10798
4356
4419
8073
13959
19679
24506
26736
25633
21061
17906
19424
20245
17161
12845
12686
14684
14059
8079
511
-3884
-5697
-8486
-12437
-13614
-11873
-7285
-25
6561
9503
10020
10437
10034
9295
10251
12347
12998
12459
12096
10097
5536
260
-5113
-10220
-12373
-11108
-8898
-7405
-7477
-9661
-11502
-11168
-10204
-8046
-3698
2464
7968
10927
11558
10286
7555
4001
1816
1861
3298
3838
2364
452
-925
-3529
-6177
-5733
-2943
128
2255
3539
4114
4288
3360
1988
2157
3406
3940
4839
5561
4364
2162
-580
-3681
-6404
-7185
-5369
-2440
-926
-1100
-2074
-4124
-7659
-11300
-13592
-13603
-12023
-10945
-9976
-9115
-9281
-10261
-11078
-12022
-12875
-13111
-12399
-11464
-12603
-14732
-16957
-20834
-25261
-27754
-26744
-22322
-17350
-9976
2431
10887
8121
3107
4204
8154
13100
19185
25950
29774
28322
22759
19223
19137
18743
17510
15329
14889
14981
13166
7347
-66
-5491
-8986
-11408
-12336
-10790
-8366
-3852
2639
7672
8471
7283
6683
6998
8974
12023
14492
14978
14077
11804
7364
1897
-1914
-4725
-8066
-8327
-5709
-4167
-5577
-8013
-10807
-13375
-14676
-13683
-9964
-4783
73
3591
6420
7248
5892
4491
6305
9790
11519
10897
8401
4714
2416
1075
-1861
-4315
-6219
-6345
-2616
3144
5965
5427
3987
2761
3217
5194
6592
6771
6810
6745
5371
1895
-2327
-5409
-6845
-5996
-3980
-3269
-3862
-4725
-4742
-4043
-3740
-5498
-8414
-9310
-9265
-10392
-12235
-13006
-13072
-12880
-12437
-13121
-14584
-14957
-14900
-15906
-16071
-16746
-19182
-21634
-24239
-27175
-24763
-19360
-16239
-8893
2500
5285
-278
70
4593
9712
15649
23515
27581
25823
23152
21519
23789
25030
23864
19391
16187
15607
15397
13581
6804
368
-4285
-7228
-11980
-14944
-14911
-12437
-5289
3512
9153
8723
6863
4547
3698
5736
10851
14085
14596
15024
14061
10003
3907
-923
-6599
-9068
-6123
-1014
743
-74
-2629
-7549
-11682
-13151
-11217
-8273
-3308
2375
6975
8603
7653
5295
3361
4851
9275
14484
16247
14180
10440
6850
2582
-1859
-5235
-6978
-6163
-3119
901
2963
3513
3560
4381
5805
6969
8459
9277
8399
7206
6402
4524
1582
-1194
-3495
-5302
-4705
-3354
-4073
-5923
-6413
-4928
-4245
-6721
-10198
-11274
-12479
-14950
-16422
-15930
-15005
-15442
-15710
-14837
-13838
-15296
-17707
-19252
-19522
-19665
-19924
-21022
-22959
-22474
-20682
-21300
-20347
-10730
-1756
-1366
-3741
-1250
3214
8749
15165
21319
25629
25962
23607
21941
25436
28668
28127
23733
19119
16406
14439
11942
5911
1256
-1724
-4573
-8386
-11671
-13654
-13166
-8268
-1810
4193
7162
7770
6263
6978
10138
12828
13782
13390
13256
12303
11266
9107
6162
1798
-1396
-1937
-177
1126
-13
-2055
-4622
-5722
-6919
-6934
-4602
-1774
-576
-834
497
2659
5952
8794
11400
13223
13447
11575
8474
7766
8360
8847
6987
2631
-1749
-4230
-5038
-5166
-3883
-2092
583
3590
6618
7287
5648
3893
2047
821
86
-1020
-2472
-2640
-3233
-5242
-6543
-6236
-6591
-7651
-6160
-4169
-6104
-10210
-12330
-13240
-14937
-16959
-18033
-18631
-19587
-20156
-20017
-19407
-18749
-18544
-18903
-19357
-20263
-21853
-23968
-25676
-22259
-16939
-15766
-13581
-6455
-3442
-9015
-11455
-5864
2981
11559
18703
23610
23479
20807
18794
21520
28025
32324
32298
27921
23431
19548
16828
12859
8065
5538
3411
-213
-5333
-8959
-11641
-12032
-8612
-3721
-187
956
1643
2476
5613
10029
14635
16626
15579
13114
10588
9856
8673
5784
3136
3215
4132
4442
3676
645
-3557
-5170
-4283
-2188
464
1415
-262
-3206
-4268
-3555
-700
2235
4847
7107
9567
10554
9829
9218
8508
8408
8036
7244
4905
1715
-1495
-3339
-2657
-404
837
-456
-2401
-2526
569
3487
5068
4841
2797
-265
-4646
-7706
-8110
-7410
-7131
-5573
-2953
-3482
-6760
-8901
-8479
-8588
-9177
-9482
-9560
-10965
-14602
-19298
-22628
-22908
-23674
-24445
-22978
-20009
-19430
-21330
-23267
-24463
-25245
-24257
-20079
-15920
-13931
-8929
-2842
-1936
-8203
-11542
-7970
583
9941
17374
20927
19148
15203
14173
20001
28274
32767
31356
26266
21909
18724
17760
14861
11775
9947
7905
3859
-3145
-9297
-11280
-7984
-3259
-787
-95
-1623
-3871
-3568
2074
8926
13534
14983
14969
14492
13309
12817
12961
11543
8849
6425
4599
2391
434
-210
809
2600
3098
1815
-1485
-4868
-5388
-3567
-1108
878
1719
743
-838
-372
1993
4489
6545
8979
11742
11808
8878
5357
3079
1201
-265
-101
529
-299
-957
-89
498
-453
-1093
-4
1909
2528
1507
-8
-2201
-5033
-7297
-8048
-8856
-10680
-12310
-11403
-8584
-7701
-9511
-10892
-10269
-9643
-10043
-10965
-12178
-14643
-18329
-21639
-23433
-24533
-25560
-25323
-23933
-22597
-22732
-25083
-26445
-24823
-21103
-18415
-11698
-3804
-555
-4158
-6218
-3420
1538
7805
13294
17344
17529
17898
18580
22171
27360
31280
32070
27976
24710
22769
22787
19970
15944
13728
10024
5976
1084
-1054
-2004
-1048
-875
-1704
-2218
-3618
-4450
-3247
2671
9180
12663
12310
10713
10276
11388
15586
19781
21244
19070
15574
11207
6381
2875
1879
1973
1869
1556
174
-3059
-6341
-6306
-4821
-2984
-1993
-1396
-1754
-2720
-2823
-1956
-79
1272
3486
6632
9448
10059
8931
6696
4777
4517
4222
3036
1227
67
-1289
-2219
-1416
-1021
-2413
-3948
-3566
-3244
-3650
-4385
-5685
-6897
-8346
-10205
-11876
-12651
-13510
-14352
-13100
-11039
-10758
-12126
-13599
-14478
-14564
-13620
-13915
-15718
-19287
-23336
-27023
-28945
-27974
-26824
-27871
-28158
-26861
-25960
-24198
-18180
-12293
-10309
-10724
-6997
-1359
4572
7640
10724
14002
16964
18814
21644
27521
31783
31551
27176
23326
23435
26060
27580
23807
19133
13938
8316
3027
-173
-917
-763
32
501
64
-1439
-3562
-3676
-1937
1546
5070
6964
7693
9217
12120
13967
15241
16577
17318
17083
17648
19674
20283
17664
12613
7599
4045
2745
2465
391
-2912
-6525
-8777
-9679
-8449
-8002
-8733
-8512
-5490
-2371
-1751
-1049
-91
2266
3821
4337
4857
5820
6383
6262
7382
7832
5962
3032
868
-325
-978
-1222
-2393
-4288
-5934
-6887
-7837
-8967
-9982
-10247
-10998
-11283
-11169
-12502
-14704
-15974
-15358
-15266
-14551
-14328
-14736
-15429
-16615
-18111
-19545
-20527
-21541
-22547
-23596
-25994
-29294
-31485
-31087
-29639
-27982
-23051
-17451
-15454
-18321
-19074
-13353
-4387
2680
5210
7761
8719
9619
11478
19303
27396
30075
28183
24594
25591
28944
32423
30735
24920
20042
15315
12114
8802
7162
5590
2829
-695
-4223
-5214
-5194
-4214
-1915
1286
3766
3658
3205
3696
6513
10220
13319
15329
15188
14375
14427
16647
19061
19477
18119
16112
15036
15113
14787
13127
9641
5166
163
-3226
-4895
-6497
-8545
-11095
-12314
-12083
-10842
-10120
-9311
-7964
-6159
-4499
-3464
-712
1999
4286
5276
5653
5139
4389
5083
6111
7211
7344
6252
4065
1095
-924
-1626
-2107
-4028
-6921
-9649
-11911
-13472
-14519
-15323
-16013
-15814
-15339
-16308
-17473
-18095
-18094
-17408
-15752
-15218
-17301
-20113
-21337
-21855
-22710
-23190
-22399
-22294
-24118
-22574
-18436
-16191
-18111
-18444
-13869
-7796
-2568
-1250
-336
47
2981
6582
13493
21026
23569
22275
19359
21286
24735
28217
28512
25343
22773
21005
20311
17939
15106
12509
9464
6217
2636
1265
1189
516
-1148
-1951
-1045
-263
16
2026
4929
7508
9475
10809
11320
10876
11976
14297
16509
17638
17657
17303
16826
17735
19783
19020
15288
10817
8916
8301
7964
6584
3093
-934
-4509
-6473
-7536
-7935
-9257
-11009
-11166
-10074
-8459
-7095
-6537
-6061
-5444
-3883
-2791
-1380
617
1644
1783
2335
4000
4986
4332
3300
2277
2299
2685
1953
-666
-3399
-5721
-8313
-11001
-12563
-13974
-16759
-19978
-21442
-21645
-21719
-22229
-23799
-24328
-24967
-24977
-25077
-23792
-23489
-22779
-22421
-23281
-22700
-20449
-17943
-19391
-18841
-13657
-7150
-3861
-4166
-3853
-2581
1189
6219
13755
19279
19345
16805
15761
19831
23569
25556
23654
20105
18806
18970
18569
15631
12268
10088
8436
6843
5007
3983
3066
1247
-56
-491
-834
-1683
-1223
1431
4371
7528
10349
11981
12775
14848
18569
21653
22634
22453
22184
21609
21224
20319
18248
15580
13354
12640
11518
10265
8353
6712
5632
4871
4401
2620
-2
-2670
-4366
-4425
-4917
-6760
-8444
-8441
-7741
-7432
-6687
-5497
-4713
-4114
-3252
-1795
-1053
-911
-833
-1452
-2111
-3604
-4742
-4816
-4666
-5016
-5557
-6453
-8166
-10298
-11194
-12071
-12719
-13908
-15954
-18151
-19718
-20412
-22735
-25477
-27479
-28531
-29348
-30796
-31060
-29555
-28300
-27488
-25551
-22724
-22232
-22383
-18537
-11840
-6681
-5372
-5338
-4058
-223
4667
9156
13549
14584
14419
14418
18021
23251
25266
24130
19837
17777
18414
19675
19062
15391
10818
6753
4675
3212
1935
367
-2325
-5101
-5929
-4711
-3882
-3868
-3397
-1349
813
3355
6319
8073
8817
9635
12404
15871
18371
19816
21511
24195
26204
25914
25216
24550
24596
24265
23470
21539
17320
12751
9075
6581
4793
1889
-2112
-5303
-6931
-6082
-5966
-6804
-7451
-7026
-4889
-2877
-1153
-392
-86
140
342
735
1075
1188
1338
1917
1968
953
-615
-1703
-3366
-4940
-5856
-7216
-9315
-11838
-13621
-15446
-17063
-18750
-20341
-21703
-22829
-24400
-26893
-28139
-28851
-29004
-30538
-30254
-29646
-29955
-27283
-25114
-22417
-24327
-22963
-17617
-12054
-8917
-8650
-5967
-3677
440
5056
11770
15296
14618
14152
15830
23479
28941
30372
26304
22171
22597
23823
24362
20231
14893
10061
7334
5581
3355
214
-3423
-6964
-8801
-8381
-7281
-7025
-8482
-8243
-6130
-3389
-965
1273
3267
4955
7302
9921
12739
14481
17911
20156
22225
23192
23421
23278
22317
23478
24016
23872
20668
17858
16126
14388
12212
9604
7653
5070
3188
3100
3100
969
-2449
-5159
-6220
-5673
-5380
-4935
-4967
-4852
-4272
-3498
-2348
-1385
-742
311
1986
4018
5202
4642
3359
2468
1951
609
-1443
-4276
-7157
-10082
-12503
-15263
-17463
-19597
-21989
-25634
-28943
-29850
-30776
-30653
-32127
-31816
-32088
-32349
-31539
-30362
-27312
-27382
-24153
-20926
-15985
-13572
-11690
-7996
-4470
1379
4344
10352
12574
14499
16233
17831
23624
25333
27088
24072
22022
22945
23489
24101
19911
15987
12575
11283
10610
8204
4100
-637
-4196
-5466
-4995
-5543
-7038
-10076
-11220
-9833
-7510
-5069
-4357
-2887
-129
2937
6459
8632
10652
11878
13187
16185
18837
19794
18958
18113
19215
20139
19362
17506
15430
14702
14518
14524
12640
8479
4505
2778
2357
1641
-100
-1854
-3248
-3395
-2671
-3066
-4022
-4794
-4366
-2696
-753
956
1014
485
340
457
1090
1614
1451
787
230
10
-140
-1014
-3004
-6041
-8014
-9133
-10274
-12381
-15254
-18488
-21222
-24018
-26300
-27715
-29303
-29873
-32382
-31147
-30451
-29723
-30793
-31915
-27715
-23786
-19667
-19966
-17978
-14114
-8302
-3435
526
5197
5768
8556
10521
17508
23331
23556
22701
19649
22627
24679
26165
23965
18285
15129
13762
13920
12180
8410
3511
-1034
-4109
-4359
-5166
-7142
-10298
-12541
-11905
-9978
-7524
-5909
-6750
-6566
-4354
410
4819
6935
8686
10142
12514
15283
17381
19051
19156
18725
19805
19829
19113
17360
15153
13495
11516
10442
8659
5760
3282
1434
1083
342
-1547
-3026
-3960
-3732
-3109
-2814
-1898
-2140
-1860
-1002
-573
-277
-90
475
965
1284
2166
2648
1901
1671
1037
1605
1769
1135
-115
-2493
-3044
-3693
-5482
-8755
-12039
-14277
-16612
-19255
-21719
-23730
-24631
-26999
-28294
-28521
-27425
-27711
-30492
-29112
-24246
-19898
-19746
-19841
-17010
-11090
-6418
-2938
1580
3473
6151
8607
14677
21545
23081
23111
20831
22705
25549
26799
26502
21967
18412
16074
15067
13664
9395
4189
-428
-3545
-4629
-5138
-6596
-9138
-12750
-14338
-13403
-11065
-8435
-8210
-8896
-8149
-4789
-10
2176
3749
5504
7588
10717
13293
15920
17221
17599
18114
19063
19944
19538
17837
16974
16171
14843
12722
11134
9790
7621
5086
2476
267
-1150
-1723
-3499
-5922
-7668
-7347
-6025
-5721
-5528
-5186
-4230
-2690
-1037
827
1970
2160
2862
3735
4566
4165
2995
2388
2226
2254
1013
-716
-2969
-6119
-9440
-11429
-12218
-13820
-17102
-21325
-22580
-23065
-24186
-25263
-26760
-26677
-27917
-25979
-22077
-19195
-18443
-19007
-17047
-13167
-7399
-4001
-824
761
2161
6036
9303
14954
16536
16721
17437
18798
23968
25693
25907
23091
20015
20248
20604
20558
17602
13041
9272
5936
3345
1566
-1592
-4993
-8149
-10351
-11072
-12079
-12170
-12558
-12783
-11968
-10677
-8258
-5679
-3650
-1636
430
3434
6567
9242
11834
13320
15216
16791
17478
17786
17773
17835
16711
15138
13882
12184
10710
9027
6704
4513
2293
579
-459
-1341
-1846
-3070
-4758
-5258
-4995
-3707
-2669
-2243
-1472
-848
-213
628
1273
1289
1362
1850
2257
1446
964
705
-171
-1730
-2954
-3495
-4499
-5874
-7174
-8468
-11003
-13935
-16024
-16014
-17392
-18632
-20930
-22896
-25170
-27170
-25334
-23307
-22677
-23944
-23489
-20163
-14996
-11166
-7731
-3164
-524
2762
6705
12852
17799
18146
18960
20009
23040
25187
25700
25095
22373
20441
19584
18706
16733
13113
9307
6709
4221
2920
1345
-1539
-4985
-8204
-8618
-7815
-7601
-7899
-8627
-8668
-7583
-5113
-2346
-1122
-1173
-180
2182
5330
7439
8172
7917
7409
8017
9823
11022
10616
9413
8065
7333
6535
5854
4532
2778
986
434
187
-11
-947
-2162
-2655
-3073
-2834
-2350
-2205
-2334
-2929
-2854
-2599
-2342
-2002
-2143
-1971
-1515
-376
283
317
639
1232
1437
1478
1241
717
-282
-2046
-3583
-5914
-7842
-9978
-12634
-13990
-15278
-16449
-17265
-19376
-20301
-22636
-23335
-20645
-18933
-18844
-20412
-20050
-16416
-12372
-9573
-5391
-3108
-1530
1529
5525
12448
15134
15688
16282
16788
20995
23332
24231
22217
18522
18279
18702
19240
16831
12122
8377
6425
5618
5005
2398
-1521
-4828
-6690
-5068
-3778
-4207
-6315
-8324
-7590
-5517
-2547
-823
-351
-72
1893
4881
8328
9619
9100
8723
9366
11624
13426
13587
12093
9891
9158
8937
8511
7174
4771
2298
379
-669
-2069
-4073
-6441
-8532
-9786
-9829
-9947
-10341
-10920
-10723
-9794
-8326
-7179
-5621
-4234
-3060
-2163
-913
1207
2619
3752
4203
3998
3655
3019
2597
1985
274
-2089
-5227
-7158
-9189
-11399
-13293
-15736
-16087
-16955
-18655
-19445
-20953
-18462
-16225
-15252
-15732
-16040
-14063
-9594
-6031
-3927
-1469
-1536
2183
5972
10892
16045
15284
16234
16324
19303
23995
24177
23710
19267
17549
18612
18936
17734
12509
7607
5317
4563
3771
1668
-3002
-7222
-9455
-8193
-6439
-7129
-8539
-9213
-8542
-6381
-3731
-1315
-1
368
2953
6210
9204
10958
11930
13334
14376
15709
17212
17217
16034
14424
13451
12235
10215
7733
5002
2663
-33
-2154
-4641
-6490
-7851
-9168
-10416
-12000
-12604
-12354
-11773
-10736
-10027
-9206
-8034
-6344
-4789
-4046
-3887
-3302
-2151
-611
388
-159
-586
-1529
-1182
-1366
-1890
-2615
-4285
-5765
-7420
-8261
-9622
-10476
-13077
-12832
-13887
-14839
-16356
-18207
-15575
-14775
-14339
-16189
-15451
-12478
-9031
-7275
-4520
-1102
-230
2000
5133
11870
16010
15200
16512
18509
23143
26091
26404
26805
23764
22617
22687
23035
20735
15325
11014
8527
6115
3306
-86
-4382
-8682
-11860
-12247
-11798
-12340
-14489
-15442
-14913
-12215
-9919
-7844
-5483
-3518
-135
3400
7312
10525
12714
14612
16349
18857
21093
21603
20479
19390
18835
17633
15745
12202
8988
5545
2534
-338
-3414
-5949
-9145
-11659
-13065
-13873
-15039
-16281
-17330
-17037
-15607
-13864
-12637
-12217
-11022
-9275
-7282
-5280
-4217
-3141
-2150
-698
369
932
814
96
-1051
-2057
-2318
-3407
-5008
-8111
-9774
-11943
-13146
-13869
-16080
-18569
-21997
-21280
-19614
-19029
-20699
-21580
-20217
-16762
-13152
-9826
-5647
-3940
-906
3111
9229
15286
16825
18108
19475
22868
27721
29716
30319
28030
26443
26679
26843
25706
21557
17654
13697
10032
6644
3433
-132
-5302
-9551
-11221
-11943
-12642
-14822
-15961
-15777
-14831
-12344
-10415
-8338
-6863
-4235
-818
2139
4823
7160
9214
10755
12680
14582
15962
16812
17115
17545
17186
16432
15277
13812
12788
10964
8420
5493
3022
1001
-1022
-3842
-6940
-9228
-10787
-11922
-13571
-15192
-16071
-16257
-15759
-15187
-14788
-13976
-12842
-11243
-9441
-7798
-5777
-3870
-2050
-235
531
1555
2385
3065
2807
1755
826
-552
-2096
-3780
-4804
-6915
-10107
-14506
-16325
-16342
-16325
-17402
-19595
-20650
-20757
-18781
-16204
-12902
-10786
-8894
-6677
-3427
1491
5589
8912
11308
13328
16282
18623
21528
22968
23303
24203
24228
24635
22840
21326
20135
18577
16413
12840
10193
6919
3739
948
-1340
-3333
-5965
-8484
-9872
-10749
-11174
-11583
-11482
-10622
-9621
-7671
-6235
-4817
-3233
-1344
1502
3599
5668
7366
8330
9938
11346
13186
14113
14290
14396
14054
13280
11815
10906
9430
7639
5403
3104
1183
-1044
-2823
-4845
-6502
-8261
-9735
-10508
-10752
-10863
-11335
-11550
-11275
-10186
-8686
-7439
-6407
-5851
-4703
-2581
-537
851
1197
1358
1907
2497
3318
3436
2264
471
-1290
-1971
-2869
-4594
-6749
-9361
-10642
-11994
-12634
-13714
-14943
-15584
-16399
-16067
-15844
-14820
-14224
-13288
-11583
-9654
-7654
-5866
-3540
-739
1453
4415
6996
9258
10876
12881
16085
17784
18920
18702
19555
19924
19598
19506
18409
17508
15239
13153
11979
10288
8264
5379
3367
2188
676
-511
-2227
-3209
-4157
-4345
-3617
-3085
-2755
-2642
-1651
2
2114
3278
3690
4376
5554
7435
8669
8855
8838
8407
8614
8357
8144
7582
6236
4890
3474
2276
506
-1397
-3236
-4884
-6363
-7692
-9233
-10360
-11070
-11647
-12032
-12369
-12239
-12135
-11857
-11323
-10643
-9390
-8248
-7334
-6437
-5583
-4854
-4139
-2810
-1850
-1017
-677
-216
-90
-218
-723
-2076
-2804
-3997
-4209
-4992
-5489
-6274
-7378
-7969
-8415
-7755
-7465
-7500
-7492
-6920
-5085
-3642
-2334
-943
108
1872
3413
5735
7721
9268
10014
11093
13011
13473
13478
13056
13210
13150
12069
11438
10051
8356
6439
4607
3975
2561
881
-727
-2063
-2611
-3106
-3174
-3296
-3735
-4031
-3642
-2735
-1304
-644
59
1250
2445
3508
3949
4354
4898
5330
5609
6131
6010
5806
5379
5074
4882
3585
2897
2368
1852
1150
-220
-1090
-1942
-2936
-3880
-5051
-5746
-6516
-7454
-8123
-8611
-8907
-9610
-9968
-9967
-9735
-9821
-9710
-9218
-8780
-8286
-8023
-7172
-6464
-5639
-4555
-3564
-2952
-2728
-2213
-1379
-506
-317
200
346
451
23
7
715
777
436
110
530
1657
2002
2540
2961
3262
4559
5658
7165
7372
7490
7715
8715
10399
10893
10962
10063
10016
10154
9941
9559
8168
7455
6599
5848
5483
3927
2326
237
-1150
-1386
-2305
-2512
-4005
-5126
-5346
-5025
-4954
-5600
-6131
-6075
-5234
-4492
-3791
-4074
-3948
-3950
-3245
-2159
-1378
-1328
-1333
-720
292
962
690
836
1036
1454
1502
1051
1200
871
426
211
-226
1
-887
-1913
-2813
-3419
-3893
-5278
-6080
-6919
-7337
-7897
-8350
-8349
-8881
-9411
-9644
-9045
-8493
-8128
-7864
-7094
-6036
-5068
-4332
-4251
-3581
-3446
-2533
-1836
-723
-424
-731
-356
-1
1038
1718
2695
3513
3791
4560
5589
6895
7878
7891
8935
9854
11346
12009
12802
13818
13787
14170
13287
13457
13025
12463
11892
10665
10379
8911
7458
6321
5311
4970
3645
2885
2113
1152
540
-438
-254
-671
-855
-1376
-1787
-1882
-1921
-1592
-1682
-2030
-2650
-2698
-2671
-2133
-2169
-2647
-3138
-3159
-2808
-2733
-3281
-4056
-4272
-4270
-3790
-3614
-3685
-3955
-4598
-4724
-4446
-4363
-4472
-5174
-5619
-5810
-5509
-5354
-6003
-6764
-7533
-7480
-7411
-7553
-8316
-8974
-9207
-9189
-8903
-8699
-8623
-8926
-8818
-7802
-6405
-5703
-5476
-5436
-4894
-4490
-3422
-2528
-1406
-817
-776
162
1055
2511
3580
4701
5844
6359
7478
8434
9923
11318
11556
12728
13279
14638
15521
15945
16631
16450
17057
16752
16870
16555
15999
15014
13345
12733
11827
10844
9338
7665
6327
4790
3690
3038
1928
1315
461
43
-507
-1152
-1675
-2470
-3147
-3609
-3773
-3549
-3709
-3856
-4116
-4420
-4209
-4188
-4084
-4177
-3966
-3922
-3893
-4017
-4138
-4228
-4622
-4752
-4847
-4898
-5259
-5876
-6293
-6665
-6842
-7380
-8069
-8529
-8961
-9322
-9881
-10553
-11238
-11816
-12468
-12793
-12912
-13118
-13369
-13617
-13794
-14037
-13966
-13378
-12692
-12086
-11506
-10908
-9799
-9406
-8644
-8231
-6903
-5284
-4031
-2688
-1959
-488
301
1806
3354
4780
6504
7769
9072
10512
12045
13883
14403
15441
16218
17200
17893
17968
18988
18963
19772
19320
19220
18964
17954
17651
16538
16232
15171
14437
13974
12840
11634
10149
9250
8371
7000
6343
5573
5195
4319
3298
2267
910
-36
-951
-1142
-2038
-3178
-4222
-4946
-5656
-6651
-7539
-8128
-8976
-9230
-8916
-8984
-9512
-10385
-10320
-10004
-10001
-10004
-9903
-9769
-10162
-10490
-9776
-9513
-9968
-10793
-10632
-9964
-9923
-10489
-11023
-11037
-11316
-11758
-12265
-12218
-12545
-13248
-13439
-13411
-13178
-13706
-13998
-13584
-12476
-11765
-11180
-11058
-10665
-10154
-9657
-8192
-7510
-6301
-6030
-5116
-3657
-2130
-338
738
2355
3930
5449
7477
8862
10631
11713
12644
14345
15298
16592
16181
16724
17003
17710
18350
18044
18362
17477
17513
16929
16684
16497
15771
15564
14902
14255
13758
12901
12868
12059
11386
10948
10277
10360
9859
9660
8653
7774
6929
6431
6005
5169
3942
2773
1690
551
-905
-2160
-3247
-4596
-5439
-6250
-6732
-8110
-9264
-9664
-9513
-9514
-10165
-10708
-10934
-11146
-11226
-11231
-11240
-11470
-11863
-11676
-11306
-11330
-12090
-12616
-12537
-12186
-12059
-12311
-12550
-12777
-12971
-13049
-13234
-13327
-13709
-13577
-12606
-11591
-11001
-10993
-10868
-10015
-9317
-7924
-6828
-5558
-4656
-3821
-2479
-1134
446
1420
2711
4144
5881
7614
8801
9922
11100
12068
13571
14166
15170
15116
15421
15931
16183
16813
15969
15490
14476
14145
13938
13464
13133
12477
12153
12051
12006
11922
11349
10815
10323
10111
10381
10283
10364
9907
9781
9541
9130
8599
8021
7775
7509
6873
6055
5212
4216
3409
2231
1210
-136
-1269
-2286
-3189
-3825
-4855
-6034
-6912
-7592
-7931
-8377
-8810
-8866
-9056
-9353
-9757
-9712
-9839
-9952
-10206
-10246
-10454
-10916
-10909
-10981
-11039
-11491
-12140
-12342
-12547
-12790
-13124
-13669
-13873
-14160
-13967
-13557
-13194
-13039
-13319
-12953
-12439
-11367
-10189
-9001
-8056
-7672
-6417
-4866
-2819
-1432
-120
1519
3055
4504
5867
7195
8672
9639
11188
12416
13159
13433
13348
14361
14695
15237
14723
14207
13766
13282
13114
12182
11397
10474
10084
9884
9459
8834
7959
7454
7381
7375
7660
7382
7423
7234
7395
7829
7771
7655
7339
7623
7789
7694
7118
6877
6146
5463
4558
3546
2645
1599
693
-240
-1496
-2876
-4294
-5542
-6435
-7557
-8471
-9582
-10340
-10804
-11112
-11384
-11687
-12041
-12043
-11626
-11135
-10678
-10543
-10078
-9597
-9006
-8458
-8432
-8716
-9077
-9056
-8621
-8671
-8709
-8764
-9098
-9013
-9277
-8899
-9067
-9470
-9592
-9333
-8406
-8064
-7627
-7739
-7051
-6302
-5074
-3709
-2508
-1044
6
1482
3158
4531
6127
7014
8395
9508
10355
11202
11237
12460
12771
13298
13242
12889
12519
11677
11654
11368
10938
10053
8962
8407
7698
7075
6279
5607
5280
4704
4905
4743
4517
3889
3467
3635
3440
3333
3172
3346
3560
3495
3409
3336
3140
3117
2842
2633
2089
1442
944
723
231
-820
-2010
-3188
-3988
-4788
-5569
-6435
-7453
-8482
-9027
-9344
-9686
-10689
-11438
-11764
-11943
-11801
-12026
-12160
-12321
-12284
-11907
-11237
-10724
-10363
-9941
-9069
-7953
-7074
-6437
-6041
-5434
-4518
-3558
-3006
-2851
-2357
-1830
-1347
-736
-140
292
473
748
1409
2082
2622
3106
3564
4278
4839
5205
5825
6062
6591
7156
7752
8564
8974
9844
10191
10676
10873
10631
10604
10371
10619
10470
9992
9615
9140
8609
7952
7419
6791
6075
5472
5101
4767
4197
3489
2745
2016
1484
1075
466
121
-110
-346
-717
-1085
-1285
-1641
-1735
-1864
-1898
-2026
-2224
-2245
-2387
-2270
-2637
-2979
-3216
-3323
-3349
-3716
-4048
-4606
-4904
-5363
-6041
-6645
-7419
-8069
-8739
-9361
-9845
-10478
-11116
-11710
-12160
-12508
-12580
-12701
-12699
-12190
-11604
-10923
-10048
-9153
-8084
-7057
-5800
-4579
-3489
-2456
-1530
107
1673
3050
3663
4503
5626
6960
8349
9401
10340
10844
11106
11678
12395
12795
12553
12314
12434
12511
12529
11835
11329
10762
10156
9350
8836
8615
8199
7720
7070
6756
6334
5864
5362
5020
4824
4562
4323
4231
4196
3961
3645
3517
3450
3227
2850
2457
1764
1166
637
240
-286
-1130
-2043
-2930
-3651
-4222
-4899
-5552
-6092
-6526
-6847
-7265
-7532
-7917
-8084
-8110
-8060
-7831
-7547
-7429
-7430
-7223
-7128
-7099
-7100
-7065
-6868
-6867
-6967
-7187
-7665
-8275
-9123
-9785
-10294
-10708
-11268
-11721
-12054
-12260
-12414
-12282
-12040
-11761
-11389
-10678
-9583
-8765
-7743
-6530
-4727
-3043
-1625
66
1481
3444
5629
7774
9531
10720
12249
13763
14964
16156
17015
17959
18214
18444
18701
18634
18171
17193
16602
16106
15584
14542
13494
12359
11348
10348
9402
8784
7949
6895
5986
5413
4970
4369
3936
3547
3140
2843
2487
2350
1817
1399
863
550
146
-289
-649
-1212
-2060
-3073
-3705
-4451
-5189
-5871
-6642
-7504
-8394
-9138
-9777
-10681
-11340
-11905
-12058
-12372
-12619
-12783
-12874
-12982
-12888
-12487
-12068
-11627
-11405
-10847
-10272
-9807
-9484
-9108
-8788
-8373
-8155
-7963
-7653
-7637
-7667
-7566
-7298
-7103
-7087
-7111
-7028
-6923
-6801
-6702
-6321
-5806
-5234
-4409
-3498
-2664
-1827
-605
980
2787
4451
5791
7038
8365
9966
11310
12688
14177
15224
16147
16795
17406
18025
18513
18808
18471
18054
17743
17381
16491
15439
14440
13380
12580
11546
10571
9546
8176
7158
6454
5945
5088
4043
3255
2659
2234
1836
1394
1209
778
140
-189
-552
-851
-1327
-1793
-2150
-2764
-3298
-3715
-4172
-4920
-5816
-6617
-7199
-7931
-8907
-10023
-11145
-11810
-12413
-13013
-13751
-14532
-14991
-15290
-15409
-15579
-15680
-15694
-15417
-14765
-14295
-13826
-13618
-13222
-12564
-11644
-10548
-9553
-8696
-8011
-7335
-6232
-5167
-4354
-3890
-3433
-2753
-1910
-967
-647
-185
115
887
1716
2428
3165
3742
4524
5378
6114
7013
7609
8349
9107
10049
11069
11513
12034
12297
13253
13883
14514
14748
14669
14882
15063
15450
15441
15371
15231
14827
14556
14210
13654
12755
11989
11256
10510
9941
8839
8092
7138
6172
5085
4070
3157
2102
1381
612
-185
-790
-1409
-1948
-2424
-2965
-3514
-3957
-4141
-4202
-4351
-4532
-4845
-5195
-5477
-5724
-6044
-6339
-6642
-6979
-7488
-8099
-8762
-9432
-10046
-10625
-11316
-11996
-12299
-12709
-13074
-13602
-14214
-14442
-14416
-14203
-13917
-13749
-13443
-13087
-12499
-11552
-10509
-9459
-8643
-7772
-6363
-4640
-3137
-1933
-789
284
1642
2910
3990
5155
6004
6580
7215
7873
8396
8863
9138
9466
9801
10027
10262
10296
10118
9972
9908
9950
9878
9791
9725
9608
9357
9124
9353
9418
9298
9128
9139
9077
9009
8901
8852
8740
8356
8019
7527
7031
6682
5961
5201
4603
3597
2673
1913
1171
347
-523
-1450
-2333
-3244
-3870
-4562
-5225
-5736
-6305
-6649
-6776
-7143
-7371
-7770
-7863
-7733
-7688
-7538
-7672
-7670
-7626
-7604
-7625
-7686
-7992
-8080
-8423
-8550
-8804
-8920
-8964
-9183
-9259
-9563
-9860
-9967
-9888
-9775
-9719
-9520
-9047
-8344
-7735
-7261
-6490
-5449
-4290
-3190
-1983
-790
281
1576
3102
4428
5504
6309
7110
8221
9203
10121
10757
11200
11554
11564
11688
11798
11686
11440
11087
10887
10600
10125
9538
8846
8256
7478
7020
6581
6394
6028
5579
5027
4296
4047
3940
3913
3778
3551
3477
3218
3113
2882
2610
2376
2030
1613
1153
693
-12
-689
-1549
-2148
-2804
-3630
-4463
-5127
-5507
-5945
-6551
-7326
-7887
-8311
-8583
-8776
-8862
-8843
-8986
-9017
-8910
-8782
-8677
-8680
-8621
-8367
-7904
-7565
-7309
-7051
-6849
-6652
-6304
-5956
-5789
-5712
-5410
-5160
-4791
-4580
-4453
-4073
-3877
-3703
-3325
-2989
-2626
-2339
-1832
-890
-163
495
1295
2066
2755
3462
4301
5251
5945
6656
7201
7963
8380
8361
8289
8262
8529
8608
8575
8588
8562
8197
7952
7613
7246
6760
6323
6084
5672
5310
4752
4320
3931
3360
2963
2491
1936
1803
1632
1541
1127
722
568
487
279
176
-124
-459
-777
-1104
-1516
-2108
-2463
-2912
-3221
-3564
-3940
-4414
-4880
-5314
-5613
-6079
-6359
-6474
-6492
-6566
-6757
-6902
-6907
-6885
-7041
-6796
-6403
-6103
-6011
-5679
-5210
-4648
-4217
-3814
-3520
-2902
-2114
-1565
-957
-472
-121
302
738
1160
1681
2055
2572
3079
3399
3444
3659
3952
4496
4768
4916
5194
5178
5424
5573
5880
6049
6240
6429
6538
6731
6859
6936
6996
7176
7058
6902
6850
6767
6713
6445
6128
5881
5778
5412
5108
4838
4483
4064
3665
3232
2812
2533
1891
1359
858
196
-147
-468
-835
-1144
-1851
-2344
-2524
-2781
-3128
-3402
-3701
-4075
-4385
-4688
-4810
-5041
-5318
-5595
-5839
-6055
-6147
-6244
-6467
-6698
-6783
-6964
-7175
-7276
-7253
-7348
-7471
-7518
-7565
-7557
-7568
-7547
-7092
-6623
-6372
-6152
-5814
-5301
-5016
-4479
-3914
-3331
-2830
-2076
-1356
-706
-204
411
1251
2056
2767
3447
4046
4630
5234
5858
6512
6925
7373
7892
8107
8288
8719
8917
8890
8854
8985
8971
8801
8667
8616
8544
8216
8045
7725
7329
6994
6535
6038
5697
5201
4661
4239
3768
3599
3110
2500
2090
1823
1591
1367
1212
964
753
425
211
-24
-151
-373
-783
-985
-1366
-1746
-2127
-2680
-3166
-3738
-4184
-4674
-5193
-5754
-6203
-6526
-6975
-7363
-7634
-7881
-8050
-8408
-8569
-8591
-8498
-8298
-8284
-8162
-7938
-7486
-7044
-6719
-6300
-5847
-5290
-4891
-4422
-3846
-3480
-3118
-2948
-2481
-2071
-1834
-1635
-1406
-867
-489
-43
181
529
902
1433
2221
2566
3079
3620
3985
4566
5024
5555
5932
6262
6713
7319
7813
8016
8303
8633
8984
9146
9095
9200
9237
9016
9005
8910
8517
7987
7530
7366
7010
6366
5724
5067
4383
3740
2991
2087
1310
592
-58
-679
-1413
-1979
-2492
-2960
-3260
-3507
-3956
-4377
-4658
-4726
-4770
-4912
-5050
-5216
-5461
-5725
-5975
-6025
-6264
-6607
-6952
-7216
-7460
-7711
-8040
-8256
-8270
-8361
-8579
-8934
-9008
-9080
-9000
-8939
-8769
-8716
-8619
-8031
-7640
-7236
-6812
-6310
-5907
-5267
-4644
-4018
-3421
-2900
-2411
-1777
-1088
-358
177
645
1340
2017
2621
2912
3347
3898
4474
4932
5250
5473
5646
5745
5815
5992
6312
6582
6688
6873
6786
6926
7114
7178
7308
7217
7192
7251
7423
7453
7383
7344
7214
7128
6983
6883
6488
6094
5751
5220
4860
4463
3952
3388
2711
2360
1846
1114
658
38
-583
-1180
-1527
-1949
-2610
-3273
-3551
-3885
-4300
-4503
-4793
-5344
-5732
-5792
-5881
-6050
-6218
-6470
-6520
-6433
-6426
-6400
-6579
-6522
-6731
-6686
-6386
-6241
-6255
-6295
-6187
-5903
-5568
-5283
-5103
-5029
-4716
-4478
-4051
-3788
-3479
-2930
-2449
-2194
-1823
-1354
-968
-687
-43
468
718
1022
1304
1645
2080
2542
2819
3251
3461
3844
4263
4552
4939
5238
5396
5620
5975
6253
6608
6735
6770
6738
6731
6751
6774
6924
7009
6927
6779
6768
6592
6295
6074
5792
5511
5124
4911
4513
4012
3793
3408
3183
2934
2474
2097
1646
1276
1000
636
368
0
-431
-879
-1191
-1571
-1941
-2180
-2560
-2936
-3045
-3366
-3598
-3728
-3998
-4386
-4578
-4719
-4932
-5007
-5209
-5196
-5299
-5537
-5577
-5507
-5365
-5409
-5366
-5150
-4845
-4666
-4557
-4293
-4130
-3812
-3423
-3002
-2621
-2202
-1881
-1394
-865
-536
-126
260
732
1059
1521
1789
1961
2164
2509
2926
3330
3696
3952
4223
4474
4628
4686
4782
4994
5060
5183
5159
5186
5361
5307
5141
4909
5015
5028
5055
5114
4962
4858
4740
4634
4399
4110
3888
3598
3460
3146
2903
2719
2441
2211
1923
1774
1531
1237
797
642
406
38
-519
-784
-1001
-1320
-1688
-2112
-2422
-2984
-3224
-3319
-3356
-3592
-3853
-4073
-4275
-4517
-4575
-4627
-4718
-4844
-4865
-4933
-4960
-5064
-5303
-5357
-5485
-5540
-5352
-5207
-5272
-5284
-5222
-5222
-5024
-4884
-4644
-4227
-4084
-3771
-3377
-3030
-2607
-2289
-2090
-1547
-1163
-672
-224
154
487
775
1118
1431
1941
2281
2679
2877
3093
3414
3554
3865
4157
4305
4387
4310
4533
4522
4433
4287
4371
4344
4328
4168
3955
3846
3585
3468
3240
3110
2829
2707
2456
2234
1957
1464
1306
1117
828
380
-23
-243
-540
-838
-1232
-1534
-1899
-2160
-2441
-2535
-2627
-2864
-2937
-3114
-3377
-3414
-3436
-3554
-3705
-3813
-3801
-3640
-3515
-3541
-3586
-3709
-3597
-3405
-3398
-3387
-3323
-3414
-3304
-3238
-3077
-2931
-2858
-2751
-2554
-2463
-2306
-2028
-1950
-1809
-1716
-1337
-1122
-823
-480
-111
373
587
853
1166
1402
1721
1964
2141
2383
2453
2576
2805
2954
3157
3363
3585
3935
4115
3985
4048
4045
4066
4162
4313
4341
4368
4315
4208
4136
4075
3951
3856
3887
3754
3672
3360
3048
2895
2584
2355
2175
1835
1667
1394
1128
742
484
189
-108
-352
-658
-796
-1055
-1175
-1444
-1809
-2226
-2613
-2995
-3208
-3686
-4113
-4401
-4643
-4874
-5068
-5129
-5236
-5290
-5310
-5287
-5229
-5072
-4852
-4502
-4283
-4038
-3872
-3681
-3191
-2761
-2535
-2258
-2033
-1726
-1367
-1127
-906
-651
-353
-6
194
312
440
483
542
830
1028
1125
1379
1530
1718
1998
2158
2237
2326
2670
2881
3056
3223
3380
3505
3649
3998
4202
4333
4322
4143
4347
4528
4474
4502
4432
4469
4475
4370
4162
4044
3815
3465
3395
3093
2840
2504
2293
2128
1905
1643
1215
856
607
401
164
61
-109
-454
-692
-946
-1202
-1398
-1595
-1937
-2239
-2460
-2667
-2788
-2970
-3185
-3429
-3619
-3789
-4076
-4324
-4589
-4843
-4991
-5108
-5278
-5329
-5344
-5410
-5564
-5426
-5368
-5237
-5161
-4802
-4631
-4492
-4203
-4065
-3651
-3227
-2808
-2565
-2079
-1792
-1581
-1064
-581
-145
359
719
1126
1464
1877
2470
2906
3322
3618
3956
4343
4571
4794
5027
5275
5389
5541
5656
5724
5760
5658
5705
5578
5617
5578
5422
5255
5253
4972
4859
4629
4313
4062
3825
3692
3453
3355
3192
3090
2873
2715
2472
2490
2160
1981
1755
1383
1205
996
642
456
67
-335
-656
-1143
-1501
-1881
-2142
-2644
-3078
-3454
-3704
-4135
-4483
-4599
-4706
-4887
-5064
-5218
-5280
-5117
-5077
-5224
-5191
-5133
-5190
-5209
-5115
-5014
-5042
-5075
-4996
-4923
-4957
-4863
-4868
-4893
-4808
-4626
-4361
-4043
-3684
-3378
-3182
-3009
-2660
-2448
-2297
-1932
-1550
-1161
-741
-446
45
397
777
1121
1498
2004
2332
2719
3050
3466
3796
4220
4547
4676
4886
5050
5200
5381
5423
5477
5508
5631
5692
5629
5493
5320
5130
4957
4740
4412
4242
3949
3805
3563
3322
3059
2747
2492
2269
2177
1962
1693
1432
1281
1026
799
565
394
250
-52
-273
-347
-667
-1002
-1197
-1477
-1645
-1858
-2204
-2541
-2692
-3036
-3332
-3663
-4090
-4477
-4765
-5113
-5367
-5565
-5432
-5308
-5271
-5105
-5042
-5035
-5147
-4985
-4924
-4730
-4583
-4315
-4048
-3810
-3552
-3425
-3215
-2983
-2737
-2567
-2462
-2336
-1956
-1721
-1406
-1170
-935
-716
-510
-296
-222
-71
245
630
952
1327
1809
2146
2501
2852
3162
3610
3899
4046
4379
4644
4920
5090
5235
5357
5439
5457
5238
5165
4884
4662
4588
4570
4273
3917
3687
3336
3206
2964
2600
2384
1972
1702
1586
1261
1121
930
666
421
219
81
-164
-375
-598
-521
-752
-978
-1155
-1326
-1361
-1540
-1800
-2101
-2254
-2537
-2577
-2533
-2798
-3018
-3266
-3483
-3695
-3869
-4091
-4079
-4266
-4425
-4348
-4323
-4420
-4502
-4422
-4331
-4114
-3964
-3764
-3634
-3643
-3383
-3063
-2892
-2648
-2396
-2182
-2049
-1859
-1525
-1205
-956
-782
-694
-490
-319
97
360
564
836
935
1111
1279
1522
1673
1983
2103
2473
2584
2796
3046
3237
3580
3618
3937
4223
4476
4581
4878
4964
4851
4919
4920
4862
4783
4707
4355
4049
3918
3676
3512
3277
3005
2755
2642
2486
2241
1986
1695
1271
1079
712
434
338
181
21
-124
-130
-275
-348
-396
-581
-742
-869
-986
-1147
-1195
-1161
-1279
-1198
-1279
-1253
-1311
-1530
-1502
-1606
-1728
-1825
-1834
-1886
-1956
-1947
-1927
-2015
-2071
-2245
-2301
-2398
-2386
-2158
-2043
-1865
-1780
-1593
-1489
-1349
-1223
-921
-686
-496
-221
-166
67
222
327
505
758
961
1194
1375
1395
1319
1409
1376
1401
1612
1744
1995
2042
2103
2245
2483
2725
2797
2740
2804
2988
3179
3322
3361
3298
3185
3126
3150
3053
2845
2779
2697
2479
2305
2026
1843
1727
1455
1114
981
853
561
333
-78
-387
-733
-983
-1285
-1515
-1662
-1797
-2179
-2368
-2557
-2982
-3115
-3346
-3475
-3438
-3346
-3386
-3237
-3117
-3174
-3224
-3191
-3107
-3102
-3043
-3035
-2849
-2663
-2647
-2558
-2531
-2487
-2444
-2453
-2484
-2411
-2318
-2150
-2062
-2020
-1847
-1676
-1577
-1521
-1364
-1324
-1221
-1076
-775
-613
-558
-240
61
307
570
819
1042
1311
1558
1675
1932
2116
2262
2519
2647
2960
3106
3202
3227
3176
3121
3159
3239
3170
3234
3303
3254
3320
3268
3375
3300
3139
3026
2877
2565
2392
2284
2153
1951
1798
1667
1398
1268
1003
772
428
120
-124
-283
-585
-912
-1112
-1375
-1378
-1561
-1860
-2057
-2274
-2570
-2852
-3087
-3223
-3381
-3521
-3602
-3631
-3700
-3820
-3897
-4034
-4064
-4077
-4042
-4007
-4022
-3764
-3720
-3493
-3273
-3113
-3092
-3013
-2914
-2762
-2427
-2278
-2125
-1982
-1847
-1512
-1260
-1083
-978
-953
-796
-782
-561
-556
-397
-142
-35
154
302
512
634
783
861
1059
1271
1403
1574
1724
1896
2233
2294
2429
2519
2510
2515
2545
2512
2631
2707
2914
3131
3058
3152
2998
2887
2712
2509
2328
2051
1958
1882
1851
1771
1764
1735
1604
1269
914
620
179
-143
-540
-835
-944
-1041
-1031
-1122
-1078
-1033
-1054
-1210
-1532
-1705
-1955
-2276
-2477
-2721
-3012
-3092
-3131
-3021
-3013
-3148
-3245
-3215
-3227
-3317
-3325
-3162
-2888
-2702
-2547
-2362
-2355
-2345
-2278
-2333
-2157
-2087
-1969
-1694
-1597
-1540
-1255
-885
-641
-244
180
523
942
1337
1617
1814
1976
2350
2502
2582
2815
2979
3124
3268
3400
3580
3767
4026
4238
4462
4634
4681
4833
4925
4881
4688
4712
4657
4561
4649
4646
4727
4773
4683
4652
4532
4343
4200
4086
4031
3884
3718
3456
3227
3015
2720
2501
2182
1769
1345
1081
842
648
450
298
199
47
-130
-520
-859
-1118
-1439
-1762
-2053
-2229
-2417
-2555
-2859
-2999
-3142
-3331
-3460
-3609
-3651
-3623
-3676
-3694
-3650
-3534
-3513
-3435
-3376
-3407
-3379
-3471
-3439
-3498
-3523
-3470
-3266
-3130
-3117
-2881
-2876
-2848
-2786
-2616
-2445
-2307
-2178
-1981
-1733
-1566
-1322
-1117
-845
-519
-243
-3
181
346
534
823
1096
1269
1417
1741
2018
2116
2365
2466
2524
2574
2784
2842
2734
2876
2913
2998
3070
3047
3015
3033
2893
2920
2895
2828
2894
2867
2930
2771
2578
2241
1923
1681
1517
1415
1349
1252
1098
1078
854
737
507
0
-301
-684
-1160
-1426
-1614
-1760
-1753
-1833
-1783
-1947
-2113
-2130
-2298
-2398
-2567
-2704
-2871
-3006
-3066
-3151
-3306
-3348
-3324
-3389
-3376
-3438
-3379
-3471
-3441
-3245
-3119
-2889
-2772
-2595
-2638
-2447
-2520
-2559
-2341
-2335
-2119
-1858
-1593
-1476
-1345
-1185
-1038
-873
-560
-608
-351
-96
55
173
261
489
650
724
830
930
1048
1147
1144
1245
1422
1607
1842
1984
2209
2333
2317
2409
2449
2474
2580
2595
2336
2374
2360
2352
2289
2138
2197
2048
1921
1847
1636
1670
1445
1231
1139
867
730
553
269
137
-92
-384
-585
-757
-950
-997
-1203
-1401
-1588
-1911
-1984
-2131
-2441
-2609
-2722
-2907
-2965
-3185
-3194
-3332
-3395
-3356
-3507
-3364
-3447
-3452
-3642
-3664
-3665
-3537
-3464
-3365
-3233
-3115
-3121
-3143
-3037
-3007
-2858
-2651
-2562
-2344
-2149
-2029
-1897
-1637
-1509
-1221
-917
-846
-552
-337
-218
-48
193
225
417
573
760
952
1064
1258
1483
1718
1845
2164
2211
2339
2522
2683
2889
3067
3221
3276
3394
3309
3301
3475
3468
3402
3514
3548
3651
3714
3768
3767
3747
3697
3618
3470
3355
3198
2956
2813
2618
2572
2398
2276
2205
1948
1912
1794
1528
1307
1102
978
860
704
664
525
395
91
9
-160
-269
-412
-464
-448
-571
-532
-634
-757
-808
-947
-1114
-1288
-1388
-1418
-1561
-1674
-1746
-1714
-1746
-1717
-1607
-1534
-1472
-1484
-1233
-1117
-1249
-1261
-1070
-897
-715
-674
-495
-236
-210
8
-118
-90
116
139
244
328
385
543
575
562
644
638
694
764
817
969
1023
1073
1187
1189
1136
1303
1299
1391
1386
1384
1406
1459
1517
1578
1707
1606
1684
1732
1530
1471
1325
1295
1199
1186
957
985
824
486
274
30
-109
-391
-291
-365
-559
-685
-752
-857
-993
-1066
-1129
-1217
-1435
-1549
-1694
-1855
-2010
-2057
-2065
-1945
-1790
-1725
-1785
-1771
-1666
-1714
-1543
-1615
-1686
-1738
-1707
-1622
-1803
-1733
-1723
-1820
-1822
-1715
-1636
-1607
-1517
-1402
-1238
-1262
-1028
-975
-994
-848
-660
-481
-344
-131
-90
70
226
455
662
909
1071
1093
1153
1296
1209
1292
1429
1518
1658
1740
1877
1789
1722
1652
1622
1669
1669
1611
1683
1733
1718
1723
1618
1653
1588
1478
1483
1451
1414
1230
1193
1073
1075
1075
979
907
812
839
605
431
373
96
58
-114
-142
-157
-235
-239
-477
-583
-716
-819
-1041
-1086
-1131
-1289
-1381
-1473
-1515
-1548
-1543
-1647
-1674
-1634
-1702
-1633
-1696
-1706
-1768
-1813
-1834
-1838
-1799
-1837
-1775
-1793
-1704
-1561
-1398
-1319
-1228
-1259
-1134
-972
-896
-735
-602
-557
-509
-429
-306
-353
-243
-252
-272
-148
-61
-136
-149
54
44
90
133
81
280
350
370
309
231
496
367
439
541
406
337
349
241
229
343
281
353
328
358
320
164
94
188
215
152
223
234
182
279
254
203
256
204
166
102
-12
-85
-316
-544
-811
-910
-903
-972
-1053
-1190
-1247
-1377
-1300
-1223
-1213
-1191
-1206
-1073
-1009
-1014
-889
-845
-700
-647
-539
-539
-610
-540
-470
-364
-468
-422
-309
-166
-70
-72
-48
-29
-133
-124
-25
-6
15
94
210
316
458
503
604
628
625
607
602
714
794
825
1006
1233
1378
1305
1330
1423
1400
1393
1385
1443
1497
1475
1429
1462
1569
1602
1662
1769
1802
1783
1661
1708
1657
1476
1448
1357
1333
1329
1418
1398
1531
1441
1286
1252
1066
1044
910
867
721
690
513
496
414
269
180
51
-172
-350
-357
-573
-631
-718
-896
-910
-961
-1097
-1269
-1395
-1383
-1492
-1643
-1696
-1709
-1761
-1808
-1818
-1804
-1798
-1837
-1825
-1792
-1834
-1723
-1624
-1532
-1349
-1263
-1117
-931
-832
-722
-606
-723
-607
-519
-326
-282
-91
119
222
317
380
435
457
541
469
616
734
798
960
967
962
1140
1018
1132
1003
955
1056
1051
1134
1200
1250
1210
1290
1299
1270
1349
1197
1195
1198
1251
1426
1462
1476
1540
1432
1452
1478
1405
1304
1222
1214
1117
999
967
840
693
578
399
350
289
142
34
-105
-33
-181
-285
-325
-402
-357
-426
-485
-549
-583
-775
-710
-785
-740
-718
-759
-736
-756
-728
-724
-759
-702
-580
-653
-611
-480
-492
-516
-577
-635
-656
-711
-644
-527
-532
-425
-352
-298
-198
-204
-185
-64
-50
49
67
208
366
402
679
761
750
825
872
923
971
1086
1158
1214
1261
1329
1416
1423
1318
1302
1217
1272
1244
1180
1133
1097
1040
1094
1163
1074
1148
1023
1020
951
858
873
756
801
637
708
768
638
700
731
666
516
340
335
171
3
-18
-137
-249
-396
-613
-732
-826
-1011
-1217
-1315
-1428
-1520
-1558
-1700
-1728
-1838
-1908
-1896
-2031
-2014
-2136
-2226
-2174
-2087
-1993
-1896
-1856
-1831
-1676
-1492
-1448
-1360
-1297
-1183
-1180
-1235
-1090
-1076
-831
-658
-637
-577
-577
-518
-496
-501
-460
-488
-441
-318
-376
-290
-187
-27
23
56
189
127
213
162
219
255
294
434
615
854
919
1008
1041
1004
956
1063
997
992
954
1002
1043
958
1008
994
1023
903
861
826
840
780
690
643
692
693
478
268
174
102
91
-25
-37
-108
-121
-89
-117
-23
-87
-55
7
2
-57
-31
-45
45
111
141
-2
-62
-92
-195
-176
-413
-473
-575
-616
-600
-692
-764
-813
-716
-954
-923
-808
-839
-679
-706
-568
-502
-446
-384
-331
-158
-123
14
79
68
162
210
400
496
585
697
584
544
534
560
597
721
700
638
607
640
589
664
708
618
513
384
365
428
458
503
602
643
640
696
931
821
889
989
969
993
925
939
917
901
769
711
655
604
620
557
394
258
183
166
159
-88
-250
-318
-229
-367
-560
-597
-733
-836
-934
-1146
-1124
-1125
-953
-922
-940
-797
-804
-686
-496
-492
-474
-452
-421
-296
-339
-218
-214
-149
-124
-96
-49
-104
-114
-29
-77
48
174
284
515
643
721
789
821
701
742
852
1033
1034
1089
1231
1251
1187
1036
1140
1102
1070
1074
888
960
1027
991
808
845
895
812
921
910
953
842
865
736
488
447
350
242
187
-19
-192
-163
-152
-181
-242
-276
-271
-244
-236
-281
-248
-130
-96
-70
-72
-31
-94
-220
-241
-287
-320
-244
-251
-297
-329
-393
-536
-700
-741
-743
-748
-716
-772
-586
-668
-727
-846
-924
-1009
-1166
-1032
-1056
-1002
-819
-670
-598
-480
-528
-547
-467
-440
-425
-407
-282
-130
81
75
-40
46
136
156
217
299
269
400
271
233
401
508
598
470
616
611
686
833
847
812
900
775
700
794
788
798
635
597
543
477
348
299
271
127
79
4
-73
-4
-24
-141
-132
-205
-233
-219
-352
-476
-685
-687
-724
-719
-635
-729
-901
-999
-1039
-1134
-1132
-1100
-1051
-1035
-771
-614
-630
-725
-750
-761
-881
-875
-852
-813
-918
-885
-763
-875
-859
-1027
-1052
-895
-971
-1043
-1172
-1185
-1191
-1198
-1182
-1071
-1014
-1061
-937
-902
-791
-700
-616
-573
-468
-241
-186
-201
-182
80
294
500
510
573
626
654
720
752
834
872
1059
1141
1124
1187
1197
1191
1250
1204
1156
1006
980
789
750
914
730
698
720
617
572
567
515
444
535
499
217
135
116
131
-30
-102
-146
-347
-407
-543
-524
-525
-504
-477
-545
-467
-444
-570
-595
-681
-690
-763
-902
-846
-716
-614
-654
-610
-729
-639
-644
-662
-640
-574
-663
-703
-671
-783
-630
-669
-589
-562
-474
-421
-291
-217
-98
-69
-41
-42
-84
-57
-59
-173
-203
-211
-125
-9
-56
-124
-186
-216
-188
-144
-138
-34
8
131
174
191
251
278
465
504
490
704
703
799
893
931
993
1128
1128
1010
1050
1031
923
810
739
724
679
660
739
896
1011
1003
846
780
687
664
546
483
314
146
143
6
-130
-139
-314
-372
-417
-677
-607
-652
-685
-672
-731
-834
-834
-760
-837
-882
-961
-945
-884
-1049
-1053
-846
-880
-922
-911
-966
-1071
-1229
-1225
-1270
-1130
-1132
-1193
-1206
-1113
-1019
-1044
-981
-915
-784
-746
-809
-834
-677
-526
-455
-267
-291
-281
-34
2
81
212
266
453
596
660
779
849
835
830
943
1153
1210
1330
1264
1415
1494
1357
1365
1514
1731
1807
1816
1825
1778
1785
1718
1762
1829
1945
1836
1892
1887
1989
2175
2027
2161
2166
2171
2067
2036
1911
1832
1813
1613
1750
1679
1642
1646
1439
1437
1514
1298
1238
1142
970
983
795
710
728
524
399
273
53
-25
-198
-304
-398
-397
-364
-390
-439
-447
-398
-516
-567
-702
-725
-796
-904
-923
-997
-1060
-1110
-1094
-1099
-1052
-1069
-988
-983
-1052
-871
-910
-832
-742
-805
-610
-535
-424
-281
-316
-389
-385
-384
-612
-686
-678
-686
-667
-748
-728
-779
-729
-699
-761
-671
-618
-558
-526
-498
-296
-258
-261
-341
-304
-282
-251
-301
-277
-144
-178
-214
-145
-48
-140
-192
-103
-8
-89
-249
-174
-150
-130
-123
-213
-48
-175
-239
-270
-261
-433
-465
-575
-689
-765
-911
-829
-846
-837
-916
-861
-860
-753
-835
-825
-858
-870
-895
-887
-842
-803
-882
-968
-986
-944
-905
-966
-941
-1061
-1050
-956
-1079
-1069
-996
-956
-877
-910
-941
-922
-893
-899
-937
-948
-963
-854
-810
-786
-573
-548
-446
-538
-499
-654
-653
-449
-333
-97
-75
-22
7
100
132
164
196
204
133
58
34
46
-55
-32
-88
-80
-58
-152
-210
-275
-170
-185
-49
-65
-49
99
116
61
187
133
82
205
171
176
112
157
191
251
176
144
176
279
407
383
332
430
305
90
210
124
103
6
46
19
150
129
-58
241
226
332
316
424
543
462
577
504
589
595
731
851
849
870
906
826
802
735
809
937
700
736
732
731
739
667
740
802
775
572
530
353
354
218
170
180
227
206
94
112
163
215
59
-11
26
-2
-77
81
124
152
42
-9
20
185
285
222
269
164
183
-15
-236
-222
-271
-266
-273
-288
-296
-196
-184
-253
-280
-350
-368
-361
-401
-390
-361
-147
-197
-175
-167
-115
-145
-121
-127
-107
-29
-97
81
138
141
162
128
101
206
208
280
302
330
393
499
545
524
642
582
542
698
781
930
1040
889
910
1092
1104
1176
1128
1250
1396
1312
1311
1377
1401
1394
1275
1366
1605
1593
1646
1682
1655
1693
1782
1795
1702
1594
1496
1416
1304
1243
1285
1231
1078
1071
945
861
913
888
754
851
853
806
793
766
703
498
506
516
492
333
176
68
-20
-128
-226
-225
-246
-299
-361
-604
-828
-748
-882
-1086
-1180
-1250
-1371
-1323
-1367
-1561
-1572
-1605
-1646
-1690
-1878
-1886
-1818
-1904
-2026
-1984
-2046
-1902
-1775
-1909
-1815
-1819
-1757
-1713
-1604
-1582
-1657
-1627
-1658
-1632
-1552
-1602
-1575
-1504
-1485
-1368
-1223
-1070
-1026
-956
-880
-801
-825
-852
-754
-696
-630
-594
-542
-651
-633
-493
-402
-304
-151
-11
-18
-81
23
100
75
336
393
374
352
435
645
675
825
1076
1140
1143
1051
1069
1009
941
929
1008
1050
1024
806
818
753
571
595
605
463
229
252
169
128
57
109
224
125
61
46
208
101
-2
42
-51
-198
-200
-299
-516
-610
-613
-764
-968
-987
-932
-910
-1026
-1027
-1080
-1140
-1062
-1110
-1074
-930
-1029
-911
-889
-847
-688
-700
-617
-720
-705
-763
-645
-435
-286
-333
-307
-169
-99
-165
-200
-270
-106
-39
-53
60
84
151
85
108
134
288
347
133
233
382
332
439
384
525
547
636
502
419
428
366
375
334
329
329
362
344
512
588
459
458
448
384
491
504
475
493
414
475
418
460
449
376
462
359
464
418
314
231
209
222
235
166
68
59
53
-84
-96
-105
-231
-187
-272
-263
-438
-637
-576
-597
-661
-733
-741
-748
-715
-597
-728
-695
-647
-690
-635
-738
-597
-677
-739
-649
-631
-427
-411
-424
-388
-241
-187
-285
-279
-230
-254
-223
-60
-13
7
-33
-53
-44
-111
-87
-147
-160
-118
-38
-47
-11
67
185
199
210
199
266
314
292
489
635
701
645
777
823
901
778
731
846
828
816
909
973
985
962
891
1025
922
879
908
927
951
863
871
923
960
976
947
881
829
790
626
632
704
640
688
571
609
716
748
655
573
529
452
529
497
557
557
508
491
393
445
293
245
160
212
214
109
29
45
-39
-97
-76
-62
-100
-9
92
-52
-44
-189
-237
-389
-389
-305
-262
-258
-262
-326
-413
-371
-382
-317
-365
-334
-317
-228
-131
-54
4
-37
-77
-67
-179
-189
-227
-227
-270
-277
-243
-275
-374
-483
-518
-550
-555
-592
-819
-718
-496
-457
-250
-309
-312
-342
-226
-103
-149
-122
-50
91
33
121
148
115
143
176
164
134
164
94
-32
-72
-182
-258
-118
-235
-357
-379
-356
-431
-441
-520
-428
-514
-516
-503
-534
-493
-498
-447
-372
-321
-409
-317
-104
-34
-61
22
49
8
-26
-107
-193
-113
-174
-196
-118
-224
-310
-401
-476
-378
-243
-220
-288
-264
-181
-230
-96
-29
34
27
20
100
124
211
115
197
138
50
190
313
300
220
217
63
242
15
-88
-46
-188
-214
-261
-210
-186
-310
-316
-384
-465
-463
-438
-323
-164
-214
-216
-210
-213
-115
-225
-270
-351
-244
-205
-272
-244
-222
-50
-48
-146
-47
-193
-213
-239
-285
-217
-242
-221
-317
-316
-297
-337
-309
-385
-252
-51
-116
3
-200
-28
24
-57
-40
-91
-94
-213
-236
-336
-224
-251
0
100
129
294
318
434
422
414
376
375
447
364
431
460
499
449
369
302
147
131
217
120
45
17
-98
-167
-186
-209
-161
-130
-60
-140
-205
-170
-227
-127
-83
-87
-163
-130
-85
-195
-142
-166
-185
-48
-197
-360
-350
-374
-372
-400
-533
-536
-696
-654
-461
-437
-395
-433
-425
-520
-439
-412
-372
-246
-237
-287
-304
-291
-252
-170
-231
-167
-175
-202
-145
-119
-88
-44
85
41
11
73
54
62
280
330
257
129
223
295
411
612
559
677
675
662
633
684
762
859
899
941
1149
1186
1201
1195
1040
1035
965
888
910
915
970
1007
1059
1089
1111
1155
1018
848
786
847
810
782
833
792
884
862
865
819
922
811
797
749
660
602
596
534
516
679
474
415
264
320
267
152
197
84
31
-41
-111
-206
-133
-19
-146
7
26
10
94
-10
110
145
123
127
3
-49
-94
-171
-259
-228
-299
-325
-453
-483
-489
-562
-617
-621
-636
-515
-448
-462
-403
-438
-496
-485
-357
-284
-289
-205
-228
-174
-136
-146
21
113
44
60
212
117
37
192
164
222
259
366
413
344
474
432
385
394
427
503
457
583
564
428
363
300
328
318
348
330
258
227
170
165
83
98
275
143
213
245
145
165
260
206
130
7
-135
-250
-333
-234
-223
-216
-395
-479
-506
-576
-563
-719
-772
-785
-848
-955
-904
-870
-980
-1093
-1138
-1208
-1291
-1323
-1348
-1235
-1237
-1236
-1188
-1252
-1203
-1163
-1160
-1101
-1073
-1116
-1068
-1001
-1017
-1017
-1076
-1100
-1138
-1121
-1003
-1016
-1061
-994
-1097
-1043
-1057
-1135
-1044
-1124
-1021
-1029
-889
-706
-585
-501
-450
-333
-256
-88
-170
-117
-46
-92
37
73
166
205
213
299
347
337
359
330
316
289
286
327
343
332
272
232
273
189
154
-23
-18
27
112
183
237
423
295
381
193
211
331
337
236
188
263
153
9
118
219
158
266
144
186
173
101
44
29
82
133
230
72
38
100
14
46
-17
-7
22
68
113
111
35
-7
-3
-113
-136
-103
-104
-204
-115
-122
-156
-168
-127
-99
-69
38
-72
18
101
14
60
152
105
14
21
-30
67
5
3
79
77
181
238
186
122
182
25
-30
-77
-186
-152
-114
-54
39
41
35
-63
-194
-223
-127
-121
-10
-19
-85
-45
-176
-187
-259
-220
-180
-206
-208
-277
-442
-493
-426
-336
-413
-415
-330
-397
-438
-419
-323
-341
-305
-212
-180
-348
-293
-341
-230
-82
-31
-69
-110
-88
-12
-18
75
153
224
203
272
478
678
643
810
961
948
990
863
908
931
997
1088
1087
1005
1161
1198
1096
1144
1110
1080
1311
1239
1324
1476
1529
1615
1604
1710
1677
1624
1533
1375
1289
1262
1188
1225
1208
1289
1374
1204
1171
1108
916
861
726
685
579
576
360
316
331
356
364
253
192
5
-59
-224
-152
-250
-219
-240
-186
-269
-408
-422
-610
-645
-635
-672
-444
-283
-200
-197
-220
-218
-165
-186
-412
-270
-295
-260
-65
-44
96
0
0
0
0
0
0
0
0
0
0
0
0
0
0
0
0
0
0
0
0
0
0
0
0
0
0
0
0
0
0
0
0
0
0
0
0
1
0
0
0
0
-1
0
0
0
0
0
0
0
0
0
0
0
0
0
0
0
0
0
0
0
0
0
0
0
0
0
0
0
0
1
0
0
0
0
0
0
0
0
0
0
0
0
0
0
0
0
0
0
0
0
0
0
0
0
0
1
1
0
0
0
-1
1
1
0
0
0
0
0
0
0
0
0
0
0
1
0
0
0
0
0
0
0
0
0
0
0
0
0
0
0
0
0
0
0
0
0
0
0
0
0
0
0
0
0
0
0
1
0
1
0
0
0
0
0
0
1
0
0
1
-1
0
0
0
0
0
0
0
0
0
0
0
-1
0
-1
0
0
0
0
0
-1
0
0
0
0
0
0
0
0
0
0
0
0
0
0
0
-1
0
0
0
0
0
0
1
0
0
0
0
0
0
0
0
0
0
0
0
0
0
0
1
0
1
0
0
0
0
1
0
0
0
-1
0
0
0
0
0
0
0
0
0
0
0
0
0
0
0
0
0
0
0
0
0
0
0
0
0
0
0
0
0
0
0
0
0
0
0
0
0
0
0
0
0
0