0
0
0
0
0
0
0
0
0
0
0
0
0
0
0
0
0
0
0
0
0
0
0
0
0
0
0
0
0
0
0
0
0
0
0
0
1
0
0
0
0
-1
0
0
0
0
0
0
0
0
0
0
0
0
0
0
0
0
0
0
0
0
0
0
0
0
0
0
0
0
1
0
0
0
0
0
0
0
0
0
0
0
0
0
0
0
0
0
0
0
0
0
0
0
0
0
1
1
0
0
0
-1
1
1
0
0
0
0
0
0
0
0
0
0
0
1
0
0
0
0
0
0
0
0
0
0
0
0
0
0
0
0
0
0
0
0
0
0
0
0
0
0
0
0
0
0
0
1
0
1
0
0
0
0
0
0
1
0
0
1
-1
0
0
0
0
0
0
0
0
0
0
0
-1
0
-1
0
0
0
0
0
-1
0
0
0
0
0
0
0
0
0
0
0
0
0
0
0
-1
0
0
0
0
0
0
1
0
0
0
0
0
0
0
0
0
0
0
0
0
0
0
1
0
1
0
0
0
0
1
0
0
0
-1
0
0
0
0
0
0
0
0
0
0
0
0
0
0
0
0
0
0
0
0
0
0
0
0
0
0
0
0
0
0
0
0
0
0
0
0
0
0
0
0
0
0
-60
61
236
407
560
572
560
604
692
769
734
523
409
548
593
685
801
836
705
624
575
677
649
601
597
678
748
734
585
454
443
361
394
276
294
356
306
290
199
47
87
5
-18
80
51
78
110
130
247
381
332
140
120
3
-88
30
79
30
68
254
194
319
292
100
189
31
157
165
121
8
86
122
66
135
70
-31
-123
-138
-176
-27
65
61
107
212
227
294
416
505
459
430
511
415
366
471
443
349
371
314
316
277
133
80
129
50
48
67
-47
78
142
144
213
236
290
228
147
177
215
286
122
226
416
409
466
524
415
463
417
416
384
253
133
200
147
127
197
191
256
319
332
347
408
368
338
287
296
207
250
383
307
409
309
221
231
116
94
-57
0
1
20
76
175
153
242
304
215
266
225
330
339
190
108
157
133
255
245
181
143
57
184
112
74
185
133
48
51
-45
-2
107
73
-6
-91
9
-118
-171
-136
-155
-125
-204
-193
-177
-236
-268
-293
-431
-440
-462
-466
-366
-413
-420
-482
-502
-503
-389
-413
-434
-446
-551
-342
-395
-172
-155
-261
-138
-155
-83
-29
14
36
-91
-75
50
-118
-70
-51
70
267
289
120
187
210
207
85
109
57
41
89
21
196
115
28
7
46
-96
-15
-9
-131
-74
-240
-226
-190
-328
-334
-427
-408
-388
-214
-189
-187
-163
-120
-102
-50
78
104
143
201
322
303
248
247
127
237
217
341
360
388
369
309
384
442
416
309
213
126
31
-23
-36
-188
-227
-260
-259
-230
-408
-342
-219
-166
-207
-341
-405
-509
-568
-486
-494
-424
-391
-580
-570
-515
-413
-495
-394
-379
-452
-521
-600
-553
-540
-540
-624
-539
-561
-533
-451
-411
-370
-306
-426
-378
-314
-390
-487
-500
-548
-557
-680
-544
-377
-270
-252
-249
-188
-192
-161
-28
42
-171
-99
-309
-199
-276
-171
-246
-342
-346
-512
-271
-211
-198
-195
-160
-314
-255
-302
-202
-265
-295
-361
-316
-255
-103
81
27
-30
-299
-418
-450
-499
-563
-553
-656
-565
-639
-539
-417
-320
-313
-297
-144
-74
-124
30
52
50
22
34
6
-119
-65
-71
19
-70
-65
-66
-245
-102
-33
34
-35
-60
76
-85
-127
-133
-161
-228
-196
-306
-344
-305
-217
-268
-205
-89
-119
-125
-23
-20
60
73
-25
21
-20
-23
-73
62
-83
-241
-213
-116
-134
-50
82
54
-47
-26
-79
-148
-82
-54
141
160
153
143
136
235
332
347
380
373
245
329
240
388
338
375
560
612
587
684
594
664
689
708
847
943
1024
915
888
822
863
811
849
742
673
745
713
893
812
788
753
856
834
679
568
457
372
362
382
475
408
409
495
470
564
602
558
400
360
272
-24
-59
-6
-262
-278
-360
-437
-483
-527
-668
-755
-756
-833
-726
-849
-783
-791
-723
-657
-718
-586
-560
-689
-582
-442
-376
-349
-262
-267
-230
-209
-167
-200
-301
-378
-408
-372
-421
-339
-324
-231
-319
-361
-344
-520
-649
-597
-593
-472
-471
-486
-480
-459
-406
-355
-323
-327
-249
-250
-268
-142
-105
-188
-90
-28
-105
-127
-142
-97
-171
-208
-256
-321
-431
-326
-287
-422
-573
-531
-434
-472
-558
-669
-583
-454
-426
-445
-422
-432
-365
-252
-262
-173
32
199
358
360
428
437
377
409
363
494
242
323
455
301
428
513
371
307
248
120
240
75
44
17
25
220
304
211
195
178
77
33
36
92
110
75
102
19
59
34
-64
-55
-185
-237
-227
-101
-125
-4
-156
-133
-48
-121
-276
-314
-299
-490
-574
-672
-547
-723
-751
-689
-895
-919
-953
-1002
-1059
-932
-923
-899
-750
-727
-739
-590
-607
-545
-498
-589
-523
-568
-496
-482
-562
-574
-560
-718
-701
-657
-654
-662
-566
-623
-657
-850
-829
-944
-1055
-1202
-1166
-1155
-1287
-1098
-1187
-1082
-1049
-1072
-930
-1053
-1071
-1084
-957
-932
-944
-843
-844
-881
-932
-813
-828
-792
-725
-659
-665
-620
-473
-331
-361
-430
-266
-263
-150
-172
-100
-53
-69
173
161
231
303
302
409
405
503
482
489
542
536
499
457
399
359
268
209
295
163
99
204
236
326
366
250
229
322
280
376
319
291
402
300
363
350
417
483
560
537
485
514
607
591
556
604
633
529
508
465
497
564
628
574
500
496
483
510
534
481
640
822
1090
1166
1290
1414
1486
1453
1485
1457
1420
1628
1542
1541
1477
1437
1440
1158
1102
1050
981
1047
1069
998
1037
1121
1121
1142
1178
1216
1297
1203
1104
1093
986
990
1077
908
757
660
788
806
736
752
665
647
582
557
505
594
494
487
491
292
316
283
202
258
180
86
17
-25
59
52
4
25
129
-16
-90
-36
-71
-49
-98
20
37
-4
-54
-150
-145
-80
-6
32
-107
-278
-107
34
-49
-88
-60
-49
-101
-33
-63
-125
-190
-289
-341
-408
-430
-425
-401
-421
-502
-489
-621
-611
-515
-522
-562
-393
-426
-500
-504
-463
-416
-410
-513
-605
-509
-533
-369
-454
-337
-281
-310
-199
-242
-251
-170
-347
-170
-88
-110
231
176
220
296
292
340
374
545
415
468
448
522
545
610
702
751
799
892
916
800
797
769
822
711
773
682
583
547
426
444
489
341
431
311
94
94
-28
77
40
-12
-95
-109
-297
-272
-143
-320
-358
-232
-258
-201
-284
-250
-221
-195
-140
-160
-194
-273
-285
-400
-492
-321
-251
-33
102
2
101
-12
-45
36
99
170
164
58
58
67
119
-23
-103
-96
-272
-249
-429
-404
-344
-587
-561
-579
-622
-493
-668
-563
-497
-657
-766
-786
-792
-826
-838
-919
-974
-964
-850
-819
-821
-805
-644
-633
-560
-626
-568
-434
-278
-304
-314
-282
-283
-259
-364
-309
-219
-441
-414
-374
-459
-373
-450
-343
-336
-324
-313
-316
-431
-317
-233
-159
-110
-57
-92
-53
-118
-308
-358
-403
-399
-380
-287
-252
-5
133
-13
-37
-47
-175
-168
-32
-138
-36
-60
-101
-125
-153
-101
-183
-157
-203
-137
-219
-266
-119
-104
-169
-67
-90
1
209
264
386
504
538
499
731
646
748
740
905
952
882
1091
1100
1227
1285
1448
1432
1376
1289
1200
1317
1227
1259
1108
1028
1119
1070
1078
1070
1094
1164
1283
1375
1230
1210
1267
1249
1312
1383
1466
1545
1424
1355
1415
1422
1355
1420
1351
1183
1070
954
917
782
762
585
520
284
147
123
48
26
-137
-49
68
70
68
7
-34
-29
-115
-137
-280
-360
-377
-368
-302
-257
-109
-242
-263
-161
-98
-22
-94
10
71
136
91
130
145
48
173
186
99
-11
78
80
210
235
191
117
89
227
205
234
251
150
39
-9
-149
-328
-338
-442
-495
-366
-385
-378
-336
-257
-319
-247
-286
-308
-344
-372
-355
-218
-207
-277
-154
-222
-129
-117
-236
-224
-380
-450
-486
-544
-406
-435
-255
-190
-224
-246
-234
-350
-309
-252
-338
-267
-76
-50
-124
-74
-172
-151
-238
-114
4
-76
-125
-55
99
57
43
135
-18
17
46
32
-30
-81
-124
-140
-226
-262
-139
-145
-100
-176
-149
-112
-195
-195
-277
-137
-149
38
73
13
91
206
248
121
209
139
215
117
26
56
11
-6
36
82
279
477
510
512
425
497
495
550
497
434
458
405
430
411
358
378
316
326
209
258
229
73
39
-55
-36
-75
6
80
-5
77
103
139
151
0
30
29
61
70
7
-25
43
27
124
13
-152
-131
-19
-135
-263
-176
-219
-274
-274
-376
-467
-540
-573
-556
-578
-704
-775
-720
-741
-712
-757
-671
-694
-678
-475
-456
-454
-374
-293
-304
-418
-394
-441
-432
-442
-465
-353
-467
-481
-529
-456
-375
-375
-278
-261
-342
-306
-338
-365
-316
-328
-406
-502
-379
-357
-306
-353
-306
-285
-284
-360
-232
-289
-314
-379
-438
-327
-343
-331
-397
-469
-506
-463
-372
-274
-347
-275
-281
-341
-266
-432
-511
-506
-550
-341
-164
-155
-28
-60
-53
-190
-118
-94
-207
-320
-399
-333
-341
-236
-218
-321
-259
-153
-201
-122
-141
-4
5
10
88
73
175
204
253
235
118
117
172
140
192
130
167
28
197
95
72
102
-1
-53
52
235
139
331
399
513
518
436
451
417
335
338
362
422
450
497
558
538
554
590
563
539
422
457
430
535
399
458
432
255
408
288
301
304
329
454
166
319
375
189
288
249
419
313
393
495
394
341
264
235
262
289
218
184
23
149
102
98
112
151
93
-14
232
132
42
-165
-352
-361
-408
-363
-308
-316
-278
-270
-311
-534
-469
-401
-556
-655
-796
-809
-891
-791
-799
-906
-773
-886
-658
-639
-589
-510
-376
-259
-243
-132
-224
-122
-135
-19
95
168
114
100
188
219
219
161
182
232
125
106
44
114
122
-44
88
-15
-60
83
165
170
244
391
440
326
375
348
553
672
723
823
863
662
649
670
456
363
447
410
280
392
541
622
558
660
625
555
464
403
393
285
384
463
481
372
397
439
401
563
593
632
634
600
620
538
536
541
329
410
359
304
281
247
272
113
79
35
11
-9
-41
2
72
-86
-126
-29
-111
-178
-157
-43
-120
-148
-247
-342
-280
-270
-255
-263
-347
-413
-441
-308
-272
-301
-86
-183
-132
-101
-61
-48
-156
-237
-448
-464
-356
-370
-317
-144
-232
-272
-297
-299
-249
-116
-103
-167
-162
-231
-150
-160
-126
-127
-193
-68
-105
-6
-52
14
124
72
223
192
329
328
441
527
510
447
360
419
412
376
381
358
319
491
417
467
295
231
299
137
124
16
-54
8
6
13
51
137
236
50
-190
-221
-310
-370
-302
-365
-559
-513
-591
-764
-916
-1042
-1213
-1447
-1627
-1783
-1742
-1845
-1839
-1946
-2119
-2291
-2435
-2547
-2431
-2451
-2403
-2432
-2687
-2661
-2739
-2782
-2754
-2714
-2701
-2890
-2865
-2914
-2936
-2973
-3042
-3099
-3097
-3153
-3023
-2980
-2792
-2786
-2831
-2663
-2628
-2478
-2354
-1874
-1758
-1386
-1199
-1130
-870
-551
-64
397
1019
1372
1755
1953
2322
2888
3226
3654
3811
4148
4560
4640
5003
5107
5118
5095
4931
5039
5205
4993
4918
4909
4778
4731
4667
4485
4372
4256
4136
4175
3958
3705
3507
3172
3059
2841
2574
2399
2238
2126
2171
1955
1815
1709
1376
1180
1159
1018
896
822
670
515
308
75
-187
-330
-439
-549
-667
-902
-1196
-1485
-1927
-2272
-2605
-2818
-3192
-3447
-3555
-3678
-3840
-3963
-4137
-4362
-4518
-4606
-4816
-4992
-5115
-5241
-5399
-5683
-5867
-6143
-6284
-6356
-6407
-6347
-5681
-4700
-4481
-5013
-5363
-5435
-5009
-4408
-3489
-2835
-2135
-1355
-976
-427
213
1442
2413
3177
3459
4170
5196
6007
6770
6913
6658
6568
6787
7028
7090
7101
6981
6705
6485
6217
5837
5144
4434
4063
3919
3894
3823
3722
3276
2877
2524
2210
1980
1552
1495
1663
1669
1634
1587
1176
660
441
319
231
160
32
122
209
44
-265
-721
-1034
-1096
-959
-935
-918
-903
-785
-517
-539
-555
-748
-901
-795
-458
-222
-107
23
40
299
371
428
454
512
723
1086
1256
1168
1023
986
1056
1123
1063
903
809
777
825
822
575
115
-42
-240
-258
-416
-640
-747
-900
-1011
-1337
-1681
-1878
-2277
-2583
-2689
-2912
-3142
-3381
-3732
-4146
-4496
-4794
-5083
-5397
-5451
-5513
-5609
-5726
-5449
-4564
-3886
-4224
-4946
-5252
-5041
-4456
-3738
-2821
-2307
-1804
-1465
-1030
-547
177
1136
1395
1723
2269
2995
3873
4461
4770
4668
4645
4873
5271
5341
5262
5314
5077
4788
4532
4384
3939
3182
3063
2997
3013
3014
2850
2692
2228
1988
1725
1562
1262
1050
1203
1136
1234
1056
700
212
-95
-216
-505
-606
-727
-605
-576
-462
-743
-948
-1166
-1548
-1567
-1577
-1583
-1491
-1368
-1038
-848
-856
-1127
-1351
-1282
-912
-597
-535
-572
-509
-253
-376
-251
-437
-558
-543
-452
-34
131
112
-146
-381
-420
-366
-414
-477
-527
-543
-350
-485
-901
-1341
-1505
-1706
-1711
-1715
-2175
-2346
-2581
-2752
-3116
-3732
-4290
-4872
-5110
-5314
-5730
-6261
-6530
-6738
-6960
-6724
-5753
-5290
-5634
-6081
-6231
-5788
-5193
-4297
-3590
-2833
-2189
-2122
-1720
-1271
-165
992
1570
1778
2194
3329
4265
4916
5087
4924
4777
4876
5254
5282
4825
4691
4920
4836
4767
4762
4339
3500
3084
2939
2918
3018
3097
2962
2840
2877
2838
2909
2697
2695
2809
2952
3314
3332
3075
2776
2695
2615
2633
2375
2160
2195
2312
2463
2088
1788
1369
1194
1227
1206
1015
523
402
295
396
573
437
190
47
-22
95
266
86
-333
-476
-632
-511
-264
-87
-285
-468
-434
-702
-904
-1094
-1197
-1477
-1795
-1999
-2241
-2410
-2509
-2577
-2877
-3190
-3244
-3229
-3319
-3337
-3424
-3714
-3849
-4204
-4533
-4782
-4993
-5064
-5233
-5334
-5640
-6000
-6288
-6754
-7177
-7630
-7931
-8234
-7953
-6948
-5759
-5170
-5864
-6341
-6329
-5900
-5129
-4158
-3295
-2519
-1525
-939
-363
261
1400
2291
2837
3276
3959
5242
6102
7226
7589
7596
7206
7053
7299
7234
7159
7265
7739
7567
7434
7549
6954
5986
5584
5220
4961
4912
5104
5218
4845
4818
4710
4335
3747
3316
3299
3217
3098
3000
2861
2236
2041
2182
1940
1311
750
537
530
333
144
-339
-803
-806
-903
-960
-1283
-1705
-2156
-2280
-2250
-2072
-1941
-1986
-1873
-1735
-1848
-2273
-2560
-2516
-2079
-1706
-1644
-1675
-1701
-1532
-1270
-1075
-1364
-1887
-2077
-1880
-1583
-1271
-1293
-1535
-1924
-1714
-1487
-1348
-1424
-1469
-1076
-961
-647
-568
-471
-590
-666
-695
-954
-1394
-1697
-1531
-1514
-1688
-2053
-2606
-2929
-3244
-3634
-3997
-4444
-4767
-4736
-3970
-2591
-2448
-3331
-4224
-4511
-4257
-3734
-2821
-2213
-1285
-621
-237
-13
499
1735
2430
2862
2977
3435
4692
5704
6575
6631
6307
5638
5502
5799
5731
5542
5571
5493
5227
5110
5194
4656
3638
2801
2220
2048
2060
2148
1972
1632
1238
1266
924
496
343
-55
31
-65
54
-81
-66
140
93
-77
-427
-643
-918
-802
-771
-990
-1131
-1287
-1061
-949
-613
-462
-944
-1332
-1488
-1248
-1180
-897
-806
-969
-1169
-1192
-1110
-1134
-1039
-1048
-1170
-1123
-792
-348
-201
-178
-346
-787
-1033
-957
-619
-496
-702
-1041
-1209
-1314
-1183
-887
-851
-982
-1196
-1331
-1518
-1675
-1770
-1722
-1672
-1782
-1835
-2004
-2087
-2003
-2108
-2413
-2809
-3180
-3262
-3214
-3318
-4012
-4748
-5335
-5551
-5615
-5093
-3829
-2784
-3027
-4052
-4448
-4369
-4351
-3928
-2856
-1916
-1164
-226
521
833
1615
2817
3251
3421
3758
5171
6500
7412
8134
8106
7666
7081
7424
7534
6614
5296
4913
5032
4810
4893
4905
4219
2859
2056
1737
1512
1495
1767
2316
2499
2754
3432
3960
3913
3752
4084
4096
3482
2935
2761
2592
2503
2781
2348
953
-436
-956
-1357
-2191
-2860
-3226
-3365
-3219
-2308
-1933
-2762
-3505
-3207
-2676
-2512
-2005
-1109
-302
743
1661
2119
1597
604
326
-102
-131
-150
162
324
30
-455
-1978
-3563
-4489
-4308
-4282
-4138
-4192
-4313
-4032
-3990
-3583
-3584
-3802
-3889
-3480
-2655
-2097
-1442
-1123
-815
-933
-1345
-2050
-3126
-3869
-4291
-4583
-5282
-6261
-7020
-8029
-9441
-10860
-12312
-12986
-13323
-12733
-8640
-1514
2914
2018
811
365
-637
-941
3073
8774
12442
14094
14873
14767
13164
12715
11525
9119
6989
7089
7705
6687
4788
2955
576
-3547
-6822
-8485
-8837
-7249
-2626
1923
3817
4504
5610
5794
4388
4102
5889
8648
11153
13402
14126
12734
9730
6844
4475
1879
14
-581
-300
-598
-1575
-3297
-5707
-7636
-8412
-7845
-6617
-4505
-1712
992
3161
4302
4356
4055
4633
6345
8291
9215
8965
8501
7795
6076
3942
2018
373
-1009
-2297
-3147
-3892
-4355
-4621
-4988
-5564
-5692
-4914
-3779
-2121
-689
45
527
1039
892
857
588
297
146
-394
-552
-429
-367
-1415
-2539
-3402
-4140
-4666
-4726
-4435
-4029
-3744
-3465
-3320
-3519
-3186
-2816
-2361
-2316
-2403
-2643
-2865
-3176
-3882
-5262
-6679
-7560
-8810
-10539
-12045
-12871
-13545
-9539
533
7476
5507
3147
2933
297
-2098
1268
8681
12464
13708
12893
11439
10521
10515
8165
3010
1507
2435
3818
3592
1460
-2931
-6619
-9173
-11171
-11379
-9572
-5355
557
5682
7445
8128
9435
10050
8519
8100
9385
10855
11845
11595
9327
5922
2314
-2120
-5844
-8066
-8876
-8636
-6701
-5126
-5534
-6822
-6687
-5837
-5460
-3793
-266
4054
7800
10226
11185
10237
7934
6296
5460
4482
3649
3071
2257
1170
-224
-2910
-6071
-7864
-8631
-8195
-7061
-5423
-4150
-2675
-1125
-448
90
1236
2286
3344
5053
6151
6550
6332
5649
4077
1158
-1902
-3635
-4447
-4540
-4543
-4434
-3862
-3907
-4564
-5034
-4272
-3566
-2335
-390
1553
2479
2605
3113
2754
1015
-1073
-2449
-3928
-4522
-5007
-5764
-6654
-7524
-9128
-11482
-13783
-15438
-15613
-15694
-15342
-14255
-5846
6196
10927
6714
4787
3714
-471
-2138
1988
9032
11789
12034
8851
7429
7469
6349
819
-4271
-4303
-1569
2183
2738
-91
-4670
-7070
-9156
-9049
-8206
-6769
-2697
4125
7966
8517
10640
12333
10536
6859
5789
5742
7169
8675
8017
5513
3553
950
-3236
-6533
-8102
-8570
-7380
-3731
-996
-1204
-1379
46
452
-183
481
3127
6588
9358
10294
10277
8770
5552
1788
-553
-1348
-2184
-3603
-3962
-2992
-3201
-4983
-6370
-6879
-7713
-8104
-6782
-4027
-1889
-397
607
1159
1182
1009
712
1234
2663
3369
3878
4134
4066
2474
6
-2522
-4047
-4142
-3833
-2959
-1855
-901
-978
-1785
-1894
-846
213
927
2477
4272
4710
3938
2851
532
-2249
-4132
-5275
-5529
-5585
-5428
-4827
-3451
-3833
-6554
-8987
-9693
-9966
-10051
-9599
-9758
-9691
-6613
2371
9455
9569
6949
4485
156
-3626
-1790
4358
9666
11058
8510
6719
8805
9982
6540
371
-1260
1103
4120
5464
4195
239
-3741
-5759
-7452
-8334
-8832
-7071
-2579
2590
7143
11125
12867
11884
8562
5566
5201
7734
10250
9996
8835
8612
7280
3000
-2207
-6621
-8989
-7880
-3829
-1135
-1048
-796
277
129
-1153
-1644
-311
2465
5822
8354
9504
9221
6554
2470
-1179
-3218
-4218
-4413
-4291
-3022
-2174
-3239
-4878
-5843
-6913
-7982
-6667
-4551
-1805
1012
2666
2466
1577
1131
515
-72
938
3002
4133
4774
5072
3172
-261
-3323
-4986
-4987
-4380
-3842
-2752
-1675
-1948
-3504
-4295
-3352
-1795
-614
1930
5446
6695
5528
3306
808
-1615
-3914
-5520
-5810
-5712
-5581
-5392
-5884
-6847
-8450
-9944
-10822
-12185
-12890
-11996
-12175
-11396
-3738
6756
10279
7265
5147
1884
-1599
-2457
1758
7247
9784
9658
7583
9206
11628
11021
4685
-1329
-3240
-1033
2664
3080
340
-2976
-5163
-7724
-9127
-10332
-11253
-8798
-1884
4167
8644
12089
12882
9998
6063
4139
4560
6754
8072
8078
8373
8875
6139
554
-5323
-9827
-11484
-9107
-5029
-2322
-1717
-373
1835
2228
-13
-1629
-694
2226
5776
8722
10158
8619
4824
18
-3468
-4801
-5554
-7193
-6665
-3155
-252
-271
-1741
-3701
-6352
-7519
-6308
-3494
-198
2880
4188
3675
2586
657
-1144
-1249
-103
1314
3232
5654
6455
4575
1084
-1796
-3558
-4354
-3469
-2014
-258
1076
908
-1280
-2690
-2248
-1026
375
2966
5811
6424
4884
2678
218
-3147
-5692
-8010
-9254
-9472
-8188
-7468
-7221
-8345
-11525
-13942
-14441
-13661
-13754
-13438
-11918
-2175
7462
8493
4380
2887
249
-5499
-6497
-2010
4539
6749
6978
5533
7627
10821
9494
1870
-3792
-4230
-1000
3401
2961
-1138
-4188
-3994
-6856
-9221
-10445
-9990
-6910
543
6864
9839
12701
13834
11465
8318
7298
7358
7804
8238
9206
10255
11516
9520
4602
-1122
-4950
-7103
-7310
-5448
-3307
-1725
-189
1411
1428
162
-1168
-1034
1035
4226
6923
8270
8263
7156
3930
57
-2272
-3785
-5622
-5514
-2373
1475
3248
2618
817
-2047
-4357
-4843
-4555
-2882
288
3206
4926
4002
1190
-2200
-3743
-3181
-1195
1378
3887
5298
5443
3869
774
-2204
-3796
-2746
-475
2078
3448
3758
2627
-119
-1853
-1686
-691
1015
3515
5834
6913
5243
1375
-2397
-5694
-8586
-10201
-9112
-7894
-8066
-8726
-10402
-13366
-15484
-16722
-16815
-14436
-6245
5598
12090
11663
8300
3142
-3221
-6656
-4982
730
5789
7786
6396
7003
8871
8395
3529
-3008
-5873
-3740
1845
4368
2842
-247
-1802
-4044
-7674
-11364
-11507
-7033
548
7684
11651
12884
13236
12434
9319
6676
6237
7177
7137
7171
8434
9584
8337
5136
1758
-617
-2426
-2575
-2322
-2570
-1701
73
904
320
-628
-1040
-56
1645
2646
3814
6477
7698
6140
4488
4161
2531
-575
-3588
-5388
-5552
-5444
-4395
-1887
955
2358
1607
-904
-3710
-4910
-3654
-1501
839
2964
4640
4162
1652
-1138
-3997
-5074
-3794
-974
479
1483
2477
1962
-723
-3546
-3402
-1658
391
2339
3766
3723
2550
321
-2403
-3996
-3720
-1820
616
2351
2662
1383
-2440
-6673
-9651
-11746
-13559
-12823
-11171
-10616
-10850
-11835
-14774
-17598
-17116
-9529
3222
12662
13414
10398
7372
2470
-3158
-6201
-2782
1489
3951
4283
6289
9253
9175
3056
-4677
-6957
-5264
-1233
1613
2517
2475
4121
2937
-2819
-9787
-11694
-7764
151
8094
12563
13967
13865
11884
6410
1853
16
869
2570
5240
7501
7782
5536
2398
-837
-3235
-3784
-2548
-1163
217
2761
5125
4678
1721
-936
-1810
-798
972
2393
3691
6222
7896
6433
2961
539
74
-65
-534
-1755
-3342
-4611
-4700
-4417
-3803
-2775
-1439
-184
575
1613
3129
2888
1772
2248
3111
3336
3120
2066
957
-598
-3533
-6122
-6297
-5104
-4071
-3613
-2901
-1839
-2082
-1586
618
2376
2856
3897
4202
2958
494
-1575
-2829
-3610
-4311
-4577
-3720
-2366
-1808
-3433
-6659
-9849
-12346
-14035
-15069
-14809
-13080
-12001
-12165
-11590
-4640
4817
8128
5212
3099
2633
2005
800
1565
3998
5467
3876
543
368
2888
4715
709
-3842
-5546
-3214
-520
-924
-2577
-658
3734
3974
-50
-4605
-5667
-2410
4441
9465
11574
13450
14958
11860
6912
3278
996
374
2033
5031
7223
8414
7260
3920
346
-1748
-2575
-2172
-1069
664
2542
4886
5537
3219
167
-591
-4
302
441
1627
4201
6584
6773
3834
1135
40
-432
-1059
-540
-738
-817
-49
1015
874
-782
-2750
-5215
-6047
-4089
851
5400
8248
7313
4450
3090
2391
694
-1168
-1428
-814
149
-315
-1690
-4772
-7738
-8419
-6567
-4368
-2434
464
3446
5785
6722
6773
4809
2303
195
-976
-2300
-3807
-5244
-7633
-9249
-8655
-7573
-7773
-9803
-12854
-13952
-13160
-11958
-11037
-10775
-10168
-3766
5963
11753
10929
7605
3125
-1174
-2900
-716
3901
6500
7003
4754
4002
3701
2960
-1979
-7695
-9408
-5454
469
2054
376
-680
1144
1883
1013
-1483
-2519
-707
5744
12177
14856
14110
12627
10685
7161
3794
1036
-614
-1009
930
3471
5223
4867
2598
-437
-1900
-1366
498
2004
3379
4874
5988
6756
5763
2705
245
592
2564
3977
3838
4076
4325
4094
3020
2023
1216
1354
1572
1377
1554
1038
-737
-3088
-3584
-2519
-865
-1741
-3287
-3876
-2801
-1013
471
1408
2460
2819
2736
2357
1017
7
-1291
-2886
-4607
-4783
-4950
-5092
-6088
-7671
-8602
-7977
-5768
-2602
76
1132
2031
2506
2522
903
-684
-1595
-2642
-4648
-6018
-7444
-10364
-12845
-14179
-15428
-15896
-15101
-13075
-10916
-9946
-10043
-6189
2831
10674
13349
13614
12330
7717
4025
2335
3888
6289
8140
5377
2851
3575
3927
471
-5129
-7653
-7845
-4189
-1735
-2073
-2870
-51
2318
2368
975
-503
-254
2884
8448
12961
16205
16401
14631
10751
6819
3236
620
-877
-1483
-561
1476
2983
2257
-938
-4534
-5236
-4256
-2636
-384
2589
5296
6754
7382
6750
4550
1887
1397
2883
4298
4753
3752
2241
1388
630
-784
-788
-328
-483
263
1849
2430
329
-2508
-3675
-3364
-3616
-4176
-4865
-4492
-2539
-15
2121
2478
1612
771
1382
1418
490
-618
-1535
-2836
-4126
-5790
-8363
-9730
-9780
-9160
-8809
-8283
-7313
-5467
-2526
205
2060
2758
3010
1943
-220
-1813
-3651
-7395
-10125
-10935
-11542
-12983
-15492
-18239
-18887
-17552
-17875
-19204
-16762
-6974
5251
13085
13755
12304
10413
9128
7518
8526
11579
13156
11735
9571
9511
8243
5460
-1689
-9062
-12213
-8255
-4522
-4760
-6039
-5494
-3742
-2959
-1947
-1841
610
5762
11672
14243
14856
15053
14887
12794
8755
5316
3608
3503
2475
1198
378
-591
-2281
-5100
-6919
-6166
-3774
-1483
484
1768
2560
3013
2617
2430
3276
5120
6565
8567
9986
10116
8483
5631
2607
625
681
1368
1224
801
1563
1095
-24
-1343
-2359
-2295
-1029
374
715
542
-503
-2169
-3564
-2590
72
1886
2791
4406
5939
5157
2745
-454
-2446
-2902
-3183
-4198
-5955
-7705
-8417
-8628
-9408
-10428
-11372
-10181
-7286
-3987
-1169
1534
2647
1828
598
-751
-2806
-5945
-9090
-11552
-13282
-15051
-16101
-16994
-17524
-17583
-13120
-4118
3638
5115
4852
7055
9513
11820
13747
17940
21854
24081
20647
16174
14116
12534
8128
1034
-3265
-4648
-3662
-5779
-9906
-13524
-13238
-12029
-10556
-7799
-3636
2229
8402
14373
17528
19765
20117
18907
16089
13180
10337
7241
4783
3173
2556
945
-1400
-4638
-8306
-10482
-9821
-7904
-6359
-5031
-3793
-1805
310
1853
1710
1818
3993
7266
9763
9764
8680
6889
5368
2985
817
-517
-207
-36
-938
-1519
-1766
-1502
-1987
-3242
-4312
-3246
-1962
-1173
63
1460
905
-708
-2222
-3490
-3647
-1752
887
2293
2543
2537
1779
-7
-2336
-5180
-6992
-7070
-7165
-8230
-8984
-9540
-10192
-10962
-11146
-10741
-8671
-6015
-3946
-2910
-2154
-2321
-4071
-5372
-6511
-7713
-9983
-12081
-13879
-14468
-14831
-15463
-11846
-4268
2082
1995
779
2275
4769
6303
6952
11077
16309
21238
21069
18949
17985
18115
15730
9340
4690
2615
3320
630
-4221
-8831
-10020
-11104
-12533
-11892
-8398
-2811
2940
8514
11027
12309
12924
14687
15537
15728
15728
14844
12208
7723
3141
-1129
-4461
-6904
-7511
-7140
-6198
-5584
-6352
-7222
-7338
-6592
-5998
-4876
-3881
-1521
2282
6390
8826
8771
8158
7418
6764
5591
4327
3030
2537
1235
-1548
-4220
-5456
-6134
-6150
-4102
-2224
-1212
-1003
-618
55
1435
2231
1138
277
35
-795
-2640
-4133
-5773
-6196
-5130
-4227
-4177
-4231
-4638
-5833
-7188
-8375
-9173
-9085
-7859
-6706
-6967
-8384
-8928
-9361
-10400
-11194
-9883
-7662
-6528
-6257
-7094
-8439
-10586
-12745
-14176
-15034
-16123
-16845
-11851
-2386
5253
4511
2216
2296
3710
6605
10185
16229
19367
21085
19045
17655
16699
15720
12164
7257
6142
7058
8414
4688
-247
-5054
-6068
-6393
-6374
-5790
-4281
-168
4658
9586
11393
11745
11066
11595
12941
14425
15231
14428
11999
8451
6071
3955
1800
-1695
-4796
-6598
-7353
-8268
-8109
-6685
-5507
-3831
-2441
-1006
-480
374
1454
3330
5136
6946
7196
6679
7406
7573
6611
4745
3426
1814
1785
1040
-1275
-3865
-4491
-3643
-3385
-4123
-5063
-4574
-2562
1247
3956
5076
4740
4185
2839
1651
623
-1254
-3294
-4251
-4008
-4472
-6308
-9296
-12316
-14078
-13761
-12224
-10722
-9303
-8667
-8597
-8115
-7367
-6903
-6337
-5319
-4323
-4223
-4600
-6727
-10409
-13125
-14091
-12817
-11903
-12482
-12971
-7182
-972
408
-3068
-3030
-931
1420
5504
11238
18112
20717
20689
17001
16633
17359
17858
14589
11561
10904
10614
8782
2913
-2674
-6735
-7391
-6789
-5010
-4071
-3087
32
5301
10065
12878
14631
16222
16769
17298
17533
17384
15948
13223
9156
5689
4120
2641
-871
-5266
-7660
-8792
-9775
-10752
-10509
-10262
-8307
-5742
-3101
-1681
-784
-446
-88
2417
5728
7490
6534
6115
6237
6199
4673
2339
492
675
1611
938
-657
-2463
-3821
-4574
-4021
-3892
-3637
-3835
-3427
-1773
1536
4497
4590
2576
1458
2691
3682
3287
568
-1950
-3433
-4948
-8758
-12750
-15100
-16468
-17065
-16533
-14982
-14050
-13719
-14505
-14499
-14561
-12771
-10568
-7497
-5279
-4916
-5017
-7575
-10017
-13078
-12672
-11888
-6259
6
2548
88
-3094
-4488
-6103
-2418
3101
11431
15318
16939
15728
16496
18383
17221
14267
11971
14091
15250
14984
10406
4300
-877
-3589
-5584
-6859
-5516
-3791
-1264
2749
7626
10890
11903
12517
13099
14645
16554
18769
20084
20420
19379
17116
13358
8147
2781
-689
-1447
-1246
-1587
-3819
-7516
-11707
-13877
-15054
-14763
-12856
-8272
-3082
1218
3678
4438
5701
6164
6520
5596
6394
6697
5035
1250
-2385
-4946
-6613
-7211
-7306
-5413
-4019
-4194
-5805
-6861
-5861
-3681
-2330
-1401
673
2988
3940
3864
1907
-822
-2086
-1314
-481
-1722
-4129
-6221
-7248
-7910
-9145
-11590
-14464
-16191
-17015
-18795
-20556
-21182
-21185
-21762
-21021
-20066
-19897
-19321
-16774
-12774
-8913
-6455
-4667
-402
2617
2868
1234
1346
880
1420
3783
7545
9936
7154
3863
3450
8754
13521
15691
14757
14393
14897
13460
9386
3591
258
-808
208
937
786
-548
-1513
361
3555
6181
8340
11110
13827
15193
15887
16642
17396
17902
18341
18781
19124
18114
14186
9977
7551
5896
4628
3496
2360
807
-246
-2073
-4784
-7218
-8293
-7234
-5739
-3742
-1933
720
2821
3944
4224
4521
5743
7567
10083
10578
9118
5412
1269
-2553
-6056
-9093
-11884
-12504
-12645
-13070
-12505
-10506
-8697
-7122
-4209
-1132
1920
4107
5634
5892
5979
5523
4216
1461
-2774
-6685
-9726
-12085
-13592
-15078
-16529
-17630
-18764
-18602
-18562
-18231
-18538
-16616
-16381
-16401
-17233
-16554
-15274
-15366
-15598
-16224
-11106
-6823
-2466
-2106
254
1541
1187
2973
5335
10329
10153
10645
9377
11028
13719
15368
14790
11056
10028
8851
9027
6617
3797
1600
-70
-1143
-3670
-5382
-5611
-3458
-247
2374
4463
6231
8416
10746
12586
15157
17291
19368
20490
21004
20046
17625
15623
13392
12967
12379
11451
7982
4338
1639
-898
-2148
-3309
-3625
-4249
-3593
-2349
-1611
-823
304
1799
2938
5016
6743
7343
7801
8345
8532
8136
7734
6704
5764
5101
3709
749
-3752
-7248
-9724
-11823
-13658
-15208
-16349
-16501
-14932
-13109
-11216
-8721
-6058
-3214
209
3363
4167
3337
1963
379
-1762
-3668
-6102
-8937
-11744
-13382
-16018
-18111
-20082
-21591
-23082
-23557
-23062
-22933
-21025
-20555
-18692
-17893
-12703
-7657
-4055
-3104
-1984
2614
4979
9177
11504
15861
15801
13330
10452
10096
13030
12528
9660
5960
6493
8364
8524
5962
1840
-539
-809
-812
-1517
-3109
-3307
-2864
-1402
1023
926
48
-210
3586
8519
12185
14486
14272
14075
13576
14897
15062
14909
14366
13404
13774
13634
12405
8965
6277
4800
5006
4501
3074
1587
454
-267
-434
-987
-1530
-1562
-408
1302
3214
5754
7453
8076
8158
9579
11406
12689
12867
12959
12616
10017
6222
1846
-1863
-4617
-6261
-7880
-10564
-12388
-14309
-14736
-13663
-12358
-11298
-10775
-9981
-9435
-7646
-6865
-7268
-7543
-6993
-6095
-5966
-6932
-8049
-8370
-9746
-12612
-15151
-16966
-19195
-20654
-22138
-22713
-23402
-23660
-24267
-24618
-21715
-16745
-12639
-12905
-13042
-8829
-3216
2096
4952
8160
10804
11864
13907
16960
22171
24460
22359
16545
11436
10575
10409
9460
5568
1856
133
-1548
-4042
-8398
-10698
-10460
-9021
-6648
-6154
-6626
-6856
-4082
-578
2368
5578
8362
10022
12443
15933
19428
20374
19641
17508
15156
14416
13906
12438
9119
6835
5487
4131
1722
-1863
-3417
-1931
220
491
-55
-67
-105
68
1547
2873
4984
6281
7231
8751
11283
13095
12144
11092
10717
11225
11211
9754
7780
5613
3884
1165
-2181
-5019
-6848
-7224
-7497
-7411
-8843
-11388
-12959
-12827
-11574
-11129
-11385
-11739
-11571
-10829
-10355
-9767
-9584
-9795
-10065
-10942
-11653
-12670
-13789
-15164
-16830
-18469
-19485
-19851
-20684
-22319
-21607
-17509
-14323
-14224
-15860
-12918
-9673
-6723
-3916
152
4500
5494
8673
12414
19115
23640
23946
21978
18611
19449
20465
20912
17925
12066
7436
3835
1825
-1353
-5265
-8334
-9614
-8198
-7200
-7622
-8080
-7553
-4482
-2241
-81
2154
3901
6368
9460
13711
15239
14293
12972
12747
13924
15335
15793
15080
13045
11537
9853
7707
5557
3563
2520
1216
860
136
-819
-1312
-1562
-1414
-852
26
311
1012
3069
6057
8467
10154
10375
11070
11326
11843
12137
12687
12364
10480
8803
6399
4425
1799
250
-1087
-2092
-3617
-6386
-9208
-11059
-11020
-11032
-11232
-11801
-12220
-13080
-12712
-12205
-11650
-12347
-13207
-13037
-12809
-12563
-14034
-15880
-17494
-18418
-17441
-17432
-17813
-19024
-16489
-12582
-11381
-12648
-12911
-9064
-6803
-4031
-3502
-962
-622
-1224
652
5603
12872
13643
12114
9471
12256
17526
20510
20007
16548
14667
13228
12951
12185
10269
6480
2813
747
-858
-2596
-4779
-4864
-3699
-2326
-2276
-1823
-1415
-885
488
3641
7168
8674
9949
10495
11677
13142
14807
14585
13166
11708
11619
11944
10902
8994
6898
6167
4108
1977
467
606
887
218
-508
-1187
-1633
-2532
-2475
-604
2942
4987
4286
2335
3185
5530
7435
7476
6333
6426
6477
6775
5497
4382
3054
1847
1134
556
121
-1797
-3748
-6121
-7748
-8887
-10352
-12287
-14225
-15690
-16522
-16580
-16322
-16766
-17643
-18640
-18648
-18477
-18915
-19648
-19445
-18245
-17927
-18101
-17959
-14262
-11737
-11931
-14375
-13026
-8754
-6301
-4303
-4224
-1666
-622
1021
3419
7482
12004
10236
7489
5024
7221
11205
12727
11098
7429
6626
6945
8155
7887
6150
3178
942
274
849
425
-911
-1975
-2222
-1280
-1089
95
693
1816
3120
5358
7727
8638
7909
7013
7794
9393
10564
9787
8845
8466
9083
8709
7479
6706
6396
6383
6491
7751
7559
6216
4289
3187
1881
860
484
156
-293
-345
941
1056
1160
720
1509
2933
4836
6286
6739
7210
6722
6643
6321
5960
4420
2529
1036
288
-1146
-3345
-5517
-6987
-7495
-8201
-8782
-10070
-11668
-12771
-12389
-11416
-11828
-12882
-14419
-15112
-15179
-15493
-15452
-16971
-17459
-17943
-17810
-18959
-17227
-13436
-12028
-13053
-14245
-10128
-6824
-3017
-1306
997
2953
3561
6294
9815
15865
16938
14117
10717
10754
14996
17131
15320
9578
5317
5131
7160
7395
4822
697
-1527
-1848
-1441
-1494
-3224
-4416
-5432
-4483
-3045
-1147
-791
-2307
-2924
-1158
1924
3779
4250
4430
5985
7622
9666
10516
10953
10766
10402
10181
10549
10385
9223
8091
7448
7004
5999
5198
3884
3363
2237
1960
2642
3569
3599
2668
3283
3994
4165
3301
3182
3340
3647
3540
2784
2453
2226
2009
798
1282
1794
2104
1947
2003
2461
1448
-135
-1980
-3402
-4760
-6414
-8977
-11365
-13823
-15849
-17906
-18577
-19133
-20608
-22007
-22821
-22095
-21083
-19583
-18783
-18784
-18929
-16305
-13239
-12294
-13388
-12500
-9082
-6425
-3019
-1260
1010
1977
3479
6440
9984
14056
14487
14600
14686
17028
20337
21918
20098
16099
14187
14340
14752
13510
11125
7372
4222
2583
2202
586
-2265
-4292
-5113
-4438
-4079
-2973
-3990
-5481
-6351
-4312
-1682
299
2066
2828
4006
5742
8324
8775
8417
8163
9305
10231
9831
9523
9426
9881
8997
7310
5813
5405
5545
5706
6278
6594
6015
4203
3132
2967
4087
5075
5571
5307
5247
5952
6479
6171
4951
4226
3436
3482
3868
3713
2631
1217
146
-448
-1136
-1913
-2525
-3365
-4244
-4921
-5533
-6387
-8345
-10640
-13604
-15536
-17258
-18579
-20572
-21976
-22882
-24649
-26259
-27510
-27902
-27613
-23690
-21104
-20588
-22710
-20373
-15943
-12999
-10941
-9680
-5434
-2762
1027
4940
9726
12726
11916
11951
13864
18505
21609
21127
18112
16088
16630
18109
17869
15234
11301
7548
6218
6744
6422
3488
-567
-2605
-2434
-2207
-3065
-3539
-4138
-5507
-5907
-4010
-2171
-1247
-1382
-1274
-833
622
2894
3994
4671
5376
5746
5124
4616
5636
6675
6408
4843
3367
3161
3709
3575
3132
3002
3217
3057
2161
2319
2748
3581
3431
3162
4366
5306
5237
4143
4867
5556
5411
5391
6205
7068
7151
6812
6494
5945
4652
3115
2301
1787
437
-1566
-3921
-6177
-8303
-10363
-11805
-12350
-12661
-13534
-15180
-16719
-18616
-19976
-20545
-21177
-21459
-21908
-20139
-18227
-18866
-20308
-21101
-17582
-15840
-13914
-13052
-11281
-8509
-7148
-3222
360
4935
6082
5898
7914
12132
17285
19060
18813
17862
18286
20167
20643
19916
17222
14562
12562
11726
11091
8390
4991
2357
1337
370
-863
-1197
-575
-1267
-3473
-4119
-2826
-1886
-2194
-2412
-1708
-1362
-844
-90
1509
2172
2067
2579
3686
5549
6853
8040
7714
6817
5893
5177
5134
4650
3716
2003
1014
248
-1552
-2750
-2283
-1629
-1707
-2080
-1229
-655
-240
642
1743
3097
3321
4016
4866
5929
6284
5526
5305
5560
5836
5276
4117
2655
724
-822
-2597
-4335
-6457
-8790
-10428
-12206
-14614
-17181
-18655
-18509
-19151
-20693
-21777
-22393
-21454
-19244
-18438
-19042
-19788
-16541
-14223
-13528
-12001
-9654
-6085
-5683
-3267
824
4940
6361
5080
6292
9236
14131
16732
15736
13284
12798
16074
18505
18315
16762
15825
16105
17061
18016
16687
13362
9454
7704
7734
7619
5705
2201
-697
-1856
-1509
-1283
-1823
-1995
-1910
-1299
-252
1208
1843
2061
1940
2864
3765
4199
4557
4240
5232
4890
4795
4276
4393
5036
5227
5295
4350
3468
2759
2545
2194
2251
1994
1926
1075
720
845
654
-115
-953
-335
443
663
457
865
1960
2720
2923
3004
2688
1745
740
544
935
470
-1036
-2759
-3951
-4753
-5843
-7478
-9424
-12011
-14554
-16284
-17489
-18602
-20710
-22175
-22180
-20562
-20177
-21079
-21872
-19477
-16540
-14641
-13546
-12485
-9959
-7966
-5137
-2606
536
2680
3254
4773
7840
12316
14356
14269
13003
13113
15362
17258
17364
15547
12948
10967
11138
11830
10787
7974
5622
5111
5114
5065
4522
3558
1864
1989
3748
5184
4260
2352
1685
2432
3792
3875
3284
1611
565
519
951
1345
788
-185
-1030
-62
432
133
-318
-1
879
1429
1600
1127
1108
1313
1688
1358
883
250
76
383
1289
1169
-512
-1791
-1715
-78
805
1164
526
394
507
542
969
1087
1141
48
-101
14
-141
-1852
-3483
-4543
-5207
-5649
-7051
-8167
-9955
-10985
-12510
-13066
-13954
-15304
-16265
-15977
-15776
-17132
-18671
-18397
-16310
-14976
-14337
-13410
-10415
-7998
-5759
-3190
-118
2402
3597
5371
7698
11044
14037
14938
13942
12795
13813
15795
16509
14868
12568
10747
9532
9528
9634
8264
4684
3024
3013
3338
3421
3757
3730
2956
2892
4141
5581
6208
5997
5667
5649
6148
7160
6788
6063
4887
4546
4103
4020
4065
3711
3022
1385
563
681
853
-328
-1694
-2447
-2460
-2381
-2659
-3007
-4493
-5415
-5374
-3899
-2804
-2949
-3630
-3782
-2780
-2396
-2061
-1189
-54
464
745
788
578
408
304
35
-579
-1479
-2057
-3269
-5179
-7002
-8409
-9285
-11061
-12520
-13871
-14984
-16466
-16880
-16692
-16916
-17246
-17005
-14874
-14240
-14542
-15130
-13512
-11481
-11275
-9991
-8359
-6670
-6442
-5510
-1690
1212
3417
4134
5062
6778
9307
12840
13364
12133
11292
13067
15496
15590
13980
11597
10555
10612
11378
10708
8192
6219
5748
5331
4354
3813
3556
2405
1899
2416
3178
3179
2660
3817
4992
5501
5719
6337
7050
7169
8401
9288
9463
8421
8171
8552
8459
7834
6987
6274
4911
3852
2564
1796
662
-483
-1825
-2972
-3127
-2720
-2730
-3298
-3568
-3563
-2792
-2107
-1649
-1518
-936
450
1724
2148
1773
1954
2180
2175
2257
2512
2275
1182
-30
-932
-1664
-3241
-4920
-6510
-8109
-10159
-12307
-14140
-15671
-17430
-18973
-19501
-19580
-18620
-18041
-18080
-19116
-18316
-15352
-13076
-12060
-11222
-8483
-5916
-4211
-1761
1161
4422
5718
6334
7554
8715
10693
11672
12239
11618
11013
11376
11263
11021
9512
8784
7962
7555
7038
6178
5504
4539
4159
3776
3703
4296
4131
3418
3161
4259
5222
4923
4292
3725
4205
4949
6044
6380
5940
5610
5745
6552
6952
6951
6794
6200
5463
5084
5009
4895
3965
2667
1676
1213
722
186
-243
-1043
-2121
-2337
-1156
-513
-1332
-2131
-1729
-1180
-1162
-995
-617
94
345
801
1452
1339
1254
1590
2449
3092
3113
2765
2495
2544
2231
1673
1032
96
-1847
-3415
-4155
-5280
-7161
-9323
-10128
-10730
-11859
-12700
-13437
-14182
-15374
-15751
-15530
-15420
-15351
-15307
-14295
-13305
-12410
-11753
-10567
-8757
-7028
-5176
-3331
-1728
-269
689
1356
2350
3822
4945
5100
4987
5059
5566
6281
6580
6245
5259
4858
5161
5581
5594
5341
5742
6531
7160
7737
7766
7701
7570
8340
9073
9251
9087
8668
8537
8188
8042
8155
7322
6541
6338
6462
5907
4992
3869
2741
2571
2907
3135
2577
1388
774
1246
1757
1537
479
-581
-615
-200
-114
-670
-1226
-1638
-2061
-1984
-1448
-1446
-1721
-1991
-1646
-1116
-760
-580
-950
-1524
-1813
-1651
-1769
-2279
-2941
-3233
-3766
-4262
-4922
-5887
-6786
-7452
-8010
-8531
-9028
-9587
-10161
-10950
-11224
-11600
-12045
-12236
-12403
-12262
-12304
-12183
-11583
-11259
-10616
-9522
-7791
-6169
-5507
-4157
-3012
-1597
-333
755
2200
3268
4094
4326
4761
5221
5777
5859
5848
5609
5315
4825
4439
4464
4265
3505
2874
3107
3438
3724
3418
3690
4141
4683
4431
4814
6081
6780
6841
6606
6860
6852
6903
6962
7187
6756
6358
6480
6879
6793
6227
5260
4102
3477
3061
2817
2113
1368
534
-101
-404
-713
-850
-1323
-1891
-2233
-2217
-2097
-1806
-1276
-776
-712
-963
-954
-355
124
807
748
265
-102
-267
-396
-722
-1205
-1913
-3121
-4032
-4210
-4346
-5342
-6578
-7112
-7237
-7168
-7303
-7684
-8269
-8666
-8321
-7759
-7391
-7582
-7464
-6859
-6095
-4943
-4117
-2879
-2232
-1480
-251
596
1696
2564
3478
4266
4604
4735
4727
5692
6228
6026
5392
4740
4713
4475
4591
4309
3299
2384
2148
2990
2934
2174
1113
781
1405
1417
1314
943
982
1420
1920
2466
2580
2196
1813
2276
3267
3793
4053
4397
4986
5567
5591
5107
4808
5414
5820
5895
5482
4693
3828
3275
3241
2599
1087
-120
-574
-477
-678
-1621
-2861
-3822
-3636
-3202
-2924
-2492
-2130
-1915
-1582
-1245
-820
-1148
-1198
-1072
-1055
-835
-1015
-1389
-1985
-2258
-2303
-2574
-3350
-3690
-3341
-2933
-2888
-3362
-4041
-4878
-5344
-5240
-4954
-5135
-5648
-5336
-4703
-4082
-3612
-3195
-2346
-2079
-1454
-461
1041
2188
2782
4061
4878
5668
5679
6486
7740
8031
8348
8485
8875
8363
7285
6891
6088
4758
3685
3156
2846
1624
516
-193
-264
-520
-1128
-1361
-1901
-2030
-2125
-1704
-1422
-1797
-2378
-2307
-1451
-718
-143
59
622
1101
1879
2459
2698
2107
1743
2233
2814
2711
2085
1588
1031
852
588
159
-447
-1101
-1758
-2144
-2828
-3526
-4596
-4921
-4882
-5071
-5399
-5875
-6136
-6145
-6005
-6023
-6035
-6009
-5385
-5106
-5192
-5577
-5832
-5378
-4658
-4287
-4229
-4471
-3924
-2827
-1752
-1473
-1817
-1790
-1546
-499
195
424
283
361
1185
1516
1567
1414
1581
2027
2435
3293
3290
3015
3148
4097
5196
5134
5127
5212
5680
6157
6321
6347
6119
6040
5762
5643
5543
5045
4945
4564
4679
4617
3370
2558
1827
1648
1209
646
-128
-1197
-1927
-2228
-2395
-3260
-4402
-4490
-4018
-3954
-4504
-5112
-5353
-5444
-5087
-4798
-4632
-4848
-4579
-3923
-3125
-2855
-3077
-2900
-2465
-1722
-1350
-975
-925
-1199
-1194
-1316
-1607
-2014
-2453
-2743
-3134
-3667
-4486
-4856
-4925
-5091
-5401
-5955
-6235
-6346
-6462
-6869
-7377
-7953
-8234
-7791
-7576
-7760
-8115
-7859
-7122
-6276
-5456
-4548
-3721
-2739
-2076
-1227
-126
819
2292
3391
4796
5533
6066
7448
8626
10118
10822
11208
12017
12469
13454
14127
14411
14223
13584
13601
13405
12893
12048
11183
10367
9551
9143
8518
7698
6305
5244
4712
4256
4051
3499
2582
1948
1378
1329
1240
1109
396
50
144
307
237
-372
-832
-1616
-2242
-2794
-3295
-4146
-4980
-5543
-5894
-6219
-6579
-7118
-7531
-7487
-7452
-7252
-7410
-7187
-6727
-6041
-5420
-4909
-4384
-4316
-3949
-3198
-2433
-1948
-1780
-1736
-1619
-1600
-1458
-1564
-1750
-1597
-1656
-1587
-2021
-2297
-2605
-3161
-3854
-4252
-4644
-5175
-5674
-6068
-6475
-7366
-8215
-8056
-7120
-6166
-6056
-6321
-5996
-5011
-3393
-2366
-1066
108
1462
3082
4513
6487
7856
9401
10704
12041
13617
14802
16177
17016
17715
18437
18348
18182
17438
17030
16681
16151
15207
13740
12293
10780
9635
8236
6736
5518
4383
3615
3002
2204
1072
35
-456
-717
-1195
-1932
-2438
-2433
-2304
-2042
-2088
-2493
-2985
-3386
-3430
-3624
-3936
-4468
-4944
-5612
-6054
-6607
-7333
-7981
-8485
-8766
-8926
-8807
-8862
-9196
-9788
-10016
-10170
-10363
-10349
-9860
-9233
-9053
-8804
-8433
-7924
-7660
-7349
-6809
-6074
-5424
-4738
-4235
-3671
-3365
-3316
-3316
-2975
-2791
-2904
-2861
-3501
-3901
-4342
-4784
-5314
-5401
-5195
-5153
-5239
-5945
-5971
-6197
-5767
-5265
-4839
-3303
-2081
-815
198
1335
3105
4717
7018
8901
10601
12174
13566
15418
16565
17891
18418
18795
19105
19240
19740
19335
18803
17834
17031
16008
14652
13527
11952
10559
9307
8036
6868
5217
3955
2671
1567
710
-70
-613
-1210
-1711
-1981
-2206
-2087
-2283
-2476
-2644
-2841
-3123
-3558
-3886
-4336
-4653
-5107
-5473
-5985
-6619
-7055
-7405
-7511
-7684
-8378
-8791
-8907
-9382
-9696
-10221
-10378
-10539
-10693
-10989
-11242
-10976
-10909
-10481
-10343
-10066
-10112
-9719
-8778
-8093
-7712
-7764
-7619
-7091
-6627
-6181
-5804
-5547
-5301
-5174
-4720
-4584
-4736
-5185
-5217
-4567
-3798
-3269
-3388
-3574
-3468
-3375
-2800
-2042
-1121
-459
149
992
1988
3218
4323
5523
6524
7648
8991
10560
11946
13138
14237
14964
15626
16257
17070
17819
18047
18152
17988
17509
16659
15728
15292
14324
12871
11533
10408
9395
8292
7271
5908
4533
3640
3021
2175
1127
272
-116
-264
-320
-822
-1439
-2043
-2392
-2680
-2881
-2951
-3086
-3360
-4127
-4780
-5078
-5574
-6446
-7163
-7518
-7758
-8071
-8482
-9059
-9465
-9971
-10306
-10189
-10231
-10558
-10742
-10431
-10192
-10462
-10381
-10088
-9682
-9218
-8441
-7768
-7555
-7348
-6748
-6214
-6091
-6008
-5951
-5646
-5248
-4964
-4718
-4790
-4869
-4902
-4363
-3617
-3129
-2867
-2753
-2603
-2310
-2044
-1538
-845
16
718
1213
1981
2727
3644
4877
5943
6690
7111
8018
9183
10167
10969
11576
12270
12648
13001
12965
13204
13347
13679
13928
13762
13578
12891
12538
12041
11388
10821
9962
9167
8327
7502
6688
5894
5087
4064
3191
2192
1347
848
321
-212
-737
-1195
-1469
-1867
-2062
-2382
-2754
-2865
-2776
-2608
-2836
-3320
-3912
-4069
-4146
-4363
-4860
-5409
-6082
-6751
-7281
-7641
-8276
-8735
-9341
-9985
-9980
-9944
-9667
-10040
-10561
-10644
-10468
-10136
-9797
-9691
-9476
-9138
-8383
-7837
-7243
-6959
-6681
-6019
-5280
-4602
-4513
-4331
-4181
-3599
-3228
-2959
-2735
-2718
-2440
-2237
-2146
-2142
-2165
-1830
-1386
-958
-517
-225
377
1011
1918
2770
3494
4195
4919
5792
6685
7873
8877
9786
10552
11151
11644
11980
12590
12901
13075
13225
12970
12707
12254
11742
10789
9988
9372
8732
8410
7779
7156
6297
5382
4486
3906
3464
2881
2006
1068
625
77
-507
-894
-1149
-1335
-1596
-1890
-1904
-1969
-1982
-2083
-2452
-2563
-2540
-2301
-2266
-2544
-2675
-2716
-2643
-2787
-2978
-3256
-3477
-3711
-3744
-3895
-4301
-4690
-5171
-5782
-6118
-6501
-6940
-7332
-7529
-7462
-7606
-7600
-7521
-7413
-7309
-7382
-7003
-6519
-6223
-5751
-5229
-4794
-4751
-4695
-4098
-3209
-2648
-2308
-1916
-1839
-1909
-1667
-1196
-630
-342
-137
-20
78
481
924
1412
1818
2054
2258
2753
3078
3742
4521
5102
5351
5691
6219
6857
7338
7693
8023
8315
8665
8962
8974
9095
9111
9104
8939
8658
8498
8183
7736
7002
6508
5931
5442
4627
3665
2562
1456
621
-283
-1060
-2075
-2986
-3759
-4222
-4854
-5301
-6011
-6403
-6598
-6595
-6366
-6213
-5865
-5616
-5144
-4698
-4471
-4202
-3772
-3416
-3037
-2991
-3362
-3361
-3509
-3495
-3623
-3968
-4218
-4390
-4327
-4501
-4696
-4859
-5250
-5359
-5227
-5050
-5024
-4979
-4880
-4895
-4788
-4780
-4323
-3879
-3468
-3134
-2755
-2364
-2059
-1322
-577
-146
71
205
406
712
1409
2010
2345
2657
2967
3260
3315
3818
4057
4154
4356
4184
4196
4294
4361
4549
4436
4285
4094
3956
4130
4238
4338
4396
4697
4679
4753
5010
5062
5194
5130
5140
5344
5427
5335
5380
5255
5283
5173
5153
4834
4195
3425
2497
1871
1230
481
-426
-1363
-2369
-2828
-2983
-3309
-4112
-5334
-6190
-6878
-6887
-6574
-5967
-5717
-6188
-7049
-7715
-7235
-5884
-4781
-4562
-4928
-5241
-4992
-4844
-4676
-4469
-4296
-4114
-3854
-3578
-3552
-3619
-3754
-3428
-3177
-2747
-2246
-2041
-2218
-2859
-3157
-3045
-2857
-3063
-3458
-3283
-3034
-2659
-2430
-2005
-1526
-1014
-306
202
862
1825
2784
3499
4264
5341
6300
6820
7443
8008
8836
9443
9527
8963
8473
8507
8346
7896
6869
5865
5027
4390
4059
3676
3260
2669
2356
1841
1300
1046
926
958
1038
1148
1194
1548
1951
2018
2193
2454
2662
2848
3157
3158
2667
2247
2098
1677
1320
911
450
-58
-711
-1609
-2480
-3195
-3880
-4430
-5003
-5630
-6190
-6740
-7341
-7672
-7870
-7607
-7279
-6826
-6494
-6329
-6228
-5992
-5585
-5039
-4438
-3872
-3032
-2426
-1948
-1753
-1533
-1075
-666
-205
57
549
555
536
490
208
209
43
-264
-459
-47
174
378
146
377
984
1835
2661
2785
3023
3197
4192
5124
6290
6875
7403
7704
7884
8384
8924
9669
9951
9685
9157
8688
8346
7988
7397
6667
5851
5078
4434
3787
2871
2046
1677
1681
1257
650
183
-224
-451
-638
-492
-411
-79
63
241
388
402
678
791
875
981
946
706
317
53
-340
-852
-1572
-2114
-2602
-2953
-3208
-3701
-4251
-5078
-5726
-6208
-6372
-6610
-6828
-6883
-7236
-7427
-7225
-7311
-7223
-7158
-6761
-6351
-5976
-5399
-5311
-4792
-4508
-3999
-3580
-3246
-2431
-2048
-1739
-1685
-1363
-1130
-1040
-1027
-894
-810
-608
-508
-611
-799
-738
-487
-253
258
735
920
1095
1759
2425
2740
2811
3286
3783
4012
4211
4828
5456
5715
5734
6004
5996
6045
6303
6444
6425
6558
6516
6173
5992
5747
5647
5627
5288
4846
4286
3922
3615
3308
2729
2310
1935
1496
1026
398
161
54
-128
-324
-678
-832
-993
-1204
-1438
-1528
-1775
-2070
-2473
-2440
-2748
-3002
-3044
-3117
-3421
-3803
-3930
-4146
-4363
-4971
-5283
-5361
-5396
-5858
-6330
-6401
-6668
-6619
-6872
-6887
-6986
-6883
-6622
-6452
-6257
-6015
-5598
-5415
-5167
-4977
-4220
-3858
-3274
-2876
-2331
-1875
-1521
-866
-745
-361
-208
425
727
1088
1216
1103
1235
1494
2058
1998
2097
2072
2062
2207
2359
2404
2602
3029
3418
3643
3803
4175
4672
5284
5712
6025
6183
6335
6515
6786
7205
7460
7604
7537
7246
6843
6667
6575
6446
6181
5803
5394
4715
3825
3042
2737
2346
1993
1710
1517
1228
782
637
485
356
489
543
483
339
-59
-456
-1049
-1451
-1819
-2178
-2179
-2305
-2606
-3069
-3591
-4188
-4711
-5224
-5656
-5765
-5772
-5740
-6135
-6574
-6721
-6843
-6745
-6572
-6190
-5952
-5953
-6076
-6218
-6094
-5998
-5542
-5215
-4879
-4484
-4125
-3527
-3178
-2609
-2119
-1823
-1240
-737
-230
257
463
777
1254
1591
1735
1843
2146
2378
2485
2717
3040
3535
3610
3631
3455
3319
3439
3649
3869
3963
4127
4377
4695
4752
4992
5290
5641
5632
5993
6284
6315
6305
6336
6677
6997
7264
7369
7418
7251
7104
6983
6910
6681
6487
6008
5334
4686
4087
3657
3016
2435
1773
1083
453
-12
-121
-484
-669
-876
-1339
-1752
-2067
-2261
-2391
-2378
-2320
-2537
-2710
-2863
-3125
-3429
-3780
-4015
-4201
-4517
-4879
-5063
-5313
-5568
-5798
-5873
-5974
-5998
-6047
-6089
-6195
-6122
-5972
-6042
-5925
-5681
-5474
-5343
-5251
-5118
-4763
-4381
-3904
-3468
-3081
-2598
-2301
-1789
-1351
-1112
-782
-426
160
413
665
816
912
1024
1261
1681
1601
1415
1374
1350
1433
1503
1446
1588
1831
2175
2172
2207
2208
2284
2468
2534
2623
2839
3105
3228
3186
3212
3463
3588
3597
3583
3851
4028
4373
4544
4223
4058
3789
3696
3653
3569
3365
3249
3110
2795
2555
2181
1919
1600
1344
1263
1156
869
446
180
-230
-512
-578
-915
-1363
-1767
-1990
-2412
-2953
-3317
-3565
-3612
-3870
-4180
-4284
-4581
-4941
-5177
-5292
-5217
-5329
-5289
-5149
-4965
-4902
-4833
-4960
-5326
-5515
-5712
-5495
-5265
-4975
-4812
-4703
-4450
-4176
-3890
-3729
-3409
-2802
-2420
-2105
-1666
-1545
-1302
-1045
-739
-364
-12
162
373
628
664
722
898
1370
1531
1587
1379
1237
1328
1486
1887
1948
2246
2304
2431
2556
2685
2705
2868
3128
3031
3076
3081
3147
2969
2831
2696
2728
2837
2980
2853
2684
2564
2362
2391
2372
2353
2521
2614
2460
2543
2467
2438
2491
2439
2657
2671
2478
2227
2029
1888
1757
1741
1727
1488
1255
935
714
500
242
-91
-216
-388
-676
-1094
-1592
-2045
-2610
-2814
-3228
-3495
-3638
-3918
-4024
-4206
-4222
-4246
-4390
-4179
-3892
-3592
-3563
-3580
-3644
-3771
-3598
-3471
-3238
-2970
-2600
-2260
-1966
-1839
-1642
-1486
-1342
-813
-557
-221
-28
67
110
206
449
414
348
322
418
512
842
1026
1099
1192
1289
1568
1546
1571
1904
2278
2458
2458
2424
2289
2300
2470
2523
2320
2386
2514
2179
1967
1903
1964
1901
1908
1900
1927
1760
1595
1658
1439
1597
1674
1564
1602
1629
1667
1637
1622
1540
1439
1515
1484
1454
1360
1178
1059
897
792
806
744
821
660
709
730
735
922
794
576
284
68
-78
-126
-321
-572
-849
-1151
-1260
-1358
-1486
-1679
-1853
-1855
-1920
-2042
-2202
-2177
-1885
-1984
-2025
-2057
-2008
-1898
-1698
-1511
-1336
-1065
-809
-610
-400
-160
148
445
603
1013
1219
1440
1599
1474
1507
1586
1693
1673
1572
1417
1150
1065
1080
1218
1232
1174
1293
1344
1449
1424
1392
1430
1326
1465
1576
1695
1752
1793
1711
1632
1619
1537
1703
1760
1869
1936
1778
1722
1570
1440
1288
979
755
487
398
228
58
-241
-478
-629
-940
-1055
-1219
-1298
-1601
-1679
-1767
-1975
-1977
-2015
-1913
-1980
-1945
-1917
-2007
-1960
-1832
-1937
-1831
-1660
-1687
-1745
-1717
-1928
-2031
-2076
-1951
-1877
-1998
-2304
-2620
-2669
-2610
-2622
-2696
-2687
-2565
-2592
-2653
-2532
-2534
-2320
-2288
-2074
-1959
-1995
-1798
-1729
-1656
-1275
-992
-681
-415
-195
-87
76
423
726
987
1048
1102
1243
1252
1082
1017
920
862
893
957
873
830
753
746
517
610
564
737
1018
1023
1172
1130
1096
1111
1331
1398
1418
1487
1661
1783
1914
1981
1934
1703
1629
1660
1599
1538
1420
1264
1088
819
578
421
211
-127
-485
-632
-906
-1090
-1204
-1312
-1255
-1335
-1462
-1396
-1453
-1296
-1310
-1433
-1326
-1335
-1122
-920
-875
-843
-921
-854
-815
-761
-784
-689
-768
-980
-1103
-1258
-1314
-1339
-1406
-1480
-1464
-1522
-1406
-1453
-1434
-1474
-1233
-1220
-1160
-1000
-826
-735
-818
-665
-619
-422
-229
34
69
181
262
426
629
648
739
929
1059
1075
1168
1128
1164
1147
1166
1021
913
748
645
591
592
707
685
835
772
773
632
646
661
678
675
694
796
607
627
493
549
612
820
808
870
771
738
874
867
902
723
706
526
243
26
-266
-400
-525
-544
-671
-813
-1011
-1222
-1433
-1562
-1562
-1622
-1442
-1559
-1485
-1522
-1556
-1656
-1702
-1643
-1659
-1446
-1445
-1278
-1303
-1277
-1083
-1049
-949
-825
-712
-837
-819
-865
-1093
-924
-1034
-674
-604
-605
-380
-456
-371
-419
-402
-108
-8
219
362
325
487
460
714
938
888
833
1005
1185
1357
1417
1525
1749
1815
1921
1745
1760
1877
1843
1810
1906
2012
1981
2034
1796
1794
1814
1739
1700
1677
1761
1701
1679
1608
1775
2002
2089
1993
1814
1665
1717
1787
1866
1799
1879
1994
2003
1938
1815
1652
1407
1183
913
785
634
327
91
-122
-138
-199
-411
-630
-869
-940
-1077
-1117
-1142
-1163
-1119
-1018
-1152
-1205
-1278
-1461
-1549
-1682
-1523
-1420
-1214
-998
-1135
-1251
-1159
-1222
-1246
-1088
-1064
-936
-819
-908
-825
-825
-747
-636
-448
-273
-117
-65
-82
6
-21
46
3
111
-37
-211
-173
-82
-150
-108
43
125
189
214
495
465
455
526
674
780
736
787
864
833
727
723
698
717
767
697
640
622
766
640
653
585
508
486
365
382
330
378
396
489
682
757
842
899
747
770
774
797
781
691
866
785
823
651
259
94
-281
-373
-565
-651
-767
-1049
-1164
-1324
-1385
-1483
-1476
-1550
-1673
-1631
-1801
-1707
-1709
-1779
-1679
-1495
-1324
-1154
-1133
-976
-818
-741
-686
-612
-522
-530
-429
-311
-223
-289
-186
-47
197
235
243
372
412
528
576
730
792
804
884
825
776
972
899
997
1037
1016
976
880
743
681
829
720
714
761
779
745
748
687
757
631
653
501
448
540
453
476
388
483
381
281
166
2
-83
-33
-36
-8
-43
-145
-135
-192
-332
-449
-553
-687
-857
-855
-935
-959
-995
-1197
-1210
-1294
-1240
-1148
-1188
-1270
-1415
-1575
-1705
-1800
-1765
-1737
-2025
-2211
-2333
-2431
-2589
-2759
-2889
-3170
-3268
-3406
-3482
-3610
-3683
-3636
-3452
-3297
-3160
-2952
-2856
-2568
-2522
-2349
-2092
-2026
-1764
-1502
-1321
-1118
-1003
-659
-453
-200
-62
-1
256
257
430
648
856
939
1024
1307
1221
1152
1354
1529
1706
1775
1791
1857
1908
1943
1886
1885
1865
1906
1832
1923
1756
1509
1708
1850
1653
1644
1779
1706
1660
1650
1684
1809
1677
1601
1423
1469
1384
1372
1394
1335
1527
1399
1290
1043
810
659
555
513
460
398
357
270
195
32
-119
-200
-303
-423
-392
-414
-542
-581
-621
-717
-739
-808
-776
-782
-966
-1184
-1362
-1375
-1442
-1423
-1312
-1401
-1251
-1176
-1275
-1217
-1129
-952
-916
-683
-497
-601
-517
-414
-261
-260
-179
70
116
322
351
363
543
400
525
690
743
908
999
1126
1077
1194
1293
1395
1599
1670
1546
1538
1443
1292
1338
1278
1304
1271
1296
1148
1237
1177
1165
1250
1287
1318
1325
1454
1541
1581
1501
1582
1561
1517
1324
1118
1006
1023
1056
1069
1093
829
574
326
249
76
-18
-123
-127
-235
-382
-569
-727
-834
-1113
-1192
-1264
-1230
-1287
-1174
-1188
-1261
-1236
-1279
-1313
-1491
-1559
-1475
-1567
-1720
-1777
-1751
-1826
-1774
-1730
-1811
-1854
-1839
-1889
-2072
-2176
-2249
-2401
-2496
-2445
-2322
-2204
-2170
-2035
-1884
-1854
-1609
-1380
-1231
-943
-824
-515
-298
-132
16
145
242
182
339
321
394
373
325
477
597
488
524
608
522
494
578
665
851
855
873
949
869
951
1123
1262
1422
1482
1622
1765
1731
1884
1893
1974
1960
2061
2085
2252
2225
2245
2473
2214
2192
2180
2095
2017
1987
1700
1364
1121
937
713
583
423
219
66
-24
-43
-318
-493
-646
-745
-858
-887
-933
-991
-972
-1157
-1263
-1385
-1368
-1459
-1483
-1383
-1267
-1133
-1234
-1485
-1454
-1556
-1775
-1815
-1908
-1831
-1870
-1960
-2114
-2173
-2195
-2365
-2220
-2295
-2360
-2207
-2527
-2374
-2459
-2484
-2413
-2472
-2223
-2242
-1974
-1754
-1539
-1411
-1401
-1336
-1290
-1133
-903
-819
-587
-496
-274
-228
-229
-318
-256
29
95
187
96
191
106
22
29
18
-86
0
29
218
397
427
446
576
705
1012
1338
1413
1588
1662
1752
1790
1864
1924
1944
2097
2183
2138
2079
2160
1988
1814
1648
1526
1284
1176
1011
829
558
521
443
74
-185
-392
-552
-689
-709
-906
-837
-1043
-1165
-1156
-1328
-1430
-1444
-1445
-1552
-1394
-1261
-1261
-1558
-1559
-1455
-1583
-1439
-1302
-1236
-1086
-886
-907
-1007
-1041
-1114
-971
-881
-843
-807
-634
-610
-720
-636
-525
-486
-416
-441
-372
-341
-380
-294
-280
-64
-1
50
263
215
273
459
646
764
858
1001
1077
1117
1254
1306
1296
1297
1546
1607
1587
1758
1719
1613
1719
1786
1666
1840
1811
1869
1856
1830
1847
1792
1926
1977
2072
2019
1947
1997
1985
2007
2025
2104
2129
2124
2025
2170
2092
1947
1956
1831
1764
1702
1686
1277
1148
1120
916
909
839
540
292
76
-6
-247
-285
-334
-382
-359
-496
-500
-758
-928
-1115
-1158
-1180
-1238
-1135
-1149
-1140
-1247
-1134
-1049
-1100
-1287
-1289
-1388
-1466
-1295
-1148
-927
-936
-777
-701
-661
-606
-541
-556
-692
-735
-716
-680
-561
-563
-454
-342
-338
-394
-529
-408
-336
-148
43
187
306
312
407
247
205
207
132
252
371
490
627
624
738
761
753
836
698
771
645
655
662
408
535
635
723
781
862
994
1012
1016
1041
1179
1241
1306
1240
1230
1264
1215
1243
1132
1132
1068
1018
1140
1102
1182
1210
1214
985
947
979
854
754
627
699
706
699
571
565
366
159
-6
-88
0
-59
-74
-40
22
-149
-183
-356
-606
-763
-779
-785
-957
-1012
-968
-912
-896
-939
-1045
-926
-1009
-884
-853
-828
-631
-512
-490
-308
-424
-340
-175
-129
-38
-95
-70
-72
97
16
-59
13
-135
-159
-168
-327
-292
-172
-59
-108
-117
-92
-128
-126
-239
-358
-303
-416
-494
-588
-595
-691
-738
-772
-787
-790
-763
-602
-680
-583
-695
-542
-395
-346
-123
-92
142
72
167
92
63
144
126
203
126
266
276
164
278
340
261
307
146
93
42
-61
-20
255
41
57
126
19
181
300
138
43
115
116
206
261
319
301
288
238
255
52
-127
-141
-212
-232
-227
-364
-434
-573
-692
-674
-610
-623
-637
-540
-439
-252
-392
-304
-163
-153
-150
-168
37
-27
48
112
191
216
199
258
310
532
594
676
674
680
670
859
1003
917
957
1000
876
761
716
615
572
455
398
255
212
3
-116
-350
-522
-652
-668
-835
-809
-917
-949
-884
-845
-765
-747
-616
-681
-614
-531
-543
-527
-450
-501
-266
-123
92
201
237
320
327
392
390
428
541
575
572
658
552
583
575
489
407
464
480
599
675
781
861
798
921
851
899
945
975
1052
1095
1033
1007
976
983
999
1080
1026
1087
1055
975
965
830
772
768
668
732
668
676
875
1007
1121
1166
1233
1270
1352
1250
1311
1210
1253
1305
1248
1276
1227
1291
1436
1282
1208
1120
1141
996
860
884
758
662
612
538
499
435
295
68
-117
-166
-567
-693
-865
-999
-1017
-1075
-1277
-1459
-1464
-1772
-1945
-1933
-1990
-1906
-1901
-1905
-1815
-1663
-1460
-1366
-1318
-1170
-1159
-1109
-943
-982
-994
-1073
-985
-960
-813
-609
-493
-468
-341
-289
-408
-270
-273
-193
-226
-102
51
113
262
495
484
476
639
451
555
589
721
781
813
845
826
756
679
599
549
607
660
813
819
838
911
827
877
961
998
933
1139
1192
1246
1358
1308
1314
1226
1251
1173
1009
1026
1189
1239
1174
1053
1078
1015
1020
1195
1073
1172
1200
1156
1013
1032
1028
1064
1076
1089
994
718
714
340
236
15
-172
-294
-444
-503
-626
-805
-920
-1189
-1299
-1214
-1449
-1550
-1567
-1574
-1642
-1729
-1783
-1796
-1746
-1843
-1903
-1834
-1722
-1750
-1620
-1718
-1722
-1709
-1765
-1549
-1408
-1349
-1432
-1327
-1272
-1204
-1126
-1149
-1117
-1093
-1009
-1055
-1056
-1063
-1013
-823
-862
-833
-756
-798
-737
-721
-555
-380
-444
-373
-209
-118
-167
-30
-136
-185
-9
7
66
139
175
261
237
30
63
29
-53
-15
13
92
19
-59
-140
-249
-294
-335
-293
-286
-290
-240
-406
-334
-348
-584
-575
-689
-691
-721
-788
-781
-920
-819
-885
-983
-1093
-1169
-1209
-1272
-1156
-1269
-1344
-1270
-1290
-1482
-1520
-1604
-1647
-1588
-1741
-1759
-1651
-1620
-1492
-1396
-1295
-1313
-1368
-1316
-1281
-1262
-1142
-1041
-1024
-705
-570
-502
-455
-204
-189
-198
-76
-173
-228
-180
-27
55
103
110
107
126
15
23
20
151
480
547
815
898
797
903
1022
928
923
1080
1040
1028
996
1161
1310
1250
1469
1446
1514
1536
1509
1581
1485
1432
1384
1187
1286
1600
1673
1621
1741
1630
1574
1455
1493
1410
1434
1475
1406
1578
1458
1377
1351
1416
1448
1489
1558
1482
1378
1291
1151
1028
904
741
569
437
524
335
133
42
-187
-367
-371
-535
-446
-414
-447
-377
-376
-319
-439
-446
-533
-602
-670
-740
-616
-661
-565
-535
-490
-455
-618
-539
-302
-390
-417
-437
-504
-575
-696
-584
-576
-578
-514
-582
-673
-750
-740
-679
-643
-475
-323
-181
-62
20
106
111
114
111
3
44
-26
30
151
228
329
398
473
496
446
420
441
478
448
423
454
526
452
430
510
452
397
324
410
465
422
494
467
640
699
402
479
413
432
425
480
473
580
535
407
398
147
80
49
40
-9
-84
-9
91
30
114
98
114
122
119
117
106
170
113
140
203
204
25
54
0
-137
-117
-196
-225
-147
-357
-256
-305
-373
-374
-508
-486
-532
-647
-603
-563
-580
-629
-667
-534
-398
-444
-410
-322
-334
-302
-460
-442
-462
-559
-570
-522
-466
-542
-532
-280
-189
-174
-50
-86
85
274
226
334
199
172
263
193
290
162
218
282
323
420
428
536
553
442
449
362
377
352
299
398
292
480
467
390
533
601
516
453
423
339
309
343
222
258
63
-14
-115
-311
-261
-314
-501
-518
-517
-583
-627
-784
-732
-813
-968
-1013
-1029
-1091
-945
-856
-914
-876
-836
-934
-924
-874
-944
-870
-964
-887
-820
-902
-828
-958
-864
-877
-882
-885
-1092
-1013
-1067
-1154
-1081
-1078
-905
-693
-569
-384
-252
-359
-183
42
-29
-131
-130
-119
-266
-387
-350
-277
-215
46
-16
207
148
152
196
141
190
-26
-189
-196
-173
-173
-111
23
37
106
138
176
164
183
192
85
119
242
289
483
479
486
495
402
340
248
232
96
-97
-171
-212
-159
-63
160
149
152
234
320
390
421
425
440
469
417
392
418
306
231
200
269
270
424
362
350
373
296
317
255
372
251
197
279
369
301
396
412
461
546
563
522
485
507
467
630
518
644
522
388
423
373
352
165
217
164
219
203
168
260
378
507
468
410
339
243
155
63
8
-129
-139
-226
-459
-507
-517
-571
-597
-565
-505
-545
-521
-532
-679
-673
-553
-642
-602
-716
-815
-719
-744
-699
-681
-616
-507
-355
-581
-585
-526
-465
-408
-427
-299
-471
-394
-451
-429
-475
-690
-558
-596
-621
-523
-464
-281
-333
-284
-252
-236
-220
-170
11
49
141
175
251
236
326
291
218
291
175
204
324
350
453
426
390
491
649
646
664
636
664
768
785
912
929
924
956
998
886
856
930
953
942
951
1093
1284
1238
1317
1211
1132
1043
1174
1198
1104
1077
1046
1084
1007
949
916
880
781
714
657
506
535
676
613
656
571
476
513
357
403
266
289
417
455
572
652
546
495
544
514
474
343
303
249
450
467
484
341
270
246
214
313
224
287
341
378
283
470
422
472
558
381
333
359
338
247
298
292
407
371
271
279
100
-39
-141
-286
-241
-287
-181
-345
-416
-480
-547
-474
-495
-420
-367
-456
-541
-632
-644
-732
-757
-691
-619
-519
-517
-610
-501
-306
-461
-360
-444
-492
-361
-401
-475
-490
-484
-524
-440
-400
-558
-530
-591
-540
-492
-618
-541
-583
-583
-521
-382
-368
-314
-346
-488
-334
-374
-576
-581
-655
-733
-685
-679
-633
-698
-737
-907
-952
-977
-1104
-1067
-885
-684
-755
-751
-837
-992
-842
-788
-898
-862
-759
-824
-816
-815
-889
-810
-883
-1015
-910
-918
-817
-815
-868
-753
-795
-678
-677
-780
-717
-786
-844
-868
-861
-904
-980
-1055
-1065
-960
-926
-801
-654
-652
-693
-654
-547
-585
-533
-527
-577
-513
-474
-422
-348
-278
-216
-79
106
193
224
200
169
257
233
285
332
415
505
569
428
349
221
139
23
30
102
119
348
438
534
549
669
640
790
749
846
952
775
771
645
603
452
284
361
209
105
-37
-131
-169
-180
-153
-202
-258
-345
-333
-366
-396
-383
-433
-620
-452
-411
-429
-416
-357
-330
-385
-471
-591
-639
-701
-687
-689
-612
-638
-695
-668
-562
-517
-631
-626
-542
-618
-556
-577
-592
-592
-632
-610
-727
-917
-1094
-1042
-1045
-1096
-1143
-1046
-1029
-1024
0
0
0
0
0
0
0
0
0
0
0
0
0
0
0
0
0
0
0
0
0
0
0
0
0
0
0
0
0
0
0
0
0
0
0
0
1
0
0
0
0
-1
0
0
0
0
0
0
0
0
0
0
0
0
0
0
0
0
0
0
0
0
0
0
0
0
0
0
0
0
1
0
0
0
0
0
0
0
0
0
0
0
0
0
0
0
0
0
0
0
0
0
0
0
0
0
1
1
0
0
0
-1
1
1
0
0
0
0
0
0
0
0
0
0
0
1
0
0
0
0
0
0
0
0
0
0
0
0
0
0
0
0
0
0
0
0
0
0
0
0
0
0
0
0
0
0
0
1
0
1
0
0
0
0
0
0
1
0
0
1
-1
0
0
0
0
0
0
0
0
0
0
0
-1
0
-1
0
0
0
0
0
-1
0
0
0
0
0
0
0
0
0
0
0
0
0
0
0
-1
0
0
0
0
0
0
1
0
0
0
0
0
0
0
0
0
0
0
0
0
0
0
1
0
1
0
0
0
0
1
0
0
0
-1
0
0
0
0
0
0
0
0
0
0
0
0
0
0
0
0
0
0
0
0
0
0
0
0
0
0
0
0
0
0
0
0
0
0
0
0
0
0
0
0
0
0