0
0
0
0
0
0
0
0
0
0
0
0
0
0
0
0
0
0
0
0
0
0
0
0
0
0
0
0
0
0
0
0
0
0
0
0
1
0
0
0
0
-1
0
0
0
0
0
0
0
0
0
0
0
0
0
0
0
0
0
0
0
0
0
0
0
0
0
0
0
0
1
0
0
0
0
0
0
0
0
0
0
0
0
0
0
0
0
0
0
0
0
0
0
0
0
0
1
1
0
0
0
-1
1
1
0
0
0
0
0
0
0
0
0
0
0
1
0
0
0
0
0
0
0
0
0
0
0
0
0
0
0
0
0
0
0
0
0
0
0
0
0
0
0
0
0
0
0
1
0
1
0
0
0
0
0
0
1
0
0
1
-1
0
0
0
0
0
0
0
0
0
0
0
-1
0
-1
0
0
0
0
0
-1
0
0
0
0
0
0
0
0
0
0
0
0
0
0
0
-1
0
0
0
0
0
0
1
0
0
0
0
0
0
0
0
0
0
0
0
0
0
0
1
0
1
0
0
0
0
1
0
0
0
-1
0
0
0
0
0
0
0
0
0
0
0
0
0
0
0
0
0
0
0
0
0
0
0
0
0
0
0
0
0
0
0
0
0
0
0
0
0
0
0
0
0
0
-250
-194
-187
-206
-277
-263
-483
-530
-626
-535
-653
-555
-347
-494
-549
-419
-223
70
469
789
779
570
590
542
463
412
394
441
347
251
132
-31
-231
-416
-306
-300
-225
-74
-67
-262
-327
-299
-251
-53
131
179
398
547
583
489
347
428
300
363
442
538
584
512
501
181
14
-104
-138
-201
-97
-187
-193
-153
-35
263
484
607
644
821
820
749
1031
1340
1503
1645
1699
1676
1652
1609
1470
1358
1277
1122
806
627
344
135
-166
-463
-487
-534
-463
-467
-416
-346
-333
-374
-340
-242
-83
171
603
828
922
965
1018
1258
1255
1314
1324
1352
1177
1142
1357
1294
1170
1170
1145
842
677
485
345
308
313
325
498
478
469
490
308
267
175
292
190
274
487
585
841
770
527
263
-128
-353
-156
-112
170
358
549
677
458
173
-132
-230
-207
-183
-143
-204
-186
-154
-93
127
0
-188
-396
-627
-673
-576
-418
-149
39
-40
-301
-636
-806
-853
-1089
-1255
-1185
-1088
-861
-731
-575
-409
-439
-574
-547
-585
-511
-180
-32
0
-69
-341
-597
-779
-812
-829
-910
-811
-642
-596
-448
-580
-577
-640
-902
-933
-907
-918
-748
-444
-32
171
194
199
7
-158
-293
-268
-273
-166
52
93
333
420
420
154
-192
-504
-776
-960
-954
-954
-967
-737
-695
-409
-224
2
1
-15
239
397
599
760
1155
1392
1386
1479
1225
1063
872
742
904
1335
1820
2105
2041
1843
1260
867
342
210
134
-123
151
289
349
378
413
59
27
-85
-105
-105
121
394
510
837
1033
988
700
525
370
378
490
521
607
475
413
666
649
557
470
357
273
225
545
957
1022
1068
811
664
356
120
226
371
810
876
948
656
314
-20
-230
-215
-303
-167
109
-10
-152
-130
-104
76
189
227
129
-57
-217
-291
-259
-143
182
219
288
180
243
377
516
553
383
148
-114
-166
-230
-194
-412
-475
-846
-1359
-1176
-846
-237
229
459
479
340
114
-195
-272
-404
-346
-227
111
209
285
183
160
262
210
155
16
-75
-160
-274
-546
-508
-533
-464
-222
-251
-310
-264
-338
-402
-392
-223
-87
87
291
359
432
334
295
145
326
487
637
440
55
-328
-591
-635
-728
-604
-432
-350
-239
-118
10
-50
-170
-569
-856
-1092
-1223
-1093
-942
-669
-399
60
412
593
453
234
133
-117
-26
-101
-135
-194
-63
143
189
201
-23
-109
-267
-595
-648
-561
-434
-358
-234
-217
-191
2
74
152
205
634
1067
1299
1648
1918
1789
1479
1023
455
301
513
967
1605
1991
2088
1918
1364
878
356
-101
-378
-443
-375
-202
229
524
697
537
188
233
-79
-292
-415
-406
97
873
1440
1796
1630
1099
484
73
-17
-90
125
350
503
382
155
-210
-553
-908
-1110
-1105
-1068
-454
116
441
768
489
222
3
-217
-384
-465
-426
-408
31
442
678
882
839
540
237
-111
-258
-181
-41
249
327
419
342
81
-352
-1047
-1446
-1423
-1190
-463
248
846
1155
948
581
-162
-752
-1083
-835
-655
-264
127
-34
-599
-1239
-1404
-1567
-1281
-997
-556
-289
-170
-252
-151
-89
-246
-308
-478
-664
-983
-845
-468
-215
-12
296
329
123
-120
-385
-466
-494
-76
5
139
124
-71
-154
-388
-553
-600
-532
-603
-426
-334
-203
-193
-284
-480
-708
-765
-625
-430
-272
-124
364
625
572
414
-105
-540
-728
-740
-516
-135
298
279
41
-257
-624
-890
-931
-579
-169
130
260
116
-326
-655
-864
-1026
-988
-674
-318
43
441
536
206
43
126
249
484
687
876
967
413
-124
-405
-318
-12
267
483
442
233
-146
-223
-373
-450
-233
58
103
-294
-324
-497
-228
61
813
1334
1072
595
-12
-321
-362
-271
-202
-285
-584
-639
-671
-303
-39
122
252
123
9
-248
-589
-732
-836
-789
-969
-909
-924
-1043
-1085
-1288
-1024
-645
-465
-184
236
361
322
9
-455
-830
-951
-698
-433
-187
12
77
345
611
712
658
337
-49
-298
-764
-933
-975
-952
-812
-671
-755
-748
-745
-737
-606
-361
-311
-338
-232
-96
147
556
857
1214
1142
879
819
559
516
447
99
-411
-985
-1423
-1629
-1549
-1240
-917
-603
-495
-516
-628
-738
-861
-1014
-1043
-880
-622
-340
-200
-30
364
374
160
-266
-651
-703
-531
51
542
691
491
386
360
325
389
440
406
197
-79
-352
-308
-339
-265
30
674
1066
1130
1027
876
1005
924
617
438
290
75
95
204
640
787
926
987
1073
903
651
374
-29
-106
-332
-380
-334
-259
-188
-28
207
560
904
1336
1811
1936
1849
1460
985
724
574
603
767
879
1194
1358
1294
1386
1402
959
552
91
-329
-600
-824
-891
-679
-18
781
1481
1478
1436
1009
553
230
150
511
674
713
896
1313
1535
1898
1920
1773
1335
821
600
473
357
265
222
-44
-139
-532
-818
-997
-1070
-791
-483
-461
-529
-730
-986
-784
-846
-614
-411
-84
180
433
693
525
530
399
454
493
446
149
-125
-523
-836
-1141
-1190
-997
-1009
-924
-1133
-1160
-1511
-1684
-1679
-1307
-695
-61
436
667
758
353
171
85
18
-18
-58
-40
105
223
325
388
416
288
209
-7
-452
-851
-853
-812
-508
-401
-233
-63
-163
49
138
216
144
523
711
1149
1580
1792
1602
1046
683
40
-80
-235
-17
528
754
770
454
-203
-603
-936
-1172
-843
-446
204
741
855
772
599
646
743
896
729
432
486
689
873
1000
1166
1368
1398
1045
860
343
81
67
204
350
241
174
-115
-416
-530
-567
-595
-243
-24
351
603
830
931
738
563
255
126
437
659
864
1134
973
996
1121
928
684
414
220
119
-95
-152
-169
-70
4
-128
-528
-1129
-1719
-1910
-1838
-1481
-746
-33
586
1113
1467
1370
1139
764
369
68
-13
31
86
254
383
306
-268
-870
-1121
-1125
-701
-139
77
118
-136
-734
-1020
-1157
-1196
-1142
-1079
-1043
-895
-704
-466
-6
41
219
372
393
389
445
726
658
628
414
-96
-890
-1427
-1713
-1839
-1708
-1829
-1954
-2155
-2115
-2018
-1748
-1320
-1017
-1097
-817
-720
-570
-221
-21
0
-127
-278
-770
-961
-1001
-1048
-893
-700
-364
-340
-564
-784
-1008
-959
-1099
-988
-807
-948
-1096
-1150
-1280
-1484
-1378
-1179
-690
-250
238
412
322
284
414
844
1182
1332
1424
1218
959
778
500
304
80
-132
-460
-787
-934
-635
-296
-53
151
125
-7
-183
-179
22
127
663
824
698
721
711
884
851
861
949
844
766
1020
1285
1450
1606
1661
1186
800
404
22
-162
-373
-653
-917
-705
-489
-261
-93
70
109
360
574
690
1096
1396
1900
1969
1613
1145
637
175
107
400
599
449
424
287
466
526
381
284
138
42
-34
257
389
535
656
386
161
110
-60
-57
302
896
1188
1367
1433
1502
1743
1741
1589
1409
870
423
-133
-679
-1058
-1270
-1438
-1541
-1341
-1455
-1033
-788
-410
8
175
476
553
564
501
491
607
688
1007
1151
927
703
458
100
-186
-592
-958
-1413
-1806
-1824
-1462
-1115
-848
-941
-1361
-1566
-1923
-2065
-1976
-1931
-1784
-1416
-1131
-755
-369
-375
-257
-17
479
986
1164
1171
833
398
-14
-261
-524
-607
-576
-477
-278
-182
-118
-45
-418
-533
-519
-992
-1237
-1334
-1252
-893
-353
104
512
566
514
257
-334
-615
-619
-229
270
794
845
458
9
-476
-582
-527
-428
-8
87
-111
-171
-413
-719
-688
-536
-339
-135
154
237
161
290
319
409
424
272
141
156
199
410
639
450
426
292
128
144
39
-6
-318
-510
-723
-397
-73
413
805
1007
987
805
612
117
73
138
493
643
583
484
376
396
265
131
234
437
837
972
785
423
-248
-884
-1090
-1076
-750
-734
-800
-782
-859
-752
-531
-226
23
275
355
384
133
182
-4
-233
-372
-434
-406
-633
-524
-689
-554
-343
-65
-190
-560
-879
-1162
-1407
-1414
-1323
-1434
-1522
-1602
-1425
-1113
-572
-305
-404
-575
-724
-715
-779
-703
-478
-387
-207
-64
113
1
-160
-427
-485
-645
-733
-854
-952
-913
-1200
-1569
-2033
-2304
-2443
-2496
-2346
-1909
-1385
-688
-347
-163
-211
-636
-744
-734
-639
-374
-264
-232
-141
81
267
-31
-395
-603
-865
-607
-330
-43
40
-96
136
223
229
259
113
-224
-486
-534
-288
139
635
936
820
684
497
353
219
347
305
180
324
408
635
566
438
251
-236
-421
-434
-353
-203
54
176
334
418
191
226
162
57
273
515
554
451
344
258
361
458
343
328
294
113
-28
-36
-299
-273
-172
-180
-37
196
217
220
98
208
430
372
682
604
549
415
362
185
193
364
546
886
1422
1637
1371
1026
417
4
-169
-113
233
561
783
837
1000
928
830
807
567
560
465
343
285
361
163
-274
-529
-767
-1150
-1330
-1367
-1557
-1406
-1294
-1147
-1083
-1034
-1059
-1031
-1166
-1389
-1363
-1312
-1033
-727
-288
-28
201
270
109
-9
-321
-428
-311
-177
31
282
413
304
49
-435
-819
-1053
-1189
-1171
-1101
-659
-222
65
86
-80
-367
-766
-996
-1057
-641
-165
201
623
819
822
890
600
551
612
844
1145
1324
1472
1429
1108
686
285
-32
-145
-176
-295
-92
159
547
770
732
647
467
313
324
471
336
301
278
563
903
1120
1026
826
543
316
258
236
372
596
818
1007
840
795
463
286
450
286
109
-7
-377
-767
-929
-885
-541
-116
383
640
949
1172
1316
1495
1535
1725
1570
1102
652
367
157
202
346
474
601
399
585
495
452
603
716
933
824
656
493
224
-146
-411
-368
4
340
562
751
613
474
296
195
222
264
235
260
510
676
941
815
509
188
-10
142
310
429
424
400
319
320
360
339
155
94
-114
-192
-49
-127
-204
-468
-407
-421
-267
-515
-848
-1184
-1823
-2135
-2302
-2152
-2021
-1840
-1839
-1933
-2033
-1825
-1771
-1483
-1148
-899
-634
-673
-804
-899
-1241
-1377
-1388
-1291
-1121
-863
-374
30
182
364
187
-442
-1056
-1848
-2068
-1704
-1157
-773
-340
-184
-209
-302
-378
-135
9
334
410
573
394
175
-151
-217
-291
-500
-626
-758
-725
-619
-150
6
198
240
335
295
239
283
227
151
193
436
502
646
754
891
545
275
234
337
754
1160
1576
1598
1424
1130
837
611
625
696
626
315
255
412
251
166
178
237
425
485
646
813
815
676
573
651
752
1023
1147
1421
1560
1387
1189
1059
850
556
344
287
177
99
12
-272
-316
-387
-423
-329
-205
-348
-217
-229
-60
202
285
399
331
306
448
488
571
722
863
826
710
677
750
777
662
700
379
243
-102
-178
-393
-697
-972
-1231
-1436
-1375
-1135
-886
-571
-558
-333
-264
-226
-121
93
112
301
558
658
630
362
9
-181
-279
-273
-238
-176
-180
-456
-467
-553
-622
-513
-483
-322
-441
-604
-960
-1248
-1371
-1263
-1201
-906
-354
-76
219
77
-74
-292
-439
-301
-204
-103
-75
-255
-544
-637
-787
-571
-391
-478
-238
-454
-527
-546
-671
-577
-511
-532
-658
-541
-493
-319
-192
-13
24
168
233
232
482
603
808
796
682
367
0
-82
-213
99
181
93
-171
-379
-522
-760
-670
-575
-664
-636
-619
-655
-388
-22
608
998
1229
1308
1343
1198
1046
1016
992
947
978
868
739
723
525
391
230
252
97
186
229
223
384
579
652
374
234
20
-13
-29
43
255
113
377
532
419
482
417
249
294
490
526
889
862
796
687
392
-182
-584
-657
-463
-218
-56
173
211
346
110
202
474
494
491
255
111
-91
-67
-71
45
129
390
196
30
-27
-290
-339
-401
-304
-306
-300
-382
-516
-821
-893
-809
-819
-566
-378
-204
-148
-87
-103
-104
-228
-70
270
493
575
460
326
221
178
118
-69
-335
-582
-894
-1076
-927
-769
-515
-611
-662
-902
-946
-872
-731
-324
-167
66
197
392
289
236
31
34
211
323
572
595
529
394
422
130
24
96
-57
-410
-638
-957
-1199
-1276
-1333
-943
-728
-417
-120
78
97
-110
-40
-19
155
256
446
423
192
138
320
525
552
477
105
-22
-19
167
361
539
555
562
395
196
192
111
-57
-78
-230
-240
-178
-178
-278
-264
-225
-158
-10
266
448
396
304
217
95
-14
32
-55
215
380
488
240
-42
-259
-411
-386
-307
-232
-326
-389
-376
-272
-30
286
175
249
96
-97
-99
58
204
265
361
522
614
311
205
79
-44
100
72
2
-134
-460
-659
-702
-696
-567
-572
-452
-291
-134
114
224
109
-17
52
-14
-109
121
335
301
321
251
90
-89
82
284
332
400
511
589
702
531
434
301
-50
-209
-502
-554
-227
120
372
401
199
88
-12
97
69
150
170
98
331
297
301
400
351
470
529
508
279
183
62
174
196
-37
-67
-374
-545
-548
-529
-570
-638
-459
-324
-341
-118
34
141
312
444
470
601
456
138
74
-64
111
324
514
761
810
787
716
595
334
334
355
469
740
720
747
588
357
168
135
356
407
389
601
656
971
1106
1031
1029
803
767
737
935
1150
1160
1100
774
681
665
659
633
483
295
42
-170
-44
217
267
361
269
173
291
34
78
138
50
159
178
141
-112
-345
-452
-621
-356
-154
-38
36
65
96
108
82
219
422
326
236
260
469
361
380
493
601
816
801
873
732
687
536
613
622
492
496
432
440
358
265
219
217
-36
-205
-122
44
389
536
686
736
498
238
-39
-228
-209
95
333
560
782
756
773
546
177
-179
-461
-538
-501
-391
-321
-182
-282
-354
-500
-665
-898
-969
-1206
-1279
-1125
-801
-240
-76
180
213
191
45
-22
-1
-12
-28
-22
-122
-320
-358
-274
-225
-32
-13
30
102
32
-159
-200
-216
-432
-638
-852
-820
-813
-333
227
612
922
1034
949
736
525
194
195
184
231
153
269
304
172
238
150
239
284
150
64
-132
-374
-374
-361
-147
13
77
63
130
230
97
-114
-131
-308
-207
2
375
584
654
742
744
750
421
298
229
159
-39
-259
-354
-737
-1059
-1019
-753
-590
-408
-262
-244
-163
-257
-289
-263
-358
-512
-417
-438
-408
-208
-67
290
300
373
284
131
-124
-154
-239
-377
-415
-607
-542
-461
-348
-436
-385
-423
-285
-223
-87
-32
52
121
268
551
735
925
870
732
687
621
659
594
348
142
2
-413
-567
-589
-809
-511
-284
-192
-62
4
109
112
99
-58
31
-28
-128
-23
40
-83
158
402
387
525
589
466
65
-131
-243
-295
-461
-519
-673
-801
-783
-886
-864
-983
-878
-850
-956
-910
-864
-727
-597
-479
-345
-464
-341
-199
-121
-153
-249
-189
-173
-199
-360
-500
-703
-710
-723
-781
-867
-1083
-1266
-1279
-1368
-1409
-1464
-1406
-1350
-1238
-1050
-1107
-860
-501
-285
-123
-159
-5
-116
-183
-69
-120
-100
-305
-327
-423
-449
-479
-578
-570
-657
-918
-1099
-1127
-1215
-1244
-1310
-1358
-1114
-608
-376
-127
-121
-40
-355
-446
-408
-322
-63
280
714
781
672
496
307
8
79
-83
-427
-500
-749
-839
-727
-654
-613
-634
-607
-785
-880
-757
-850
-619
-486
-481
-443
-278
-11
157
488
514
484
551
333
361
318
480
583
490
316
121
160
267
540
693
715
531
331
258
246
256
308
343
501
711
983
1040
896
966
788
776
847
1234
1510
1431
1515
1391
1148
1372
1148
932
728
676
528
421
460
227
340
328
671
969
1243
1437
1474
1311
1394
1183
932
1040
1004
864
742
725
539
536
459
301
367
326
332
436
414
302
143
-203
-269
-164
-102
-48
225
328
525
572
721
894
776
880
1006
1186
1259
1235
1186
987
803
742
747
940
764
745
639
455
327
165
19
-290
-374
-436
-326
-194
-172
-92
23
40
120
229
118
170
106
236
308
117
196
5
115
205
284
213
-83
-389
-617
-880
-1165
-1338
-1391
-1414
-1583
-1556
-1681
-1695
-1759
-1515
-1108
-813
-582
-572
-626
-645
-798
-846
-601
-404
-230
-142
-97
-30
76
16
-226
-576
-908
-1043
-1002
-796
-717
-631
-1015
-1286
-1351
-1415
-1409
-1310
-1161
-898
-748
-714
-608
-656
-562
-225
24
103
134
113
-45
-157
-119
-182
-207
-355
-358
-428
-595
-623
-465
-479
-489
-402
-394
-454
-607
-923
-1300
-1379
-1422
-1153
-362
161
484
553
426
94
41
-75
-176
-304
-392
-275
-209
-145
-66
103
36
136
117
-45
29
21
32
19
-94
-112
-261
-288
-236
-30
173
225
247
132
-1
-99
-3
86
342
257
140
47
279
408
433
771
765
737
589
398
249
112
-75
-169
-325
-243
-77
-77
-45
-180
-252
-119
-40
54
166
48
150
144
356
413
325
291
166
186
309
414
428
421
241
275
171
-59
-155
-260
-446
-454
-560
-452
-591
-586
-720
-755
-702
-725
-570
-438
-265
-211
-81
214
284
231
246
112
13
-8
3
56
164
138
252
165
30
-75
-140
-99
-219
-264
-149
-115
-172
-118
-145
-63
-127
-34
-71
134
470
658
709
802
791
656
545
499
518
620
668
601
749
975
902
852
932
842
932
861
912
882
887
929
941
992
947
948
984
915
917
1106
1220
1295
1188
1226
1247
1143
1128
1155
1071
1243
1610
1857
1973
1892
1664
1375
1172
1020
1068
1079
947
816
599
438
365
115
308
636
781
865
880
1009
1090
1428
1472
1282
1222
1067
938
824
740
562
359
374
252
258
378
410
352
294
325
313
338
104
137
204
330
377
385
365
347
316
213
50
-90
-87
-145
13
99
332
674
785
905
781
636
440
135
-26
-61
-158
-153
-315
-515
-570
-595
-626
-683
-616
-553
-638
-582
-581
-747
-754
-701
-795
-855
-803
-798
-629
-547
-294
-186
-96
-120
-511
-823
-823
-889
-824
-640
-611
-982
-1108
-1157
-1222
-1421
-1552
-1260
-1113
-854
-642
-464
-598
-459
-403
-167
-215
-248
-250
-326
-303
-310
-345
-549
-915
-1201
-1069
-890
-571
-225
-153
-40
-121
-330
-636
-1149
-1557
-1695
-1675
-1619
-1331
-1218
-1109
-1076
-849
-688
-607
-340
-336
-381
-267
-102
-82
-98
-39
148
143
58
138
-42
-260
-482
-565
-691
-519
-199
-84
76
93
109
-17
-98
-57
20
-128
-94
46
-24
-117
-316
-217
-228
-67
230
426
374
270
207
-11
67
98
-79
-83
134
180
184
170
4
-92
-170
144
230
366
448
219
99
66
202
299
531
521
511
406
398
332
337
389
310
329
346
575
569
566
567
453
331
215
241
218
167
51
-88
-10
-6
62
-17
-99
21
192
240
217
61
-248
-344
-381
-101
25
128
-20
-361
-562
-619
-652
-544
-362
-299
-254
-248
-418
-754
-1052
-1380
-1256
-1119
-812
-646
-517
-663
-837
-601
-657
-454
-414
-432
-447
-513
-623
-543
-413
-388
-251
-197
-197
-285
-449
-395
-449
-456
-458
-584
-758
-834
-922
-930
-744
-503
-430
-448
-333
-213
-234
-130
51
30
-38
66
189
496
652
683
821
591
472
203
23
-157
-251
-113
-33
88
246
310
179
-36
-31
-60
-3
179
249
558
604
722
551
661
689
860
1197
1362
1522
1606
1651
1526
1603
1364
1261
1387
1198
1018
956
992
1004
948
822
775
661
454
422
435
633
658
706
856
973
1058
1191
1334
1381
1392
1277
1350
1230
1167
1095
852
801
544
471
391
430
408
384
300
220
50
-288
-514
-761
-838
-543
-67
132
256
290
371
491
608
572
413
209
75
115
162
456
564
559
502
309
187
33
-86
-275
-444
-573
-619
-646
-739
-772
-708
-642
-566
-545
-622
-768
-760
-686
-549
-540
-273
-98
100
246
307
372
224
165
25
35
-42
-213
-384
-659
-840
-1001
-952
-1126
-1219
-1385
-1486
-1508
-1577
-1407
-1361
-1263
-1150
-932
-831
-677
-618
-703
-740
-512
-355
-248
-131
18
9
14
-149
-277
-268
-214
-39
-65
-157
-375
-566
-723
-742
-857
-1044
-1184
-1160
-1061
-940
-823
-696
-661
-571
-403
-78
75
248
333
58
110
44
-28
-160
-181
-378
-573
-602
-690
-745
-765
-589
-458
-437
-506
-627
-761
-708
-712
-422
-431
-194
101
233
391
521
633
517
700
702
813
719
859
808
727
719
556
546
543
547
459
266
41
-74
-5
-138
-86
-44
-1
195
115
232
396
542
772
829
933
1054
1058
1210
1172
1056
1189
1160
1172
1139
1053
969
895
680
410
247
-24
-25
-10
-69
-218
-305
-312
-325
-292
-136
44
183
340
260
271
278
305
142
286
276
267
270
274
343
152
-6
-325
-548
-720
-792
-882
-754
-742
-751
-489
-579
-492
-492
-550
-662
-802
-993
-928
-820
-847
-701
-752
-786
-782
-795
-913
-864
-770
-871
-967
-833
-766
-958
-1005
-1088
-1088
-1166
-1198
-1378
-1339
-1306
-1386
-1531
-1703
-1664
-1623
-1275
-1057
-765
-615
-579
-599
-577
-624
-697
-592
-470
-467
-503
-676
-693
-564
-491
-260
17
245
204
308
354
139
12
-2
-111
-80
178
258
484
563
571
674
558
669
773
774
875
857
867
889
842
855
1003
985
1035
1082
909
766
846
869
770
1085
1317
1492
1353
1399
1261
1060
1161
1183
1535
1504
1517
1434
1296
1242
1242
1111
1015
893
764
537
435
334
192
-49
-331
-414
-593
-542
-607
-596
-640
-763
-1006
-1137
-1111
-979
-1032
-1101
-960
-1150
-1111
-1064
-1158
-1178
-1291
-1400
-1606
-1703
-1764
-1712
-1530
-1283
-1328
-1410
-1479
-1670
-1716
-1793
-1872
-1734
-1639
-1591
-1563
-1605
-1290
-1275
-1356
-1261
-1173
-968
-822
-383
-100
316
769
924
1203
1386
1522
1691
1818
2218
2426
2577
2874
3098
3435
3770
3984
4346
4478
4440
4546
4682
4764
4711
4695
4603
4620
4609
4532
4398
4311
4117
3880
3778
3777
3728
3558
3364
3064
3066
2898
2897
2677
2459
2510
2103
1914
1848
1728
1565
1452
1431
1341
1007
863
594
208
61
-190
-411
-708
-894
-1289
-1651
-1814
-2173
-2529
-2795
-3011
-3173
-3298
-3458
-3681
-3823
-3987
-4067
-4098
-4159
-4201
-4322
-4514
-4787
-5174
-5293
-5391
-5518
-5591
-5674
-5759
-6156
-6501
-6948
-7298
-7561
-7134
-6011
-5441
-5737
-6180
-6181
-5920
-5264
-4352
-3402
-2582
-1844
-1357
-883
162
1495
2526
2788
3063
3615
4740
5857
6428
6726
6466
6359
6416
6641
6473
6018
5701
5484
5374
5297
5080
4368
3576
3059
3009
3086
2954
2880
2677
2558
2888
2974
2814
2504
2387
2381
2499
2310
1896
1560
1312
1298
1418
1209
929
933
955
964
753
549
170
-62
-160
-178
-448
-750
-739
-701
-606
-867
-889
-755
-552
-295
-312
-581
-901
-917
-663
-507
-555
-585
-605
-542
-748
-958
-1329
-1849
-2251
-2462
-2553
-2707
-3026
-3359
-3612
-3766
-3851
-4243
-4711
-5051
-5141
-5388
-5675
-5830
-5992
-6336
-6396
-6539
-6829
-7109
-7286
-7377
-7617
-7772
-7652
-7004
-6188
-5957
-6178
-6437
-6545
-6055
-5285
-4403
-3596
-2778
-2107
-1466
-670
452
1586
2306
2632
3147
4204
5237
6404
6888
6894
6790
6665
6970
7050
6658
6273
6172
6103
6077
5889
5286
4396
3455
3097
3095
3093
3138
3144
3148
3391
3507
3496
3008
2500
2479
2535
2586
2343
1969
1810
1749
1874
1800
1344
821
462
223
-14
-392
-659
-801
-873
-762
-719
-1018
-1381
-1615
-1577
-1497
-1581
-1382
-1148
-817
-584
-304
-382
-466
-330
-68
312
398
557
560
433
438
431
346
750
1091
1147
866
375
-88
-695
-1114
-1323
-985
-1045
-1741
-2934
-3891
-4655
-5134
-5500
-5850
-6147
-6675
-7349
-8041
-8659
-8987
-9136
-9398
-9807
-9302
-6960
-3499
-1177
-789
-990
-1465
-2416
-2393
-499
1936
4115
5876
7314
8079
8481
8915
8381
6932
5531
5541
6257
6615
6529
5772
4375
2468
794
-782
-2006
-2095
-891
1181
2728
3736
4111
3300
2122
1461
1762
2586
4006
5460
6755
7175
6879
6074
4441
2585
1438
1238
1119
1108
1147
831
-19
-1043
-2284
-3570
-4594
-4514
-3169
-1890
-693
272
613
449
297
774
1276
1737
2757
4014
4910
5095
4851
4271
3287
2563
1982
1386
671
451
544
239
-434
-1253
-2039
-2933
-3046
-2749
-2416
-1744
-1243
-841
-1057
-1279
-1576
-1967
-2225
-2561
-2633
-3172
-3693
-3937
-4534
-5444
-6409
-7365
-8292
-9178
-10005
-10822
-11897
-12760
-13509
-14534
-15300
-15844
-16168
-15985
-14094
-8777
-2405
310
-596
-1521
-2386
-3002
-568
5487
10849
13053
13317
12843
11778
10951
10373
7989
5231
3909
3888
3862
2815
576
-2473
-5699
-8702
-9813
-9129
-6217
-1795
2471
5304
6341
7050
7772
7725
7822
9336
11890
14478
16224
16071
13724
10394
6983
4265
2037
710
342
119
-310
-1411
-3393
-5183
-6345
-6794
-6007
-4245
-1452
1716
4713
6812
7590
7557
7514
7884
8351
9716
10364
10182
10023
9037
6534
3284
480
-1844
-2739
-2901
-2908
-3159
-3282
-2818
-2552
-2420
-1927
-1831
-1499
407
2337
3687
4294
3728
2729
1514
108
-959
-1936
-3289
-4394
-5254
-6503
-8060
-9400
-10453
-11719
-12314
-12074
-11152
-10108
-9070
-8709
-9148
-9126
-9167
-9248
-9018
-8451
-9022
-10101
-11134
-11656
-12382
-13253
-13947
-12104
-5275
566
672
150
775
-1108
-2614
191
6653
11350
13088
12382
11361
11974
12238
9756
5259
3048
1766
2479
2941
650
-3620
-6320
-7696
-8775
-8031
-6419
-3686
182
4740
7276
9946
12461
12725
10874
9779
10317
11828
13557
13695
11906
9210
6720
3199
156
-2648
-4935
-6030
-4883
-3802
-4640
-5771
-6418
-6869
-6157
-3496
-796
2125
5463
8496
9631
9231
8426
7430
6289
6159
6346
5015
3987
3109
1253
-920
-3064
-5104
-6046
-5541
-4616
-3718
-2956
-2042
-1603
-1566
-828
661
1904
3494
4842
5313
5203
4366
3251
1865
-178
-2031
-2481
-3318
-4974
-6228
-7491
-8859
-9622
-9530
-9031
-8144
-6731
-5179
-3824
-2881
-2468
-1780
-1238
-1368
-2091
-2400
-3243
-5341
-8268
-10137
-11293
-12788
-14353
-15352
-15751
-14711
-7182
2277
6050
5134
4575
2751
698
2184
8582
14616
15798
14084
12743
13783
13596
10037
3083
-1635
-3619
-1947
183
-438
-3720
-5978
-6249
-6596
-6098
-5181
-2492
2140
9398
15365
19477
21202
20277
16430
12801
11517
11933
12283
10920
9342
7239
4467
516
-3531
-7764
-10266
-10210
-7762
-5159
-3750
-3081
-2991
-2285
-989
398
1213
3751
7460
10424
11674
11348
8871
5273
2614
1137
510
-611
-1316
-1642
-2145
-3440
-5146
-6574
-6862
-5958
-4812
-3412
-2274
-976
-761
-1073
-160
1690
2718
3361
3645
3213
2447
1445
41
-1870
-3789
-5008
-5364
-6546
-7893
-8864
-9207
-8955
-8178
-6717
-4913
-3164
-1471
334
1377
1576
1277
1468
728
-1340
-2986
-4659
-6521
-8292
-10682
-13231
-14646
-15637
-16639
-17612
-17809
-16453
-9852
386
7120
7581
7554
7858
6071
5761
9336
14717
17118
16585
14863
15659
15580
11597
3872
-2477
-5670
-5989
-3318
-2200
-3426
-4489
-2940
-2383
-2338
-2005
-423
3440
10290
17508
22158
24184
22650
17844
12385
8914
7080
5985
4871
4519
4055
2912
-12
-4432
-8750
-11383
-11304
-8665
-4896
-2397
-1067
-325
547
1002
833
427
1375
4410
7456
8986
8133
5443
2118
-399
-2198
-3251
-3995
-4176
-3163
-2534
-3282
-4753
-5900
-7215
-6784
-5254
-3501
-1944
-906
-1115
-1387
-182
1357
1994
1822
2036
1879
1396
716
-848
-3009
-4178
-5500
-6388
-7265
-8351
-8826
-8139
-7296
-7425
-6756
-5383
-4099
-2980
-1553
-639
-615
-804
-1102
-2157
-4806
-8376
-10493
-11546
-12498
-13321
-14873
-16398
-17437
-19701
-21024
-19892
-17513
-9077
2256
8472
9712
10126
8610
5684
4682
7930
13287
15619
15081
13971
14327
14162
10112
1998
-4259
-7496
-7041
-3584
-1825
-2935
-3068
-1177
-601
-770
-1009
323
4759
12503
19404
23640
24686
21664
15604
9910
5813
3540
3400
3472
3700
3822
2976
-429
-4288
-7662
-9614
-9251
-6576
-3280
-1042
597
2041
2377
1865
1449
793
1842
4653
7456
8641
8229
6309
3299
683
-470
-1063
-1552
-884
-23
469
234
-802
-1317
-965
-179
1148
1830
1644
1335
276
-674
-157
993
2171
3007
3135
2524
1357
-598
-2621
-3846
-4353
-3885
-3133
-3523
-5131
-6965
-8429
-8975
-9188
-8634
-6649
-3781
-1145
334
378
-840
-2466
-3795
-4674
-5952
-7405
-8298
-9263
-10981
-13140
-14887
-16702
-18620
-18967
-17604
-15570
-11733
-2665
7187
11319
11146
10148
8202
6984
8077
11449
14990
16321
15459
14758
15396
14075
8397
1029
-3427
-5433
-4721
-3100
-2862
-3990
-3030
-763
458
347
-490
1338
6330
13033
18249
21705
21554
18111
12916
7489
2182
-760
-1301
-695
1318
2800
1652
-2098
-5875
-9136
-10609
-9956
-7557
-4830
-2774
-1010
681
963
542
-28
-580
309
3098
5750
6873
6500
4906
3128
1287
-90
-907
-1313
-937
324
1696
2292
1770
1159
439
459
966
643
-273
-1248
-2083
-2630
-2111
-1084
-544
-35
1069
1148
69
-1442
-2798
-3790
-3685
-2394
-1792
-2410
-4096
-5877
-6654
-6418
-6498
-5857
-3589
-1517
-38
688
205
-1203
-2374
-3325
-4059
-5518
-7750
-9580
-11445
-12686
-13445
-15269
-16745
-16602
-16526
-15473
-14189
-9104
1755
10700
12753
12561
11845
9453
8133
9221
12762
15403
16190
14806
13841
14819
13836
7156
-1348
-6105
-7446
-6052
-4476
-4640
-5058
-2722
425
1970
531
-1193
396
6448
13763
18690
21595
21207
17391
11535
5769
222
-3227
-4253
-2707
185
2419
1849
-1417
-5168
-8179
-9322
-9029
-7381
-5585
-3157
-46
2344
2690
1973
783
147
1390
3848
6084
7046
6911
5783
3888
1567
80
-1584
-2857
-2661
-1860
-1464
-1159
-1557
-2323
-1552
-740
-982
-1844
-2955
-3888
-4572
-4853
-3734
-2718
-2118
-632
792
314
-1386
-2650
-3999
-5274
-5684
-4423
-3334
-3386
-4349
-5464
-6623
-7754
-8916
-9157
-7168
-4389
-2272
-681
201
-899
-2551
-3953
-6000
-8465
-10035
-10872
-11697
-11841
-12663
-15010
-16846
-17440
-18068
-17309
-15042
-10363
-230
10253
14606
14421
12779
9142
6371
6452
9610
13098
14972
14308
14057
15386
14506
8093
-592
-5579
-7014
-5292
-3962
-4359
-4639
-1731
1567
2531
615
-1368
-224
5064
12333
17795
21657
22378
19431
13751
7997
2111
-1963
-3473
-1920
1676
4864
4596
1475
-2375
-6238
-8474
-9688
-9542
-7788
-4334
-667
2713
4355
4251
2759
1808
2662
4358
6323
7913
8436
7383
5780
3923
1809
-1063
-2935
-2922
-2303
-1622
-864
-296
-323
411
964
-127
-1816
-3044
-4207
-4945
-4132
-2440
-913
435
1976
2739
1444
-714
-2367
-3486
-4594
-4869
-3976
-3515
-4159
-5462
-7084
-9062
-10494
-10878
-10393
-8256
-5334
-2769
-874
-235
-1190
-2780
-4742
-6496
-8507
-9354
-9471
-11412
-12810
-13251
-14974
-17302
-18048
-17381
-15682
-12001
-1954
9883
14652
13290
10717
7959
6424
7632
10624
14030
15631
15561
15676
16971
16201
10858
1562
-5255
-6316
-3738
-2431
-3740
-4137
-1603
1418
1943
1561
334
1422
7041
14516
18835
21037
22266
20445
15333
9154
2564
-2792
-5109
-4636
-1379
2300
4095
1989
-1299
-3929
-5581
-6867
-7595
-6933
-4106
-373
2445
3603
3703
3286
2307
2556
3694
4962
6193
7287
7346
5795
2915
962
-457
-2422
-3395
-2584
-1288
-814
-299
316
1002
1853
2610
2135
604
-491
-1601
-2994
-3130
-2095
-1619
-981
502
689
-995
-3339
-4733
-6133
-7735
-7273
-5498
-4691
-5107
-5454
-5733
-6640
-7945
-8888
-8512
-5964
-2619
84
1574
1322
-710
-3123
-5348
-8067
-10823
-12587
-13960
-15483
-16005
-16937
-19117
-19979
-18494
-16885
-10617
1529
11006
14026
14209
13168
10709
9522
10917
14123
17150
18910
18509
17983
18487
16148
8715
-14
-5635
-6802
-4592
-4064
-5643
-5402
-2435
-723
-548
34
1761
4684
10092
16376
20903
23006
22954
20573
15237
8654
1957
-2509
-4647
-4572
-2348
1282
2922
1296
-2249
-5313
-7488
-8848
-8796
-7798
-5579
-2770
-196
496
933
2279
2674
2203
2913
4719
6088
6587
5695
3365
844
-958
-2744
-4951
-6733
-6336
-4566
-2295
-589
-908
-1448
-31
1696
2142
1975
1084
-291
-1961
-3612
-3655
-2441
-2261
-2514
-2109
-1854
-2780
-4857
-6674
-8096
-8665
-7418
-5713
-6349
-6935
-6600
-6394
-6821
-7500
-7733
-6221
-3253
-980
106
-1097
-2967
-4570
-5810
-7883
-10484
-12814
-14625
-16619
-18547
-19844
-19751
-18100
-15682
-7417
5669
13797
14055
12863
11934
10492
9579
10833
13773
16381
18109
18261
18425
18054
14524
6042
-1758
-5246
-5257
-4347
-4969
-5461
-3381
-630
-883
-1660
-1272
1356
6903
14597
20093
22621
24351
24337
20431
14862
9265
2656
-2915
-4863
-4431
-4041
-2719
-1839
-1535
-2280
-3521
-5558
-7123
-6719
-5042
-2965
-1285
-464
-1277
-1496
-714
1078
1590
1207
1871
3643
5061
5401
4187
1945
171
-1384
-2808
-3648
-4308
-4109
-2238
-526
249
-586
-1557
-833
1919
3459
3643
3413
2183
429
-2004
-3752
-4327
-4702
-5158
-5170
-4611
-4284
-5423
-7909
-9005
-8684
-8703
-7798
-6689
-6397
-5307
-3818
-3895
-4395
-4630
-4712
-4322
-4159
-4474
-5480
-7083
-8076
-8942
-10440
-12724
-15866
-19856
-22258
-21718
-19964
-17026
-8307
3699
10693
11565
10564
9440
8290
8497
10598
14392
17978
18989
18121
18842
18792
15097
7447
223
-3335
-2610
-831
-2284
-4444
-2464
1096
906
-985
-1377
1943
8721
16244
21062
24278
25771
24600
21747
17780
11824
5184
427
-2513
-3694
-3589
-3391
-5185
-6850
-7130
-6037
-4045
-2149
-1309
-293
2083
3479
2062
-695
-2312
-3164
-2483
-723
302
1411
3647
5232
5302
3821
2020
212
-1398
-2620
-3026
-2981
-2438
-1350
-518
-70
93
-248
-1029
-379
1425
3214
4710
6125
6260
4633
1980
-774
-3278
-4971
-5326
-5122
-4657
-4971
-5456
-5877
-7086
-9039
-10680
-11315
-11006
-8954
-5847
-3692
-2052
-257
509
-760
-3312
-6362
-8868
-9635
-9438
-9300
-9388
-11062
-14536
-17722
-20285
-22631
-23011
-19018
-8066
5184
12651
13763
13236
11213
7553
5566
8471
14436
18571
19883
19609
19775
18643
13010
2803
-4668
-6174
-3703
-959
-246
-863
345
1968
634
-1596
-1370
2839
9439
17775
23455
26086
25937
23678
19124
14244
9368
4937
2228
715
767
658
-886
-5009
-8940
-11049
-11024
-9886
-6730
-2047
2955
6817
7979
5266
789
-3181
-5922
-5659
-4323
-3403
-2675
-873
870
1795
1123
-1895
-4769
-5061
-4504
-3753
-2064
-23
1565
1720
895
-987
-2939
-3750
-2590
-540
1628
2412
2105
2053
1346
89
-1625
-4001
-6332
-7121
-6709
-5553
-5359
-6979
-9276
-10566
-11031
-11465
-12424
-13701
-12763
-9451
-6382
-4183
-2691
-1823
-1490
-1986
-3766
-6886
-10335
-13525
-14224
-13565
-13787
-16695
-20531
-22476
-22315
-20575
-13332
-2719
3798
7360
9993
11402
11838
11672
10871
12813
15537
16657
16800
18406
19794
16247
8323
722
-3604
-3683
-2311
-3685
-4331
-974
2950
2842
1747
1738
3989
9330
16715
22349
25111
25717
24357
21241
16842
11966
7040
4024
2074
2203
3091
2445
-1081
-5359
-8667
-11129
-12040
-10099
-6433
-2012
3735
8084
9076
6890
3060
-434
-1704
-1540
-1543
-2175
-2518
-2855
-4086
-5469
-6528
-7610
-7869
-6160
-4190
-2924
-1761
-116
1602
2323
2245
1434
332
-606
-356
1315
2706
3046
2673
1057
-1296
-2405
-3297
-4542
-4798
-3601
-3133
-3405
-3853
-5485
-8334
-10273
-10752
-10211
-9221
-8266
-8202
-8008
-6791
-4819
-2655
-1443
-1585
-2990
-4175
-5769
-8334
-11889
-15031
-17245
-18503
-20452
-22160
-22681
-22541
-16219
-4099
4833
6580
6193
6284
7923
11351
15897
19992
21477
20590
18651
18263
17579
13108
5153
-329
-1806
-926
52
-1730
-5308
-5864
-3279
-2461
-2682
-1314
3553
11078
20047
26187
27882
26425
23194
19257
15602
12340
9341
7642
6178
5286
4582
3029
-1400
-6138
-9409
-10675
-10195
-8493
-5934
-2984
298
3304
4584
3666
3049
3265
4381
6084
7191
5921
2763
-936
-5032
-8130
-10178
-12122
-13441
-11588
-7427
-4163
-2567
-1587
-1108
-969
-521
15
1752
4327
6471
7590
7388
6437
3941
-422
-4426
-5870
-5140
-4012
-3983
-4010
-2751
-1639
-2579
-4564
-6928
-8222
-7870
-6837
-5433
-4391
-4378
-5692
-6953
-8545
-9588
-8601
-5820
-4443
-3520
-3380
-5667
-9602
-13540
-16623
-19500
-20297
-19988
-18058
-12201
-2285
2626
1739
619
317
866
4860
12477
20384
25854
26377
23662
21687
20258
14701
5742
-1516
-4051
-2062
697
-461
-4136
-6192
-6568
-7712
-8342
-7157
-2687
6641
18593
27956
31449
30073
25932
20989
16981
14696
12553
10601
8800
6891
5222
2889
-1126
-5695
-8697
-9647
-9049
-7623
-6302
-4860
-2239
716
1921
1288
-75
-310
1836
5518
8635
9753
8316
4872
354
-4336
-8281
-11616
-14297
-14998
-13387
-10663
-8615
-7602
-6913
-5153
-2369
26
1723
2148
2063
3455
5966
7847
8260
5498
923
-3213
-6043
-8581
-10626
-11320
-10387
-8771
-7867
-7568
-9111
-11146
-11973
-11162
-9399
-7032
-4330
-2289
-2129
-4063
-6699
-8810
-9271
-9151
-8223
-7777
-8052
-9178
-12729
-18420
-23212
-25211
-25398
-21554
-10463
2721
7736
3625
-1143
-3502
-3219
968
9681
19741
26356
28092
26096
24005
20207
13611
4546
-659
-596
2439
3132
-1240
-7286
-10558
-11150
-12502
-11846
-8107
-1121
8484
19980
27729
29666
26941
23485
21152
20264
20293
19799
18306
14601
9240
3619
-1186
-6171
-9591
-9629
-5863
-2083
-161
-847
-3245
-4847
-3828
-1745
-57
2446
5244
8417
10343
10730
9112
6709
4536
3155
2038
351
-2236
-6497
-10102
-11226
-11478
-13140
-14268
-13619
-11037
-7271
-2581
261
2029
4209
7047
9180
9993
8742
6716
5113
2753
470
-2119
-5886
-10968
-14284
-15343
-15113
-15108
-14570
-14049
-13177
-11483
-9360
-7860
-7088
-5638
-4676
-4314
-4953
-6025
-7150
-8006
-8266
-7980
-8673
-11222
-14877
-18571
-20688
-21533
-20690
-14370
-4231
1649
199
-2640
-3165
-2576
-98
5876
14911
21518
23833
22983
23368
23263
19059
11344
4531
2239
3584
4137
-382
-6349
-10605
-11991
-12220
-11121
-8912
-5093
1846
12074
20976
25002
25296
24250
22902
21809
22377
23434
22795
19218
14827
9050
2949
-2041
-5684
-8450
-8282
-4608
-1589
-1624
-3091
-3322
-3639
-3171
-1199
1897
5099
9057
11963
12650
12282
11305
9237
7465
7687
7926
5667
1097
-3733
-8114
-10397
-11247
-11688
-12172
-11742
-10268
-7738
-5477
-4857
-3739
-297
4808
9081
11507
11397
10754
8778
5337
1609
-2069
-5790
-8559
-9998
-11455
-13046
-14865
-16434
-16866
-15635
-14013
-12136
-9733
-7408
-6577
-6753
-6982
-7571
-8511
-8261
-6806
-6719
-7998
-10191
-13282
-15608
-15016
-13871
-10862
-4625
-558
-2473
-7129
-8937
-7798
-2796
4294
13249
18073
19456
19211
20930
23598
22643
18277
13076
10692
8423
5530
-1973
-9570
-13669
-13537
-13449
-13149
-11895
-9902
-5252
1857
9725
15432
18675
19488
20990
22539
23632
23340
22775
21093
19362
16857
12460
6171
-237
-4948
-7818
-7922
-7740
-7540
-7392
-6384
-5978
-5360
-5826
-5687
-3764
77
5626
10219
12490
13019
13661
12423
10510
8636
7801
6526
4896
2125
-1544
-5746
-10197
-14378
-15932
-14634
-12561
-10708
-9537
-7493
-4549
-724
1804
4193
5872
7489
9019
9724
8575
5748
2368
-533
-4064
-9961
-15638
-19972
-22821
-23906
-22377
-19567
-16828
-14637
-13614
-13339
-13411
-13372
-13144
-11507
-8722
-6888
-6877
-8915
-11801
-13856
-14003
-14091
-9168
73
6284
4172
-684
-4354
-7855
-7760
-4422
4211
11268
14885
13466
14580
18300
20642
19469
16346
15390
14697
14812
9260
866
-6924
-10254
-11991
-11951
-11113
-10056
-8579
-4505
1634
6901
12111
15633
18062
17916
18320
19149
20527
19671
18921
18869
18674
16225
11296
6149
1784
-779
-2418
-3715
-6318
-7633
-8471
-8669
-8563
-6704
-4521
-2076
720
3884
6839
9136
12390
14145
14959
14932
15400
14317
11635
7440
2808
-728
-2774
-4362
-7079
-9423
-12025
-14421
-16035
-14766
-12217
-9285
-6881
-3245
1649
5575
6969
6940
7093
7118
6723
5594
3271
-1466
-6744
-10872
-14609
-18642
-21791
-23572
-23293
-22381
-21656
-21750
-21876
-21524
-20488
-18369
-16271
-15471
-14925
-14463
-14872
-15192
-13752
-12873
-8211
-419
4996
4017
1580
419
513
3375
6348
9189
6811
4376
2361
5828
12317
16632
16082
13242
13735
15322
15552
9267
2009
-2601
-3569
-5059
-6979
-9254
-10711
-9441
-5009
173
3690
6277
7594
11002
15437
19564
21140
21918
21137
19257
16749
14211
11210
8099
7538
7793
7913
5362
1881
-1779
-3917
-4905
-5367
-5898
-6764
-6551
-5162
-3167
-2239
-522
1662
5872
10297
13356
13742
14294
15477
16562
17111
14592
10767
6185
2774
-1471
-4784
-8143
-10119
-11498
-11887
-11625
-10169
-9055
-8539
-6715
-3377
929
3722
5754
6678
7928
8394
7672
4767
1111
-3076
-7009
-10415
-13417
-16119
-18484
-20077
-20777
-20854
-21851
-22467
-21780
-19902
-19694
-19824
-20729
-21203
-22947
-22616
-19494
-13375
-4733
1131
1506
-3085
-2717
156
6827
12228
17997
18582
13885
8564
6064
9594
11472
12022
8539
8629
10908
14015
12501
7112
2070
-837
-1755
-3984
-6131
-8595
-8280
-5845
-1559
-160
-60
1113
5290
10362
15334
19609
21550
21557
19576
18221
16862
15184
12609
11054
10972
10840
7224
1938
-2874
-5171
-4309
-2166
-460
-896
-2158
-4096
-5427
-6393
-5534
-3184
861
6790
10429
10293
8316
8379
9723
12518
15502
16833
16245
13297
9164
4957
1629
-2042
-6097
-9881
-12231
-12672
-12497
-12562
-11975
-10042
-7008
-4236
-2738
-1660
-32
2971
5617
6466
4494
1599
-1307
-3356
-5097
-6917
-9224
-12521
-16662
-19821
-21594
-23341
-24913
-25341
-24323
-22792
-21467
-22512
-23266
-23237
-22389
-17277
-10345
-5935
-8320
-8244
-5162
1153
7094
12310
16898
16960
15847
14507
18665
21189
18820
10554
3951
3917
7142
9589
6168
1368
-1156
-1441
-3382
-5321
-6694
-6517
-4133
-267
1134
-408
-1320
277
5010
10175
13687
15135
16536
16849
17911
19418
19773
17730
14082
11135
8978
7928
5800
3053
286
-1013
-2769
-4817
-5448
-4914
-3424
-1648
-673
-1399
-3032
-3114
-1258
2104
5963
8355
9094
9074
9352
10098
11405
11310
10860
10744
11166
10507
7197
2505
-2052
-4178
-5004
-5416
-6932
-8770
-10287
-10770
-10103
-8989
-7708
-6977
-5577
-3223
-541
423
-835
-2510
-3796
-3736
-3804
-4793
-6509
-8542
-11071
-13580
-16534
-20482
-23846
-25224
-24037
-22964
-23377
-24811
-25434
-25012
-24465
-18742
-12482
-10137
-13423
-12674
-6540
-93
3508
3541
5650
6956
10979
15257
21900
25580
22855
15964
9418
8913
10589
11661
7667
2705
-846
-3278
-6856
-10351
-10902
-8997
-4752
-1212
-648
-2287
-1954
1152
4799
7564
9759
12335
14791
17162
19038
20535
20112
18531
16505
15119
15007
15096
13915
10469
5683
1497
-1348
-3817
-5247
-5234
-4079
-3514
-4048
-4585
-4750
-3382
-586
4066
6330
7256
7499
9951
12811
15134
15725
14682
13699
12401
12095
11308
10358
6556
2157
-2005
-2951
-3464
-4526
-6263
-6827
-6497
-7015
-8545
-10670
-11297
-9721
-5379
-1976
-1641
-4329
-6055
-6331
-5574
-4912
-4616
-4769
-5106
-5561
-7161
-10152
-14213
-16839
-17931
-19025
-20690
-22361
-23849
-24250
-24308
-20096
-15266
-13402
-16334
-18338
-13525
-7413
-481
2089
4865
4478
5363
9035
16786
24881
25114
20386
14535
15267
19114
21990
17969
8697
1875
-377
-709
-3342
-7329
-11267
-13271
-12480
-10259
-8907
-7793
-4559
662
4541
6115
6804
8010
11053
16035
21672
23516
21237
17180
15103
15512
16600
16947
15177
12378
9896
8585
7303
4746
1607
-1220
-3724
-6237
-8132
-8375
-6673
-5023
-5347
-5183
-4067
-1345
2085
6437
11881
15243
16335
15518
16356
18395
19440
17886
13991
9999
6387
3882
244
-4557
-8160
-8720
-7757
-8201
-10155
-12390
-13430
-11633
-9105
-7816
-8244
-9504
-10191
-9786
-8284
-7567
-7526
-8677
-10151
-10831
-11083
-12205
-14142
-16535
-17824
-18868
-19843
-19916
-19603
-19537
-16718
-14129
-14610
-18296
-17350
-12643
-7599
-4111
-2776
-974
-1401
-527
1920
9124
14183
14071
9773
8189
13023
19053
21401
17429
12359
9498
8470
6940
4286
1603
-2235
-5588
-7034
-7767
-8965
-9811
-9388
-8018
-6356
-4373
-1947
821
4555
8522
11642
13880
14531
14426
14950
16682
18065
17560
15900
13254
10857
9249
8191
7158
5673
4333
3796
3600
2077
141
-581
-763
-883
-2228
-2668
-3422
-3667
-3578
-1480
1404
4104
5483
4827
6138
9653
13655
14695
14684
14319
13571
11412
7989
4762
2565
303
-2602
-5149
-7801
-10828
-13852
-15492
-16284
-16411
-16119
-15710
-15107
-14712
-14187
-13701
-12714
-12500
-13262
-13482
-12666
-13094
-14628
-16665
-18883
-20866
-20800
-21084
-19809
-16203
-14088
-16411
-18766
-14318
-8950
-3403
-1803
53
225
1632
4875
10238
16128
15950
11245
5652
6898
11838
15608
13458
5868
1220
2157
6096
6964
4764
1459
-216
684
499
-1237
-3794
-5093
-5451
-3921
-2570
-2350
-3073
-2068
530
3988
6050
6538
6356
7910
11000
13357
13931
12546
11495
10935
11253
10838
8927
6513
5490
6188
5785
4192
2494
2194
1380
1587
2447
3479
3988
3262
2122
1671
3594
5555
6621
6497
6138
5994
5875
6019
6590
7121
6897
6171
6225
7553
8393
6931
3921
1085
-333
-1005
-1679
-2594
-4935
-8623
-11572
-13640
-15159
-16835
-17344
-17528
-18003
-18406
-18964
-18165
-16731
-15766
-16084
-16301
-16724
-16209
-13987
-13864
-12616
-11143
-8830
-10687
-12996
-12078
-10006
-5851
-4098
-684
763
2968
4610
8430
14066
16834
17055
15306
17095
20376
21900
18600
12076
8705
8642
9032
7438
4003
-403
-4162
-3899
-2871
-2984
-4133
-4984
-4852
-4115
-3012
-1574
111
917
1114
2574
5458
8147
8758
8163
7341
7402
8064
9197
10268
9968
8498
6553
5866
6026
6291
5926
4018
2782
2704
3031
3400
3937
3763
1684
1251
2715
4336
5134
6014
7754
8796
8770
7371
6974
8034
9572
9218
7242
5905
5606
5352
4251
2974
2144
1525
589
403
265
-678
-2851
-4777
-6702
-8646
-10419
-12436
-14120
-15760
-16812
-18385
-19680
-21217
-23074
-25099
-26187
-24582
-22819
-20138
-20299
-19232
-17891
-16893
-15949
-16576
-10745
-7270
-3439
-3435
-1806
-489
618
4832
8337
13138
12759
11639
9759
11928
16263
18156
17020
12621
10280
11516
13373
12418
7968
4076
1261
1238
2820
2402
-199
-3144
-3805
-3658
-3200
-2702
-2793
-3841
-4391
-3422
42
4153
5585
4472
3357
3991
5470
6989
8574
8735
7945
6068
4606
3273
1500
486
-54
958
1657
1290
661
494
813
1144
2666
3384
3537
4097
5690
7168
8200
9372
9743
9821
10018
10906
11810
11965
11585
10462
9370
8382
7579
5977
3699
874
-792
-1040
-1164
-1966
-3985
-6467
-8295
-8299
-7488
-8080
-9831
-11730
-14028
-16441
-18492
-19793
-21326
-22727
-24199
-25495
-24416
-24733
-23352
-22246
-18491
-17164
-17024
-14466
-12891
-8874
-9078
-7128
-6265
-1451
4338
9207
12771
11131
11151
13458
19832
23393
21944
17228
12621
12836
15659
16082
11731
4690
362
-354
1454
2982
1408
-2057
-4754
-3997
-1559
63
-616
-1958
-2212
-997
1011
1977
2619
1554
1240
1313
1842
2985
4289
5868
5192
4503
3007
1405
547
876
1431
409
-724
-2402
-3254
-4459
-4884
-4897
-4901
-4388
-3720
-1505
1042
2194
2552
3172
5072
6671
7924
9375
10300
11472
12671
12878
11414
10024
9357
9638
9527
8980
7142
4288
1646
-90
-1023
-2942
-5199
-7703
-9311
-10128
-11206
-12752
-15303
-16555
-17173
-16670
-18098
-20036
-22718
-22182
-20617
-18448
-17168
-17838
-17412
-18433
-14630
-12471
-9892
-10249
-8394
-5887
-3821
-514
1949
5805
6257
6806
7527
11554
15471
16467
15812
14720
15824
18471
20588
19838
15491
11094
9882
11330
12478
10542
5966
1634
167
1097
1373
138
-2031
-2118
128
3378
4933
4454
2819
2201
3794
5895
7323
6771
5975
4994
4688
4072
2976
2007
1465
2016
2219
2606
2550
2398
957
-1003
-1992
-2547
-2619
-3024
-2794
-3514
-3817
-4184
-3766
-2680
-1487
-80
933
2179
3522
4786
6355
7571
7748
7931
8866
9778
9549
8258
6761
5763
5377
4568
2983
-6
-3544
-6069
-7337
-8056
-10991
-14570
-18282
-20237
-21222
-21702
-22225
-23654
-22615
-22469
-19043
-18965
-17404
-19072
-17844
-13898
-10270
-7314
-9064
-7464
-6768
-2155
1721
6109
7439
6309
6950
9520
14006
14870
13065
9432
7574
9467
11569
11589
7753
4333
3292
5696
8902
9968
7736
4492
3902
5896
8258
8298
7078
5262
4779
5942
8145
8659
7526
5094
4296
5413
6945
6939
5267
4865
4256
4797
4742
4566
3485
1628
729
231
2027
1665
237
-1549
-1447
-669
-64
1062
974
408
-880
-952
321
1813
2231
1353
1211
1553
1756
1989
1980
2450
3340
3951
3532
2158
2275
2633
3487
3633
2557
945
-747
-1190
-1751
-3200
-5131
-6203
-7180
-8200
-9797
-11415
-14511
-16719
-18686
-18449
-18071
-19755
-19854
-21314
-19438
-20836
-18858
-16188
-13818
-11964
-11207
-6455
-3299
1461
4441
7609
9568
9416
10127
11688
15008
15800
13542
11085
9277
10860
12030
10772
6587
2690
2285
3286
5079
4453
1457
-2024
-3181
-1462
261
1237
1756
2107
3031
4510
7139
8692
9795
9960
11309
11859
11439
10739
10165
9684
7813
6571
4121
2796
1570
-117
-1886
-3776
-4416
-4429
-3058
-3270
-5183
-7132
-6496
-3977
-2032
-2550
-3219
-2771
-764
591
1531
1455
796
839
2116
4279
4684
4285
3372
2634
2697
2980
3089
2144
436
-1166
-1961
-2196
-3192
-5168
-7495
-9172
-10143
-11234
-13035
-14885
-16555
-17573
-19477
-20608
-20880
-18536
-18629
-18623
-18770
-16955
-14994
-15744
-13453
-13007
-10190
-11223
-9238
-6679
-2286
1401
2760
5293
5846
8402
11169
15299
16710
15488
14585
14423
16379
17133
15689
12412
9023
8024
7929
8735
7600
4651
588
-916
260
1903
1577
127
-415
818
2426
4486
6039
6832
7099
8123
10413
12239
13041
13114
13418
13898
13724
12790
12445
11068
9278
7593
6050
4504
2714
1655
681
-1197
-3485
-5430
-6248
-6491
-7204
-7849
-7873
-6877
-5524
-4929
-4495
-3807
-1853
562
1684
2685
4227
5818
7095
7209
6531
5534
5260
5523
4895
3165
1508
372
-1072
-2846
-5051
-7155
-10066
-13207
-16057
-18852
-20814
-22895
-24076
-26094
-25080
-24749
-25065
-24495
-23126
-18863
-18643
-15524
-13894
-10334
-9442
-8123
-4440
-790
3866
5666
8058
7598
8777
11198
14143
15466
13786
11621
10781
11522
13175
12832
10492
6343
3912
3446
4010
4794
3842
803
-2184
-1859
971
2343
1184
-467
-885
183
2843
6146
7760
7364
6616
8006
10193
11820
12210
12285
11815
11765
12005
12479
11534
10335
9269
8759
7342
5935
5233
4663
3933
1793
-175
-2273
-3090
-3640
-3773
-3453
-3806
-4055
-3567
-1743
-514
-721
-1150
-363
1218
3269
4173
3969
3023
2652
3872
5589
6256
5190
3822
3034
3231
2401
913
-1065
-2712
-4160
-5975
-8138
-11121
-14626
-18095
-19763
-21252
-21098
-22133
-23026
-24320
-24444
-21784
-21198
-18536
-17542
-14192
-13425
-11950
-8812
-3952
1553
3479
5728
6911
10213
13810
17257
18773
18037
17475
17295
16880
16004
13495
10777
6939
5122
3677
2645
483
-2258
-4853
-6670
-5690
-4536
-3593
-4345
-4272
-3073
-782
1483
2980
4343
5881
7177
8845
10156
11421
11923
12261
10561
10135
10328
10711
9797
8290
7960
6733
5650
3726
3516
2866
1918
578
286
115
-927
-2413
-3667
-3434
-2756
-2470
-3166
-3067
-2576
-2077
-1404
-295
46
204
413
1571
2130
2016
1941
1927
2388
2243
1818
487
-1122
-2410
-2930
-3638
-4484
-6626
-9041
-10908
-12446
-14121
-16573
-18866
-20446
-20173
-20865
-21202
-22966
-22629
-22766
-21005
-18740
-17100
-15640
-15414
-12230
-9117
-4941
-2219
762
2897
4278
6343
9137
12227
14249
14722
14916
14732
15043
15145
14847
13370
10192
7586
5426
4871
3575
979
-2758
-5383
-6394
-6235
-6021
-6363
-6491
-6902
-6132
-4144
-1976
-407
511
2333
4888
7497
9441
10927
12317
12847
13064
12921
13115
13172
13065
12469
11174
10101
8747
7519
6220
3897
1302
-888
-1826
-1878
-2027
-2705
-3375
-3928
-3906
-2917
-1793
-1117
-1405
-799
904
2298
2736
2846
3198
3741
4224
4363
4612
5018
5498
5171
4165
2471
1064
-492
-1632
-3330
-5523
-7721
-9877
-12227
-14813
-16928
-18443
-18074
-18960
-19028
-19910
-18668
-18182
-17671
-15711
-13684
-11335
-11998
-10059
-7640
-3877
-1047
912
3301
4268
6223
7751
10150
11533
12275
12954
12791
12668
12368
12257
11222
9991
8511
6202
4153
2707
2240
845
-945
-2877
-4430
-5468
-6156
-5302
-4851
-5000
-5663
-5214
-3991
-2750
-2304
-1641
-640
653
1307
2249
3831
5230
6207
6845
7708
8379
8762
8465
8713
8591
8404
7589
7220
6319
4549
3341
2122
1772
763
-435
-883
-1595
-2121
-2958
-3075
-2760
-2904
-3189
-3015
-1724
-196
1288
2166
3105
3333
3862
4563
5832
6935
7031
6740
6026
5405
4774
4478
3595
2059
140
-641
-1495
-3227
-5103
-6722
-7019
-7583
-8502
-9637
-10752
-10962
-11152
-10417
-10351
-10232
-10562
-10291
-9273
-8055
-6989
-6666
-5663
-4817
-2808
-810
796
1504
2085
3169
4485
5875
6891
7529
7806
8333
7761
7611
6372
5587
5023
4737
4008
2868
2807
2158
1430
289
-174
-195
-751
-985
-1519
-1367
-1591
-1477
-812
-462
-134
-694
26
1137
2395
3064
3046
3008
3070
3575
4125
4523
4823
4908
4955
5240
4939
4385
3748
4063
4517
4154
3333
2817
2852
2550
2265
1658
653
-376
-750
-443
-438
-1014
-1238
-1123
-574
-466
-232
417
648
852
1526
2059
1987
1646
1622
1225
617
-271
-1073
-2096
-2944
-3509
-4393
-5385
-6761
-7747
-8258
-8765
-9800
-10569
-11029
-11007
-10875
-10676
-10692
-11167
-10768
-10266
-8798
-7640
-6346
-5171
-4319
-2603
-1015
916
2164
3103
4436
5968
7127
7709
8081
8408
8241
7889
8116
8199
7871
7645
6944
6288
5045
4339
4151
3191
1947
703
111
-258
-697
-473
-856
-1534
-2412
-2365
-1909
-2332
-2571
-2718
-2350
-2594
-2049
-1203
-277
-322
-284
397
1291
2183
2463
2815
2360
2360
2301
2372
1807
1238
1003
1009
1228
1138
778
-96
-613
-321
22
93
-292
-866
-1009
-586
-164
-142
-154
-627
-1168
-1407
-1297
-1062
-1353
-1720
-2111
-2627
-3178
-3743
-4483
-4720
-4615
-4622
-4705
-5033
-5045
-5604
-5766
-5937
-5789
-5248
-5197
-4574
-4091
-3523
-2880
-2052
-1225
-835
-165
527
1057
1775
2484
3543
3462
3442
3762
4525
5565
6102
6562
6587
6338
6180
6214
5978
5752
5448
5081
5010
4930
4998
4823
4338
3696
3097
3092
3064
2706
1795
1069
735
-367
-1459
-2483
-3379
-4154
-4657
-4268
-4002
-3921
-4249
-4083
-3472
-2891
-2438
-2114
-1456
-1292
-665
-543
-438
-158
162
294
198
777
1053
1137
1011
580
59
-157
-137
167
243
-50
-702
-1342
-1373
-1495
-1879
-2086
-2305
-2274
-2294
-2463
-3005
-3990
-4385
-4657
-4926
-5031
-5533
-6283
-7110
-7107
-7063
-6960
-7459
-7623
-7553
-7377
-6629
-6116
-5125
-4561
-3969
-2794
-1319
103
1460
2830
4169
5245
6022
6677
7222
8268
9472
10367
10722
10701
10249
10071
10599
10746
10350
9488
8734
8082
7831
7451
6728
5622
4243
3919
4055
3969
3464
2909
2319
1948
1837
2312
1956
1218
795
1406
1779
1434
624
-564
-1546
-1611
-715
-677
-1664
-2638
-2658
-2597
-2608
-2373
-2213
-2327
-2371
-1776
-1587
-2203
-2701
-2453
-2106
-2112
-2255
-1823
-1249
-968
-751
-677
-1182
-2083
-2068
-1522
-1123
-1573
-2289
-2605
-2974
-2763
-2830
-3274
-3890
-4311
-4465
-4383
-4924
-5995
-7051
-7407
-7958
-8328
-8337
-8502
-8679
-8886
-8655
-8611
-8459
-8320
-7717
-6432
-5171
-3982
-3096
-1902
-673
398
1567
2964
5144
7042
8240
9402
10753
12025
12958
13740
14631
15032
14920
14808
14909
14940
14308
13358
12232
11182
10281
9483
8723
7948
7299
6512
5711
4980
4435
4059
3680
3569
3314
2958
2316
1840
1692
1318
962
229
-196
-863
-1597
-2304
-2726
-3126
-3350
-3697
-4042
-3872
-4036
-3795
-3585
-3696
-4005
-4523
-4251
-4257
-4411
-4421
-4414
-4220
-4743
-5049
-5041
-5132
-5395
-5836
-5890
-6033
-6541
-6650
-6651
-6563
-6922
-6837
-6499
-6367
-6440
-6464
-6253
-6180
-6437
-6476
-6845
-7402
-8305
-8932
-9233
-9370
-9236
-9447
-9256
-9593
-9986
-10411
-10191
-9609
-9149
-8373
-7517
-6451
-5627
-4035
-2400
-461
1318
3311
5831
7993
9972
11394
12862
13966
14939
16074
16715
17156
17233
17622
17469
16927
16279
15347
14423
13203
12519
11574
10402
9063
8088
7421
6442
5469
4611
3837
3157
2660
2634
2457
2284
2345
2361
2010
1351
999
546
289
-107
-763
-1748
-2710
-3102
-3477
-3896
-4371
-4925
-5381
-5501
-4923
-4511
-4744
-5459
-5622
-5663
-5520
-5171
-5305
-5228
-5611
-5406
-5249
-4890
-4666
-4870
-5081
-5472
-5848
-6162
-6171
-5851
-5765
-6073
-6580
-6915
-7102
-7645
-8262
-9017
-9605
-10050
-10338
-10603
-11088
-11646
-11585
-11336
-11216
-10921
-10743
-10680
-10833
-10542
-9920
-9011
-8181
-7047
-5642
-4483
-3370
-1831
53
1567
3433
5420
7338
8878
10486
12565
14577
15835
16884
17445
18023
18483
18919
18700
17988
16854
15884
15194
14137
12889
11302
9537
7889
6337
5585
4721
3911
3072
2276
1953
1807
2395
2586
2870
2731
3178
3290
3120
3335
3331
3193
2388
1749
1059
332
-305
-1143
-1691
-2148
-2746
-3254
-4152
-4430
-4641
-4621
-4871
-5281
-5426
-5508
-5488
-5413
-5428
-5518
-5778
-5658
-5525
-4979
-4563
-4215
-3722
-3741
-3475
-3141
-2843
-3191
-3601
-3960
-4224
-4839
-5575
-6124
-7228
-8491
-9474
-10396
-10960
-11609
-12162
-12552
-12871
-12739
-12414
-11917
-11775
-11763
-11236
-10349
-8923
-7792
-6228
-4753
-3394
-1789
-226
1909
3763
5706
7723
9612
11855
13825
15745
17021
17922
18457
18685
18845
18722
18946
18793
18016
16727
15438
14130
12917
11857
10678
9211
7473
6138
5044
4294
3721
3293
2807
2167
2121
2294
2584
2732
2689
2981
3340
3777
4046
4112
4209
4233
4201
4082
3804
3256
2612
2110
1667
1189
403
-705
-1619
-2424
-3229
-4266
-5165
-6112
-6909
-7477
-7730
-7943
-8326
-8722
-8795
-8658
-8052
-7596
-7164
-6804
-6441
-5764
-5226
-4677
-4355
-4097
-3797
-3975
-3903
-4368
-5035
-5846
-6815
-7189
-7858
-8549
-9563
-10515
-11456
-12131
-12541
-12902
-13040
-13183
-13209
-13322
-12927
-12386
-11285
-9999
-8429
-6672
-5125
-3084
-910
1442
3747
5829
7936
9722
11775
13671
15717
17410
18337
18908
18778
18787
18643
18603
17843
16523
15229
13802
12363
10754
9024
7397
5798
4624
3204
2317
1228
283
-214
-433
-502
-668
-562
-162
288
681
1341
1867
2557
3010
3450
3814
4056
3938
3868
3651
3297
2589
1877
1289
1155
698
-248
-1131
-2225
-2636
-3229
-3823
-4746
-5576
-6133
-6522
-6651
-6882
-7253
-7332
-7561
-7585
-7350
-7261
-7020
-6822
-6468
-6080
-5957
-5584
-5162
-4898
-4778
-4830
-4951
-5354
-5624
-5818
-5934
-6443
-6967
-7396
-7772
-8180
-8502
-8847
-9424
-9970
-10203
-10347
-10440
-9999
-9276
-8523
-7721
-6775
-5622
-4497
-3036
-1421
441
2526
4421
6379
7855
10045
11569
12880
14362
15380
16723
16997
17281
17234
17056
16689
15913
15220
13877
12467
10870
9537
8341
6928
5360
3683
1992
684
-157
-836
-1592
-2236
-2586
-2505
-2418
-2370
-2096
-1875
-1371
-810
-353
133
657
1171
1458
1528
1491
1372
1438
1404
1352
1114
442
-589
-1599
-2195
-2528
-3235
-4263
-5362
-5993
-6341
-6771
-7061
-7481
-7666
-7800
-7503
-7139
-6676
-6515
-6167
-5901
-5702
-5289
-5086
-4612
-4145
-3743
-3396
-3228
-3342
-3444
-3181
-3386
-3907
-4550
-4817
-4970
-4975
-5222
-5763
-6378
-6825
-6983
-7162
-6739
-6588
-6278
-6043
-5506
-4745
-3929
-2640
-1441
-269
1045
2630
4318
5542
6924
8524
9821
11203
12171
13391
14217
15019
15475
15339
15300
14939
14848
14360
13799
12775
11921
10990
9950
8861
7651
6254
4804
3860
2958
1922
965
312
-310
-906
-1477
-1737
-1986
-2101
-1791
-1520
-1441
-1387
-1205
-872
-809
-240
411
740
795
771
859
1097
974
481
117
-513
-948
-1222
-1864
-2387
-3120
-3920
-4650
-5043
-5494
-5982
-6015
-6451
-6679
-7013
-7125
-7160
-7060
-6689
-6029
-5400
-4860
-4363
-4072
-3699
-3281
-2640
-2441
-2541
-2671
-3094
-3112
-3077
-2992
-3294
-3631
-3817
-4009
-3856
-4187
-4238
-4236
-4199
-3957
-4033
-3948
-4228
-3592
-2764
-2118
-1108
-173
1290
2422
3754
5096
6138
7037
8174
9550
10516
11296
11838
12261
12463
12370
12524
12188
11619
10918
10147
9662
8502
7746
6688
5834
4857
3643
2759
1506
548
-312
-949
-1353
-1919
-2410
-3121
-3639
-4191
-4365
-4141
-4156
-3873
-3867
-3499
-3195
-2733
-2217
-1880
-1599
-1522
-1439
-1364
-1455
-1548
-1799
-2259
-2589
-2848
-2999
-3635
-4191
-4474
-4566
-4658
-4858
-5220
-5533
-5490
-5331
-4906
-4567
-4429
-4231
-3751
-3322
-2902
-2569
-2394
-2141
-1980
-1715
-1622
-1710
-1742
-1942
-1981
-1674
-1532
-1092
-1051
-1213
-1334
-1384
-1152
-953
-519
-429
-439
-570
-904
-887
-597
6
515
747
1118
1499
2169
2910
3660
4591
5276
5892
6361
7109
7705
8459
9070
9429
9770
10023
10075
9811
9729
9680
9546
9265
8451
7690
6677
5756
4828
4140
3314
2163
1128
-52
-1006
-1962
-2655
-3669
-4444
-5228
-5673
-5962
-6333
-6543
-6940
-7048
-7135
-7081
-6944
-6644
-5999
-5656
-5250
-4934
-4737
-4454
-4306
-4042
-4061
-4028
-3999
-3999
-4204
-4361
-4655
-4800
-5153
-5348
-5572
-5633
-5630
-5811
-5740
-5667
-5514
-5286
-5159
-4854
-4231
-3578
-2900
-2614
-2184
-1941
-1647
-1220
-891
-527
-318
6
636
1019
1054
471
97
-204
-203
-35
-10
-22
-157
-3
173
528
826
901
1117
1257
1630
2205
2962
3490
3871
4571
5128
5754
6178
6593
6938
7223
7525
7729
7975
8014
7881
7769
7410
7246
7222
6887
6772
6334
5789
5292
4817
4314
3542
2776
2239
1581
1056
562
-299
-1129
-1938
-2814
-3684
-4554
-5089
-5364
-5512
-5619
-5845
-6130
-6480
-6451
-6144
-5578
-5294
-5402
-5293
-4835
-4486
-4266
-4321
-4319
-4471
-4225
-3755
-3563
-3634
-4023
-4063
-3943
-3778
-3551
-3175
-2695
-2566
-2461
-2349
-2040
-1737
-1573
-1256
-1096
-901
-520
-303
45
-24
-93
18
438
911
1237
1621
1904
1966
2155
2248
2231
2166
2375
2578
2814
2712
2587
2409
2172
2253
2180
2285
2392
2459
2646
3112
3516
3721
4122
4659
5165
5502
6113
6733
7107
7655
8264
8485
8374
8126
7891
7592
7179
7017
6847
6397
5602
5018
4506
3730
3056
2314
1610
931
376
-224
-959
-1791
-2421
-3011
-3763
-4274
-4645
-4940
-5338
-5718
-5734
-6027
-6152
-6297
-6379
-6292
-6215
-6146
-6034
-5673
-5476
-5204
-4847
-4417
-4125
-3935
-3548
-3228
-2828
-2533
-2313
-2124
-1863
-1713
-1632
-1364
-1205
-882
-609
-597
-395
-500
-778
-841
-905
-637
-797
-625
-435
-272
72
258
442
566
610
728
879
1347
1623
1890
2077
1986
2195
2228
2446
2410
2457
2682
2892
2938
3409
3619
3840
4368
4615
4570
4455
4563
4772
5170
5304
5456
5259
5246
5339
5495
5729
5776
5914
5901
5871
5572
5492
5206
5001
4820
4629
4229
3811
3275
2985
2721
1969
1219
430
-389
-1305
-1961
-2756
-3613
-4559
-5340
-6026
-6631
-7392
-7833
-8102
-8178
-7935
-7848
-7829
-8086
-7981
-7619
-7400
-7211
-6804
-6251
-5749
-5114
-4315
-3975
-3853
-3676
-3546
-3392
-3028
-2906
-2866
-2638
-2695
-2662
-2537
-2458
-2385
-2225
-2011
-1952
-1800
-1667
-1225
-1070
-995
-914
-851
-627
-330
-47
16
209
446
556
647
690
697
841
805
947
984
1172
1357
1260
1300
1217
1332
1569
2039
2352
2426
2563
2703
2857
3152
3579
3720
3899
4256
4626
4863
5049
5149
5192
5108
5312
5436
5443
5397
5236
5155
4947
4523
4163
3785
3182
2348
1818
1360
977
577
2
-390
-794
-1041
-1406
-2048
-2981
-3769
-4387
-4727
-4926
-5158
-5569
-6296
-7046
-7526
-7196
-6740
-6568
-6986
-7320
-7184
-6932
-6405
-5843
-5530
-5181
-4819
-4229
-3580
-3169
-2649
-2377
-2112
-1628
-1230
-808
-781
-827
-614
-174
253
452
332
101
139
529
829
1028
1113
1121
1167
1154
1102
1092
1148
1270
1302
1232
1413
1435
1628
1537
1538
1800
2141
2463
2790
2928
2909
2837
2777
2958
3295
3650
3688
3804
3978
4245
4381
4539
4815
4990
5121
5293
5657
5997
6093
6167
5962
5884
5645
5609
5523
5035
4603
4285
3906
3444
2924
2335
1853
1324
827
516
318
53
-66
-347
-907
-1351
-1820
-2491
-3037
-3461
-3748
-4180
-4654
-4938
-5326
-5547
-5812
-5863
-5855
-5772
-5719
-5750
-5555
-5291
-4890
-4569
-4453
-4342
-4211
-4037
-3652
-3118
-2663
-2225
-1932
-1666
-1319
-1002
-710
-434
-74
20
169
459
539
592
745
1144
1187
1402
1530
1514
1460
1731
1750
1722
1826
1750
1949
1731
1661
1669
1766
1967
2310
2342
2197
2182
2076
2013
2253
2334
2367
2457
2546
2688
2927
3239
3330
3561
3817
3989
4412
4718
4854
4852
4796
5030
5168
5195
5104
4953
4810
4486
4206
3901
3522
3028
2527
2229
1949
1875
1621
1132
907
632
491
-70
-551
-945
-1216
-1630
-1923
-2080
-2597
-2741
-3102
-3514
-3825
-4097
-4481
-4709
-4698
-4744
-4813
-4747
-4660
-4841
-5140
-4957
-4773
-4627
-4197
-3896
-3638
-3475
-3266
-2898
-2474
-2100
-1668
-1438
-1586
-1474
-1312
-1111
-866
-797
-836
-726
-775
-658
-346
-126
-59
-51
-67
100
363
840
1096
1268
1483
1331
1461
1480
1289
1381
1426
1431
1718
1868
1836
1701
1641
1594
1568
1547
1555
1708
1680
1631
1346
1364
1543
1554
1595
1663
1856
2114
2306
2586
2649
2825
3179
3496
3742
3597
3482
3262
3180
2796
2739
2580
2164
2058
1732
1402
1086
558
143
-194
-696
-1159
-1515
-1914
-2186
-2525
-2694
-3066
-3232
-3573
-3796
-3881
-4229
-4394
-4510
-4577
-4588
-4396
-4197
-4083
-4187
-4258
-4174
-4052
-3771
-3768
-3654
-3458
-3126
-2683
-2458
-2265
-2355
-2246
-2025
-1649
-1386
-1231
-1113
-1145
-1039
-1016
-1043
-942
-948
-1043
-932
-806
-965
-841
-825
-853
-645
-483
-328
-309
-142
255
501
738
915
984
794
785
1104
1355
1577
1685
1748
1550
1491
1611
1613
1364
1141
1045
791
748
620
651
540
411
603
704
863
816
885
943
1215
1496
1877
2112
2320
2504
2298
2219
2232
2162
2026
1910
1506
1142
1078
1051
784
505
324
163
32
-355
-765
-1072
-1373
-1564
-1866
-2019
-2136
-2322
-2387
-2548
-2789
-3022
-3056
-3139
-2990
-2750
-2450
-2060
-1865
-1652
-1527
-1169
-976
-812
-607
-377
-27
290
610
694
929
856
894
996
728
563
457
478
431
513
500
338
387
277
374
561
764
933
695
559
487
597
542
597
798
1020
1162
1155
1204
1127
1301
1422
1475
1531
1562
1366
1239
1005
1234
1255
1114
917
540
80
-132
-41
52
309
328
397
306
439
541
515
373
272
119
107
197
374
336
229
233
102
179
136
162
54
-16
-252
-219
-360
-465
-592
-797
-728
-1002
-1088
-1245
-1313
-1832
-2122
-2179
-2218
-2261
-2247
-2248
-2472
-2313
-2479
-2350
-2278
-2331
-2275
-2194
-1911
-1592
-1226
-854
-422
-100
8
213
468
677
914
1175
1423
1337
1379
1316
1319
1312
1228
1421
1295
1227
996
979
947
909
860
1011
1008
989
917
872
711
872
994
894
967
1030
1275
1422
1548
1573
1677
1606
1563
1512
1408
1085
769
748
675
693
796
692
599
398
243
196
129
-66
-137
36
50
-7
-130
-303
-228
-104
-47
-90
-57
-6
-81
-106
-282
-322
-288
-365
-428
-527
-700
-751
-780
-811
-680
-762
-750
-907
-1131
-1208
-1149
-1073
-981
-1254
-1489
-1671
-1856
-1803
-1940
-1906
-1802
-1609
-1650
-1558
-1423
-1540
-1291
-1153
-1069
-745
-724
-617
-487
-435
-142
279
552
653
777
777
899
937
1162
1283
1231
1201
1166
869
647
564
643
634
500
484
527
600
763
839
590
548
501
697
817
784
756
726
758
960
1064
1300
1179
943
880
755
627
476
274
205
201
-53
-426
-598
-802
-1118
-1403
-1556
-1478
-1558
-1614
-1574
-1524
-1481
-1514
-1537
-1646
-1571
-1399
-1259
-1079
-791
-635
-662
-813
-908
-886
-948
-952
-924
-936
-1184
-1377
-1365
-1303
-1273
-1261
-1310
-1384
-1269
-1349
-1404
-1456
-1639
-1711
-1596
-1519
-1393
-1192
-939
-643
-596
-490
-407
-232
-77
162
375
434
663
1013
1385
1362
1340
1507
1729
1797
1851
2123
2253
2324
2365
2603
2793
2777
2667
2521
2452
2337
2301
2312
2152
2219
2203
2285
2220
2102
2118
1926
1787
1587
1661
1814
1710
1695
1595
1578
1579
1585
1494
1356
1153
1133
887
640
481
376
246
373
282
29
-265
-575
-689
-907
-1112
-1473
-1563
-1448
-1554
-1471
-1454
-1471
-1389
-1186
-1253
-1348
-1223
-1204
-1030
-1009
-846
-802
-767
-636
-596
-676
-880
-1117
-1424
-1509
-1768
-1881
-1906
-1906
-1957
-1934
-1900
-1972
-1987
-2021
-2024
-2189
-2154
-2001
-1989
-1658
-1376
-1218
-979
-809
-522
-323
-171
-88
208
401
658
1086
1204
1450
1415
1552
1741
1778
1732
1715
1841
1795
1768
1710
1673
1794
1731
1831
1896
1799
1792
1740
1663
1708
1692
1868
1813
1802
1885
1910
2081
2050
2186
2240
2095
2104
2112
2099
2031
1956
1914
1725
1464
1285
995
558
307
-126
-303
-516
-471
-525
-631
-738
-722
-788
-1034
-1081
-1167
-1121
-1180
-1105
-933
-740
-646
-566
-340
-152
-92
-93
-153
-154
-234
-268
-277
-101
28
40
155
-188
-214
-301
-436
-479
-684
-604
-800
-976
-829
-837
-915
-918
-988
-1027
-896
-779
-847
-741
-618
-469
-127
189
450
746
820
988
1118
1130
1323
1463
1739
1955
2107
2117
2325
2497
2693
2534
2418
2406
2194
2090
1837
1786
1580
1514
1422
1233
1099
909
811
948
931
915
785
619
547
629
802
855
750
716
701
646
311
-15
-143
-318
-424
-384
-393
-727
-808
-1080
-1634
-2020
-2198
-2657
-2846
-2910
-3106
-3156
-3243
-3156
-3186
-3284
-3177
-3099
-3198
-3171
-3186
-3031
-2863
-2743
-2549
-2490
-2541
-2466
-2351
-2382
-2298
-2100
-2143
-2255
-2259
-2193
-2254
-2301
-2325
-2261
-2243
-2301
-2252
-2267
-2296
-2386
-2276
-2221
-2107
-2021
-1896
-1787
-1667
-1525
-1260
-989
-812
-559
-283
-134
-11
377
558
619
1029
1398
1722
2086
2264
2290
2580
2664
2555
2679
2594
2595
2399
2446
2355
2366
2446
2370
2391
2413
2493
2410
2434
2269
2276
2221
2279
2135
2044
1911
1748
1913
2076
2074
2032
1987
1707
1444
1278
1134
899
699
547
421
382
128
-95
-391
-828
-899
-1010
-1057
-1106
-1098
-1075
-1230
-1405
-1468
-1514
-1530
-1603
-1601
-1538
-1751
-1774
-1666
-1593
-1465
-1506
-1508
-1430
-1539
-1545
-1466
-1365
-1410
-1332
-1330
-1356
-1211
-1241
-1320
-1437
-1530
-1606
-1838
-1935
-1928
-1873
-1913
-1886
-1714
-1787
-1787
-1803
-1725
-1633
-1435
-1162
-906
-617
-313
-74
142
326
382
510
403
507
625
590
855
1073
1432
1479
1507
1564
1558
1491
1415
1383
1122
1132
1234
1301
1402
1491
1595
1541
1304
1267
869
636
579
437
493
398
338
413
270
183
82
-187
-399
-682
-811
-799
-853
-947
-871
-1000
-921
-773
-859
-908
-1123
-1422
-1500
-1551
-1779
-1798
-1526
-1448
-1289
-1166
-1254
-1062
-897
-813
-793
-625
-528
-570
-395
-357
-279
-13
229
315
472
614
568
332
374
236
303
75
-250
-209
-252
-299
-295
-224
-123
-9
198
316
374
324
92
12
168
48
295
343
367
429
584
759
780
1115
1117
1164
1210
1352
1627
1756
1863
1715
1740
1909
1903
1836
1808
1740
1564
1777
1706
1837
1920
1882
1865
1761
1517
1385
1220
1208
1141
935
980
929
1020
983
996
885
665
613
503
323
67
116
123
8
75
64
-19
-157
-349
-575
-895
-1142
-1298
-1463
-1404
-1268
-1075
-1027
-970
-945
-1070
-1058
-1098
-1177
-1115
-1019
-761
-645
-408
-257
-79
61
55
73
74
68
29
125
50
64
-31
-52
-41
-122
-191
-258
-432
-633
-909
-1080
-1220
-1371
-1291
-1362
-1327
-1308
-1239
-1111
-967
-889
-870
-914
-920
-828
-825
-694
-397
-431
-297
-212
-234
-357
-303
-91
-89
-2
100
189
87
158
130
56
-2
15
88
172
270
509
577
505
514
583
615
700
797
826
851
990
1178
1288
1308
1257
1087
964
1009
961
1045
962
640
518
419
390
415
288
198
110
54
-130
-151
-306
-468
-606
-580
-623
-627
-523
-509
-510
-445
-337
-171
-39
-60
-162
-145
-185
-215
-236
-329
-172
58
137
127
225
291
347
204
65
18
-53
-216
-253
-304
-357
-482
-523
-604
-948
-1104
-1275
-1416
-1431
-1527
-1535
-1555
-1378
-1206
-992
-971
-1022
-1049
-1093
-1080
-1117
-1024
-778
-476
-213
6
102
211
96
-4
-112
-251
-337
-355
-298
-281
-60
-24
-87
-30
-26
-62
-84
-157
-124
-322
-240
-153
-196
61
335
476
509
611
531
549
327
339
338
318
391
343
322
302
308
165
84
-116
-256
-382
-308
-356
-423
-414
-400
-469
-496
-613
-849
-902
-955
-943
-1031
-1121
-1020
-935
-920
-765
-499
-435
-319
-237
-260
-191
-175
-47
72
233
345
399
465
533
540
634
611
580
636
573
609
486
368
521
393
437
360
323
268
195
203
185
119
158
49
52
127
80
259
463
536
682
824
909
932
895
994
1054
1194
1100
1298
1546
1418
1547
1435
1400
1414
1284
1378
1505
1583
1610
1646
1814
1784
1637
1637
1526
1415
1259
1184
1021
979
969
854
936
865
813
901
904
859
667
411
441
275
343
316
206
279
162
89
-15
-163
-464
-732
-868
-861
-767
-512
-311
31
86
110
251
121
73
-79
-212
-216
-282
-273
7
4
214
140
210
311
426
494
500
466
514
616
732
866
813
932
702
494
404
259
39
89
-59
-146
-314
-378
-272
-263
-358
-520
-635
-662
-689
-531
-378
-309
-213
-139
-396
-334
-249
-369
-450
-656
-500
-559
-461
-352
-288
-276
-168
-48
-86
-30
-14
107
56
216
336
365
472
475
449
339
309
249
300
396
304
265
275
292
458
410
420
399
357
105
-40
89
-158
-287
-396
-407
-318
-411
-305
-457
-516
-612
-670
-619
-666
-477
-462
-424
-332
-212
-232
-302
-234
-113
-5
218
307
243
442
459
470
520
559
488
519
538
626
752
857
864
760
741
635
391
174
-47
-298
-406
-397
-465
-714
-856
-1023
-993
-1156
-1245
-1223
-1187
-1123
-992
-861
-875
-765
-633
-582
-622
-540
-557
-677
-546
-457
-347
-88
67
294
292
453
288
175
81
-69
-189
-294
-214
-35
170
354
469
526
408
250
184
37
-50
131
202
263
310
340
508
393
360
189
-7
-197
-445
-596
-731
-701
-433
-243
-251
-267
-287
-313
-371
-537
-633
-627
-685
-702
-725
-654
-684
-622
-471
-407
-399
-542
-640
-535
-605
-510
-541
-617
-566
-552
-394
-269
-153
-61
-51
213
357
625
776
974
880
880
915
762
899
879
738
583
439
255
160
-30
-88
-298
-356
-516
-574
-519
-531
-425
-362
-300
-521
-602
-417
-410
-468
-450
-547
-556
-578
-499
-532
-470
-423
-333
-290
-218
-144
-201
-150
-112
-147
-75
205
211
233
314
247
118
-70
-6
-101
-199
-287
-337
-306
-373
-362
-438
-559
-484
-417
-465
-440
-410
-317
-328
-351
-214
-189
-416
-287
-157
-177
-104
-159
-64
91
142
208
451
493
541
665
693
882
846
964
1072
1073
1101
1272
1412
1543
1561
1688
1667
1565
1732
1692
1647
1707
1793
1821
1868
1876
1916
1969
1830
1768
1772
1803
1875
1858
1773
1511
1381
1231
1061
934
859
766
551
558
446
393
298
90
-173
-323
-410
-461
-449
-385
-215
-175
-231
-251
-407
-655
-591
-680
-705
-636
-660
-637
-455
-361
-384
-428
-436
-566
-592
-484
-567
-576
-604
-477
-226
-284
-216
27
-157
-197
-230
-340
-264
-295
-383
-380
-378
-460
-408
-247
-134
-214
-136
-248
-273
-44
-110
57
205
255
209
219
238
257
307
183
244
247
337
361
337
309
471
442
406
587
638
792
699
771
912
943
1086
1003
972
956
796
805
692
722
740
699
589
485
340
167
-89
-272
-404
-438
-584
-560
-548
-509
-309
-278
-182
-235
-355
-349
-417
-498
-383
-385
-356
-286
-324
-301
-394
-540
-672
-798
-871
-937
-785
-786
-697
-635
-653
-548
-718
-644
-718
-764
-859
-906
-878
-1011
-892
-934
-888
-913
-853
-859
-902
-891
-857
-747
-658
-751
-921
-998
-1037
-1121
-1238
-1408
-1429
-1385
-1418
-1399
-1377
-1433
-1377
-1426
-1345
-1170
-976
-796
-805
-591
-409
-338
-274
-253
-121
-9
71
327
285
436
593
762
925
921
905
951
866
885
889
933
945
1083
1129
1246
1185
1131
911
675
706
584
651
660
769
773
667
667
711
681
599
549
351
263
63
-214
-363
-221
-314
-216
-221
-523
-510
-603
-611
-799
-764
-896
-798
-773
-813
-742
-856
-1013
-1087
-1038
-1268
-1338
-1434
-1488
-1392
-1378
-1372
-1203
-1064
-988
-878
-910
-946
-887
-853
-719
-541
-528
-408
-422
-540
-592
-519
-436
-484
-301
-324
-320
-199
-295
-361
-473
-341
-245
-22
19
48
141
225
195
311
496
655
939
1178
1267
1227
1369
1323
1302
1338
1267
1272
1168
1102
1047
985
1014
1100
1157
1041
1071
1080
1157
1231
1074
1180
1312
1249
1206
1034
818
660
505
370
604
717
741
741
618
520
348
360
229
223
280
165
189
247
274
304
431
416
296
302
76
-170
-367
-520
-466
-389
-177
66
200
276
136
126
255
157
-6
245
389
543
757
1058
1099
1161
1241
1014
911
639
560
379
398
409
678
680
715
843
841
831
691
636
561
417
362
246
110
43
-76
5
36
70
143
303
393
368
442
300
233
252
404
429
380
365
392
329
118
64
-14
-168
-130
-195
-172
-303
-220
-253
-224
-111
-190
-284
-117
113
117
282
124
89
-98
-322
-656
-873
-907
-970
-808
-794
-665
-530
-306
-191
-282
-325
-448
-800
-1015
-1349
-1482
-1599
-1706
-1627
-1288
-1092
-952
-687
-850
-872
-1025
-906
-932
-844
-820
-758
-818
-794
-646
-734
-660
-796
-831
-963
-888
-882
-701
-532
-344
-11
197
277
398
345
191
290
356
473
361
410
315
160
93
154
89
-89
-73
-247
-178
-220
-195
1
-84
-213
-231
-410
-364
-372
-512
-632
-564
-498
-374
-255
-242
-207
-108
125
178
269
256
251
178
80
0
11
-8
-41
-41
64
-105
-106
-93
-115
48
37
199
91
155
-7
-72
-47
-51
24
65
62
26
-53
-188
-221
-271
-189
-219
-128
-160
-252
-132
-220
70
167
200
226
311
292
160
233
231
305
217
205
85
114
-1
30
75
160
224
222
355
247
310
211
98
39
41
-95
-167
-155
-267
-355
-210
-122
83
93
-40
127
91
103
-4
-69
-190
-101
-168
-368
-474
-590
-578
-608
-713
-683
-433
-331
-206
-309
-288
-320
-396
-518
-545
-581
-606
-645
-612
-530
-322
-307
-307
-431
-601
-654
-800
-873
-1031
-847
-848
-823
-799
-744
-552
-456
-450
-519
-481
-714
-758
-676
-767
-881
-820
-859
-833
-859
-945
-977
-1024
-1112
-1040
-1037
-1069
-1179
-1276
-1240
-1133
-828
-763
-582
-491
-342
-255
16
104
359
652
724
888
920
938
990
1105
1052
1130
1271
1332
1443
1511
1283
1265
1286
1499
1760
1873
2061
2082
2103
1956
1859
1797
1858
1889
1695
1550
1321
1114
995
958
930
835
759
997
990
852
724
679
563
532
429
519
434
321
267
142
272
251
288
168
249
359
366
426
366
488
317
290
254
239
149
80
118
-11
-96
-239
-274
-243
-23
49
306
244
213
213
137
-13
-257
-317
-526
-409
-651
-803
-648
-613
-568
-526
-407
-300
-255
-217
-188
-187
-151
-149
-47
-112
-188
-300
-409
-330
-330
-442
-463
-461
-382
-124
-198
-252
-272
-142
55
152
270
210
236
278
235
174
194
115
91
-189
-166
-204
-168
25
121
241
189
256
175
-12
-141
-220
-277
-309
-438
-436
-394
-386
-147
-197
-131
55
165
293
252
304
286
151
95
251
260
283
283
205
82
30
165
404
451
503
611
480
426
532
294
419
648
539
552
460
280
93
-3
98
240
383
492
621
658
682
585
647
739
648
567
446
361
337
393
381
342
252
146
292
153
13
-59
-299
-169
-187
-3
291
537
484
228
284
198
162
118
45
122
247
219
336
483
588
613
476
335
205
239
207
192
300
278
374
360
365
196
138
29
34
112
64
65
-143
-157
-192
-202
-137
-313
-270
-174
-235
-237
-300
-94
35
-15
-220
-190
-249
-249
-179
-216
-231
-326
-184
-179
-89
-162
-137
-239
-426
-467
-485
-332
-340
-340
-470
-444
-385
-392
-400
-483
-554
-672
-831
-866
-988
-1005
-887
-935
-1101
-1439
-1373
-1471
-1180
-1251
-1284
-1137
-1083
-1086
-1156
-1180
-1124
-1163
-1179
-1142
-1219
-1268
-1413
-1479
-1442
-1335
-1346
-1267
-1274
-1261
-1043
-950
-926
-754
-657
-503
-586
-389
-370
-359
-290
-393
-445
-415
-194
-213
-79
-79
-57
-166
-11
102
207
227
127
123
-35
-123
-141
-15
-5
170
159
38
-45
-128
121
216
334
410
403
387
388
427
307
485
448
495
392
363
342
299
292
367
416
238
318
284
458
487
670
772
744
692
692
938
836
916
867
762
430
467
378
488
698
836
884
636
539
403
516
646
529
302
160
-14
-241
-258
-479
-486
-367
-352
-418
-432
-516
-635
-436
-565
-608
-555
-447
-329
-308
-178
-316
-278
-209
-74
-71
-143
16
-17
22
-45
-92
-126
-11
108
64
20
36
-18
-54
-15
73
179
77
281
63
95
153
124
254
436
622
617
613
583
571
407
502
482
563
608
612
571
550
696
613
800
739
754
788
587
628
595
653
536
388
316
254
266
260
153
183
315
399
464
456
585
489
390
456
361
443
506
533
573
575
585
549
485
430
381
208
135
20
-101
-37
5
130
283
301
216
-8
-30
-61
-96
-144
-13
-91
-150
-193
-231
-221
-115
-51
-151
-263
-348
-320
-320
-183
-48
32
116
188
230
284
198
264
387
299
415
581
463
495
499
478
340
487
409
493
549
432
575
665
760
839
1065
1114
855
763
745
725
817
928
910
1063
913
904
895
754
808
847
893
839
759
606
551
568
703
763
926
913
676
420
278
193
243
288
380
492
430
268
129
98
-48
-115
-288
-484
-639
-875
-904
-979
-1125
-1164
-1192
-1272
-1293
-1192
-1210
-1369
-1312
-1349
-1457
-1277
-1326
-1236
-1239
-1222
-1129
-1140
-1235
-1276
-1441
-1436
-1428
-1508
-1431
-1529
-1361
-1411
-1481
-1348
-1325
-1216
-1339
-1361
-1380
-1428
-1240
-1326
-1224
-1184
-1134
-834
-873
-881
-780
-744
-553
-441
-281
-225
-265
-213
-256
-298
-193
-14
-54
-40
-62
-75
-130
-213
-243
-279
-2
-141
-201
-281
-362
-466
-495
-494
-622
-623
-653
-704
-714
-741
-780
-549
-494
-357
-397
-430
-492
-651
-607
-595
-569
-399
-86
-169
-216
-368
-599
-497
-285
-202
-66
-49
-139
-261
-361
-432
-390
-298
-177
-72
-198
-138
-134
-139
-130
-76
49
9
83
24
-100
-206
-273
-303
-338
-341
-345
-340
-401
-447
-421
-240
-211
-148
-202
-239
-86
-151
-210
-211
-232
-173
-161
19
55
150
390
323
418
448
463
471
622
664
674
618
569
530
615
807
766
710
640
510
298
300
374
483
437
378
262
288
286
375
374
500
580
546
624
589
691
597
669
660
371
267
234
283
198
180
168
236
168
-68
-196
-250
-319
-358
-429
-489
-560
-552
-401
-284
-194
-106
-122
-282
-347
-352
-268
-221
-196
-25
56
96
159
328
347
417
651
689
691
819
875
923
1017
939
931
1014
1105
985
1038
1027
831
704
718
607
504
452
407
436
405
378
383
372
339
432
612
486
206
172
120
215
225
511
602
586
667
841
899
838
1009
1011
915
930
732
393
226
315
191
109
134
40
-14
-207
-148
-293
-205
-165
-90
-158
-285
-214
-269
-281
-437
-510
-436
-399
-404
-381
-335
-370
-192
-33
111
359
384
577
604
672
669
782
883
1007
1153
1159
1129
831
587
554
517
623
853
1035
1046
1024
1003
1028
1078
903
817
715
580
511
598
727
679
833
810
878
863
629
736
910
926
939
909
781
818
734
673
760
642
440
247
125
145
76
20
148
47
7
-117
-278
-412
-288
-326
-473
-356
-387
-455
-399
-322
-359
-400
-492
-614
-738
-821
-793
-668
-476
-312
-267
-290
-260
-222
-134
-153
-257
-243
-371
-439
-486
-404
-376
-485
-594
-740
-729
-674
-794
-786
-746
-852
-1080
-1104
-1215
-1351
-1216
-1106
-1026
-1021
-1037
-956
-805
-708
-535
-474
-540
-700
-771
-678
-643
-557
-383
-185
-72
-167
-261
-356
-469
-486
-548
-574
-627
-613
-609
-626
-645
-601
-735
-681
-585
-547
-398
-525
-595
-518
-551
-693
-663
-637
-590
-637
-553
-546
-554
-360
-254
-62
17
108
75
-27
-63
-12
-29
-49
-47
-106
-220
-339
-419
-432
-309
-189
25
113
109
53
112
97
46
-15
-90
-101
-254
-292
-325
-313
-184
-371
-440
-233
-330
-420
-308
-228
-170
-102
-112
-141
-345
-484
-692
-702
-801
-736
-273
-332
-329
-303
-190
-117
-58
0
20
-33
-52
60
88
199
233
229
252
329
315
361
293
263
311
413
540
625
794
662
720
762
681
679
533
608
529
404
390
243
266
219
265
273
294
378
416
612
644
574
498
742
823
865
898
991
839
786
845
671
777
767
717
498
440
464
374
231
193
-28
-55
-5
10
73
14
95
264
292
322
305
192
107
-27
25
113
-138
-95
-118
-64
-79
5
9
-178
-225
-494
-400
-517
-526
-526
-563
-650
-659
-708
-701
-530
-576
-435
-402
-379
-413
-435
-501
-392
-393
-508
-526
-566
-578
-511
-356
-322
-165
-72
182
279
475
630
622
793
959
1068
1085
1216
1331
1464
1500
1496
1358
1418
1421
1430
1510
1454
1697
1500
1339
1346
1281
1292
1212
1009
800
738
886
951
958
1010
1005
851
760
709
694
751
665
640
513
585
521
638
627
482
392
187
219
253
254
322
260
39
147
87
-113
-94
-77
-6
122
100
-70
50
-21
23
51
-63
-121
-166
-112
-38
-55
-16
19
13
33
-9
-196
-289
-250
-370
-300
-329
-286
-292
-273
-333
-367
-370
-427
-322
-181
-128
-107
-64
-3
14
-125
-236
-287
-274
-190
-158
-129
-69
-130
-204
-232
-232
-197
-228
-226
-354
-392
-279
-324
-187
-86
-101
-271
-306
-279
-436
-459
-529
-622
-727
-773
-712
-759
-878
-881
-943
-928
-934
-845
-952
-1077
-1015
-1058
-1100
-1175
-1027
-983
-810
-826
-960
-1172
-1305
-1526
-1529
-1536
-1504
-1553
-1545
-1541
-1583
-1550
-1495
-1250
-1024
-855
-844
-640
-570
-482
-460
-557
-657
-656
-767
-941
-960
-846
-900
-743
-713
-653
-544
-619
-576
-690
-539
-580
-445
-336
-163
-109
-190
-187
-375
-346
-361
-284
-292
-194
-100
-131
-212
-226
-88
78
158
301
362
305
343
401
421
358
307
269
290
313
185
271
295
262
360
282
205
107
65
30
114
132
234
262
242
286
83
-72
-230
-297
-353
-402
-384
-255
19
-9
151
208
55
64
12
-81
-185
-220
-238
-182
-78
-14
-114
-30
-88
-144
-273
-306
-323
-340
-336
-359
-297
-190
-113
-242
-237
-221
-192
-107
-30
-35
-106
35
91
94
215
262
282
454
427
477
495
398
323
210
156
106
334
376
296
250
264
108
-106
-109
-139
-150
-285
-296
-328
-273
-99
-47
-84
-164
-218
-428
-634
-594
-588
-554
-571
-644
-681
-661
-569
-580
-696
-909
-1040
-1028
-916
-874
-753
-703
-590
-577
-618
-688
-772
-593
-606
-475
-329
-378
-501
-466
-306
-319
-172
-169
-134
-269
-246
-222
-347
-264
-198
-32
-22
7
122
148
205
244
308
282
309
403
620
616
644
620
646
705
626
626
569
697
720
654
710
680
725
946
1026
1085
1286
1427
1269
1238
1372
1187
1218
1045
1129
1313
1181
1216
1323
1472
1452
1505
1499
1444
1461
1286
1304
1301
1283
1288
1178
1131
1250
1296
1195
1254
1210
1267
1282
1056
1028
928
855
821
745
606
633
602
645
808
653
581
471
380
377
495
516
528
519
569
567
650
694
716
849
566
397
375
252
230
101
5
-92
-3
45
62
115
122
115
98
-92
-257
-241
-411
-428
-592
-428
-348
-365
-256
-283
-229
-128
-139
-324
-263
-302
-211
-66
-170
-165
-220
-172
-166
-86
157
230
359
435
71
-91
-179
-291
-159
-207
-277
-308
-417
-532
-599
-650
-515
-708
-649
-711
-939
-1012
-1129
-1132
-1150
-881
-873
-771
-770
-807
-808
-868
-753
-822
-987
-857
-814
-801
-527
-425
-398
-300
-263
-229
-167
-146
-146
-169
-230
-248
-220
-176
-214
-134
26
10
43
-8
115
136
58
95
90
225
213
171
234
312
516
679
667
597
558
492
469
532
690
733
839
723
617
376
252
208
187
483
482
436
403
336
325
277
84
71
149
33
-83
42
142
211
282
327
332
340
256
153
75
32
218
181
333
424
557
669
451
417
283
424
305
204
226
261
221
403
422
289
248
166
-58
-234
-177
-314
-292
-138
-108
-91
34
158
261
154
131
68
-86
-196
-224
-385
-370
-243
-333
-415
-377
-411
-462
-352
-418
-507
-584
-580
-588
-601
-751
-742
-852
-985
-1020
-1046
-1080
-1034
-1070
-1078
-1034
-1101
-980
-923
-857
-852
-813
-863
-1032
-1018
-1087
-1050
-1126
-1068
-967
-829
-651
-726
-681
-751
-965
-1060
-928
-1054
-914
-945
-758
-806
-797
-426
-558
-507
-367
-380
-349
-250
-190
-101
78
119
167
157
246
270
277
321
414
328
498
617
612
674
706
973
972
1043
1035
1011
1049
969
927
825
768
765
748
632
420
652
715
654
671
493
373
366
273
431
569
548
406
548
609
491
575
646
750
585
582
488
375
339
301
499
577
832
1039
1033
1004
1011
866
750
773
567
507
609
521
682
810
810
803
640
627
576
559
601
685
743
676
690
797
945
1077
1032
888
688
518
464
315
370
334
348
330
419
462
492
626
550
584
546
456
340
230
216
287
282
277
231
129
131
266
357
316
365
443
340
535
613
533
540
550
580
525
512
460
400
331
264
261
376
215
349
304
251
133
44
155
-16
-127
-289
-322
-407
-446
-385
-358
-181
-323
-311
-468
-743
-774
-712
-638
-533
-424
-442
-482
-426
-351
-376
-307
-306
-472
-500
-596
-593
-614
-408
-399
-475
-341
-475
-486
-436
-255
-186
-264
-248
-278
-269
-378
-520
-607
-732
-780
-837
-740
-749
-752
-739
-640
-581
-472
-322
-275
-210
-129
85
72
68
90
49
84
0
84
-23
-102
39
-10
92
160
190
104
232
231
71
125
58
124
119
59
-88
-193
-129
-106
39
199
235
294
405
517
475
416
401
511
486
338
476
460
441
285
162
236
149
51
-37
-24
-79
-154
-165
-255
-282
-345
-388
-447
-476
-510
-392
-328
-419
-307
-397
-455
-494
-632
-511
-430
-236
-64
9
101
11
94
209
180
295
338
377
375
228
283
117
126
-186
-351
-433
-384
-349
-490
-348
-276
-196
-268
-303
-369
-429
-532
-561
-652
-732
-873
-930
-964
-953
-749
-545
-544
-462
-322
-291
-404
-466
-577
-632
-604
-641
-737
-649
-720
-836
-926
-961
-1066
-1133
-1183
-1270
-1349
-1305
-1159
-1172
-1022
-1024
-995
-1073
-1145
-1216
-1202
-1337
-1353
-1240
-1056
-934
-644
-621
-690
-645
-460
-368
-341
-336
-251
-188
-92
67
103
198
216
121
-59
-71
-193
-82
-51
-58
-119
-24
-62
31
148
302
513
393
354
192
157
193
344
409
481
602
614
591
585
585
555
579
595
678
818
987
1013
1027
1124
970
979
1041
977
880
819
743
681
673
676
634
537
509
396
320
171
80
49
-59
108
296
475
478
520
489
417
428
413
456
402
358
299
416
357
302
326
380
391
491
450
373
412
272
230
333
479
611
584
764
747
722
808
526
482
423
382
416
305
364
227
223
200
215
241
174
240
135
-19
-77
-127
-91
-107
-114
-105
-198
-80
-28
-10
86
-2
87
64
-42
60
-2
-247
-219
-111
4
-6
-85
60
-36
-38
-162
-329
-383
-467
-517
-651
-612
-625
-580
-493
-442
-346
-299
-175
-192
-300
-264
-189
-173
-295
-366
-452
-342
-427
-388
-284
-279
-196
-175
-288
-355
-325
-251
-255
-355
-452
-530
-581
-663
-611
-665
-649
-611
-684
-669
-806
-824
-721
-796
-755
-661
-524
-421
-460
-290
-328
-348
-334
-397
-447
-478
-559
-441
-269
-274
-269
-155
-240
-249
-356
-392
-383
-532
-473
-376
-472
-336
-442
-671
-602
-677
-772
-733
-743
-814
-678
-645
-547
-584
-595
-626
-505
-471
-555
-539
-327
-250
-258
-221
-146
-28
-31
37
32
80
161
406
434
347
345
384
338
275
195
243
169
200
288
272
370
225
310
373
434
517
525
506
378
396
295
280
307
262
273
229
225
48
87
71
80
125
184
117
158
54
18
-211
-327
-315
-596
-694
-692
-782
-901
-854
-1040
-827
-932
-957
-884
-919
-870
-995
-835
-865
-702
-683
-614
-503
-365
-171
-48
63
-25
-23
-152
-186
-211
-104
-101
-114
-31
-151
-175
-66
51
92
-30
-118
-189
-386
-431
-462
-606
-619
-535
-623
-527
-566
-522
-465
-470
-297
-284
-322
-353
-317
-366
-249
-145
-18
-45
-190
-168
-295
-412
-354
-300
-389
-388
-158
-188
-204
-245
-295
-340
-375
-450
-346
-242
-279
-27
26
-21
-49
-7
-215
-398
-543
-481
-488
-440
-306
-301
-191
-38
192
232
482
503
526
657
716
871
900
888
908
894
860
1004
1088
1045
1043
1024
1159
1099
1077
1239
1333
1292
1061
969
914
702
686
685
589
640
688
699
586
740
882
730
646
714
751
730
680
629
600
659
591
578
673
687
664
423
524
481
364
325
326
274
136
146
105
144
243
105
192
253
264
313
364
444
378
473
450
557
660
656
438
590
634
417
405
339
378
367
464
526
644
589
666
571
520
579
521
436
165
236
203
168
238
312
215
155
296
258
188
83
71
84
97
70
19
230
295
419
339
334
222
211
206
121
170
144
13
-76
58
-57
-126
-149
-216
-317
-256
-267
-379
-384
-443
-509
-654
0
0
0
0
0
0
0
0
0
0
0
0
0
0
0
0
0
0
0
0
0
0
0
0
0
0
0
0
0
0
0
0
0
0
0
0
1
0
0
0
0
-1
0
0
0
0
0
0
0
0
0
0
0
0
0
0
0
0
0
0
0
0
0
0
0
0
0
0
0
0
1
0
0
0
0
0
0
0
0
0
0
0
0
0
0
0
0
0
0
0
0
0
0
0
0
0
1
1
0
0
0
-1
1
1
0
0
0
0
0
0
0
0
0
0
0
1
0
0
0
0
0
0
0
0
0
0
0
0
0
0
0
0
0
0
0
0
0
0
0
0
0
0
0
0
0
0
0
1
0
1
0
0
0
0
0
0
1
0
0
1
-1
0
0
0
0
0
0
0
0
0
0
0
-1
0
-1
0
0
0
0
0
-1
0
0
0
0
0
0
0
0
0
0
0
0
0
0
0
-1
0
0
0
0
0
0
1
0
0
0
0
0
0
0
0
0
0
0
0
0
0
0
1
0
1
0
0
0
0
1
0
0
0
-1
0
0
0
0
0
0
0
0
0
0
0
0
0
0
0
0
0
0
0
0
0
0
0
0
0
0
0
0
0
0
0
0
0
0
0
0
0
0
0
0
0
0