0
0
0
0
0
0
0
0
0
0
0
0
0
0
0
0
0
0
0
0
0
0
0
0
0
0
0
0
0
0
0
0
0
0
0
0
1
0
0
0
0
-1
0
0
0
0
0
0
0
0
0
0
0
0
0
0
0
0
0
0
0
0
0
0
0
0
0
0
0
0
1
0
0
0
0
0
0
0
0
0
0
0
0
0
0
0
0
0
0
0
0
0
0
0
0
0
1
1
0
0
0
-1
1
1
0
0
0
0
0
0
0
0
0
0
0
1
0
0
0
0
0
0
0
0
0
0
0
0
0
0
0
0
0
0
0
0
0
0
0
0
0
0
0
0
0
0
0
1
0
1
0
0
0
0
0
0
1
0
0
1
-1
0
0
0
0
0
0
0
0
0
0
0
-1
0
-1
0
0
0
0
0
-1
0
0
0
0
0
0
0
0
0
0
0
0
0
0
0
-1
0
0
0
0
0
0
1
0
0
0
0
0
0
0
0
0
0
0
0
0
0
0
1
0
1
0
0
0
0
1
0
0
0
-1
0
0
0
0
0
0
0
0
0
0
0
0
0
0
0
0
0
0
0
0
0
0
0
0
0
0
0
0
0
0
0
0
0
0
0
0
0
0
0
0
0
0
-1142
-1219
-1155
-1046
-929
-740
-594
-528
-588
-599
-682
-555
-566
-493
-467
-479
-448
-481
-470
-516
-401
-475
-510
-519
-497
-285
-229
-195
-137
-52
-1
36
-125
-115
-118
-52
69
128
296
464
468
358
440
404
520
539
618
580
656
713
848
917
942
985
846
832
795
848
997
966
1033
1071
1001
983
944
1117
1114
1088
1120
1175
1186
1317
1529
1477
1404
1391
1311
1400
1311
1383
1520
1471
1464
1575
1717
1674
1671
1629
1514
1410
1260
1039
898
861
937
774
1009
1160
856
912
850
935
1028
1016
1041
1014
1074
966
984
1005
820
764
779
634
622
617
489
519
567
610
684
786
846
901
983
1035
1133
1117
1047
959
931
915
989
1090
1067
1105
1031
966
999
930
844
829
715
662
636
469
500
653
592
753
756
645
730
751
635
508
498
514
576
619
691
693
655
600
711
761
481
477
390
224
325
192
276
192
211
91
-120
-225
-359
-478
-513
-418
-266
-214
-297
-242
-281
-339
-503
-469
-490
-658
-574
-518
-576
-604
-642
-820
-1016
-1041
-1015
-873
-857
-807
-710
-725
-723
-699
-617
-646
-562
-482
-637
-596
-667
-774
-791
-718
-656
-645
-685
-671
-800
-943
-1019
-1053
-908
-901
-795
-729
-711
-569
-719
-975
-1128
-1100
-1150
-1127
-971
-989
-1029
-1049
-1148
-1272
-1096
-1077
-1164
-906
-951
-930
-825
-868
-1024
-1011
-977
-967
-992
-1214
-1105
-1097
-1121
-1091
-922
-854
-734
-790
-897
-924
-908
-947
-837
-813
-880
-966
-1128
-1059
-1123
-988
-882
-773
-639
-629
-594
-569
-670
-577
-661
-737
-556
-527
-547
-536
-552
-436
-455
-332
-207
-246
-126
-178
-164
-1
108
-23
47
-62
-263
-368
-413
-476
-468
-486
-420
-416
-515
-473
-357
-469
-461
-420
-528
-550
-568
-532
-317
-412
-428
-357
-481
-414
-285
-188
-20
23
82
74
50
105
106
90
-8
-97
-124
-182
-292
-437
-562
-582
-643
-587
-607
-587
-338
-475
-387
-369
-301
-310
-314
-49
-202
-105
-163
-57
-81
147
138
41
57
-159
76
-78
-31
-22
31
151
170
393
550
565
668
678
679
708
777
805
835
895
785
809
807
777
753
795
790
642
711
730
627
652
656
658
645
823
964
843
789
847
937
964
985
1098
1127
1070
1063
1104
990
936
906
813
823
675
580
629
684
668
731
660
509
583
590
700
744
735
762
655
578
474
588
616
610
739
761
849
643
551
604
495
576
550
570
635
641
742
848
842
802
912
823
864
890
866
1004
1022
1042
1078
1133
1024
997
881
792
812
761
716
637
536
612
700
523
519
350
334
466
269
242
360
270
234
223
134
35
-111
-163
-130
-131
-165
-223
-239
-284
-235
-107
-89
-116
-113
-54
22
59
107
243
305
479
395
357
401
312
105
-129
-51
-145
-200
-214
-139
-171
-172
-236
-193
-119
-130
-150
-107
-114
-103
30
67
133
237
170
104
56
-20
5
-59
-5
-81
-59
-181
-87
-134
-32
-37
-45
6
-86
-40
-35
-71
-146
-115
-139
-174
-394
-322
-376
-476
-589
-648
-668
-671
-645
-836
-839
-850
-901
-942
-901
-896
-905
-832
-907
-888
-850
-666
-610
-475
-379
-357
-233
-405
-278
-324
-477
-500
-728
-736
-833
-924
-950
-885
-831
-833
-818
-838
-648
-496
-343
-299
-271
-259
-377
-285
-283
-215
-213
-87
70
103
148
-75
141
103
65
138
69
87
78
269
382
419
586
804
800
795
836
840
957
861
801
769
587
619
612
523
506
651
636
644
608
607
468
472
428
419
499
438
374
300
242
324
113
-51
-28
-49
-216
-337
-412
-396
-176
-259
-175
-120
-125
-240
-220
-279
-410
-445
-433
-519
-730
-672
-725
-791
-688
-583
-578
-560
-689
-759
-763
-738
-652
-583
-619
-645
-683
-717
-711
-882
-923
-922
-903
-906
-880
-1007
-898
-879
-869
-920
-926
-827
-843
-557
-588
-561
-456
-611
-761
-759
-787
-914
-944
-835
-790
-696
-699
-612
-627
-540
-477
-518
-522
-552
-503
-438
-322
-199
-95
55
-56
13
22
-61
-81
-242
-95
-96
-66
-129
-178
-146
-210
-207
-291
-304
-309
-327
-167
-72
31
137
12
-65
9
70
5
65
148
129
145
146
271
335
363
287
365
303
323
414
538
532
557
568
581
623
496
596
601
668
846
819
638
595
794
775
615
826
780
827
731
670
737
686
614
538
643
688
784
793
838
780
702
616
826
823
716
749
792
693
576
690
673
620
631
646
490
548
510
414
578
531
460
522
505
430
493
442
160
181
218
59
-49
42
-85
-35
-119
-264
-265
-372
-432
-576
-565
-537
-509
-333
-477
-358
-385
-376
-510
-571
-577
-463
-420
-558
-443
-607
-652
-569
-395
-401
-424
-305
-269
-327
6
-35
-60
-89
-107
-120
-159
-24
-25
33
11
39
86
141
234
168
121
210
136
207
355
359
532
520
457
476
471
287
290
260
265
324
298
478
623
740
709
687
736
705
748
849
751
756
772
730
774
846
773
613
431
439
455
436
362
453
430
265
411
376
372
279
312
320
312
486
404
515
612
505
504
370
441
512
350
371
186
183
156
12
-86
-31
24
-34
-76
-34
153
101
165
154
138
115
-17
38
-35
-45
-66
-101
-127
-153
-86
-223
-316
-392
-353
-558
-409
-373
-204
-145
-227
-33
-160
-17
-126
-58
-31
-8
268
340
383
454
542
395
366
384
363
483
609
646
530
510
479
393
363
240
117
239
251
295
193
200
190
150
3
-248
-107
-56
-5
-122
-71
-154
-170
-172
-169
-211
-377
-321
-447
-478
-572
-566
-503
-376
-247
-204
-62
-54
-96
-184
-335
-399
-480
-519
-589
-775
-762
-983
-1011
-1040
-935
-772
-879
-817
-759
-691
-553
-494
-590
-595
-791
-877
-915
-971
-1002
-1092
-1136
-1305
-1292
-1256
-1235
-1187
-1095
-1014
-969
-980
-854
-768
-904
-780
-825
-733
-848
-975
-821
-766
-810
-905
-948
-976
-989
-1110
-1197
-1262
-1245
-1237
-1389
-1399
-1539
-1577
-1574
-1740
-1714
-1574
-1472
-1363
-1293
-1228
-1158
-1089
-933
-973
-961
-825
-915
-909
-931
-937
-751
-754
-710
-692
-773
-774
-829
-766
-761
-725
-440
-394
-244
-93
132
179
175
215
311
321
387
451
277
346
279
452
416
369
408
273
325
453
506
501
463
448
580
582
721
786
734
728
635
671
673
790
727
845
826
889
1106
993
1209
995
1125
1199
1237
1221
1163
1217
1121
1204
1077
1226
1269
1212
1153
1045
1134
1193
1182
1304
1295
1255
1197
1330
1468
1429
1339
1304
1406
1295
1322
1347
1299
1379
1312
1380
1366
1298
1219
1218
1274
1272
1335
1316
1478
1175
1376
1392
1456
1422
1293
1160
973
969
754
797
474
430
358
449
380
350
388
194
174
138
274
161
184
196
165
360
413
368
320
448
321
307
290
141
53
55
-59
-117
-181
-106
-38
-192
-146
-122
-262
-340
-326
-227
-256
-242
-297
-403
-359
-520
-553
-671
-737
-803
-806
-664
-509
-448
-543
-488
-493
-385
-290
-294
-101
-32
6
137
351
462
411
279
256
371
335
358
215
90
247
158
216
276
377
541
517
494
534
601
755
768
781
857
886
894
773
732
742
698
652
594
567
748
802
950
854
738
622
656
714
556
447
377
304
419
488
601
787
838
775
524
587
643
604
515
499
445
459
388
291
220
68
-110
-359
-384
-535
-492
-390
-406
-337
-187
-253
-160
-166
-309
-535
-450
-433
-422
-373
-473
-414
-456
-629
-873
-1079
-1107
-1109
-1009
-1152
-1030
-968
-1002
-867
-955
-864
-914
-816
-672
-689
-750
-737
-927
-1042
-1088
-1279
-1153
-1313
-1439
-1371
-1425
-1516
-1531
-1520
-1555
-1601
-1666
-1501
-1599
-1477
-1430
-1402
-1309
-1300
-1067
-1091
-984
-1008
-980
-1001
-1055
-946
-951
-708
-732
-534
-574
-594
-501
-480
-510
-543
-413
-349
-307
-230
-129
-161
-191
-238
-207
-285
-294
-369
-373
-170
-146
-126
-264
-366
-178
-245
-158
-63
-43
-61
-24
-19
161
242
314
384
339
414
205
293
373
345
287
303
223
146
37
110
69
-21
-134
15
58
-55
-5
-189
-204
-80
82
-33
65
189
302
288
305
226
88
23
71
45
182
226
290
258
214
216
240
291
291
175
195
194
71
189
53
69
12
-9
-119
-171
-228
-191
-83
86
152
179
213
231
354
266
181
174
-18
-69
-56
-169
-49
-32
-99
-14
6
88
49
47
-15
78
200
184
249
247
165
151
254
374
215
135
192
84
95
34
66
88
-3
-68
4
92
102
154
117
-17
-166
-332
-195
-154
-89
-67
-86
-89
-74
-9
88
-52
-202
-126
-196
-196
-242
-20
14
116
231
292
150
232
364
214
204
216
208
250
302
226
187
266
238
145
109
182
190
154
133
72
34
18
1
-91
-231
-201
-183
-48
51
47
109
151
269
272
556
470
742
830
766
948
863
982
893
694
559
548
593
636
596
562
499
401
352
355
398
384
369
528
322
171
291
367
347
230
301
202
154
189
201
86
-127
-227
-85
41
63
287
171
251
206
235
171
224
348
456
503
539
483
429
533
351
181
367
302
219
479
506
722
713
649
775
659
574
586
474
614
589
578
553
581
551
541
418
310
459
615
688
657
501
588
603
784
859
821
868
833
824
785
843
725
787
747
798
740
635
606
535
512
608
541
506
433
496
576
397
451
489
456
439
457
583
485
461
368
203
193
226
261
278
299
273
280
109
-56
-2
-17
11
-32
-115
-189
-231
-131
-99
-56
-81
-223
-167
-77
-106
-121
-375
-291
-300
-244
-225
-311
-453
-655
-715
-804
-783
-819
-711
-841
-701
-674
-708
-676
-719
-663
-786
-690
-595
-496
-380
-354
-524
-618
-676
-716
-629
-561
-526
-575
-482
-696
-783
-907
-992
-856
-951
-902
-791
-849
-916
-935
-1127
-1019
-1012
-989
-1073
-1224
-1182
-1247
-1131
-1039
-1042
-1026
-1009
-1177
-1213
-1106
-1139
-1096
-1084
-1031
-1163
-1109
-1111
-1263
-1205
-1249
-1224
-1158
-1128
-1026
-910
-713
-852
-810
-593
-574
-539
-506
-473
-657
-582
-529
-444
-463
-440
-450
-631
-791
-713
-659
-687
-600
-569
-446
-628
-720
-606
-561
-678
-726
-513
-534
-458
-477
-442
-297
-189
-260
-153
-223
-253
-17
-170
-113
-33
-88
-40
-21
-165
-146
-91
-217
-163
-171
-124
26
-18
49
-3
37
105
28
206
213
290
464
420
570
533
430
391
288
185
248
181
219
402
384
480
575
448
508
590
553
618
620
592
692
637
622
740
718
747
615
472
540
593
607
726
691
759
763
841
895
692
760
750
813
910
849
790
890
855
915
960
1015
987
894
988
1060
1054
1269
1380
1453
1375
1364
1447
1295
1524
1454
1350
1369
1328
1163
995
953
721
774
720
804
753
672
801
697
830
732
611
571
548
540
482
461
527
673
651
695
557
568
555
534
584
369
422
373
398
319
379
212
36
-97
-253
-226
-236
-200
-180
-176
-334
-208
-312
-383
-323
-411
-364
-472
-531
-551
-488
-605
-625
-557
-512
-499
-459
-378
-406
-367
-466
-410
-547
-410
-439
-559
-556
-629
-475
-440
-467
-514
-561
-757
-855
-769
-689
-680
-655
-632
-583
-705
-695
-699
-826
-947
-971
-984
-934
-916
-1024
-1027
-1153
-1267
-1271
-1324
-1150
-1108
-1129
-1200
-1222
-1252
-1108
-957
-935
-954
-1097
-1073
-1092
-1110
-1075
-1005
-1021
-915
-877
-710
-727
-736
-717
-847
-902
-837
-690
-567
-529
-474
-513
-636
-583
-539
-640
-638
-697
-636
-465
-484
-411
-413
-409
-498
-444
-510
-517
-463
-421
-435
-485
-450
-433
-434
-515
-517
-556
-538
-531
-439
-371
-210
-151
-185
-155
-225
-315
-289
-203
-177
-257
-404
-421
-387
-360
-466
-607
-706
-767
-772
-684
-637
-559
-587
-510
-394
-432
-375
-375
-544
-554
-437
-168
-112
-31
-51
-44
-117
-135
-56
-52
7
137
319
344
442
532
564
582
615
685
719
726
611
715
694
686
709
751
1005
885
1024
1092
1099
1194
1253
1247
1277
1210
1173
1014
933
1025
922
1025
1153
1388
1347
1193
1064
1076
1063
890
903
844
902
1051
968
955
898
839
718
719
623
673
683
759
939
908
955
826
651
497
350
277
260
303
225
259
236
191
269
160
14
-92
-291
-388
-271
-234
-163
-149
-304
-291
-340
-352
-400
-365
-406
-420
-310
-439
-379
-337
-497
-497
-445
-437
-458
-517
-559
-362
-316
-288
-205
-68
-234
-389
-404
-431
-222
-275
-188
-272
-142
-193
-276
-302
-344
-182
-46
-11
30
137
-7
89
-16
-43
-175
-96
-31
-10
-5
-52
23
-110
-249
-173
-148
-59
-85
-123
-175
-444
-336
-213
-130
-143
-196
-114
-160
-118
-54
-152
-130
-306
-299
-248
-308
-381
-433
-487
-681
-659
-595
-460
-477
-549
-567
-635
-636
-581
-468
-407
-377
-240
-170
-22
-22
-129
-37
-45
-4
106
-57
-51
-219
-467
-467
-545
-455
-407
-362
-419
-597
-761
-862
-811
-605
-367
-168
26
137
-87
-138
-201
-185
100
251
533
663
698
792
617
644
301
145
67
-2
59
45
21
-101
-78
-319
-212
-272
-357
-421
-420
-418
-325
-198
-160
105
39
-153
-124
-169
-200
-61
-81
83
163
256
173
192
189
-6
-62
-39
101
143
121
302
396
170
273
334
481
685
683
679
890
970
981
1015
1079
1208
1277
1288
1286
1327
1209
1345
1405
1425
1315
1296
1254
1156
1325
1383
1298
1285
1343
1384
1321
1304
1169
1099
1238
1149
1420
1591
1624
1755
1676
1723
1592
1653
1517
1540
1399
1320
1299
1213
1164
941
910
712
509
389
381
325
378
548
634
501
583
516
313
226
148
135
-76
73
150
102
142
25
-107
-290
-242
-140
-234
-89
-200
-319
-127
-214
-260
-262
-379
-471
-683
-835
-907
-919
-1035
-810
-796
-756
-767
-833
-807
-974
-942
-877
-891
-814
-650
-435
-289
-416
-377
-430
-408
-258
-149
-138
-119
-137
-88
-103
-185
-114
114
95
128
265
98
176
221
209
263
301
333
432
455
486
479
479
495
385
308
283
244
244
352
579
565
593
696
730
717
564
424
342
322
237
354
283
314
323
217
189
80
-37
-38
-154
-298
-254
-246
-300
-342
-422
-278
-187
-147
-221
-152
-10
66
94
-64
-100
-73
-124
-225
-235
-361
-455
-735
-974
-954
-947
-733
-650
-757
-652
-786
-560
-636
-650
-536
-571
-458
-316
-103
-49
-84
-182
-121
-48
-89
-132
-89
-131
-121
-181
-159
-91
18
-85
-52
-98
-192
-17
-66
107
64
206
152
129
285
180
128
-93
-206
-69
-36
-52
39
16
-40
-129
-210
-162
-209
-239
-169
-275
-458
-303
-279
-351
-358
-458
-536
-571
-548
-554
-689
-629
-611
-727
-715
-721
-727
-773
-716
-659
-703
-689
-614
-789
-792
-908
-1004
-1054
-989
-922
-886
-895
-896
-837
-822
-822
-764
-749
-820
-638
-616
-672
-713
-749
-694
-794
-751
-718
-584
-575
-516
-387
-377
-259
-160
-186
-190
-234
-190
-150
-92
-115
-297
-240
-258
-194
-153
-70
67
145
288
278
333
616
734
614
549
498
516
294
362
372
328
395
427
454
511
454
481
376
442
523
508
717
876
850
991
1073
1112
1270
1304
1259
1198
1263
1229
1267
1262
1254
1139
1148
1085
1221
1094
1111
1295
1397
1448
1513
1449
1477
1433
1513
1499
1389
1456
1184
1269
1246
1227
1201
1285
1231
1369
1402
1362
1457
1324
1482
1572
1522
1589
1481
1420
1341
1132
1026
837
857
804
866
659
560
448
387
423
435
436
327
348
284
366
284
262
324
307
189
163
69
11
-3
-54
-32
-58
-143
-24
0
-92
-100
-341
-456
-409
-483
-528
-483
-542
-633
-529
-615
-614
-575
-581
-518
-570
-530
-569
-521
-661
-742
-691
-688
-636
-773
-763
-816
-1013
-996
-999
-1167
-1060
-853
-818
-885
-839
-848
-890
-796
-597
-469
-528
-663
-564
-430
-388
-299
-402
-404
-367
-424
-481
-591
-767
-872
-896
-967
-988
-892
-975
-1080
-933
-928
-929
-835
-863
-894
-1040
-994
-1041
-1153
-997
-1009
-1019
-951
-974
-939
-781
-717
-778
-853
-877
-1049
-981
-840
-781
-779
-723
-755
-701
-760
-682
-622
-678
-680
-781
-773
-736
-664
-663
-705
-666
-689
-729
-734
-656
-552
-579
-419
-442
-322
-292
-326
-179
-132
-136
-227
-413
-444
-446
-569
-455
-464
-368
-371
-312
-339
-283
-163
-180
-142
-144
-92
-46
14
49
123
7
285
225
160
169
128
134
-6
57
-18
155
-44
-216
-321
-392
-533
-450
-406
-293
-275
-191
-44
-101
-189
-227
-249
-318
-119
-115
25
88
182
151
115
190
82
183
181
277
325
353
519
590
753
908
915
845
879
1009
1017
908
937
1022
1057
959
883
916
1020
1070
1146
1189
1284
1401
1306
1425
1413
1369
1362
1365
1397
1359
1341
1272
1176
1249
1373
1384
1433
1330
1253
1165
1169
1207
1168
1167
1163
1224
1055
917
807
919
878
889
908
882
799
650
574
519
559
506
619
370
371
430
297
283
141
12
-117
-158
-126
-244
-257
-80
-68
-75
-252
-310
-309
-272
-385
-526
-512
-680
-621
-506
-391
-325
-553
-370
-328
-289
-216
-345
-274
-264
-234
-220
-174
-195
-231
-358
-459
-611
-679
-613
-656
-408
-345
-381
-409
-446
-513
-562
-533
-588
-392
-476
-371
-272
-306
-275
-219
-190
-265
-304
-326
-205
-166
-40
13
-96
-28
-15
64
-41
-245
-195
-307
-275
-248
-187
-62
-234
-204
20
64
70
54
111
-26
-80
3
25
123
90
85
20
-30
-179
-312
-388
-354
-338
-336
-345
-371
-505
-671
-589
-633
-726
-871
-938
-1049
-1084
-1190
-1121
-1271
-1253
-1201
-1270
-1250
-1304
-1376
-1573
-1546
-1715
-1661
-1599
-1609
-1610
-1587
-1363
-1500
-1414
-1385
-1367
-1200
-1225
-1107
-1134
-1230
-1230
-1119
-1066
-968
-881
-860
-747
-809
-793
-707
-804
-722
-628
-693
-656
-615
-630
-673
-559
-558
-471
-347
-271
-356
-282
-315
-447
-237
-172
-216
-66
-126
-64
101
-33
148
231
240
267
344
305
339
416
434
343
105
228
375
459
420
408
514
576
701
632
688
607
565
624
834
914
989
973
1014
846
941
937
865
900
923
991
869
1007
915
916
1014
1110
1167
1047
1062
1024
1108
1170
1116
1130
1168
1306
1423
1216
1138
1153
1126
1084
1022
935
917
904
907
1030
952
827
925
903
781
747
796
747
571
584
538
497
494
497
548
420
279
151
24
21
131
284
332
175
279
284
137
201
75
4
-197
-140
80
-9
-65
-146
-158
-244
-385
-284
-339
-464
-429
-516
-529
-663
-712
-656
-685
-755
-726
-763
-821
-689
-717
-632
-555
-478
-425
-520
-448
-604
-520
-511
-450
-269
-260
-99
-105
-55
-96
-159
1
99
114
110
64
146
134
256
355
460
469
494
485
579
501
427
510
364
465
522
463
595
559
538
544
560
555
521
649
645
582
563
825
852
728
744
710
660
595
559
612
545
418
475
448
256
223
99
-28
-249
-208
-297
-384
-344
-540
-648
-696
-651
-704
-790
-844
-985
-1090
-1300
-1513
-1522
-1517
-1579
-1533
-1505
-1641
-1622
-1710
-1737
-1781
-1725
-1786
-1829
-1705
-1693
-1640
-1602
-1493
-1500
-1492
-1504
-1525
-1473
-1308
-1247
-1335
-1184
-1159
-1212
-1096
-1006
-827
-759
-775
-749
-755
-779
-790
-766
-777
-636
-502
-303
-319
-336
-307
-309
-100
-55
114
163
195
293
252
224
115
165
251
259
313
361
320
427
418
434
496
403
389
511
536
524
532
492
445
374
388
391
378
246
91
109
224
178
341
263
207
184
277
245
151
260
181
254
178
94
-127
-169
-208
-253
-129
5
57
-30
27
-14
125
228
266
495
518
439
461
547
534
438
347
309
242
187
46
65
154
164
51
258
130
128
116
65
-2
-56
-17
-165
-83
-210
-13
-127
-21
-109
-267
-217
-289
-261
-369
-432
-456
-322
-442
-340
-281
-426
-604
-626
-680
-627
-564
-604
-512
-546
-595
-527
-495
-642
-588
-570
-538
-468
-310
-195
-11
-87
-58
-131
-241
-157
-189
-277
-251
-166
-69
111
233
354
331
432
484
359
369
347
447
527
579
762
748
810
842
771
837
779
802
759
731
896
873
909
981
955
1025
982
944
963
874
883
815
764
917
1150
1138
1005
922
881
802
750
658
733
697
713
718
696
660
698
701
606
632
535
480
319
246
178
140
-8
-55
-147
-133
-81
-281
-217
-307
-186
-210
-211
-226
-313
-129
-198
-234
-232
-286
-338
-378
-449
-559
-490
-318
-335
-263
-85
-143
-95
-18
-87
-22
61
55
142
249
298
488
554
621
815
746
837
798
835
811
767
739
828
848
854
992
984
1087
1196
1251
1304
1294
1329
1386
1473
1498
1398
1396
1529
1676
1527
1545
1552
1497
1502
1417
1349
1289
1227
1103
1102
869
723
687
533
539
529
403
317
197
163
9
29
-46
-144
-151
-150
-265
-251
-290
-394
-275
-341
-233
-293
-494
-483
-640
-715
-651
-789
-714
-782
-800
-919
-1006
-1017
-1072
-1177
-1047
-982
-895
-865
-871
-883
-858
-948
-1079
-984
-983
-957
-956
-847
-760
-765
-793
-833
-664
-671
-664
-718
-762
-605
-551
-460
-571
-531
-503
-374
-415
-433
-348
-262
-314
-331
-226
-221
-127
-27
-157
-233
-263
-217
-170
-205
-189
-349
-463
-675
-785
-689
-636
-641
-656
-730
-911
-1033
-910
-1081
-1146
-1208
-1241
-1184
-1304
-1132
-1347
-1247
-1203
-1227
-1269
-1348
-1271
-1254
-1206
-1093
-994
-980
-821
-832
-834
-930
-839
-861
-962
-993
-910
-856
-774
-818
-790
-712
-698
-539
-371
-409
-346
-471
-494
-464
-458
-462
-493
-401
-408
-473
-509
-423
-244
-99
-56
89
20
-24
17
55
43
61
195
327
239
440
464
489
542
528
388
382
298
149
76
7
71
-1
80
159
76
12
-52
-31
-117
-160
-21
-62
-103
-149
-93
-161
-87
-76
-145
-38
-57
128
222
368
382
587
667
536
625
704
709
680
936
871
965
828
858
1093
1043
1099
1042
1274
1154
1018
1128
1293
1270
1298
1255
1320
1291
1268
1518
1602
1676
1774
1696
1801
1785
1761
1568
1635
1815
1821
1850
1688
1852
1867
1835
1692
1557
1744
1776
1737
1747
1833
1851
1843
1883
1919
1936
1760
1673
1441
1342
1359
1427
1058
964
905
913
819
678
632
639
547
240
342
142
133
178
153
139
62
123
121
46
121
256
286
226
231
175
-66
-126
-199
-104
-191
-274
-2
-61
49
-201
-202
-125
-27
-190
-153
-138
-57
-19
-212
-257
-184
-25
-185
-170
50
16
58
179
270
137
65
158
293
206
120
311
398
332
154
328
252
292
207
212
255
357
479
470
552
584
483
389
472
263
367
209
444
387
294
217
244
137
-18
-146
-167
-193
-369
-350
-387
-193
-239
-436
-472
-281
-437
-429
-579
-469
-490
-602
-626
-544
-693
-668
-415
-664
-860
-947
-1002
-1015
-945
-841
-806
-964
-961
-1123
-1218
-1320
-1066
-1136
-1164
-1229
-1324
-1370
-1468
-1415
-1410
-1395
-1304
-1374
-1306
-1087
-1336
-1167
-1205
-1061
-1105
-1019
-1098
-1000
-861
-1281
-774
-816
-836
-964
-761
-843
-877
-857
-873
-769
-629
-686
-443
-593
-508
-492
-566
-606
-586
-640
-712
-532
-763
-746
-821
-792
-848
-913
-1048
-940
-945
-1002
-994
-1026
-970
-876
-958
-1142
-987
-1102
-1270
-1041
-1039
-1059
-853
-743
-1032
-762
-728
-580
-413
-243
-451
-390
-231
-405
-139
-209
91
-155
-50
-53
-7
-217
-234
-121
-238
-569
-290
-239
-779
-464
-404
-510
-818
-349
-618
-717
-562
-345
-372
-444
-276
-197
-436
-435
-106
-442
-363
-80
-73
-661
-301
194
-756
-906
-310
-93
-536
-137
-121
-346
-523
-448
-363
-516
-43
-66
-114
-359
-367
32
-543
-588
-896
-309
-367
-164
61
-462
-239
-169
-217
-57
-7
87
186
399
38
433
552
541
315
735
437
981
722
637
709
1102
1387
996
1100
983
1027
564
1045
873
964
786
1285
646
849
549
1035
1041
1082
1145
1478
1024
1136
1313
1062
1051
1325
1361
817
1530
1361
1193
1379
1486
1272
1832
1409
1294
1394
1561
1349
1548
1449
1571
1738
977
1680
1284
1145
1027
1129
1168
1130
992
765
950
905
643
628
853
719
658
454
723
564
636
325
604
625
378
419
690
124
23
659
-10
379
343
361
90
92
-33
-480
130
-357
133
403
-276
713
-35
-178
-487
453
-405
-459
455
-413
-58
174
-73
259
9
634
226
558
218
271
420
-253
560
35
299
68
504
245
-184
558
567
75
794
410
671
546
537
776
638
219
1117
856
812
841
940
1021
582
822
966
825
846
1125
1083
140
1027
183
536
395
82
689
-175
578
-13
409
-320
238
445
-336
26
20
-361
-387
54
-144
-477
221
-624
-138
-216
-647
-121
-139
-233
39
-182
-548
379
-897
-722
41
-581
-310
-46
-266
-319
-410
-611
151
-1001
-840
10
-709
-661
-539
-932
-478
-998
-1006
-725
-522
-971
-982
-559
-1061
-261
-1369
-176
-899
-1059
-367
-1365
-170
-1525
-423
-1038
-622
-635
-1191
-109
-1422
-292
-1441
-504
-645
-1645
-396
-2038
-190
-2128
-916
-1575
-1430
-936
-2114
-376
-2160
-1349
-2134
-1266
-1612
-2672
-415
-2456
-1611
-2006
-1791
-2244
-2020
-1221
-2059
-670
-2534
-211
-1553
-1744
-715
-1875
-407
-2195
-244
-1715
-657
-1712
-934
-606
-2631
425
-2631
305
-1576
-1152
447
-960
-193
-252
225
-1150
741
-339
-503
411
-982
1110
-676
41
655
173
119
332
679
253
371
121
1017
-60
226
1245
-22
614
977
649
467
643
916
578
1374
-103
1705
17
692
1010
119
623
595
1011
-12
1083
42
1095
667
78
1259
11
807
657
-56
499
78
526
105
1052
-533
956
-145
544
569
99
524
849
677
719
-44
655
982
336
-100
1243
789
632
1227
421
1687
138
1469
463
1883
-107
2133
58
469
1708
-497
1681
-105
1625
438
620
1121
1659
128
1419
2193
462
1352
1546
1316
914
1303
910
1713
375
2215
598
1830
882
1495
1424
871
1806
791
1600
924
1375
521
1330
455
1175
626
508
1647
6
722
912
178
387
836
-25
425
-163
-632
502
-1210
22
-1178
45
-695
-674
-748
-432
-813
-1185
-374
-1033
-1183
-1214
-780
-1453
-994
-1747
-303
-1940
-1328
-823
-962
-1761
-1095
-430
-2123
-895
-938
-1017
-2098
-1262
-411
-1945
-1462
-554
-1381
-1273
-1472
-827
-1223
-1185
-276
-1642
-626
-1073
-251
-1598
190
-757
-503
-435
-931
11
-1791
742
-1482
31
-449
-545
26
-807
-109
-503
-236
-837
255
-1019
37
-122
-466
-603
-12
4
-1015
359
-728
158
-1357
669
-673
-276
-265
-153
-214
-271
401
-655
613
-701
750
-282
172
-81
942
-301
321
1030
49
419
787
403
-287
1620
-257
697
464
475
598
997
702
836
1320
418
1467
701
1320
988
1821
1287
1562
1938
1471
1674
1969
1730
1384
2389
1528
1680
1632
1923
1497
982
1742
1769
1367
1240
2294
1560
1391
2071
1706
889
2218
2123
1269
1808
2004
1948
1351
1356
1495
1610
623
1743
477
1731
747
694
848
1027
1122
564
923
-109
1227
-215
578
1128
374
802
616
510
254
111
-183
264
151
-94
192
-395
-203
-622
-642
-418
-1003
-398
-46
-1164
342
-925
-597
-358
-524
-1225
-650
-238
-1913
-330
-1178
-828
-559
-817
-770
-823
-952
-953
-1046
-1253
-625
-1106
-772
-968
-989
-1304
-334
-1682
-898
-761
-1090
-238
-2110
249
-1399
-827
-1045
-1343
24
-1063
-448
-358
-813
-564
-542
-872
-989
-807
348
-1562
417
-1498
-755
-1045
-842
-321
-2353
1270
-1969
590
-1482
-346
-344
-751
95
-950
-183
-1364
66
-1136
-54
-1647
712
-1062
346
-1307
5
-795
-295
-55
-1362
1003
-1370
766
-1638
-234
-614
-558
-935
-357
-878
-590
-1585
-481
-908
-1450
-284
-1151
-468
-1100
-955
-1275
-524
-1176
-1170
230
-733
-994
119
-1123
-530
-108
-1608
97
-244
-1493
280
-109
-1518
223
-566
-377
-15
-143
-261
1112
-375
63
660
-656
763
823
-705
813
825
-590
1185
497
35
261
684
-112
1195
-740
693
1064
-78
217
914
730
-657
1257
-206
469
437
-345
97
107
-419
593
-301
203
630
-61
-216
526
337
-653
890
268
209
-264
-56
260
-1074
-227
-311
280
-548
-845
537
-705
-106
-467
818
74
646
198
186
606
-456
212
60
898
-375
409
1324
-940
697
117
1153
-202
884
1038
523
814
29
288
627
-255
1096
616
76
186
1231
249
29
1592
317
1844
287
701
235
1332
273
518
556
1034
253
1124
613
678
722
80
1442
693
964
755
1433
1261
690
1195
412
1332
1106
298
1210
1017
726
-598
2109
181
136
1665
91
1203
742
212
975
812
597
368
1000
534
606
849
36
1733
161
671
556
1651
-98
565
1288
819
429
722
695
1828
91
981
1157
1370
-368
2044
729
1763
-36
2359
716
1007
1008
299
1934
599
2376
-567
2939
538
1230
976
1358
1449
1155
1119
1461
1012
534
1714
1338
574
541
2311
219
996
499
123
1027
563
442
27
1082
-302
77
-14
-410
-269
552
-845
-160
64
-1229
-465
250
-1418
-614
202
-772
-876
-808
-436
-1025
-988
-1310
-450
-771
-1385
-422
-759
-1452
-1593
456
-1911
-333
-707
-1448
406
-1225
-322
-1131
668
-1810
-128
-135
-554
-429
-998
-453
-54
-990
-77
-849
749
-1033
-332
-626
360
-966
141
608
-471
1022
-1215
-6
-120
112
-1272
505
-201
-611
-9
-1626
246
-206
-1532
-445
112
-313
-540
-943
-1170
-504
-845
-2176
978
-1135
-1093
-925
-91
-1796
-1257
-944
-1772
320
-2217
-1029
-845
-909
-2227
-1466
-1294
-634
-1477
-2699
-773
-1882
-2762
-1557
-1457
-1426
-2144
-1132
-1637
-2595
-1374
-2643
-912
-1445
-2093
-799
-1854
-1027
-2618
-63
-2190
276
-1539
-352
357
-1171
226
-1041
-255
-999
-124
-627
642
-1543
-253
-600
-1118
-306
-450
-1076
17
22
-1226
687
-1064
77
-300
-757
-758
13
-1192
-167
-293
-283
-425
-38
-397
-358
171
-1000
650
-891
-279
-1495
-95
89
-748
-970
-581
954
-1304
-987
-126
64
-249
-841
1166
-475
-1444
327
945
-1871
170
569
-150
-18
-834
-691
970
36
-1636
1602
-184
-12
-117
-662
-70
401
-1314
478
824
58
126
781
585
-1180
1368
-472
1620
-334
407
533
1226
-427
-725
2350
-25
193
494
740
39
132
346
751
938
-620
794
1423
-707
-460
376
482
612
-1489
1273
201
355
91
-179
1714
293
-214
-14
984
-606
140
880
145
1236
-176
1004
1637
-687
87
1842
359
-206
1316
325
1303
-356
76
1083
1181
-1068
1540
935
-355
1005
928
138
968
1403
243
1995
171
-384
1065
802
-334
1011
623
999
60
92
557
956
900
-298
2006
1850
676
467
1512
1447
1016
2508
1682
2090
2582
981
1834
3304
1157
1642
3646
1724
2017
2355
1354
1619
1789
1146
2075
2193
2159
2201
1154
568
1858
747
326
1848
1804
1002
629
899
184
968
94
266
846
558
495
-423
-41
-144
-410
309
275
547
792
-217
240
358
-854
-232
1348
616
412
350
145
-39
-556
-591
75
1478
-108
285
-55
-643
-826
-635
528
114
1643
-444
203
-1137
-1581
-848
-426
149
-657
1053
-1081
-721
-1466
-1417
-1026
544
-226
257
491
-840
-1524
-1777
-1606
-1031
572
-250
-257
-394
-1741
-2657
-1634
-1165
-1190
-189
-757
-1010
-1809
-2947
-2887
-1507
-1976
138
32
-1571
-1725
-2095
-3161
-3312
-1018
-1453
-235
-278
-1929
-2860
-2119
-3283
-2670
-594
-480
-159
-719
-1933
-3473
-3395
-2962
-2127
-128
164
-414
-1963
-2137
-4092
-3571
-1471
-921
72
31
-740
-2230
-3146
-3693
-3404
-1084
38
1122
68
-904
-3126
-4695
-2739
-2748
-806
1404
1189
-200
-2620
-3108
-4683
-3524
-748
550
2931
1075
-1022
-3045
-4571
-4137
-2327
880
1816
1723
300
-2390
-4191
-5606
-3947
-407
1760
2960
2096
21
-3231
-4811
-4494
-2255
1834
3144
4171
1978
-1191
-3985
-4673
-2844
367
3546
5549
3575
919
-2127
-4839
-3576
-1935
1555
4628
5260
3033
429
-3773
-4782
-2902
-390
3834
5611
4638
1935
-1334
-4410
-4602
-2576
703
3536
5102
4169
1286
-2472
-4203
-3691
-1040
1951
5368
6080
3087
76
-1731
-3469
-2458
415
2885
5497
4587
2988
-198
-2335
-3117
-1467
1068
3626
4696
3681
1846
-112
-1761
-2131
-71
1961
3990
4106
4281
1903
-508
-1266
-1108
736
2255
3933
3970
2919
644
-1264
-1020
-644
204
2268
3272
2810
2016
669
-844
-1237
-276
595
2351
2642
2562
1632
235
-735
-1070
-292
173
1439
1916
2371
1191
-64
-733
-562
-690
-278
609
934
1588
798
670
-446
-502
-949
-166
629
1043
1939
848
693
-451
-516
-1259
18
489
897
1305
608
215
-1409
-765
-1256
-213
522
788
1498
441
-1103
-1546
-1295
-1305
-1041
436
1274
129
-106
-1806
-2084
-1889
-1544
-209
654
546
-125
-226
-1880
-1958
-2064
-1496
-183
409
96
-66
-1115
-2308
-1890
-1238
-427
109
747
263
-114
-653
-1741
-436
-7
-213
173
1369
599
-390
-205
-137
-184
-39
1039
945
1342
780
462
267
196
211
808
1344
1049
1286
1144
242
227
813
862
1408
1038
993
519
348
120
534
670
949
970
384
-82
-411
-902
-1426
9
-404
-305
-1483
-1935
-2496
-3130
-3415
-2712
-1995
-3038
-3013
-3683
-5040
-5572
-6002
-5627
-5051
-4984
-5011
-5671
-6061
-7338
-8118
-7462
-6803
-6384
-6322
-5823
-6706
-7073
-8019
-8028
-7633
-8476
-8520
-5696
-1480
484
69
-936
-977
-1436
-2297
540
6657
9727
9645
11438
11332
8175
6278
7507
9586
11314
13535
15012
13501
8808
3820
2141
1939
1706
799
958
109
-2723
-5153
-6526
-7578
-7547
-6678
-5375
-2766
-2357
-3835
-3714
-2079
246
3258
6646
9108
9144
8809
8689
9487
10235
11724
13314
14421
13104
11039
8374
5858
3963
3434
4800
3951
2791
-72
-2397
-5612
-7944
-8168
-7591
-6480
-6096
-4684
-4732
-6061
-7073
-7391
-6249
-4400
-1708
384
531
393
-1544
-3185
-3675
-4171
-4060
-3748
-4260
-6390
-9139
-11778
-14860
-16684
-18478
-19918
-20271
-19855
-16221
-9798
-7357
-10199
-11661
-11109
-10847
-9223
-1982
8870
15023
15454
16942
17080
14369
14368
18459
24869
29601
32122
31876
26875
18551
11251
8809
8245
7617
5066
1774
-1651
-7707
-13742
-16159
-16923
-16620
-15151
-11609
-8652
-9119
-10480
-9117
-6098
-2073
3679
9405
13714
15313
16039
17170
17700
18173
20473
22434
23834
23040
19731
16044
11288
7716
5688
5910
5430
3988
543
-3025
-6546
-9988
-10827
-9028
-6606
-4235
-2478
-1912
-1953
-3435
-3191
-111
3793
7227
11431
12437
10669
9222
7587
6651
6774
7893
7708
6497
3516
-254
-4409
-8393
-10770
-11886
-11432
-11799
-12993
-15204
-17860
-20355
-21397
-21341
-19877
-18804
-19719
-19534
-19990
-21562
-23560
-22200
-19529
-14648
-5147
2200
1936
-966
-3414
-4977
-4108
603
11834
20144
20770
18620
16862
11129
6726
8699
14681
20946
23549
23451
18528
8271
-1582
-5405
-5120
-3359
-4836
-7141
-9782
-14834
-19587
-20723
-17748
-14697
-12475
-8390
-3731
-3150
-4168
-1640
2558
7537
12610
17323
20826
20419
18064
17998
18494
17798
17814
18223
17150
12434
7063
1234
-3546
-7685
-10472
-10676
-10964
-12647
-15136
-16990
-17803
-18188
-17099
-12971
-8400
-4353
-888
2230
3037
2736
3094
5659
9464
12397
15657
17040
13777
9748
7041
4738
3292
2650
2859
2812
-732
-6673
-10916
-14801
-17706
-18257
-16801
-14813
-14944
-16970
-18402
-18873
-18424
-17303
-14976
-12534
-10792
-11131
-10887
-11354
-12727
-14021
-14967
-15402
-16948
-15921
-15138
-10529
-1767
1827
-1490
-5730
-7743
-8505
-7178
-100
12236
18872
18267
17476
14830
9843
9348
14519
22117
27842
30024
29862
22713
11731
4008
1091
163
9
-2331
-4889
-6938
-12044
-18216
-20820
-20320
-17623
-13265
-7608
-1416
-1428
-3857
-3935
-910
4683
12194
19288
23822
24249
21019
18249
15590
15087
17377
20444
20973
17840
11415
3335
-4447
-9971
-10619
-9005
-8059
-8824
-11036
-13769
-15515
-16288
-14871
-9802
-3394
2240
6390
8878
9507
8929
8979
11764
16761
21408
24286
24105
21168
16662
12895
10471
9342
9113
8846
7227
3818
-1535
-7047
-11598
-14819
-14995
-14059
-11743
-10406
-11011
-12322
-13196
-12831
-12241
-8923
-5103
-2369
-1706
-2207
-3241
-5249
-7265
-8217
-7920
-7936
-9566
-11783
-12522
-14468
-14086
-5531
2684
1206
-3184
-4770
-5049
-7536
-4863
8545
20232
21065
20264
20603
16097
11898
13022
20279
27905
30809
31469
27128
16001
3956
-3015
-4085
-3155
-5031
-8580
-11109
-16639
-23207
-25836
-23127
-17697
-13146
-8918
-3991
-2067
-2963
-856
5450
13242
20096
24480
27581
27661
25058
23388
23431
24013
23189
22671
19924
13436
5117
-1805
-7440
-11257
-10943
-9489
-9265
-11250
-13719
-15846
-16583
-14219
-9084
-2267
3947
9029
13317
15026
14425
14142
15360
18355
22560
25645
26374
24582
19466
13594
8479
4948
2407
498
-433
-2271
-6286
-10780
-14903
-18838
-20486
-19054
-15704
-12933
-12389
-12093
-11497
-10847
-8785
-6439
-4607
-2913
-2195
-2682
-3339
-4605
-7043
-9626
-12157
-14506
-17080
-20363
-23319
-25266
-27049
-29413
-31895
-30419
-20679
-11610
-10944
-11829
-11925
-12636
-13555
-8072
6420
19264
22687
22557
22608
17746
13499
14063
20239
26361
28207
28227
22600
10030
-2736
-10488
-13820
-15091
-18504
-22871
-25822
-29133
-32178
-31912
-28897
-24459
-20539
-15203
-7202
-2239
737
4599
9809
16022
21929
26510
29529
29876
26982
24329
22056
19809
16879
14252
11084
6295
-179
-6136
-10841
-15528
-17326
-15857
-14353
-15353
-15899
-14737
-13725
-11935
-7415
-1285
3659
7153
11795
16517
17327
15836
16092
16592
17116
18170
18165
17126
13243
7227
1256
-3148
-5352
-6997
-8231
-8653
-9135
-12171
-14710
-15708
-15998
-15316
-13254
-10116
-8308
-7566
-6305
-4295
-3794
-4278
-3886
-2039
-769
-1601
-2018
-2203
-5285
-10460
-12771
-13275
-15381
-17776
-18936
-19546
-22332
-26222
-27026
-25477
-21479
-10267
877
2771
1549
321
-534
-870
3921
16972
28589
31686
30985
28441
20660
14113
11312
13822
19142
22236
22733
16953
5281
-7875
-17213
-21487
-22030
-23119
-22735
-19424
-18692
-19895
-19242
-16333
-11610
-5272
3456
13183
19326
22086
23897
26063
28944
31589
32375
32213
31518
28865
25361
21462
17711
12740
8479
4585
55
-4425
-8087
-10969
-13808
-15237
-14905
-14103
-13672
-10807
-7197
-4897
-3030
6
3768
7205
11164
15516
18589
18618
17762
16276
14806
14211
14091
13059
11383
8230
3953
-184
-3642
-5647
-6879
-7430
-7606
-8139
-9876
-10125
-9720
-9772
-9459
-7921
-6263
-5121
-3698
-2047
-316
-16
-926
-2357
-3335
-4223
-5508
-5629
-4656
-5197
-7846
-10429
-12993
-15475
-17233
-17123
-16195
-15450
-15921
-17217
-18195
-17123
-9155
3021
8370
8556
8436
6164
2396
833
8009
18143
21918
21033
19738
14021
7380
4175
3607
6705
9365
12257
10692
4377
-2172
-7691
-12675
-15830
-17781
-20111
-17735
-13598
-8681
-4678
-2146
-428
-22
1882
7422
13846
19111
24574
27964
28739
27583
25331
21797
18704
16289
15119
13254
9927
6889
4132
798
-5376
-11291
-15246
-17280
-18419
-16357
-12187
-9739
-9270
-9213
-8099
-6916
-4557
-210
5937
10364
12781
14259
14557
13586
11410
9623
8857
7836
6362
5437
3188
-460
-4557
-8146
-9769
-10575
-10727
-10399
-10391
-10452
-11218
-11324
-9701
-9182
-9363
-8357
-6383
-4773
-3553
-2292
-1051
-876
-3001
-3813
-3844
-4505
-5727
-6221
-6073
-8108
-11358
-13270
-14571
-16048
-16500
-16953
-16494
-15792
-15779
-17152
-18736
-18548
-15014
-6391
2971
6622
6222
3493
194
-3555
-4278
1637
8288
12199
14572
15222
11353
6728
2849
1411
3019
6047
11409
11869
8136
3161
-2480
-9499
-15373
-19492
-20227
-15519
-10780
-5632
-1629
491
-155
-1391
991
5724
10694
16524
22635
26881
28680
27812
24118
19353
15300
12942
11786
11691
12577
11333
7994
1447
-6849
-13423
-17530
-19189
-17982
-13962
-11239
-10123
-9872
-10275
-10899
-10321
-7574
-3299
2461
7636
10301
11822
13094
13706
13802
12281
10596
9526
8981
9293
9152
7250
5457
3233
-413
-3449
-5235
-5916
-6266
-6391
-5702
-5240
-5923
-6324
-7239
-7413
-6009
-4352
-2611
-819
943
888
-779
-1722
-2840
-5231
-5984
-4355
-3155
-3661
-4409
-5587
-8409
-10989
-11537
-11559
-12217
-11164
-10959
-12798
-16100
-18685
-20152
-18965
-9816
187
2386
1349
224
-2853
-6562
-6788
-1373
6338
11364
16047
19615
19701
18333
13712
9007
7786
11140
17701
21459
21111
17726
9657
-1755
-11311
-19418
-22491
-18386
-11993
-4862
-456
584
-947
-3391
-2608
2228
7429
13630
20195
24940
28682
30062
27333
22190
16633
12994
11486
11935
13899
13310
10136
4345
-3219
-10613
-16150
-18384
-18206
-17470
-15793
-12988
-12837
-13531
-12966
-11368
-9278
-7137
-2134
5214
10839
15752
19710
20252
19040
15563
12115
11709
12220
13071
13001
11501
10238
5940
-1492
-6175
-8965
-11292
-11368
-10592
-10045
-10541
-11389
-11806
-13799
-15555
-13756
-10748
-8759
-6674
-4413
-1797
-246
-369
-468
-55
-773
-2195
-2329
-757
835
44
-2482
-5092
-8724
-12456
-14060
-14453
-14217
-15282
-17843
-20588
-23662
-25949
-23221
-13352
-5468
-3034
-1069
356
-1283
-5144
-3827
3567
11486
17186
23919
28144
26745
23177
18066
13793
11565
13510
16418
17067
15062
8698
-862
-10015
-16302
-22042
-24027
-21058
-16518
-12081
-7220
-925
3410
5421
7394
9259
11335
14015
18165
22335
25497
28227
28683
26765
21992
17013
11189
5565
1927
1227
2674
2078
-1107
-6493
-12741
-19953
-25527
-26896
-23022
-17321
-12425
-8005
-5204
-4356
-5026
-4447
160
6254
10946
15790
20065
21818
19733
15724
13445
11763
10048
9130
8095
6749
4439
130
-4818
-9421
-13790
-17704
-19933
-19467
-17780
-16617
-16060
-16155
-16718
-15998
-14277
-12160
-8572
-4376
-674
2419
5232
6702
5958
4305
3079
3186
3692
3990
4125
3329
147
-4507
-8378
-10858
-12939
-15079
-17306
-18798
-20038
-22586
-25430
-27076
-27190
-24787
-16627
-8028
-3268
-649
619
531
-1498
910
8476
16414
20931
24722
27073
26286
23419
18419
14667
11944
13108
15631
16158
13640
9538
3562
-2192
-5425
-9005
-11555
-13116
-11402
-7808
-3906
1196
5666
6020
4465
3453
3691
4548
5554
9017
14038
18498
20633
20312
17520
12710
6494
2316
1189
2544
5226
6499
5453
2288
-2430
-8226
-12462
-14315
-14000
-12283
-9061
-5734
-2993
-1403
-1634
-2558
-2724
-2248
-1380
1272
5326
9490
11099
12422
13112
10715
7316
4984
3634
3014
2323
1554
627
-2038
-4379
-6345
-9139
-11676
-12947
-13564
-13121
-12018
-9755
-6661
-5050
-4326
-4837
-5692
-4695
-2739
-46
3414
5047
5073
4358
2775
1082
-722
-1827
-2380
-3449
-4524
-6139
-8544
-11656
-14173
-16222
-18959
-21454
-22866
-23618
-24161
-24670
-23433
-17220
-10417
-7604
-4969
-1672
1502
2402
4524
9895
14584
17384
20356
23753
25341
26106
23212
19220
15252
14422
15797
15781
15205
13970
11101
6763
3749
-749
-5449
-9427
-11268
-10552
-8047
-4405
-1811
-1076
-2249
-3727
-5355
-5819
-4541
-1331
2254
6352
10987
13912
14097
11913
9508
7490
5360
4987
8006
11248
12595
11773
9456
5601
748
-3141
-5631
-6917
-6191
-4965
-4286
-3683
-5361
-8551
-10997
-11776
-10747
-7944
-4434
-742
3247
6291
7847
8513
7547
6395
5684
5344
6102
7591
7990
7118
5084
1786
-533
-3757
-6589
-6963
-5940
-6538
-8534
-9127
-9580
-11572
-13395
-12553
-11226
-10524
-9529
-7989
-6549
-6755
-7747
-7026
-5138
-3158
-1147
269
437
-368
-1164
-2601
-4951
-6214
-6443
-7294
-8751
-9921
-11454
-14970
-18864
-20631
-18979
-13784
-8740
-4849
-1005
1145
39
-2676
-3169
-520
3095
6679
11778
16254
18285
18481
17993
16541
14643
15636
18597
21047
23331
25579
24721
21300
16318
9877
3323
-1438
-2839
-2840
-1462
266
768
-1039
-4348
-8186
-11200
-12413
-12123
-9788
-6134
-1306
2810
5796
7437
7214
5856
4658
5132
7825
11783
15438
17901
18628
17593
14985
11782
8097
4960
2409
882
705
1400
849
-1592
-4493
-6858
-8134
-8172
-6530
-4865
-4457
-4715
-4014
-3186
-2833
-2439
-1278
-563
-732
-950
-498
123
985
2303
3471
4563
4358
2701
1022
-375
-1777
-2711
-3767
-5291
-6552
-7074
-7873
-9841
-12087
-13926
-15852
-16772
-15571
-13091
-10384
-8427
-7188
-6911
-7223
-7394
-6700
-4965
-2574
-1280
-1285
-901
228
775
-333
-2115
-4323
-6458
-7618
-6728
-4194
-645
1546
1541
-16
-2192
-4055
-6089
-7342
-6459
-3597
-1083
2248
5308
7607
9370
10285
12578
15546
18400
19880
21278
22385
22293
21011
19413
17540
15351
12773
8967
6311
4690
2541
-68
-1428
-1927
-3537
-6308
-8778
-11012
-12958
-12944
-11283
-9805
-8354
-6506
-5401
-4516
-2481
551
2902
4521
6259
8080
9435
10321
11719
12693
12719
11636
9533
7705
6845
5922
4961
4193
2655
143
-2187
-3450
-5111
-8117
-10341
-10783
-11205
-11602
-11640
-11079
-11158
-11853
-10904
-7693
-4608
-3367
-2868
-1649
-526
66
1030
1937
2137
1075
67
-819
-2036
-4638
-7556
-9617
-10542
-10826
-11517
-10970
-10466
-10413
-10845
-11272
-10970
-9999
-8592
-6537
-4010
-1805
-700
-1150
-1959
-2285
-1546
-440
42
85
716
688
-1042
-2978
-4476
-5876
-7154
-7642
-6362
-4237
-3517
-4373
-5985
-6774
-7205
-7825
-7551
-5510
-2087
1150
4403
7419
10215
11516
12187
13225
13857
15030
16045
17660
18142
17156
15947
14902
12687
10812
10316
8457
5984
3815
2719
1492
1235
1423
535
-1924
-4191
-5689
-7011
-7285
-7364
-6953
-6638
-5153
-3702
-3071
-2448
-1154
132
1490
3783
4838
5022
5353
6793
7937
8905
9705
9222
7189
5215
4050
3492
3078
2311
1642
603
-516
-1617
-2689
-4037
-4836
-5700
-6917
-7657
-7365
-6607
-6737
-6963
-6923
-6235
-5836
-5721
-5312
-4522
-4071
-4731
-5406
-4677
-3116
-2921
-3674
-2853
-1297
-1566
-2749
-2600
-872
140
289
713
1988
2100
782
-85
453
1177
351
-781
-1859
-3177
-4844
-5303
-4696
-3405
-1972
-1767
-3010
-4248
-4019
-2924
-2253
-2113
-2171
-2393
-3051
-2959
-733
1544
2658
3313
3580
3470
3228
3538
4081
4541
4939
5755
6497
7714
9520
10173
9670
8056
5981
5169
6183
7554
8934
10810
12888
13529
11865
10189
8840
7293
5608
5178
6598
8470
8487
6695
4131
770
-3072
-6476
-7338
-6008
-4612
-4155
-4418
-4031
-3871
-3732
-3179
-2058
-503
1092
2176
2807
4159
4986
4778
3922
3962
4738
4856
4597
4436
4264
3614
2613
1728
1497
1060
-107
-1865
-4042
-5994
-7707
-8439
-7804
-7144
-6507
-6187
-6805
-8045
-8804
-8849
-8443
-7597
-5807
-3744
-2686
-2865
-3471
-3490
-3309
-3192
-2461
-596
852
1192
925
1046
1383
1124
565
250
-103
-896
-2039
-2565
-2545
-2913
-3958
-4769
-5521
-6761
-7781
-7883
-6925
-5723
-4126
-2409
-1549
-1679
-2293
-2584
-2577
-2071
-884
27
570
2199
3703
3413
2633
1725
789
-348
-812
-40
594
889
731
606
1018
2280
2822
3048
4554
6699
8552
10257
12605
13761
13110
12413
12702
12465
11585
11022
11021
9805
7143
4652
2832
1227
-879
-3296
-5236
-5953
-6758
-7686
-8719
-8813
-8435
-8288
-7308
-5624
-3875
-3070
-2535
-1593
473
1701
1430
973
1601
2842
2972
2919
3086
2717
1464
548
791
1038
-211
-2847
-4888
-6061
-6633
-6898
-7097
-7004
-7258
-8000
-9085
-8971
-8096
-7851
-7875
-7206
-6686
-6565
-5945
-4562
-2490
-1465
-1664
-2477
-2776
-2473
-1814
-1083
-384
368
1185
1727
818
-404
-1556
-2895
-3765
-3258
-2074
-1631
-2701
-4021
-4763
-5513
-5928
-6124
-5570
-4433
-3630
-2710
-1059
-191
-435
-595
305
1394
1299
888
973
840
896
1910
3459
4289
3677
2949
2190
1314
228
-718
-250
922
1197
1541
3288
5275
6109
6874
8252
9186
10131
10808
11515
12090
12508
13013
13564
13754
12986
11999
9906
7157
4799
3309
2181
1356
1046
242
-1613
-3829
-5613
-7123
-8440
-9158
-8528
-6742
-4721
-3033
-1425
-409
-627
-991
-646
-56
963
1899
2774
3399
4020
4569
4247
4272
3904
3074
2271
2696
3115
1874
312
-637
-1296
-2542
-3504
-3414
-2578
-2131
-2102
-2306
-2593
-3050
-3500
-3203
-1815
-194
505
893
962
380
-505
-1525
-1871
-1463
-388
298
1028
2017
1917
256
-1352
-2124
-2816
-2983
-2140
-966
-166
-58
-951
-2327
-3052
-2795
-2617
-2193
-1285
-881
-963
-761
-634
-469
-346
-964
-1665
-1826
-1888
-2103
-2480
-2348
-750
957
1306
892
277
-252
-1228
-1756
-520
1619
2569
2602
3881
5977
8767
10411
11478
12071
11857
12180
12423
12662
12805
12284
11514
11419
10454
8947
6410
3361
667
-1270
-2330
-2692
-2344
-2425
-3740
-6197
-8494
-10789
-12155
-12080
-10197
-7552
-5280
-3781
-2386
-1039
-247
193
340
1545
2689
3467
4139
5230
5639
5041
4325
3977
3573
2768
2557
2154
1550
304
-1023
-2147
-3166
-3659
-3824
-3462
-3064
-2953
-3284
-4291
-4762
-4700
-4395
-3046
-904
549
1182
884
291
-510
-1412
-1391
-1034
-467
43
275
485
430
-243
-1637
-2983
-4424
-5482
-5796
-4821
-3393
-2364
-2016
-3032
-4860
-5959
-6374
-6229
-5463
-4405
-3489
-3572
-3670
-3811
-4605
-5959
-7398
-8565
-9330
-9512
-8877
-7111
-3757
-366
585
38
-833
-1740
-2501
-2688
-814
2269
5098
7566
10345
11951
12138
11368
10844
10514
10786
12465
13734
14053
13668
12780
10437
7288
3077
-233
-3119
-5776
-7142
-7521
-7373
-6975
-6099
-5954
-6771
-8423
-9722
-11454
-12107
-10701
-7901
-4881
-2023
887
2866
3832
3503
3221
2972
3631
4788
6219
7761
8821
8599
6950
5259
3507
1636
-571
-2020
-2203
-1621
-1905
-2733
-2987
-3877
-5127
-5601
-5100
-4092
-3924
-3716
-2776
-1507
-629
403
1136
1363
1503
2030
3381
4717
4867
4197
3804
3165
2446
1831
1361
130
-1505
-2817
-3850
-4942
-5731
-6750
-7616
-7825
-7687
-7163
-6930
-6565
-6516
-6278
-5566
-4586
-3457
-2725
-2250
-2268
-2855
-3657
-4265
-4726
-5351
-7228
-9304
-10089
-9076
-5515
-1538
562
1391
902
63
-313
436
2918
6310
9032
11871
15472
18691
21087
20548
18934
16873
16059
17141
18261
18339
17655
15759
11844
6798
702
-3842
-7570
-9582
-9956
-9149
-7006
-5636
-5990
-7075
-7877
-7883
-7780
-7089
-4396
-997
2210
4685
7070
8689
8652
7209
6618
6846
7233
7951
8666
9095
8657
7350
4943
1990
-968
-3330
-5558
-6705
-6660
-6149
-5916
-6443
-5826
-5261
-5819
-5561
-4167
-2532
-741
568
2678
5072
6532
8240
9539
9245
8342
6672
5692
5243
4567
4419
4625
4307
2668
237
-2356
-5145
-7897
-9485
-10703
-10779
-9687
-8486
-8546
-8870
-8966
-9284
-9824
-9367
-7451
-5405
-3231
-1376
129
1249
920
-1044
-2561
-3350
-3759
-4336
-4925
-6497
-10126
-13008
-14855
-14151
-9909
-6091
-4894
-4999
-5160
-5073
-4753
-2489
2122
6814
10789
15223
18897
21776
22784
21438
20131
19073
19831
20496
20079
18545
15456
10337
4635
-1710
-8108
-13042
-16818
-18096
-17497
-15618
-13466
-11719
-11125
-11105
-11193
-9651
-7146
-3496
1628
6563
11227
14696
16647
16370
14546
12064
10308
9039
9385
10423
9810
7904
4545
79
-4866
-9243
-12180
-13919
-14506
-13818
-13115
-12111
-11650
-11849
-11336
-10090
-7677
-3872
194
4312
7353
9489
11540
12411
13279
14368
13987
13408
13206
12099
11011
8940
6515
3615
81
-3588
-6457
-8932
-10749
-12386
-13842
-14723
-15468
-15295
-14214
-12944
-11978
-10590
-9422
-8040
-6836
-4834
-3431
-2089
-521
106
246
492
260
-1135
-2773
-4289
-5669
-7403
-9520
-12358
-14451
-15662
-14697
-10532
-6619
-5695
-6206
-6928
-7174
-6545
-3536
2792
9123
12990
16675
19606
21392
22392
21699
21405
20791
21485
22115
21182
18851
14575
8388
2074
-4920
-12045
-16391
-18932
-19451
-18015
-15448
-12695
-10941
-10302
-9498
-7815
-4510
-801
3373
9710
15936
20296
22781
23038
21278
17518
13460
11523
11121
11042
10005
7165
3070
-2407
-8608
-13950
-17967
-20048
-20729
-20441
-18340
-15484
-13227
-12080
-11866
-11256
-9243
-5875
-401
6566
12686
16612
18308
18455
17671
16872
16019
15731
15686
15179
13785
12148
10332
7081
2278
-2659
-6730
-9734
-11807
-13254
-13978
-14416
-15223
-16191
-16218
-14916
-13154
-11442
-9361
-7102
-5054
-3411
-1932
-1162
-686
194
133
-706
-1188
-2637
-5085
-7630
-9833
-11049
-12307
-13824
-15192
-16247
-15439
-10279
-4352
-2106
-1747
-1932
-1335
-1024
414
6158
13580
18498
20483
21543
21863
21082
18718
17994
18489
20889
23317
22360
18832
13389
6063
-1816
-7836
-13248
-16633
-17805
-16603
-14356
-11493
-8968
-7549
-6045
-4199
-1422
3161
9395
15163
20601
25215
28218
28691
27079
24267
20559
17046
14599
12905
11286
9222
5120
-1236
-8897
-15801
-20977
-24136
-24982
-23721
-21977
-20586
-19274
-17461
-14814
-12631
-9683
-5201
-552
3971
9357
13522
16585
18613
18957
18834
17859
16222
14884
12809
10567
9279
6725
3868
1277
-1669
-4772
-7649
-10311
-12355
-13775
-14062
-14546
-14866
-13785
-12410
-11388
-10129
-8942
-7936
-7025
-6615
-6383
-6231
-6060
-6998
-8070
-8231
-8634
-10070
-12259
-14670
-16778
-19270
-20877
-21308
-20639
-18960
-16853
-10787
-2110
1601
525
-163
622
2073
4409
10496
18588
23474
24780
23969
20763
17743
14423
11559
11617
14181
18022
18676
14265
6784
-2287
-10637
-15674
-18503
-19166
-18651
-17585
-15681
-13437
-10516
-6858
-3876
-932
2988
7694
14153
21008
26736
30619
32287
32171
30173
26489
22095
18064
14637
11654
9120
6933
3018
-3419
-10325
-16869
-22088
-24966
-25537
-24298
-21982
-19702
-17939
-16031
-12461
-9362
-7097
-2652
2769
7035
10449
13603
14978
15334
15176
14492
14521
14165
12727
10252
7171
4177
1566
-1383
-3724
-4697
-5488
-5918
-6270
-6810
-7222
-7521
-7922
-8332
-8191
-6868
-4981
-3391
-1886
-754
-477
-1402
-3669
-6371
-8717
-10784
-13064
-14878
-16277
-17152
-18354
-20613
-22898
-25023
-26636
-27270
-24996
-20921
-15322
-6098
2138
4202
2937
2547
3926
5302
8272
15977
23815
27035
26606
23785
19707
15290
10948
9103
10366
13721
16267
14230
8394
720
-7770
-14334
-17353
-17708
-16862
-15378
-13785
-12847
-11701
-9234
-6269
-3249
1202
6957
13550
19670
24355
27705
29720
30481
30493
29809
27783
24900
21438
18160
14252
10335
6223
577
-6380
-12385
-15832
-17377
-18144
-18375
-18152
-17698
-16407
-14251
-10339
-5798
-2662
-290
2395
5884
9424
11469
12522
12593
11129
9311
8345
7847
7279
5788
2940
219
-2184
-4152
-6409
-9315
-11036
-10907
-9176
-6796
-4665
-3450
-3026
-2961
-2665
-2245
-1052
165
158
-213
742
1847
266
-3149
-6973
-10583
-14012
-16779
-18256
-18530
-19563
-21832
-23614
-25062
-25987
-26813
-25581
-21890
-17255
-7929
2242
6272
5952
4868
4598
5952
8931
15722
23638
26783
26110
22571
18078
14893
11166
8361
7808
9122
11834
11467
6606
-567
-8435
-13512
-14923
-14797
-12654
-10354
-9624
-9636
-8930
-5896
-1592
2589
6842
10361
13603
16823
19412
21796
23096
23304
24165
24569
24193
23063
20364
16686
12296
8325
5292
2054
-2312
-7260
-12094
-14809
-15084
-14084
-13089
-12319
-11359
-10295
-7810
-3317
769
3407
5044
6073
8411
10721
12121
12654
11493
8786
5527
2630
1073
293
-1179
-2565
-3644
-4245
-5609
-8792
-12531
-14408
-13544
-11044
-8038
-4372
-1393
-1419
-2121
-2174
-1081
498
781
431
-248
-1449
-3591
-7058
-10584
-13925
-17032
-19701
-21737
-23050
-23961
-25330
-26962
-27651
-27453
-25702
-22161
-17363
-9691
-812
4299
5283
4814
5151
6879
9425
13879
19620
22813
22174
18886
13940
9262
6458
5706
6344
7121
7650
5744
109
-6697
-13028
-17457
-18287
-16715
-14037
-10889
-8834
-8624
-9240
-8148
-4073
2030
9011
15116
19512
22586
23689
23867
24238
24462
24408
23521
22541
21328
19229
16674
13094
9005
6467
4597
1525
-2023
-5565
-8789
-11860
-13252
-11704
-8540
-4822
-1985
-541
439
1620
2409
3821
7085
10275
12757
14568
14500
12288
8566
4317
479
-1893
-2193
-1798
-2476
-3879
-4821
-6706
-9313
-11578
-13030
-12493
-10595
-7880
-4747
-1818
56
-154
-1176
-1073
-102
1002
1681
1675
549
-2258
-6374
-10823
-15414
-19455
-22005
-23676
-24983
-26306
-27596
-29066
-30426
-30950
-28250
-22797
-15026
-3833
6246
9522
8517
8100
9454
12184
16418
23451
30216
32413
30451
25133
18221
11990
6677
4106
4941
7732
9533
5778
-3073
-12442
-19608
-22522
-22063
-20575
-18012
-14911
-13111
-12617
-11817
-8858
-4524
478
7025
13935
19809
23281
23685
23737
25185
26262
26065
24903
23140
20350
16300
12779
9939
7524
5326
2660
-182
-2999
-5575
-7497
-9333
-10424
-9269
-7243
-5151
-2846
400
4070
5412
5268
6706
8454
10155
12169
12972
12567
11254
8251
3770
-277
-2665
-3972
-5197
-5659
-5524
-6901
-9893
-12607
-13832
-13844
-11951
-8132
-5091
-3176
-1272
68
564
1322
2115
2026
2290
3664
4307
2384
-1382
-6437
-11330
-14927
-18010
-20927
-23339
-25116
-27629
-30165
-31574
-32290
-31846
-28318
-23303
-16741
-7063
823
3209
3115
4451
8599
12957
18493
26057
30956
31520
28943
24328
19698
15736
12441
11041
10912
11168
8982
2823
-5298
-13838
-20900
-23373
-21912
-19454
-17292
-16287
-15921
-16373
-15858
-12955
-7938
-553
7173
13024
17223
19565
20072
20462
21753
24047
25532
25034
23275
20434
17050
13323
9675
6811
4616
1893
-759
-3224
-5349
-6787
-7972
-8098
-7039
-4181
-949
900
3165
5647
6198
6522
8640
10903
12705
14210
14515
12975
10282
7197
3775
1081
-888
-2661
-4532
-6265
-7699
-9358
-11514
-13151
-13651
-13656
-12292
-9286
-6661
-5449
-4398
-2662
-1131
422
2578
4424
5354
5082
3330
1234
-869
-3950
-7969
-11737
-14948
-17576
-19428
-21762
-24079
-26376
-29466
-32094
-32049
-28442
-23426
-17134
-9416
-4392
-3754
-4253
-2384
2265
7410
13307
21252
26861
27454
25146
21738
18082
14610
13120
13890
14975
15330
13266
6372
-3062
-11885
-17700
-19685
-19452
-18117
-16127
-14697
-14447
-15080
-15384
-13814
-10018
-3852
2597
8447
13201
15115
15888
18292
21618
23965
24797
23808
21321
17826
15510
14216
12497
10109
7538
4421
706
-2237
-4050
-5727
-7056
-6535
-4812
-2496
-195
1567
3470
5254
6072
7169
9115
11254
13032
14164
14446
13565
11579
9071
6560
4351
2589
1224
-765
-3598
-6288
-8494
-10374
-11834
-12536
-11841
-10209
-8276
-6650
-4907
-3265
-2107
-1132
433
2365
3763
4660
5053
4048
2086
-532
-3790
-6501
-9347
-12535
-15221
-16849
-18587
-20536
-21191
-21603
-22952
-24413
-23153
-19266
-15071
-9593
-3183
-22
-1058
-2179
-349
3215
7420
12901
18058
20279
20186
18265
14589
10599
8546
9107
9974
10346
10311
7607
1158
-6340
-12244
-14293
-13517
-12304
-10790
-8887
-7173
-7062
-7551
-6339
-2807
2135
7543
11877
14508
14983
13747
13469
15003
17483
18802
18341
16102
12077
7938
5187
3402
1810
1077
334
-692
-2258
-3768
-4871
-5606
-4764
-1576
2725
6189
9122
11378
11994
11028
11098
11606
11842
12143
12035
11709
10194
7315
3182
-895
-3944
-5795
-6664
-7184
-8047
-9421
-11107
-12350
-12192
-10997
-9639
-7401
-5248
-3502
-905
2417
4958
6100
6608
6596
5732
4297
2677
549
-2007
-5111
-8577
-11619
-14919
-19248
-23098
-24307
-24678
-25168
-24992
-24275
-23586
-22866
-20443
-16165
-11528
-5144
1711
4375
2979
2057
3092
4439
6295
10325
14758
15048
12783
10093
6406
2335
824
1800
2720
3244
4065
2986
-1595
-7482
-12537
-13895
-11387
-8267
-6521
-4870
-3233
-2905
-3945
-3939
-410
5455
10635
13730
15449
15301
13104
11438
11797
13315
14829
15023
13107
10087
7057
4697
2288
585
1019
1716
1399
733
475
-104
-1208
-833
1787
5011
7144
8271
8988
9368
9060
8303
7627
7515
7675
7043
5642
3842
1987
146
-2120
-4265
-5198
-5621
-6650
-8335
-9232
-9102
-8405
-7113
-6511
-6710
-5524
-3236
-1344
734
2871
3967
3434
2995
3595
3414
1864
-635
-3180
-5342
-7872
-10250
-12183
-15040
-18796
-21464
-22195
-22250
-21959
-20432
-18827
-18597
-18867
-17408
-13819
-9852
-6113
-1285
3921
6256
5194
2952
2682
3920
4993
6539
8686
9948
8978
5763
1709
-855
-1029
114
1600
3300
4312
2723
-1497
-6141
-8593
-8168
-5927
-3844
-2820
-2350
-2063
-2998
-4021
-2380
1531
6013
9752
12418
13109
12382
11481
11066
11517
12928
14397
14647
13465
11105
8243
5634
4272
4487
5678
6806
6289
4616
3296
2368
2952
5432
7625
8348
9137
10023
10301
9844
9051
7769
6188
6042
6397
6148
5552
4434
2408
-295
-2378
-3243
-3171
-3194
-3976
-5258
-5721
-5363
-4715
-4614
-4648
-3534
-1494
752
3061
4735
5978
6228
5419
4453
3781
3266
2382
161
-3043
-6161
-8949
-11318
-13832
-16671
-18887
-20028
-20593
-21120
-20577
-19412
-18913
-18593
-16325
-11872
-7211
-1831
3242
5133
3951
3164
4782
6462
8185
11258
13570
12548
10054
7671
5008
1908
629
1710
2894
3442
3817
2714
-879
-5418
-8610
-8837
-6900
-4581
-3528
-3219
-2583
-2847
-4025
-4309
-2455
857
4438
7850
10129
10080
8783
7998
8253
9765
11758
12451
11498
9647
7937
6295
4596
3932
4515
5720
6523
5763
4453
3870
3602
3549
4321
6216
7671
8267
8789
8995
7941
6261
5007
4644
4356
3602
3177
2432
567
-1963
-3769
-4694
-5425
-6153
-6438
-6783
-7122
-7521
-8148
-8469
-7742
-6056
-4435
-3505
-2167
-233
1018
1375
1429
1231
1290
967
-269
-1890
-3582
-5891
-9532
-12592
-14095
-15644
-18142
-20273
-21022
-20883
-20486
-20586
-20298
-19104
-17498
-15539
-11260
-4801
-295
382
-380
-400
751
2356
4950
8378
10791
11044
9400
7126
4957
3353
2872
3668
4383
4895
5202
4215
1396
-2331
-4641
-4973
-4290
-3385
-2781
-2524
-2214
-2200
-2627
-3275
-3406
-1939
906
3703
5143
5148
4867
4752
5030
6308
8492
9760
9396
8307
7323
6397
5762
5930
6852
8125
8741
9141
9571
9087
7969
7274
7591
8416
9131
9704
10311
10365
9650
7846
5622
3885
3233
3474
3485
3015
1719
-91
-1814
-3018
-3578
-3487
-3313
-3817
-4764
-4931
-4186
-3478
-3477
-3782
-3723
-2966
-1756
-633
544
1194
921
447
664
803
-19
-1587
-3505
-5352
-7034
-8416
-9120
-9418
-10887
-12961
-14071
-13853
-13557
-12920
-11920
-10976
-10505
-9138
-6451
-3389
-1312
-904
-1391
-2448
-2766
-1898
217
1976
2741
2829
2812
2216
865
330
294
-53
161
1727
3512
3601
2256
1017
583
1096
1529
1404
1894
2519
2692
2376
2077
1528
244
-884
-1056
-631
-201
306
-103
-1370
-2140
-1627
-536
227
932
1913
2877
3232
3581
4671
5855
6357
6933
8519
10054
11218
12477
13768
14405
14262
13766
13195
12332
11672
10865
10234
8895
6400
3859
1659
-27
-1823
-2687
-2668
-3094
-4043
-4471
-4488
-4799
-5397
-4914
-3833
-3334
-2651
-1684
-882
-871
-1063
-731
-117
146
305
857
1239
628
-651
-1876
-3150
-4138
-5506
-7051
-8543
-10050
-11405
-12113
-12515
-13556
-14524
-14415
-13277
-12231
-10828
-9055
-8104
-8137
-8075
-6892
-4568
-2890
-2095
-2074
-2190
-2136
-2300
-2581
-1928
-571
507
764
1081
1571
1602
1509
2001
3112
4040
4531
4644
4916
5458
5643
5348
5075
5239
5521
5293
4543
3668
2874
1644
455
320
582
146
-677
-1618
-2367
-2906
-2838
-2132
-1155
-195
659
1741
2514
2832
2944
3327
4184
5533
7356
9431
11082
12053
12495
13083
13732
14184
13974
12787
11485
10616
9742
7925
5819
3470
1119
-1098
-2341
-3160
-4069
-4633
-4822
-4599
-4105
-3725
-3633
-3644
-3500
-3398
-2954
-1968
-1068
-560
-621
-585
-907
-1286
-1183
-587
-269
-849
-2001
-3474
-5014
-7095
-9130
-10419
-11423
-12660
-13305
-13125
-13123
-13821
-14345
-14317
-13482
-12171
-10194
-8125
-6449
-5284
-4281
-3272
-1989
-762
404
1480
2603
3390
4282
5163
5602
5850
6385
6525
5897
5922
6009
6387
7039
7955
8104
6944
5581
4709
4495
4439
4438
4165
3431
3077
3255
2771
1655
720
-89
-1120
-1526
-727
117
-300
-1803
-2930
-2985
-2215
-1588
-1250
-817
-69
1322
2752
3630
4201
4476
4733
5321
7022
8985
10335
10970
11607
12583
13386
13469
12691
11669
10845
9988
8921
7802
5856
3028
380
-1410
-3077
-5022
-6074
-6489
-6629
-6249
-5606
-5122
-5128
-5532
-5850
-5808
-4753
-3367
-2330
-1789
-2353
-3372
-4130
-4331
-4268
-4123
-4263
-4996
-6012
-7232
-8833
-10507
-11776
-12461
-13143
-13797
-14173
-14224
-13922
-13402
-12606
-11843
-10545
-8781
-6438
-4185
-2064
-540
608
1637
3229
5163
6527
7147
7455
7836
7625
7373
7607
8159
8320
8118
7452
6655
6001
5246
4783
4840
4863
4153
3186
2569
2278
2059
1716
1355
803
288
-121
-6
-188
-554
-1144
-1380
-1639
-2016
-2324
-2926
-3621
-4196
-4385
-4338
-3800
-3522
-4035
-4491
-3754
-2486
-1205
-77
901
1724
2382
3499
5339
7014
7780
8181
8788
9287
9632
9789
9425
8747
7851
6814
5525
4138
2568
662
-1213
-2479
-3627
-4681
-5383
-5811
-5783
-5483
-5220
-5587
-5935
-6214
-6378
-6142
-5376
-4888
-5343
-6237
-6909
-7215
-7384
-7104
-6610
-6290
-6348
-7081
-8123
-8928
-9523
-9964
-9851
-9282
-8909
-8432
-7607
-6420
-5416
-4208
-3256
-1859
302
2891
5113
6613
7694
8308
8560
8827
9099
9242
9147
8697
8111
7496
7082
6539
5873
5374
4814
4141
3514
2812
2245
2337
2322
2309
2687
2543
1746
1035
882
1204
1451
1764
1798
1373
1230
982
556
-83
-391
-499
-936
-1544
-1944
-2767
-4227
-4960
-4799
-4300
-4215
-4367
-4324
-4123
-3290
-1967
-790
-121
344
1397
2647
3802
4869
5638
6333
6771
6979
7296
7305
6478
5560
5475
5745
5275
3935
2198
449
-969
-1884
-2443
-2757
-3179
-3841
-4405
-5007
-5287
-5847
-6866
-7839
-7838
-7488
-7517
-8013
-8460
-8566
-8680
-9029
-9209
-8921
-8272
-7917
-7415
-6254
-5190
-4762
-4914
-4900
-4266
-3014
-1796
-92
1525
3033
4042
4712
5358
6383
7543
8446
9330
10042
10284
9753
8691
7745
6993
6262
5552
5009
4312
3803
3286
2754
2429
2596
2854
2633
2303
2252
2076
2020
2235
2782
3254
3144
2829
2391
2093
1997
1850
1659
1824
1901
1602
1436
974
138
-753
-821
-496
-594
-1208
-1827
-2198
-2600
-2846
-2303
-1869
-2127
-2453
-2284
-1701
-1198
-588
187
936
1490
2093
2825
3619
4450
5131
5636
5811
5629
5162
4308
3272
2782
2782
2572
1584
287
-950
-2250
-3577
-4527
-4884
-5236
-5787
-5839
-5848
-6321
-6961
-7277
-7631
-8054
-8434
-8445
-8051
-7270
-6834
-6266
-5682
-5337
-5200
-4375
-3174
-1851
-625
630
1512
2030
2468
3097
3992
4858
5680
6522
7457
7857
7768
7845
7981
7876
7789
8034
8038
7383
6361
5384
4211
3070
2481
2464
2330
1653
1123
548
-229
-510
-91
460
746
547
142
-225
-225
0
354
269
-332
-391
94
361
416
298
-314
-1072
-1527
-1433
-1128
-1272
-1637
-1764
-1627
-1707
-2191
-2688
-3105
-3823
-4442
-4689
-4190
-3618
-3535
-3882
-4252
-4091
-3471
-2841
-1878
-731
134
693
821
1096
1631
1929
1951
1932
1560
953
-263
-1626
-2732
-3616
-4512
-5751
-7196
-8474
-9320
-10096
-10530
-10263
-9901
-9899
-10054
-9673
-9124
-8738
-8389
-7885
-7397
-6865
-5861
-4456
-3022
-2183
-1679
-1146
-172
878
2269
3427
4287
4591
4561
4815
4964
4977
5041
5287
5682
6191
6773
7106
6707
6094
5772
5913
5958
6170
6017
5456
4734
3851
3221
2505
2131
1929
1858
1804
1729
1479
1101
824
718
739
843
1016
864
591
563
970
1396
1570
1469
1233
1079
1234
1514
1665
1392
1068
759
475
381
129
-286
-464
-791
-971
-1140
-1223
-1464
-1882
-2424
-3058
-3310
-3290
-2840
-2363
-2626
-2882
-2654
-2274
-2019
-1590
-868
-313
-62
360
661
486
22
-209
-412
-1132
-2085
-3374
-4519
-5577
-6265
-6813
-7539
-8491
-9375
-9723
-9729
-9062
-8070
-6974
-6308
-5729
-4744
-3366
-2012
-1079
-359
314
1081
2183
3809
5138
5798
5552
5338
5361
6076
6994
7387
7583
7623
7522
7447
7342
7053
6869
6805
7155
7515
7801
7999
7965
7689
7228
7226
7296
7233
6689
6365
5938
5355
4710
4516
4033
3269
2897
2770
2734
2730
2903
2754
2539
2555
2785
2957
2982
2919
2774
2609
2915
3035
2757
2443
2251
2013
1610
1256
1166
968
630
143
-54
-41
-126
-698
-1129
-1261
-1368
-1354
-1855
-2205
-2826
-3369
-3757
-3888
-3983
-4122
-4657
-5144
-5310
-5205
-4980
-4952
-4884
-4745
-4758
-4948
-5356
-5420
-5373
-5255
-4944
-4870
-5116
-6090
-7109
-7650
-7652
-7229
-6640
-6165
-6048
-5755
-5084
-4367
-3111
-1745
-541
446
1551
2799
3842
4483
4584
4334
4055
4479
4909
5250
5126
4736
4398
4077
3892
3719
3769
3972
4130
4140
4483
4925
5196
5334
5335
5668
6026
6351
6407
6906
7475
7539
7056
6147
5402
4513
3961
3610
3257
2847
2461
1866
1231
614
252
-41
-61
-56
159
368
387
58
-384
-736
-1272
-1651
-1512
-1095
-1051
-1449
-1872
-2476
-3275
-3817
-3625
-3050
-2614
-2450
-2465
-2840
-3411
-3710
-3948
-4197
-4402
-4694
-4909
-5411
-6303
-7135
-8175
-9150
-9713
-9917
-10171
-10619
-10920
-11042
-11203
-11346
-10953
-10235
-9944
-9668
-9428
-9055
-8746
-8152
-7037
-6010
-5277
-4929
-4762
-4500
-4045
-3073
-1759
-747
-388
-2
488
1155
2166
2686
3056
3310
3662
4037
4647
5079
4968
4421
4021
3690
3308
3079
2876
2878
2897
2971
3112
3140
2914
2920
3229
3676
4318
5413
6233
6551
6867
6800
6700
6499
6751
7113
7193
7275
7036
6277
5457
4698
3661
3032
2636
2370
2014
1460
798
-77
-824
-1011
-988
-1102
-1091
-981
-925
-1061
-1007
-976
-1181
-1529
-1592
-1298
-958
-767
-877
-1203
-1482
-1457
-1091
-596
-285
-267
-375
-755
-1105
-1235
-1557
-2134
-2835
-3351
-3977
-5012
-6119
-7016
-8052
-8997
-9407
-9676
-9789
-9896
-10010
-10182
-10382
-10238
-9363
-8107
-6785
-5480
-4295
-3356
-2781
-2195
-1243
50
1331
2349
3313
3703
4140
4376
4815
5109
5176
5506
5670
5728
5574
5675
5608
5407
5316
5325
5308
5189
5048
5018
5216
5077
4790
4582
4592
4887
5183
5498
5877
6084
6036
6106
6360
6821
7047
7223
7588
7931
8140
8119
8022
7880
7739
7615
7510
7336
7114
6345
5376
4572
3889
3248
2673
2312
1614
878
225
-340
-915
-1250
-1067
-763
-607
-276
136
442
258
131
164
136
235
612
1049
1120
881
402
-334
-859
-957
-928
-905
-1304
-1874
-2277
-2726
-3343
-4027
-4579
-5050
-5595
-5838
-5809
-6142
-7280
-8579
-9512
-9769
-9294
-8283
-7421
-7164
-7096
-6826
-6190
-5431
-4436
-3298
-2262
-1171
13
1116
1545
1804
2116
2359
2531
2834
3274
3192
2663
2154
1965
2118
2248
2424
2432
2165
1658
1461
1834
2460
2632
2809
3016
3119
3222
3253
3625
3615
3444
3620
3948
4170
4130
4213
4022
3661
3389
3652
3712
3582
3460
3267
3095
2919
2785
2503
1975
1311
1133
1250
1292
978
377
-251
-1051
-1771
-2222
-2579
-2654
-2847
-3116
-3322
-3384
-3526
-3828
-3990
-3668
-2914
-2248
-2201
-2218
-2322
-2522
-2580
-2578
-2344
-2271
-2433
-2748
-3412
-4295
-4992
-5343
-5458
-5622
-5689
-5634
-5943
-6587
-7227
-7470
-7879
-8480
-8594
-8231
-7968
-7788
-7720
-7609
-7661
-7553
-6924
-6025
-5407
-5048
-4571
-4110
-3642
-3036
-2498
-2046
-1720
-1182
-470
67
444
302
385
409
493
377
106
25
-59
-237
-383
-192
-60
-34
267
672
1047
1278
1521
1732
2282
2843
3463
3824
4134
4143
3892
3758
3872
4117
4274
4327
4347
4630
4748
4593
4071
3498
3110
2958
2789
2853
2891
2639
2151
1520
1309
1306
1354
1423
1609
1792
1999
1991
1833
1663
1485
1351
1148
1072
997
963
720
601
415
211
-46
-228
-152
-35
101
2
-290
-825
-1341
-1657
-2007
-2221
-2190
-1758
-1601
-1987
-2386
-2739
-3057
-3194
-2805
-2282
-1847
-1644
-1735
-1612
-1435
-1153
-616
-252
-136
76
479
887
1011
969
630
327
-18
-214
-81
97
285
159
93
126
1
-273
-212
362
921
1326
1717
1823
1691
1821
2367
2613
2929
3087
3193
3194
3369
3831
4261
4477
4430
4435
4461
4673
4916
4915
4939
4889
4671
4416
3857
3633
3469
3210
2971
2791
2644
2600
2437
2421
2454
2111
2005
1930
1817
1730
1572
1528
1525
1556
1689
1618
1598
1564
1851
2163
2407
2610
2975
3226
3266
3365
3240
2803
2173
1717
1287
771
302
-145
-660
-1167
-1657
-1949
-2234
-2456
-2720
-3121
-3520
-3781
-3902
-4155
-4017
-3603
-3183
-2978
-2500
-2158
-1770
-1420
-963
-432
50
739
1245
1538
1413
1303
871
649
506
290
-31
-520
-1166
-1864
-2413
-2979
-3802
-4581
-4960
-5212
-5308
-5026
-4742
-4775
-4856
-4518
-3986
-3441
-2730
-1819
-1184
-979
-872
-405
-17
130
427
976
1483
1771
1879
1908
1910
1704
1429
1225
1189
1158
967
755
347
-163
-1022
-1631
-1656
-1724
-1710
-1625
-1529
-1749
-2080
-2154
-2273
-2329
-2345
-2241
-1918
-1778
-1529
-1278
-1245
-1305
-1378
-971
-771
-632
-268
-107
99
249
366
524
611
854
953
999
917
667
235
-189
-300
-322
-650
-1412
-2026
-2671
-3030
-2981
-2641
-2467
-2504
-2651
-2660
-2504
-2437
-2384
-2197
-1870
-1538
-1031
-372
-69
-132
-128
-232
-218
-50
451
1088
1371
1110
618
35
-620
-1102
-1293
-1601
-1839
-2153
-2377
-2921
-3387
-3751
-3749
-3621
-3504
-3049
-2494
-1985
-1706
-1289
-764
-305
-54
614
1382
2126
2644
2869
2663
2472
2426
2275
2356
2395
2524
2394
2317
2171
1923
1703
1345
1214
1200
1228
1153
767
301
-224
-607
-637
-597
-576
-747
-752
-595
-405
-174
-211
-77
-79
-55
356
816
1175
1131
944
902
978
1298
1551
1482
1386
1305
1460
1548
1815
2119
2613
2942
2948
3131
3060
2905
2800
2988
3180
3148
3031
2960
2787
2625
2705
2823
2705
2414
2548
2927
2998
2942
2842
2311
1866
1504
1215
1172
1085
916
832
766
696
245
-170
-204
-55
224
358
418
135
-402
-887
-818
-1054
-1351
-1411
-1417
-1574
-1659
-1451
-1502
-1731
-1909
-1700
-1226
-740
-435
-281
-458
-801
-887
-827
-671
-522
-627
-543
-323
-386
-569
-655
-714
-945
-974
-872
-837
-1031
-1160
-1140
-1170
-1490
-1710
-1768
-1927
-2268
-2519
-2521
-2641
-2795
-2902
-2862
-2861
-2836
-2523
-2158
-1858
-1537
-1185
-949
-916
-851
-634
-183
-73
168
213
236
362
724
1158
1033
1008
612
433
652
1418
2128
2118
2059
2222
2154
2249
2536
2977
2992
2665
2866
3075
3192
2782
2305
1922
1691
1408
1129
968
586
132
-271
-580
-897
-1353
-1787
-2154
-2432
-2777
-2763
-2607
-2674
-2655
-2284
-1909
-2059
-1995
-1293
-579
-220
127
338
308
-242
-485
-387
-268
-143
-344
-418
-773
-1092
-1554
-1941
-2367
-2772
-2994
-3067
-2821
-2743
-2867
-3108
-3236
-3193
-3179
-2948
-2598
-2375
-2210
-2008
-1786
-1723
-1585
-1517
-1490
-1335
-1115
-966
-906
-1115
-1435
-1717
-1832
-1671
-1839
-2172
-2324
-2310
-2197
-1968
-1932
-2075
-2128
-2034
-1754
-1272
-756
-285
613
1371
1556
1518
1505
1454
1398
1949
2810
3271
3305
3133
3093
3044
3161
3404
3519
3494
3685
4305
4836
4954
4918
4628
4253
4029
4143
4304
4300
3846
3230
2575
1964
1362
695
382
129
-237
-426
-600
-928
-1320
-1638
-1702
-1852
-2193
-2339
-2065
-1741
-1481
-1037
-781
-706
-877
-790
-410
-209
239
617
749
776
533
275
-37
-271
-348
-346
-624
-1103
-1471
-1915
-2396
-2869
-3154
-3435
-3419
-3314
-3187
-2894
-2890
-3012
-3180
-3039
-2772
-2359
-2007
-1621
-1452
-1409
-1349
-1186
-1045
-920
-784
-678
-482
-347
-62
24
115
-7
-248
-353
-322
-289
-172
122
454
968
1537
1935
1956
2112
2272
2677
3450
4327
4893
5154
5131
5140
5093
5181
5501
5605
5664
5620
5877
5836
5645
5149
4607
4147
4010
4171
4372
4493
4270
4121
3935
3820
3516
3174
3114
3108
2977
2871
2649
2420
1793
1446
1305
926
434
-63
-268
-542
-904
-1275
-1722
-2222
-2603
-2644
-2700
-2742
-2721
-2782
-2789
-2671
-2419
-2337
-2213
-2222
-1998
-1814
-1637
-1720
-2062
-1885
-1891
-2179
-2487
-2455
-2634
-2864
-3114
-3295
-3586
-4265
-4508
-4449
-4313
-4226
-4143
-3909
-3925
-3971
-3892
-3712
-3458
-3257
-3128
-2980
-2924
-2853
-2472
-2238
-1968
-1728
-1346
-1144
-977
-830
-375
-198
-118
136
334
658
796
988
1014
1199
1343
1623
2108
2340
2485
2822
3064
3364
3696
4014
4191
4159
4275
4236
4229
4043
3704
3391
3125
2935
2620
2345
1956
1657
1527
1136
850
459
318
343
170
247
230
147
171
143
143
28
-165
-504
-886
-890
-1074
-1306
-1566
-1774
-1975
-2168
-2417
-2717
-3053
-3276
-3648
-3877
-4057
-4390
-4595
-4812
-4809
-4777
-4735
-4823
-4687
-4573
-4177
-3898
-3845
-3645
-3426
-3204
-3017
-2683
-2587
-2650
-2858
-2975
-2944
-2847
-2955
-3199
-3354
-3334
-3095
-2903
-2805
-2669
-2537
-2567
-2466
-2445
-2297
-2121
-1818
-1572
-1212
-762
-444
104
422
713
1205
1815
2548
3350
4071
4385
4660
4812
4838
5177
5431
5645
5646
5572
5627
5591
5591
5448
5358
5250
5158
5229
5190
5058
5013
4744
4569
4464
4299
4162
3738
3430
3207
3034
2915
2674
2401
2152
1744
1313
849
560
348
272
89
57
-68
-364
-487
-579
-587
-565
-519
-541
-439
-323
-392
-490
-596
-571
-646
-684
-842
-1022
-1209
-1602
-1895
-2123
-2233
-2460
-2768
-3116
-3374
-3552
-3658
-3512
-3278
-3206
-3126
-2958
-2559
-2206
-2091
-1846
-1709
-1387
-1054
-983
-1019
-860
-736
-624
-390
-227
-212
-510
-591
-637
-499
-247
-192
110
346
493
817
1079
1326
1406
1524
1624
2041
2395
2752
3095
3327
3416
3470
3564
3792
4044
4273
4491
4398
4239
4218
4172
3930
3686
3469
3266
2901
2532
2036
1543
1525
1414
1199
1099
806
827
819
662
767
899
823
623
368
181
94
85
43
-39
-250
-426
-605
-907
-1118
-1173
-1353
-1438
-1525
-1588
-1446
-1424
-1549
-1750
-1713
-1661
-1616
-1472
-1629
-1706
-1813
-1783
-1641
-1590
-1669
-1723
-1767
-1859
-1794
-1948
-1986
-2175
-2522
-2638
-2788
-2879
-3116
-3314
-3411
-3175
-2933
-2755
-2616
-2515
-2449
-2147
-1835
-1614
-1372
-1126
-977
-1075
-1069
-1094
-1034
-736
-603
-486
-114
58
21
-54
-25
-37
100
354
274
492
845
1040
1187
973
711
915
1060
1223
1345
1361
1240
958
874
799
739
599
506
383
305
100
-43
-336
-554
-773
-943
-961
-1052
-1164
-1261
-1300
-1322
-1163
-1239
-1328
-1271
-1356
-1214
-940
-815
-669
-585
-455
-275
-126
250
344
213
281
263
385
336
386
381
53
1
-53
-35
-227
-397
-208
-204
-228
-219
-108
14
82
201
315
407
582
749
837
900
996
1116
929
620
384
38
-123
-175
-344
-233
-295
-504
-481
-439
-594
-618
-678
-752
-634
-648
-458
-355
-123
313
514
628
883
1075
1293
1400
1425
1532
1619
1849
1871
1743
1786
1901
1975
1905
1982
1974
1883
1694
1601
1621
1539
1514
1368
1313
1262
1069
886
674
524
359
283
535
646
691
866
755
682
564
503
497
595
856
1157
1141
983
1072
1169
1162
1029
1144
1238
1369
1643
1910
2102
1917
1872
1870
2050
2190
2320
2424
2370
2334
2202
2305
2343
2339
2273
2233
1980
1649
1352
1292
1269
1198
1143
987
873
993
999
805
861
852
877
888
958
1152
1189
1178
1122
922
688
462
120
-126
-536
-912
-1159
-1423
-1729
-1937
-2236
-2604
-2670
-2546
-2345
-2313
-2346
-2336
-2216
-1932
-1672
-1460
-1291
-1262
-1228
-1154
-955
-941
-909
-780
-957
-1059
-1222
-1416
-1474
-1425
-1540
-1668
-1725
-1810
-2145
-2408
-2498
-2791
-3006
-3010
-3149
-3311
-3233
-3107
-3027
-3026
-3028
-2753
-2676
-2652
-2469
-2075
-1723
-1529
-1300
-1296
-1126
-967
-766
-500
-409
-223
-19
188
465
450
476
602
727
725
669
934
937
968
1096
1062
1000
990
942
968
1206
1263
1253
1098
1092
1077
1017
957
895
738
380
324
80
-92
-222
-280
-247
-279
-388
-393
-353
-273
-328
-469
-466
-514
-574
-652
-798
-921
-1017
-1130
-1247
-1378
-1468
-1631
-1826
-1918
-2053
-2225
-2250
-2362
-2570
-2517
-2531
-2485
-2280
-2221
-2090
-1894
-1623
-1302
-995
-959
-880
-693
-631
-630
-636
-724
-648
-653
-477
-332
-352
-358
-546
-669
-872
-814
-700
-640
-417
-185
28
154
194
382
466
747
1008
1017
1183
1433
1576
1680
1735
1786
1804
1764
1954
2335
2658
2957
3064
3036
2975
3076
3068
2923
2906
2910
2974
2912
2811
2928
2902
3079
3091
3223
3427
3295
3275
3242
3385
3487
3377
3157
3062
3112
3076
2908
2747
2618
2572
2592
2352
2068
1730
1467
1313
1199
1057
868
689
483
328
107
-33
-77
-147
-21
18
-54
-159
-159
-166
-101
15
89
208
51
-115
-224
-440
-597
-642
-703
-842
-866
-718
-674
-753
-741
-765
-720
-689
-561
-469
-432
-361
-144
-69
-216
-235
-229
-136
-126
123
220
175
137
156
381
407
447
578
710
866
951
1147
1340
1575
1701
1617
1453
1438
1539
1565
1778
1925
2047
2120
2044
2072
2016
1718
1617
1604
1546
1530
1416
1377
1289
1068
947
938
800
801
796
670
533
321
337
181
67
110
275
160
-134
-344
-611
-720
-840
-766
-871
-1056
-1223
-1398
-1596
-1694
-1770
-1931
-2181
-2447
-2744
-3024
-3248
-3208
-3371
-3602
-3782
-3808
-3791
-3945
-3791
-3803
-3724
-3825
-3645
-3571
-3564
-3488
-3432
-3268
-3125
-2902
-2806
-2723
-2865
-3075
-3190
-3294
-3438
-3437
-3478
-3527
-3380
-3328
-3368
-3223
-3032
-2963
-2934
-2788
-2635
-2376
-2242
-2208
-1942
-1894
-1707
-1585
-1413
-1339
-1175
-939
-826
-742
-560
-356
-353
-312
-237
-7
41
160
190
94
-34
-83
12
103
34
-93
-59
30
51
141
112
-34
25
129
271
258
233
101
90
28
-70
-27
-27
-85
-234
-297
-239
-237
-367
-499
-385
-372
-364
-248
-353
-532
-665
-722
-788
-918
-825
-775
-862
-752
-768
-869
-1030
-764
-548
-466
-472
-560
-623
-680
-731
-844
-799
-846
-644
-342
-258
-161
-130
-125
-50
59
400
280
335
427
388
520
566
547
600
614
560
603
501
417
300
322
404
461
571
618
692
699
760
973
1223
1452
1534
1857
2206
2485
2794
2969
3170
3397
3571
3653
3764
3831
4053
4115
4099
4225
4069
4102
4212
4238
4247
4133
4030
3884
3897
3892
3870
3888
3853
3817
3763
3717
3633
3445
3430
3463
3497
3413
3427
3500
3397
3284
3232
3192
3154
2942
2803
2663
2707
2794
2626
2442
2276
2015
1707
1608
1580
1655
1695
1708
1620
1354
1068
931
794
705
473
320
234
40
19
-72
-97
130
172
159
-100
-337
-631
-801
-943
-999
-1093
-1067
-1046
-1134
-1333
-1606
-1657
-1716
-1728
-1660
-1552
-1394
-1398
-1531
-1618
-1452
-1352
-1585
-1599
-1779
-1987
-2022
-1878
-1731
-1643
-1546
-1481
-1541
-1465
-1327
-1309
-1283
-1310
-1309
-1227
-1141
-1023
-873
-840
-670
-632
-630
-610
-411
-150
54
160
139
173
124
-114
-385
-588
-765
-844
-864
-797
-1008
-1137
-1198
-1280
-985
-813
-888
-919
-1091
-1256
-1268
-1154
-1027
-1180
-1340
-1443
-1592
-1584
-1669
-1628
-1630
-1577
-1506
-1515
-1584
-1731
-1940
-2065
-1925
-1807
-1883
-1859
-1856
-1799
-1811
-1828
-1854
-1803
-1853
-1940
-1844
-1813
-1675
-1716
-1689
-1836
-1933
-2008
-2070
-2398
-2479
-2470
-2486
-2585
-2764
-2834
-2981
-3038
-3021
-3006
-3165
-3125
-3109
-3225
-3247
-3330
-3276
-3135
-3100
-3101
-2997
-2955
-2855
-2741
-2808
-2754
-2599
-2500
-2377
-2254
-2074
-1994
-1912
-1847
-1716
-1821
-1864
-1978
-1982
-1828
-1986
-1889
-1905
-1843
-1697
-1527
-1411
-1204
-1134
-957
-566
-350
-94
-5
-63
-61
-3
18
90
259
664
755
788
818
882
870
922
1027
1055
1196
1162
1106
1082
1203
1303
1371
1392
1363
1197
1177
1295
1512
1637
1714
1960
2169
2119
2089
1980
2116
2263
2354
2228
2033
2104
2209
2182
2114
1991
1794
1699
1567
1602
1583
1553
1589
1458
1329
1330
1373
1458
1462
1416
1227
1066
1083
917
716
672
568
462
255
166
115
96
66
88
188
222
180
366
467
522
672
721
931
1000
1195
1349
1518
1697
1855
1913
2051
2109
2295
2444
2542
2595
2542
2541
2526
2692
2554
2516
2583
2669
2875
2922
3066
3112
3100
3084
3126
3278
3360
3366
3307
3498
3630
3795
3984
3966
3916
3723
3664
3857
3876
3908
3909
3837
3700
3675
3527
3417
3495
3377
3268
3159
3079
3013
2962
2906
2707
2550
2408
2271
2338
2230
2200
2201
2028
1996
1828
1831
1917
1686
1484
1278
1148
1240
1149
1002
800
496
229
18
-92
-274
-460
-629
-748
-825
-1001
-1057
-1225
-1472
-1630
-1883
-1943
-1962
-2035
-2010
-2145
-2343
-2562
-2733
-2802
-2857
-2738
-2656
-2597
-2701
-2824
-2819
-2955
-2709
-2543
-2453
-2391
-2445
-2458
-2455
-2457
-2432
-2280
-2205
-2122
-2004
-1988
-2086
-1983
-1975
-2034
-2004
-2035
-2096
-2226
-2156
-2173
-2240
-2138
-2151
-2198
-2231
-2031
-1909
-1839
-1708
-1522
-1496
-1457
-1417
-1368
-1272
-1224
-1267
-1298
-1216
-1266
-1184
-1145
-1200
-1116
-1143
-1142
-1330
-1302
-1286
-1385
-1540
-1812
-2008
-2079
-2091
-2276
-2188
-2230
-2364
-2420
-2338
-2445
-2416
-2495
-2491
-2400
-2437
-2447
-2569
-2417
-2337
-2224
-2377
-2474
-2451
-2395
-2385
-2659
-2863
-3084
-3109
-3049
-3054
-3010
-3021
-3075
-3119
-3210
-3194
-3094
-3210
-3171
-3022
-2989
-3033
-2951
-2800
-2684
-2607
-2563
-2458
-2342
-2286
-2250
-2022
-1951
-1942
-1882
-1832
-1606
-1463
-1382
-1356
-1173
-904
-630
-373
-373
-451
-426
-211
35
62
329
380
493
675
684
851
897
1005
1055
990
1156
1228
1291
1296
1261
1268
1396
1653
1748
1756
1816
1832
1806
1890
2069
2195
2361
2478
2544
2493
2483
2462
2435
2504
2567
2796
2944
2975
2823
2706
2663
2472
2458
2478
2454
2339
2351
2313
2284
2291
2277
2296
2074
2070
2096
2191
2149
2041
2034
1955
1996
1875
1808
1497
1363
1295
1285
1436
1502
1486
1519
1491
1313
1267
1238
1263
1278
1208
1219
1121
1211
1269
1278
1344
1338
1351
1487
1579
1596
1862
2030
2147
2190
2193
2299
2320
2274
2339
2324
2341
2370
2341
2344
2325
2428
2486
2478
2587
2694
2835
2689
2641
2895
3127
2995
2899
3114
3113
3206
3249
3377
3264
3281
3282
3194
3206
3060
3015
2930
2800
2684
2629
2602
2488
2317
2354
2126
1988
1895
1760
1602
1514
1459
1466
1481
1395
1371
1223
1358
1387
1287
1450
1499
1243
1203
1313
1280
1145
1073
1093
946
812
706
631
432
56
-92
-65
-122
-265
-190
-459
-683
-698
-735
-771
-855
-878
-1210
-1381
-1413
-1387
-1443
-1504
-1680
-1783
-1677
-1692
-1661
-1804
-1962
-2156
-2236
-2416
-2284
-2178
-2281
-2422
-2612
-2664
-2677
-2731
-2662
-2710
-2721
-2799
-2880
-2761
-2786
-2882
-2929
-3004
-3092
-3096
-3221
-3228
-3365
-3368
-3337
-3261
-3202
-3414
-3491
-3642
-3733
-3740
-3639
-3570
-3520
-3535
-3633
-3664
-3545
-3385
-3412
-3270
-3260
-3202
-3148
-3009
-2951
-3106
-3184
-3279
-3317
-3383
-3231
-3163
-3099
-3182
-3206
-3130
-3127
-3046
-2873
-2807
-2857
-2798
-2762
-2588
-2615
-2527
-2366
-2164
-2015
-2036
-1912
-1889
-1675
-1544
-1541
-1531
-1524
-1489
-1391
-1256
-1169
-1258
-1299
-1342
-1437
-1610
-1224
-951
-875
-807
-874
-871
-1048
-1072
-1174
-1169
-995
-924
-842
-819
-828
-612
-544
-484
-498
-494
-477
-432
-373
-312
-341
-258
-238
-372
-368
-377
-437
-453
-382
-309
-164
-93
-147
-152
27
112
212
149
119
270
225
204
427
472
540
598
466
447
406
376
436
363
321
305
469
619
765
805
792
766
935
1007
943
836
775
988
1149
1355
1407
1322
1234
1273
1322
1467
1615
1693
1661
1833
1922
2105
2275
2176
2165
2139
2316
2467
2591
2638
2609
2526
2569
2585
2727
2917
3091
3215
3318
3400
3365
3434
3478
3397
3386
3504
3489
3504
3414
3391
3337
3252
3307
3442
3364
3402
3201
3088
3171
3040
3164
3152
3151
2957
2764
2619
2753
2855
2900
2963
2905
2860
2745
2595
2449
2482
2303
2284
2356
2334
2112
1925
1921
1721
1643
1628
1592
1578
1630
1610
1494
1433
1313
1213
1115
1170
1257
1191
1181
1198
1142
1119
845
730
722
659
614
653
558
608
452
444
476
458
353
56
32
29
68
44
199
298
381
428
520
408
410
405
306
320
433
510
496
617
592
649
600
622
706
740
714
722
785
674
687
822
914
1035
1046
1001
1006
984
988
954
950
976
1028
1074
944
859
835
816
762
834
556
344
211
101
-56
-327
-253
-513
-697
-870
-976
-1172
-1368
-1446
-1739
-1804
-1751
-1800
-2023
-2152
-2146
-2289
-2384
-2581
-2714
-2781
-2910
-2955
-3003
-3053
-3242
-3276
-3264
-3273
-3317
-3470
-3617
-3683
-3767
-3844
-4033
-3959
-3941
-3974
-4087
-4178
-4082
-4077
-3988
-4194
-3989
-4018
-3980
-3825
-3886
-3928
-4033
-4111
-4112
-3878
-3685
-3412
-3326
-3395
-3458
-3571
-3263
-3078
-3065
-3050
-3168
-3049
-2703
-2698
-2577
-2511
-2555
-2429
-2276
-1945
-1731
-1583
-1740
-1790
-1855
-1813
-1738
-1637
-1372
-1183
-1160
-1102
-1058
-1053
-1109
-1033
-1057
-968
-807
-842
-818
-721
-676
-530
-374
-496
-420
-410
-395
-318
-214
-35
105
60
134
-74
-66
-24
60
117
-12
116
-5
-45
-150
-390
-416
-639
-783
-798
-760
-639
-735
-648
-719
-764
-814
-961
-970
-885
-906
-806
-572
-469
-431
-487
-587
-585
-521
-342
-298
-319
-193
-54
-76
-161
-74
-148
141
344
237
330
289
469
643
725
847
897
979
983
1080
1069
1062
1007
1108
1364
1408
1504
1539
1399
1311
1398
1505
1594
1741
1984
2013
1928
1824
1762
1852
2011
2068
2236
2280
2251
2242
2278
2393
2236
2261
2284
2333
2501
2396
2377
2325
2368
2480
2394
2374
2323
2207
2236
2257
2302
2340
2175
2181
1992
2093
2346
2221
2144
2123
2219
2294
2204
2221
2246
2251
2240
2305
2188
2123
2085
1983
1916
1893
2054
1989
1839
1753
1789
1636
1606
1638
1633
1546
1538
1686
1445
1315
1152
1146
1055
969
1028
1063
917
885
907
889
1055
1085
1197
1056
1023
1016
1031
1127
1062
1025
975
949
924
952
772
739
762
807
850
810
894
780
775
781
587
610
610
568
474
387
368
249
91
-105
-213
-262
-133
-138
-4
-15
-227
-169
-83
-108
113
274
187
257
325
351
501
500
494
502
463
387
290
325
88
154
17
-38
17
-19
-62
-298
-244
-139
-74
-29
-26
-57
-39
-207
-206
-130
-252
-287
-279
-426
-531
-777
-812
-786
-862
-797
-896
-934
-934
-1016
-1072
-1270
-1338
-1504
-1518
-1553
-1814
-1892
-1906
-1839
-1851
-1990
-2075
-2246
-2402
-2227
-2225
-2087
-2058
-2040
-2044
-2111
-2305
-2341
-2319
-2544
-2456
-2351
-2133
-2246
-2205
-2167
-2271
-2296
-2403
-2378
-2334
-2268
-2063
-1916
-2002
-2034
-1946
-1994
-1903
-1894
-1953
-1852
-1894
-1941
-1875
-1802
-1809
-1826
-1916
-1944
-1964
-1866
-1670
-1703
-1573
-1556
-1617
-1587
-1755
-1781
-1711
-1447
-1264
-1173
-1095
-1008
-1017
-1195
-1101
-1012
-976
-703
-580
-419
-471
-497
-467
-539
-453
-525
-458
-309
-248
-16
-16
-192
-299
-334
-374
-282
-210
-89
-132
20
13
31
43
40
96
12
208
270
325
299
263
219
214
158
-85
8
83
82
161
219
276
266
199
190
100
103
150
250
414
364
397
473
617
639
640
698
690
716
805
851
962
936
945
858
708
761
861
786
626
828
968
934
832
847
852
673
725
763
843
855
830
688
646
568
527
502
481
492
390
386
242
240
188
296
113
145
192
89
239
285
259
262
451
623
746
699
776
852
823
863
994
1078
1262
1416
1442
1538
1555
1648
1743
1616
1645
1860
1911
2076
1913
1687
1485
1302
1214
1165
1118
1126
1186
1251
1220
1229
1182
1044
1076
1032
1073
996
1078
1030
1056
1018
856
747
537
367
296
226
373
558
557
578
570
524
605
400
338
321
315
313
195
202
104
-10
-193
-204
-350
-502
-239
-113
-99
-59
-310
-465
-752
-894
-822
-694
-499
-438
-402
-380
-454
-533
-670
-680
-672
-594
-564
-500
-346
-414
-478
-573
-711
-813
-903
-746
-789
-790
-538
-517
-302
-290
-483
-594
-794
-702
-587
-479
-434
-312
-308
-320
-358
-382
-317
-219
-90
-6
157
222
173
245
403
511
456
526
768
766
728
578
686
629
490
743
959
925
904
842
784
570
547
670
540
510
333
353
174
233
198
100
92
182
238
266
333
205
227
90
152
84
100
57
75
171
66
154
392
424
402
296
93
-62
-274
-279
-310
-247
-152
-134
-189
-227
-383
-476
-525
-439
-355
-242
-301
-386
-405
-513
-444
-525
-568
-485
-509
-479
-340
-423
-597
-605
-553
-580
-547
-568
-553
-527
-783
-670
-582
-645
-427
-526
-492
-588
-511
-454
-332
-72
-182
-262
-442
-458
-447
-303
-203
-34
81
152
123
60
155
150
341
310
403
643
613
524
466
380
302
371
575
884
953
1036
1107
1138
1137
996
999
917
784
822
781
827
695
748
695
622
579
550
623
540
703
773
706
642
609
440
433
434
396
328
387
481
648
756
882
1028
862
778
640
525
647
749
711
577
537
469
376
469
380
358
308
182
57
40
95
171
13
-2
-80
-214
-64
-158
-106
-136
-324
-408
-362
-388
-385
-550
-433
-312
-179
-116
-140
-155
-127
-129
-72
-39
77
190
155
202
89
78
45
-13
-92
44
13
58
-22
-120
23
3
-174
-276
-258
-275
-266
-241
-228
-248
-298
-199
-292
-409
-466
-450
-464
-439
-256
-273
-319
-342
-512
-796
-912
-867
-780
-776
-585
-527
-538
-700
-802
-880
-1053
-885
-870
-792
-680
-628
-773
-907
-975
-950
-802
-744
-651
-605
-640
-561
-687
-794
-812
-824
-830
-734
-733
-693
-754
-875
-791
-802
-725
-699
-768
-708
-583
-568
-445
-501
-561
-434
-400
-472
-304
-274
-218
-206
-114
-128
-272
-329
-407
-363
-366
-327
-326
-232
-178
-279
-267
-386
-357
-293
-368
-390
-243
-241
-206
-263
-472
-581
-644
-660
-611
-639
-533
-295
-111
-86
-186
-236
-361
-366
-284
-202
-274
-222
-159
-199
-209
-128
-234
-120
98
59
153
214
47
5
-77
-263
-282
-333
-132
-134
-159
-52
-52
-122
-157
31
162
262
378
382
433
465
388
278
100
85
208
190
185
283
237
115
130
227
399
512
536
463
438
460
528
514
510
582
589
643
527
525
467
412
398
381
410
506
408
419
527
614
710
810
844
772
771
780
693
625
736
701
693
469
433
488
506
662
776
950
899
852
815
713
726
676
807
992
1117
1190
1112
834
839
794
925
1081
1082
1208
1393
1516
1482
1424
1373
1376
1299
1349
1231
1281
1264
1194
1225
1253
1129
935
880
877
844
831
810
853
940
810
765
616
500
392
273
351
395
404
461
373
199
212
167
130
93
192
316
288
18
-138
-197
-294
-137
-118
-79
-21
114
37
-97
-154
-214
-338
-404
-270
-153
-101
-305
-294
-467
-571
-442
-482
-431
-517
-409
-445
-422
-275
-235
-121
-28
28
-33
-36
19
-38
-86
-257
-244
-330
-200
-253
-297
-103
20
124
80
66
-29
-30
3
131
356
470
516
499
404
277
294
298
273
335
437
376
337
284
138
137
73
-54
-166
-10
92
105
91
182
120
81
212
58
69
116
163
205
16
-51
-185
-398
-362
-330
-461
-614
-547
-638
-786
-831
-819
-969
-1132
-1192
-1318
-1277
-1306
-1348
-1429
-1496
-1392
-1441
-1507
-1581
-1469
-1611
-1594
-1461
-1338
-1279
-1379
-1295
-1327
-1327
-1244
-1348
-1467
-1475
-1521
-1591
-1837
-1938
-1930
-1769
-1855
-1847
-1715
-1604
-1611
-1659
-1716
-1735
-1664
-1668
-1608
-1668
-1541
-1475
-1660
-1728
-1788
-1755
-1923
-2040
-2050
-1996
-2112
-2100
-2052
-1953
-2025
-2041
-2021
-2070
-1940
-1904
-1687
-1759
-1631
-1545
-1591
-1491
-1448
-1311
-1270
-1152
-1180
-1159
-1150
-1023
-1016
-1073
-847
-782
-735
-587
-620
-706
-754
-697
-653
-471
-232
-70
60
127
164
114
-11
-226
-166
36
116
364
473
0
0
0
0
0
0
0
0
0
0
0
0
0
0
0
0
0
0
0
0
0
0
0
0
0
0
0
0
0
0
0
0
0
0
0
0
1
0
0
0
0
-1
0
0
0
0
0
0
0
0
0
0
0
0
0
0
0
0
0
0
0
0
0
0
0
0
0
0
0
0
1
0
0
0
0
0
0
0
0
0
0
0
0
0
0
0
0
0
0
0
0
0
0
0
0
0
1
1
0
0
0
-1
1
1
0
0
0
0
0
0
0
0
0
0
0
1
0
0
0
0
0
0
0
0
0
0
0
0
0
0
0
0
0
0
0
0
0
0
0
0
0
0
0
0
0
0
0
1
0
1
0
0
0
0
0
0
1
0
0
1
-1
0
0
0
0
0
0
0
0
0
0
0
-1
0
-1
0
0
0
0
0
-1
0
0
0
0
0
0
0
0
0
0
0
0
0
0
0
-1
0
0
0
0
0
0
1
0
0
0
0
0
0
0
0
0
0
0
0
0
0
0
1
0
1
0
0
0
0
1
0
0
0
-1
0
0
0
0
0
0
0
0
0
0
0
0
0
0
0
0
0
0
0
0
0
0
0
0
0
0
0
0
0
0
0
0
0
0
0
0
0
0
0
0
0
0