0
0
0
0
0
0
0
0
0
0
0
0
0
0
0
0
0
0
0
0
0
0
0
0
0
0
0
0
0
0
0
0
0
0
0
0
1
0
0
0
0
-1
0
0
0
0
0
0
0
0
0
0
0
0
0
0
0
0
0
0
0
0
0
0
0
0
0
0
0
0
1
0
0
0
0
0
0
0
0
0
0
0
0
0
0
0
0
0
0
0
0
0
0
0
0
0
1
1
0
0
0
-1
1
1
0
0
0
0
0
0
0
0
0
0
0
1
0
0
0
0
0
0
0
0
0
0
0
0
0
0
0
0
0
0
0
0
0
0
0
0
0
0
0
0
0
0
0
1
0
1
0
0
0
0
0
0
1
0
0
1
-1
0
0
0
0
0
0
0
0
0
0
0
-1
0
-1
0
0
0
0
0
-1
0
0
0
0
0
0
0
0
0
0
0
0
0
0
0
-1
0
0
0
0
0
0
1
0
0
0
0
0
0
0
0
0
0
0
0
0
0
0
1
0
1
0
0
0
0
1
0
0
0
-1
0
0
0
0
0
0
0
0
0
0
0
0
0
0
0
0
0
0
0
0
0
0
0
0
0
0
0
0
0
0
0
0
0
0
0
0
0
0
0
0
0
0
68
-54
103
51
20
21
-35
55
41
268
260
360
465
534
590
506
648
776
864
819
799
867
750
807
832
939
858
851
675
587
668
652
731
585
687
599
525
443
222
229
225
177
103
88
91
-47
59
160
207
293
253
39
-99
-94
-69
6
74
59
-17
-86
-2
121
111
-2
-92
-139
-149
-90
-97
-173
-219
-229
-217
-203
-286
-108
-172
-208
-57
-69
-16
-91
-41
-123
-191
-91
-72
-244
-262
-329
-158
-120
-126
-101
-128
-94
-114
-160
-121
-96
-251
-210
-250
-280
-368
-396
-494
-658
-612
-677
-814
-842
-783
-667
-546
-506
-438
-484
-618
-705
-663
-676
-651
-640
-587
-477
-557
-644
-786
-700
-593
-608
-552
-507
-486
-605
-601
-563
-549
-389
-313
-327
-277
-366
-243
-478
-584
-474
-527
-487
-410
-417
-410
-506
-486
-509
-477
-429
-484
-527
-600
-541
-666
-606
-611
-535
-750
-668
-526
-520
-510
-526
-491
-668
-664
-597
-488
-514
-586
-457
-468
-484
-532
-525
-439
-528
-410
-429
-502
-431
-568
-621
-596
-619
-671
-881
-874
-873
-975
-948
-887
-943
-980
-974
-898
-818
-767
-716
-861
-808
-795
-756
-753
-645
-540
-653
-685
-502
-464
-494
-351
-284
-290
-213
-185
-124
-156
-101
-145
12
194
181
191
297
280
192
390
510
515
564
561
352
375
239
265
315
212
369
364
488
576
544
541
458
307
293
206
264
293
312
429
443
465
419
345
296
302
329
264
266
328
351
378
553
494
545
713
782
797
817
861
697
686
678
756
649
664
700
738
651
636
607
615
678
503
445
449
553
530
560
476
435
453
437
541
615
594
644
642
726
697
584
630
649
630
572
634
507
493
368
405
482
397
379
393
294
380
254
62
24
-5
2
-79
-66
-160
-114
-71
-47
-18
51
51
28
44
29
-3
-53
-99
-53
-16
51
234
266
399
383
442
567
536
490
517
565
493
574
605
634
635
498
527
568
545
505
627
588
768
711
696
604
682
559
614
496
527
578
525
557
498
536
429
361
329
243
178
117
-51
-30
-77
-245
-198
-261
-87
-281
-333
-306
-282
-366
-235
-164
-218
-130
-211
-136
-180
-72
-125
-62
-117
20
-47
41
131
110
95
60
99
137
105
297
264
372
425
582
533
471
604
614
552
608
620
646
579
622
614
507
675
487
392
378
304
249
219
346
224
221
112
111
85
72
29
-119
-54
-182
-284
-156
-272
-254
-404
-489
-469
-493
-416
-465
-351
-280
-190
-44
-75
-133
-2
6
-174
-210
-207
-203
-299
-230
-319
-283
-338
-440
-339
-326
-262
-306
-404
-443
-442
-355
-479
-601
-709
-636
-776
-957
-944
-930
-799
-780
-853
-746
-842
-760
-922
-923
-834
-797
-801
-852
-591
-716
-580
-476
-515
-643
-553
-549
-564
-375
-527
-501
-515
-510
-466
-361
-269
-363
-64
-168
-33
-201
-174
63
-230
-97
-8
-52
-143
-251
-143
-192
-92
-317
-385
-200
-223
-350
-605
-290
-191
-260
-449
-495
-343
-575
-529
-726
-675
-327
-249
-523
-372
-107
-223
-489
-423
-4
-244
-248
-131
-65
-304
-195
-101
-273
-129
57
282
14
285
536
206
142
239
568
326
413
330
330
308
402
276
343
418
458
456
304
722
511
270
318
582
548
391
653
644
673
668
649
543
604
594
392
455
255
386
367
152
309
263
575
273
341
174
542
496
372
525
228
278
-6
250
155
300
306
271
252
313
436
333
95
30
250
98
66
64
93
-38
96
-21
54
124
-7
229
-40
63
-183
-179
-238
-231
-316
-184
-250
-284
-279
-292
-152
-339
-380
-396
-169
-85
-259
-185
-305
-83
-38
-149
37
-10
99
94
-95
66
-8
198
27
164
18
72
59
-109
67
23
189
112
-1
297
-125
65
100
-50
58
-423
24
-117
-242
-329
-312
-207
-368
-356
-150
-166
-267
-80
-134
-233
-288
-75
198
-185
-110
60
-54
114
12
57
257
223
-33
41
94
298
14
114
91
273
372
75
354
276
-10
115
149
55
266
193
51
7
-130
123
-219
-146
-178
-171
-58
-309
33
22
-44
299
177
-110
348
118
427
534
364
298
222
656
410
346
495
622
728
285
458
628
507
561
406
270
601
426
613
127
261
512
357
446
-66
420
238
324
177
143
376
640
-108
89
-49
245
179
-283
360
119
232
93
-306
373
65
14
-58
-116
125
-7
76
-169
-128
198
-572
-464
30
-71
-273
-577
-210
-61
-153
40
-155
-96
233
-242
-63
27
-55
42
-140
71
-153
-31
-44
-291
68
72
31
-647
-9
308
-294
-539
-552
118
-805
-600
-198
-887
-419
-833
-433
-732
-945
27
-1000
-687
-608
-256
-193
-1039
-51
-617
-803
-379
-322
-408
-737
-230
-435
-679
-755
-427
-524
-314
-470
-281
-234
-4
-123
-253
-43
-302
386
-99
141
-42
86
409
-315
140
124
421
-66
316
316
-361
174
241
545
-312
378
396
-308
433
78
445
143
-263
574
-171
120
180
-60
527
-251
130
400
-267
457
-305
459
254
257
170
98
667
-233
383
356
179
-108
217
406
69
-63
53
-45
464
5
82
154
99
500
-571
-45
43
-82
282
-535
301
515
-428
453
4
314
7
-414
362
-429
-78
-316
-86
13
-335
231
239
-219
-49
-358
290
-68
-491
-87
-231
-189
-393
-691
-67
-222
66
-365
-621
-192
-237
-90
-371
-420
404
-293
-270
-185
7
3
-595
-242
-548
-523
40
-977
-465
-739
-157
-272
-461
-392
-534
-61
-473
-834
-192
-432
-652
-549
-662
-369
-1188
-662
-1027
-391
-1031
-942
-611
-428
-389
-644
-611
-68
-366
17
-150
-324
28
157
-55
-172
-184
335
191
-45
231
536
143
203
-96
-11
290
-43
213
-15
-32
735
-128
484
89
480
645
230
775
595
711
843
826
1010
601
918
1289
663
613
742
680
1018
627
759
1145
949
1197
908
879
1548
983
1224
1224
907
1297
1299
1332
1274
815
1760
1374
879
1305
1002
2157
988
1191
1511
971
1551
626
1131
1210
999
1556
650
1290
1369
896
1186
1012
848
1346
767
1243
673
520
794
396
528
411
234
698
521
28
298
668
341
27
304
495
344
-80
219
562
-384
505
90
279
278
220
828
-62
75
480
744
149
-3
257
479
-12
232
249
103
278
-141
38
-452
-15
101
-435
-492
-162
194
-790
-368
-335
24
-898
-258
-162
-699
-145
-842
-294
-473
-749
-601
-332
-369
-951
-302
-711
138
-1283
-911
399
-970
-400
-837
-161
-635
-806
-206
-1112
-382
-303
-507
-662
-509
-237
-781
-731
-790
-735
-748
-1086
-903
-618
-845
-1126
-890
-372
-993
-1032
-792
-497
-478
-872
-511
5
9
-186
-329
-233
-275
-206
-80
-94
-165
401
122
71
149
395
489
-370
653
132
114
41
-127
172
-132
21
-204
-461
-628
349
-508
-717
-349
24
265
-1363
194
83
-85
-564
-523
-170
285
-574
-687
-325
94
35
-969
240
-714
351
-667
-600
-743
60
-217
-1384
-160
-211
97
-1539
134
-526
-221
-576
-551
166
-645
-201
-97
-43
-544
544
-239
235
-301
-12
307
-377
-96
97
96
205
-334
-127
498
-625
-258
-162
-90
-509
-436
-278
-978
115
-1519
-1264
482
-1238
-1028
-1188
-744
-328
-1661
-271
-844
-742
79
-1250
-199
-492
-737
-136
-757
-400
-250
-125
-756
-952
-318
-317
-100
-659
-45
7
530
108
-658
11
616
405
-437
505
379
222
-447
108
172
-131
-283
-256
587
-1154
-122
-66
-307
-1074
115
418
-405
-257
-156
-413
-492
-246
-608
-619
-427
207
-478
-886
-822
32
386
-1676
101
559
-718
-400
-602
-181
-596
-280
116
-1016
272
46
-478
-112
-314
681
-33
-212
442
523
314
6
-265
768
549
-666
196
605
-229
312
604
167
211
779
847
-32
841
1615
72
793
450
1146
421
421
634
814
1094
885
810
971
1093
950
1744
352
888
2004
1295
246
980
1795
248
892
831
873
593
1018
1264
-41
428
1552
766
54
742
1099
725
412
296
1052
649
467
1217
405
202
858
930
626
638
121
1636
440
948
241
932
1720
207
240
670
1139
55
996
686
262
499
998
490
-393
679
1278
-161
360
-73
1082
687
-551
118
719
687
-518
-263
95
440
-839
-359
-313
226
-483
-758
751
-758
-459
304
-289
-537
-531
-91
-318
-453
-630
-948
-417
-362
-1254
-565
-810
-1042
-476
-909
-1770
-541
-427
-1699
-1263
-106
-917
-1717
-594
-1055
-1110
-1119
-651
-1149
-1169
-1027
-315
-867
-1213
-235
-116
-743
-841
-67
-249
-847
-301
-177
-329
-346
-164
67
-672
-25
38
-486
-55
310
263
-542
202
792
-159
-814
857
17
-605
-126
61
-5
-177
8
-1054
284
179
-682
-796
526
292
-779
896
-202
-344
885
535
-361
-294
1864
735
-1132
307
1501
229
-842
62
779
872
-322
-187
4
818
751
-183
-497
1466
1272
-1017
-224
348
528
-299
-560
333
613
-142
-897
-392
-288
184
5
-996
18
696
-504
-983
-827
442
431
-1429
-256
-21
-37
-279
-1349
-912
390
434
-1112
-1977
308
675
-1505
-1347
-675
974
-558
-1802
-818
127
-507
-652
-694
-863
801
-441
-1795
-1627
770
-422
-1876
-495
-671
-287
-137
-1149
-1795
492
851
-1148
-1421
986
865
-415
-576
-1155
1019
941
260
-172
-168
1319
273
-1834
-568
830
691
222
-1181
805
471
-1361
-151
68
919
313
162
-192
-1377
-95
197
-243
-16
193
230
-1078
-1153
-336
-446
425
186
-53
-24
-342
-243
-719
-186
1137
173
-679
665
593
-62
52
82
167
798
1172
-68
-286
1021
307
171
432
655
-523
841
1077
149
-101
-15
1027
136
-528
497
710
573
1107
-455
-98
415
975
-54
402
1586
573
320
116
-476
53
828
763
1106
955
409
-292
709
-115
-368
772
948
1142
532
263
-414
-798
321
751
985
565
712
855
-304
-894
-518
838
503
708
1449
539
-215
74
461
634
233
1368
1500
675
-70
-81
873
1559
716
530
1870
1639
1601
33
231
767
1271
1837
839
1282
899
722
453
-753
501
677
880
1824
894
497
-305
676
390
-595
819
2172
1548
-337
41
227
-731
-442
575
564
743
804
582
168
-685
-705
236
1521
794
135
354
402
-871
-1267
334
811
-130
-76
776
-521
-849
-870
-702
-24
799
-55
-809
89
-447
-1260
-1152
85
-634
-488
520
229
-1426
-974
-420
-929
-646
-1065
400
740
-775
-1195
373
-174
-1809
-520
576
200
-692
0
-8
-680
-1182
-654
46
-60
-590
-790
203
-40
-1182
-1264
-103
-255
-848
-1069
-347
1035
-662
-1294
208
-233
-692
-686
134
101
-138
-632
-347
175
-287
-641
-120
938
-20
-265
-98
634
-71
-889
-678
116
1026
-352
-345
394
342
-1152
-658
327
669
110
-45
335
384
-526
-1465
-151
775
-73
206
669
-443
-478
-392
-1025
-1230
-178
1160
894
273
-170
-361
-488
-816
-624
-324
335
1282
1070
256
-1059
-1482
-1462
-618
547
633
456
611
574
-758
-2458
-1768
294
666
660
568
758
343
-1507
-2084
-1151
85
816
451
536
381
-133
-1031
-1554
-1197
-303
916
641
44
-256
-764
-990
-1758
-1477
-40
633
575
-187
-275
-638
-1656
-1305
-670
256
222
661
619
-482
-1188
-1606
-536
478
-255
19
1047
772
-893
-1694
-515
45
-289
-148
344
1045
304
-908
-1071
-678
-702
-914
-50
575
222
-219
-1050
-1213
-1540
-1119
-444
-164
-24
-245
-37
-1154
-2131
-980
655
-99
-764
222
411
-171
-956
-534
566
325
-71
503
962
187
-134
177
750
476
663
1126
1099
445
173
220
284
511
979
1527
1064
1214
817
173
403
671
472
1353
2068
1933
1405
808
912
402
186
312
808
1205
1444
1269
781
529
-168
-492
163
158
731
1286
953
534
205
-258
-842
-793
-605
148
933
1061
-229
-822
-887
-1289
-1676
-1740
-704
-209
-756
-2129
-2526
-2281
-2944
-3415
-2588
-2231
-3079
-3893
-4914
-5201
-5150
-4890
-5145
-4734
-5392
-6523
-7333
-7867
-8185
-7469
-5337
-3516
-3118
-3128
-2853
-2535
-2592
-1691
1002
3332
4655
5931
7470
7391
7134
8497
9312
10727
12559
13894
13876
13525
12721
11373
10186
8962
7810
6955
6439
5464
3648
2216
1147
-290
-1003
-1450
-1818
-1419
-1556
-1736
-1737
-1497
-815
221
1166
2075
3281
5040
6079
6218
6930
7826
8439
8980
8424
8521
8876
7835
6466
5205
4873
3706
1880
595
140
-1332
-3196
-4558
-6217
-7658
-8608
-9777
-10096
-10050
-11000
-11444
-12100
-13097
-13185
-12602
-12947
-14047
-14268
-14231
-15091
-16321
-16930
-17007
-17741
-19185
-20536
-19039
-12858
-7033
-5811
-9474
-10766
-9905
-8839
-5922
-352
5539
7445
7875
7831
9132
10681
13392
16158
18440
23079
26406
24473
19904
18309
18135
16459
12766
9681
7510
5588
3006
-767
-5470
-8988
-10309
-10738
-11183
-11517
-12672
-14501
-14079
-11319
-8377
-6358
-4631
-2418
1008
4863
7835
8897
10151
13607
17470
20239
20617
19771
19570
20324
20694
20190
19303
17495
15480
13325
11495
8377
4180
475
-1311
-1916
-3071
-4730
-6627
-8589
-10196
-10150
-9204
-7556
-6813
-5809
-3875
-1806
-461
-885
-505
779
2458
4106
5205
4774
2954
1207
-271
-1070
-2217
-4133
-6053
-8900
-11758
-14915
-18535
-22456
-25153
-26589
-28172
-30068
-31895
-32252
-29666
-24145
-18814
-17340
-18751
-18202
-14529
-9337
-2832
4429
10124
13119
15828
18158
20350
22104
24755
27088
29483
31957
31977
27823
23025
20701
17994
13568
8020
2800
-1790
-5811
-9863
-14802
-19607
-22240
-22556
-22514
-22579
-22648
-22040
-20089
-16712
-11520
-6135
-1508
1919
5722
10729
15954
19555
21371
23858
27337
30341
30497
28640
25985
23038
20878
19074
16691
13403
9978
5889
2318
-1084
-4637
-8873
-12175
-12735
-12021
-11328
-11380
-12954
-14470
-13295
-11369
-9086
-5993
-1904
1835
3385
4698
6282
6998
6514
7066
8711
9966
9545
7274
3818
180
-2670
-4779
-6803
-7990
-9424
-11984
-14753
-17377
-20479
-24345
-26716
-26857
-26544
-27209
-29058
-31812
-32306
-30392
-26147
-19224
-12405
-9547
-9970
-9103
-5839
-1788
2890
9521
15492
19036
20197
19391
18649
19471
22998
24947
25737
27013
27342
23914
18489
14994
11641
7638
2956
-1565
-5652
-8044
-9936
-13272
-16913
-18341
-17099
-14876
-13291
-11575
-9491
-6672
-2534
1772
5874
9422
12820
16085
19879
22527
23131
23554
25017
25919
25947
24514
21534
17824
14331
11397
7854
4452
1301
-1336
-4063
-6075
-7750
-10415
-12034
-11682
-11010
-10381
-9048
-7852
-7241
-6072
-3468
-735
1698
3907
5619
6788
8277
9822
10341
10144
9523
8353
7292
5970
4019
1439
-1604
-3969
-5502
-6997
-8232
-9388
-11147
-12452
-13682
-14275
-14633
-14524
-14277
-14569
-15732
-16417
-18112
-20731
-22777
-24296
-24770
-22751
-19893
-18750
-14883
-9580
-9335
-12532
-11688
-7713
-4224
595
7406
11866
12804
13129
12929
14034
18085
23734
26742
27393
28460
28307
24567
19487
16040
13584
10453
6165
913
-4898
-9494
-12814
-16126
-18231
-18449
-17136
-15884
-15023
-13753
-12527
-10609
-6976
-1418
4859
9572
12080
14102
16557
18680
19826
20632
21558
22709
23020
21588
18139
12766
7607
4829
2737
-139
-2411
-4321
-6616
-9035
-10874
-12882
-14513
-13886
-12583
-10942
-8051
-5629
-4371
-2750
-702
1153
3446
6727
10370
12831
14730
16098
16046
14998
13842
12384
11078
9830
8981
8143
5564
1953
-1877
-5444
-7335
-8365
-9637
-10878
-12275
-13662
-13839
-14008
-16242
-18482
-19014
-17696
-16611
-16230
-17490
-20275
-23471
-25734
-26100
-24364
-23489
-20676
-11907
-3998
-4361
-7189
-5910
-2870
493
8336
18129
22319
22848
22973
21220
19555
20065
22580
23543
24037
25271
23314
16154
8769
3679
-497
-4873
-8740
-13167
-18340
-21702
-24134
-26283
-26606
-24844
-21696
-17777
-13925
-10675
-7388
-3195
2415
9420
15899
20592
22961
24980
26113
26099
24780
23193
22069
20539
17905
13426
7384
967
-4403
-8358
-10547
-11932
-13282
-14280
-15300
-16438
-17974
-18607
-17452
-13671
-7156
-1277
1456
4543
6533
6720
9653
13892
17637
20162
22219
22564
20433
19012
18368
15921
13091
10493
8261
5836
1951
-1694
-5197
-8855
-12239
-14906
-16095
-16480
-16242
-15710
-15350
-14864
-13688
-12162
-10978
-10677
-10675
-9769
-8872
-8474
-9841
-12825
-15484
-18929
-22653
-23667
-22354
-22473
-19244
-9872
-4656
-7809
-10267
-8128
-6942
-4318
4566
12778
14484
13751
12652
10137
10151
13386
16749
18875
22577
24341
20228
13319
8445
5517
2293
-797
-4366
-9861
-14931
-16971
-18572
-20479
-20486
-17785
-13476
-9462
-5840
-2510
65
3456
8864
14958
19857
21831
21889
21988
21562
19156
15621
14075
13837
12548
10004
6449
1308
-4411
-7668
-8443
-8508
-8156
-6917
-5541
-5220
-5637
-6081
-5555
-3298
447
5214
11339
17061
19148
18017
17764
18241
18475
20232
22909
23491
20700
16978
13202
8174
3841
465
-1410
-1742
-2117
-3193
-5976
-10468
-13552
-13992
-11920
-9324
-8828
-8237
-6666
-5685
-5745
-5881
-5653
-5969
-5230
-3202
-2654
-4931
-9347
-13246
-15653
-18884
-21992
-25387
-30108
-32427
-31992
-32141
-30875
-22817
-14142
-13329
-14943
-12769
-9927
-7494
-577
9877
16952
19477
19442
17916
17876
20452
23296
24509
25119
26795
25498
18903
12150
7614
2614
-3284
-8793
-14191
-18904
-20931
-21766
-22939
-21735
-18686
-15744
-12329
-7567
-2829
753
5158
11030
17159
21541
23074
22102
21401
21437
20458
18950
17318
15562
13628
11568
8428
3412
-1386
-4183
-5040
-4226
-2251
-1710
-2819
-3980
-4678
-4733
-2722
485
3822
8783
13171
15120
16979
17453
15439
13435
12890
13712
13361
12055
10546
7127
2742
-1340
-4436
-5039
-4785
-3682
-2190
-1925
-2676
-4815
-7254
-6963
-4961
-2488
73
1110
-60
-2332
-3285
-3185
-3277
-4487
-5041
-3728
-4046
-8209
-12982
-17793
-23012
-24748
-23850
-24389
-26344
-29099
-31577
-32216
-32218
-29689
-20807
-10179
-6042
-6004
-3644
-953
253
5575
14853
21139
23369
23390
21513
19587
19435
19440
18273
18321
20073
19142
13362
7015
2635
-2428
-8017
-12075
-15487
-18729
-19614
-19019
-19246
-19220
-17222
-13881
-9970
-5175
-23
3715
6451
9773
13855
17255
19070
19702
19736
19410
18154
15751
13304
11665
10113
8328
6381
3765
338
-2846
-3968
-3609
-4064
-4301
-3605
-3158
-3101
-2945
-2209
-780
1645
4809
6891
7482
8249
9338
9530
8651
8208
7583
5983
5035
4316
2753
1699
769
-477
-1104
-1150
-791
-541
81
372
-696
-2014
-2394
-1633
-514
-560
-1916
-3821
-5927
-7250
-6969
-7072
-8282
-9286
-9705
-10675
-12146
-14218
-17358
-20239
-21658
-21158
-22042
-24781
-26812
-28290
-28467
-25752
-22493
-16399
-4833
3895
5169
4951
6976
7781
9129
16202
23255
25339
24979
21888
17374
15765
15579
14845
13758
14456
14912
10539
4509
93
-3920
-8404
-12794
-16009
-18794
-20320
-19313
-17979
-16774
-14747
-11375
-5748
-273
3974
8192
11750
14906
18210
21542
23447
22864
21192
19779
18375
16357
13231
10284
8155
6255
4443
2129
-1019
-4406
-6166
-5952
-5150
-4658
-4733
-4632
-3664
-2590
-1412
774
3590
6539
8470
9247
10034
10793
9998
9021
9156
9193
8160
6776
5514
3218
1008
405
127
40
-774
-1851
-1708
-1283
-2066
-3860
-5010
-4727
-3925
-2514
-1304
-1941
-4243
-6217
-6049
-5023
-4721
-5044
-5744
-6405
-7450
-9738
-12284
-14721
-16779
-17184
-17201
-18458
-21028
-23770
-24980
-25261
-24019
-19868
-17225
-13202
-3001
4957
4776
3378
5444
7244
8412
14221
20211
21079
20066
17256
13736
12482
12348
11378
9666
9652
9942
6465
1088
-3511
-7027
-10399
-14239
-16690
-18491
-19373
-17413
-14871
-12690
-10518
-7209
-2706
1324
5283
9447
12061
14431
17692
21130
23223
22648
20720
19003
17929
16088
12907
10182
8196
6250
4491
2528
-34
-3114
-5276
-5293
-4754
-4802
-3977
-2893
-2580
-1912
-675
1052
2863
4033
4442
5523
7554
8345
7818
8760
9762
8814
8141
7463
5953
4177
2563
2606
3206
2470
236
-2419
-2692
-2136
-3180
-3888
-3165
-2046
-1680
-1716
-1161
-1895
-3661
-4663
-4871
-4895
-5515
-6668
-8012
-9631
-10793
-11424
-12009
-12963
-14502
-14592
-14209
-15262
-15470
-15657
-16482
-17657
-18906
-18492
-17901
-16069
-12766
-7186
912
4899
3586
2691
2478
2120
3323
7366
11776
12857
11868
8945
6310
6069
5090
3748
3543
5430
7050
4978
1534
-434
-2241
-4892
-7572
-9040
-10176
-9998
-7226
-5542
-4884
-3464
-1584
1461
4779
8020
10081
11770
14442
16937
19017
19631
17416
14567
12776
11724
9972
8014
7143
6150
4714
3499
1938
40
-1891
-3529
-3829
-3316
-2919
-2932
-2728
-1810
-836
-207
891
2108
2714
4809
7506
9143
10404
11252
10798
9729
8306
6824
5627
4638
3257
1083
-152
-1368
-3504
-4922
-5238
-6052
-6561
-5648
-4707
-4375
-4234
-5096
-6388
-6697
-6901
-6987
-6727
-7350
-7566
-6150
-5523
-6534
-7363
-7070
-7549
-8542
-8407
-8232
-9425
-11159
-12892
-15474
-18079
-19895
-21785
-22058
-20231
-18637
-14556
-6871
-1581
-1820
-2904
-1966
-973
512
5399
10288
12426
13012
11373
9430
9843
11260
11129
11149
13715
15426
14005
11715
9852
7535
3338
-1011
-3668
-6898
-9769
-10022
-9586
-9296
-8631
-6494
-4258
-2762
1
2709
4305
6597
10655
14711
16405
15794
14598
13474
12941
12462
12002
12485
12485
11706
11053
10027
8186
5368
2750
1579
1210
572
-740
-1716
-2884
-4711
-5699
-5233
-3662
-2346
-1958
-812
890
2525
4587
5391
5286
4715
3641
3601
3595
2762
1681
562
361
404
395
1005
667
501
193
107
324
-1183
-2559
-2621
-2865
-3795
-6165
-8636
-10075
-10889
-9955
-8453
-7218
-6809
-7472
-7135
-7038
-7861
-8629
-9602
-9543
-9727
-11278
-13108
-15873
-19333
-21689
-22830
-22487
-20491
-17443
-11670
-4790
-1488
-2515
-3965
-3247
-2778
-958
4779
9854
12009
12632
12753
13969
15340
15867
15483
15627
18577
20702
19611
16864
13866
10717
5342
-1421
-6890
-11028
-12716
-13550
-13929
-13042
-12679
-11885
-10612
-9253
-6930
-4785
-2042
2199
6804
10449
11728
12252
13702
15720
18302
19926
20921
22025
22166
21901
21089
18792
15626
12879
9993
5957
1950
-1117
-4608
-8245
-11069
-12920
-13400
-13325
-13061
-12002
-10833
-10010
-8042
-4690
-1423
853
2397
3874
5167
6152
6234
5755
6167
7649
9315
10706
10886
9654
6909
4238
2525
1270
351
-693
-2345
-4605
-7650
-10760
-13377
-15352
-15979
-14761
-11690
-8921
-8447
-8414
-7069
-6081
-6013
-5720
-5551
-6104
-6441
-6421
-7783
-10625
-13957
-17407
-20006
-19614
-17671
-16765
-13709
-7817
-4272
-4545
-4690
-3532
-3094
-2304
1324
5680
9634
12418
13108
13852
16204
17312
16761
16204
17967
20216
19489
17169
14647
11713
6610
-278
-5630
-9178
-11855
-13334
-14421
-14945
-14893
-14742
-14078
-12791
-10391
-8181
-6458
-4122
-411
4211
8213
11027
14036
17071
19242
20721
21380
22045
22268
22329
22426
21873
20348
16811
12401
8700
4730
549
-3549
-7307
-10403
-13032
-14169
-14263
-14223
-14925
-16149
-15497
-13224
-10785
-7914
-5273
-3141
-628
1935
4256
6107
7634
8987
10022
12059
15028
16060
15774
15196
13549
11364
9020
6351
3607
926
-1862
-5427
-9238
-12251
-14438
-16507
-18209
-17506
-15877
-14985
-14052
-12478
-10901
-10500
-11405
-11323
-9607
-8139
-7624
-7502
-7369
-7923
-9008
-10302
-10582
-8907
-6704
-5324
-2823
843
2339
1039
-1081
-2297
-3077
-3860
-3948
-2614
-436
848
466
733
2549
3723
3972
4970
7535
10244
11549
11105
10154
9714
8506
6126
4590
3674
2877
2100
624
-626
-708
-235
-343
-950
-1103
-1621
-2682
-3226
-3101
-2431
-1755
-978
523
2954
5303
6627
7643
9007
10495
12471
14247
15863
18101
19370
19159
17892
15873
12746
8280
4562
2517
1300
873
414
-1336
-4350
-7769
-10358
-11826
-11855
-11439
-10580
-8948
-7820
-7014
-6482
-6433
-6203
-5211
-2634
1068
4465
7071
8669
10281
11887
12388
11967
11171
9987
8467
6679
4992
2319
-351
-2452
-5777
-8300
-9168
-10543
-12917
-14281
-13989
-14240
-15410
-16191
-16861
-17005
-16416
-16470
-16235
-15324
-14739
-14049
-12850
-10878
-9139
-7386
-5664
-3685
273
3694
3755
2576
1825
511
-1659
-2513
-1064
213
303
-260
-1127
-525
916
2234
2481
2968
4825
6447
7223
7487
7764
8203
7748
7384
7666
6977
5945
4784
3894
3970
4699
5444
5300
4860
4276
2841
518
-2135
-3404
-2857
-2006
-849
924
2764
4313
4932
5426
6570
8138
9501
10997
13113
15058
15590
14742
13131
11187
8780
6095
4236
3626
3680
3127
2167
995
-351
-1648
-3009
-4076
-4802
-5341
-5882
-6408
-6658
-6508
-6751
-7217
-6547
-4776
-2539
-213
1818
3703
5370
6659
7440
7801
7946
7554
6775
5737
4355
2877
1526
-209
-2039
-2825
-2887
-3408
-4907
-6521
-8178
-10635
-13119
-14369
-14911
-14945
-14961
-15288
-15331
-15531
-16030
-15896
-14771
-12884
-10785
-8477
-6012
-4473
-2982
-1689
-1654
-2370
-2807
-2447
-2142
-2018
-1506
-1282
-1561
-2010
-2290
-1134
607
2370
3954
5021
5875
5715
4977
4723
5374
6492
7285
7845
8787
9122
8553
7626
6669
6283
6619
7870
8760
8366
7597
6372
4442
2179
139
-829
-935
-346
1055
2720
3530
3090
2759
3466
4172
4492
4669
4978
5264
4971
4545
3779
2372
1141
486
320
457
937
1536
1664
2080
3188
3716
3510
3194
2584
1366
102
-436
-1181
-1767
-1885
-2209
-2061
-1512
-1810
-2071
-1374
-368
-106
77
501
793
900
258
-798
-1571
-1911
-1968
-1383
-908
-1001
-1359
-1469
-1184
-1602
-2275
-3050
-4348
-5430
-5830
-5642
-5947
-7110
-7841
-8289
-8570
-8289
-7394
-6807
-6435
-5836
-5659
-5501
-5594
-6445
-7595
-7945
-7778
-7983
-8345
-8174
-7867
-7946
-8301
-8631
-8343
-7555
-6455
-5251
-3733
-2186
-587
1048
2509
3606
4137
4683
5631
7458
9718
11230
12029
12859
13516
13768
13918
13576
12891
11831
10744
9835
9030
7805
5718
3673
1847
709
297
300
700
1095
1342
1934
2320
2046
1595
655
-154
-290
41
533
517
-166
-905
-1019
-508
433
1470
2459
3636
4743
5377
5310
4801
3951
3010
2397
2441
2182
1267
206
-447
-780
-1183
-1515
-1305
-325
278
682
1291
1889
1632
1211
1292
1364
932
575
777
1454
2080
2481
2752
2718
1933
999
231
-592
-1560
-3106
-4496
-5206
-5409
-6278
-7889
-9101
-9979
-10771
-10832
-9777
-8482
-7765
-7914
-8193
-8172
-8105
-8464
-8991
-9344
-9863
-10103
-9935
-9346
-8308
-6847
-5901
-5605
-4974
-4222
-4396
-4922
-4970
-4124
-3298
-3068
-2669
-1701
-864
-542
203
1680
2941
3532
4086
5077
6478
7996
9132
10082
10794
10785
10421
10270
10309
9913
9009
8704
9422
10380
10765
10703
10332
9561
8646
7525
6281
4642
2748
1079
167
-707
-1847
-2964
-3713
-4341
-5011
-5197
-4394
-3739
-3304
-2251
-569
1025
1998
2839
3445
3976
4396
4974
5390
5770
6025
5808
5456
5681
6035
5374
4511
4307
4244
3254
1893
1061
905
887
604
-16
-698
-1054
-1121
-1158
-1223
-1138
-1124
-923
-485
-51
-227
-1125
-2080
-3037
-3479
-3474
-3485
-3545
-4065
-4829
-5156
-5503
-5919
-6287
-7023
-7528
-8011
-8268
-8608
-9470
-10290
-10914
-11376
-11564
-11588
-11086
-10303
-9578
-8905
-8661
-8577
-8233
-7314
-6136
-5354
-5137
-4629
-3976
-3720
-2997
-2365
-2352
-2417
-1934
-808
509
1552
2182
2480
3095
4295
5415
6042
6859
8251
9418
10363
11089
11392
11283
11257
11545
11846
12246
12745
12952
12909
12484
11483
9875
7795
5638
3570
1911
762
-256
-1211
-2091
-3182
-4080
-4686
-5148
-5128
-4627
-3608
-2469
-945
643
1694
2378
3223
4464
5692
6712
7304
8046
8821
9112
8780
8135
7450
6575
5719
5115
4354
3105
1713
526
-263
-1141
-2173
-2902
-2907
-2441
-2253
-2463
-2686
-2830
-2976
-3145
-3334
-3068
-2783
-2573
-2513
-2242
-2161
-2225
-2451
-2719
-2980
-3136
-3075
-3317
-4089
-5277
-6880
-8804
-10415
-11401
-12008
-12601
-13341
-13501
-12905
-12233
-12161
-12513
-12257
-11573
-10952
-9947
-8689
-7758
-7308
-7149
-6058
-4455
-3321
-2534
-1586
-598
-32
344
1048
1440
1620
1888
2197
2366
3020
4301
5536
6152
6604
7164
7588
8322
9112
10161
11117
11516
11675
11873
12053
11786
11163
10889
10580
10097
9486
8098
6737
5626
4239
2733
1527
492
-812
-2093
-2650
-2846
-3110
-2769
-2095
-1154
-361
330
917
1199
1646
2577
3609
4409
4995
5415
5762
6020
6163
5790
5291
4502
3775
3565
3042
2067
925
247
-378
-946
-1111
-1251
-1378
-1337
-1394
-1809
-1922
-2158
-2316
-2384
-2579
-2727
-2745
-2424
-2438
-2826
-3252
-3516
-3612
-3849
-4095
-4054
-3682
-3927
-4829
-6109
-7177
-8171
-9625
-10608
-10862
-10789
-11168
-11903
-11996
-11853
-11770
-11373
-10767
-9659
-8802
-8806
-8927
-8505
-8060
-8237
-8335
-7888
-7150
-5674
-3926
-2866
-2411
-2384
-2584
-2783
-2582
-1804
-809
-145
719
1862
3434
5038
6269
7517
8541
9683
10910
12051
12651
13285
13793
13837
13843
14034
14224
13741
12704
11178
9740
8595
7914
7316
6462
5544
4499
3124
1371
-286
-1543
-2468
-3029
-2932
-2146
-824
215
973
1704
2480
3069
3210
3488
4514
5361
5612
6106
6814
7248
6983
6715
6518
6351
6214
5686
5007
4494
4201
3883
3296
2662
2232
1604
1078
472
-10
-586
-1203
-1504
-1981
-2333
-2463
-2828
-3581
-4087
-4590
-4963
-5318
-5344
-5004
-4576
-4562
-4851
-4839
-4959
-5673
-6353
-6576
-6772
-6879
-7325
-7580
-7911
-8687
-9076
-9242
-9192
-9380
-9680
-9972
-10336
-10674
-11193
-11593
-11840
-12090
-12451
-12707
-12895
-12414
-11115
-9480
-8322
-7333
-6193
-5484
-5106
-4577
-3580
-2384
-653
1331
3581
6180
8981
11124
12509
13979
15472
16383
16881
17451
18325
19202
19157
18385
17158
15679
14074
11942
9744
7909
6343
5359
4192
2551
999
-445
-2272
-3904
-4759
-4796
-5000
-4989
-4107
-2667
-1067
119
1332
2707
3924
4861
5694
6718
8305
9701
10536
11067
11434
11470
10698
9530
8586
8094
7665
6808
5667
4639
3817
2719
1197
-212
-1386
-2526
-3581
-4266
-4392
-4314
-4692
-5158
-5412
-5531
-5845
-6093
-6171
-6148
-5915
-5608
-5003
-4438
-4044
-4143
-4388
-4326
-4372
-4636
-5164
-5831
-6295
-6461
-6641
-7532
-8522
-8826
-9139
-9954
-10628
-11067
-11982
-13032
-14167
-15142
-15856
-16600
-17430
-18272
-18417
-18109
-17441
-15046
-11743
-9514
-8456
-7771
-6707
-5791
-4497
-2377
128
2962
5599
7719
10382
13124
15417
16992
17980
19250
20395
21087
21098
21349
22006
21060
18652
15996
13084
10115
6897
3691
1373
-60
-978
-2052
-3230
-4484
-6198
-7837
-8624
-8441
-7176
-5421
-3606
-1380
1090
3471
5205
6760
8572
10222
12103
13748
15175
16516
17283
17605
17384
16989
16293
14458
12026
9316
6647
4477
2325
371
-1245
-3165
-5267
-7201
-8989
-10399
-11556
-11955
-11465
-10606
-9483
-8118
-6933
-6201
-5536
-4580
-3629
-2333
-537
998
2132
2972
3456
3451
2937
2104
1150
-97
-1397
-2869
-4292
-6267
-8427
-10412
-12151
-13919
-15676
-16824
-17678
-18398
-18733
-19021
-19600
-19857
-20276
-20851
-21506
-21994
-22280
-21773
-20284
-18071
-13821
-8249
-4809
-3593
-2411
-859
297
1979
4794
7675
10546
12731
14186
15989
18428
19768
19555
19136
19703
20497
20407
19743
19059
18312
15566
11255
7402
3971
972
-1248
-2921
-4169
-4626
-4368
-4708
-5630
-5984
-6736
-7122
-5950
-3317
482
4100
6673
8728
10908
13187
14429
15235
16483
18132
19954
21412
22293
22301
21302
19054
16150
13371
10981
8456
5804
3309
919
-1341
-3813
-6428
-9008
-11281
-13117
-14371
-14655
-13682
-12147
-10632
-9097
-7436
-5859
-4094
-2347
-436
1732
3892
5909
7658
9348
10094
9917
8930
7411
6047
4974
3670
1756
-451
-3011
-5852
-9042
-11957
-14546
-16980
-18977
-20463
-21424
-21714
-21554
-21767
-22162
-21962
-21225
-20707
-20096
-19409
-18854
-18762
-18518
-17297
-15189
-12862
-8695
-2792
950
1586
1466
1815
2641
3853
6246
8626
11022
12945
12782
12600
14346
15933
15393
13968
14375
16139
16884
16064
15091
14377
12154
7540
2936
-590
-2508
-3525
-4831
-5688
-5217
-3750
-3102
-3894
-4035
-3586
-3489
-2553
162
4805
9361
11838
12336
13057
14550
15273
14906
15633
17575
19357
20147
20126
19946
18494
15449
12027
9046
6720
4644
2321
76
-1943
-4164
-6780
-9148
-10861
-12239
-13105
-13419
-12936
-11411
-9180
-6628
-4988
-4261
-3059
-1768
-326
1428
3575
5848
7370
8296
8620
8338
7815
6038
4313
3230
2182
1301
-158
-2697
-5898
-9424
-12412
-15438
-17900
-19351
-20381
-20823
-21022
-20936
-20421
-20575
-20606
-20092
-19326
-18081
-17410
-16929
-16305
-16084
-16204
-15995
-14958
-13765
-11906
-6832
-1215
1562
1613
794
921
1521
2965
5431
7793
10503
11879
11342
12144
14306
15906
15299
14498
15928
17761
17839
16571
15052
13613
10097
5191
945
-2286
-3470
-4122
-5164
-5852
-5281
-4110
-4145
-5165
-4830
-3969
-3035
-1042
2790
7793
11798
12889
12796
13189
14323
15347
15831
17645
19724
21110
21135
20335
19024
16654
13076
9299
6797
5070
2877
356
-1849
-4254
-6668
-8941
-10939
-12456
-13053
-12800
-11877
-10594
-8074
-5248
-3987
-3368
-2320
-896
919
2477
3642
5459
7639
8400
7688
7637
7571
6030
3791
2464
1729
764
-1297
-4026
-6819
-9644
-12717
-15813
-18044
-19447
-19960
-20077
-20415
-20044
-18974
-18470
-18678
-18678
-17423
-16012
-15630
-15320
-14822
-14873
-15396
-16385
-17380
-17260
-15855
-14236
-10344
-3025
2414
2464
575
23
590
1490
4869
9590
13550
15713
14780
13726
15372
17495
17329
15626
16282
19199
20218
18855
16380
14028
10631
4818
-634
-4568
-6141
-6423
-7654
-9144
-8518
-6766
-5925
-6649
-5836
-3411
-1162
1736
6145
12048
16734
18172
17944
18607
20391
22013
22200
23069
24354
25142
24556
22132
19468
16190
11910
7677
4527
2347
118
-3079
-6440
-9450
-11937
-13841
-15060
-15161
-13495
-11354
-9075
-6775
-4680
-2777
-1488
-208
1067
3344
6136
7522
8267
9403
10132
10220
9373
8709
7744
6236
4421
2269
75
-1937
-4805
-7957
-11358
-14546
-17219
-19169
-20646
-21775
-21193
-20079
-19943
-19622
-18363
-17631
-17489
-17434
-16208
-14759
-13847
-13630
-14343
-15197
-16035
-17828
-18993
-17961
-15401
-12674
-7221
266
4006
2811
872
589
1979
4385
8531
12574
15757
16549
14403
12930
14085
15300
15060
14484
16236
18584
18444
15568
11866
8642
4815
-763
-5426
-8256
-8998
-8938
-9961
-10686
-9495
-7469
-6224
-5825
-3249
527
3642
7457
12125
17556
20831
21347
20767
21253
22692
23585
23428
23778
23533
22161
19781
16573
12935
9075
5137
1834
-495
-2327
-4640
-8159
-11579
-14270
-15706
-15958
-14790
-12842
-10866
-9105
-6933
-4064
-678
1649
3033
4308
5495
7617
9297
9658
9505
9424
9164
8366
7680
7468
5851
3351
782
-1106
-2372
-4196
-6648
-8943
-11501
-13873
-16260
-17968
-18802
-19320
-18629
-17412
-16492
-15732
-14641
-13781
-13628
-13631
-13153
-13082
-12472
-12447
-13704
-14979
-16624
-18697
-20493
-20871
-19276
-17244
-15040
-9591
-2053
2369
1783
454
1006
1516
3479
8990
14070
17531
18295
15978
14297
15041
16546
16035
15919
18580
21193
19710
15430
11009
7185
2384
-3436
-7773
-10292
-10173
-10129
-10897
-11244
-10329
-8704
-7057
-5234
-1676
2071
5392
8925
13262
18029
20560
20602
20060
20393
21636
22064
21533
21274
20485
19154
16488
12999
9743
6109
2308
-849
-3094
-5024
-7463
-10170
-12218
-13166
-12672
-11946
-10751
-8640
-5826
-3474
-1558
674
2791
3320
3436
4122
5241
6326
6460
5885
4928
4895
4859
4259
3590
2447
601
-958
-2368
-3125
-3813
-5431
-8017
-10905
-13231
-14867
-15575
-15544
-15719
-14521
-12027
-10799
-10937
-11429
-11703
-12607
-14062
-14000
-13212
-13466
-14784
-17126
-20125
-23163
-25642
-27296
-27153
-24430
-21388
-16217
-7330
-1137
-856
-1839
-850
1085
3615
9495
15795
19665
21911
20086
17373
18065
19744
20080
19892
22032
24404
23070
18590
13829
9478
5256
-999
-6022
-8893
-10166
-10632
-12203
-13160
-12657
-11452
-9653
-7225
-3354
1515
4681
8052
12209
17035
20093
20181
19753
20501
21614
22443
22423
22221
21521
19589
17617
14846
11913
8571
4988
2504
944
-655
-2559
-5506
-8645
-10836
-11929
-11473
-8950
-5397
-3450
-2906
-686
1258
1435
1877
2422
3378
4070
4775
5119
4873
4281
2457
471
1114
2043
2046
1649
1065
743
-430
-1895
-3442
-4672
-5587
-7051
-9057
-10353
-10956
-10728
-11185
-11824
-10998
-9837
-9794
-10645
-11465
-12117
-14393
-16838
-18455
-19802
-21587
-24201
-27267
-29425
-29781
-28778
-27091
-24691
-17595
-7983
-3062
-2975
-2111
1239
4181
7129
13018
18319
20838
21100
18706
17559
19705
21387
20631
19328
20627
21814
18862
13949
9613
6414
2127
-4351
-8438
-10868
-12065
-13149
-14150
-13799
-12586
-10473
-7991
-5629
-1304
3577
6963
10490
14780
19415
21578
20777
19337
18706
19203
19235
18415
18392
18182
16756
13770
10985
8621
5774
3388
2442
1969
630
-1133
-3497
-5591
-7108
-7947
-6955
-3625
-898
-121
60
623
1106
1095
1824
2684
2966
2643
1897
1639
1472
578
-739
-1608
-1583
-1405
-869
-193
9
-205
-614
-1265
-1708
-1748
-1332
-1772
-3199
-4810
-6537
-7891
-7855
-8159
-9552
-10708
-11995
-13926
-15600
-17177
-19531
-22508
-25321
-27495
-29171
-29950
-30636
-30271
-28378
-26360
-24238
-18367
-9399
-3298
-1749
65
3743
6848
10198
14822
18747
20255
19414
16222
14340
15339
17343
16763
15124
15016
13725
10007
5926
3417
1788
-413
-4105
-7193
-9134
-8882
-8718
-8637
-7369
-4300
-924
2144
4722
7740
10422
12038
14238
17396
20864
21843
20316
17649
14847
12221
10071
7595
6435
6031
5479
4642
3469
1616
-509
-947
-260
1020
2048
2588
2412
1597
1476
1775
1673
1988
2530
2672
2623
3138
3299
2134
355
-579
-1295
-1865
-2355
-2766
-2661
-3044
-3253
-2992
-2486
-2379
-2608
-2168
-333
1527
1986
1704
1949
2543
2832
2627
1588
-23
-2763
-5920
-7386
-8108
-10387
-13202
-15434
-17711
-19903
-21430
-23846
-26809
-29088
-30764
-32145
-32413
-30707
-27665
-25094
-20880
-13539
-7017
-4707
-3356
169
3920
7083
11741
16489
19103
18884
16479
13594
13025
13900
14007
12745
12545
12647
10790
6110
1789
-398
-1771
-3714
-5389
-6292
-6858
-7175
-7078
-5779
-3103
506
3565
6252
9006
11990
14268
15901
17533
19648
21041
21006
19655
18134
16669
14095
10959
8284
6646
5028
2667
524
-311
-450
-625
-155
1315
3052
4808
5600
5843
6783
7455
7154
6360
5525
5432
5415
4040
2055
426
-438
-1844
-3075
-3215
-3086
-2885
-3164
-4082
-4133
-3559
-3390
-3257
-2547
-1128
-519
-705
-683
-351
379
818
1331
2680
3911
3904
1544
-1921
-4928
-6968
-8146
-9727
-11967
-13321
-15576
-18763
-21997
-24961
-27488
-29666
-30652
-29723
-27668
-25315
-24607
-22973
-17145
-11674
-8869
-6142
-2790
826
3122
5992
9540
12078
13183
11643
9581
10597
12419
13124
11988
11179
11151
8819
4469
1435
610
239
-2278
-5351
-7279
-8486
-7548
-6307
-5260
-3223
250
3935
6249
8070
11027
12913
13927
15270
17711
20177
19919
17378
14989
13410
12090
10205
8824
8399
7147
4961
2094
-73
-940
-1014
-192
1506
4000
6086
7690
9247
9570
9147
9358
9614
10054
10348
10407
9158
6593
2982
-707
-2929
-3464
-3433
-2881
-2216
-2988
-4732
-6101
-6107
-5614
-4710
-2971
-477
1199
978
-254
-862
-1063
-549
482
1795
3130
3517
2498
451
-2501
-5138
-7028
-8641
-10191
-11587
-13196
-16508
-21239
-25109
-27641
-29518
-30086
-28698
-25348
-22937
-21642
-17374
-12143
-9718
-9264
-7328
-3503
57
3312
6949
9477
9780
8266
5390
5678
8428
10852
10892
10114
10370
9667
6586
2630
114
-1188
-3212
-6446
-8216
-9142
-8699
-8166
-7263
-5187
-2251
1184
3904
5833
8346
10550
12038
13570
15725
17900
17918
15689
13545
12362
11267
9687
7742
6799
5982
4749
3280
1741
268
-934
-1100
577
3091
6051
8921
9950
9932
10107
10767
11564
12441
12916
13383
13351
11768
8640
5183
2442
-12
-1781
-2281
-2150
-2674
-4598
-7230
-7900
-7412
-6800
-6486
-5585
-3766
-2561
-2073
-1856
-1929
-2198
-2493
-2138
-1128
-263
-618
-1828
-3280
-4555
-5801
-7401
-9528
-12037
-13640
-15009
-17611
-21892
-25107
-26389
-26826
-26447
-24826
-23145
-21445
-16988
-11721
-8392
-6939
-4663
-1524
683
2943
5738
7844
8331
7934
6470
6761
8129
9217
8306
7635
8508
8817
6493
3725
2394
1797
382
-2911
-5979
-8020
-8354
-8428
-7504
-5184
-1944
926
3319
5113
7131
8924
9973
11022
13095
15965
16312
14033
11924
10817
9580
7945
6436
6326
6343
5404
3243
1813
1630
1510
1348
2592
5593
8501
10340
11106
11935
12389
12336
12528
13470
14340
14548
13705
12036
9926
7848
5742
3974
2572
1935
1346
-447
-3197
-5259
-5906
-6009
-5650
-4869
-4180
-3593
-3086
-3229
-3415
-2974
-2421
-2041
-1218
-408
-1058
-3005
-4557
-5599
-6515
-7702
-9108
-10705
-12459
-14276
-16731
-19674
-22091
-23886
-25166
-24678
-23567
-23107
-23082
-20510
-14828
-10714
-9847
-8987
-5232
-758
2527
5499
8940
10151
8697
6595
5521
7194
8491
8714
7868
8067
8274
6674
2784
-19
-999
-1034
-1935
-3398
-4570
-5704
-6775
-7794
-7578
-5985
-3876
-2244
-310
1834
4235
5964
7709
9602
11119
11779
11167
9992
8483
6954
5516
4435
3767
4042
3841
2938
1647
563
187
908
3077
6246
8722
9975
10732
11060
11325
11900
13151
14440
15249
15192
13999
12051
10670
8932
6989
5973
5985
5454
4191
2650
1186
-534
-2029
-2732
-2916
-2920
-3073
-2616
-1911
-1274
-1157
-1095
-1056
-1017
-1339
-1306
-1560
-3140
-5133
-6216
-7083
-8334
-9932
-11417
-13132
-15533
-18359
-19958
-20458
-21616
-23145
-23240
-21888
-21327
-21193
-17867
-12974
-10461
-9930
-8663
-5854
-2481
1034
4436
7225
8394
8943
7982
8229
9549
10990
10677
9419
8845
7935
5364
2018
375
-220
-926
-3012
-5061
-6792
-7097
-6985
-6706
-6048
-3936
-1085
973
1897
2792
4030
4280
4999
6981
9920
11245
10445
9013
8067
6677
4716
2724
1355
643
80
-593
-1490
-2185
-2520
-2025
26
3532
6350
8477
9572
10386
11410
12572
13243
14121
15165
15471
14958
14499
13371
11534
9378
8082
7407
6865
5698
3461
1347
-317
-1513
-3054
-3897
-4560
-4494
-4162
-3222
-2389
-1801
-1843
-1785
-839
366
444
-425
-1243
-2521
-4986
-6923
-8329
-10671
-13218
-14622
-15980
-18571
-20855
-21769
-22416
-22535
-21706
-20945
-21011
-20019
-16072
-12071
-10271
-9531
-7123
-4385
-1735
1053
4448
7275
8813
9371
9017
10213
12418
13617
12268
11564
11955
11630
8800
5582
3405
1606
-626
-3852
-6312
-7435
-7575
-7563
-6967
-5806
-4290
-3404
-2261
-146
2355
4818
6788
8449
9920
11122
10752
8662
6787
6476
5958
4226
2269
884
-35
-1385
-3028
-4520
-5603
-6140
-5153
-2722
280
2294
3501
5035
6951
8632
10053
11378
12831
13882
14846
15633
16316
16409
15430
13848
12998
12498
11436
10039
8237
5611
2572
-209
-2510
-4319
-5341
-5853
-6047
-5771
-5311
-4947
-4514
-3852
-3292
-2828
-2398
-2096
-3004
-4311
-5630
-6717
-8685
-11404
-13864
-15616
-17492
-19511
-20841
-21528
-21089
-20562
-19811
-19804
-18264
-14786
-12362
-12256
-12036
-9940
-7484
-4388
-1031
2793
4628
5395
5776
6994
9091
11396
12957
13741
14452
13838
11970
8885
6602
5089
4572
3327
894
-2077
-3805
-4646
-5495
-6438
-6999
-6013
-4400
-2452
-1058
507
2286
3417
4354
6169
8311
9635
9934
9803
9654
8757
7239
4912
2214
-99
-1534
-2380
-3526
-5104
-6168
-6708
-6740
-6053
-4383
-2626
-1303
32
1972
4106
5366
6465
8046
9753
10731
11673
13500
15299
15504
14815
14841
15346
14862
13359
12018
10599
8264
4738
1586
-561
-2318
-4380
-6025
-6836
-7096
-7315
-7254
-6511
-5656
-5556
-5555
-5022
-4844
-5476
-6716
-8295
-10694
-13078
-14171
-14904
-16028
-16745
-16396
-16018
-16054
-14683
-11742
-9689
-9195
-8789
-8053
-7508
-6113
-3993
-2122
-1234
-227
687
1857
3432
5907
7997
9034
10050
11237
12748
12962
12382
11060
10393
9364
7609
5035
3298
2390
1485
377
-567
-852
-1155
-1757
-2530
-2482
-1784
-720
-34
876
1858
2855
3229
3241
3600
4279
4739
4822
5014
5456
5501
4371
2907
1379
295
-837
-1945
-2773
-3214
-3970
-5111
-5638
-4939
-4266
-3875
-3423
-2366
-1290
23
1606
2887
3777
4939
6678
8442
9678
10595
11580
12012
12287
12670
12689
11710
10303
8695
7356
5783
4046
2126
253
-1228
-2116
-2498
-2943
-3485
-3950
-4129
-3800
-3053
-2758
-3904
-5723
-7287
-8210
-8956
-10239
-11841
-13143
-13681
-14101
-14124
-13663
-12936
-12634
-12536
-12094
-11186
-10109
-9166
-8705
-8613
-8451
-8416
-8503
-8396
-7268
-5406
-3849
-2339
-532
1812
4542
6635
7839
9012
9714
10055
10173
10499
11160
11588
11269
10019
8661
7479
6450
5493
4942
4970
4664
4101
3652
3296
2810
2114
1439
1107
1272
1838
2726
3380
3667
3667
3698
3623
3275
3290
3850
4027
3946
3953
3485
2227
264
-1189
-1979
-2790
-3448
-3778
-3835
-3950
-4228
-3875
-2919
-2243
-1671
-337
1643
3086
4224
5318
5924
5989
6126
6321
6554
6865
6738
6077
5137
4408
3493
1708
-506
-2006
-2941
-3622
-4265
-5178
-6193
-7022
-7404
-8149
-9399
-10361
-10609
-10640
-10834
-10552
-10380
-11362
-13084
-13946
-13756
-13645
-13412
-12221
-10746
-9789
-9080
-8434
-7612
-6712
-5325
-4202
-3157
-1925
-475
355
1083
2068
3217
4102
5151
7003
9135
11164
12721
13868
14299
13952
13236
12977
12509
11940
11514
10779
9934
8730
7450
5814
4034
2498
1229
694
686
722
316
-464
-1161
-1827
-1906
-1777
-1285
-756
124
985
1719
2653
3586
4059
4089
4377
4981
5124
4548
3710
2573
1520
468
-493
-1534
-2521
-3523
-4564
-5480
-5801
-5840
-6071
-6078
-5698
-4682
-3287
-2241
-1530
-1086
-562
113
497
551
696
997
1064
1038
874
442
-461
-1423
-2119
-2603
-3459
-4526
-5161
-5589
-6017
-6563
-6904
-7356
-8140
-9276
-10080
-10705
-11204
-11450
-11122
-10823
-10377
-9728
-8857
-7843
-7053
-5407
-4209
-3533
-2386
-189
1826
3062
4100
4918
5427
5998
6618
7351
8593
9862
11082
11956
12506
12540
12106
11657
11586
11466
11319
11193
10773
10323
9263
7809
6246
5015
4453
4438
4148
3548
3068
2758
2236
1591
1114
378
-332
-655
-520
-119
436
795
875
919
1484
2579
3418
4569
5309
5404
5440
5533
5353
4591
3460
2542
1810
983
-118
-1208
-2350
-3943
-5622
-6278
-6112
-6345
-6933
-7475
-7973
-8422
-8633
-8188
-7329
-6726
-6233
-6039
-5976
-6055
-6164
-6325
-6347
-5775
-5171
-4975
-4846
-4861
-5201
-5522
-5501
-5056
-5075
-5241
-5301
-5471
-5403
-5659
-6122
-6704
-7164
-7237
-6736
-6562
-5918
-5293
-4822
-4305
-3429
-2017
-628
728
2153
3658
5016
6431
6773
6594
6566
7450
8693
9589
10195
10653
10835
10887
11158
11415
11628
11396
11217
10800
10375
9661
8784
7657
7039
6710
6536
6315
5666
4745
3926
3708
3487
3183
2847
2475
2020
1711
1106
469
-212
-487
-526
-101
172
122
-61
20
251
839
1543
2142
2516
2641
2412
1608
842
-138
-1264
-2290
-2809
-3115
-3684
-4546
-5610
-6760
-7707
-7866
-7673
-7810
-8210
-8548
-8761
-9116
-9793
-10138
-10159
-9913
-10076
-10349
-10493
-10546
-10704
-10778
-10639
-10321
-9944
-9579
-9283
-8789
-8443
-8096
-7731
-7147
-6689
-6229
-5502
-4439
-3077
-1840
-742
406
1622
2657
3883
4992
5909
6478
7381
8205
8983
9321
9464
9610
9866
10058
9679
9136
8242
7380
6834
6957
6953
6621
6368
6270
6308
6480
6671
6629
6958
7540
8026
8281
8348
7926
6886
5694
5162
5135
5317
5356
5030
4619
3748
2708
1998
1486
1046
739
808
793
18
-1309
-2373
-3183
-3480
-3646
-3656
-3357
-3118
-2943
-2734
-2584
-2329
-2201
-2385
-2457
-2266
-2119
-2325
-2653
-3359
-4099
-5002
-5570
-5874
-6127
-6371
-6843
-7469
-7588
-7312
-7329
-7566
-7888
-8285
-8985
-9393
-9717
-9824
-9367
-8958
-9041
-9031
-9254
-9623
-9964
-9501
-8778
-8149
-7668
-7080
-6510
-6478
-6402
-5578
-4294
-2933
-1674
-167
1350
2558
4007
5076
6470
7605
8769
9962
11057
12156
12776
12841
12723
12693
12421
11747
11199
11134
10676
9955
8968
7920
6624
5335
4283
3504
3172
3280
3456
3244
3296
3186
3249
3742
4618
5391
6020
6224
6207
6099
6022
6319
6184
5994
5894
5690
5184
4567
4081
3365
2847
2272
1603
708
-551
-1704
-2618
-3385
-3830
-4223
-4690
-4884
-5194
-5479
-5757
-5608
-5101
-4655
-4186
-3667
-3295
-3267
-3563
-4054
-4418
-4767
-4916
-4772
-4775
-4908
-5174
-6002
-7271
-8450
-9079
-9228
-9066
-8437
-7914
-7721
-8359
-9067
-9377
-9389
-8989
-8266
-7513
-6822
-5872
-5607
-5615
-5590
-4603
-3480
-2384
-1335
245
1427
2048
2582
3115
3529
3880
4432
5250
6456
7097
7339
7299
7473
7596
7399
7147
7275
7488
7697
7723
7336
7107
7131
7040
6551
6019
5862
5962
5811
5631
5574
5469
4844
4117
3639
3575
3534
3558
3579
3810
4060
3983
3633
3680
3850
3852
3752
3644
3698
3752
3475
2892
2384
1871
1198
399
53
-291
-787
-1651
-2403
-3015
-3667
-4300
-5038
-5371
-5671
-5933
-6237
-6254
-6024
-6003
-6197
-6139
-5764
-5510
-5586
-5613
-5125
-4827
-4622
-4668
-4674
-4782
-5082
-5301
-5116
-4691
-4394
-4885
-5669
-6474
-7148
-7447
-7422
-6883
-6529
-6127
-6050
-5905
-5728
-5392
-4931
-4359
-3247
-1989
-685
335
1382
2400
3500
4387
5135
5695
6439
7024
7622
7962
8015
7532
6702
5790
5237
5092
4585
3922
3061
2722
2640
2431
1892
1032
387
291
770
1386
2122
2448
2235
1950
2292
2806
3049
3323
3823
4620
5040
5406
5222
4760
4270
4035
4230
4308
3962
3307
2703
2172
1901
1388
555
-451
-1018
-1021
-954
-1046
-1300
-1813
-2363
-2815
-2922
-2690
-2760
-3202
-3485
-3455
-3487
-3733
-4099
-4263
-4160
-4395
-4799
-4818
-4558
-4350
-4249
-4384
-4596
-4990
-5303
-5533
-5421
-4711
-4374
-4550
-5142
-5413
-5689
-5749
-5288
-4374
-3702
-3463
-3442
-3242
-2733
-2357
-1761
-1265
-447
273
988
1351
2117
2393
2436
2880
3477
3935
4303
4603
5114
5788
5880
5720
5507
5527
5739
5851
5649
5122
4486
3912
3606
3259
2713
1785
1002
329
321
249
-150
-425
-844
-1226
-1306
-1234
-1127
-1024
-662
-58
282
617
848
939
1155
1672
2242
2839
3220
3477
3666
3719
3456
3176
2814
2406
1883
1326
806
235
-504
-1254
-2019
-2642
-3220
-3718
-3629
-3587
-3483
-3724
-3821
-3743
-3461
-3052
-2741
-2329
-2187
-1936
-1801
-1415
-1250
-994
-845
-947
-1055
-896
-455
63
287
-165
-1039
-1679
-2270
-2657
-2621
-2443
-2646
-2828
-2910
-2846
-2446
-2065
-1316
-696
177
1103
2221
3172
3965
4507
5126
5980
6518
6722
6743
6917
6920
7149
6983
6367
5385
4377
3816
3469
3107
2274
1721
1390
1100
657
272
-183
-711
-814
-544
-83
-8
-36
-441
-617
-733
-749
-746
-709
-532
-388
-249
-264
-301
-809
-1272
-1582
-1428
-1456
-1540
-1506
-1468
-1620
-2007
-2320
-2394
-2314
-2128
-1762
-1389
-1091
-787
-849
-1085
-1349
-1619
-1859
-2358
-2537
-2533
-2979
-3360
-3764
-4223
-4571
-4755
-4808
-4723
-4606
-4452
-4078
-3731
-3613
-3595
-3646
-3546
-2937
-1881
-655
184
486
291
-12
102
669
1254
2021
2517
2665
2410
2138
1998
1736
1478
1326
1476
1859
2461
2712
2829
2722
3063
3739
4471
5126
5723
6534
7104
7399
7521
7203
6540
6041
5953
5835
5553
4796
3893
2967
2526
2144
1527
555
-242
-689
-1259
-1668
-2152
-2706
-3434
-3847
-3805
-3609
-3443
-3177
-2838
-2640
-2007
-1391
-1090
-861
-763
-787
-880
-1093
-1502
-1882
-2270
-2625
-3012
-3494
-3800
-4290
-4748
-5077
-5324
-5507
-5327
-5060
-4802
-4706
-4688
-4631
-4430
-4193
-4256
-3976
-3686
-3508
-3456
-3318
-3203
-3055
-3073
-3169
-3030
-3043
-2892
-3020
-3004
-3071
-3191
-3154
-2788
-2119
-1433
-941
-961
-812
-418
511
1335
2271
2993
3505
3989
4860
6034
6864
7730
8236
8768
9202
9834
10101
10144
9962
9767
9561
9366
8960
8292
7761
7083
6755
6057
5424
5057
4748
4580
4282
3958
3543
3262
2743
2455
1942
1593
916
290
-124
-426
-558
-957
-1528
-2164
-2639
-2733
-2948
-3391
-3892
-4231
-4565
-5004
-5019
-5200
-5362
-5534
-5536
-5364
-5200
-5013
-4746
-4334
-4019
-3929
-3760
-3653
-3477
-3455
-3439
-3333
-3425
-3987
-4530
-4740
-4987
-5264
-5524
-5647
-5453
-5154
-4991
-5095
-5360
-5329
-5161
-4903
-4357
-3915
-3611
-3511
-3438
-3269
-3184
-3213
-3343
-3210
-2729
-2012
-1049
-443
-364
-648
-911
-654
-198
587
1252
1835
2077
2350
2581
3090
3884
4745
5693
6841
8156
9156
10126
10819
11601
12214
13016
13605
13875
13974
13862
13611
12969
12114
11062
9933
8950
8082
7296
6173
4969
3763
2919
2273
1628
833
-134
-952
-1288
-1213
-991
-913
-1360
-2034
-2471
-2597
-2485
-2443
-2681
-2878
-2921
-2845
-2870
-3250
-3735
-4193
-4520
-4841
-4984
-5161
-5698
-6130
-6329
-6760
-7165
-7643
-7896
-7792
-7415
-6799
-6411
-6371
-6470
-6513
-6338
-6180
-6182
-5862
-5305
-4761
-4599
-4650
-5092
-5375
-5484
-5341
-4942
-4548
-4246
-4057
-3869
-3646
-3303
-3283
-3361
-3324
-2981
-2496
-1953
-1579
-1514
-1359
-1551
-1692
-1656
-1170
-480
157
809
1433
1975
2060
2360
2780
3696
4690
5575
6332
7241
8168
8766
9370
10065
10679
11139
11636
12449
13170
13642
13992
13905
13821
13521
12984
12247
11521
10755
9946
8931
7957
7033
5872
4358
2810
1421
601
24
-523
-1097
-1689
-2434
-3166
-3649
-4001
-4322
-4533
-4595
-4512
-4409
-4444
-4536
-4878
-5234
-5246
-5074
-4706
-4325
-3976
-4040
-4486
-5237
-5881
-6258
-6573
-6666
-6837
-6831
-6862
-7069
-7221
-7519
-7871
-7983
-7801
-7471
-7119
-6866
-6781
-6642
-6480
-6346
-6343
-6191
-5737
-5322
-4976
-4736
-4319
-3989
-3790
-3477
-3101
-2723
-2317
-1907
-1533
-754
-176
-232
-417
-371
93
677
1255
1814
2257
2419
2553
2771
3287
3738
4316
4781
5310
6189
7047
7903
8306
8622
9087
9745
10311
10753
11053
11326
11676
11826
11616
11261
10634
10096
9670
9606
9237
8934
8545
8133
7756
7223
6419
5614
4977
4358
3848
3396
2756
1830
762
-336
-1141
-1959
-2511
-2980
-3277
-3490
-3772
-4235
-5004
-5632
-5927
-6024
-5869
-5811
-5753
-5910
-6261
-6589
-6810
-7016
-6964
-6826
-6536
-6277
-6157
-6314
-6549
-6625
-6759
-7059
-7336
-7352
-7470
-7317
-7405
-7364
-7557
-7523
-7443
-7371
-7085
-6798
-6532
-6256
-6038
-5786
-5414
-5124
-4759
-4597
-4193
-3943
-3665
-3098
-2470
-1843
-1423
-1113
-869
-449
-111
374
1348
2035
2462
2603
2740
3037
3499
4037
4769
5456
6295
7055
7604
8036
8303
8614
8941
9422
9762
9907
9945
10016
9805
9560
9216
8852
8339
7975
7694
7566
7246
6772
6502
6096
5651
5144
4509
3791
3231
3068
2966
2703
2374
1904
1210
663
411
227
10
-250
-486
-794
-1095
-1820
-2574
-3294
-3704
-4047
-4207
-4398
-4755
-5211
-5657
-6009
-6528
-6837
-7079
-7003
-6954
-6752
-6621
-6707
-6631
-6477
-6496
-6433
-6239
-6050
-6032
-6093
-6111
-6037
-6062
-6165
-6036
-5857
-5575
-5427
-5196
-4988
-4624
-4421
-4228
-4044
-3900
-3661
-3307
-2871
-2460
-1875
-1289
-882
-736
-640
-416
49
642
1500
2083
2544
2661
2691
2783
3247
3871
4488
5164
5996
6777
7255
7625
7958
8232
8332
8714
9155
9537
9734
9866
9786
9395
8805
8211
7757
7394
7256
6842
6182
5494
4829
4227
3600
3079
2591
2047
1826
1508
1098
797
460
-196
-687
-913
-1116
-1244
-1196
-949
-831
-832
-1109
-1416
-1727
-1909
-1985
-1991
-2051
-2287
-2545
-2973
-3348
-3676
-3932
-4479
-4866
-5145
-5388
-5562
-5604
-5719
-5891
-6121
-6260
-6312
-6347
-6107
-5887
-5629
-5499
-5513
-5436
-5519
-5478
-5406
-5272
-5106
-4981
-4624
-4332
-3917
-3690
-3559
-3448
-3170
-2550
-1941
-1468
-996
-839
-890
-989
-1039
-741
-366
127
852
1411
1819
2312
2648
3143
3569
4261
4846
5548
6144
6700
7154
7411
7758
7854
8180
8441
8778
8876
8974
9127
8995
8795
8457
8035
7655
7290
7081
6658
5952
5146
4424
3847
3325
2647
1968
1249
744
433
-3
-289
-698
-1156
-1509
-1658
-1681
-1630
-1772
-1717
-1513
-1425
-1487
-1773
-1991
-1984
-1894
-1872
-2007
-2120
-2260
-2452
-2536
-2777
-2934
-3219
-3445
-3399
-3415
-3314
-3240
-3219
-3488
-3704
-4112
-4352
-4417
-4338
-4257
-4349
-4375
-4648
-4967
-5008
-4716
-4539
-4406
-4127
-3977
-3834
-3592
-3473
-3430
-3373
-3208
-2977
-2399
-1759
-1169
-890
-657
-459
-287
-35
407
981
1505
1863
2231
2590
2838
2967
3020
3292
3457
3802
4193
4741
5281
5404
5455
5467
5505
5601
5681
5825
6039
6069
5753
5543
5238
4898
4578
4360
4159
3965
3413
2766
2241
1626
966
335
-302
-657
-1058
-1414
-1662
-1689
-1871
-2309
-2659
-2960
-3347
-3632
-3671
-3645
-3513
-3546
-3514
-3511
-3324
-3261
-3283
-3112
-2883
-2705
-2462
-2380
-2393
-2281
-2401
-2561
-2715
-2937
-2940
-2908
-3012
-2970
-3014
-3064
-3221
-3227
-3287
-3140
-2814
-2526
-2340
-2299
-2405
-2593
-2588
-2468
-2320
-2099
-1818
-1502
-1326
-1065
-794
-722
-626
-417
-137
248
685
784
818
815
954
1274
1444
1696
2114
2492
2942
3318
3510
3715
4019
4290
4584
4904
5253
5459
5526
5550
5599
5470
5479
5454
5342
5210
5029
4834
4406
4003
3498
3012
2587
2236
1963
1578
1014
397
146
-279
-639
-1085
-1624
-2001
-2270
-2544
-2973
-3287
-3566
-3916
-4190
-4318
-4338
-4595
-4741
-4629
-4448
-4288
-4189
-4188
-4255
-4212
-4191
-4125
-3883
-3509
-3163
-2890
-2816
-2406
-2101
-1866
-1563
-1247
-1004
-1019
-1028
-1040
-1056
-1257
-1376
-1509
-1708
-1748
-1735
-1817
-1673
-1595
-1600
-1506
-1386
-1200
-882
-591
-314
55
270
637
939
1287
1608
2071
2454
3019
3498
3800
4004
4144
4393
4666
4886
5008
5051
4939
4818
4663
4666
4674
4633
4546
4579
4537
4439
4190
4075
4056
4065
3986
3895
3776
3628
3505
3207
3163
2987
2691
2356
1998
1669
1178
647
68
-428
-712
-1053
-1401
-1866
-2470
-3042
-3423
-3562
-3781
-4047
-4460
-4929
-5361
-5677
-5782
-6091
-6143
-6063
-6054
-5918
-5718
-5437
-5273
-5306
-5291
-5252
-5115
-4859
-4412
-4034
-3773
-3512
-3344
-3151
-2700
-2313
-1608
-1258
-808
-356
-20
310
354
483
583
865
1136
1397
1616
1787
1733
1672
1656
1778
1875
1910
2122
2337
2533
2689
2709
2699
2720
2786
3017
3334
3577
3916
4187
4280
4336
4337
4499
4758
4941
5166
5262
5331
5397
5300
5222
4791
4340
4086
3848
3530
3220
2885
2452
1969
1674
1339
820
444
111
-207
-538
-1011
-1448
-1784
-2178
-2426
-2544
-2697
-2808
-2976
-3073
-3300
-3519
-3690
-4100
-4351
-4669
-4763
-4841
-5077
-5290
-5700
-5969
-6014
-6055
-6166
-6176
-6327
-6377
-6306
-6326
-6204
-6050
-5873
-5803
-5613
-5437
-5280
-4955
-4613
-4216
-3932
-3786
-3538
-3239
-2924
-2547
-2175
-1858
-1474
-1133
-729
-252
237
706
1074
1495
2050
2437
2888
3201
3500
3794
4087
4359
4742
5077
5346
5685
5841
5939
5779
5719
5752
5850
6007
6049
6114
6120
6129
6117
6015
5819
5553
5254
4943
4685
4272
3831
3406
3048
2824
2821
2769
2717
2736
2469
2328
2179
1772
1461
1021
568
97
-454
-889
-1375
-1971
-2434
-2730
-3228
-3564
-3853
-4003
-4279
-4446
-4364
-4472
-4381
-4387
-4478
-4572
-4654
-4736
-4720
-4661
-4815
-4746
-4778
-4950
-4879
-4736
-4715
-4591
-4440
-4257
-4101
-4109
-3997
-3897
-3653
-3386
-3221
-2913
-2522
-2183
-1929
-1698
-1405
-1147
-719
-190
262
788
1228
1541
1793
1992
2257
2315
2411
2662
2621
2786
2977
3119
3158
3283
3322
3416
3684
4040
4470
4716
5084
5397
5632
5698
5782
5893
6082
5999
6108
6029
5909
5779
5498
5357
5054
4807
4526
4280
4028
3735
3402
2901
2385
1939
1373
952
718
404
-146
-573
-1039
-1393
-1568
-1637
-1834
-1995
-2103
-2201
-2305
-2634
-2883
-3230
-3471
-3840
-3986
-4191
-4291
-4548
-4722
-4770
-4977
-5071
-5347
-5518
-5568
-5523
-5462
-5593
-5686
-5693
-5771
-5670
-5515
-5329
-5099
-4756
-4447
-4057
-3802
-3515
-3295
-3024
-2648
-2392
-1944
-1589
-1297
-806
-395
-66
212
493
649
1014
1563
1931
2503
2888
3062
3452
3763
4084
4334
4550
4723
4925
4985
5026
5122
5152
5187
5027
5025
4921
4940
4880
4860
4933
4956
5009
4824
4898
4968
5101
5246
5430
5470
5416
5329
5111
5068
4852
4631
4434
4205
4022
3628
3341
2770
2265
1833
1432
1040
623
207
-440
-1120
-1691
-2075
-2517
-2970
-3325
-3665
-3849
-4000
-4261
-4357
-4661
-4827
-4913
-4801
-4700
-4728
-4774
-4842
-4902
-4899
-4920
-5068
-5118
-5166
-5049
-4967
-5034
-5017
-5148
-5030
-4971
-4807
-4662
-4523
-4415
-4313
-4045
-3754
-3429
-3067
-2751
-2437
-2069
-1673
-1386
-1030
-530
-266
212
683
1003
1290
1596
1830
2194
2496
2626
2863
3126
3242
3401
3580
3746
3856
3990
4200
4355
4497
4537
4517
4484
4362
4364
4125
3839
3859
3705
3631
3299
2954
2558
2307
2236
2093
2032
1948
1899
1741
1526
1247
962
764
708
551
521
437
395
90
-120
-359
-587
-702
-820
-878
-1098
-1316
-1586
-1806
-2144
-2434
-2743
-2983
-3257
-3423
-3644
-3750
-3942
-4191
-4217
-4367
-4396
-4372
-4291
-4136
-3966
-3806
-3727
-3639
-3602
-3471
-3409
-3287
-3105
-3164
-2971
-2986
-2765
-2663
-2506
-2251
-2119
-1915
-1845
-1619
-1465
-1303
-1083
-902
-819
-558
-256
-59
172
587
978
1227
1604
1868
2261
2577
2698
3048
3342
3496
3758
3942
3970
3916
3872
3875
3907
4023
4042
3948
3942
3925
3844
3818
3589
3401
3197
3113
3025
2975
2892
2586
2433
2274
2119
1983
1827
1683
1453
1260
994
739
396
-5
-138
-396
-625
-656
-926
-1112
-1336
-1614
-1658
-1853
-1974
-2008
-2050
-1986
-1954
-1958
-1926
-1876
-1876
-1850
-1899
-1833
-1887
-1856
-1974
-2128
-2331
-2440
-2491
-2649
-2581
-2551
-2677
-2640
-2681
-2780
-2595
-2616
-2641
-2608
-2491
-2279
-2012
-1909
-1724
-1651
-1467
-1403
-1377
-1271
-1148
-940
-881
-819
-640
-410
-258
-16
170
343
360
309
365
515
720
938
1012
1232
1367
1490
1572
1753
2004
2135
2299
2409
2595
2576
2765
2781
2744
2759
2731
2676
2686
2819
2715
2549
2336
2316
2287
2166
2080
2006
1854
1819
1821
1740
1628
1603
1487
1430
1500
1431
1488
1427
1202
1131
1066
946
816
701
542
481
322
250
154
-160
-353
-471
-628
-644
-719
-805
-959
-965
-938
-940
-893
-737
-600
-450
-287
-500
-494
-609
-544
-661
-681
-592
-743
-682
-907
-978
-1133
-1177
-1114
-1166
-1207
-1116
-1119
-1146
-1043
-794
-669
-643
-401
-351
-201
-70
42
247
280
462
673
692
758
829
843
974
1080
1201
1243
1109
1137
1005
959
990
974
947
816
686
662
618
657
662
595
572
516
553
663
674
667
555
401
294
101
164
100
-28
21
-115
-198
-237
-236
-341
-369
-374
-314
-275
-344
-453
-551
-555
-547
-445
-422
-390
-450
-447
-434
-493
-439
-425
-532
-562
-570
-551
-605
-610
-672
-721
-675
-617
-531
-327
-314
-248
-194
-328
-314
-336
-281
-284
-152
-32
-73
-51
-41
-46
-185
-317
-467
-503
-581
-838
-989
-1064
-1054
-1101
-1265
-1325
-1366
-1469
-1375
-1213
-978
-729
-631
-500
-386
-173
-14
139
199
344
420
458
567
619
752
882
1023
974
989
942
978
978
954
1080
1049
854
615
587
564
449
359
139
94
-190
-370
-449
-622
-591
-603
-592
-581
-550
-437
-226
-166
-47
-15
-10
46
128
199
258
260
182
289
242
297
318
258
240
275
392
392
513
459
510
487
417
387
246
314
277
279
217
238
161
154
285
253
263
292
434
481
476
461
472
409
403
445
366
372
381
408
326
239
189
67
7
-82
-35
-116
-219
-358
-498
-726
-1000
-1153
-1269
-1269
-1320
-1408
-1402
-1588
-1735
-1800
-1857
-1663
-1494
-1319
-1160
-1056
-997
-973
-929
-846
-743
-494
-458
-371
-265
-321
-345
-449
-455
-472
-447
-371
-346
-437
-338
-264
-404
-542
-550
-542
-529
-432
-359
-295
-305
-172
-76
-115
62
132
262
296
334
544
587
618
724
730
752
858
930
974
1098
1230
1327
1328
1284
1285
1325
1402
1398
1369
1425
1479
1457
1329
1372
1374
1206
1207
1286
1333
1286
1267
1362
1253
1200
1106
1059
1109
1060
1135
1064
966
895
745
680
684
602
655
594
603
531
568
564
449
626
651
415
332
336
83
-14
-292
-396
-314
-451
-427
-510
-646
-563
-593
-653
-540
-473
-293
-195
-286
-265
-320
-375
-287
-341
-315
-316
-323
-383
-333
-326
-369
-252
-221
-192
-138
-61
-17
-27
-65
4
66
160
224
380
269
284
347
267
214
347
372
389
429
429
449
561
511
427
417
304
371
362
295
340
283
161
94
-24
33
84
207
256
330
370
387
296
266
268
184
371
370
419
403
287
270
367
378
381
336
411
393
316
280
38
-125
-254
-311
-307
-405
-614
-880
-1037
-999
-1001
-1050
-977
-1009
-1106
-1239
-1312
-1336
-1336
-1266
-1284
-1341
-1381
-1351
-1327
-1371
-1381
-1421
-1542
-1630
-1703
-1704
-1725
-1718
-1561
-1483
-1529
-1455
-1345
-1244
-1200
-1066
-1031
-903
-920
-756
-801
-826
-652
-646
-492
-542
-396
-376
-391
-337
-399
-350
-270
-80
-55
108
203
258
334
355
295
273
364
493
540
332
528
492
508
512
448
213
38
-20
-67
-165
-177
-181
-127
-140
-292
-250
-201
-74
-89
36
136
105
184
126
104
73
177
65
79
134
170
58
172
91
31
99
-5
36
-22
-53
-170
-59
-183
-204
-216
-309
-243
-257
-235
-275
-337
-393
-499
-435
-431
-504
-519
-394
-378
-297
-279
-233
-31
-8
176
119
100
120
23
31
-165
-199
-345
-450
-435
-572
-614
-731
-891
-868
-737
-700
-788
-734
-677
-633
-492
-415
-331
-278
-242
-223
-258
-252
-334
-350
-379
-463
-455
-390
-429
-488
-476
-655
-655
-552
-588
-532
-453
-541
-529
-581
-669
-724
-721
-696
-666
-639
-680
-635
-687
-779
-768
-877
-768
-686
-528
-306
-228
-275
-286
-58
173
292
470
620
729
901
909
1063
1192
1325
1369
1449
1547
1516
1555
1372
1425
1493
1501
1566
1547
1572
1464
1495
1460
1419
1335
1380
1375
1249
1397
1315
1284
1375
1318
1359
1484
1471
1447
1614
1557
1536
1501
1554
1615
1539
1574
1528
1564
1451
1277
1145
1005
814
864
648
487
399
101
-114
-307
-403
-449
-359
-357
-294
-298
-393
-515
-597
-686
-623
-709
-798
-786
-933
-859
-959
-929
-871
-948
-997
-1030
-1093
-1180
-1262
-1415
-1517
-1631
-1676
-1650
-1661
-1669
-1635
-1592
-1584
-1416
-1361
-1246
-1188
-1058
-1045
-893
-951
-845
-729
-793
-605
-612
-515
-481
-394
-143
-106
-75
37
32
90
285
472
654
705
680
793
812
927
1122
1238
1257
1319
1536
1649
1592
1616
1514
1448
1481
1463
1479
1505
1420
1276
1168
1072
1035
848
890
917
855
607
554
635
421
306
344
197
136
17
28
96
79
25
-50
-101
-200
-283
-326
-387
-324
-514
-672
-863
-1058
-1148
-1196
-1329
-1466
-1610
-1860
-1765
-1878
-1890
-1841
-1885
-2067
-2020
-2051
-2007
-1964
-2064
-2044
-2160
-2142
-2224
-2226
-2272
-2227
-2272
-2098
-1917
-1791
-1725
-1694
-1628
-1522
-1291
-1186
-977
-933
-818
-767
-646
-461
-331
-234
8
142
192
425
440
619
785
869
1058
1139
1286
1398
1382
1550
1541
1467
1445
1439
1441
1486
1614
1699
1875
1836
1921
2024
2102
2164
2302
2324
2283
2325
2170
2188
2086
1940
1950
1825
1651
1536
1449
1368
1283
1253
1090
1019
861
751
583
537
427
279
143
43
-37
-207
-274
-313
-442
-475
-736
-891
-912
-893
-982
-1233
-1235
-1365
-1379
-1511
-1553
-1650
-1714
-1724
-1807
-1819
-1792
-1889
-1840
-2008
-2059
-2095
-2092
-2045
-2104
-2031
-2001
-1937
-1999
-2075
-1897
-1740
-1747
-1628
-1622
-1608
-1455
-1290
-1313
-1285
-1147
-1005
-1003
-929
-811
-779
-758
-719
-702
-456
-303
-70
-43
59
353
426
597
578
735
927
1151
1218
1320
1390
1351
1472
1517
1653
1768
1873
1899
1821
1902
1804
1878
1951
1980
2071
2123
2026
2084
2177
2076
2250
2163
2130
1980
1928
1851
1698
1615
1585
1468
1374
1234
1061
1070
948
854
735
636
530
454
421
372
137
92
69
-165
-238
-341
-443
-512
-650
-713
-725
-809
-956
-993
-1058
-1140
-1189
-1254
-1209
-1163
-1139
-1088
-1064
-1141
-1205
-1145
-1135
-995
-1053
-1106
-1092
-994
-829
-729
-674
-530
-496
-450
-351
-149
62
-19
116
71
98
226
257
379
422
425
345
410
574
519
609
702
651
686
910
997
1058
1170
1163
1163
1069
1137
1113
1059
1039
1039
900
869
917
982
921
902
970
868
992
817
830
853
812
885
865
920
730
851
919
862
950
914
922
873
817
778
693
671
594
553
364
215
33
34
-183
-303
-256
-418
-473
-646
-712
-728
-829
-801
-814
-951
-954
-1014
-1135
-1213
-1384
-1425
-1447
-1570
-1564
-1590
-1686
-1619
-1673
-1614
-1475
-1655
-1615
-1479
-1392
-1228
-1135
-1032
-997
-968
-841
-776
-639
-563
-530
-395
-291
-120
-141
-115
-54
45
136
142
197
307
259
284
431
547
621
575
706
600
606
606
611
609
722
765
708
720
605
759
731
704
698
643
651
628
579
570
512
560
592
695
728
852
825
755
758
580
575
526
590
582
483
544
483
532
520
451
532
376
458
363
389
347
395
325
254
348
168
149
39
49
1
-159
-184
-187
-138
-240
-215
-153
-247
-215
-332
-422
-397
-395
-466
-457
-615
-770
-710
-780
-764
-800
-918
-894
-877
-827
-822
-815
-737
-725
-828
-698
-626
-499
-451
-419
-357
-386
-373
-352
-264
-253
-131
102
-28
195
164
193
220
132
147
-31
3
-56
-8
-113
-193
-202
-190
-165
-196
-187
-364
-438
-599
-498
-579
-482
-486
-435
-257
-311
-230
-314
-172
-124
-23
-45
58
45
-35
87
122
93
130
205
148
332
338
305
452
313
348
353
350
268
199
261
164
142
62
-28
-45
7
42
-70
-64
42
21
-23
-120
-233
-132
-78
-150
27
-21
-48
79
-17
-140
-135
-134
-206
-124
-133
-24
-87
-54
26
102
322
393
404
464
418
493
556
521
465
477
504
511
621
687
751
642
677
619
586
687
803
783
746
824
705
751
645
685
790
636
754
665
638
663
561
549
462
317
191
104
31
9
-80
-147
-265
-423
-452
-480
-443
-509
-519
-354
-390
-479
-502
-504
-524
-488
-612
-743
-718
-689
-531
-545
-493
-434
-387
-270
-212
-58
28
133
194
248
263
300
309
296
251
246
248
218
334
236
302
271
125
237
56
144
284
403
400
319
490
453
546
452
480
310
220
284
278
368
419
495
471
522
496
527
588
541
621
505
479
620
673
748
735
857
796
778
738
732
737
588
515
361
490
427
292
318
221
0
-215
-196
-237
-257
-404
-329
-269
-445
-525
-593
-649
-793
-795
-738
-752
-732
-763
-887
-850
-931
-918
-889
-931
-841
-882
-994
-1178
-1236
-1219
-1198
-1114
-922
-869
-868
-654
-502
-489
-464
-353
-402
-378
-453
-438
-359
-322
-172
-65
23
250
407
615
792
900
793
656
587
534
679
655
629
557
557
624
584
789
912
959
1122
1122
1341
1355
1264
1116
999
955
987
1018
1053
1038
1035
1082
1127
1158
1183
1191
1136
944
662
488
264
203
255
286
360
233
360
339
360
285
157
94
-70
-45
-5
-23
-179
-192
-369
-612
-792
-815
-790
-783
-883
-1016
-1031
-1231
-1216
-1277
-1179
-1237
-1212
-1173
-1143
-1029
-1228
-1157
-1212
-1260
-1108
-1094
-1146
-1206
-1136
-1153
-1079
-1017
-1037
-976
-1049
-919
-860
-879
-898
-868
-807
-813
-610
-528
-491
-558
-452
-361
-385
-217
-247
-3
43
62
132
28
121
80
171
255
241
156
392
158
150
187
208
284
209
378
387
600
524
567
540
524
714
676
652
691
760
774
892
718
688
712
760
714
690
627
438
407
339
216
78
66
-98
-234
-77
-72
-129
-34
-61
-118
-127
-127
-157
-70
-82
-156
-159
-175
-272
-326
-259
-260
-224
-161
-249
-346
-402
-527
-565
-484
-495
-464
-459
-624
-567
-554
-397
-500
-424
-425
-521
-532
-665
-717
-628
-595
-564
-411
-380
-276
-299
-314
-370
-344
-263
-279
-251
-237
-190
-118
-119
17
10
-45
119
60
40
211
195
248
192
180
248
339
443
429
579
555
541
587
682
750
791
615
794
779
851
946
918
991
1007
1170
941
947
1027
927
928
939
887
943
896
936
1112
954
883
868
871
764
727
794
602
705
603
420
341
117
146
76
70
-66
-308
-301
-420
-493
-442
-498
-449
-427
-326
-451
-546
-467
-575
-600
-572
-654
-824
-906
-740
-796
-776
-761
-771
-718
-814
-823
-933
-999
-1070
-1058
-883
-909
-755
-625
-543
-443
-355
-203
-266
-59
-42
-66
-142
-190
-202
-130
-79
-29
122
85
185
191
260
334
378
517
563
518
513
572
526
484
641
710
705
798
812
868
842
771
722
816
725
878
913
843
917
729
761
709
635
596
535
566
612
596
525
534
441
445
461
488
462
450
385
263
105
50
-125
-147
-86
-296
-317
-326
-341
-319
-303
-219
-233
-334
-361
-535
-615
-579
-742
-808
-833
-833
-773
-738
-817
-852
-731
-767
-747
-674
-706
-682
-637
-613
-659
-444
-400
-445
-410
-447
-420
-473
-399
-403
-379
-296
-286
-299
-368
-404
-457
-432
-425
-415
-310
-205
-262
-154
46
70
102
90
125
210
47
83
-32
74
106
63
201
257
224
284
269
192
343
325
290
290
195
244
318
277
334
293
178
231
341
279
335
248
248
122
144
-88
-222
-205
-401
-295
-424
-466
-464
-416
-502
-498
-558
-483
-452
-494
-349
-353
-380
-340
-211
-303
-282
-204
-228
-140
-162
-229
-236
-229
-263
-199
-218
-332
-378
-447
-386
-347
-249
-226
-163
-127
-237
-180
-309
-126
-128
-98
-157
-316
-172
-270
-329
-339
-272
-199
-144
-77
-56
-28
-139
-112
-256
-354
-216
-281
-183
-241
-123
-126
-46
44
-20
10
3
147
142
187
182
367
373
208
254
228
222
221
349
389
426
609
531
499
436
313
329
364
435
430
474
564
561
516
630
576
549
555
515
594
584
720
568
724
648
581
661
563
592
498
569
402
402
465
535
423
400
352
380
384
254
254
153
213
166
159
148
139
94
68
110
-39
16
3
68
84
179
72
53
164
69
87
148
278
66
71
29
-111
-6
-58
-11
-156
-336
-318
-374
-398
-386
-337
-345
-434
-392
-336
-402
-382
-371
-359
-321
-220
-165
-149
-8
-39
-29
5
-6
109
36
94
79
44
128
285
191
256
277
201
368
492
544
522
587
479
398
352
280
236
266
219
266
219
341
374
302
370
335
247
242
295
256
245
220
266
222
345
270
403
356
131
314
197
225
197
133
124
62
-72
-61
-96
-259
-435
-452
-572
-648
-586
-656
-689
-626
-634
-676
-647
-649
-711
-623
-600
-617
-435
-401
-471
-352
-314
-345
-228
-220
-232
-236
-298
-256
-332
-346
-236
-269
-180
-124
-81
-50
-100
-51
-78
-27
-56
-84
-143
-99
-118
-167
-174
-185
-114
-22
125
57
134
144
-19
12
35
-74
-42
-42
-38
51
135
229
116
176
211
302
426
358
455
485
361
277
289
308
367
322
351
312
378
271
196
248
207
300
156
106
124
81
90
124
149
166
-9
-2
52
-31
-79
-100
-159
-218
-379
-356
-201
-244
-274
-185
-254
-174
-142
-173
-172
-172
-164
-104
18
-3
-158
-217
-58
-77
12
29
12
130
87
-62
-10
-45
-5
0
-55
-43
-125
-74
-23
-50
-112
-113
-165
-205
-231
-111
-133
-139
-108
-115
-51
-141
-90
-119
-164
-131
-148
-190
-116
-225
-190
-316
-341
-240
-311
-264
-342
-434
-617
-514
-433
-463
-485
-594
-522
-586
-701
-732
-617
-561
-663
-719
-727
-748
-728
-755
-781
-729
-742
-612
-554
-573
-592
-533
-566
-505
-321
-334
-278
-229
-263
-281
-225
-274
-269
-288
-157
-120
-196
-18
10
83
253
345
286
375
476
643
680
772
862
883
801
920
844
762
819
703
654
542
499
552
498
632
542
522
591
520
448
387
360
255
345
139
111
191
45
-19
-35
-79
-274
-122
-63
-156
-108
-86
-234
-257
-268
-319
-377
-470
-449
-529
-492
-411
-447
-455
-550
-547
-610
-655
-598
-654
-558
-625
-613
-662
-774
-816
-699
-731
-741
-653
-618
-599
-530
-440
-499
-442
-379
-302
-418
-255
-101
-140
-66
14
71
-57
50
85
138
-5
-37
-77
-122
-60
-128
-6
74
100
159
162
20
-9
41
-98
-151
-205
-164
-94
-30
74
4
210
31
-4
-24
-53
49
29
65
22
13
-91
-98
36
190
225
260
299
314
299
325
358
349
301
264
359
295
305
286
331
317
249
392
480
530
521
541
576
611
654
660
750
700
739
842
753
646
613
647
589
673
613
732
690
784
960
810
761
686
716
691
544
433
474
355
404
361
145
205
110
147
15
-35
28
-17
-45
-68
-86
26
63
-64
74
-54
-63
-26
18
33
-37
71
8
51
90
163
161
172
244
318
404
378
395
229
409
450
435
477
383
423
276
341
295
343
407
377
450
389
421
366
534
594
566
716
621
543
639
594
630
752
665
829
769
729
769
808
834
727
697
461
434
500
381
393
366
396
390
315
307
245
79
-96
-137
-155
-114
-172
-238
-249
-203
-274
-246
-292
-476
-516
-402
-332
-267
-355
-416
-443
-413
-475
-440
-504
-608
-573
-646
-658
-720
-767
-751
-743
-732
-662
-562
-624
-692
-694
-765
-885
-829
-854
-894
-807
-891
-992
-1048
-1108
-1208
-1161
-1271
-1239
-1299
-1239
-1156
-1099
-1111
-1041
-1089
-1111
-1045
-1081
-1014
-989
-896
-978
-919
-833
-749
-654
-667
-632
-641
-459
-351
-202
-111
-53
-20
4
47
25
146
80
118
127
182
152
296
85
183
229
106
18
-37
19
-17
-76
-155
-60
32
187
253
390
296
206
220
41
128
212
314
238
111
153
37
152
101
36
9
-95
-173
-275
-262
-266
-238
-391
-523
-322
-392
-473
-522
-518
-536
-582
-443
-464
-645
-546
-540
-457
-542
-407
-403
-421
-419
-409
-256
-325
-158
-109
53
44
50
164
85
85
45
87
57
18
92
52
70
123
223
214
215
268
343
263
241
157
-69
-132
-145
-308
-203
-182
-174
-126
-230
-84
-66
-10
58
90
175
231
239
189
223
269
542
527
614
724
639
671
569
633
707
805
962
969
926
852
776
807
932
952
821
895
869
784
797
742
817
753
655
616
649
601
537
467
372
331
358
303
297
257
212
265
261
266
184
-19
-94
-56
-173
-172
-131
-149
-121
-33
-163
-126
3
46
-14
-85
-139
-15
-80
-53
8
-37
-10
-80
-35
-82
-121
-42
-82
-98
3
-25
-68
-101
-112
-54
14
187
259
260
424
359
299
373
374
441
374
430
361
355
251
186
244
215
130
96
248
131
269
412
250
257
294
441
486
463
590
611
512
409
402
430
572
647
798
777
766
878
835
876
714
762
659
740
643
402
528
434
440
331
275
319
224
181
207
163
144
71
152
202
124
9
-44
-20
-111
-126
-174
-83
-20
-32
-64
-91
-104
6
-127
-186
-240
-224
-262
-225
-296
-323
-398
-544
-459
-563
-515
-620
-558
-605
-635
-600
-515
-641
-523
-379
-579
-572
-517
-608
-617
-668
-828
-839
-857
-811
-710
-631
-560
-648
-668
-716
-840
-820
-834
-805
-821
-741
-775
-793
-736
-809
-789
-723
-708
-706
-796
-866
-885
-882
-823
-755
-692
-693
-659
-686
-544
-540
-546
-507
-447
-304
-256
-200
-137
-105
-117
-28
-28
45
45
103
175
160
203
126
152
158
202
192
225
276
338
345
324
279
166
121
133
91
67
72
115
230
131
77
148
137
203
207
154
238
227
201
208
316
188
112
-61
181
180
135
235
106
140
104
32
-10
42
-81
-67
-230
-358
-341
-282
-213
-308
-148
-122
-138
-155
-144
-6
-113
-40
38
-86
-124
-85
-46
-199
-83
-210
-403
-419
-413
-475
-427
-448
-540
-499
-400
-292
-337
-299
-237
-213
-212
-193
-305
-257
-289
-295
-186
-139
-35
-42
168
27
49
53
14
121
128
91
81
219
165
181
106
31
26
-45
57
33
-9
116
34
-99
54
90
2
-15
-14
83
66
23
-24
-137
-214
-306
-257
-238
-201
-83
-45
-71
-170
-289
-273
-316
-208
-120
-146
-200
-155
-152
-229
-85
45
143
75
139
218
42
51
-28
-14
-81
23
24
85
-46
-73
-65
-70
-21
-108
-209
-238
-144
-271
-100
-79
-4
-58
-14
77
40
63
67
35
23
151
178
316
436
325
361
446
385
353
396
361
272
275
357
346
463
453
478
537
507
534
540
415
270
128
194
176
219
344
340
399
339
261
270
329
372
429
519
518
410
392
416
427
395
405
389
437
249
98
234
93
152
256
298
382
342
208
186
220
267
323
422
435
418
504
350
392
391
400
338
390
299
241
291
241
301
369
405
378
343
313
297
495
470
493
486
398
307
289
277
123
93
-42
-115
-137
-176
-186
-253
-244
-86
-161
-192
-176
-240
-275
-184
-193
-358
-307
-324
-318
-478
-561
-590
-533
-555
-639
-686
-749
-803
-753
-741
-726
-697
-638
-598
-598
-641
-688
-458
-541
-483
-507
-547
-574
-507
-436
-531
-453
-476
-383
-416
-407
-309
-319
-301
-324
-226
-157
-253
-266
-292
-415
-408
-262
-162
-108
-59
-120
-133
-164
-263
-230
-173
-81
56
140
178
209
241
234
220
362
303
289
261
207
210
219
222
148
232
336
302
383
441
405
468
384
372
424
374
320
285
206
157
189
272
349
289
274
136
-84
17
58
-8
-108
-217
-171
-207
-200
-97
-64
-35
84
135
206
187
221
270
258
385
285
270
290
266
280
292
258
105
246
13
-32
34
77
13
-55
-86
7
10
46
-21
-77
60
-48
-165
-253
-118
-105
-138
-153
-234
-360
-376
-340
-286
-296
-321
-271
-212
-165
-156
-303
-253
-196
-260
-283
-364
-335
-340
-292
-277
-95
-112
-66
-96
-113
-39
103
209
188
215
220
47
90
89
62
97
31
6
-73
70
94
84
36
79
25
108
-106
-96
-128
-70
66
9
54
63
35
7
-23
-72
-91
-182
-88
-179
-185
-193
-93
108
11
48
121
32
-10
-76
-185
-331
-306
-262
-215
-165
-147
-169
-133
-119
21
121
41
26
54
128
282
414
417
512
420
455
542
423
507
396
292
344
303
200
219
110
304
280
176
104
14
44
51
43
82
95
156
175
140
152
221
358
368
538
555
616
564
667
717
616
613
632
628
607
648
566
586
591
615
600
620
770
859
888
827
816
754
711
875
854
873
714
708
686
565
612
449
460
338
346
414
493
476
499
563
484
508
371
443
353
528
525
422
603
487
521
494
567
496
426
271
266
0
0
0
0
0
0
0
0
0
0
0
0
0
0
0
0
0
0
0
0
0
0
0
0
0
0
0
0
0
0
0
0
0
0
0
0
1
0
0
0
0
-1
0
0
0
0
0
0
0
0
0
0
0
0
0
0
0
0
0
0
0
0
0
0
0
0
0
0
0
0
1
0
0
0
0
0
0
0
0
0
0
0
0
0
0
0
0
0
0
0
0
0
0
0
0
0
1
1
0
0
0
-1
1
1
0
0
0
0
0
0
0
0
0
0
0
1
0
0
0
0
0
0
0
0
0
0
0
0
0
0
0
0
0
0
0
0
0
0
0
0
0
0
0
0
0
0
0
1
0
1
0
0
0
0
0
0
1
0
0
1
-1
0
0
0
0
0
0
0
0
0
0
0
-1
0
-1
0
0
0
0
0
-1
0
0
0
0
0
0
0
0
0
0
0
0
0
0
0
-1
0
0
0
0
0
0
1
0
0
0
0
0
0
0
0
0
0
0
0
0
0
0
1
0
1
0
0
0
0
1
0
0
0
-1
0
0
0
0
0
0
0
0
0
0
0
0
0
0
0
0
0
0
0
0
0
0
0
0
0
0
0
0
0
0
0
0
0
0
0
0
0
0
0
0
0
0
