0
0
0
0
0
0
0
0
0
0
0
0
0
0
0
0
0
0
0
0
0
0
0
0
0
0
0
0
0
0
0
0
0
0
0
0
1
0
0
0
0
-1
0
0
0
0
0
0
0
0
0
0
0
0
0
0
0
0
0
0
0
0
0
0
0
0
0
0
0
0
1
0
0
0
0
0
0
0
0
0
0
0
0
0
0
0
0
0
0
0
0
0
0
0
0
0
1
1
0
0
0
-1
1
1
0
0
0
0
0
0
0
0
0
0
0
1
0
0
0
0
0
0
0
0
0
0
0
0
0
0
0
0
0
0
0
0
0
0
0
0
0
0
0
0
0
0
0
1
0
1
0
0
0
0
0
0
1
0
0
1
-1
0
0
0
0
0
0
0
0
0
0
0
-1
0
-1
0
0
0
0
0
-1
0
0
0
0
0
0
0
0
0
0
0
0
0
0
0
-1
0
0
0
0
0
0
1
0
0
0
0
0
0
0
0
0
0
0
0
0
0
0
1
0
1
0
0
0
0
1
0
0
0
-1
0
0
0
0
0
0
0
0
0
0
0
0
0
0
0
0
0
0
0
0
0
0
0
0
0
0
0
0
0
0
0
0
0
0
0
0
0
0
0
0
0
0
205
214
333
275
429
318
301
275
272
294
295
360
377
476
443
406
426
371
256
291
257
490
493
450
435
294
243
179
123
84
-21
-83
5
34
-22
-37
-72
-146
-223
-380
-343
-590
-648
-620
-801
-684
-706
-794
-754
-735
-809
-831
-821
-947
-993
-1026
-992
-999
-990
-1021
-962
-974
-1094
-946
-889
-650
-529
-465
-287
-156
-175
-258
-331
-335
-487
-414
-282
-371
-404
-424
-358
-492
-392
-310
-399
-451
-445
-541
-563
-499
-481
-535
-805
-775
-759
-785
-820
-896
-865
-795
-890
-768
-687
-456
-446
-618
-647
-715
-799
-929
-964
-839
-875
-938
-839
-795
-836
-770
-849
-851
-741
-823
-804
-895
-882
-978
-1160
-1144
-1082
-1092
-990
-864
-723
-660
-865
-839
-864
-951
-1197
-933
-440
-769
-717
-987
-1183
-1053
-892
-1012
-1003
-588
-740
-830
-712
-609
-693
-679
-667
-667
-326
-244
-571
-514
-485
-391
-269
-439
-464
-539
-357
-507
-499
-732
-561
-377
-315
-281
-516
-352
-258
-156
15
187
268
253
291
237
338
311
394
314
284
386
422
479
321
389
350
270
150
288
277
286
301
219
119
173
240
336
293
370
491
466
420
428
461
407
435
565
642
548
640
588
413
508
504
514
447
407
345
381
374
386
421
695
748
568
405
329
410
539
432
636
659
692
808
657
699
540
595
544
595
507
542
505
604
487
435
445
371
475
550
498
395
440
413
555
590
539
501
455
418
312
207
156
88
80
156
272
515
575
294
285
-25
86
156
110
362
418
336
143
-183
-313
-245
-365
-562
-392
-401
-421
-483
-509
-453
-487
-583
-598
-304
-331
-370
-544
-445
-313
-161
-206
-354
-513
-410
-293
-278
-404
-213
-123
-88
-205
-389
-378
-367
-256
-270
-125
-17
49
-27
28
78
223
337
475
593
779
858
641
657
653
579
699
850
822
945
879
817
876
673
749
851
881
831
1003
1045
1077
965
780
928
730
794
876
789
714
870
823
611
610
515
451
414
372
479
501
330
225
172
171
105
97
43
39
18
-73
-100
-140
-210
-236
-138
-323
-292
-252
-342
-355
-324
-455
-471
-444
-417
-501
-574
-534
-516
-475
-641
-557
-481
-322
-318
-280
-310
-318
-334
-348
-274
-386
-318
-313
-262
-307
-179
-87
-2
12
-31
-60
-218
-304
-460
-349
-351
-358
-457
-608
-572
-670
-591
-559
-520
-334
-374
-507
-536
-657
-698
-615
-581
-625
-621
-690
-648
-741
-890
-935
-973
-975
-1006
-1011
-938
-806
-771
-723
-819
-878
-906
-689
-732
-680
-617
-615
-418
-542
-477
-565
-522
-563
-603
-558
-514
-502
-622
-642
-573
-526
-559
-664
-646
-455
-531
-433
-425
-523
-424
-383
-298
-296
-209
-100
-197
-233
-224
-134
-78
-4
112
199
218
93
205
209
239
259
272
184
290
277
201
258
257
234
249
348
165
334
186
71
35
109
83
127
85
-15
134
105
210
324
352
531
719
505
580
537
466
500
434
493
406
585
524
599
556
360
415
474
529
499
675
539
637
525
415
174
229
344
496
651
507
593
561
557
505
663
596
647
720
722
679
728
791
723
763
655
596
653
657
624
510
623
495
422
499
414
488
332
289
475
361
318
377
420
427
340
388
403
246
281
312
235
87
123
-45
-140
20
12
24
42
192
225
253
287
365
461
523
416
330
336
445
355
216
339
233
315
255
132
141
61
101
27
73
146
147
150
250
261
174
301
232
266
238
148
119
35
58
-16
-40
-79
-8
-64
-19
12
-30
-19
-122
-186
-238
-325
-283
-193
-177
-210
-144
-145
7
-17
56
44
-9
36
-170
-250
-375
-328
-370
-428
-406
-390
-374
-280
-206
-127
-23
60
-40
19
97
109
185
154
237
168
237
398
438
467
577
580
523
532
663
596
675
648
638
643
740
718
583
571
450
540
330
317
367
441
403
417
272
190
249
137
120
35
4
-90
-165
-48
51
68
-128
-299
-281
-200
-144
-292
-388
-301
-247
-332
-368
-512
-475
-431
-724
-781
-601
-439
-545
-506
-507
-696
-733
-650
-630
-612
-556
-706
-686
-790
-738
-716
-798
-689
-700
-822
-714
-693
-571
-475
-590
-766
-667
-694
-656
-487
-657
-665
-718
-599
-646
-774
-658
-608
-700
-670
-629
-665
-818
-861
-1125
-1101
-937
-1119
-1089
-991
-924
-1064
-1158
-1329
-1290
-1145
-1184
-1026
-1019
-1096
-1000
-1082
-1057
-1061
-982
-932
-859
-823
-760
-704
-597
-493
-504
-402
-461
-488
-442
-334
-257
-327
-396
-175
-129
-273
-191
-145
-257
-138
-126
-179
-130
-275
-186
-254
-162
-127
-146
-111
-34
106
89
12
181
65
91
190
337
418
424
338
335
385
302
370
324
435
476
544
553
513
498
491
609
697
626
556
602
748
812
781
772
716
764
862
747
736
889
899
823
793
711
776
715
631
676
598
712
566
553
698
643
599
581
494
415
453
533
561
573
495
429
539
565
567
637
538
658
702
799
867
782
713
652
694
623
656
635
708
742
696
753
809
662
547
641
727
699
741
753
804
848
845
920
875
896
874
996
1046
1122
1025
1063
996
895
871
773
762
610
547
468
467
420
533
452
430
482
384
452
280
283
384
363
451
414
445
460
415
291
326
340
438
444
396
407
432
355
217
379
274
306
328
198
245
216
237
297
345
444
479
522
540
434
285
156
210
290
345
368
345
348
355
262
163
42
63
62
108
182
293
462
627
491
458
586
348
368
290
290
286
257
209
244
223
165
-16
24
115
57
204
107
-44
-26
80
37
31
246
194
204
176
83
-32
-29
99
126
100
-2
244
317
387
408
364
309
370
496
513
530
409
334
299
195
205
72
-152
-282
-223
-232
-320
-59
-171
-215
-199
-217
-284
-550
-531
-486
-452
-398
-414
-326
-297
-341
-388
-389
-409
-295
-376
-380
-322
-373
-430
-497
-684
-645
-522
-717
-646
-603
-607
-712
-603
-531
-587
-548
-655
-717
-811
-913
-980
-1056
-995
-955
-1149
-1107
-1168
-1177
-1151
-1183
-1044
-1003
-1067
-1125
-1217
-1270
-1431
-1409
-1365
-1324
-1333
-1400
-1376
-1296
-1460
-1503
-1396
-1465
-1453
-1440
-1353
-1451
-1500
-1514
-1406
-1354
-1268
-1333
-1478
-1417
-1304
-1218
-1169
-1284
-1250
-1235
-1178
-1040
-989
-928
-1003
-972
-1053
-1001
-975
-819
-777
-690
-668
-688
-602
-594
-591
-696
-558
-474
-426
-294
-332
-386
-471
-417
-345
-338
-273
-328
-253
-276
-227
-250
-101
-56
-211
-122
-100
-11
71
180
53
183
302
294
428
442
570
751
836
926
1018
1083
1185
1126
1155
1273
1232
1190
1064
1026
1061
911
1043
949
769
642
471
244
46
77
-129
-54
-79
-98
-140
-75
30
-12
91
146
128
199
305
555
582
660
916
1015
1218
1219
1272
1163
1145
1063
1010
1008
953
850
726
614
547
524
479
414
336
254
126
54
74
215
233
187
208
345
442
368
331
472
713
783
659
984
1086
1021
842
1078
1266
1118
1090
1307
1254
1188
1279
1119
1157
1109
1036
1046
956
923
930
813
782
729
449
607
682
636
588
722
726
658
722
760
836
772
799
816
732
792
759
457
629
595
375
238
398
388
290
272
272
202
19
-121
-159
-200
-271
-164
-112
-259
-47
-217
-273
-313
-271
-35
29
206
287
235
438
476
352
246
452
517
243
337
307
104
221
256
184
73
64
-185
-225
-9
96
308
101
138
171
210
176
19
119
390
118
117
181
235
121
32
131
-3
230
158
290
377
482
260
416
482
486
429
361
181
153
595
223
325
195
22
-117
212
109
37
183
36
-188
-265
-267
-417
-145
-405
-296
-389
-189
-485
-283
-496
-495
-406
-479
-641
-730
-517
-531
-712
-767
-643
-679
-622
-770
-494
-517
-458
-494
-496
-301
-177
-313
-255
-427
-653
-619
-576
-876
-718
-438
-770
-814
-442
-788
-817
-616
-652
-715
-481
-586
-950
-409
-559
-849
-716
-722
-901
-755
-838
-1068
-904
-723
-742
-867
-670
-437
-972
-784
-689
-858
-869
-770
-749
-632
-891
-905
-1161
-949
-1044
-1314
-953
-991
-1299
-1488
-863
-1503
-1553
-1357
-1482
-1593
-1400
-1305
-1805
-1119
-1178
-1446
-1463
-1501
-1189
-1447
-1313
-1009
-1015
-1218
-1109
-951
-953
-741
-811
-758
-364
-921
-718
-525
-661
-697
-789
-726
-571
-509
-351
-568
-250
-159
-305
-150
-398
118
66
-8
18
200
259
93
369
351
469
359
328
593
614
969
1024
948
804
862
806
327
807
616
737
984
789
647
1205
1231
701
1174
1374
884
1202
1411
965
1167
1428
947
1047
1032
538
828
800
512
407
884
410
769
581
328
412
359
238
-163
562
391
294
97
226
308
107
482
347
384
375
471
314
469
478
482
1119
92
852
422
570
487
727
819
686
1116
466
1149
781
837
871
770
853
499
1129
537
824
728
724
489
697
586
540
528
790
570
79
715
232
409
851
93
379
529
120
-386
340
56
-147
465
286
306
197
674
-212
510
-277
282
-119
171
-138
-123
379
-247
108
-33
467
-88
6
368
-47
316
-11
452
273
220
729
91
-10
72
342
-526
185
214
274
-224
-113
155
-92
106
-440
590
15
682
-376
795
-217
166
515
338
-53
552
48
-214
-44
-144
69
-926
-111
-556
492
-1133
156
-254
34
-833
-137
-406
-418
-369
-361
282
-626
413
-393
384
-868
531
-637
-196
-211
-375
43
-535
200
-831
212
-1183
227
-881
-626
-767
225
-761
-448
319
-614
114
-645
21
-868
312
-1009
399
-681
-250
-323
-703
-774
-701
-299
-1007
-535
-895
-562
-852
-525
-1068
-465
-690
-554
-651
-1022
-438
-1021
-584
-912
-698
-585
-1195
-839
-959
-828
-921
-1062
-274
-1033
-563
-1081
-718
-1418
-1033
-1017
-1036
-319
-1053
-819
-1087
-501
-1008
-782
-522
-51
-400
-445
-260
125
-305
-340
275
-196
20
-269
-11
-326
-138
-145
-354
242
-350
171
-166
-158
-879
30
-164
-820
-64
-202
-239
-925
-243
-119
-314
-643
370
-641
140
-795
-40
-752
-51
-804
-387
61
-580
-123
-661
409
-657
540
92
-11
593
257
226
-76
1130
138
689
735
786
424
905
-47
676
820
319
289
1051
636
357
903
416
401
784
359
629
928
688
614
762
869
882
757
527
1226
681
573
931
885
709
972
635
892
1143
698
863
999
927
351
1361
565
934
1237
1331
565
1241
833
947
523
899
832
631
1094
378
1063
340
754
-43
1134
324
429
544
1113
136
348
789
735
275
439
1237
-56
414
536
-27
590
856
1021
9
1578
338
653
771
651
627
1216
492
425
956
183
606
625
562
792
714
564
826
381
597
370
428
687
933
348
78
976
106
-57
614
611
634
79
303
372
499
-94
130
286
179
96
49
-73
278
-580
-114
-356
-273
-4
-228
-686
-289
-49
-1167
-918
-533
-650
-622
-696
-478
-538
-805
-606
-1017
-1017
-463
-1059
-615
-669
-569
-915
-944
-1301
-1003
-727
-1591
-1073
-910
-1451
-1273
-1359
-1152
-1044
-899
-1255
-569
-1085
-1366
-845
-2367
-885
-1447
-1038
-1711
-509
-2119
-1675
-1176
-2098
-798
-1086
-978
-1512
-861
-2111
-1407
-971
-1792
-1251
-610
-1082
-1509
-643
-869
-1023
-974
-271
-920
-850
-1041
-517
-1095
-1115
77
-763
-232
-713
-601
-62
-896
-590
-97
-540
-461
-590
-237
-394
-222
-224
-494
410
-539
425
-568
-247
-438
-318
-583
-187
211
-368
-409
-166
172
-760
361
-268
24
-114
-100
-34
-174
324
-135
326
156
281
-285
268
488
153
-79
339
42
440
423
-291
739
387
-268
-141
1091
457
-195
988
376
510
828
571
-129
811
409
3
555
41
502
470
352
-462
1183
537
424
73
1096
927
484
967
-198
1196
714
608
-13
1113
828
53
315
386
731
321
706
-79
940
515
399
473
1065
641
690
590
546
893
767
946
1215
625
1145
924
687
1152
1175
634
1097
1207
541
982
1197
593
533
928
757
1050
353
586
654
487
-289
98
1088
-446
277
-27
124
-326
-379
159
-87
-107
15
-466
-468
-279
-521
318
-491
267
214
20
261
63
557
-104
1064
-154
912
458
576
47
1026
708
109
1225
28
578
331
1599
-233
1652
832
911
1577
438
1594
901
1111
382
1375
236
635
855
148
904
474
644
755
561
12
732
341
689
23
848
542
148
711
417
323
76
1166
496
144
624
965
-30
-79
220
0
622
-455
488
-339
193
-609
-122
-452
19
-475
-658
-37
-1018
-725
-967
-576
-727
-317
-1084
-551
-717
-641
-1336
-165
-846
-1024
-757
69
-974
-1081
-121
-216
-1000
-603
67
-901
-1224
-201
-415
-702
-578
-630
-733
-787
-1355
-775
-773
-901
-497
-646
-555
-754
-694
-718
-694
-125
-781
-610
-987
-675
-396
-1046
-394
-629
-271
-1015
-827
-227
-970
-977
-676
286
-543
-619
-35
-1133
-608
-409
-758
-491
-163
-331
-187
-384
-642
-251
-273
-909
-452
386
-1091
-720
-375
-673
-1247
-838
-112
-1692
-744
-1038
-632
-976
-1341
-499
-908
-1183
-953
-834
-987
-696
-1088
-526
-914
-1006
-1570
-544
-848
-1300
-497
-863
-1007
-1727
-825
-1071
-1442
-1412
-968
-1200
-1059
-1013
-1018
-1143
-896
-805
-831
-577
-827
-334
-967
14
-667
83
-545
276
218
-119
-84
353
661
120
678
417
956
984
236
1061
915
1172
463
1201
1026
911
1142
777
923
432
1265
786
873
1213
671
423
991
531
1091
1376
716
1094
912
686
684
872
38
709
779
350
511
401
255
144
89
174
226
-61
372
360
-259
527
462
646
212
794
337
96
1201
-297
768
647
835
155
571
589
263
1115
59
945
734
933
452
1059
670
1087
1098
679
1723
1459
1298
827
1690
889
1530
1714
1345
1773
1370
1825
789
949
2467
1146
718
1333
2105
94
750
1833
1097
1417
1154
876
823
794
186
514
392
601
625
215
-3
-347
782
-386
-110
-549
829
-419
-966
218
-206
-1079
-452
-770
-933
-538
-427
-1170
-680
-160
-1208
-778
-1242
-419
-1258
-464
-1512
-1137
-385
-1060
-1528
-472
-525
-501
-470
-748
-395
-375
-212
-1058
-273
-126
-778
264
-858
-302
-365
-629
-1031
-1033
-229
-677
-373
-976
-874
-615
-741
-355
-272
323
-239
62
-466
-102
-974
295
-725
-231
-338
30
-472
-464
140
-880
81
31
711
-681
683
354
233
-716
572
278
-60
-102
-175
571
-1194
496
-696
-707
171
-939
-542
-761
-172
-694
309
-745
-962
-150
-661
-768
-117
-102
-715
-242
-1331
-622
-1598
53
-244
-923
-520
-318
-463
-1122
-745
-383
-463
-92
-1312
-199
630
-1096
3
-373
281
13
132
-50
494
60
-823
613
-683
12
76
682
-617
275
-25
-566
-239
-83
142
-123
1428
-663
182
-186
-189
76
-287
381
301
972
-402
-133
657
557
-271
460
1369
415
844
747
264
1103
491
-475
619
761
141
501
487
294
542
-305
-387
513
0
-212
973
84
48
-232
-407
-283
950
45
-109
659
162
-303
-112
308
320
789
142
761
834
262
-830
269
849
963
602
872
1031
15
439
114
249
410
311
218
666
277
105
648
182
110
-242
-59
348
554
65
490
626
183
64
81
568
32
387
671
259
564
887
453
60
1089
852
491
1377
1197
229
1268
1046
211
1
600
764
1449
1306
-141
778
-118
-691
-638
456
976
482
761
-164
345
11
184
-81
-40
468
357
130
-464
642
147
-193
-657
-154
-106
38
-199
-248
125
221
77
-318
-634
-468
-163
-1540
-958
-425
-402
-522
-488
-999
-1000
-1645
-1744
-715
-1116
-763
-750
-1141
-1260
-1060
-517
-1318
-1472
-1060
-455
-522
-739
-734
-844
-1086
-1423
-927
-506
-589
-412
-366
-726
-579
-749
-1057
-512
-12
112
-111
-378
-479
-241
-549
-429
-386
-299
-916
-804
-280
-507
-801
-599
-4
-400
-772
-804
-740
-300
-480
-577
59
-582
-667
-899
-70
361
69
-357
-322
-65
-425
-189
-46
1238
1112
-67
18
81
-165
-246
696
980
1008
545
-192
-168
-176
236
277
215
471
442
10
-699
168
431
64
137
566
297
-836
-614
-333
-102
-210
68
580
-79
-1055
-1036
-609
-798
-142
56
7
-597
-1071
-1072
-1696
-1502
-1076
-723
-1114
-2179
-2757
-3616
-3824
-3917
-3513
-3939
-4317
-4666
-6038
-6737
-6764
-6207
-6085
-6531
-6944
-7461
-8400
-9556
-8886
-7172
-5572
-5060
-4332
-3704
-3749
-3326
-2027
-306
1189
3311
4594
6085
7322
8149
8490
9649
11018
11983
13383
14082
14083
13710
12713
11628
10774
9612
8216
7448
6377
4686
3039
1645
1021
253
-449
-704
-529
-1021
-1290
-652
95
1364
2213
2918
4223
5375
6168
7225
8616
9571
10604
10943
11095
11241
10483
10143
9585
8920
7616
6511
5322
3259
1521
297
-1499
-2985
-4827
-6295
-7478
-8440
-8992
-9748
-10617
-11169
-11469
-12553
-12841
-12825
-12862
-13170
-14025
-14919
-15946
-17524
-18964
-19096
-18450
-16905
-12611
-7613
-6862
-10249
-9768
-9053
-7488
-4790
2621
8573
9616
10278
12488
13911
13831
16718
20781
24427
26086
27601
25883
21305
18393
16553
14276
10605
8684
4657
-179
-4760
-6546
-7583
-11602
-13545
-15073
-16020
-18300
-17803
-15569
-14363
-11710
-7764
-3974
-2876
-1147
2334
5748
8781
12634
17479
19119
19631
20277
19993
18589
17554
17425
16015
14753
14261
13783
9773
5896
1957
-1489
-4599
-5889
-6092
-6537
-7288
-8800
-10081
-11203
-10647
-10464
-8174
-5183
-1895
161
1461
2645
3487
3572
3935
5874
6793
6729
5626
4660
2734
301
-1626
-3450
-6604
-9693
-11400
-13765
-17256
-20099
-22233
-24029
-26644
-27846
-29151
-31521
-32002
-29546
-24054
-18354
-14658
-15175
-14945
-13785
-10345
-4950
2770
11369
16328
19117
20980
22845
22843
23717
26654
30371
32526
31743
29095
23272
17671
12737
9234
4327
-936
-5839
-11164
-16172
-19247
-20393
-22523
-24220
-25519
-24870
-24227
-22335
-18007
-12960
-8500
-3434
3067
6714
9893
13903
18632
22361
25307
29041
31408
31271
29371
27831
24826
20442
16288
13212
9853
6258
2706
-1426
-6401
-11656
-15149
-16809
-15433
-15057
-14123
-13172
-12459
-12606
-11442
-8615
-5221
-1126
2753
7075
9237
10547
12238
13910
14311
14121
14943
14087
11612
9010
6674
2398
-2145
-5509
-8600
-11920
-15184
-16646
-17467
-19005
-20445
-21394
-22457
-23216
-23183
-22581
-21941
-21559
-22131
-23735
-24504
-23273
-21547
-16741
-7450
-870
-3170
-6195
-5443
-4951
-3950
3458
14579
17791
15784
14618
14840
12900
12696
17186
22052
24127
24075
22464
16431
10468
6845
5124
2276
-1017
-3899
-8249
-13075
-14603
-12540
-12949
-14491
-14479
-12573
-12574
-10276
-4640
-205
1730
5169
10987
13003
13913
16490
20245
21465
22327
24859
25090
22327
19124
17475
13676
9953
6703
3636
-152
-2780
-4444
-7598
-10916
-13194
-13820
-14720
-14163
-12835
-11197
-9180
-7002
-5094
-3258
-326
2228
3808
6472
10351
12755
13453
14343
14991
13902
11769
10572
9888
7531
5039
3109
742
-2787
-5887
-7392
-9181
-11255
-12782
-13062
-13910
-14498
-13716
-12670
-12125
-12098
-11840
-12196
-13230
-14008
-14893
-15653
-16456
-17671
-20147
-20937
-21804
-19471
-12069
-6555
-8686
-11482
-9138
-7344
-6224
14
11784
16695
16365
17436
20693
22063
22611
26651
31102
32430
30760
28004
22284
16473
12844
9704
3483
-4044
-8809
-14173
-19169
-20689
-17866
-17568
-19754
-19631
-16967
-15883
-14175
-7849
-1054
2905
7009
13637
17127
18498
21451
24937
25123
24711
26443
26242
23500
19916
16373
9330
2629
-1254
-5003
-9755
-12292
-13318
-15571
-18615
-21162
-21445
-21578
-20728
-18362
-14397
-10926
-6277
-531
3456
6046
10235
13248
14440
18286
23150
25171
25700
26184
23671
18648
14350
13725
12135
8870
6498
4141
16
-4761
-7813
-10162
-12287
-13866
-14296
-13981
-13478
-13707
-14605
-14612
-12827
-10220
-9447
-8705
-6741
-6175
-7988
-9945
-11584
-14808
-17407
-19386
-18847
-19105
-20274
-13712
-3628
-2380
-6005
-3507
-2030
-3569
644
14166
21039
19633
19425
20509
18358
17357
20419
22054
22655
22541
21755
15419
8396
3579
-1755
-9015
-14610
-17322
-21992
-26635
-27002
-22091
-20180
-20347
-19015
-15892
-12922
-8481
203
7567
11636
15789
22978
26685
26534
26428
26564
23988
20543
21152
21017
17222
11152
5903
-914
-8522
-14519
-16898
-17618
-18019
-16686
-16428
-18210
-20512
-19280
-16046
-12538
-6831
788
5884
8447
12436
16199
19065
22179
25014
27125
28265
28170
26891
24590
21100
17047
12181
7223
4131
1224
-2697
-5095
-6431
-10027
-13760
-14369
-13739
-14687
-14379
-10223
-7497
-9034
-8678
-4833
-4618
-6182
-3187
991
994
-170
-152
-1877
-7216
-11203
-12824
-16103
-20106
-22702
-25799
-30140
-32209
-32194
-26350
-14982
-8230
-11744
-13503
-12471
-13469
-11649
534
13902
18380
19192
19397
18446
16074
16951
18500
20823
22984
23799
19177
12510
6486
-584
-7897
-15279
-19102
-21405
-22471
-23671
-20544
-16930
-17065
-18415
-15636
-9875
-6798
-2402
5019
11482
13472
15776
19029
19052
16061
14891
15535
15281
15073
14893
12572
7361
1611
-4251
-8565
-10174
-8557
-6460
-6068
-6834
-7452
-8588
-9250
-7515
-4227
207
5287
9397
12048
15459
16430
14454
14045
16207
16928
16775
17654
15879
11218
6307
3635
1949
-564
-1838
-1648
-1399
-1854
-2783
-4809
-5608
-5183
-3862
-2308
760
2597
1652
883
1030
73
-2338
-3323
-2008
-610
-794
-2321
-5829
-10219
-14343
-17099
-18649
-20163
-22368
-24517
-25962
-27517
-30252
-32416
-30551
-27519
-19567
-5688
3032
773
-247
1714
1993
5055
16370
26656
27800
25585
22720
19348
16352
16613
17079
17435
16983
15203
9112
1905
-4056
-8756
-13367
-18779
-20608
-20618
-21422
-22799
-18500
-13066
-10834
-8902
-2096
4143
5530
8910
14707
18146
19092
23652
27204
25523
21475
19413
16571
12489
10797
10400
9207
5822
2168
-2498
-6630
-9325
-9375
-8661
-7729
-5921
-3573
-1943
-1473
319
2077
3912
5911
8253
9881
12394
13500
12001
11060
10184
7439
5365
6533
6305
4355
2736
2059
692
-988
-2460
-2133
-469
268
311
1042
2553
2765
2153
3502
5151
3567
930
684
374
-1716
-3303
-4448
-6741
-9463
-10909
-12965
-16853
-19577
-19700
-19885
-21544
-22877
-24202
-25988
-26232
-25269
-23795
-22227
-21580
-19151
-14297
-6376
4687
11509
10104
8812
9423
9259
10231
16269
22565
23332
19780
15629
13932
12178
10399
9142
9298
7546
5157
1463
-1869
-5104
-9308
-14553
-20082
-20910
-19943
-18942
-17766
-12873
-8107
-5050
-2071
3534
7312
8022
11669
16915
20462
22342
25366
25421
21693
17415
15393
12001
8941
8434
8104
6253
2724
-887
-5151
-8314
-9724
-9441
-9551
-8174
-6413
-4528
-2106
-665
-195
-476
818
2797
5620
9271
11483
10235
9609
9031
6587
6124
6544
6499
6237
6174
4901
3314
1389
561
-399
-251
38
-987
-2347
-1359
-363
-1895
-2181
-1134
-2468
-5557
-6001
-6132
-7266
-8740
-8575
-8493
-10401
-11984
-12288
-13566
-15225
-14723
-13860
-13558
-14042
-13996
-13784
-13149
-12418
-12200
-12749
-13404
-14341
-15409
-14716
-12201
-5671
4218
9274
4944
1974
484
-3011
-2023
7111
14532
14416
12706
9990
7324
5443
5883
5427
6008
7386
7948
6025
3891
1037
-4159
-8234
-12039
-13012
-12460
-10561
-10255
-8222
-4097
-1689
-1484
1146
4692
6068
8798
13130
17196
18322
19913
19423
16086
12867
12210
11743
10305
8941
7858
6275
2300
-876
-2965
-4525
-5763
-6146
-6303
-5582
-4682
-4021
-3061
-598
1643
688
1000
4094
6600
8029
10599
12975
12834
10997
9670
8457
6708
5830
5148
4050
2839
2194
1024
-622
-1265
-1561
-2295
-1971
-560
21
-424
65
1531
829
-1271
-2524
-3593
-5636
-6425
-4926
-2909
-2677
-4310
-5927
-7184
-8240
-9460
-9009
-7593
-7325
-7720
-8331
-9473
-11866
-13705
-13683
-13190
-13930
-14234
-14709
-14451
-13411
-11097
-4109
2309
802
-2618
-1869
-1062
-913
1682
7460
9951
8649
6348
6190
8139
9986
10193
10713
12300
11875
9436
7614
7695
4609
-1150
-7266
-10206
-10333
-10039
-10765
-9969
-5889
-2439
-267
2802
6855
7856
8485
11399
14810
16242
17252
17338
15961
15597
15789
14026
9864
7075
5616
4320
3226
3220
2430
-468
-3549
-5834
-7681
-9224
-9391
-8068
-5143
-2040
197
630
1113
2398
3569
5130
6434
8236
8827
8463
8861
8428
5228
1205
-1360
-2381
-2730
-1605
129
706
558
-471
-2151
-4078
-4310
-3271
-1150
1524
2628
1029
-1832
-4108
-5656
-6661
-6309
-4087
-1581
-624
-1929
-3125
-4550
-7518
-10257
-10437
-8832
-8114
-8496
-9855
-12999
-16299
-17927
-18912
-20041
-20304
-19123
-19123
-20577
-19939
-18916
-17538
-11207
-3332
-2526
-4783
-4628
-4410
-4798
274
8579
12095
11872
11615
14297
17419
19440
18645
18158
17575
17165
14485
11673
9760
5076
-556
-6048
-8893
-10918
-13687
-17335
-15720
-10631
-6449
-4220
-562
1993
472
300
2968
6549
10386
16104
20235
22289
22370
21044
17398
13885
12720
12857
13183
12992
12271
9305
3902
-2169
-6141
-9913
-12503
-11933
-8000
-4372
-2662
-1649
-2703
-4837
-5400
-3721
-2134
1477
6052
8542
8228
6695
4034
1347
-624
-984
1186
3413
5062
5897
6303
4510
970
-1262
-431
508
291
574
1136
116
-1815
-3054
-4280
-6274
-8518
-8247
-5666
-3578
-3072
-2851
-3664
-6721
-10772
-12567
-12095
-12125
-12446
-12281
-12607
-14877
-17867
-19130
-19518
-20267
-19876
-18367
-17262
-14718
-12115
-11223
-7758
-1644
-503
-2195
389
4519
6115
8626
13773
16525
15900
13956
14440
17116
19807
20445
19641
17690
14461
10327
6800
4615
1606
-1286
-5018
-9587
-12689
-13970
-17092
-18613
-13931
-6836
-2766
329
4346
5813
6202
8167
12187
16980
22218
26028
27445
28535
28344
24341
18905
15839
13807
11372
9623
8978
6952
2206
-3384
-8680
-13776
-17480
-18067
-15302
-11048
-7645
-6136
-6316
-6367
-5441
-3907
-1446
2907
7411
9992
11420
13138
13151
11049
8971
6692
5188
4826
6072
7904
8078
7227
5249
1857
-228
-914
-1684
-2956
-3591
-2832
-2276
-3110
-5228
-7245
-8180
-8493
-8054
-5676
-2600
-2139
-3723
-4651
-5556
-7656
-9261
-8990
-8647
-10594
-13021
-13947
-14697
-15880
-15889
-15389
-16287
-17349
-17233
-16480
-14996
-13175
-10139
-4758
-1123
-444
446
1868
2867
3592
5775
9259
11803
11727
11798
14368
17157
17293
15071
12261
9578
8152
7127
6453
5193
2917
-1748
-8161
-12567
-14052
-15810
-17765
-14226
-7003
-1821
612
3315
5064
5035
5463
7628
11173
15686
20609
23436
24824
25225
23126
18420
14690
12877
11532
10508
9512
7604
3729
-1283
-7867
-14254
-17359
-18470
-19299
-18591
-16073
-13561
-12649
-12086
-10613
-9107
-7203
-4729
-763
3853
6178
7056
8795
11147
11028
8408
7012
6906
7499
8918
10162
10357
7858
4159
2647
2392
1107
-1684
-4656
-6680
-8006
-8952
-10128
-11462
-12691
-13107
-12914
-11889
-10105
-8889
-8672
-8474
-7269
-5835
-4862
-4361
-4055
-4361
-5766
-7722
-9109
-9638
-9198
-9261
-10457
-11471
-12837
-15249
-17346
-18060
-20097
-20877
-16833
-12173
-10185
-8554
-7479
-7951
-8282
-5469
-754
2157
5128
8865
13966
19184
22524
23501
22019
20035
19134
18567
17752
17130
16231
13610
7225
1559
-2224
-8280
-14555
-16244
-13603
-11254
-9658
-7588
-6550
-7682
-8723
-9060
-7296
-2447
3764
9662
15995
22162
24742
24041
22373
21505
20668
19931
19445
19489
18590
15271
10550
5503
-65
-5865
-10258
-12558
-13253
-12950
-12348
-12660
-13159
-13090
-13244
-13604
-12602
-9913
-7134
-4241
-448
3902
6726
7554
8942
11476
14051
15837
17027
18096
18395
17992
17470
16891
14534
9593
4511
811
-2469
-5668
-8606
-10700
-12799
-15552
-17157
-17239
-16539
-15860
-15386
-14726
-13314
-11178
-8978
-6954
-5706
-5452
-5477
-5152
-4803
-3818
-3052
-3597
-4909
-6489
-8048
-10054
-11455
-12769
-15419
-18439
-18223
-15984
-14616
-14014
-12446
-11618
-11545
-9395
-6153
-3376
-214
4309
8474
13188
19092
23825
25024
24917
25004
24065
22533
22069
22843
22126
18702
14278
10043
5765
1524
-2303
-5162
-6527
-6273
-6308
-7430
-8013
-8974
-10517
-10115
-6301
-1558
2728
7257
11219
14199
16766
17910
17791
18410
19542
20126
20514
21071
19431
15649
12579
10470
8299
6123
4591
2980
1193
-1244
-5063
-9054
-11375
-12429
-13220
-13241
-12342
-11643
-11974
-11911
-10651
-8997
-6799
-3392
1367
6294
9682
11242
12385
14364
16336
17162
17902
18728
17802
15241
12462
10067
6152
749
-3569
-6860
-10032
-13050
-15032
-15408
-16099
-17959
-19631
-20115
-19481
-18307
-16562
-14724
-13146
-11704
-10425
-9101
-7325
-5793
-4874
-3879
-2569
-1069
-321
-723
-3125
-6412
-8829
-10722
-12195
-11931
-10062
-9342
-10900
-12319
-12785
-14237
-15149
-14012
-11120
-7463
-3318
272
3084
6166
8660
9451
10353
12929
16171
18361
19745
21147
21439
20054
18345
17405
16384
14650
12357
9939
7658
5087
2648
708
-871
-2094
-3089
-3607
-4078
-5352
-6678
-7198
-6978
-6434
-5279
-3652
-2396
-1939
-1400
-60
1213
2568
3789
5717
8240
10037
10806
11247
11743
11352
9454
7459
6764
5559
3720
1848
-1
-3111
-5783
-6784
-7863
-8909
-8657
-8319
-8955
-8956
-8088
-7316
-7018
-5138
-1942
987
3089
4593
5547
5091
3864
3138
2747
2299
1550
419
-107
-669
-2032
-3530
-5040
-6124
-7231
-8186
-8527
-7939
-7537
-8038
-8780
-9405
-10489
-11848
-11976
-11227
-10289
-9911
-8941
-7723
-6997
-6529
-6881
-7074
-6980
-6621
-6360
-5925
-5377
-5371
-6309
-6780
-6347
-6281
-6030
-5837
-4913
-4073
-3284
-2590
-2534
-2214
-1650
-1685
-1666
-655
974
2429
3905
6088
7446
8303
9189
10551
12906
14628
15313
15163
14961
15061
14761
14175
13493
12984
12824
12145
10711
8723
6570
4240
2387
1178
381
-1058
-2820
-4341
-5487
-5911
-5989
-5760
-4730
-2566
-521
1055
2207
2806
2400
1794
1957
2641
3336
3492
3140
2911
2519
1316
260
-120
-351
-203
604
952
812
634
208
-307
-305
1241
3040
4990
6735
7256
6897
6249
5688
4447
3117
2890
1857
-12
-866
-1261
-2289
-4026
-5492
-5862
-5820
-5644
-5164
-5036
-5486
-6230
-6532
-6836
-7214
-7845
-8650
-8442
-7335
-6359
-5681
-4747
-3057
-2211
-2156
-1533
-1205
-2013
-3037
-2691
-1713
-1233
-701
-26
-134
-905
-2295
-3497
-4279
-4583
-4687
-4652
-4513
-4177
-4237
-5295
-6430
-6894
-7024
-6776
-4944
-2776
-1206
307
2232
4256
6058
7677
8532
9044
10164
11575
12425
13002
13570
13813
13649
13974
14464
13979
12651
11204
9755
8302
6572
4529
2655
779
-344
-752
-874
-912
-456
-133
119
1289
2756
3627
3400
3410
3765
4190
4517
4702
4235
3233
1800
838
500
304
515
903
1067
484
-135
-698
-1562
-2145
-1186
234
1360
2379
3181
3353
2915
2824
3015
2267
1501
1040
179
-516
-1049
-1534
-2796
-4034
-4460
-4921
-5098
-5269
-5520
-6475
-8132
-9263
-9748
-9609
-8973
-8581
-8815
-8582
-8428
-8508
-9016
-8926
-7754
-6590
-5979
-4949
-3941
-3736
-4550
-5196
-4911
-4391
-3719
-3091
-2539
-2369
-2798
-3573
-4012
-4325
-5325
-6546
-7170
-7322
-7316
-7339
-6959
-6521
-5879
-4720
-3449
-2085
-634
430
920
1774
3301
4188
4042
4915
6569
7837
8232
8404
8331
7818
7233
7059
7502
7704
7408
6342
5543
4532
3048
1788
967
839
1420
1995
2244
3017
4299
5830
7004
8175
9296
9423
8409
7180
7027
6700
5872
5161
4940
4053
1994
252
-664
-1593
-3128
-4435
-4705
-4617
-4874
-4569
-3722
-2693
-2264
-1906
-811
369
1267
1912
2405
3275
3934
3978
4050
4146
3207
1357
445
461
31
-584
-956
-1688
-3091
-4428
-5829
-7681
-9002
-9322
-9139
-9256
-9151
-9285
-9997
-10189
-9748
-9066
-8146
-7005
-5908
-5569
-5431
-5408
-5418
-4801
-3959
-2824
-1439
-180
517
900
1131
849
199
-155
6
113
-611
-1651
-2113
-2866
-3846
-4546
-4624
-4544
-4183
-2980
-1802
-713
-297
-534
-516
253
1450
2520
3465
4230
4613
4851
5156
5533
6313
7588
8307
8610
8929
9304
9037
8302
7564
6820
6523
6444
6237
6197
6241
5623
5259
5786
6548
6746
7154
7767
7547
6599
5776
5049
4281
3766
3555
3381
2942
2482
1657
924
540
228
387
1148
1772
1636
766
-33
-599
-947
-825
-213
505
1103
1267
597
-194
-1073
-2300
-3585
-3565
-3218
-3482
-3608
-3711
-4437
-5407
-5104
-4224
-3942
-3833
-3823
-3877
-3976
-3869
-3957
-4798
-5396
-5450
-5266
-4886
-3908
-2796
-2591
-3033
-2889
-3529
-4637
-4927
-4378
-3640
-3504
-3324
-3399
-3952
-4658
-4327
-3526
-2649
-1618
-1078
-630
-532
-607
-1334
-2108
-2972
-3259
-3445
-3619
-3429
-2877
-2633
-2850
-3145
-3505
-3472
-3154
-2014
-544
635
1119
1292
1543
2046
2867
3652
4059
4438
5416
6292
6701
7291
8173
8251
7638
7360
7314
7107
6419
6183
6346
5993
4987
4198
3992
3359
2205
1916
2259
1791
986
953
906
391
-183
-54
193
0
86
550
1530
2711
3378
3699
3806
3703
3569
3665
3834
3732
3690
3642
2855
1572
593
-362
-1874
-3489
-4147
-4793
-5768
-6869
-7273
-7418
-7692
-7769
-7582
-7018
-6578
-6169
-5660
-4732
-3852
-3518
-2859
-1845
-1161
-1163
-783
-756
-513
-427
166
870
1123
1170
962
444
-269
-1136
-2202
-3007
-3832
-4467
-4865
-5164
-5471
-5604
-5591
-5746
-5816
-5608
-5037
-5149
-4899
-4630
-4588
-4747
-4715
-4029
-3814
-3693
-3160
-2411
-2152
-2300
-2192
-1878
-1671
-996
-217
40
203
698
1196
1607
2308
2985
3135
3300
4439
6140
7594
8980
10221
10904
10753
10713
11042
11253
11304
11495
11795
11793
11263
10394
9346
7992
6803
5969
5276
4501
3573
2275
835
-330
-997
-1522
-1966
-1668
-1294
-894
-148
567
1193
1681
2337
3570
4875
5471
5896
6202
6417
6074
5210
4760
4465
3931
2905
2085
1031
-171
-1774
-3211
-4293
-4998
-5148
-5534
-5930
-6138
-6082
-6702
-7073
-6716
-6225
-6077
-5306
-4226
-3711
-3810
-3698
-3170
-2270
-1130
-344
778
1326
1436
1423
1747
1196
620
405
119
-492
-839
-1687
-3209
-4385
-5173
-5368
-6269
-6954
-6725
-6654
-6890
-6915
-6779
-6739
-7122
-7582
-7772
-7604
-7298
-7218
-6531
-5684
-5067
-4255
-3228
-2013
-1727
-1654
-1461
-779
-96
457
1425
2302
3320
3985
4906
6620
8337
9613
10805
11664
11958
12302
12457
12857
13148
12921
12404
11937
11742
11003
9262
7526
6614
6089
5317
4471
3492
1594
-513
-2188
-3035
-3715
-4444
-5246
-5748
-5404
-4563
-3682
-2993
-2129
-1371
-737
108
1646
3029
4032
4695
5229
5308
4874
4294
3766
3442
2944
2284
1439
303
-949
-2187
-3469
-4821
-5728
-6834
-8001
-8288
-8534
-9244
-9839
-9476
-8792
-8021
-7135
-6331
-5762
-5763
-5625
-5162
-4018
-2718
-1599
-342
961
1800
2019
2144
1422
465
-313
-1172
-1595
-1711
-2163
-3168
-4649
-6094
-7528
-9251
-10274
-10571
-10542
-10890
-11308
-11576
-11967
-12512
-13319
-13547
-13535
-13328
-12561
-10565
-7706
-5081
-3740
-3511
-2644
-1504
-96
1910
4530
6551
7813
8839
10637
12864
14712
16066
16626
17333
17962
18560
18467
18189
17486
16055
14447
13239
12240
10180
7421
4589
2530
904
-32
-681
-1698
-2959
-4563
-5935
-6864
-7098
-7349
-7196
-6431
-4745
-3136
-1625
53
1507
2828
3973
5513
7281
9038
10536
12217
13343
13609
13327
12443
10748
8620
6707
5155
3862
2243
424
-1556
-3939
-6495
-8522
-10126
-11609
-12353
-12704
-12733
-12510
-12158
-11632
-10782
-9385
-7417
-5276
-3491
-1458
303
1588
2265
3197
4404
5574
6389
7035
7550
7188
6081
4616
3205
1708
312
-1228
-2686
-4144
-5681
-7790
-10065
-11812
-13205
-14117
-14930
-15219
-15456
-15892
-16318
-16792
-17594
-17699
-17320
-16445
-13180
-8288
-4296
-2047
-80
1136
2136
3982
6849
10018
13068
15854
17918
20436
22831
24182
23934
22832
21755
21268
21037
20417
19891
18101
14455
9375
5179
1585
-2340
-5618
-7586
-8331
-8220
-7501
-7578
-8119
-8915
-9556
-9228
-7267
-3563
115
3174
6068
8682
10561
11927
12886
14051
15349
16494
17888
19200
19559
18324
16641
14760
12860
10562
7962
5174
2332
-712
-4064
-7180
-9524
-11631
-14308
-16418
-17059
-16759
-16501
-15755
-14360
-12938
-11304
-9194
-6385
-3501
-1436
-169
1365
3609
5806
7577
9210
10183
10017
9306
7922
6278
4360
2259
190
-1913
-3576
-5075
-7192
-9291
-11296
-13130
-14640
-15253
-15314
-15289
-14915
-14608
-14396
-14326
-14474
-14652
-14867
-14272
-13875
-13456
-13440
-13585
-13408
-12938
-12218
-10649
-6915
-3947
-2746
-2760
-1884
-983
-135
1235
3559
6599
8771
10705
12880
16068
17782
17912
17292
17150
17474
17639
17373
16643
15795
12365
7334
2097
-1194
-4695
-8253
-10354
-10049
-8671
-7978
-7593
-8041
-8535
-9512
-9014
-7046
-3220
1494
5506
8544
10664
13188
14248
14193
14227
15360
16784
18011
19002
19106
18026
15156
11581
7926
4994
1805
-1218
-3736
-5700
-7730
-10099
-12522
-15141
-16948
-18417
-18730
-17851
-16238
-14660
-12504
-9742
-7449
-5396
-3537
-1703
-281
1483
3586
5926
7803
8954
9600
9373
8635
7279
5854
3847
1909
384
-1100
-3060
-4887
-6741
-8734
-10480
-11425
-12096
-12811
-12995
-12498
-11765
-11041
-10071
-9094
-8737
-8964
-8691
-8042
-7764
-7606
-7274
-7568
-8233
-9034
-10527
-12176
-12997
-13691
-13944
-10335
-5308
-3043
-3576
-3609
-3975
-3824
-1591
2447
7077
11189
13559
15245
19409
23326
24312
22848
22109
22304
22876
23382
22504
20798
17125
10430
3062
-905
-3875
-8489
-12856
-13697
-12227
-10738
-9698
-9725
-10146
-10496
-10038
-7640
-2171
4233
9016
11861
14664
18285
20624
21203
21364
22980
25205
26374
26897
26772
24439
19356
13456
8518
4938
1046
-3100
-6458
-8681
-10780
-13828
-16476
-18024
-19190
-20212
-19626
-17132
-13749
-11369
-9059
-6028
-2771
74
1610
2855
4646
6898
9070
11832
14013
14656
13415
11624
9818
7940
5965
3595
1224
-726
-2306
-3892
-5779
-7864
-9972
-11338
-11477
-10521
-9475
-8455
-7623
-6899
-5914
-4997
-4491
-4524
-4309
-4200
-4114
-4334
-4185
-4157
-5885
-8577
-10600
-12683
-15393
-17173
-17592
-18128
-16746
-12004
-8033
-7855
-8849
-9394
-8904
-5620
91
6713
11800
15032
15811
17696
21780
24746
25461
24862
24853
25517
26001
24409
20913
16061
9089
365
-5821
-8649
-11813
-15944
-18750
-18386
-16797
-15017
-14070
-13713
-12906
-11482
-8430
-2979
3976
10423
15290
18585
21318
23906
25069
24830
24631
25557
26391
26094
25019
22528
17273
10445
3705
-2108
-7059
-11598
-14843
-16729
-17844
-20061
-22068
-22589
-22513
-22079
-20636
-17705
-13641
-8903
-5376
-2363
535
2344
2539
3786
5954
8234
10271
11742
12676
12526
11007
8390
5803
3138
318
-2278
-4692
-7018
-9251
-11502
-14200
-16306
-17096
-16976
-16338
-14380
-11727
-10430
-9885
-8698
-7194
-6452
-5664
-5007
-4536
-3899
-3612
-3915
-4329
-4988
-6852
-8984
-11029
-12866
-15116
-17592
-19414
-20422
-20889
-17713
-12412
-10155
-11864
-13201
-12787
-10395
-5652
865
6550
10130
11021
11353
15063
19874
23035
22816
22012
22045
22312
21711
19217
15299
10274
3580
-3395
-6373
-6987
-9264
-13476
-15304
-13545
-10864
-8837
-7237
-5910
-4797
-2459
1959
7914
14236
18798
20679
21134
22590
24257
24039
22537
21937
21762
20635
19249
16656
11885
5182
-1376
-6521
-9777
-11878
-13628
-14899
-15281
-15483
-16431
-16474
-15520
-13732
-11475
-8184
-4091
-305
2446
3969
4929
5963
7936
8982
9583
11107
12015
11667
12094
12133
10616
8330
5775
2847
50
-2319
-4430
-6133
-8027
-9864
-10546
-10978
-11220
-11116
-10601
-8356
-5640
-4580
-3777
-2893
-1941
-914
-550
-302
-385
-1133
-2823
-4064
-4611
-5630
-7348
-9267
-10569
-11837
-13544
-16292
-19192
-21187
-22243
-20989
-14127
-6218
-4462
-6827
-7568
-6761
-3538
2627
10132
15466
17643
17433
18274
22782
26804
27295
24610
22927
22739
22900
21400
17699
12583
5733
-2272
-7575
-7527
-7606
-11022
-14721
-13843
-10424
-7152
-4732
-3063
-1788
100
4174
10065
16767
21815
23747
23825
24416
26071
26083
24117
21969
20646
19464
17764
15248
10830
4214
-2951
-8009
-10725
-12255
-13952
-15419
-15716
-15033
-15332
-16073
-14934
-12676
-10407
-6881
-1666
2753
5092
5934
5722
6096
7276
7584
7991
10095
11397
10846
10130
9619
7923
5123
2197
441
-683
-2594
-5164
-6962
-8239
-9761
-11172
-11736
-11668
-11856
-11591
-9901
-7352
-5572
-5121
-5790
-5978
-4787
-4660
-5541
-6616
-7857
-10071
-11795
-12421
-12833
-14071
-15794
-17595
-18651
-19048
-20307
-22369
-22821
-22089
-19551
-11663
-3888
-2206
-4410
-5292
-4624
-914
5746
12618
16118
16629
14763
14550
18906
22814
22578
19640
17399
15882
14647
12331
8007
2513
-3170
-9665
-13808
-13041
-12727
-16134
-19148
-17495
-13052
-8954
-5700
-3063
-1009
1914
6405
12391
18593
22760
23639
23486
24056
25070
24133
21042
17549
15291
13639
10792
7769
3822
-2315
-9323
-13723
-15430
-16329
-17464
-18529
-18988
-17629
-16198
-16495
-14913
-11605
-8604
-5869
-1240
3136
4945
5037
4960
5493
7067
7394
7306
8000
8742
8252
6875
6256
5819
4262
1926
232
-99
-1138
-3934
-6200
-7014
-8211
-10311
-11261
-11103
-10867
-10707
-9834
-8460
-7104
-6957
-8136
-8789
-7893
-7575
-8460
-9316
-10145
-11725
-13961
-15394
-15358
-15050
-15700
-17595
-18158
-17086
-16760
-17546
-16602
-14987
-11318
-4149
916
604
-136
55
-236
3317
10667
16776
17768
16652
14330
14564
18438
21534
21318
19332
17507
14512
11588
9271
6226
1860
-3054
-8107
-10082
-8909
-9076
-11776
-12803
-9474
-5577
-2521
427
2738
4273
6640
10431
15891
21810
25580
25539
24898
25446
25561
23254
19969
17321
15783
14011
11436
8312
3827
-1740
-7460
-10834
-11777
-11287
-11330
-10984
-10251
-9467
-9041
-8855
-7769
-5008
-1112
2683
6504
9362
9418
7913
7982
9609
10830
10738
10538
10468
10513
10432
9328
8329
7281
5320
3626
3398
3467
1520
-1858
-4130
-4892
-6044
-7816
-8458
-8674
-8695
-8022
-6329
-4521
-4128
-5598
-7003
-6722
-5577
-5030
-6042
-7171
-8413
-10131
-12421
-14841
-16302
-16779
-17995
-19088
-18951
-17570
-16519
-15474
-14372
-10660
-4706
-1208
-1722
-1513
1672
5155
8430
12234
16645
17842
15506
13405
15633
19785
22594
22504
20479
18275
16085
12578
7577
4469
2465
-901
-5472
-7816
-8402
-10671
-13647
-13019
-8337
-3341
-598
1198
2362
3742
6620
10540
14677
18896
22664
23658
22668
22653
22574
19369
15451
13525
13131
11230
7762
3738
-760
-5517
-9443
-11546
-11692
-10904
-11308
-11862
-11260
-9560
-8482
-7727
-6108
-3127
380
3425
4784
5883
6662
6965
6956
8099
8559
7137
4645
3165
3202
4348
4003
1496
-650
-1443
-2510
-4153
-4835
-5298
-7424
-9754
-10112
-9924
-11404
-13565
-14557
-14236
-12578
-10234
-8302
-8042
-9235
-10770
-11214
-10897
-10087
-9890
-11276
-13489
-15537
-17477
-20549
-23545
-24593
-24737
-25725
-25797
-24100
-22209
-20867
-15838
-9271
-6995
-8543
-8785
-6548
-1720
5295
12177
15377
15108
13457
11784
13890
18812
22583
21927
19892
19319
18284
14408
9474
5067
825
-3689
-6771
-6978
-8284
-11655
-15593
-16416
-13375
-7727
-2833
-308
308
1606
4422
7878
11824
15222
17828
19158
20375
21382
21728
20177
17057
13752
12327
12272
11213
7670
2103
-2799
-6460
-8485
-10424
-12454
-13486
-13073
-11999
-10565
-8472
-6493
-5113
-4505
-1794
2529
5416
6677
8011
8189
8639
9836
9332
7680
6949
5831
5016
5422
5941
4610
2588
770
-815
-1304
-1329
-1862
-3547
-5385
-6490
-7642
-9876
-10973
-11091
-11318
-11220
-9972
-8172
-7347
-7256
-7233
-7716
-8663
-10070
-10810
-11174
-11878
-13999
-17290
-20488
-22229
-24292
-25503
-23883
-21605
-20363
-16176
-8567
-3829
-3911
-4657
-3806
-1700
3624
10163
16860
20251
20143
17802
18298
21874
25134
25204
23502
23118
23284
21131
15736
11105
6285
324
-5634
-7767
-7417
-9128
-12864
-14185
-11667
-8489
-6419
-5012
-2240
1627
6705
11434
16319
20011
22193
21730
20898
22047
24266
24586
23518
23422
23393
21263
16836
12149
7453
3583
836
-378
-1770
-4514
-8721
-12214
-13746
-13675
-12551
-9370
-4252
-819
394
1273
2917
5029
6970
8931
11573
13590
13595
12417
11513
10315
8281
6433
5413
5294
4899
3303
1782
841
-717
-3300
-5640
-5269
-4052
-4495
-6293
-7546
-8804
-10967
-12081
-10784
-9438
-9817
-10931
-10815
-9824
-10047
-11478
-12928
-13828
-15405
-17618
-19749
-21921
-24626
-26318
-26989
-25926
-24524
-21777
-16600
-10996
-7510
-6029
-4172
-2172
1298
5938
10876
13840
14909
14457
14975
17388
20975
23233
22864
21812
20988
19246
15222
11312
7761
3622
-1120
-4930
-8100
-11321
-14888
-17153
-16789
-14190
-10680
-7944
-6050
-3961
-640
3132
7819
12836
17912
21341
22658
22731
23152
23021
21362
20009
20182
20951
20252
18401
14976
9972
4534
1228
-392
-1402
-3154
-5759
-9256
-12904
-14979
-15846
-15707
-13729
-10248
-7731
-4782
-1437
1042
1911
2701
3995
6153
8162
9654
10465
10050
8380
5895
3510
1462
42
-1566
-2803
-2945
-4014
-6754
-9275
-10678
-11499
-12692
-12673
-11281
-10197
-11560
-13619
-14536
-14858
-14987
-14809
-13711
-12869
-12748
-14409
-16333
-18071
-18330
-18946
-20425
-22851
-23890
-23679
-23379
-23648
-22101
-17772
-14263
-12542
-10834
-7122
-3647
-12
3490
8749
13023
15282
14191
13581
15045
17605
18441
18815
20027
20531
19061
15534
11820
8410
5443
1250
-2032
-3704
-5508
-8725
-12220
-13654
-13572
-12385
-11055
-8608
-5710
-1769
1794
5490
8891
13022
16371
18610
20140
21872
23217
22882
22045
21760
22060
20630
18468
16290
13897
11392
10036
9089
7205
4913
2313
-173
-3076
-5108
-5922
-6381
-6781
-6513
-6243
-7231
-7017
-4305
-676
2803
6061
7912
8334
8848
9824
10285
10002
9645
9173
8538
7306
5254
2121
-1160
-3067
-4452
-6117
-7189
-7705
-9013
-10499
-11332
-12063
-13422
-14414
-13924
-12497
-11359
-11495
-12400
-12947
-12952
-12869
-13203
-14126
-14262
-15083
-17388
-19857
-19656
-18767
-18780
-20167
-17855
-12807
-8845
-9515
-10030
-8510
-5988
-3304
1088
7359
12129
13030
11643
12495
15794
19484
19864
19457
19622
20088
17731
14308
11815
10116
6376
1438
-739
-1059
-2265
-6270
-9534
-10799
-9390
-8072
-7885
-8122
-7072
-4890
-2883
114
4028
8440
10694
12581
15133
18430
19731
19832
20058
21551
22846
22813
21318
19073
16986
15579
15116
14616
13364
10820
7976
6067
5029
3541
1550
-708
-2102
-2762
-2870
-3725
-4701
-5320
-5862
-5370
-3164
-346
1782
3542
4837
5824
6621
7619
8014
7598
7347
7106
5946
3854
1494
-1307
-3699
-5320
-6626
-8118
-9814
-11421
-13350
-15552
-16353
-16543
-17192
-18631
-19460
-19000
-18992
-19710
-20342
-20130
-20201
-20896
-21648
-20978
-19895
-19246
-19183
-18053
-15146
-11370
-8918
-8902
-8417
-6780
-3628
-397
3883
7030
8333
7595
8151
10135
12674
14338
14936
14796
15038
16243
15998
13581
9605
6214
3429
1599
179
-1364
-3835
-6928
-8684
-8828
-7916
-7747
-7708
-8599
-8202
-5763
-2264
-466
228
2039
4673
6342
7693
9900
11388
11896
12537
14810
17388
18614
17708
15615
13943
13908
14763
15127
14449
13262
11772
9574
7545
6203
4672
2510
1021
907
1772
1487
-917
-3611
-5313
-5592
-4839
-3048
-2004
-2200
-2721
-2234
-894
433
944
1151
2186
3861
5293
5061
3735
1500
-1005
-2542
-2297
-2281
-4319
-6952
-9158
-11278
-13126
-13909
-14648
-16238
-17825
-18187
-18683
-20323
-22284
-23435
-23806
-23834
-23170
-21824
-20350
-19630
-19646
-19302
-16526
-12391
-8637
-7033
-6013
-5697
-4841
-3253
-107
2888
4972
6073
7014
8411
9868
10812
10443
10213
10186
10924
11386
11033
8727
5541
2815
1066
750
901
897
297
-392
-992
-831
-698
-1010
-1735
-1531
19
1465
2174
2273
2366
2355
2950
4327
6415
7795
8347
8189
8420
9108
10132
11103
11444
11272
11435
12316
13106
13530
13931
14073
13294
12819
12688
11960
10389
9376
9227
9275
8698
7606
6221
4329
2356
1276
979
683
-88
-1118
-1899
-2666
-2871
-2639
-2526
-2584
-2523
-1959
-807
91
388
201
422
923
773
317
222
137
-670
-1247
-1685
-2197
-2941
-4182
-5156
-5092
-5215
-6287
-7746
-9296
-10942
-11796
-11460
-10691
-10664
-10938
-11220
-11408
-10917
-9601
-8195
-7543
-7015
-6361
-5931
-6384
-6881
-7437
-7976
-7776
-6775
-5724
-5608
-6415
-7235
-7561
-6267
-3603
-1564
-1264
-1835
-2186
-2407
-2202
-1162
648
2583
4313
5890
7566
9018
9611
9725
10579
12150
13364
13545
13056
12028
10508
8618
7057
6903
7462
7415
6575
5612
4909
4206
3645
3259
3523
4068
4423
4803
5432
6211
6387
6520
7334
8635
9719
10270
10576
11050
11416
11442
11330
11063
10274
9357
8685
8185
7074
5526
3826
2491
1181
-64
-728
-1726
-2635
-3122
-2910
-3211
-4330
-5198
-5692
-5773
-5545
-5190
-4437
-3626
-3472
-3240
-2958
-3008
-3449
-4026
-4261
-3844
-3429
-3657
-4697
-5777
-6914
-8421
-9950
-10729
-10552
-10397
-11072
-12163
-12266
-11852
-11357
-11504
-11158
-10583
-10001
-9793
-9066
-8363
-8629
-9756
-11014
-11284
-11034
-10675
-10916
-11357
-11685
-11470
-10891
-9498
-7766
-6471
-6311
-5595
-4169
-2487
-1536
-698
882
2176
3173
4040
5789
7497
9352
11308
13245
14316
14371
13823
13392
13166
12749
12257
11441
10952
10355
9464
7839
6694
5700
4819
4383
4824
5521
5466
4825
3915
3618
3691
3945
4301
5179
6222
7123
7589
8088
8403
8190
7817
7728
7799
7403
6674
6121
6006
5691
4630
3411
2107
770
-499
-1814
-2851
-3298
-3519
-4609
-6480
-7817
-9011
-9819
-9686
-8934
-8091
-7536
-6627
-5615
-4667
-3934
-3421
-3227
-2943
-2763
-3040
-3616
-4485
-5118
-6061
-7447
-8833
-9782
-10426
-11231
-12471
-13393
-13706
-14062
-14730
-14572
-13467
-13020
-12997
-12842
-12445
-11629
-10437
-9813
-9878
-9514
-8501
-7951
-8143
-7617
-6292
-5338
-4456
-3049
-1440
-513
-183
573
2095
3569
4414
4803
5583
6790
7951
8348
8180
8222
8904
9702
10377
10971
11678
12317
12830
13188
13657
14165
14021
13559
13019
12564
11974
11494
11498
11356
10358
9412
8962
8614
8037
8184
8946
9237
9317
9894
10565
10233
9299
8524
8358
8706
8961
8874
8887
8867
8548
7713
6673
6092
5944
5866
5871
6037
5536
3975
1521
-265
-1423
-2649
-3901
-4747
-5422
-6598
-7991
-9000
-9352
-9661
-9671
-8878
-7438
-6160
-5406
-5323
-5441
-5221
-4958
-5164
-5544
-5697
-6494
-8055
-9814
-10637
-10982
-11923
-13430
-14363
-14410
-14291
-14730
-15090
-14774
-14361
-13883
-12898
-11759
-11085
-10654
-9772
-8127
-6332
-4299
-2739
-1985
-1661
-554
1287
2989
4198
4979
5302
5371
5612
5908
5627
5118
5309
5868
6094
5990
5682
5021
4413
4228
4640
5351
5697
5876
5755
5681
5608
5772
6307
7419
9218
10755
11431
11486
11452
11280
10985
10509
10480
10639
10519
10018
9396
8560
7419
6365
5852
6038
6247
5980
5679
5480
4949
4324
3750
3089
2409
2048
2206
2488
2702
2667
2718
2754
2335
1808
1475
936
-116
-1367
-2425
-3725
-5181
-6776
-8059
-9303
-10895
-12325
-13196
-13384
-13148
-12876
-13045
-13207
-13266
-13301
-13446
-13298
-13214
-13226
-13008
-12452
-11971
-11621
-11104
-10773
-10750
-10651
-10169
-9793
-9136
-8444
-7974
-7858
-7695
-7372
-6683
-5993
-4642
-2744
-1457
-510
781
2304
3394
4724
6084
7386
8005
8445
8827
9060
9239
9036
8640
8018
7247
6467
5771
5057
4656
3933
3201
2660
2356
2404
1736
695
-313
-787
-543
-118
376
940
1734
2529
3438
4360
5234
6143
7504
8806
9934
10778
10983
10603
10239
10191
9876
9179
8576
8057
7387
6608
5994
5282
4394
3356
2322
1620
1197
914
718
630
444
158
-357
-946
-967
-475
13
398
830
827
371
-171
-1193
-2460
-3690
-4619
-5815
-7278
-8650
-10064
-11232
-12616
-13654
-14603
-15760
-16328
-16571
-16232
-15632
-15102
-15587
-16047
-16096
-15787
-14847
-12797
-10407
-8961
-7765
-6336
-4774
-3327
-1725
-242
1336
2957
4619
5955
6480
6492
6438
6484
6572
6368
6486
7007
7251
7501
7812
7736
7075
6369
6243
6780
7199
7562
7487
7092
6448
5657
5310
5104
4634
4034
3703
3788
3737
3142
2211
1383
447
-558
-1124
-1322
-1576
-2012
-2304
-2580
-2335
-1413
-650
286
1379
2741
3848
4664
5552
6567
7335
7552
8023
8591
9020
9073
9238
9425
8997
8090
7489
7100
6467
5680
4768
3476
1960
955
381
-335
-1154
-1643
-1774
-1787
-1870
-2034
-2504
-3398
-3980
-4244
-4492
-5255
-6118
-7329
-8562
-9689
-10875
-11618
-12183
-12809
-13562
-13910
-14326
-15033
-15068
-14063
-12903
-12269
-11658
-10863
-10072
-8974
-7038
-4883
-2705
-866
803
2657
4648
6826
8268
9149
9732
10305
10560
10516
10499
10161
9457
8355
7045
5526
3853
2208
1034
125
-578
-1163
-1365
-1181
-901
-843
-741
-387
393
1395
2573
3732
4851
5830
6216
6239
6192
5989
5668
5523
4997
4355
3605
2499
940
-665
-1877
-3351
-4826
-5698
-5856
-6174
-6613
-6745
-6448
-6060
-5489
-4527
-2947
-1473
-259
918
1741
2661
3559
4272
4812
5718
6852
7323
7427
7307
7112
6583
5582
4010
2402
1044
-32
-1127
-2465
-4044
-6032
-8055
-9761
-10242
-10582
-10943
-10934
-10279
-9412
-9554
-10194
-10950
-11657
-11713
-10723
-9356
-8628
-8510
-8480
-8036
-7154
-6129
-4861
-3688
-2485
-854
1059
2576
3291
3679
4290
5168
6232
7156
7911
8569
8997
9657
9921
9413
8631
8295
8352
8371
8169
7797
7273
5930
4594
3598
2703
1859
927
250
161
210
-89
-434
-496
-143
339
1219
2327
3511
4443
5066
5442
5656
6241
7042
7248
7358
7319
6798
6000
5049
4070
2594
1099
-344
-1699
-2885
-4043
-5754
-7362
-8622
-9548
-10004
-10475
-10708
-10205
-9269
-7867
-6486
-5235
-4272
-3527
-2568
-935
868
2269
3270
3981
4626
4656
4616
4428
4227
3370
2343
1087
-30
-1236
-2838
-4269
-5596
-6953
-8359
-9546
-10670
-11294
-11388
-10957
-10476
-10040
-9055
-8081
-6686
-4946
-2523
-644
563
1474
2747
4274
5562
6950
8286
9167
9259
9233
9180
9396
9221
8900
8044
6979
5904
4640
3476
2587
1881
1597
1703
1983
2344
1991
1421
1482
2023
2494
3318
4313
5103
5199
4960
4807
4320
4106
4010
3987
4335
4451
4262
3544
2699
2133
1978
1825
1860
2058
2325
2323
2327
2210
1877
1397
933
734
502
388
428
329
-414
-1244
-1877
-2734
-3743
-5006
-5932
-6750
-7549
-7967
-8511
-9212
-9916
-10353
-10816
-10487
-9873
-9272
-9027
-8562
-7889
-7216
-7043
-6692
-5752
-4727
-3775
-2894
-1832
-1526
-1583
-1899
-2222
-2349
-2007
-1143
-465
-582
-1280
-2170
-2990
-3079
-2494
-1593
-1031
-572
99
1078
2060
2966
3925
4887
5862
6684
7729
8368
9093
9852
10169
9934
9172
8414
7449
6589
6038
5777
5270
4449
3308
2250
1087
51
-818
-1538
-1764
-1387
-557
-214
-172
-31
218
637
1610
3083
4224
5100
5602
6162
6384
6063
5934
5617
5177
4753
4508
3917
2939
1769
718
-248
-1571
-2709
-3675
-4275
-4791
-5098
-5416
-5834
-6195
-6613
-6483
-6194
-5932
-5583
-5357
-5265
-5261
-5259
-5253
-5285
-5179
-5296
-5723
-6288
-6827
-7370
-8121
-8621
-9401
-10379
-11592
-12432
-12925
-13097
-12837
-12715
-12748
-12616
-12226
-11977
-11612
-10567
-9036
-7209
-5472
-3792
-2438
-1424
-219
1356
3133
4876
6371
7736
8970
9971
10914
11474
11489
11377
11288
11189
10959
10841
10679
10122
9071
8117
7141
6394
5557
4760
4111
3587
3643
3802
3943
3719
3397
2903
2725
2844
3082
3360
3521
3450
3256
3329
3367
3432
3390
3233
3521
4038
4508
4718
4751
4785
4705
4876
5143
5341
5559
5612
5765
5769
5384
4445
3337
2571
1885
1465
838
38
-895
-2071
-3040
-3972
-4620
-5473
-6277
-6786
-6916
-6758
-6456
-6379
-6348
-6205
-6066
-5786
-5466
-4753
-4097
-3441
-2914
-2810
-3301
-4095
-4842
-5082
-5209
-5292
-5550
-6163
-7088
-8259
-9187
-9981
-10194
-9868
-9704
-9634
-9432
-9205
-9003
-8428
-7180
-5602
-4165
-2366
-504
1324
2997
4828
6752
8246
9522
10833
12158
13094
13639
13755
13495
12943
12206
11398
10762
9897
8853
7696
6546
5611
4936
4085
3039
2096
1236
522
155
138
292
774
1068
1389
1534
1523
2172
2962
4052
5277
6094
6352
6116
5775
5569
5259
4997
4758
4796
4812
4767
4398
3438
2434
1626
1131
1121
1180
989
805
252
-342
-784
-1295
-1828
-2188
-2459
-2518
-2863
-3312
-4035
-4943
-5669
-6260
-6616
-6915
-6958
-7435
-7982
-8195
-8341
-8420
-8757
-9103
-9438
-9409
-9016
-8305
-7842
-7697
-7666
-7330
-6946
-6407
-5780
-5090
-4552
-4304
-3821
-3219
-2625
-2308
-1802
-1419
-989
-523
237
836
1315
1987
2497
2748
2616
2488
2660
2853
3416
4340
4783
5133
5029
4771
4686
4641
4796
4923
5218
5566
5837
5703
4976
4296
3637
3103
3213
3843
4139
3945
3574
3338
2952
2599
2126
1554
1455
1917
2489
2685
2616
2343
1865
1825
2300
2937
3224
3277
3253
3436
3535
3341
3094
2489
1806
1271
961
692
119
-669
-1421
-2002
-2254
-2616
-2876
-3411
-3816
-3997
-4104
-4258
-4563
-4766
-4974
-5249
-5523
-5555
-5581
-5801
-5983
-6100
-6387
-6820
-7122
-7394
-7437
-7548
-7425
-7220
-7447
-7705
-7920
-8107
-8169
-7555
-6899
-6108
-5489
-4919
-4408
-3619
-2641
-1644
-703
174
1234
2343
3505
4458
5387
5935
6163
6179
6285
6380
6212
6085
5594
4969
4321
3731
2872
2100
1378
760
109
-234
-297
-370
-607
-899
-1022
-963
-464
85
749
1202
1796
2465
3164
3758
3943
4058
4248
4553
4722
5215
5505
5267
4933
4483
3845
3105
2619
2341
2195
1857
1237
421
-441
-1003
-1384
-1632
-1690
-1590
-1364
-1097
-811
-623
-699
-893
-846
-361
142
658
720
629
341
-200
-454
-735
-1046
-1262
-1513
-1598
-1700
-1916
-2244
-2977
-3617
-4175
-4624
-4866
-4787
-4504
-4580
-4894
-5188
-5248
-5175
-4715
-3921
-3179
-2419
-1814
-1122
-326
424
1135
1875
2532
3287
4111
4872
5534
6169
6705
7179
7294
7268
7200
7064
7005
6771
6530
6082
5459
4771
3977
3371
2790
2133
1374
718
188
-312
-908
-1855
-2765
-3468
-3877
-4012
-3913
-3570
-3396
-3397
-3339
-3169
-3043
-2846
-2316
-1409
-421
364
1165
1590
1635
1818
1945
2306
2724
3218
3571
3552
3302
2933
2404
1490
538
-99
-447
-895
-1577
-2104
-2648
-3472
-4292
-4862
-5029
-5389
-5668
-5729
-5649
-5781
-5713
-5479
-5280
-4772
-4276
-3752
-3503
-3115
-2626
-1943
-1471
-1212
-1121
-1185
-1122
-956
-644
-533
-967
-1505
-1918
-2179
-2078
-1763
-1543
-1427
-1128
-671
-117
430
1145
1744
2298
3216
4251
5284
6002
6673
7321
7790
8106
8434
8760
8768
8609
8186
7729
7102
6463
5548
4630
3797
2955
2230
1279
523
79
-429
-835
-1354
-1759
-1834
-1787
-1646
-1613
-1719
-1590
-1456
-1276
-1239
-1404
-1555
-1546
-1609
-1942
-2233
-2631
-2962
-3261
-3371
-3517
-3668
-3836
-3833
-3653
-3471
-3301
-3173
-2749
-2462
-2187
-1773
-1523
-1377
-1060
-706
-422
-200
-50
-61
-153
-36
-100
-249
-627
-1188
-1659
-2079
-2331
-2793
-3395
-3872
-4215
-4332
-4434
-4631
-4796
-5078
-5384
-5410
-4878
-4080
-3392
-2750
-2252
-1806
-1379
-634
320
1235
2030
2437
2893
3480
4427
5393
6024
6437
6639
6975
7250
7638
7977
8361
8565
8614
8471
8590
8940
8896
8863
8452
8288
7772
7247
6630
5997
5275
4367
3647
3101
2848
2330
1616
749
51
-698
-1231
-1693
-2239
-2671
-2893
-3269
-3720
-3932
-3999
-3996
-4166
-4068
-3538
-3223
-2936
-2693
-2374
-2186
-2097
-2244
-2510
-2704
-2686
-2692
-2924
-3532
-4440
-4981
-5366
-5724
-6007
-6356
-6749
-6903
-6863
-6586
-6511
-6253
-5944
-5698
-5309
-4801
-4112
-3758
-3350
-2909
-2421
-1940
-1375
-1050
-744
-276
105
343
360
293
73
163
344
391
442
220
-38
-619
-832
-779
-482
-49
308
639
861
1523
2285
3203
4062
5348
6473
7678
8830
9998
10970
11395
11861
12297
12490
12472
12400
12394
12244
11830
11324
10290
9173
8098
7058
6042
4857
3997
3279
2760
2016
1426
866
230
-230
-644
-767
-984
-1127
-1280
-1515
-1660
-1523
-1757
-2059
-2258
-2250
-2382
-2879
-3219
-3542
-3913
-4455
-5072
-5801
-6295
-6714
-7159
-7343
-7480
-7750
-7824
-7955
-7874
-7704
-7704
-7560
-7473
-7097
-6873
-6692
-6789
-6999
-7227
-7371
-7374
-7456
-7472
-7387
-7255
-7200
-7417
-7652
-7811
-7796
-7674
-7334
-6866
-6458
-6349
-6190
-6006
-5617
-4897
-4008
-3124
-2310
-1575
-1205
-625
76
735
1361
1826
2137
2464
2864
3472
4106
4516
4949
5259
5559
5913
6527
7136
7736
8411
9015
9574
10002
10289
10619
10865
11083
11374
11439
11479
11400
10883
10379
9754
8885
7802
6748
5906
5193
4300
3188
2018
917
111
-753
-1347
-2034
-2748
-3381
-3898
-4088
-4264
-4463
-4615
-4755
-4486
-4125
-3931
-3888
-3919
-3794
-3763
-3782
-3970
-4101
-4331
-4407
-4560
-4864
-5211
-5880
-6651
-7113
-7254
-7378
-7411
-7694
-7936
-8355
-8435
-8392
-8254
-8033
-7775
-7549
-7290
-6759
-6475
-6101
-5745
-5441
-5230
-4837
-4317
-3948
-3846
-3848
-3967
-4264
-4273
-4056
-3744
-3460
-3110
-2925
-2616
-2335
-2042
-1757
-1430
-864
-141
662
1643
2525
3597
4554
5510
6317
7120
8100
9108
10147
11148
11893
12316
12411
12554
12730
12923
12966
13017
12914
12623
12343
11798
11260
10691
10176
9869
9460
9029
8616
8143
7669
6862
6107
5408
4871
4418
4008
3587
3260
2686
1815
1084
511
-52
-648
-1147
-1502
-1856
-2404
-2818
-3266
-3629
-3983
-4278
-4621
-4870
-5204
-5400
-5467
-5683
-5820
-5873
-5873
-6065
-6044
-6174
-6216
-6268
-6418
-6548
-6551
-6564
-6586
-6451
-6492
-6742
-6917
-6798
-6650
-6422
-6140
-6075
-5900
-5610
-5232
-5075
-4902
-4438
-4019
-3397
-2872
-2304
-1763
-1291
-924
-286
82
257
585
978
1452
1912
2056
2096
2242
2403
2717
3148
3708
4186
4614
4824
5240
5696
6027
6367
6987
7647
8191
8636
9124
9610
10134
10435
10680
10964
11190
11418
11406
11402
11249
11048
10544
9812
8935
8270
7478
6771
6371
5789
5085
4169
3416
2496
1857
1394
829
414
-103
-455
-866
-1069
-1410
-1847
-2141
-2500
-2738
-2854
-2976
-3165
-3408
-3658
-3998
-4394
-4589
-4878
-5117
-5378
-5706
-5915
-6150
-6530
-6742
-6709
-6702
-6780
-6893
-7031
-7065
-6946
-6865
-6793
-6771
-6683
-6534
-6449
-6538
-6567
-6619
-6635
-6640
-6514
-6490
-6495
-6365
-6174
-5672
-5230
-4727
-4248
-3836
-3496
-3209
-2519
-1905
-1177
-561
-18
353
444
758
1319
2034
2653
3300
3803
4109
4398
4699
4930
5152
5365
5617
5818
6084
6451
6498
6317
6009
5841
5724
5698
5706
5764
5746
5484
5302
5078
4666
4473
4371
4215
4100
4019
3827
3328
2924
2523
2189
1662
958
396
-185
-593
-1144
-1806
-2334
-2988
-3379
-3597
-3887
-4241
-4443
-4655
-4706
-4605
-4612
-4754
-4766
-4806
-4742
-4671
-4948
-5022
-5072
-5051
-5056
-5118
-5371
-5500
-5722
-5798
-5770
-5641
-5518
-5516
-5700
-5824
-5863
-5934
-5980
-6029
-5754
-5535
-5273
-5023
-4820
-4621
-4527
-4296
-4006
-3495
-2933
-2469
-1964
-1642
-1330
-1060
-889
-723
-473
-281
3
372
860
1186
1335
1553
1675
1892
2330
2895
3500
4098
4542
4974
5294
5477
5603
5873
6068
6216
6624
6794
6908
6815
6663
6398
6275
6264
6124
6059
5923
5904
5455
5161
4736
4107
3490
2993
2668
2424
2143
1730
1103
419
-136
-567
-879
-1233
-1604
-1780
-1936
-2102
-2226
-2515
-2720
-2966
-3008
-2920
-2874
-2828
-2742
-2750
-2692
-2602
-2622
-2680
-2590
-2397
-2158
-1839
-1576
-1391
-1354
-1365
-1369
-1282
-1151
-1018
-951
-938
-953
-988
-1081
-1291
-1444
-1546
-1542
-1509
-1347
-1231
-1135
-1217
-1416
-1317
-981
-814
-644
-435
-114
436
984
1264
1428
1708
2049
2449
2827
3412
3755
4022
4165
4164
4249
4305
4479
4693
4969
5138
5198
5135
5016
4727
4607
4512
4534
4715
4897
4943
4849
4658
4519
4300
4167
4072
4087
4165
4172
3935
3604
3313
2854
2571
2349
2132
1787
1423
950
485
17
-578
-1328
-1907
-2299
-2849
-3192
-3508
-3779
-3999
-4247
-4379
-4549
-4599
-4485
-4311
-4176
-4020
-3930
-3852
-3782
-3718
-3598
-3476
-3355
-3043
-2584
-2346
-2064
-1878
-1422
-1130
-973
-636
-549
-390
-20
187
389
514
437
496
514
574
684
869
931
948
922
1037
1115
1017
1080
1073
1176
1345
1503
1457
1407
1296
1286
1332
1340
1632
1870
2040
2184
2484
2551
2640
2838
2915
3164
3486
3743
3946
4023
4050
4030
3986
3826
3601
3354
3147
3108
2896
2577
2141
1766
1458
1094
803
641
437
115
-55
-271
-795
-1314
-1526
-1776
-2107
-2362
-2589
-2681
-2910
-3165
-3440
-3796
-4187
-4488
-4717
-5005
-5097
-5296
-5479
-5571
-5682
-5892
-6062
-6198
-6226
-6148
-5950
-5836
-5602
-5466
-5353
-5147
-4842
-4314
-4082
-3842
-3642
-3515
-3332
-3185
-3096
-2865
-2500
-2170
-1946
-1815
-1569
-1371
-1261
-1098
-862
-571
-352
-173
85
219
328
550
781
911
1201
1440
1705
1940
2236
2450
2682
2712
2839
3134
3251
3418
3519
3601
3458
3482
3430
3207
3057
2726
2486
2358
2146
1946
1779
1725
1702
1528
1317
1203
1239
1283
1271
1082
921
839
737
651
652
454
187
-34
-105
-301
-583
-951
-1395
-1565
-1863
-2066
-2343
-2757
-3000
-3225
-3449
-3702
-3952
-4362
-4565
-4703
-4884
-4941
-5143
-5176
-5145
-5304
-5248
-5045
-4883
-4779
-4574
-4367
-4140
-3790
-3486
-3268
-3059
-2641
-2208
-1809
-1580
-1281
-905
-633
-344
64
250
517
923
1162
1695
2047
2224
2370
2377
2470
2566
2642
2840
2976
3043
3073
3034
3083
3075
3062
3038
3170
3380
3382
3423
3530
3835
4027
4129
4484
4641
4866
5246
5447
5521
5471
5486
5677
5712
5716
5517
5340
5047
4813
4523
4131
3702
3284
2927
2430
2119
1669
1319
917
272
-252
-703
-1066
-1321
-1574
-1711
-1751
-1747
-1797
-1891
-2067
-2297
-2393
-2329
-2340
-2260
-2250
-2420
-2484
-2596
-2829
-3014
-3215
-3312
-3109
-3164
-3221
-3538
-3880
-4061
-4149
-4089
-4010
-3844
-3746
-3585
-3477
-3492
-3391
-3310
-3100
-2790
-2422
-2159
-1870
-1428
-1055
-762
-378
-135
33
417
720
1277
1759
2097
2556
2911
3041
3398
3703
3806
4037
4168
4361
4391
4387
4434
4291
4343
4269
4276
4280
4145
4107
3980
3874
3666
3448
3306
3210
3015
2921
2865
2816
2881
2739
2738
2693
2720
2749
2826
2785
2697
2944
2948
2872
2761
2732
2533
2318
2131
1878
1690
1462
1282
958
588
202
-164
-572
-799
-1106
-1520
-1766
-2082
-2273
-2746
-3021
-3241
-3333
-3342
-3631
-3821
-3856
-3890
-3881
-3932
-3941
-3920
-3776
-3554
-3556
-3486
-3549
-3676
-3584
-3550
-3350
-3194
-3022
-2646
-2457
-2328
-2249
-2227
-2124
-1897
-1766
-1433
-1164
-829
-716
-510
-269
-218
106
379
682
1126
1568
1720
1842
1930
2197
2262
2406
2540
2544
2712
2919
3050
3031
3248
3253
3275
3436
3592
3588
3641
3595
3619
3708
3650
3564
3466
3373
3255
3130
2922
2793
2477
2283
1938
1664
1324
821
711
601
370
308
138
-159
-484
-701
-889
-1085
-1169
-1268
-1284
-1341
-1492
-1585
-1798
-2025
-2054
-2034
-2004
-1940
-2103
-2327
-2517
-2626
-2738
-2941
-2985
-3080
-3240
-3466
-3673
-3845
-4053
-4362
-4444
-4550
-4647
-4650
-4446
-4487
-4440
-4175
-4104
-3928
-3717
-3564
-3327
-3015
-2781
-2561
-2280
-2096
-1840
-1502
-1353
-1091
-772
-414
-217
122
345
490
575
656
910
1260
1428
1611
1729
1902
2044
2088
2097
2088
2178
2138
2333
2413
2402
2480
2397
2349
2304
2220
2139
2179
2157
2112
2137
2109
2099
2161
2185
2079
2149
2081
2073
2090
2135
2173
2095
2113
2087
1920
1705
1620
1510
1203
968
738
391
128
-319
-556
-861
-1170
-1343
-1627
-1760
-2034
-2108
-2243
-2365
-2398
-2446
-2489
-2685
-2613
-2521
-2514
-2473
-2300
-2074
-2016
-1919
-1980
-2023
-1975
-1878
-1856
-1915
-1979
-1835
-1805
-1870
-2031
-2256
-2249
-2416
-2356
-2492
-2484
-2404
-2333
-2216
-2307
-2268
-2057
-1806
-1540
-1182
-826
-508
-338
-38
222
509
777
999
1328
1608
2049
2227
2344
2540
2572
2635
2576
2593
2738
2702
2536
2539
2337
2083
2033
1914
1906
1838
1646
1502
1503
1571
1466
1515
1468
1412
1318
1181
985
931
967
909
1005
911
851
867
784
770
765
767
742
644
625
599
496
337
348
321
228
181
-4
-56
-237
-194
-363
-581
-667
-795
-876
-1073
-1187
-1304
-1487
-1616
-1619
-1654
-1673
-1698
-1707
-1779
-1790
-1761
-1753
-1454
-1319
-1114
-1148
-1018
-952
-769
-568
-464
-399
-379
-244
-123
-134
-83
-37
-39
-6
-44
-27
-135
-122
-132
-79
-188
-57
-52
4
44
34
305
488
706
971
1178
1452
1710
1663
1810
2051
2251
2375
2477
2727
2918
3050
2946
2999
2881
2922
2905
2832
2873
2668
2640
2399
2154
2041
1828
1702
1530
1566
1522
1346
1183
1072
1066
1025
980
851
736
631
654
586
445
450
333
227
73
-161
-222
-413
-377
-362
-545
-586
-745
-886
-1000
-1061
-884
-839
-770
-850
-999
-1026
-1067
-1056
-1027
-1033
-1059
-1093
-1085
-1136
-1227
-1400
-1647
-1775
-1711
-1625
-1614
-1660
-1837
-1990
-2138
-2281
-2293
-2262
-2214
-2067
-1841
-1751
-1605
-1531
-1554
-1493
-1455
-1216
-1029
-962
-805
-745
-750
-663
-720
-627
-541
-452
-394
-320
-224
-162
-15
-68
-162
-213
-130
-102
-108
-70
-90
-13
-84
-49
43
-22
86
249
260
436
464
587
541
695
673
518
620
544
718
675
627
573
387
252
243
227
203
332
345
399
308
256
239
209
54
-16
-5
0
12
-159
-279
-437
-536
-751
-621
-655
-609
-576
-574
-458
-471
-506
-636
-652
-643
-430
-168
-135
-208
-277
-299
-268
-210
-271
-287
-229
-89
32
73
-126
-216
-326
-334
-275
-341
-450
-649
-648
-788
-851
-954
-1136
-1128
-1244
-1213
-1084
-1097
-900
-737
-632
-453
-603
-477
-598
-469
-355
-224
-102
-86
-119
-123
-34
-85
-77
-103
19
-72
90
52
-125
-220
-302
-331
-421
-451
-508
-355
-350
-235
-84
-125
-88
-45
40
248
434
595
627
708
830
921
875
740
788
790
779
791
726
604
350
205
103
84
201
22
-65
-74
-189
-150
-216
-147
-148
-272
-319
-349
-410
-266
-269
-379
-300
-337
-279
-168
-69
96
250
315
98
-42
14
-105
-82
-1
40
48
-30
21
-73
17
-18
-118
-18
-14
-161
-227
-361
-482
-601
-428
-452
-412
-422
-537
-546
-709
-887
-875
-822
-865
-861
-743
-661
-515
-366
-331
-213
-194
-89
12
157
171
268
382
436
491
466
444
454
548
553
625
726
773
608
723
808
764
753
759
894
875
938
1119
1257
1336
1389
1461
1648
1762
1916
2064
2053
2062
1876
1993
2017
2003
1971
1918
1821
1611
1597
1475
1329
1244
1109
899
816
581
448
476
433
396
275
35
-127
-265
-294
-178
-152
-40
-131
-341
-460
-433
-649
-692
-755
-734
-627
-731
-785
-760
-805
-862
-907
-998
-955
-1233
-1244
-1149
-1154
-1117
-1083
-1012
-887
-735
-635
-652
-558
-544
-621
-606
-659
-683
-815
-827
-862
-890
-970
-936
-1017
-1076
-1010
-1008
-1132
-1156
-1004
-855
-778
-818
-684
-682
-470
-301
-304
-106
-103
-13
22
46
79
94
140
149
299
450
416
534
488
551
602
554
518
467
411
392
408
465
485
473
629
681
781
658
721
770
578
556
505
530
605
517
500
500
514
462
445
623
677
697
755
742
677
650
549
590
566
513
517
543
409
424
329
168
239
236
230
67
42
-82
-179
-162
-236
-136
-262
-408
-360
-295
-260
-330
-339
-293
-331
-276
-144
-116
-31
105
253
308
420
352
390
392
508
631
859
1071
1086
1177
1067
977
1002
1006
958
890
935
1108
1122
1223
1364
1343
1204
1194
1164
1173
1048
996
1014
891
881
752
795
800
688
726
622
555
673
578
519
482
531
444
379
260
169
157
75
58
22
90
-39
16
69
-34
30
-47
-62
-133
-203
-81
-103
37
61
76
158
29
47
-11
44
191
221
237
173
192
197
210
188
121
-66
-147
-129
-329
-150
-176
-203
-125
-144
-148
-327
-269
-446
-438
-504
-683
-723
-679
-831
-890
-963
-948
-830
-816
-760
-593
-587
-629
-582
-577
-455
-451
-311
-313
-226
-175
-108
-104
-141
-92
-123
-31
29
-33
28
13
45
-15
-28
-84
-173
-36
-154
-142
-105
-268
-301
-367
-411
-319
-508
-610
-570
-555
-496
-464
-560
-558
-714
-897
-1067
-1117
-1121
-1241
-1211
-1107
-1138
-1364
-1418
-1430
-1506
-1632
-1512
-1553
-1506
-1435
-1428
-1388
-1351
-1158
-1053
-1005
-1008
-799
-888
-796
-1220
-712
-496
-672
-480
-3
-29
-280
-82
-358
-105
-213
-41
-216
154
180
205
132
187
54
87
-59
-100
-40
36
136
192
267
404
215
98
-27
-139
-143
-165
-68
54
127
132
167
30
2
-45
-37
-193
-67
62
195
103
1
-126
-245
-129
-193
-202
-308
-360
-425
-522
-600
-623
-535
-438
-673
-351
-807
-630
-539
-949
-1015
-589
-870
-1173
-564
-834
-696
-866
-804
-1396
-1212
-1628
-1629
-1662
-1577
-1718
-1312
-1504
-1586
-1558
-1462
-2020
-1799
-1724
-1602
-1408
-1363
-1130
-1137
-1068
-1147
-1043
-998
-902
-779
-513
-622
-461
-314
53
-43
201
434
433
337
725
900
962
1037
1220
1224
1246
1374
1412
1418
1506
1553
1510
1487
1449
1645
1798
1968
1983
2124
2202
2199
2137
2148
2137
1990
2104
2157
2354
2492
2425
2452
2400
2326
2236
2058
2034
2100
1961
2105
2189
2193
2245
2167
2108
1873
1686
1798
1865
1889
1847
1792
1611
1293
1285
1141
963
852
757
631
603
659
688
616
426
434
303
181
179
163
-121
-353
-439
-713
-686
-741
-777
-648
-556
-713
-765
-841
-901
-853
-833
-787
-712
-570
-525
-357
-266
-321
-392
-488
-401
-249
-121
-135
50
164
297
303
128
138
273
339
615
686
890
1055
1230
1393
1374
1535
1393
1358
1386
1380
1472
1458
1670
1567
1669
1616
1602
1748
1733
1721
1770
1740
1652
1556
1612
1617
1322
1345
1398
1181
1106
1240
1035
858
815
722
582
533
612
677
679
568
330
179
35
-221
-292
-285
-403
-323
-496
-706
-769
-1071
-1383
-1439
-1544
-1745
-1800
-1816
-1735
-1817
-1785
-1716
-2093
-2216
-2423
-2353
-2507
-2503
-2549
-2594
-2590
-2593
-2616
-2743
-2698
-2788
-2674
-2559
-2819
-2763
-2735
-2783
-2799
-2774
-2720
-2794
-2774
-2699
-2486
-2534
-2256
-2241
-2166
-2027
-1942
-1749
-1584
-1404
-1159
-900
-789
-708
-692
-495
-423
-378
-222
-162
75
13
-131
-85
-9
-98
-302
-171
-208
59
111
157
153
182
218
25
106
278
326
325
453
484
419
305
346
325
558
601
695
803
778
696
575
433
439
349
192
361
268
101
62
-64
-170
-86
-468
-418
-481
-634
-647
-624
-723
-912
-820
-940
-1071
-1134
-1335
-1424
-1395
-1508
-1514
-1578
-1716
-1838
-1942
-2024
-2069
-1999
-1944
-2019
-2114
-2123
-2247
-2337
-2299
-2205
-2162
-2179
-2002
-2076
-2124
-2096
-2016
-1840
-1709
-1606
-1553
-1338
-1379
-1184
-1057
-862
-824
-718
-699
-667
-395
-134
108
164
383
417
551
725
905
966
1012
1130
1369
1452
1633
1771
1731
1747
1813
1971
1878
1941
2085
2195
2153
2163
2103
2209
2202
2182
2300
2209
2100
2167
1993
1968
1998
2064
2152
2161
2271
2327
2232
2182
2215
2189
2166
2135
2140
2090
2089
2163
2068
1851
1731
1528
1379
1310
1244
1327
1468
1332
1261
1139
1069
989
741
747
783
601
550
537
638
592
497
458
352
337
90
197
147
283
177
169
237
160
251
242
273
317
202
172
303
334
360
527
586
672
679
984
1004
1059
1219
1246
1262
1379
1479
1593
1650
1870
1944
2090
2108
1962
1903
1689
1696
1692
1636
1621
1684
1743
1650
1527
1399
1288
1180
1129
984
1004
918
925
925
753
948
817
786
891
832
811
664
603
573
571
600
393
501
420
374
101
-137
-248
-438
-341
-246
-301
-397
-136
-249
-323
-286
-446
-593
-639
-819
-878
-831
-932
-1029
-1027
-945
-1076
-1110
-1175
-1204
-1257
-1401
-1422
-1361
-1302
-1520
-1493
-1560
-1617
-1683
-1707
-1712
-1821
-1849
-1740
-1692
-1928
-1902
-1893
-1740
-1643
-1642
-1780
-1717
-1791
-1800
-1839
-1681
-1662
-1614
-1530
-1522
-1400
-1414
-1449
-1607
-1551
-1446
-1303
-1292
-1227
-1212
-1145
-1179
-1126
-1036
-951
-784
-686
-741
-695
-820
-637
-676
-871
-834
-936
-925
-936
-791
-989
-1246
-1274
-1416
-1479
-1461
-1420
-1479
-1374
-1279
-1449
-1456
-1413
-1404
-1371
-1287
-1227
-1134
-994
-893
-944
-958
-1071
-1010
-942
-1085
-951
-1063
-894
-916
-964
-1137
-1062
-1088
-1073
-856
-769
-687
-660
-474
-358
-417
-429
-414
-450
-361
-176
10
-26
-101
-33
-26
-114
0
-100
49
93
125
110
68
58
-75
102
207
195
273
437
550
517
697
631
587
683
810
1031
1223
1332
1230
1262
1088
1087
1105
995
1044
961
984
1014
839
744
566
461
591
475
462
474
493
483
550
573
558
545
471
423
578
569
444
528
424
469
454
263
328
355
354
344
435
348
251
129
111
121
150
320
445
395
448
539
494
537
537
707
734
684
831
774
838
984
937
949
993
1063
1000
954
1002
953
995
1039
1100
1197
1129
1140
950
1056
1170
1227
1211
1250
1225
1122
1253
1216
1213
1232
1242
1267
1331
1297
1172
1283
1268
1278
1172
992
1112
983
1036
886
985
1055
1160
1334
1287
1264
1194
1198
1259
1274
1166
1211
1063
1117
1041
1145
1156
1240
1110
1014
1058
1145
1098
1072
1191
1119
1108
987
1034
853
759
722
733
732
773
607
623
505
369
319
274
230
261
231
214
116
135
55
-12
-58
-107
-255
-495
-359
-505
-621
-678
-766
-699
-786
-789
-916
-960
-1129
-1125
-1076
-1181
-1116
-982
-927
-1013
-857
-926
-953
-863
-934
-896
-778
-735
-586
-532
-529
-500
-566
-697
-876
-772
-882
-925
-852
-757
-613
-720
-818
-905
-866
-838
-809
-841
-815
-748
-648
-620
-634
-640
-738
-874
-750
-881
-1042
-1093
-1288
-1292
-1375
-1467
-1467
-1583
-1530
-1617
-1608
-1641
-1768
-1867
-2028
-1999
-1822
-1715
-1675
-1612
-1827
-2005
-2175
-2090
-1934
-1994
-1822
-1822
-1843
-1833
-1905
-2095
-2280
-2281
-2363
-2346
-2246
-2073
-1928
-1802
-1932
-1869
-1896
-1930
-1775
-1827
-1736
-1722
-1621
-1790
-1852
-1849
-2010
-1887
-1871
-1676
-1460
-1168
-1142
-1073
-1011
-1079
-1088
-1153
-1154
-1040
-897
-865
-652
-717
-738
-714
-626
-534
-506
-343
-271
-67
-141
-6
103
320
335
369
558
643
804
736
924
937
1070
1102
963
936
1020
1063
1170
1345
1423
1530
1427
1625
1723
1703
1810
1817
1992
1903
1989
2027
1986
2176
2105
2045
2111
2112
2091
2029
1996
1892
1766
1846
1717
1790
1743
1709
1680
1583
1449
1300
1118
1059
1027
873
831
887
752
697
525
573
586
537
643
498
452
251
294
216
390
208
204
123
62
231
223
547
483
490
433
179
241
264
280
352
478
593
608
669
622
845
768
841
962
1028
1191
1248
1276
1413
1554
1619
1665
1629
1577
1521
1576
1564
1675
1698
1557
1530
1512
1489
1408
1372
1461
1459
1503
1508
1438
1465
1441
1356
1330
1360
1415
1403
1517
1609
1631
1684
1535
1508
1285
1141
1049
983
1007
1008
1061
970
806
825
866
681
778
850
1100
1070
1047
1098
1164
929
822
639
407
468
405
363
281
344
389
587
646
614
486
208
135
-12
-217
-510
-580
-640
-608
-411
-488
-419
-358
-282
-322
-241
-260
-182
-162
-175
-12
-150
-205
-278
-514
-579
-646
-667
-616
-457
-368
-170
3
-91
-226
-262
-371
-363
-221
-325
-72
91
126
157
39
-11
-70
-98
-33
78
234
108
99
34
-27
-30
-3
-44
-186
-60
-172
-243
-316
-461
-562
-676
-501
-598
-525
-556
-623
-540
-648
-688
-664
-631
-645
-636
-767
-911
-953
-1049
-1251
-1355
-1483
-1672
-1863
-1895
-1923
-1914
-1844
-1797
-1721
-1789
-1842
-1836
-1867
-2005
-1991
-1936
-1886
-1808
-1789
-1808
-1785
-1748
-1699
-1719
-1788
-1733
-1703
-1668
-1595
-1662
-1757
-1587
-1514
-1559
-1551
-1602
-1487
-1618
-1696
-1760
-1529
-1417
-1449
-1331
-1328
-1224
-1321
-1256
-1227
-1171
-1288
-1298
-1159
-1139
-915
-845
-624
-479
-345
-343
-364
-471
-291
-310
-382
-241
-224
-177
-316
-284
-220
-211
-230
-48
-154
-59
12
-170
-56
-23
63
34
236
206
191
79
-2
38
-137
-119
-192
-29
53
288
426
422
499
425
602
483
598
619
602
712
501
533
439
530
530
504
503
418
430
450
445
426
369
371
328
317
366
456
611
702
579
515
305
262
500
540
760
713
715
637
419
388
337
365
372
408
485
412
501
446
510
518
552
538
577
562
760
887
942
896
979
977
919
963
927
982
888
987
1024
1174
1214
1139
1224
1069
991
999
950
936
912
870
772
755
788
976
999
914
874
751
665
582
324
307
388
402
356
327
317
358
341
205
271
159
40
14
48
-89
-136
-138
-68
26
-53
-135
-254
-238
-238
-205
-72
-151
-209
-164
-129
-68
-32
98
61
78
157
193
147
239
273
265
216
28
69
24
-47
26
58
144
100
-11
-33
-263
-186
-157
-115
111
60
118
-49
-159
-271
-371
-343
-375
-224
-111
-25
-108
-77
-309
-376
-355
-267
-283
-286
-297
-368
-241
-234
-300
-238
-230
-111
-6
-30
-58
-82
-75
-197
-102
-61
19
-31
164
38
-135
-155
-219
-138
-14
161
290
316
304
196
225
111
51
179
173
260
358
458
380
411
440
428
408
475
773
792
778
811
759
750
623
594
619
621
505
537
507
379
358
423
369
405
413
289
267
271
221
110
12
-30
-46
7
127
64
-23
-192
-318
-402
-447
-210
-237
-219
-277
-431
-518
-662
-740
-742
-679
-699
-543
-439
-465
-535
-715
-702
-775
-864
-854
-943
-754
-710
-590
-575
-545
-598
-529
-542
-501
-374
-508
-447
-337
-239
-205
-337
-297
-279
-303
-251
-196
-234
-163
-73
75
153
11
-48
-229
-367
-449
-219
-178
-118
-2
-120
-77
-183
-169
-163
-98
-92
92
32
120
239
179
212
177
273
354
326
312
459
498
616
714
912
1015
1097
1257
1294
1361
1332
1245
1215
1198
1141
1222
1097
972
878
728
626
436
419
487
634
625
602
570
563
471
468
409
310
296
274
425
429
428
414
263
139
-82
-26
-76
-81
-225
-177
-125
-299
-168
-153
-189
-140
-201
-272
-389
-384
-262
-124
-184
-268
-419
-412
-346
-229
-86
-229
-133
30
-45
-96
-31
-78
-196
-155
-174
-123
-52
-192
-245
-361
-404
-441
-496
-477
-403
-485
-487
-658
-702
-545
-723
-685
-765
-856
-940
-992
-999
-996
-1026
-1171
-1229
-1284
-1202
-1248
-1268
-1279
-1351
-1310
-1192
-1067
-1083
-1041
-1176
-1219
-1206
-1170
-1082
-1031
-828
-865
-846
-993
-1102
-1117
-1113
-1103
-1200
-1219
-1152
-1177
-1279
-1419
-1526
-1536
-1595
-1581
-1458
-1507
-1396
-1419
-1414
-1463
-1465
-1249
-1159
-928
-958
-901
-1042
-988
-1070
-1013
-894
-850
-646
-707
-620
-692
-798
-791
-676
-588
-595
-491
-524
-612
-725
-762
-654
-557
-467
-429
-506
-506
-424
-376
-271
-153
-268
-195
-284
-147
-131
-54
24
-116
-132
-259
-219
-329
-387
-524
-210
-193
-74
7
-242
-142
-134
-72
-332
-153
104
279
614
355
469
325
302
356
425
458
601
725
623
517
698
494
542
722
695
928
893
959
925
789
721
859
1030
1009
1166
1265
1166
1447
1295
1525
1384
1308
1516
1508
1336
1084
1226
1159
1457
1189
1306
1381
1197
1256
1279
1310
1200
1279
1294
1377
1457
1334
1172
1246
1298
1313
1364
1312
1653
1814
1690
1702
1706
1804
1744
1728
1736
1728
1627
1577
1639
1428
1332
1387
1310
1152
1072
1090
1065
1155
1216
1268
1287
1378
1409
1226
1142
1211
1235
1222
1199
1310
1221
1122
1057
906
952
735
673
710
688
738
809
706
546
583
493
636
746
804
813
812
911
938
1001
1099
1186
1238
1108
1097
1160
1120
1275
1183
1164
1172
976
934
760
704
660
784
726
549
661
541
352
368
394
508
618
631
667
578
545
581
381
270
345
407
383
309
363
224
185
122
192
134
75
89
104
4
-58
-101
-230
-376
-365
-432
-563
-466
-533
-533
-545
-590
-468
-579
-492
-488
-542
-355
-355
-421
-622
-631
-705
-796
-750
-735
-763
-678
-665
-734
-934
-949
-1047
-974
-921
-989
-829
-885
-915
-837
-871
-895
-1160
-1260
-1122
-1109
-1000
-938
-903
-953
-905
-972
-1012
-924
-949
-829
-753
-796
-1080
-1132
-1087
-1034
-1047
-1401
-1519
-1517
-1589
-1687
-1643
-1638
-1604
-1702
-1854
-1720
-1508
-1468
-1810
-2010
-2105
-2082
-2057
-2113
-1930
-2059
-2106
-2157
-2028
-1948
-1917
-1810
-1919
-1929
-1800
-1713
-1737
-1715
-1747
-1533
-1594
-1632
-1520
-1582
-1566
-1673
-1733
-1660
-1372
-1307
-1236
-1153
-1152
-984
-1031
-1070
-1048
-1020
-848
-828
-763
-943
-990
-1039
-1136
-1143
-1192
-1112
-1028
-1050
-1102
-1051
-1040
-1217
-1090
-1079
-1133
-915
-967
-980
-931
-905
-1043
-1113
-982
-1110
-1169
-1220
-1186
-1225
-1291
-1199
-1254
-1223
-1122
-1158
-1087
-991
-1047
-1033
-1027
-1091
-1079
-1031
-833
-588
-508
-402
-348
-475
-532
-428
-275
-273
-239
-57
-63
-284
-264
-365
-277
-233
-133
28
-26
23
-8
-16
49
332
502
625
651
634
703
659
712
877
915
1054
1247
1295
1304
1336
1263
1627
1796
2008
2256
2200
2247
2012
1906
1853
1934
2121
2200
2305
2172
1950
1917
1867
1762
1863
1844
1961
1950
2023
2291
2149
2049
2089
2096
2039
2073
2248
2188
2237
2166
2155
2078
1989
1978
1809
1882
1994
1945
1850
1736
1794
1856
1908
1910
1796
1912
1807
1852
1829
1738
1780
1855
1958
1958
1968
1852
1850
1847
1882
1731
1603
1489
1567
1573
1568
1588
1549
1470
1565
1479
1377
1523
1440
1516
1441
1386
1435
1410
1444
1389
1405
1453
1475
1450
1426
1334
1339
1424
1409
1482
1474
1379
1421
1210
1048
911
955
1049
1159
1360
1343
1321
1297
1222
1127
1208
1180
1144
1100
1061
1122
1142
1097
1155
1256
1196
1088
1066
1110
998
921
715
713
663
524
544
0
0
0
0
0
0
0
0
0
0
0
0
0
0
0
0
0
0
0
0
0
0
0
0
0
0
0
0
0
0
0
0
0
0
0
0
1
0
0
0
0
-1
0
0
0
0
0
0
0
0
0
0
0
0
0
0
0
0
0
0
0
0
0
0
0
0
0
0
0
0
1
0
0
0
0
0
0
0
0
0
0
0
0
0
0
0
0
0
0
0
0
0
0
0
0
0
1
1
0
0
0
-1
1
1
0
0
0
0
0
0
0
0
0
0
0
1
0
0
0
0
0
0
0
0
0
0
0
0
0
0
0
0
0
0
0
0
0
0
0
0
0
0
0
0
0
0
0
1
0
1
0
0
0
0
0
0
1
0
0
1
-1
0
0
0
0
0
0
0
0
0
0
0
-1
0
-1
0
0
0
0
0
-1
0
0
0
0
0
0
0
0
0
0
0
0
0
0
0
-1
0
0
0
0
0
0
1
0
0
0
0
0
0
0
0
0
0
0
0
0
0
0
1
0
1
0
0
0
0
1
0
0
0
-1
0
0
0
0
0
0
0
0
0
0
0
0
0
0
0
0
0
0
0
0
0
0
0
0
0
0
0
0
0
0
0
0
0
0
0
0
0
0
0
0
0
0