0
0
0
0
0
0
0
0
0
0
0
0
0
0
0
0
0
0
0
0
0
0
0
0
0
0
0
0
0
0
0
0
0
0
0
0
1
0
0
0
0
-1
0
0
0
0
0
0
0
0
0
0
0
0
0
0
0
0
0
0
0
0
0
0
0
0
0
0
0
0
1
0
0
0
0
0
0
0
0
0
0
0
0
0
0
0
0
0
0
0
0
0
0
0
0
0
1
1
0
0
0
-1
1
1
0
0
0
0
0
0
0
0
0
0
0
1
0
0
0
0
0
0
0
0
0
0
0
0
0
0
0
0
0
0
0
0
0
0
0
0
0
0
0
0
0
0
0
1
0
1
0
0
0
0
0
0
1
0
0
1
-1
0
0
0
0
0
0
0
0
0
0
0
-1
0
-1
0
0
0
0
0
-1
0
0
0
0
0
0
0
0
0
0
0
0
0
0
0
-1
0
0
0
0
0
0
1
0
0
0
0
0
0
0
0
0
0
0
0
0
0
0
1
0
1
0
0
0
0
1
0
0
0
-1
0
0
0
0
0
0
0
0
0
0
0
0
0
0
0
0
0
0
0
0
0
0
0
0
0
0
0
0
0
0
0
0
0
0
0
0
0
0
0
0
0
0
661
808
819
800
754
925
841
768
825
662
703
753
924
999
1001
1081
1092
1066
1014
960
1113
919
846
980
938
902
777
855
908
912
992
1051
1004
1015
883
791
807
797
757
783
731
577
652
565
548
505
557
573
414
390
383
385
290
379
336
333
339
289
302
311
310
178
161
163
-18
-26
-15
79
-18
38
156
137
208
165
206
63
127
194
281
332
271
219
299
311
310
327
392
287
200
188
29
121
255
184
225
357
313
277
249
151
122
46
14
-28
-89
-201
-320
-223
-277
-389
-406
-413
-603
-580
-552
-629
-659
-629
-539
-590
-592
-462
-440
-527
-486
-582
-488
-370
-440
-410
-297
-324
-210
-255
-287
-313
-364
-520
-452
-444
-432
-411
-451
-400
-514
-391
-571
-484
-438
-422
-407
-478
-433
-411
-331
-442
-492
-591
-728
-766
-829
-765
-753
-664
-543
-555
-619
-540
-702
-758
-770
-915
-817
-976
-927
-921
-1092
-1124
-1240
-1199
-1253
-1340
-1401
-1485
-1534
-1583
-1572
-1434
-1484
-1550
-1408
-1518
-1482
-1542
-1519
-1390
-1208
-1187
-1167
-1129
-1138
-927
-969
-983
-810
-767
-771
-712
-745
-665
-642
-735
-772
-760
-765
-877
-833
-749
-856
-732
-601
-588
-417
-480
-491
-432
-467
-540
-463
-447
-380
-361
-284
-294
-236
-100
-172
-151
-278
-54
115
238
320
381
498
625
629
666
727
750
870
844
829
807
872
854
872
891
892
968
958
1017
905
933
1000
1119
1110
1134
1151
1141
1172
1227
1214
1110
1146
1059
1162
1064
982
1050
1123
1021
1135
1052
1003
1018
876
895
717
656
745
746
828
771
740
772
793
863
768
668
742
653
620
491
507
525
380
442
291
306
314
216
167
36
132
225
177
270
190
149
223
-2
-60
-88
-49
-203
-126
-176
-324
-287
-365
-339
-314
-193
-231
-252
-305
-285
-333
-341
-299
-289
-323
-222
-235
-181
-138
-138
-96
-82
-170
-102
-113
9
129
158
115
9
77
58
62
276
297
185
118
230
321
261
305
380
393
296
392
292
343
385
349
478
507
469
529
598
577
530
514
431
503
550
651
588
583
442
365
573
516
602
405
290
315
236
221
194
285
306
303
241
272
286
142
174
163
235
243
306
349
388
286
360
368
360
293
245
213
185
295
109
202
114
80
13
-118
32
138
334
259
145
-6
-29
-15
14
52
-51
-151
105
97
-41
-112
-204
-175
-309
-276
-216
-289
-356
-382
-391
-287
-305
-380
-203
-291
-443
-454
-477
-576
-646
-611
-714
-664
-798
-787
-780
-672
-584
-590
-538
-564
-478
-503
-422
-581
-562
-381
-451
-438
-311
-336
-400
-291
-373
-193
-156
-94
-109
-266
-212
-351
-423
-388
-483
-365
-487
-589
-721
-811
-759
-814
-681
-765
-760
-784
-831
-841
-863
-781
-793
-736
-813
-956
-859
-760
-929
-947
-859
-877
-872
-988
-1030
-957
-968
-798
-778
-789
-821
-719
-741
-837
-665
-704
-674
-618
-645
-613
-415
-511
-564
-571
-588
-494
-434
-413
-391
-301
-350
-316
-433
-470
-412
-387
-458
-456
-386
-409
-486
-527
-527
-586
-620
-614
-590
-528
-418
-415
-353
-316
-380
-418
-458
-512
-384
-292
-257
-345
-414
-412
-297
-253
-41
-60
-29
17
-82
30
83
31
102
272
227
282
384
274
280
255
216
276
164
271
193
153
186
158
312
420
469
508
370
307
327
305
277
340
397
389
408
428
458
425
491
367
340
258
263
319
283
389
276
326
413
480
471
545
617
536
505
500
394
518
616
625
717
643
716
761
866
996
911
872
878
874
805
824
862
981
931
905
909
874
944
779
787
830
726
651
807
704
655
557
603
540
470
577
486
405
294
289
211
148
-11
-60
-224
-329
-439
-433
-434
-503
-547
-489
-323
-282
-156
-51
-236
-266
-234
-179
-95
-37
-116
-230
-186
-333
-417
-474
-368
-401
-436
-458
-480
-390
-329
-229
-192
-246
-171
-137
-34
-10
-168
-92
-141
-77
-25
-77
-113
-205
-313
-356
-410
-469
-394
-523
-417
-336
-211
-72
-102
39
-98
-151
-172
-77
-4
-66
-14
11
-71
-20
190
284
378
300
403
454
466
509
596
559
640
735
670
831
820
693
634
887
785
706
701
601
542
548
644
701
732
686
725
665
680
609
439
338
464
388
372
519
453
521
527
430
467
428
332
270
244
167
81
16
26
61
161
251
166
227
136
96
24
-80
-75
-187
-408
-343
-367
-519
-655
-670
-756
-731
-698
-838
-777
-826
-874
-815
-901
-908
-903
-906
-1017
-910
-921
-1152
-1075
-1108
-1104
-982
-957
-856
-859
-993
-1005
-1007
-1118
-1132
-1225
-1252
-1337
-1289
-1273
-1386
-1258
-1147
-1071
-1076
-1068
-1032
-982
-1176
-989
-1004
-1074
-1054
-1142
-1228
-1234
-1149
-1193
-1000
-879
-770
-770
-773
-716
-765
-704
-874
-891
-815
-888
-886
-973
-844
-865
-686
-781
-894
-749
-653
-509
-472
-338
-210
-148
-28
21
54
79
113
249
209
454
429
441
516
529
691
726
745
695
665
612
651
640
721
841
795
748
623
664
633
610
675
774
851
837
726
626
544
536
483
434
515
472
609
456
372
337
316
451
496
516
436
474
547
621
618
653
717
728
780
873
771
864
763
811
812
679
601
402
270
219
230
222
243
276
396
353
362
338
403
414
378
394
421
380
418
443
516
485
410
431
333
387
306
327
405
239
216
276
248
294
236
288
294
333
321
216
164
197
321
313
333
397
415
483
350
438
395
403
339
283
355
219
328
326
228
377
410
438
397
448
338
212
282
217
180
163
169
208
364
306
278
166
105
-21
-45
-77
-120
-77
-102
-93
38
32
-86
-194
-255
-239
-355
-155
-151
-154
-119
-234
-325
-384
-468
-549
-467
-506
-554
-588
-453
-370
-412
-277
-188
-199
-257
-230
-271
-273
-254
-336
-330
-308
-306
-333
-320
-348
-382
-441
-465
-453
-484
-502
-542
-440
-407
-531
-528
-561
-486
-501
-565
-470
-391
-470
-428
-285
-189
-241
-329
-188
-453
-381
-427
-568
-580
-608
-607
-526
-424
-425
-356
-267
-46
-57
59
234
208
216
224
251
458
478
619
694
766
783
810
673
723
784
760
684
741
782
747
854
841
785
811
788
816
862
856
875
957
881
881
857
784
772
727
698
617
643
609
594
491
651
639
414
371
299
146
189
231
150
130
204
145
131
235
199
194
285
395
354
402
311
131
147
115
93
92
174
145
141
-10
-70
44
22
92
163
255
105
47
-75
-143
-128
-143
-80
36
33
-43
-87
-160
-146
-267
-286
-147
-280
-348
-463
-574
-695
-733
-714
-843
-796
-715
-760
-706
-674
-629
-657
-630
-566
-665
-610
-537
-603
-564
-610
-687
-600
-644
-599
-615
-660
-676
-645
-580
-529
-426
-378
-248
-208
-130
-161
-103
38
182
193
303
352
194
249
145
153
209
309
377
385
369
323
368
419
494
542
536
484
578
643
614
690
669
594
594
637
662
556
494
471
428
506
648
623
633
582
543
526
539
501
523
593
418
562
498
548
616
590
610
525
666
624
455
370
245
155
175
194
153
74
118
233
181
189
104
159
211
187
162
71
-34
20
-51
-32
64
11
-29
16
-79
-90
-169
-378
-306
-334
-393
-275
-192
-286
-283
-354
-408
-380
-484
-433
-319
-259
-235
-266
-245
-238
-302
-306
-275
-282
-336
-390
-418
-458
-488
-530
-399
-366
-469
-454
-519
-350
-485
-374
-308
-353
-239
-313
-284
-401
-428
-417
-416
-394
-431
-484
-435
-357
-407
-456
-524
-476
-589
-728
-710
-774
-644
-629
-707
-474
-448
-317
-166
-182
-212
-90
-108
-265
-231
-233
-310
-233
-248
-252
-180
-202
-219
-132
-34
15
-94
-34
120
70
71
-6
-59
-97
30
-78
-104
-127
-98
-113
-268
-95
-21
-97
-97
-15
-94
-122
-208
-218
-255
-302
-302
-318
-198
-131
-17
118
107
167
148
37
91
-20
92
86
55
100
121
110
107
25
102
195
314
393
521
613
525
668
677
583
526
631
394
387
384
465
577
716
700
702
780
786
755
785
876
969
1046
1147
1027
1003
958
861
949
827
806
839
852
961
956
1004
967
933
1015
949
1039
935
941
871
709
692
647
656
723
692
657
573
507
591
546
632
510
510
701
594
638
494
611
651
558
759
759
707
605
546
531
673
572
549
638
571
588
544
538
405
322
257
156
62
-41
6
-119
-226
-156
-287
-347
-388
-388
-330
-334
-374
-436
-495
-435
-610
-702
-840
-941
-971
-1073
-976
-959
-891
-962
-1029
-947
-896
-906
-947
-1108
-1084
-1097
-990
-1113
-1125
-1113
-1196
-1217
-1169
-1018
-1152
-1094
-1242
-1032
-1006
-1051
-985
-1105
-898
-925
-823
-677
-707
-734
-745
-792
-697
-571
-560
-361
-434
-572
-600
-687
-679
-678
-629
-631
-516
-555
-512
-462
-478
-381
-411
-415
-366
-378
-456
-367
-438
-391
-330
-234
-145
-175
-203
-129
-164
-172
-38
-42
-38
-48
-60
72
78
57
95
165
299
330
378
363
298
328
283
265
325
312
180
257
205
197
181
217
165
191
124
75
146
91
43
82
58
-37
43
-15
-94
-42
-76
-82
-52
-36
6
-49
-103
-160
-136
-271
-352
-502
-502
-600
-501
-297
-269
-220
-257
-225
-363
-436
-408
-325
-396
-385
-344
-378
-408
-514
-565
-531
-589
-541
-540
-655
-625
-539
-586
-541
-392
-329
-329
-298
-292
-277
-138
-211
-245
-276
-325
-241
-335
-312
-247
-296
-216
-281
-186
-217
-153
-292
-400
-456
-381
-338
-363
-345
-441
-365
-354
-444
-239
-137
-36
232
196
368
272
424
510
489
522
617
596
635
644
587
668
672
674
686
647
702
644
774
752
774
784
632
780
760
802
808
947
892
961
1047
1024
1031
1030
1012
1211
1286
1312
1407
1341
1274
1325
1214
1092
1123
965
878
1027
1060
1085
1086
1058
1037
995
1008
878
850
802
651
764
696
665
679
685
754
789
712
829
788
756
819
832
849
841
771
828
809
743
690
718
679
515
446
286
485
554
495
499
611
510
566
493
444
539
522
519
526
482
484
450
353
338
305
403
380
421
264
290
263
251
151
191
147
187
216
51
-43
-51
-29
-134
-6
90
10
-58
19
-130
-151
-195
-324
-283
-266
-309
-362
-360
-577
-636
-743
-724
-576
-561
-527
-558
-573
-696
-606
-617
-658
-517
-621
-613
-638
-646
-674
-740
-705
-705
-700
-718
-626
-573
-654
-621
-746
-725
-771
-718
-797
-810
-1020
-1150
-1115
-1204
-1245
-1429
-1373
-1319
-1278
-1231
-1184
-1112
-1112
-1108
-1067
-1096
-1131
-1038
-993
-1062
-1080
-1171
-1176
-1036
-1047
-1052
-1017
-1143
-1081
-1177
-1106
-1110
-1117
-924
-939
-971
-937
-1038
-1000
-1039
-1122
-1018
-1083
-1064
-1089
-1051
-994
-951
-868
-933
-863
-741
-683
-559
-575
-517
-554
-536
-514
-479
-424
-384
-347
-338
-249
-242
-117
-44
16
95
79
125
131
172
229
292
198
175
216
164
276
258
237
225
318
320
326
348
223
250
264
257
178
240
226
191
231
214
346
390
290
178
178
352
302
243
326
302
256
123
77
56
-25
70
86
48
15
153
147
173
197
133
206
135
125
17
-35
-105
-32
-85
-84
-19
-121
-257
-290
-276
-334
-333
-241
-275
-311
-279
-484
-459
-398
-413
-599
-637
-629
-623
-596
-518
-541
-631
-535
-634
-534
-514
-464
-514
-556
-531
-465
-391
-329
-275
-365
-441
-452
-401
-452
-378
-294
-337
-269
-321
-306
-285
-331
-238
-273
-369
-393
-347
-226
-77
-33
50
228
278
231
164
120
179
249
206
399
419
387
490
459
451
559
666
761
861
889
909
905
860
825
648
764
834
739
715
751
1006
887
856
805
820
802
847
751
824
856
841
870
943
910
926
969
993
1109
1012
1002
951
986
1045
978
926
880
844
994
970
1061
937
876
975
950
1061
1042
894
767
614
449
513
536
349
341
474
377
377
314
156
254
67
166
237
202
291
324
206
150
226
136
30
122
252
222
338
317
212
228
215
305
199
182
188
87
44
41
-35
110
70
-35
-6
107
164
107
254
241
159
166
209
-11
0
61
-42
-136
-64
-66
-118
-162
-261
-305
-157
-151
-275
-196
-214
-128
-148
-134
-165
-370
-345
-368
-328
-286
-271
-348
-364
-305
-336
-183
-194
-222
-341
-314
-410
-476
-361
-458
-554
-631
-666
-844
-843
-850
-757
-754
-629
-650
-740
-703
-719
-706
-664
-656
-556
-412
-370
-487
-362
-198
-220
-313
-294
-315
-207
-216
-209
-184
-244
-232
-375
-439
-481
-553
-559
-511
-660
-609
-520
-564
-484
-589
-527
-340
-312
-428
-463
-368
-316
-185
-270
-358
-304
-312
-394
-480
-332
-80
-160
-177
-122
-85
29
-106
-51
35
81
183
211
377
522
410
274
413
542
368
219
341
291
269
185
83
93
160
206
-89
19
255
216
39
-57
238
279
119
-162
-95
105
59
-52
-151
-5
-58
-136
-138
66
258
-1
-244
-269
166
220
-172
-140
78
186
39
-314
-175
-26
-96
-143
-278
-213
-18
-133
-389
-344
-88
-38
-144
-244
-310
-232
-192
-212
-251
-288
211
215
-107
-311
-4
-76
-349
-253
-508
-321
-254
-294
-298
-414
-63
-309
-319
-153
-104
-50
-165
73
21
-27
-238
-175
61
17
-356
-455
-87
-92
-515
-595
65
-211
-269
-413
-91
68
-287
-230
72
344
27
-59
283
450
127
23
20
190
350
-119
86
343
459
247
162
503
708
667
507
698
779
740
347
859
824
830
935
851
1092
633
547
736
837
522
363
600
909
534
291
536
632
711
624
567
860
772
487
713
1032
737
729
891
651
554
471
763
714
563
554
998
1002
817
661
746
1017
692
612
797
967
717
647
606
602
349
52
486
436
199
49
469
256
-6
37
198
342
-112
-14
414
613
418
394
733
998
821
878
835
750
1057
561
678
530
618
719
681
493
334
811
501
462
578
604
492
270
446
265
195
302
196
158
15
185
438
-49
121
-41
91
-92
-111
297
19
-90
62
47
117
-108
-50
29
46
322
8
-16
91
-99
286
163
-407
-110
268
409
-59
-61
601
475
184
70
107
314
298
-110
-64
-254
-185
84
-456
-428
-251
147
-106
-656
-179
105
119
-236
-466
-341
330
123
-594
-446
-209
224
-415
-755
-352
-119
-322
-728
-492
-198
-588
-613
-791
-700
-258
-662
-999
-832
-548
-331
-1097
-1037
-879
-558
-764
-1429
-1033
-408
-523
-1147
-894
-364
-340
-790
-956
-665
-255
-477
-1137
-592
-273
-139
-644
-594
-93
-52
-580
-971
-570
-327
-674
-1203
-945
-608
-781
-1381
-1300
-471
-574
-1352
-1253
-271
-154
-867
-880
-373
-280
-673
-720
-548
-392
-602
-519
-443
-136
-356
-262
-198
-191
-33
-63
30
-400
326
40
13
-284
-59
261
-73
-57
-201
125
301
121
-269
138
311
251
-89
115
408
221
60
159
397
221
297
-188
104
-141
-17
-121
-239
-29
-8
389
-92
-260
-344
-175
-423
-640
-129
-344
-184
-477
-758
-477
-279
-750
-501
-526
-322
-643
-413
-559
-604
-423
-703
-536
-940
-483
-898
-405
-843
-918
102
-950
-854
-598
-146
-406
-966
-193
-22
-83
-126
-600
156
5
-504
216
-231
471
224
197
436
57
563
301
-172
255
184
169
464
226
414
258
469
737
415
573
313
846
555
179
436
474
323
777
358
335
922
549
503
151
731
1051
209
521
892
1102
909
659
986
1358
928
1053
924
1159
1167
1030
781
1324
1559
1222
908
1189
1562
599
492
1152
759
835
744
703
1102
928
673
340
531
1146
407
165
758
844
576
537
554
695
556
446
574
375
193
38
227
315
55
-11
208
228
35
-139
-289
678
-15
-424
-276
344
509
-406
-691
549
21
-240
-246
-164
214
-924
-436
16
-396
-707
-473
-448
-237
-104
-322
-445
-342
8
-577
-199
33
-351
-348
245
-271
-197
14
-550
78
-435
-340
-232
-650
-239
-381
-344
-134
-940
-446
-82
-557
211
-741
-67
195
-339
-150
-244
230
-129
-485
-166
-174
-537
-77
-593
175
-280
-515
63
-339
121
-435
-161
186
-159
-230
389
-48
42
287
-239
152
-542
227
-616
331
74
-452
-97
-242
168
-38
-113
303
285
-67
57
212
343
-216
70
88
-487
124
327
-373
111
39
-261
-297
8
-343
-925
-209
-41
-488
-674
-497
63
-590
-1223
-33
54
-564
-747
-158
164
-561
-264
-224
-223
-417
-396
1
-403
-521
-115
-465
-86
-998
-546
-637
-1068
119
-1242
-366
-92
-660
-613
-332
-252
-347
-374
-925
377
-387
-485
-592
2
272
-894
-74
442
213
-333
15
473
425
-392
31
502
500
-223
542
238
-61
322
229
389
-88
203
413
427
-22
204
879
253
583
575
436
50
927
798
36
823
386
977
355
201
425
662
1021
92
673
1427
732
731
479
760
832
499
144
1006
837
754
459
569
616
485
303
397
401
-245
445
48
-101
-5
312
402
-401
138
224
-360
402
-85
-594
-71
272
146
-400
-544
507
-136
-681
-886
103
19
-937
-488
-265
-207
-444
-633
-263
6
-276
-736
260
-161
-912
-96
427
-109
-1406
-19
511
-472
-341
133
619
-524
86
-229
667
69
-866
830
33
1
-237
569
485
-99
479
-406
736
352
-392
94
-9
344
-81
-460
-112
-83
461
-670
-736
927
-325
251
387
459
41
-128
1048
-602
216
-123
166
38
-315
197
-587
216
-183
63
177
191
-259
910
-252
97
869
189
34
514
1608
-890
963
907
410
513
1310
1264
-206
1306
577
374
1046
515
60
1354
638
-15
939
542
609
763
856
339
575
571
1242
-240
-293
720
911
-701
-732
825
65
-78
-602
22
-236
-829
-243
-694
-422
-380
-517
-178
-1150
-1438
206
-498
-1685
-970
-864
733
-1402
-1495
692
-58
-315
-217
-344
436
-1225
-315
329
-943
427
-1168
391
-297
-307
-109
-1324
-57
309
-760
-186
91
-8
22
-509
549
-21
82
-328
251
1080
-374
-378
654
1463
-507
834
1205
481
1062
-48
1205
1248
122
924
1542
658
1004
498
1220
278
486
376
654
977
-391
-110
632
-32
-98
-229
604
-345
833
-644
255
506
843
2
887
821
118
808
-179
1209
206
-124
399
626
-415
-356
21
803
-746
330
258
98
195
-811
332
126
-1048
-183
39
63
-438
-349
203
-608
-1028
-516
-866
-568
-1496
-1014
-1196
-450
-642
-658
-219
13
352
-969
-298
-155
-520
-1152
-439
-601
16
-727
-1622
69
-531
-1830
-609
-288
-746
-493
-1592
345
-676
-699
40
-1043
333
-1276
111
-291
-2173
22
-261
-1224
-1113
-713
911
-1056
-953
-18
-1255
-1717
-1148
-224
-1342
-468
-1312
1189
-214
-603
4
216
1253
-789
72
-32
-208
-1184
-968
97
401
-557
-19
775
226
237
563
847
-1274
-179
-174
-449
392
-1033
387
319
591
117
416
1299
1299
-93
77
1511
1002
730
-243
1155
892
-286
1100
658
1245
1101
-513
1695
1085
278
1354
17
1715
103
471
1329
-1072
1470
310
-370
1044
380
737
294
472
123
-349
862
-322
-1300
76
-279
-1038
-1029
-317
169
-1126
714
-192
-527
855
-771
-699
-107
-1087
-1366
-689
-1034
-2264
-1553
-263
-306
-738
-1204
-1056
394
-1798
-2164
-1526
-605
325
-3169
-518
-460
-1243
-319
-4013
-56
187
-2080
-1419
-1781
1202
-1282
-1567
55
-123
1159
-572
-204
949
-13
743
59
555
1401
460
1849
-963
-759
2474
-187
250
1169
1601
1588
-339
234
798
299
1898
773
271
988
651
740
-1205
697
1822
320
1384
755
584
-161
-229
1263
-202
1063
1589
1173
114
-360
1116
1753
419
574
2440
2278
430
-216
1017
129
2131
28
-164
1672
281
898
-196
-247
2291
-161
870
255
-259
218
439
467
-1832
-117
1975
272
-1387
-192
1466
155
-581
-492
-115
2238
-1066
-859
-162
-575
2024
-403
-727
170
1680
494
-2511
-1112
1651
92
-1043
634
636
-428
-703
952
509
-605
1592
2009
-783
-1371
-160
927
310
-1447
633
1390
419
-966
239
587
-81
1403
207
267
-277
20
-991
-231
100
-1167
146
1229
-1052
-1387
-395
-721
-911
-1717
139
943
-108
-381
-904
-1764
-692
-1152
-2469
-534
139
-287
-1456
-667
-706
-257
-695
-579
418
-495
-1001
-639
-1311
-371
0
-1265
-1293
-1093
-161
-465
-387
517
182
230
-524
-496
318
370
-458
969
1757
181
-915
-253
542
305
247
1270
2098
-720
-733
871
1141
650
749
1275
1950
1700
102
-1136
346
2358
-141
783
2558
1160
1074
-993
-1274
-57
777
794
409
1013
605
-441
-1056
-2628
-612
425
811
966
-906
-477
-1455
-2900
-1144
-560
515
1096
-515
-773
-1079
-1857
-2365
-1624
-587
-442
628
70
-2180
-2435
-2183
-1737
-1591
-794
489
100
-116
-870
-2298
-3388
-2864
-991
109
-275
164
60
-2100
-3241
-2158
-747
-761
793
2371
904
-599
-1544
-3113
-2456
17
1818
1662
1763
1522
-117
-1449
-1857
-521
882
1979
2047
1390
2419
-712
-3265
-2092
516
2140
1570
1977
2420
2207
-528
-3189
-1142
1888
1537
1135
2563
3424
154
-2902
-2411
131
940
791
2874
3347
1831
-54
-1394
-1535
-490
628
3053
2692
1835
2146
-1030
-2840
-2007
-814
1158
1839
2724
3226
897
-1418
-3247
-3270
-361
2382
2456
2577
2404
201
-2247
-4111
-3340
-12
2085
3165
2585
1084
313
-1619
-3956
-2455
581
2500
2594
1180
1146
-260
-2427
-3623
-3123
861
3182
2076
488
277
-1028
-3185
-3943
-2335
126
2350
2055
90
-249
-642
-2410
-2862
-1804
1290
2562
1840
1117
-285
-1080
-2035
-2292
-885
1474
2561
2433
1043
-715
-1504
-2143
-1518
-459
635
2642
2721
788
-1230
-1509
-1337
-1328
-1256
643
2328
1531
129
-643
-1333
-2142
-956
263
1185
1479
1510
692
-1050
-1849
-1239
-1139
-392
1095
1864
1571
16
-1007
-1194
-306
94
-285
1158
2379
1460
92
-576
-1396
-956
75
887
1687
2013
1539
550
-953
-1853
-974
-131
529
1500
1629
767
-249
-1783
-2331
-1496
57
615
1040
1278
127
-1507
-2559
-1957
-1448
-7
1403
1570
1241
-416
-1492
-2389
-2193
-900
507
1871
2134
952
-343
-1466
-1999
-1668
-808
629
1315
2115
1121
-555
-1261
-2159
-1809
-421
853
1739
2404
1738
355
-1234
-1816
-801
392
1232
2122
3179
2967
1054
-47
193
1275
1673
2183
3890
3894
2600
1048
404
359
-25
1587
2526
2875
2977
1182
-486
-1566
-1548
-804
-200
1157
1206
-358
-1689
-4197
-5786
-5111
-4182
-3158
-1676
-1131
-3391
-6304
-7528
-7520
-7237
-6192
-4899
-4229
-4505
-7407
-10531
-11328
-11122
-10951
-9551
-7756
-8236
-10192
-12885
-15284
-17213
-15819
-8176
-432
39
-4846
-6325
-4619
-5199
-4240
2593
9668
11842
11233
11152
11850
12078
13609
14375
16565
21407
24440
20389
15856
15387
15582
12720
8460
6244
4985
3356
1165
-1693
-5597
-7846
-8159
-8152
-9199
-9428
-9528
-10660
-9510
-6280
-3077
-1363
-234
2275
5968
8687
9351
10146
13369
17376
20775
22289
21353
19061
17114
17142
17182
17384
16709
14708
11840
8902
5512
1228
-2437
-3831
-4484
-5773
-7211
-9337
-12709
-14546
-14495
-13939
-12370
-10839
-8415
-7488
-7603
-7577
-6905
-5671
-4076
-1347
891
890
-43
-2256
-5308
-7907
-9185
-9462
-10282
-12006
-16069
-20967
-26274
-30654
-32524
-28284
-19645
-13911
-15531
-20776
-23430
-22057
-18368
-11916
-1782
7066
10232
9541
9974
12043
14486
18970
23023
26864
30950
32192
27758
22439
20158
20345
18347
14027
10173
6654
2613
-2478
-8643
-14191
-16351
-16080
-15453
-16439
-17808
-19160
-20606
-19807
-15489
-10228
-6629
-3372
588
4816
7556
9311
11558
15040
19755
24503
25889
25145
23207
21128
20156
19754
19199
16899
14588
11873
8099
4238
191
-4389
-7759
-9072
-8895
-8522
-9625
-12169
-14102
-14105
-12210
-8985
-6628
-4261
-1944
-288
951
1338
1624
2557
4543
7137
8726
8092
5994
2870
-133
-1459
-1731
-3173
-5684
-7385
-9884
-13770
-18166
-21750
-23719
-25102
-26081
-26408
-27621
-30537
-32607
-30687
-23336
-14416
-9760
-10597
-11966
-10033
-5492
-193
6347
13137
17191
18830
19687
20015
20192
21863
24168
25515
26733
28016
25105
18056
12510
11110
9195
3500
-2144
-5922
-9133
-12121
-14983
-18577
-20252
-19075
-16411
-14464
-13905
-13154
-11221
-8151
-2718
4026
8851
11625
14101
17768
21403
23348
23303
23566
25647
28317
28266
24220
18933
14268
10848
8789
6907
4156
648
-3063
-5375
-7159
-9620
-12162
-13274
-12096
-9866
-7644
-6643
-7488
-8018
-6764
-3503
269
4039
7176
8403
8680
9350
9983
9998
9265
9135
9799
9076
6616
2518
-2346
-6037
-7700
-8004
-8218
-9214
-11298
-13402
-14755
-15728
-16698
-16410
-15226
-13355
-11958
-11997
-13805
-17023
-18834
-19030
-18715
-19163
-20146
-18472
-17438
-15744
-9862
-6024
-8419
-12876
-10438
-3353
-399
1955
6146
8532
8333
7715
9277
12144
16592
21584
23885
23781
24426
24043
20719
17180
17161
17570
13596
6994
486
-4481
-8204
-10229
-12151
-13872
-13102
-11224
-11692
-12981
-13256
-12045
-9187
-3724
3611
9177
11317
11763
12722
15010
17680
19380
21071
23282
25046
24216
20325
14372
8902
6461
5904
5176
3223
822
-2466
-6187
-9525
-11263
-11586
-12213
-12411
-11007
-8873
-7242
-6487
-6189
-5088
-3661
-208
4360
7550
9914
10673
11264
11905
12262
12743
12049
11081
11137
10890
9170
6317
3116
38
-1755
-2774
-4418
-6136
-7344
-8536
-9845
-11734
-12880
-13952
-15022
-14580
-13666
-14201
-15679
-16237
-16162
-17810
-20065
-21766
-23722
-25759
-26408
-24748
-23241
-17448
-6358
-1222
-5251
-9365
-6766
-1904
3439
13133
21472
22179
19676
17399
15940
17094
21076
24967
25346
25617
26287
20526
10857
5586
4786
2652
-2425
-8227
-14760
-19529
-21858
-23840
-25979
-25401
-20908
-16643
-14399
-12788
-11001
-8531
-3918
3891
12168
18265
20997
20969
21581
22607
22253
20808
20672
21099
20286
17426
12282
4547
-2911
-6915
-8471
-8770
-9168
-10990
-14340
-18360
-21093
-21294
-19924
-16529
-11504
-5745
-887
2305
2457
2582
6662
12313
17400
21423
23930
23768
21612
20332
20005
18054
15247
12925
11740
10219
7494
3146
-2286
-7779
-10601
-10763
-10943
-11937
-13745
-14993
-14541
-13936
-13622
-12879
-11836
-10470
-8113
-4758
-2319
-3071
-4885
-5165
-5190
-6380
-7235
-8517
-11723
-14484
-16113
-20348
-25243
-26715
-24008
-14691
-3278
-1581
-9397
-15308
-14305
-10917
-5454
5101
13487
14888
13238
11394
10581
12728
17162
21347
24047
27155
28641
22000
12966
8428
6818
3837
-649
-4930
-10075
-14528
-15877
-17762
-20417
-19505
-14887
-9926
-6527
-4243
-3252
-2894
43
5761
11612
16152
17967
17772
17862
18346
17023
15370
14611
15893
17018
15087
10838
4446
-732
-2034
-1874
-2105
-3381
-5752
-7712
-9114
-9085
-7333
-3935
743
3782
6453
10081
12246
12808
12341
13685
16447
17786
18425
16689
13006
10033
8754
9062
8385
6253
4056
2168
752
-798
-3772
-6103
-7352
-7004
-4893
-4082
-6034
-9536
-11373
-9903
-6985
-4521
-2756
-1583
-2415
-3592
-2990
-4200
-7520
-10216
-10207
-9746
-12429
-16952
-21541
-24930
-27428
-29076
-29864
-31329
-32386
-29730
-26170
-21708
-12043
-3929
-4791
-7163
-3564
1829
5008
10952
18555
21183
20577
19658
18471
19248
21563
22878
21950
20728
20735
17299
9647
4002
1704
-1359
-7141
-13662
-18740
-22088
-23125
-22628
-21466
-19222
-15830
-11826
-7656
-3863
-121
4180
8741
13863
19627
24511
26218
24893
23809
24080
23872
22716
21557
20535
18451
15115
11187
6767
2315
-1543
-3863
-4841
-6017
-7670
-9353
-10324
-9353
-7554
-5707
-3395
-993
1247
3650
5121
6417
7929
8455
9357
10613
11402
11020
9062
7476
6401
6075
6906
6943
5393
2495
-543
-1945
-3206
-4084
-4579
-5163
-5990
-7334
-8126
-9030
-9934
-10040
-9211
-6264
-2721
-3008
-6910
-10238
-10472
-10471
-12322
-13077
-13405
-15482
-17651
-19111
-20886
-23098
-24258
-23982
-23429
-22078
-20881
-22671
-22796
-19486
-16760
-9519
1448
5468
2573
356
2812
3766
5339
13733
19749
19795
18138
14829
12512
12858
14245
15997
15393
14848
13384
7148
1533
-752
-1458
-4626
-10137
-13984
-16323
-16896
-15953
-15215
-12989
-8894
-4126
756
4210
6523
7824
9213
13439
18978
23137
25421
24594
23072
22344
21127
19144
16546
14991
14429
12423
9373
5299
-610
-5650
-9295
-10917
-11823
-12480
-12056
-12419
-11338
-8509
-7814
-7611
-4366
575
4337
8242
11807
11670
10134
10234
11127
11288
10471
9427
8400
8112
8272
6908
4691
2521
635
-758
-1799
-2334
-3449
-5816
-8031
-9502
-11377
-12964
-13567
-13350
-13151
-11395
-8431
-6617
-6318
-6621
-6266
-5690
-4998
-3177
-1933
-2812
-4756
-6960
-8382
-9587
-10977
-11880
-11826
-11694
-11004
-11161
-14140
-16957
-18677
-18589
-17476
-14928
-6042
1135
-504
-5052
-6780
-5674
-4699
-146
8879
14342
15060
13579
11048
11683
14314
17109
18605
19345
21976
21533
17110
13006
10149
7525
3448
533
-1976
-5542
-7656
-8804
-9128
-7808
-6641
-5598
-4875
-3922
-1200
1480
4752
9361
14226
18264
19860
19569
19802
20603
21088
20458
19801
19693
18142
16022
13753
9504
3059
-2877
-5939
-7268
-8180
-8765
-9363
-9468
-9290
-10901
-12041
-10648
-8299
-5519
-2298
225
1296
2629
3535
2810
3253
3839
4972
7795
10400
12390
12464
11846
10532
7161
5940
5455
3106
911
-992
-2771
-6109
-10773
-13049
-13456
-12264
-11542
-11962
-10622
-8827
-6920
-6551
-7428
-7212
-6648
-4466
-2636
-3543
-5173
-8039
-10326
-9515
-8179
-7805
-9481
-11442
-11570
-12545
-14810
-17335
-20402
-24122
-25895
-25221
-21571
-13530
-7797
-8921
-12118
-12303
-10037
-6867
565
9950
15677
18571
18033
15419
14840
16224
18976
21501
24892
28285
25698
19681
15603
13334
10290
6090
3509
-239
-5721
-9099
-11529
-14282
-16320
-16359
-13636
-9911
-6313
-3320
-1547
1387
5787
11109
16438
20158
21662
22032
23042
24258
23064
20010
18042
17012
15846
14082
10734
5746
-5
-5255
-9133
-11296
-11920
-12063
-12552
-13499
-14880
-15683
-15677
-14458
-11467
-6910
-1609
2081
4060
4573
4740
5298
6531
9459
12323
14041
15150
15748
15583
12363
7776
4576
2613
1910
1186
-900
-4532
-9005
-11813
-12926
-13363
-13882
-14989
-13946
-11917
-10422
-8944
-8378
-8361
-8867
-8482
-7414
-7974
-8864
-9285
-9850
-9783
-9669
-10071
-10903
-12265
-13379
-15364
-17066
-17526
-18972
-20590
-21825
-21941
-21190
-20743
-16497
-10593
-8814
-8575
-7632
-5235
-2107
1926
8450
13774
16695
18072
18107
20271
23268
24518
25184
25477
25649
24297
21114
18795
16460
13124
9302
4215
-1972
-8004
-11547
-14000
-16443
-16600
-14835
-12993
-11088
-8662
-6209
-3998
-1166
4017
11653
19004
22761
23178
23597
24456
24717
23975
23473
23728
23347
22300
20239
15678
9200
3087
-1920
-5480
-7502
-9178
-10707
-12235
-14819
-17512
-19366
-19691
-17854
-14189
-9825
-6055
-3491
-2050
179
2665
4184
6717
10493
15278
18967
19694
19854
18826
16139
14030
11983
9768
7542
4892
1787
-2584
-7399
-12198
-15636
-17378
-19802
-21240
-20412
-19213
-18897
-18618
-16912
-16009
-15889
-13113
-10023
-8916
-7926
-6890
-5492
-3857
-2610
-1483
-997
145
614
-1433
-2728
-3924
-6706
-9054
-11209
-13376
-15751
-18372
-18495
-15684
-14214
-15020
-15972
-14791
-13162
-11515
-6647
-661
4628
8781
11089
14023
18378
22214
24763
26689
29647
32129
31955
31254
31226
30672
26992
20471
14115
7709
2198
-1872
-5093
-7061
-8858
-10782
-12007
-13279
-13684
-13947
-13921
-10882
-6118
-1591
2024
4284
6213
7770
9307
11719
14462
17323
19965
21509
22412
21834
19041
14951
10429
6842
4491
2766
765
-2472
-6908
-11698
-15428
-17463
-18637
-19127
-18400
-16974
-15580
-14289
-13592
-12920
-10417
-6538
-2454
1826
5576
9101
11795
14295
16082
16103
15831
14824
13122
11420
8889
6301
3107
-1562
-5504
-8782
-11822
-15307
-17481
-17439
-18206
-18766
-17575
-16611
-16452
-17127
-17056
-15666
-14685
-12888
-10712
-8891
-6827
-5091
-3320
-1907
-1329
-785
-955
-1326
-1925
-3225
-4432
-6389
-9299
-12692
-14331
-12559
-11160
-12447
-14556
-16009
-15819
-14545
-11346
-6368
-1378
2768
5595
8911
14309
19291
22044
23488
26399
29800
31226
31715
32384
31897
29184
24277
19178
14131
9610
6388
3456
578
-2114
-5316
-9001
-11658
-13584
-15364
-16781
-16319
-14808
-12696
-10232
-7890
-5163
-2469
295
3905
7456
10691
13762
17058
20564
22371
22665
22241
19807
16154
13233
11433
10302
8750
6956
4489
1139
-1882
-5647
-9831
-12469
-13004
-11935
-11036
-10734
-10584
-10600
-10222
-9131
-7394
-4570
-723
3543
8658
12620
13225
11395
9815
9439
10032
11598
13295
13271
10359
6246
3015
-238
-4076
-6477
-6787
-6798
-7645
-9021
-11616
-16034
-20661
-22480
-22472
-22847
-22794
-22447
-21851
-21592
-20767
-18628
-17085
-15300
-12674
-10164
-8431
-7655
-6387
-4145
-2596
-1778
-556
828
1311
700
-681
-1971
-3022
-2517
-252
2230
3695
4174
3985
4605
7108
9822
11304
12331
13922
15190
15921
17162
18434
18651
17470
15529
13465
11409
9962
8877
7668
6082
4505
3082
1417
-823
-2483
-4308
-6201
-6501
-6256
-5825
-5122
-4394
-2873
-939
616
2240
3751
5238
6710
8190
10714
12810
13785
14647
14211
12257
10073
8685
7453
6246
6146
6021
4756
3102
457
-3152
-6161
-7801
-7962
-7496
-6387
-5549
-5602
-5912
-6105
-6144
-5436
-3890
-1598
1890
5615
7568
6895
5086
3410
2269
2127
2837
3589
3740
2361
50
-2321
-4824
-8116
-10422
-10253
-9156
-9318
-10519
-12061
-14210
-16716
-18645
-19648
-19946
-19650
-19141
-18343
-17043
-15691
-15210
-14426
-12273
-9781
-8086
-6870
-5873
-5315
-5108
-5089
-5161
-4510
-2909
-2783
-3992
-5023
-5249
-6164
-6704
-4927
-2560
-671
636
1444
3045
5754
8262
10628
12778
14590
15607
16700
19051
21547
23028
22866
21216
19241
17758
16082
13938
11832
9623
7459
5977
4648
2471
-513
-3358
-5854
-8225
-9963
-9812
-8663
-8167
-7356
-5339
-3235
-2264
-1385
506
2634
4777
7312
9223
10715
11725
11373
10154
9250
8734
8595
8225
7333
5912
4633
3202
1340
-447
-2000
-2826
-3533
-4440
-5250
-5539
-6049
-6905
-7108
-5999
-4921
-4409
-3214
-1317
-200
356
920
980
1076
1742
2514
2785
2513
1876
557
-1212
-2427
-3122
-4459
-5874
-6184
-5870
-6264
-7632
-8700
-9203
-9656
-10328
-11061
-11789
-12960
-13249
-12432
-11716
-10742
-9592
-7497
-5372
-3936
-2556
-1759
-1124
-247
627
1311
1341
386
-1132
-2366
-2502
-2712
-3167
-3176
-3492
-4008
-4123
-3336
-2354
-1815
-904
362
1985
4674
7755
9569
10367
11466
12970
14516
16154
17935
19361
20287
19989
18759
17417
15844
14167
12270
10884
9905
8341
6192
4028
2195
453
-1139
-1885
-2294
-2810
-2942
-2375
-2097
-2273
-1550
-127
885
1914
2816
3034
3257
3763
4278
4280
3812
3193
2738
2721
2869
2104
772
-73
-672
-1518
-1882
-1369
-1242
-2122
-2521
-2581
-3033
-3097
-2650
-1725
-1031
-626
48
944
1851
2491
2500
2226
1759
1280
590
-172
-765
-1191
-2179
-3796
-5509
-6915
-7552
-7636
-8055
-8494
-8174
-8353
-8816
-9309
-9862
-10810
-11917
-12012
-11249
-9979
-9347
-8656
-6865
-4688
-2873
-1503
106
1255
2037
3081
3762
3866
3495
2623
1516
-665
-3392
-5542
-6807
-7501
-7222
-6206
-6413
-7900
-8534
-8495
-8554
-8346
-7759
-6562
-4599
-2177
-794
-469
947
3385
5850
8985
12199
14342
15115
15082
15213
15713
16066
15879
15432
14591
13731
12718
11093
8726
6396
4747
3887
3533
2815
1454
-233
-1935
-3334
-3847
-4071
-4676
-5219
-5171
-4390
-3180
-2308
-1757
-1242
-1221
-1371
-951
269
1083
1553
2330
3222
3627
3412
2858
2113
1676
1169
411
-164
-283
-1042
-1933
-2330
-2404
-2872
-3693
-4043
-4243
-4230
-3802
-3415
-3382
-3472
-3948
-4149
-3810
-3327
-3247
-3264
-3173
-3176
-2513
-1462
-1169
-1344
-1405
-1043
-966
-996
-249
-1301
-3546
-5000
-6020
-6789
-7688
-8266
-8258
-7427
-6784
-6980
-7129
-6478
-6050
-5582
-4327
-2574
-1601
-1574
-1304
-1552
-2405
-2783
-2688
-1797
-1084
-514
-542
-1811
-3028
-3494
-3835
-3528
-2479
-1362
-293
235
14
-1232
-2392
-2276
-1079
617
2458
3750
4512
4858
5712
7125
8141
8747
9717
10680
11302
12441
14020
14312
13275
12684
12397
11711
10762
10013
9343
8337
7190
6344
5662
4709
3633
2116
635
-175
-559
-628
-600
-923
-1675
-2256
-2053
-1610
-1258
-997
-1082
-1507
-1511
-719
196
334
95
311
517
348
-98
18
-71
-943
-1842
-2494
-2911
-3259
-3200
-3025
-2981
-2500
-2388
-2975
-3555
-3763
-3768
-3578
-2975
-2267
-1572
-1066
-898
-1053
-1221
-1764
-1981
-1303
-652
-390
-557
-1533
-3130
-4792
-5833
-6005
-6447
-6786
-6760
-6235
-5872
-5827
-5422
-4953
-4461
-3555
-2363
-778
399
542
886
783
829
864
625
1085
1650
2346
2503
2015
1149
-151
-1146
-1469
-1572
-1482
-1612
-2395
-2787
-2417
-1818
-1694
-1220
-431
196
802
1370
2506
3730
4628
5464
6716
8479
9914
10236
10381
10910
11300
10961
10348
10337
10421
10319
9637
8524
7213
5799
4449
3520
3214
2928
2147
1142
808
656
737
388
-800
-1774
-2284
-2305
-2192
-1977
-1515
-1020
-587
-491
-708
-1198
-2075
-3102
-3572
-3487
-3132
-3069
-3353
-3970
-4786
-5402
-6191
-7155
-7531
-7253
-6717
-6129
-5420
-4736
-4597
-4657
-4426
-3822
-3291
-2413
-1231
-61
1044
1733
2199
2563
3282
3471
3140
3003
2993
2263
933
-423
-1851
-3219
-3996
-4749
-5518
-5995
-6255
-6209
-6442
-6217
-5624
-5058
-4465
-4207
-3569
-2724
-2031
-1132
-386
-339
-142
217
530
1172
1750
2656
2774
2475
1919
914
664
761
722
327
-280
-433
-913
-1555
-2256
-2426
-1857
-826
236
1282
1887
2347
2025
1452
2040
3003
3662
3660
3680
4225
4873
5266
5569
5953
6146
5983
5601
5883
6490
6793
6752
6661
6494
5666
4701
4155
3858
3915
4190
4587
4695
3988
2967
1876
437
-1014
-2197
-2630
-2654
-3048
-3722
-4288
-4738
-5451
-6327
-6693
-6918
-6910
-6788
-6903
-6612
-6370
-6318
-5946
-5233
-4701
-3943
-3151
-2195
-1347
-734
-247
236
1101
2396
3525
4365
5158
5481
5428
5192
5214
5203
4582
3767
3073
2282
1368
368
-892
-2099
-3237
-4226
-5282
-5758
-6086
-6194
-6038
-5562
-4983
-4838
-4754
-4513
-3833
-3203
-2702
-1638
-876
-253
-36
225
739
801
1477
2230
2561
2855
2357
1654
915
121
-377
-933
-1261
-2056
-3040
-3929
-5174
-6027
-6369
-6552
-6597
-5599
-3657
-2529
-2405
-2441
-2053
-1764
-1410
-99
1344
2351
2735
2956
3890
5430
7257
8424
9284
9936
10120
9495
8884
9229
9979
10190
9063
7723
6480
5050
3614
2253
1265
816
620
317
-191
-817
-2062
-4395
-6321
-7276
-7012
-6274
-5949
-5482
-5198
-5245
-5639
-5642
-4627
-3487
-2789
-1798
-504
310
554
664
924
1354
1551
1871
2311
3186
3582
3354
3338
3379
2945
2352
2384
2890
3382
3429
3076
2517
1904
935
-70
-531
-628
-752
-1095
-1391
-1630
-2333
-2820
-2873
-2464
-2167
-1862
-1357
-733
-286
-564
-1264
-1577
-1175
-611
-142
693
552
-77
-763
-1600
-1391
-1308
-1218
-944
-995
-965
-1591
-2444
-3636
-4283
-4458
-5161
-5697
-6456
-7254
-8170
-8936
-9071
-9238
-9133
-7935
-5933
-4463
-3618
-3232
-2601
-2103
-1255
919
3260
4940
5790
6047
6874
9100
11421
13268
14519
15458
15738
15076
14725
15023
15234
14341
12461
10479
8510
6291
3427
660
-1295
-2375
-3274
-4402
-5810
-7096
-9069
-11629
-13638
-14048
-12759
-11135
-9529
-7811
-6485
-6087
-6184
-5518
-3388
-949
1240
3714
6179
7996
8714
8753
8548
8154
7912
8153
8965
9578
9467
8494
6880
4853
2841
1281
-77
-775
-1304
-1740
-2625
-3622
-4114
-4930
-5842
-6007
-5412
-4301
-3015
-1458
-260
20
143
466
1528
2881
3785
4472
5092
5476
5523
4960
4387
3652
2652
1805
1320
1009
-292
-2207
-3694
-5101
-6090
-6956
-7870
-8391
-9165
-9763
-10465
-11287
-11512
-11854
-12271
-13016
-13971
-14719
-14392
-13505
-12574
-9813
-5452
-3306
-2897
-2401
-1351
-859
-118
3173
6819
9954
11851
11876
11994
13265
14698
15309
16057
17705
19065
18696
18010
17612
17094
15131
11388
7949
5082
2794
449
-2117
-4428
-6465
-8535
-10623
-12422
-13576
-14821
-16587
-17103
-15465
-13187
-10840
-9072
-7423
-6178
-4704
-2670
-518
2338
5345
7897
9932
11778
13279
13797
13146
12344
11756
11007
10574
9680
8647
7680
5679
3108
768
-1243
-3399
-5820
-7063
-7603
-7854
-7710
-7673
-7661
-7539
-7330
-6369
-5265
-3379
-593
1943
4316
6230
7629
8248
8183
8222
8764
9363
9633
9119
8011
6314
4023
1661
-674
-2601
-4077
-5259
-6895
-8806
-10634
-12383
-14051
-15209
-15869
-16341
-16792
-17148
-16975
-16824
-16904
-17146
-17181
-17072
-16960
-15915
-14260
-12300
-8559
-3337
-488
-336
-186
321
515
1632
5951
9948
12300
13416
13174
13025
14368
16182
16296
16014
17791
19485
18673
17578
16899
15303
11881
7142
3484
587
-1301
-2986
-5283
-6967
-8378
-10191
-11945
-13362
-13338
-13427
-13643
-12883
-10267
-6396
-3366
-2266
-1295
-21
1301
3570
6155
9324
11985
13196
13254
13191
13315
13145
11884
10385
9124
7735
5892
3817
2056
-76
-2625
-4998
-7375
-9089
-9680
-10065
-9883
-9137
-7956
-7251
-6763
-5624
-3839
-1446
1302
4086
6718
9300
11355
12570
13764
14755
15226
14876
14516
14008
12544
10721
8868
6401
3141
-236
-3191
-5665
-8399
-10649
-11932
-13643
-15676
-16942
-17333
-17758
-18144
-17466
-16568
-15946
-15140
-14465
-14226
-13843
-13641
-13055
-13403
-13147
-11661
-9906
-8792
-6568
-1303
2052
775
-834
-1233
-932
-612
2964
7685
10362
11418
10054
8237
9352
12880
14790
14668
16391
19762
20017
17601
16743
16216
13971
9365
5224
2463
1132
306
-2082
-4632
-5624
-6685
-8197
-9566
-9684
-9063
-9294
-9155
-7192
-3132
806
2262
2306
3378
4650
6011
7604
10277
13093
14538
14181
13370
12554
11844
10175
7865
6187
4726
2895
455
-1785
-3771
-5883
-7910
-9552
-10734
-10723
-10746
-10915
-10017
-8319
-7090
-5305
-2153
355
1841
3997
5809
7786
10934
13813
15929
16882
17367
16175
14344
13842
12931
11291
9617
7560
4921
1081
-3046
-6258
-8946
-10919
-12201
-13468
-14865
-16337
-17644
-18312
-18827
-18535
-17783
-16389
-14677
-13522
-12617
-12473
-12811
-12364
-12011
-12167
-12148
-12069
-11437
-9647
-9171
-8228
-3624
1177
825
-1824
-2386
-1946
-2432
-346
5113
9106
11464
10786
8145
8188
11562
15185
15589
17146
20634
20826
17438
14370
13230
11878
7792
3498
579
-887
-1457
-3318
-6318
-7615
-7703
-8079
-8525
-8218
-5415
-4616
-4707
-3458
377
4853
7285
8255
9162
10445
11510
11827
12886
14535
15520
14442
12786
11263
9708
6780
2675
-539
-2983
-4757
-6870
-8506
-9289
-9891
-11727
-13496
-13309
-11727
-10151
-8509
-6576
-4190
-2040
464
2624
4380
6661
7364
7813
9391
11722
13771
14761
14819
13831
12099
10777
9149
7689
6398
4210
1483
-1589
-4740
-6860
-9084
-11192
-12275
-12639
-11998
-11664
-12059
-13272
-14573
-15060
-14692
-13507
-12327
-11878
-12242
-13371
-15493
-17072
-17428
-17880
-18346
-18678
-19136
-18294
-16644
-14670
-8349
691
3155
182
-2235
-1189
-269
1630
9075
14442
15653
13268
8570
6893
9941
14602
15629
15086
16898
16225
10426
5434
3988
3858
1177
-3009
-5919
-7031
-6188
-5972
-6843
-5244
-1034
2273
4912
7792
11230
12213
10841
10822
13658
17859
19918
18550
16788
15038
12189
8920
6193
5522
5022
3203
781
-1628
-3524
-6428
-10471
-12788
-13130
-12054
-10793
-9241
-7369
-5733
-4414
-3906
-3188
-573
2672
4813
6657
8586
9205
6996
4959
4253
3992
4500
4519
3821
4290
4771
4229
3323
4001
5163
4927
4551
4765
4230
3125
1733
634
-257
-894
-1804
-2804
-3611
-4785
-5751
-5681
-6456
-8472
-10245
-11741
-14216
-16207
-16979
-18055
-19580
-21146
-22878
-24849
-25746
-25354
-25113
-24787
-21755
-18697
-15092
-5334
5471
7441
4465
2219
3031
3206
7187
16332
20457
19370
12978
4821
2343
6071
10965
12559
13172
15045
12988
6648
2365
1296
1374
-1057
-3633
-4320
-3930
-2575
-2071
-2982
-1314
3362
8622
13258
16308
19312
18945
15702
13932
15381
18102
19256
17218
14810
12424
8921
4832
1141
341
628
221
-144
-1149
-2686
-4822
-7171
-7552
-6334
-4546
-2693
-1528
-294
788
720
1632
2617
2625
2625
2277
2503
2090
1457
1094
-590
-2543
-3234
-3404
-3199
-3076
-2538
-1355
192
1569
2576
3897
5678
6569
7028
7571
7643
7184
6369
4886
3194
1275
-347
-1987
-3778
-5045
-5763
-7266
-10443
-13626
-14765
-15543
-17483
-18465
-18313
-18927
-21084
-23895
-25698
-26338
-27087
-27503
-26998
-24893
-21679
-17156
-6289
3395
3705
162
-3570
-3854
-3518
2335
13187
17624
15990
8903
873
-453
4518
10919
13930
15721
18398
15442
8360
4761
4125
3774
944
-1339
-1413
-596
412
-171
-2655
-1674
2363
7075
12452
16219
18769
16606
12416
11292
12894
14851
15122
12848
11152
9731
7615
5181
2887
2778
2673
2258
2799
2361
773
-919
-3143
-3825
-3341
-2214
-1078
-1398
-1283
-884
-938
255
609
-247
-191
360
-18
-525
-492
-1176
-3280
-4962
-4382
-4285
-3912
-3487
-3934
-3268
-1871
-114
2158
4010
5241
5044
4785
4935
4212
3516
3490
2073
-549
-3459
-5488
-6841
-8372
-9237
-8763
-8327
-9838
-12285
-13732
-15030
-17668
-19036
-18515
-18728
-19799
-22527
-25788
-28448
-29545
-28404
-26491
-21511
-9263
2530
3766
146
-2939
-4017
-5545
-1698
8889
15232
15694
9484
1107
-1388
1586
6386
8885
11110
14378
13059
7644
4501
4573
4944
935
-3149
-3692
-1903
618
1609
2365
4771
6962
8933
11946
14902
18507
18832
17574
17016
17977
18919
17256
12801
8984
6082
4412
3379
2791
4410
4901
3492
1573
-59
-385
-49
627
2622
4302
5738
5441
3818
1965
23
-1045
-133
1901
4852
5810
3383
444
-2984
-5116
-4736
-2517
-383
-573
-1823
-2574
-3805
-3745
-3058
-1755
142
2108
4417
6593
7536
7203
5250
3743
3493
4039
4728
3978
1193
-3313
-8314
-11713
-12504
-12205
-12458
-12384
-11820
-12841
-14907
-16319
-16750
-18348
-19469
-19003
-19209
-19876
-20895
-21822
-22342
-21969
-18643
-9781
1457
6648
4401
1371
735
-785
262
7250
12821
12528
6594
-289
-3137
-1366
3193
5372
6151
8552
8312
3575
559
1857
3882
2139
-378
-1682
-2108
-867
-161
479
3557
8162
11097
12819
14793
17409
17766
16809
16773
18437
20036
18988
15938
12443
8514
4547
1611
597
1884
3016
4426
5073
3804
1745
897
2065
4674
7914
10823
11049
8860
5871
3331
1071
258
792
818
843
-12
-908
-1988
-3640
-5137
-5192
-3779
-2778
-2394
-964
-534
-1061
-1386
-1255
-133
1584
3119
4464
6529
7080
4422
1101
185
436
815
807
-329
-3146
-7938
-12979
-15469
-16358
-16654
-16668
-16927
-17115
-17633
-19690
-22537
-24763
-25034
-24055
-23588
-23246
-21111
-18429
-18662
-15262
-5338
684
-130
-421
2167
2827
2652
7752
13125
13577
10038
4677
667
503
3747
5303
4834
6205
7969
4863
523
-1075
-709
-1811
-3736
-3615
-2643
-1919
-1468
-1323
-601
2365
6068
8940
10485
13368
15598
15715
15088
15455
15871
15178
13315
11459
10926
9558
6759
3486
1783
1171
651
405
1182
2389
3529
4539
6578
9688
12491
13884
13681
12861
12011
10671
8874
7055
5196
4036
2024
-1337
-4889
-6925
-7588
-7153
-6229
-5027
-3421
-2903
-3589
-3973
-3928
-3536
-2604
-1220
530
1690
2052
1858
924
-15
-685
-524
586
1291
1272
-612
-4192
-8579
-12159
-13426
-13490
-14848
-15733
-15913
-17575
-20479
-22834
-24408
-25055
-25003
-24308
-22730
-21100
-20059
-20931
-18992
-10768
-4473
-2751
-1560
-1073
-834
-1860
842
6353
10361
11550
8305
3762
3069
5240
6895
7463
8772
10646
8111
3222
666
1122
1420
-737
-3042
-4148
-4026
-2401
-413
704
2897
6287
9042
8967
9236
11565
13063
12457
12261
13537
14430
12669
9164
6605
5030
3877
1716
1653
3728
4532
2837
772
-259
388
2041
4965
8367
12178
15369
16319
15323
13877
12497
10163
9586
9993
11113
11689
10018
5513
-52
-3893
-5289
-5055
-2006
1097
1701
465
-1604
-2583
-2498
-1121
412
1835
4122
4821
2575
-445
-2440
-3990
-4377
-3591
-2456
-2006
-3016
-5329
-9310
-12407
-13563
-13933
-14274
-14188
-14159
-14619
-17995
-22494
-24095
-23652
-23307
-21594
-17696
-15432
-17023
-17057
-10957
-6100
-4564
-3560
-1654
-711
-2040
-486
3398
5404
4893
2042
-253
1627
5201
7198
6612
6756
8134
7175
5240
4842
5719
4999
1895
-904
-1777
-1134
-216
668
1410
3469
6164
8821
10263
10764
11844
12463
11986
12422
14230
14548
11798
7971
6214
4679
2958
1712
1162
1338
1228
1034
1114
930
-26
-89
1517
4328
7609
11806
14686
14397
12836
11285
9752
9572
10532
10897
10912
10610
8626
5448
2764
1158
-339
-1366
-264
1383
1272
-442
-1683
-2231
-2642
-2528
-1160
357
2304
3418
2674
1279
-188
-2032
-3919
-4962
-5419
-5573
-6373
-8161
-10676
-13171
-15041
-16193
-17534
-17831
-16738
-16760
-19351
-22938
-25126
-24878
-23574
-22132
-19740
-16986
-12164
-7046
-4775
-3733
-2355
-837
-244
395
4312
7834
7296
4276
1164
300
1080
3107
4966
6135
7436
8107
5888
3193
2434
3433
3204
1802
891
-480
-1872
-2448
-1370
562
3270
5747
7871
8868
9871
10770
10914
11440
12922
14148
14266
12067
8522
6017
4009
2838
2564
3474
4640
4197
2155
210
-935
-13
1731
4131
7118
9140
9961
10251
10044
9727
9115
9413
9988
9213
8772
7971
7054
5620
4026
3685
3953
3622
2978
2727
2878
1808
-239
-1191
-906
-471
-208
584
1585
1323
183
-824
-1390
-1270
-1120
-851
-1248
-3196
-6106
-8956
-10826
-12122
-13161
-14154
-15334
-17070
-19022
-21017
-22523
-23765
-24690
-23806
-21716
-20301
-21278
-21895
-18482
-12024
-7760
-6331
-5131
-3133
-1712
-595
3584
8247
9993
7838
3946
2160
3366
4939
4651
3945
4754
5267
3141
635
-540
-428
-525
-952
-1206
-1012
-733
-1455
-2709
-2733
-787
1515
3525
5111
6763
7632
7759
7653
8850
10861
11640
10642
9404
8077
5808
3152
1222
605
1426
3206
4447
4493
3943
3541
3148
4538
7861
11131
12834
13238
12325
10332
8964
8393
8516
8415
8082
7261
5903
4598
3368
1867
657
704
1676
2336
2621
2742
2558
2263
2312
2311
2264
2386
2404
2720
3099
3428
3272
2432
1206
-629
-2390
-3557
-4926
-7128
-9541
-11022
-12324
-14768
-16777
-17238
-18247
-21230
-23721
-23512
-22179
-21099
-20414
-19720
-19042
-16433
-12168
-9796
-9355
-7830
-5223
-3298
-2183
1760
6318
6789
5090
4345
6159
8217
9666
10412
9643
8533
7898
5910
3070
1314
1011
230
-1955
-3358
-3453
-3360
-3350
-2740
-1381
-81
1480
3400
5075
6288
6497
6548
6230
5671
5872
6704
6950
5858
4452
3708
2650
1046
265
44
208
36
-143
-20
369
1813
3969
6157
8249
10203
12259
12960
13055
13334
13210
12740
11792
10397
8719
7745
7154
6279
5437
4315
2985
1532
496
158
444
558
177
-494
-999
-1699
-1597
-677
716
2212
3108
3585
3460
2231
731
-181
-1035
-2211
-3563
-4920
-7352
-10693
-13875
-16462
-18606
-19857
-20384
-20722
-20912
-20251
-19621
-19365
-18920
-17624
-15080
-11775
-8810
-7945
-8587
-8678
-6883
-3924
-583
2110
3823
3593
3084
4091
6179
8426
10438
11900
11642
10600
9596
8581
7076
5709
4668
3695
1193
-1025
-2061
-2050
-2073
-2239
-1276
754
2389
2726
2779
3087
4117
5167
6458
7730
8579
7770
5602
3058
1611
1295
1433
961
-583
-1761
-2014
-2767
-3582
-3037
-1309
231
1676
3819
6344
7898
8424
9190
10023
10801
11232
11353
11575
11349
10133
8714
8410
8256
7389
6297
5718
5406
4250
2862
1907
1025
-917
-3044
-4303
-4456
-4205
-3703
-3419
-3439
-3135
-2106
-886
139
481
460
-774
-2603
-4290
-6044
-7796
-10032
-12012
-13884
-15559
-17316
-18547
-18756
-17746
-16650
-15755
-13231
-9874
-8185
-8760
-8792
-8443
-8530
-7939
-5284
-3143
-2777
-3124
-3197
-2950
-2082
257
2561
3606
3848
5293
6764
7852
8078
8101
7879
6959
5323
4115
4114
4395
4197
3644
3262
2595
2357
1786
855
694
1385
2044
2353
3230
4514
4454
3259
2217
1890
1871
2341
2818
3002
2721
1881
245
-2092
-3105
-2621
-2100
-2104
-1754
-1197
-1479
-1506
-378
1525
2969
4080
5301
6762
7497
7547
7765
8145
9048
9653
10340
10662
10466
9417
8065
7298
7351
7344
7232
6136
4120
1286
-1214
-2679
-3494
-3783
-3971
-3971
-3703
-3451
-3697
-4079
-4473
-4977
-4799
-3983
-3729
-5575
-8497
-11057
-13273
-15212
-16671
-16914
-16766
-15658
-14107
-12981
-13091
-13202
-13210
-12136
-9688
-6392
-4158
-3776
-4105
-4515
-5564
-6030
-4749
-3120
-1240
177
1510
2634
3586
4234
5428
6792
8515
9584
9808
9462
8736
8354
8188
7871
7410
6795
5745
5054
4974
5486
5587
4977
4453
4312
4324
4953
5150
5112
4675
3768
3329
3839
4630
4604
4235
3500
3090
2853
3170
3108
2481
1826
841
-417
-1355
-2147
-2864
-3766
-4776
-4700
-3959
-3021
-2124
-994
155
1300
2750
4382
5869
7084
7676
8225
8954
9628
9868
9058
7589
6135
5225
4603
3807
2791
1835
198
-2135
-4660
-6480
-7395
-7722
-7905
-8105
-8320
-8627
-8887
-9278
-9842
-10937
-11649
-11978
-12032
-11583
-11417
-12982
-15652
-17082
-17275
-16993
-15492
-12995
-11274
-10174
-9118
-8001
-7073
-5108
-2261
230
1426
2780
3616
3462
2755
3123
4580
6018
7279
8819
10384
11259
12436
13162
13315
12581
11819
10866
10408
10255
10393
9569
8220
6263
4822
3972
3561
3251
2882
2868
2969
3256
3292
3488
3066
2715
2339
2680
3678
4804
5117
4639
3964
3753
3811
3893
3955
4064
4134
3309
2039
1020
-203
-2030
-3958
-5258
-6066
-6510
-6509
-6208
-5871
-5710
-5431
-4929
-3757
-1713
632
2418
3347
4145
4390
3854
3493
3515
3327
2604
2210
2158
1645
405
-1251
-2552
-3832
-5554
-7099
-7931
-8660
-9471
-10243
-11208
-11472
-11328
-10944
-11188
-11525
-11491
-11946
-12569
-11967
-10399
-9630
-10061
-10550
-10143
-9432
-8182
-6245
-3655
-2206
-1234
211
2013
3035
3764
4936
6008
6606
6842
7013
6838
6840
7285
7698
7581
7351
7523
8252
8724
9198
8888
8060
6882
6412
6590
6431
5841
5262
4977
4551
4040
3610
2941
2370
2352
3114
4295
4687
4313
2921
1461
1199
1953
3038
3635
3723
3234
2889
2924
3320
3758
3948
3974
3657
3163
2562
1172
-615
-2025
-2979
-3629
-4194
-4311
-4537
-5688
-7121
-7543
-7329
-7321
-6912
-6064
-5453
-4866
-4046
-2946
-2098
-1910
-2502
-3111
-3346
-3500
-4069
-4733
-5325
-6260
-7085
-7111
-6824
-6708
-6684
-6356
-6182
-6616
-7065
-7257
-7601
-7284
-6413
-5656
-5777
-5924
-5846
-5585
-5282
-4582
-3286
-1765
-433
692
1952
2958
3421
3478
4169
4683
5511
6386
7000
6843
7033
7439
7293
6773
6636
7132
7643
8065
8576
8498
7850
7245
6971
6910
7170
7353
7182
7023
7031
6856
6411
5706
5137
4888
5392
6472
6875
6221
4753
3780
3564
3733
3626
3374
3027
2346
1682
1299
1239
1223
1354
1534
1910
2713
3252
3191
2859
2448
1841
1065
427
-233
-1015
-1931
-2506
-3217
-4497
-5701
-6766
-7821
-8448
-8211
-7631
-7611
-8438
-9055
-9723
-10644
-11524
-11627
-11245
-10990
-10876
-10979
-11302
-11891
-12338
-12811
-12826
-11948
-10766
-10175
-9780
-9611
-9926
-10396
-9852
-8251
-6713
-5070
-3487
-2016
-869
260
1223
2246
3406
4761
6063
7162
7702
8055
8517
9011
9241
9212
9184
9345
9126
9230
9428
8560
6748
5119
4465
4463
4555
4849
5002
5084
5038
4865
4792
5071
5631
5924
6212
6722
7025
6496
5706
5361
5754
6249
6344
6497
6274
5800
5068
4578
4410
3786
3089
2358
2048
1903
1251
-181
-1388
-1615
-1311
-1285
-1247
-903
-900
-1262
-1246
-676
204
935
1143
808
1135
1239
536
-572
-1447
-2025
-2754
-3027
-2843
-2799
-3504
-4735
-5720
-6110
-6339
-6809
-7318
-7924
-8729
-9882
-10986
-11734
-12183
-12578
-12698
-12553
-12305
-12416
-12896
-13267
-13341
-12814
-11880
-10809
-9837
-8713
-7769
-6840
-5615
-3844
-2233
-844
483
2392
4726
6479
7940
9409
10850
11427
11867
12417
12960
12861
12637
12764
12489
11340
9860
9098
8500
7894
7231
6615
5533
4180
3154
2802
3037
3136
3286
3441
3723
4018
4395
4848
5214
5647
6351
6789
6642
6257
5907
5706
5385
5252
5123
5056
4787
4378
3440
2348
1458
741
462
29
-401
-900
-1777
-2922
-3785
-4084
-3773
-3530
-3288
-2871
-2787
-2857
-2444
-1642
-1142
-817
-666
-438
-632
-1038
-1223
-1561
-1892
-2308
-2649
-3106
-3434
-4154
-5334
-6574
-7731
-8864
-9560
-9810
-9831
-9836
-9965
-9874
-10135
-10643
-10812
-10936
-10982
-10507
-9376
-8484
-8479
-8502
-8049
-7465
-6865
-5960
-4535
-3208
-2094
-1035
215
1112
1777
2727
3853
5260
6222
6749
6658
6796
7175
7428
7609
7553
7165
6846
6534
6388
6166
5969
5878
5540
5201
5039
5028
4573
4049
3727
3817
4099
4319
4091
3974
4546
5192
5333
5579
6279
6643
6874
7569
7993
7575
6433
5377
4804
4346
4259
3965
3173
2170
1618
809
-19
-801
-1293
-1575
-1897
-1939
-1847
-2282
-3133
-3771
-3903
-3315
-2774
-2299
-2234
-2189
-2199
-1803
-1306
-1107
-1348
-1663
-1537
-1238
-1108
-1620
-2647
-4003
-5288
-6301
-6824
-7141
-7568
-8265
-9062
-9593
-10005
-10569
-11080
-11082
-10856
-10318
-9824
-9219
-8721
-8752
-9117
-8608
-7752
-6172
-4401
-3115
-1997
-1436
-573
531
1609
2414
3455
4233
4669
4445
4299
4386
4498
4749
5082
4992
4469
3362
2184
1781
2050
2365
2304
2392
2371
2485
2643
2840
2721
2613
2963
3550
3845
3958
4339
4064
3836
4160
4809
5207
5248
5359
5714
5975
6085
6301
6415
6416
6271
5921
5708
5562
5174
4562
3920
3313
2501
1941
1508
1125
757
371
-42
-317
-683
-938
-1266
-1532
-1557
-1344
-1138
-734
-185
-131
-549
-1093
-1040
-817
-609
-390
-384
-234
-490
-1010
-1925
-2825
-3284
-3975
-4566
-4931
-5047
-5398
-6100
-6748
-7453
-7910
-8565
-8667
-7935
-6965
-6821
-6899
-6799
-6320
-5882
-4790
-3513
-2124
-1294
-406
791
1757
2588
3366
4484
5393
6342
6616
6753
6551
6718
6906
6635
5989
5224
4071
3130
2290
1655
943
48
-706
-905
-740
-713
-873
-977
-756
-666
37
806
1672
2217
2529
3092
3310
3488
3709
4036
4386
5088
5907
6002
5788
5362
4895
4396
3997
3663
3465
3381
2935
2167
1480
676
-221
-780
-886
-797
-803
-672
-804
-1247
-1664
-1806
-1587
-1232
-822
-733
-917
-1191
-1685
-2059
-2115
-1797
-1456
-1313
-1105
-1148
-1410
-1928
-2409
-2513
-2870
-3426
-3857
-4153
-4503
-4619
-4819
-5280
-6050
-6424
-6551
-6357
-5627
-5083
-5014
-5297
-5408
-5326
-4739
-3804
-2996
-2448
-1888
-1228
-275
598
1472
2031
2634
3190
3492
3349
3242
3007
3115
3463
3830
3869
3596
2925
2285
1983
1808
1860
1584
1162
702
193
25
-170
-634
-1094
-1425
-1348
-851
-353
-25
396
504
597
796
1438
1823
2117
2330
3097
3630
3927
4129
3872
3327
2883
3158
3574
3789
3674
3403
2758
2198
1523
809
456
224
-132
-345
-519
-997
-1613
-2371
-2562
-2268
-2083
-1809
-1774
-1694
-1626
-1468
-1298
-1279
-1045
-666
-560
-407
-245
-242
-670
-1361
-1803
-1752
-1783
-2220
-2598
-2568
-2441
-2803
-3331
-4048
-4641
-4862
-4951
-4732
-4237
-3898
-3718
-3516
-3210
-2749
-2092
-1055
215
1458
2745
3550
4035
4311
5021
5542
5663
5476
5282
4761
4281
3942
3640
3095
2261
1540
910
537
-22
-676
-1450
-1900
-1896
-1658
-1425
-1411
-1549
-1492
-1438
-989
-305
442
651
500
396
490
697
702
724
748
748
793
930
1189
1101
670
313
286
464
411
249
103
219
141
4
-66
-531
-853
-674
-185
66
-321
-793
-1351
-1911
-2079
-1667
-1537
-1976
-2461
-2777
-2830
-3116
-3182
-3002
-2831
-2638
-2778
-2646
-2600
-2564
-2508
-2330
-2236
-2346
-2209
-1791
-1187
-618
-257
-306
-650
-865
-755
-42
898
1465
1607
1618
1519
1764
1758
1922
1951
2326
2904
3745
4417
4855
4868
4752
5243
5843
6607
7061
7044
7037
7019
7093
6568
5348
4368
3556
2920
2317
1988
1326
409
-493
-993
-1287
-1590
-2241
-2674
-2889
-2676
-2711
-2545
-2623
-2746
-2904
-2746
-2031
-1259
-496
-179
182
520
518
374
257
279
366
471
341
-209
-888
-1719
-2342
-2926
-2918
-2929
-3107
-3473
-3456
-3442
-3657
-3797
-3850
-3551
-3479
-3526
-3422
-3155
-3103
-3406
-3692
-3794
-3806
-3931
-4090
-3934
-3587
-3793
-4349
-4490
-4142
-3937
-3733
-3693
-3526
-3572
-3450
-2757
-2357
-2123
-2218
-2173
-2013
-1245
-232
724
1278
1700
2057
2527
3201
4512
5552
6191
6884
7346
7901
7985
8278
8472
8512
8396
8236
7805
7519
7201
7034
6630
5975
5144
4254
3700
3372
3175
2898
2278
1621
1246
1071
873
455
-355
-985
-1298
-1691
-1954
-2137
-2214
-2356
-2484
-2385
-2303
-2597
-2741
-2632
-2169
-1873
-1708
-1873
-2155
-2355
-2388
-2218
-1777
-1338
-1416
-1270
-1001
-952
-1329
-1697
-2302
-2809
-2893
-2864
-2838
-3020
-3700
-4499
-5176
-5537
-5666
-5599
-5228
-5033
-4884
-5079
-5224
-5219
-5082
-4571
-4442
-4296
-4156
-4161
-4282
-4171
-4147
-4379
-4447
-4575
-4193
-3398
-2488
-2095
-2120
-2211
-2438
-2374
-1644
-417
734
1369
1789
2411
2907
3434
4675
5746
6823
7799
9094
9971
10441
10959
11698
12416
12847
12981
12956
12559
12214
12112
11714
10845
9333
8199
7289
6914
6250
5336
3710
2514
2044
1768
1654
1240
574
-453
-779
-859
-529
-142
187
219
-2
-209
-386
-543
-716
-795
-914
-787
-827
-965
-1454
-1916
-2625
-3090
-3272
-3582
-3680
-4170
-4372
-4869
-4968
-5126
-5486
-5561
-5932
-6000
-5911
-5424
-5098
-4988
-5149
-5493
-5630
-5844
-5836
-5853
-6141
-6142
-6208
-6109
-6242
-6581
-6916
-7407
-7136
-6709
-6138
-5931
-5827
-5798
-5928
-5641
-5183
-4392
-3863
-3672
-3469
-3448
-3123
-2695
-2001
-1459
-961
-206
566
1417
2388
3917
4819
5516
6014
7089
7953
8956
9576
10447
11180
11471
11566
11511
11502
11575
11584
11586
11276
10903
10613
10149
9870
9175
8246
7090
6527
6114
5536
4667
3762
2714
1692
752
357
-57
-381
-685
-959
-1064
-1447
-1644
-1573
-1310
-1176
-1289
-1104
-1378
-1579
-1402
-1411
-1655
-2275
-2753
-3162
-3252
-3082
-3167
-3593
-4139
-4951
-5339
-5963
-6344
-6842
-7150
-7317
-7625
-7762
-7903
-8036
-8379
-8519
-8459
-8211
-7917
-7721
-7583
-7564
-7810
-8006
-8293
-8130
-8106
-7771
-7294
-6939
-6726
-6845
-6249
-5723
-5136
-4608
-4140
-3808
-3639
-3381
-2452
-1358
-588
-254
72
473
861
1629
2872
3926
4637
5134
5819
6590
6849
7316
8110
9019
9501
9680
9870
10042
9981
10406
10621
10585
9889
9491
9143
8952
8839
8171
7588
6857
6534
6336
6202
5680
4820
4420
4189
4438
4646
4476
4301
3722
3223
2735
2391
1990
1745
1706
1532
1160
744
-91
-841
-1164
-1276
-1360
-1594
-1886
-2550
-3134
-3434
-3575
-3756
-4118
-4521
-4680
-5099
-5254
-5573
-5537
-5398
-5348
-5457
-5816
-6108
-6591
-6854
-7029
-7193
-7207
-7644
-7803
-8259
-8700
-8909
-8893
-8643
-8286
-7889
-7724
-7712
-7763
-7457
-6776
-5742
-5097
-4705
-4482
-4202
-3947
-3241
-2250
-995
-444
233
937
1479
2082
3105
4109
4772
5450
6342
7258
7875
8388
9203
9715
10141
10361
10566
10849
10933
11683
11607
11610
10788
10338
10014
9674
9306
8620
8034
7223
6557
6152
5674
4952
4180
3651
3495
3444
3618
3380
3050
2687
2326
2141
2050
2119
2275
2415
2635
2710
2653
2437
2237
1870
1418
1114
829
447
63
-643
-1344
-2340
-3167
-3651
-4254
-4706
-5362
-5668
-6053
-6419
-6530
-6685
-7108
-7297
-7625
-7528
-7439
-7162
-7168
-7410
-7598
-7760
-7717
-7727
-7669
-7941
-8073
-8231
-8220
-8230
-8234
-8084
-7873
-7409
-6882
-6481
-6525
-6471
-6404
-6064
-5366
-4514
-3624
-3421
-3033
-2817
-1998
-1218
-172
973
1890
2739
3530
4047
4608
5332
6124
6855
7212
7555
7609
7848
8055
8591
8948
8931
8653
8408
8376
8436
8290
8036
7522
7093
6698
6351
5966
5487
4787
4007
3505
3148
2893
2707
2422
2000
1608
1117
747
614
504
323
285
347
166
-145
-382
-618
-781
-1216
-1184
-1342
-1187
-1369
-1575
-1733
-2057
-2214
-2692
-2874
-3267
-3579
-3768
-3976
-4145
-4416
-4721
-5218
-5696
-6077
-6191
-6350
-6486
-6789
-7149
-7353
-7708
-7723
-7695
-7273
-7281
-7364
-7383
-7165
-6796
-6710
-6208
-5390
-4871
-4457
-4402
-4351
-4026
-3720
-2602
-1844
-1066
-764
-626
-307
-116
502
1222
2080
2520
3032
3497
3549
3656
3800
4647
5275
5590
5592
5799
6128
6601
7203
7427
7442
7084
7098
7267
7687
7705
7552
6967
6743
6774
6621
6555
6300
5733
5368
5043
4893
4646
4181
3851
3358
3060
2499
1811
1270
811
463
333
53
-369
-1049
-1557
-1887
-2162
-2131
-2325
-2311
-2465
-2695
-2727
-2774
-2897
-3307
-3298
-3339
-3284
-3083
-2964
-3151
-3464
-3773
-3978
-4301
-4452
-4406
-4257
-4045
-4322
-4400
-4677
-4623
-4592
-4581
-4394
-4552
-4743
-5159
-5144
-5010
-4886
-4947
-4963
-4446
-4160
-4005
-3760
-3404
-2818
-2221
-1374
-588
-353
-150
-183
219
830
1556
2351
2814
3248
3518
3934
4153
4408
4706
5414
5966
6121
6098
5863
5693
5781
6263
6482
6266
6008
5917
6167
6005
5719
5560
5076
5110
4860
5021
4981
4716
4500
4026
4126
3770
3541
3277
3104
2669
2304
2005
1573
1140
576
217
-272
-876
-1535
-1838
-2035
-2344
-2956
-3232
-3497
-3704
-4027
-4156
-4161
-4237
-4287
-4217
-4256
-4164
-4136
-4155
-4082
-4069
-3878
-3900
-3936
-4034
-4195
-4290
-4434
-4403
-4345
-4293
-4404
-4491
-4544
-4588
-4361
-4301
-4115
-4164
-3907
-3721
-3336
-2855
-2594
-1989
-1698
-1772
-1623
-1174
-948
-605
-14
727
1197
1480
1848
2318
2594
3172
3901
4418
4806
5194
5513
5468
5263
5315
5403
5587
5489
5284
5439
5371
5434
5429
5464
5029
4761
4755
4831
5176
5052
4826
4493
4448
4391
4244
4138
3717
3684
3741
3912
3526
3247
2888
2552
2311
1870
1543
1014
497
-60
-411
-1213
-1738
-2538
-3128
-3706
-4173
-4494
-4850
-5174
-5663
-6114
-6485
-6381
-6348
-6337
-6309
-6199
-6163
-6010
-5839
-5755
-5669
-5437
-5172
-5015
-4901
-4887
-4686
-4634
-4343
-4115
-4062
-3783
-3465
-3170
-2799
-2670
-2754
-2923
-3127
-3127
-2948
-2814
-2562
-2166
-1616
-1125
-979
-912
-619
-285
268
1192
2018
2443
2508
2767
3068
3688
4078
4921
5355
5850
6312
6484
6622
6485
6702
6975
7008
6762
6746
6458
6374
6532
6593
6270
5642
5213
4707
4459
4252
3806
3421
3003
2949
2993
2879
2399
1898
1653
1618
1660
1751
1580
1540
1024
719
250
-347
-786
-1347
-1322
-1784
-1898
-2428
-3053
-3718
-4490
-4878
-5333
-5563
-5875
-5985
-6022
-6364
-6618
-6879
-7071
-7215
-7319
-7361
-7293
-7188
-6895
-6640
-6573
-6382
-6219
-6069
-5734
-5274
-4866
-4454
-4107
-3603
-3667
-3567
-3484
-3300
-2698
-2318
-1838
-1667
-1369
-1074
-683
-433
-159
361
910
1448
1848
2077
2366
2400
2640
2976
3254
3676
3943
4331
4529
4537
4857
5084
5531
5902
6111
6275
6103
6164
6087
6501
6504
6438
6353
5875
5783
5723
5890
5626
5461
5066
4719
4486
4009
3542
2975
2517
2071
2019
2000
1604
953
513
244
26
-118
-320
-468
-801
-1131
-1652
-1998
-2460
-2599
-2836
-3054
-3258
-3575
-3938
-4411
-4690
-5189
-5493
-5846
-5945
-6384
-6644
-6817
-6966
-7216
-7341
-7349
-7465
-7228
-7038
-6748
-6788
-6466
-6317
-6188
-5937
-5904
-5339
-4946
-4486
-4221
-3941
-3792
-3731
-3285
-2869
-2469
-2200
-1941
-1723
-1360
-1109
-555
-68
224
878
1246
1658
1913
2378
3061
3721
4472
5219
5781
6002
6281
6320
6492
6803
7302
7816
8388
8417
8385
8300
8175
8369
8623
8945
8729
8393
8026
8069
7762
7297
6825
6137
5722
5295
5035
4660
4074
3572
2945
2791
2387
2157
1965
1540
1192
753
466
24
-284
-727
-1279
-1668
-1952
-2346
-2691
-3188
-3683
-4063
-4441
-4596
-4846
-5174
-5408
-5604
-5807
-6050
-6404
-6684
-6916
-6993
-6933
-6956
-7054
-7195
-7375
-7423
-7393
-7304
-7109
-7028
-6815
-6558
-6121
-5641
-5370
-5150
-4807
-4525
-4038
-3599
-3182
-2844
-2423
-2052
-1694
-1183
-747
-471
-177
315
740
1210
1740
2067
2223
2456
2586
2779
2895
3372
3712
3885
4138
4367
4565
4766
5136
5525
6095
6583
7181
7532
7684
7842
7929
8192
8315
8489
8508
8351
8226
8027
7862
7700
7449
7074
6599
6221
5563
5124
4600
4188
3665
3210
2835
2047
1506
828
482
94
-358
-769
-1340
-1788
-2205
-2726
-3146
-3698
-4111
-4463
-5166
-5550
-5908
-6026
-6363
-6626
-6890
-7238
-7222
-7314
-7258
-7615
-7753
-7824
-7872
-7856
-8055
-8112
-8215
-8359
-8427
-8153
-7943
-7856
-7631
-7282
-7068
-6704
-6522
-6091
-5482
-4916
-4783
-4523
-4239
-3879
-3382
-2849
-2331
-2003
-1425
-1140
-473
12
596
1070
1550
2105
2835
3326
3665
4259
4449
5032
5340
5701
5840
6147
6480
6416
6748
6655
6788
6822
7055
7077
7125
7227
7243
7361
7303
7402
7222
7218
6977
6976
6833
6884
6747
6532
6454
6060
5747
5283
4973
4500
4245
3947
3693
3220
2602
2089
1663
1255
704
269
-363
-819
-1417
-1957
-2587
-3143
-3708
-4178
-4526
-4843
-5132
-5432
-5629
-6025
-6351
-6473
-6508
-6767
-6800
-7205
-7395
-7367
-7456
-7320
-7513
-7480
-7780
-7708
-7637
-7449
-7423
-7300
-7101
-6739
-6382
-6343
-6209
-6179
-5804
-5535
-5081
-4776
-4557
-4227
-3767
-3336
-2908
-2350
-2033
-1375
-910
-212
280
679
1184
1735
2195
2506
2970
3260
3793
4206
4783
4992
5339
5692
5990
6394
6622
6988
7090
7347
7492
7808
7908
7833
7910
7929
7941
7714
7751
7601
7562
7440
7179
6927
6691
6328
6153
5927
5679
5350
4951
4697
4288
4113
3639
3561
3293
3036
2748
2336
1954
1465
1047
539
33
-612
-1182
-1761
-2269
-2796
-3458
-3843
-4434
-4876
-5221
-5580
-5694
-5999
-6221
-6427
-6554
-6788
-7009
-7004
-6968
-6806
-6779
-6836
-6925
-7028
-6863
-6527
-6142
-5846
-5707
-5579
-5516
-5301
-5210
-4978
-4684
-4415
-4094
-4004
-3796
-3818
-3597
-3228
-2802
-2162
-1838
-1215
-882
-396
163
631
1217
1799
2361
2846
3469
3994
4403
4672
5055
5327
5582
6018
6554
6849
7130
7122
7171
7232
7199
7354
7526
7699
7738
7594
7442
7227
7256
7050
6769
6646
6380
6290
6097
6049
5817
5485
5106
4641
4395
4100
3775
3546
3050
2570
2077
1537
1117
686
301
-71
-326
-775
-1188
-1736
-2139
-2371
-2765
-3103
-3599
-3834
-4297
-4770
-5060
-5386
-5755
-5996
-6209
-6345
-6552
-6789
-6997
-7135
-6993
-6908
-6824
-6817
-6601
-6653
-6553
-6453
-6160
-6119
-5906
-5663
-5647
-5337
-5226
-4853
-4773
-4496
-4288
-4145
-3747
-3484
-3027
-2604
-2201
-1746
-1510
-1137
-732
-352
154
415
743
975
1278
1709
2128
2456
2953
3520
4003
4156
4496
4863
5281
5494
5844
6005
6043
6188
6342
6538
6456
6502
6330
6348
6145
6185
6064
5914
5656
5370
5261
4855
4880
4915
4990
4884
4513
4209
3841
3563
3449
3290
3117
2736
2444
2076
1644
1347
807
367
-158
-775
-1201
-1725
-2120
-2521
-2931
-3180
-3504
-4003
-4275
-4269
-4459
-4600
-4872
-5075
-5231
-5320
-5436
-5693
-5735
-5844
-5744
-5730
-5605
-5588
-5694
-5743
-5851
-5749
-5714
-5602
-5643
-5469
-5296
-5147
-4987
-4727
-4502
-4389
-4299
-4143
-3764
-3288
-2831
-2574
-2397
-2113
-1810
-1529
-1036
-581
-176
153
647
1234
1445
1820
2176
2730
3199
3492
3942
4091
4296
4550
4662
4808
4917
4793
4810
4836
4977
5197
5110
4959
4797
4753
4619
4654
4554
4528
4526
4444
4390
4293
4155
4040
3917
3743
3830
3620
3323
3094
2641
2442
2241
1936
1567
1288
1012
559
449
114
-134
-434
-821
-999
-1217
-1498
-1698
-1946
-2261
-2564
-2861
-3092
-3243
-3500
-3765
-3884
-4019
-4176
-4209
-4224
-4309
-4287
-4412
-4355
-4312
-4182
-4118
-4049
-3930
-3741
-3692
-3644
-3647
-3552
-3487
-3437
-3174
-3060
-2907
-2770
-2863
-2672
-2463
-2258
-1944
-1570
-1144
-942
-589
-171
141
401
810
1164
1546
2042
2344
2714
2940
3173
3514
3649
3968
4127
4391
4564
4793
4902
5022
5077
5075
5059
5036
5046
4832
4831
4645
4407
4236
4014
3906
3934
3956
3797
3539
3384
3286
3038
2803
2730
2616
2445
2405
2313
2150
1790
1572
1669
1460
1417
1133
861
545
316
191
-184
-336
-548
-717
-892
-1188
-1430
-1818
-2056
-2381
-2516
-2489
-2668
-2778
-3017
-3085
-3198
-3251
-3219
-3203
-3010
-2885
-2928
-2990
-2953
-3007
-3099
-2895
-2864
-2719
-2668
-2640
-2468
-2497
-2207
-2200
-1999
-1818
-1818
-1672
-1594
-1456
-1273
-1194
-1023
-925
-949
-757
-740
-622
-548
-276
-119
-81
103
116
544
754
997
1147
1307
1466
1526
1729
1775
1906
1878
1954
2030
2008
1944
1967
2025
1992
1836
1825
1929
1783
1826
1804
1839
1850
1600
1533
1536
1610
1473
1263
1077
1042
813
617
536
278
64
-177
-316
-510
-681
-906
-908
-1031
-1033
-1233
-1496
-1680
-1870
-1888
-1985
-1952
-2206
-2200
-2328
-2422
-2353
-2472
-2377
-2451
-2453
-2517
-2464
-2332
-2282
-2306
-2285
-2260
-2069
-2112
-2169
-2106
-2059
-1911
-1821
-1726
-1725
-1564
-1535
-1445
-1221
-1100
-1004
-902
-863
-799
-658
-533
-399
-350
-107
87
337
586
604
691
874
1148
1312
1321
1520
1655
1558
1639
1718
1777
1848
1858
1831
1783
1817
1666
1412
1335
1166
1119
1092
1159
1157
1173
1156
1069
1173
1208
1129
1115
925
781
697
525
375
291
272
189
142
-16
-79
-174
-284
-520
-503
-438
-422
-540
-654
-850
-999
-1048
-1167
-1131
-1427
-1539
-1720
-1845
-1927
-1972
-2158
-2312
-2380
-2427
-2494
-2515
-2408
-2564
-2596
-2497
-2159
-2143
-2052
-1945
-1882
-1672
-1651
-1440
-1444
-1300
-1277
-1179
-977
-884
-592
-491
-296
-155
-25
20
104
217
411
517
692
805
845
936
944
1058
1061
1202
1501
1599
1654
1769
1746
1873
1888
1898
1983
2077
2137
2152
2262
2236
2236
2158
2179
2226
2435
2333
2316
2166
1955
2018
1772
1589
1359
1370
1329
1286
1241
1078
1021
938
905
813
768
686
673
602
475
318
207
122
-39
-72
-244
-252
-309
-284
-368
-382
-479
-677
-792
-781
-692
-897
-843
-925
-932
-915
-1088
-1228
-1248
-1164
-1280
-1131
-1035
-1043
-1137
-1228
-1260
-1211
-1103
-1060
-872
-918
-769
-715
-548
-384
-242
-143
-161
63
331
524
663
879
1003
1080
1001
1176
1360
1450
1434
1539
1719
1861
1888
1949
1889
1960
1964
2025
2161
2192
2211
2155
2120
2064
1900
1849
1903
1967
2015
1863
1853
1738
1738
1592
1377
1299
1151
1036
1020
885
652
647
445
167
134
-22
-96
-182
-206
-325
-355
-409
-619
-647
-909
-1136
-1227
-1303
-1268
-1355
-1345
-1274
-1409
-1504
-1519
-1471
-1453
-1539
-1422
-1586
-1703
-1794
-2044
-2076
-2153
-2166
-2034
-2064
-2352
-2449
-2641
-2693
-2711
-2622
-2586
-2705
-2616
-2660
-2532
-2372
-2370
-2344
-2258
-2150
-1861
-1722
-1683
-1543
-1411
-1108
-970
-906
-772
-649
-391
-258
-208
-2
178
374
493
435
620
772
1057
1325
1484
1684
1695
1866
1859
2089
2343
2485
2504
2397
2524
2486
2404
2425
2432
2471
2605
2497
2386
2389
2317
2260
2197
2071
1906
1765
1731
1775
1831
1641
1524
1384
1087
1130
893
855
605
452
335
304
124
2
-1
-117
-36
-191
-255
-465
-630
-706
-896
-1030
-1248
-1303
-1423
-1365
-1454
-1618
-1627
-1947
-1888
-2049
-2036
-1975
-1889
-2002
-2224
-2158
-2325
-2239
-2304
-2350
-2406
-2405
-2385
-2415
-2245
-2262
-2275
-2299
-2226
-2096
-2214
-2177
-2030
-2043
-1996
-1916
-1686
-1454
-1403
-1255
-1115
-983
-842
-551
-376
-246
-260
-155
-89
87
305
362
542
465
569
730
814
1029
1261
1317
1403
1577
1704
1563
1632
1701
1851
1964
2017
2088
2134
2143
1971
2036
1986
2096
2054
1996
1888
1711
1654
1492
1334
1236
1111
1107
1070
1036
962
881
831
703
612
471
447
206
152
35
-38
-60
-202
-265
-268
-425
-487
-603
-775
-883
-981
-1070
-1058
-1045
-1091
-1238
-1294
-1261
-1318
-1373
-1504
-1655
-1596
-1758
-1906
-1795
-1697
-1762
-1829
-1806
-1760
-1778
-1736
-1667
-1688
-1610
-1578
-1497
-1489
-1345
-1255
-1060
-992
-960
-846
-697
-614
-510
-385
-302
-42
144
266
413
494
597
764
955
1093
1186
1357
1533
1554
1610
1762
1873
2031
2190
2179
2144
2137
2123
2102
2067
2140
2102
2131
2057
1937
1913
1896
1932
1962
2015
2006
2054
2017
1923
1883
1912
1856
1861
1761
1673
1614
1513
1481
1437
1349
1373
1152
1070
988
826
693
524
518
479
321
278
190
105
3
-216
-310
-480
-552
-514
-772
-915
-880
-1040
-1074
-1207
-1235
-1311
-1404
-1532
-1569
-1633
-1805
-1910
-1944
-1965
-2038
-1993
-2019
-1924
-1921
-2017
-1913
-1824
-1834
-1766
-1724
-1703
-1660
-1535
-1467
-1568
-1510
-1591
-1636
-1483
-1246
-1173
-1133
-1095
-936
-851
-867
-737
-572
-539
-332
-195
-43
43
103
94
106
282
298
544
682
811
900
1053
997
961
1040
1126
1220
1189
1325
1204
1201
1323
1262
1275
1247
1216
1151
1239
1221
1261
1142
1160
1142
1117
1147
1067
1188
1128
1136
982
930
888
746
756
517
456
398
262
293
260
189
-11
-58
-114
-242
-373
-577
-611
-770
-802
-833
-978
-1113
-1268
-1301
-1252
-1232
-1233
-1226
-1214
-1342
-1526
-1651
-1612
-1595
-1629
-1482
-1573
-1634
-1769
-1756
-1684
-1627
-1577
-1446
-1482
-1404
-1277
-1307
-1288
-1189
-962
-1050
-962
-875
-728
-614
-467
-529
-399
-203
-174
-205
-147
-44
-150
-76
79
185
303
401
450
554
583
617
672
695
636
635
770
627
696
651
679
725
734
890
737
889
854
827
871
799
866
976
948
933
931
958
915
921
875
861
829
795
766
666
497
515
541
474
394
265
230
93
113
-58
-239
-267
-397
-435
-457
-643
-629
-687
-921
-1036
-1182
-1258
-1313
-1303
-1454
-1579
-1588
-1612
-1659
-1715
-1651
-1742
-1708
-1646
-1638
-1499
-1486
-1473
-1354
-1350
-1411
-1447
-1404
-1410
-1387
-1244
-1197
-1018
-1056
-918
-781
-741
-556
-551
-394
-175
-112
29
114
228
235
340
532
610
718
712
743
935
1008
1090
1213
1325
1362
1400
1531
1426
1415
1405
1460
1462
1518
1550
1472
1541
1587
1590
1609
1642
1870
1785
1958
1977
1869
1919
1906
1880
1812
1962
1927
1862
1882
1779
1686
1674
1714
1766
1828
1877
2045
1946
1941
1840
1657
1605
1484
1326
1312
1275
1131
1100
1080
1046
889
829
735
744
781
586
450
292
235
77
-12
-103
-122
-404
-481
-514
-619
-732
-771
-867
-883
-759
-805
-848
-1058
-1064
-1141
-1202
-1212
-1162
-1153
-1231
-1124
-1204
-1144
-1099
-1108
-1033
-996
-891
-858
-891
-892
-759
-703
-750
-690
-616
-659
-665
-681
-546
-509
-384
-331
-355
-278
-391
-294
-342
-461
-335
-331
-318
-288
-367
-312
-340
-346
-240
-282
-273
-251
-293
-216
-111
-161
7
-22
-1
70
56
31
-84
213
226
270
387
317
266
168
250
188
173
148
38
-10
-81
-112
-355
-304
-239
-276
-239
-344
-384
-445
-513
-388
-355
-324
-310
-414
-434
-465
-553
-630
-672
-649
-621
-415
-388
-428
-406
-281
-310
-193
-77
-47
-25
-84
-58
-136
-196
-244
-182
-129
0
47
122
101
280
374
423
615
554
655
655
575
523
472
616
600
766
813
911
1055
1045
1169
1186
1210
1171
1055
1037
1129
974
1012
1000
878
895
770
722
676
635
555
674
688
625
594
485
523
538
543
416
336
296
89
-43
-63
-92
-60
58
16
-31
-21
-188
-201
-251
-318
-332
-340
-374
-373
-363
-530
-628
-724
-702
-689
-767
-762
-829
-839
-962
-950
-923
-883
-850
-969
-967
-1063
-1086
-1092
-1150
-1064
-1126
-1233
-1137
-1040
-1194
-1239
-1185
-1283
-1250
-1179
-1125
-1043
-894
-807
-731
-628
-585
-516
-373
-335
-180
-174
-12
-12
73
234
157
230
297
357
484
604
665
607
572
681
658
601
662
807
825
796
862
821
887
1047
1009
1055
1038
1009
984
1062
1110
1139
1066
942
975
1006
945
916
838
758
798
827
750
787
844
751
702
584
538
489
493
448
409
353
215
136
64
-24
-113
-154
-34
-125
-122
-69
-44
-124
-28
-5
-53
-108
-105
-47
-97
64
64
195
209
213
379
453
373
256
249
185
297
285
349
343
359
383
439
462
507
645
735
672
674
773
801
784
818
810
946
774
760
755
612
661
532
548
549
587
588
647
819
954
839
802
695
690
574
386
456
384
359
285
301
239
283
246
107
116
88
-39
-152
-278
-582
-614
-684
-818
-743
-885
-972
-1097
-1159
-1195
-1367
-1410
-1398
-1456
-1486
-1542
-1642
-1698
-1611
-1706
-1758
-1617
-1640
-1631
-1687
-1604
-1550
-1503
-1565
-1615
-1680
-1619
-1502
-1434
-1392
-1279
-1340
-1325
-1267
-1237
-1045
-1127
-956
-943
-895
-877
-729
-731
-658
-508
-383
-239
-213
-111
-94
-119
-72
30
135
307
358
487
635
800
919
948
1029
1038
1068
1156
1198
1261
1397
1429
1514
1540
1600
1542
1602
1548
1485
1508
1549
1598
1612
1597
1524
1613
1556
1641
1605
1644
1560
1457
1314
1245
1290
1297
1220
1223
1179
1065
996
828
820
689
586
498
401
439
301
177
26
-61
-94
-48
-171
-356
-418
-485
-511
-459
-500
-609
-571
-705
-728
-783
-908
-978
-973
-1124
-1236
-1298
-1258
-1274
-1205
-1180
-1247
-1142
-1152
-1233
-1238
-1111
-1007
-908
-881
-733
-704
-718
-576
-524
-466
-289
-202
-215
-245
-129
2
54
-41
-27
-118
-153
-100
-123
-206
-187
1
63
-39
-22
246
299
424
614
487
508
581
534
625
607
567
599
697
643
668
915
850
812
889
770
725
757
726
665
626
466
445
302
172
47
8
-57
-186
-224
-326
-315
-538
-633
-646
-798
-907
-1120
-1155
-1294
-1272
-1287
-1381
-1422
-1364
-1425
-1521
-1465
-1502
-1502
-1439
-1545
-1555
-1512
-1616
-1686
-1827
-1718
-1738
-1773
-1849
-1909
-1924
-1855
-1806
-1705
-1720
-1687
-1614
-1552
-1400
-1319
-1072
-966
-797
-823
-843
-842
-691
-622
-498
-392
-375
-201
-53
172
293
433
624
707
782
828
958
1033
1063
1136
1116
1328
1265
1290
1448
1481
1448
1521
1601
1703
1678
1791
1928
1956
1979
1900
2037
2008
2043
2119
2194
2185
2134
2001
1867
1898
1921
1751
1629
1364
1205
1177
1078
1002
936
820
775
612
608
526
331
380
291
148
-126
-208
-307
-457
-552
-618
-677
-773
-878
-857
-936
-1030
-1060
-1207
-1160
-1226
-1198
-1411
-1485
-1510
-1597
-1688
-1690
-1664
-1859
-1760
-1869
-1877
-1748
-1758
-1697
-1652
-1600
-1584
-1665
-1658
-1738
-1733
-1659
-1597
-1553
-1568
-1553
-1467
-1270
-1246
-1214
-1117
-1048
-911
-935
-814
-653
-627
-504
-378
-171
-190
-50
74
167
336
413
514
631
899
842
864
892
789
867
872
986
1072
1134
1196
1130
1129
1132
1293
1186
1183
1237
1217
1151
1212
1128
1021
1040
1002
837
878
915
950
874
726
768
740
764
574
571
593
556
556
453
301
339
342
240
275
203
101
97
-33
-31
-240
-279
-356
-401
-291
-366
-394
-417
-386
-397
-316
-389
-370
-305
-368
-490
-643
-406
-498
-574
-517
-465
-385
-274
-108
-88
-30
98
104
202
247
225
361
295
373
455
476
534
610
663
703
713
805
834
679
676
629
628
811
693
665
761
704
801
854
850
1003
1067
1133
1197
1202
1290
1285
1253
1211
1314
1372
1180
1144
1014
1009
830
819
785
608
609
526
502
273
210
295
201
149
135
-40
-206
-272
-291
-326
-297
-323
-413
-386
-588
-546
-751
-651
-719
-660
-537
-680
-559
-658
-600
-850
-934
-1080
-1149
-1225
-1391
-1351
-1468
-1499
-1568
-1509
-1482
-1628
-1619
-1396
-1477
-1637
-1628
-1521
-1563
-1600
-1556
-1638
-1581
-1653
-1621
-1656
-1776
-1710
-1624
-1627
-1481
-1382
-1234
-1167
-1153
-921
-794
-748
-692
-490
-411
-388
-318
-281
-219
-138
-197
-42
-5
11
101
146
342
449
516
515
625
663
792
751
795
807
758
810
864
792
690
809
790
747
649
755
773
611
505
487
511
399
505
447
420
373
410
540
529
443
219
213
271
298
206
189
43
64
46
-79
-200
-341
-260
-396
-393
-399
-479
-448
-499
-487
-515
-526
-406
-380
-392
-344
-305
-373
-413
-391
-273
-332
-417
-214
-183
-181
-68
-93
-152
-132
-145
-97
-86
-67
67
151
106
45
-47
-55
-165
-181
-243
-175
-198
-259
-212
-270
-294
-350
-336
-390
-384
-302
-227
-234
-189
-234
-168
-93
-221
-209
-245
-153
-63
-159
-100
-24
-125
-116
-65
-38
5
-5
27
20
1
33
-30
-83
-78
-87
-219
-38
-117
-227
-251
-224
-288
-407
-359
-270
-315
-257
-185
-308
-329
-324
-347
-273
-355
-242
-220
-301
-97
-225
-94
-150
-173
-81
-35
-28
-46
37
53
145
105
85
173
253
289
163
297
180
133
334
282
300
358
347
412
512
628
620
531
577
588
608
551
613
514
597
634
730
813
810
1009
1015
1179
1246
1304
1355
1401
1340
1365
1411
1482
1519
1456
1355
1262
1233
1275
1308
1283
1208
1189
1254
1114
1083
1020
1037
940
952
873
820
845
805
726
742
776
676
666
648
616
595
760
654
419
369
361
400
340
140
46
15
-18
-43
-130
-216
-225
-109
-235
-164
-41
-127
-176
-338
-445
-585
-510
-377
-409
-448
-462
-382
-376
-331
-348
-284
-230
-321
-291
-240
-293
-366
-247
-254
-334
-326
-358
-362
-412
-477
-550
-514
-522
-470
-322
-285
-366
-279
-293
-374
-395
-290
-242
-285
-77
-49
17
-20
-35
18
-41
-31
-14
57
102
112
153
153
126
6
-72
-24
-186
-132
-196
-197
-224
-209
-282
-327
-279
-439
-307
-225
-204
-244
-258
-181
-151
-248
-228
-151
-234
-156
-312
-409
-374
-503
-513
-406
-434
-459
-510
-497
-557
-590
-483
-483
-390
-386
-398
-399
-450
-449
-484
-486
-476
-568
-672
-594
-558
-614
-545
-519
-449
-310
-232
-69
12
101
9
150
296
272
400
369
455
408
429
303
428
483
417
635
507
520
491
550
510
478
383
500
589
527
763
595
530
356
344
335
205
123
130
194
167
148
125
200
139
155
114
177
210
95
125
-4
-58
-51
-239
-232
-254
-296
-190
-187
-375
-422
-547
-606
-648
-550
-525
-652
-717
-846
-815
-818
-739
-820
-833
-830
-871
-874
-832
-687
-797
-825
-765
-713
-690
-729
-694
-684
-686
-612
-496
-524
-570
-574
-570
-451
-533
-659
-615
-604
-573
-548
-407
-402
-501
-563
-521
-516
-562
-554
-499
-634
-628
-573
-618
-517
-520
-546
-405
-323
-284
-204
-238
-154
-106
-112
-55
39
125
216
142
182
202
131
130
96
177
265
412
418
457
478
448
503
377
458
412
465
496
430
505
489
462
540
530
544
560
552
528
496
455
424
520
524
465
437
592
501
437
457
386
403
276
265
221
156
0
9
103
119
167
151
32
158
225
310
335
280
233
245
386
206
247
227
211
259
273
193
192
269
216
264
335
293
327
464
539
568
569
701
611
618
601
552
571
670
657
799
796
808
978
1020
1040
1048
1011
950
1008
1027
1110
1001
995
1005
922
920
857
842
872
982
1022
1079
987
1013
1067
1028
1109
1088
1058
1004
1079
1012
960
924
825
882
938
872
886
776
800
768
684
777
663
677
606
479
474
451
357
331
351
278
311
273
123
-11
-46
89
-68
-74
-218
-394
-413
-471
-581
-636
-733
-633
-661
-746
-686
-884
-872
-956
-910
-964
-951
-990
-914
-758
-877
-767
-779
-861
-806
-813
-832
-745
-771
-667
-734
-712
-684
-749
-737
-755
-615
-610
-565
-564
-591
-552
-488
-554
-483
-566
-526
-521
-304
-190
-269
-254
-396
-369
-285
-294
3
-19
13
72
57
152
150
351
457
526
510
480
440
388
326
294
242
92
12
-7
-1
172
80
0
24
-12
87
-21
11
-56
-180
-84
-154
-218
-245
-292
-324
-411
-514
-595
-667
-654
-579
-587
-604
-669
-600
-567
-474
-476
-484
-544
-671
-630
-728
-839
-805
-835
-773
-958
-962
-901
-945
-854
-940
-878
-919
-875
-905
-982
-999
-1048
-939
-1021
-1151
-1177
-1225
-1125
-1060
-1018
-894
-799
-781
-811
-801
-908
-963
-950
-940
-913
-793
-726
-672
-700
-618
-671
-723
-450
-494
-331
-249
-189
-143
-137
-122
-41
-142
-170
-79
-26
7
-52
-61
-37
-11
-32
73
180
246
140
106
103
181
210
138
221
212
214
364
424
358
407
345
357
311
275
423
422
521
504
547
474
532
539
549
519
454
568
565
420
470
312
220
347
339
445
347
295
244
252
256
157
115
110
-14
-177
-166
-95
-115
-208
-108
-140
-211
-242
-208
-280
-36
45
-88
-166
-230
-127
-109
63
-155
-152
-96
-39
78
67
80
31
-30
-105
-41
-79
-31
44
193
73
156
206
69
134
90
185
250
257
313
401
346
494
499
534
605
556
607
443
485
391
436
523
527
735
690
808
867
862
1001
1031
1137
1172
1199
1181
1184
1049
1039
934
970
1018
1018
951
945
977
907
842
699
755
690
683
714
714
670
633
598
639
575
582
535
536
519
379
328
248
394
289
265
310
120
24
23
10
-51
-173
-256
-149
-261
-390
-262
-220
-200
-18
-54
-91
-115
-85
-124
-160
-176
-240
-279
-320
-298
-360
-353
-228
-164
-177
-176
-310
-288
-345
-338
-364
-347
-273
-311
-230
-197
-83
86
-45
80
59
64
-43
-69
38
-4
101
165
114
111
145
84
-3
23
38
-46
-15
-44
45
67
112
163
111
217
153
103
113
174
193
68
142
115
183
272
193
221
118
169
261
186
299
148
48
52
72
107
8
114
142
117
223
251
104
39
-92
-116
1
-86
-26
-6
-18
-23
31
21
149
174
131
123
29
81
112
62
132
125
68
169
201
170
88
-14
-99
-164
-212
-152
-94
-99
-299
-219
-381
-339
-265
-267
-201
-201
-82
-211
-269
-294
-307
-388
-290
-400
-447
-322
-351
-376
-438
-419
-563
-524
-515
-535
-596
-596
-536
-660
-569
-602
-608
-487
-547
-690
-675
-730
-652
-600
-680
-537
-630
-677
-575
-606
-706
-611
-694
-727
-840
-908
-842
-912
-805
-812
-781
-841
-917
-816
-862
-715
-523
-547
-385
-517
-527
-398
-394
-429
-435
-501
-434
-469
-394
-336
-331
-316
-236
-179
-263
-245
-225
-319
-338
-256
-416
-476
-452
-561
-484
-543
-441
-558
-508
-326
-335
-264
-249
-251
-340
-408
-463
-399
-416
-415
-412
-546
-556
-478
-339
-280
-319
-211
-207
-221
-134
-39
-1
33
-112
-134
-86
-105
25
0
11
64
119
-7
-58
95
91
-113
-101
-119
-44
-37
-17
116
16
-94
63
-29
-43
22
-70
101
110
196
94
102
39
103
61
38
-32
-79
-134
-56
-36
7
141
16
87
88
149
63
127
54
73
175
84
184
257
190
152
297
345
383
384
465
454
511
547
587
712
747
771
842
900
952
962
927
1055
932
1036
1003
986
955
955
971
929
981
924
1092
1118
1261
1233
1218
1295
1229
1323
1325
1252
1260
1246
1193
1153
1164
1188
1137
1059
1071
1013
1061
1112
1189
1237
1282
1391
1393
1300
1413
1250
1202
1212
1233
1262
1348
1373
1298
1192
1243
1279
1121
1107
1040
1019
782
782
827
772
710
711
651
672
527
571
581
461
397
249
218
122
93
96
-46
-26
-78
-177
-254
-309
-313
-252
-284
-346
-312
-319
-366
-431
-426
-436
-484
-543
-620
-574
-505
-312
-286
-284
-156
-65
-96
-191
-253
-306
-284
-346
-230
-313
-181
-272
-319
-275
-146
-155
-129
-8
-34
-15
-134
-140
-209
-163
-204
-256
-219
-187
-361
-388
-439
-390
-311
-223
-184
-207
-107
-165
-137
-126
-203
-191
-101
-284
-246
-267
-334
-179
-226
-124
-54
-108
-129
-76
-116
-83
-123
-96
-196
-209
-147
-167
-32
22
-74
-122
-14
19
79
-6
-72
-98
-68
-134
-251
-210
-91
-125
-147
-233
-223
-176
-369
-355
-308
-498
-472
-438
-515
-534
-447
-356
-275
-196
-174
-169
-256
-391
-310
-333
-381
-534
-587
-649
-708
-617
-628
-695
-786
-731
-829
-740
-711
-678
-512
-515
-584
-515
-555
-632
-618
-703
-725
-729
-676
-672
-538
-526
-454
-356
-380
-418
-475
-535
-585
-630
-595
-596
-644
-719
-767
-903
-823
-683
-689
-620
-485
-434
-432
-332
-389
-367
-456
-399
-445
-439
-385
-409
-359
-335
-310
-304
-216
-194
-26
-72
-126
-267
-309
-360
-430
-412
-361
-501
-528
-520
-487
-585
-702
-641
-560
-474
-557
-494
-553
-378
-236
-365
-465
-470
-572
-684
-707
-723
-698
-643
-459
-287
-236
-212
-252
-215
-54
-46
34
110
95
117
168
175
224
185
213
237
154
134
148
-6
-64
-18
-64
-126
-136
-44
76
114
189
285
286
369
365
220
290
265
303
295
326
320
374
468
611
669
735
794
683
829
872
937
917
882
941
959
903
884
890
859
875
823
737
694
855
928
945
983
981
938
848
795
851
721
727
766
558
606
529
591
656
645
630
747
810
635
590
468
399
399
484
435
489
433
410
476
352
461
463
329
354
378
340
403
347
400
524
304
319
177
80
23
47
-1
-116
-214
-297
-235
-258
-137
-95
-67
-40
-21
-50
-63
51
87
170
173
82
111
62
42
164
221
224
214
219
288
442
430
418
348
459
519
482
442
509
471
511
463
387
484
479
543
461
511
449
507
379
305
385
404
371
360
525
400
395
316
310
287
365
236
181
130
104
145
166
129
70
97
58
145
12
32
-50
-45
-27
34
165
55
98
92
23
-25
-86
-50
-13
-5
-10
-118
-236
-141
-119
-178
-191
-176
-180
-169
-146
-321
-331
-345
-268
-262
-345
-313
-368
-349
-349
-298
-183
-256
-298
-327
-386
-339
-370
-338
-317
-268
-275
-398
-441
-426
-343
-272
-345
-269
-248
-308
-325
-300
-232
-60
-128
-258
-128
-173
-134
-137
-108
-92
46
143
30
70
113
188
240
312
234
288
241
206
68
-28
-10
-79
-101
-240
-126
-184
-124
-20
7
44
-38
-78
-181
-256
-267
-356
-339
-391
-401
-424
-357
-490
-490
-474
-495
-431
-419
-385
-515
-462
-601
-635
-471
-404
-386
-297
-295
-440
-527
-480
-419
-511
-506
-658
-628
-549
-651
-677
-739
-730
-757
-780
-902
-849
-913
-847
-823
-905
-738
-707
-731
-679
-694
-740
-711
-610
-645
-718
-694
-608
-615
-611
-572
-643
-662
-662
-598
-648
-531
-416
-350
-275
-244
-207
-188
-136
-161
-143
-162
-115
-217
-164
-110
-226
-175
-173
-115
-193
-151
-152
-104
-25
-45
57
75
137
106
159
36
121
-29
27
26
-90
7
95
113
-68
-35
-163
-157
-225
-82
-146
-203
-108
-208
-230
-177
-166
-224
-260
-165
-158
-140
-143
-123
-110
-173
-159
-87
14
-15
29
161
111
85
103
216
94
190
159
117
251
199
219
163
228
154
191
115
-4
59
99
100
47
26
125
152
207
10
-37
15
-108
-94
-43
-200
8
18
15
128
2
-20
-9
-45
-54
-47
-119
9
-2
73
118
191
269
245
241
152
207
267
150
147
49
147
253
225
249
313
373
240
246
400
482
492
581
464
538
443
357
199
31
48
106
146
122
164
-17
139
28
118
322
195
235
222
274
191
210
329
471
522
514
682
723
624
755
742
825
893
869
947
897
946
939
833
781
739
490
527
483
287
185
65
108
109
115
133
54
-36
-21
51
-74
-254
-271
-257
-238
-326
-356
-441
-443
-507
-353
-447
-254
-222
-376
-237
-237
-222
-212
1
169
59
-40
75
-12
85
0
0
0
0
0
0
0
0
0
0
0
0
0
0
0
0
0
0
0
0
0
0
0
0
0
0
0
0
0
0
0
0
0
0
0
0
1
0
0
0
0
-1
0
0
0
0
0
0
0
0
0
0
0
0
0
0
0
0
0
0
0
0
0
0
0
0
0
0
0
0
1
0
0
0
0
0
0
0
0
0
0
0
0
0
0
0
0
0
0
0
0
0
0
0
0
0
1
1
0
0
0
-1
1
1
0
0
0
0
0
0
0
0
0
0
0
1
0
0
0
0
0
0
0
0
0
0
0
0
0
0
0
0
0
0
0
0
0
0
0
0
0
0
0
0
0
0
0
1
0
1
0
0
0
0
0
0
1
0
0
1
-1
0
0
0
0
0
0
0
0
0
0
0
-1
0
-1
0
0
0
0
0
-1
0
0
0
0
0
0
0
0
0
0
0
0
0
0
0
-1
0
0
0
0
0
0
1
0
0
0
0
0
0
0
0
0
0
0
0
0
0
0
1
0
1
0
0
0
0
1
0
0
0
-1
0
0
0
0
0
0
0
0
0
0
0
0
0
0
0
0
0
0
0
0
0
0
0
0
0
0
0
0
0
0
0
0
0
0
0
0
0
0
0
0
0
0
