0
0
0
0
0
0
0
0
0
0
0
0
0
0
0
0
0
0
0
0
0
0
0
0
0
0
0
0
0
0
0
0
0
0
0
0
1
0
0
0
0
-1
0
0
0
0
0
0
0
0
0
0
0
0
0
0
0
0
0
0
0
0
0
0
0
0
0
0
0
0
1
0
0
0
0
0
0
0
0
0
0
0
0
0
0
0
0
0
0
0
0
0
0
0
0
0
1
1
0
0
0
-1
1
1
0
0
0
0
0
0
0
0
0
0
0
1
0
0
0
0
0
0
0
0
0
0
0
0
0
0
0
0
0
0
0
0
0
0
0
0
0
0
0
0
0
0
0
1
0
1
0
0
0
0
0
0
1
0
0
1
-1
0
0
0
0
0
0
0
0
0
0
0
-1
0
-1
0
0
0
0
0
-1
0
0
0
0
0
0
0
0
0
0
0
0
0
0
0
-1
0
0
0
0
0
0
1
0
0
0
0
0
0
0
0
0
0
0
0
0
0
0
1
0
1
0
0
0
0
1
0
0
0
-1
0
0
0
0
0
0
0
0
0
0
0
0
0
0
0
0
0
0
0
0
0
0
0
0
0
0
0
0
0
0
0
0
0
0
0
0
0
0
0
0
0
0
273
69
115
95
102
53
103
245
341
377
341
437
456
451
440
440
302
289
411
458
519
610
482
387
467
418
478
631
715
767
715
633
757
741
745
877
804
929
731
590
611
654
609
754
738
767
683
729
750
677
689
559
656
544
541
384
339
307
291
447
449
385
354
168
184
350
419
551
450
385
309
282
268
216
373
523
467
426
328
368
424
386
203
142
93
77
71
-20
56
-28
-221
-284
-192
-203
-262
-254
-291
-152
-170
-109
-125
-285
-237
-183
-232
-260
-380
-478
-498
-487
-322
-288
-365
-377
-366
-454
-379
-534
-531
-563
-670
-706
-621
-642
-612
-664
-815
-729
-869
-770
-797
-610
-543
-490
-454
-581
-592
-599
-525
-418
-478
-448
-441
-490
-442
-436
-295
-225
-334
-374
-282
-190
-166
-141
-22
49
155
200
273
262
174
25
75
145
265
228
287
403
397
395
392
447
420
464
451
620
764
684
612
620
518
636
532
491
525
486
432
251
351
387
433
362
337
220
310
315
217
186
202
138
82
6
-96
-9
-65
-150
-120
-284
-318
-316
-385
-197
-178
-229
-154
-333
-385
-291
-416
-332
-483
-559
-688
-783
-857
-910
-906
-833
-728
-627
-573
-449
-376
-422
-418
-514
-466
-599
-557
-625
-601
-531
-551
-383
-304
-228
-231
-231
-167
-157
-243
-399
-437
-435
-505
-565
-602
-691
-627
-717
-834
-646
-477
-405
-509
-627
-642
-603
-629
-627
-734
-836
-928
-883
-886
-813
-702
-662
-588
-674
-493
-286
-157
4
57
57
-37
-112
-249
-429
-516
-501
-594
-532
-335
-126
104
3
-66
-307
-636
-721
-866
-962
-1132
-1265
-1233
-1288
-1234
-1134
-905
-736
-439
-305
-131
208
186
258
328
307
229
339
93
176
299
249
381
484
631
684
655
582
759
846
943
1062
1124
1181
1178
1092
1166
1086
948
906
774
661
468
349
391
258
280
345
412
435
492
384
318
227
174
131
-70
-153
-176
-369
-534
-529
-677
-753
-735
-794
-645
-598
-462
-368
-357
-386
-462
-541
-716
-766
-766
-674
-689
-679
-839
-768
-940
-776
-742
-751
-756
-724
-645
-682
-508
-361
-180
-197
-126
-113
-111
-203
-48
-44
132
377
484
555
840
901
1024
1265
1322
1443
1448
1520
1469
1319
1328
1259
1113
1253
1194
1224
1372
1268
1345
1369
1178
1218
1341
1349
1313
1440
1439
1329
1240
1106
1068
1127
1079
1009
931
951
936
806
767
618
472
425
301
255
249
309
318
321
411
421
497
366
278
233
163
92
19
-202
-325
-394
-426
-386
-536
-640
-518
-321
-218
-87
-138
-185
-228
-406
-509
-733
-813
-714
-753
-616
-522
-495
-285
-336
-80
15
-21
58
-89
-77
-259
-330
-426
-628
-660
-811
-773
-750
-632
-630
-566
-508
-519
-409
-385
-155
-244
-360
-518
-600
-600
-674
-710
-808
-610
-528
-549
-464
-469
-551
-756
-818
-970
-839
-911
-931
-901
-1120
-1087
-1189
-1086
-1143
-1049
-981
-1168
-995
-1011
-910
-931
-782
-678
-628
-574
-501
-333
-441
-370
-393
-424
-349
-232
-234
-156
-216
-213
-127
-144
-102
116
75
-3
214
77
165
128
254
354
241
273
267
94
-17
-73
33
14
111
217
188
243
172
239
220
303
208
199
290
284
312
196
182
104
96
100
-49
-141
-179
-271
-240
-238
-275
-299
-345
-437
-596
-597
-680
-661
-799
-852
-789
-783
-798
-947
-943
-907
-969
-988
-934
-976
-959
-1035
-1173
-1123
-1178
-1262
-1249
-1151
-1097
-960
-945
-937
-906
-900
-872
-749
-643
-642
-509
-430
-300
-264
-172
-139
-89
0
83
164
141
208
361
346
461
563
497
371
437
501
552
614
553
679
627
649
763
690
655
633
544
463
464
368
311
351
251
256
199
170
205
127
133
-28
56
111
65
-9
72
127
82
10
-107
-97
-185
-38
-64
15
-6
19
60
-130
-178
-251
-244
-87
13
48
36
-22
64
149
101
229
236
253
308
355
491
442
398
239
202
219
255
384
424
375
413
514
316
137
212
164
310
213
304
164
217
470
429
477
393
474
448
633
613
547
591
527
629
460
343
482
450
394
365
355
438
553
745
806
800
849
761
672
723
668
781
710
789
781
711
754
693
743
711
606
548
413
454
528
549
607
607
727
815
817
835
731
688
723
661
662
774
801
929
982
891
844
902
824
864
888
855
964
862
791
743
640
488
507
522
519
496
243
191
182
63
-11
-10
-175
-446
-358
-363
-467
-379
-358
-248
-182
-263
-317
-330
-265
-376
-283
-316
-372
-305
-345
-338
-346
-388
-288
-234
-318
-193
-117
-49
-19
-94
-88
-91
-17
144
65
145
286
359
273
272
214
264
407
301
279
203
83
145
37
87
34
-16
-159
-170
-263
-353
-263
-330
-336
-587
-560
-598
-724
-739
-771
-806
-726
-784
-741
-587
-707
-790
-897
-901
-888
-951
-738
-643
-634
-713
-733
-728
-715
-594
-665
-603
-527
-532
-339
-148
8
72
113
226
265
407
422
528
535
415
377
398
390
310
405
298
163
52
63
-4
-117
-232
-222
-193
-287
-110
-235
-62
5
-19
36
-29
77
26
170
325
294
325
437
508
430
437
412
292
239
152
328
379
337
429
301
248
233
293
271
339
372
229
270
199
271
222
134
157
181
171
193
227
155
106
62
-54
-167
-144
-110
-331
-349
-416
-550
-373
-354
-391
-382
-349
-427
-483
-516
-596
-601
-522
-504
-608
-656
-736
-780
-728
-770
-903
-857
-855
-935
-795
-805
-805
-722
-680
-646
-573
-616
-592
-614
-589
-493
-437
-371
-367
-370
-374
-310
-178
-82
2
-35
-19
145
194
289
252
230
234
272
326
356
353
401
417
420
352
378
400
258
258
127
352
281
243
269
158
194
78
161
184
271
353
275
273
64
88
232
244
259
184
47
-208
-169
-239
-207
-98
19
233
257
388
360
415
547
598
704
684
670
741
927
871
826
890
845
963
963
1079
1094
1092
1141
1113
1238
1200
1195
1106
1046
919
819
868
785
868
939
998
1048
954
930
911
807
706
635
674
683
627
538
443
475
527
593
527
530
555
507
401
327
403
227
179
233
148
85
107
75
103
23
-45
-67
-44
30
146
267
294
395
346
328
470
513
344
344
337
337
353
157
60
-16
-39
70
78
90
61
-63
-34
-180
-114
-20
-128
-171
-179
-251
-399
-267
-452
-536
-568
-635
-633
-715
-724
-690
-707
-752
-697
-788
-768
-806
-869
-945
-951
-908
-907
-919
-884
-847
-733
-617
-562
-319
-219
-179
-127
-66
64
145
80
130
251
264
259
204
255
288
110
97
272
105
134
287
381
368
290
297
212
114
120
-44
-64
-143
-274
-258
-197
-165
-108
-89
-118
-23
-15
91
185
101
47
32
-12
-38
2
39
166
133
161
50
13
51
50
25
7
-18
-230
-243
-142
-64
-68
-10
29
68
71
3
20
69
56
-23
133
-54
-75
-133
-272
-303
-310
-413
-457
-561
-664
-572
-561
-647
-448
-400
-325
-274
-246
-309
-285
-371
-509
-463
-561
-431
-450
-416
-434
-550
-587
-646
-708
-686
-754
-649
-725
-793
-564
-589
-417
-499
-479
-377
-526
-458
-443
-499
-495
-443
-366
-351
-372
-155
-178
-218
-344
-279
-218
-176
-110
-169
-153
-180
-142
-155
-135
-130
-25
62
96
54
84
-54
-58
-57
58
220
155
169
40
141
82
79
109
142
193
161
183
93
145
12
11
-84
-74
7
-63
51
-64
-77
-103
-241
-259
-321
-366
-294
-443
-562
-535
-652
-679
-584
-589
-605
-608
-627
-632
-543
-608
-580
-569
-601
-544
-533
-516
-523
-495
-424
-326
-330
-200
-149
-112
-43
-41
-14
7
72
-30
-51
55
278
397
377
469
462
460
450
594
386
452
521
416
483
344
362
350
442
509
481
583
582
494
412
475
444
492
469
406
475
421
495
537
562
559
493
599
598
653
743
607
726
733
626
680
496
391
370
246
330
315
329
400
379
358
363
252
198
139
-1
58
2
-62
-45
-221
-387
-429
-389
-281
-210
-78
-92
-177
-212
-388
-376
-423
-557
-381
-247
-182
-243
-123
-143
-144
-53
-179
-1
-10
176
165
43
71
-105
87
-18
-172
-48
-97
-202
-119
-138
-106
-94
-88
-114
-103
-215
-144
-173
-266
-206
-296
-232
-239
-277
-299
-343
-352
-231
-250
-335
-254
-276
-182
-113
-176
-174
-340
-350
-294
-165
-144
-16
59
34
52
-32
-69
-61
-15
91
36
84
199
106
28
-67
-59
-56
-74
-50
-25
-69
-145
-253
-252
-125
-45
19
78
133
115
117
156
186
375
411
310
370
369
359
396
430
407
421
535
547
567
540
587
597
489
434
393
392
379
433
580
608
637
539
446
501
528
547
504
600
748
740
670
727
660
445
423
323
372
409
396
426
489
470
399
428
437
321
283
199
5
-275
-367
-332
-378
-361
-406
-416
-502
-419
-494
-462
-502
-519
-543
-726
-781
-739
-740
-714
-869
-866
-924
-1134
-1001
-983
-905
-851
-738
-659
-675
-584
-720
-632
-590
-505
-401
-413
-478
-564
-498
-702
-718
-732
-790
-710
-510
-481
-478
-418
-345
-326
-257
-132
-113
0
-16
64
105
-5
-48
18
-12
74
58
67
22
102
112
288
402
290
425
349
435
354
177
269
299
240
324
410
383
372
423
449
479
609
609
579
606
565
395
342
234
206
130
49
42
-15
-179
-288
-311
-334
-397
-371
-375
-391
-494
-626
-670
-707
-739
-821
-923
-1019
-1015
-1152
-1171
-1385
-1420
-1461
-1355
-1155
-1084
-1008
-1160
-1091
-1092
-1237
-1276
-1248
-1273
-1251
-1228
-1107
-1165
-1072
-1074
-1052
-962
-1004
-758
-695
-663
-606
-626
-409
-384
-335
-308
-285
-206
-145
-104
-214
-56
-12
14
105
101
259
177
282
271
282
238
294
332
287
349
292
353
433
639
713
741
778
861
854
811
772
795
920
877
719
567
540
540
533
706
644
496
522
389
481
571
615
633
607
465
516
569
353
268
276
229
280
310
312
188
227
163
182
194
171
256
117
104
-18
-115
-110
-40
29
33
106
10
171
79
-34
3
-91
-180
-211
-325
-390
-527
-728
-805
-839
-798
-682
-660
-560
-447
-407
-435
-380
-316
-294
-245
-280
-248
-340
-401
-312
-285
-256
-193
-262
-204
-9
156
229
222
232
237
224
89
138
241
268
272
304
312
318
293
236
331
213
241
499
507
599
415
462
448
321
430
318
269
268
314
346
386
387
444
346
245
401
401
526
478
437
496
411
400
421
448
379
439
459
334
365
313
256
342
401
551
505
444
512
486
411
453
584
660
785
773
805
724
669
670
648
795
844
870
801
849
899
755
709
707
723
698
718
662
835
909
886
996
1027
1153
1216
1229
1191
1153
1169
1053
1045
998
832
772
758
754
808
806
801
773
741
727
665
513
360
298
335
320
143
124
79
43
-121
-168
-301
-447
-565
-692
-658
-957
-933
-791
-838
-872
-989
-1099
-1293
-1272
-1455
-1560
-1587
-1693
-1579
-1709
-1714
-1613
-1701
-1676
-1678
-1713
-1736
-1595
-1469
-1438
-1312
-1341
-1342
-1350
-1264
-1140
-1023
-1113
-981
-776
-804
-741
-647
-580
-503
-442
-342
-330
-445
-430
-324
-258
-246
-120
33
23
250
180
80
166
256
540
549
811
799
642
729
710
763
688
624
649
695
621
612
640
571
661
777
745
738
628
603
575
496
459
399
366
327
109
-117
-221
-237
-316
-413
-362
-423
-490
-566
-586
-640
-756
-792
-770
-814
-994
-960
-961
-1092
-1207
-1237
-1109
-1224
-1281
-1283
-1392
-1286
-1274
-1301
-1322
-1332
-1282
-1289
-1239
-1166
-1171
-1229
-1215
-1181
-1338
-1117
-981
-896
-749
-632
-643
-692
-598
-533
-505
-341
-280
-280
-205
-231
-145
87
245
395
469
614
712
694
682
871
822
833
811
848
964
939
1163
1167
1158
1116
905
856
849
840
791
817
839
769
835
780
741
698
705
663
587
649
783
711
668
639
517
536
658
674
720
780
732
639
607
631
685
664
563
594
678
658
523
568
544
534
487
539
608
434
440
298
397
409
338
414
366
482
506
525
477
339
209
357
409
284
331
274
187
192
52
-15
124
176
200
171
172
151
242
297
424
338
309
411
342
336
326
326
314
249
182
246
293
407
360
287
317
338
278
449
537
565
569
521
457
516
422
359
475
404
464
329
389
477
545
519
492
628
566
553
814
895
815
761
717
642
527
630
530
503
467
557
459
429
355
314
344
342
356
356
370
262
353
277
241
284
259
277
364
285
399
221
225
221
108
325
293
288
317
315
305
228
128
206
161
232
239
249
271
168
202
227
392
324
383
369
335
297
175
24
21
29
-68
91
157
142
110
60
-53
-81
-51
64
69
5
43
65
-50
-189
-171
-229
-132
-9
8
-123
-266
-207
-181
-165
-237
-258
-401
-424
-452
-445
-322
-288
-347
-336
-414
-445
-448
-520
-400
-427
-512
-477
-528
-604
-534
-743
-857
-920
-1021
-991
-1108
-1161
-1035
-947
-918
-893
-922
-761
-770
-505
-436
-406
-365
-377
-306
-349
-349
-367
-416
-562
-467
-609
-530
-362
-447
-405
-311
-322
-316
-428
-491
-472
-411
-470
-431
-359
-477
-451
-529
-507
-542
-442
-412
-495
-405
-333
-294
-216
-250
-219
-138
-144
-170
-212
-143
-245
-304
-290
-212
-123
-74
-143
-235
-336
-365
-372
-375
-331
-393
-400
-327
-246
-371
-545
-547
-758
-576
-439
-383
-318
-452
-398
-496
-528
-740
-621
-725
-763
-568
-574
-567
-482
-539
-400
-332
-282
-175
-168
-104
-129
-129
17
147
183
227
354
492
450
404
466
483
585
592
599
577
582
629
683
729
656
646
539
554
570
554
603
653
523
548
607
591
547
449
482
553
601
508
518
469
376
350
364
460
451
435
378
466
423
324
289
255
86
51
111
69
48
62
133
-64
-81
96
175
265
265
206
259
261
230
191
256
389
277
227
236
111
7
-12
26
-22
-14
-31
59
81
-57
104
-218
-223
-36
-3
-63
-102
-82
-87
-70
-66
-7
-99
-39
-217
-237
-376
-272
-210
-393
-392
-346
-445
-461
-376
-535
-486
-464
-379
-562
-578
-313
-253
-226
-233
-269
-104
-5
67
-6
-101
11
27
90
76
178
242
242
216
114
265
495
549
382
475
487
581
578
480
644
599
509
369
457
557
523
405
444
500
613
466
453
428
520
711
622
598
421
628
632
571
726
769
852
726
678
716
684
727
621
633
654
657
707
578
789
822
684
833
858
1013
1031
1111
1036
951
943
837
771
735
718
744
520
359
434
231
221
181
208
107
164
192
104
181
340
152
176
187
159
250
109
1
-186
-181
-246
-356
-508
-478
-554
-525
-641
-773
-694
-805
-856
-810
-815
-743
-732
-707
-628
-557
-616
-771
-850
-772
-786
-733
-862
-974
-978
-944
-815
-843
-832
-883
-914
-814
-667
-687
-386
-387
-469
-374
-329
-206
55
84
62
-72
-125
-151
-300
-268
-481
-255
-325
-402
-407
-328
-61
-244
-12
-222
-259
-95
-53
-111
-157
-153
-310
-373
-361
-381
-520
-548
-432
-284
-314
-201
-465
-824
-781
-943
-739
-834
-779
-732
-815
-808
-889
-987
-1136
-1002
-1059
-1160
-1193
-1162
-1130
-1042
-1000
-1015
-1147
-947
-991
-959
-979
-1114
-948
-1017
-1090
-887
-732
-616
-621
-629
-444
-406
-353
-503
-704
-429
-351
-109
-143
-242
271
61
161
-40
18
377
286
364
184
254
510
518
446
426
533
551
379
377
403
602
717
490
546
514
654
624
513
534
449
460
433
434
658
457
330
284
292
664
590
299
157
322
541
487
495
465
523
359
304
472
425
711
578
482
366
444
382
231
429
492
558
341
185
103
271
177
65
91
79
94
-40
39
-105
-133
-190
-238
-45
-22
-116
-259
-586
-371
-226
-232
-473
-237
-24
-161
-322
-534
-185
-22
-134
-6
-220
-92
68
89
81
108
203
208
162
-48
268
206
-2
36
238
17
156
-68
-15
-178
-224
-37
-140
-147
-228
-22
-64
-269
45
371
133
116
252
253
81
77
144
-56
33
-32
-131
-238
-296
-21
-294
-437
-329
-210
-464
-536
-209
-402
-348
-345
-399
-606
-504
-151
-422
-515
-244
-263
-202
24
-69
-65
-88
217
312
224
550
454
531
630
1106
687
423
888
783
628
850
1027
852
628
971
875
580
858
1169
885
740
765
636
488
731
980
826
666
671
592
631
788
869
697
794
1079
799
788
780
718
562
648
394
298
534
314
140
266
378
31
-89
34
197
-162
246
179
-104
108
226
255
-269
-296
-94
-38
-289
-281
-431
-732
-830
-502
-434
-603
-598
-690
-629
-692
-465
-397
-674
-626
-525
-387
-592
-602
-412
-406
-402
-373
-452
-315
-150
-305
-314
-223
-194
-299
-382
-309
-399
-458
-741
-413
-349
-529
-697
-598
-171
-38
-29
-188
-180
59
92
14
275
24
197
142
67
273
92
332
116
333
359
236
278
249
515
351
323
444
540
489
739
712
300
366
570
378
332
349
517
391
362
501
389
198
52
47
220
116
45
17
-50
-57
181
122
-116
-28
152
24
-26
153
-41
47
396
-124
42
69
-234
-108
-104
-14
-464
-292
-361
-379
-278
-53
-247
-214
-156
-195
-153
-515
-480
-337
-218
-463
-592
-762
-521
-623
-611
-533
-687
-453
-553
-588
-319
-24
-112
-137
-283
108
7
73
418
32
186
-202
53
207
-52
102
373
38
6
117
72
276
320
204
6
278
134
362
287
-72
253
287
-100
-107
178
65
151
241
-179
-355
261
256
-247
111
103
-154
70
229
-137
-179
-8
57
167
-68
198
261
444
91
296
294
3
165
-142
-223
-130
-482
-426
-378
-194
-298
-929
-616
-383
-516
-582
-488
-468
-744
-638
-528
-1291
-1142
-445
-622
-1210
-648
-434
-1012
-605
-911
-979
-776
-310
-793
-1293
-876
-680
-662
-1027
-850
-837
-861
-1152
-1210
-834
-1085
-797
-744
-1030
-888
-583
-900
-872
-987
-1027
-1098
-1490
-1235
-1180
-1205
-1205
-906
-973
-1278
-1049
-695
-860
-1028
-744
-643
-989
-1086
-641
-597
-815
-682
-663
-755
-322
-99
38
-282
-352
267
10
-237
67
123
229
128
117
114
447
451
405
485
520
791
935
677
493
1158
1567
1255
860
974
1730
1575
1121
1073
1195
1441
1544
975
956
1287
1363
1584
1095
1227
1187
1502
1494
1095
1269
1231
1263
934
1039
863
259
808
1281
631
370
651
759
901
792
677
855
1092
513
629
635
867
1023
683
285
1076
1042
360
294
362
852
923
354
-278
647
828
743
191
292
581
630
696
-419
-363
492
657
511
-59
35
677
217
-23
209
888
531
-223
479
488
810
846
-125
-580
496
1185
-34
-1073
-109
791
182
-300
-455
-167
753
496
-507
-482
699
350
-284
-65
77
97
-55
-195
-200
-145
-355
-243
-499
-344
45
-304
-481
-725
-565
-707
-366
-258
-683
-889
-275
-355
-232
-94
-377
299
245
-233
-305
32
13
36
-61
-608
-593
-179
327
-310
-807
-442
197
458
-471
-406
238
545
-50
-509
-135
476
28
-619
-690
95
318
30
-471
-431
17
-161
-84
155
-37
-131
286
472
255
-377
662
579
80
-429
-122
469
-147
197
-290
235
648
-88
57
406
696
-111
-283
68
95
6
-20
-295
46
-268
305
133
-621
-276
-61
-98
-655
61
8
-660
-196
40
-784
-1129
-314
-39
-1085
-333
-712
-1084
-383
-645
-261
-668
-564
-50
-319
-1151
-1184
414
-74
-921
-848
-763
-496
-916
-1250
-934
-794
-57
-724
-1747
-1482
292
-369
-1452
-1494
-497
431
-620
-997
-1263
-759
95
-574
-1486
-788
188
-581
-1070
-618
-531
-355
-137
-269
-303
-106
-573
-310
-112
-394
-220
29
617
-460
-550
418
468
114
71
-200
-78
600
455
-308
-86
-61
131
-825
-303
88
-59
39
-247
59
-414
-515
-366
-105
-319
-75
-761
-615
-822
-337
-107
-1156
-275
-178
-413
-480
-6
11
-1072
-576
-149
-120
-344
58
-882
-248
-391
-101
-176
-982
-91
-174
-217
-448
-206
-884
-658
387
-146
-634
-85
362
-487
-42
-198
423
-602
-544
531
311
-13
-505
445
555
-176
577
-56
212
1036
10
-92
268
811
-386
352
1058
775
-81
179
756
493
460
553
976
747
1195
388
288
623
887
445
284
836
1454
645
473
666
707
1198
889
1148
318
932
1509
674
272
528
1549
908
895
950
947
1526
1156
227
665
2165
1789
196
1027
1042
1756
1383
-279
894
794
1317
489
-113
770
725
867
709
136
106
915
1478
-279
-451
1395
1506
-148
-97
577
932
643
536
-316
359
972
423
-750
-197
850
913
22
-745
348
711
104
-570
144
268
243
-190
-890
-533
435
320
-631
-386
-29
1409
-387
-534
202
-77
537
-103
-73
252
348
442
-718
42
524
496
118
-299
835
-568
-312
813
280
-441
394
800
-403
84
401
-27
120
711
167
-158
968
391
-545
968
624
-426
600
-144
479
308
-336
-293
696
935
-562
161
622
352
344
-78
-374
856
942
-664
-366
465
109
-428
-974
-389
450
-878
-939
-553
-22
-714
-1210
-24
-301
-356
-357
-938
-593
33
-456
-549
-1010
-352
37
-284
-261
-669
407
-108
-270
-748
-866
223
-113
-1271
-279
231
-674
-139
-698
-485
-144
-374
100
-535
-236
-630
-149
323
-1446
-298
49
-90
-123
-1410
-657
-294
-9
-1245
-1803
43
808
-284
-2274
-619
1220
746
-448
-1539
-206
1229
183
-1203
-1145
25
1394
-462
-2153
-680
972
-655
-1808
-1087
-487
492
-837
-1642
-989
-37
68
-1774
-1243
-300
199
-161
-2022
-1615
-333
217
-1584
-2082
-505
-200
-191
-1675
-1723
92
-156
-823
-1998
-461
319
-1208
-1331
-2064
91
-47
-829
-1370
-987
222
-1342
-1241
-688
-809
-895
-874
-560
-1080
-88
-909
-1774
-142
-752
-797
-603
-1243
-410
219
398
-1022
-1170
126
-67
-119
-743
-460
1494
217
-882
-705
675
766
-173
-145
-207
1377
971
-1586
-969
1459
1499
-611
-1019
-551
1180
2021
-1277
-2426
-23
1628
395
-1263
-149
963
1003
-246
-2078
-201
1893
809
-561
-791
1152
1862
584
-319
-244
2205
1674
168
668
131
2197
1865
93
99
1382
2282
326
-437
1455
796
1012
202
-243
1038
1357
859
-666
565
1105
641
111
-130
411
1097
896
-4
1193
1487
275
856
462
892
1353
1214
1196
1113
1720
69
165
1150
762
960
1401
1790
1161
446
724
768
900
1546
1065
735
1404
1396
869
406
13
425
1507
524
379
1608
862
160
18
15
542
1173
593
386
848
1152
4
-733
-559
471
1679
1053
209
-570
-103
-371
-623
-405
323
1223
476
-588
-689
-905
-1329
-976
30
856
888
864
-390
-1461
-926
-874
-614
-731
826
1603
231
-586
-825
-1037
-999
3
718
1164
1742
562
-747
-1285
-1410
-655
146
545
1410
1574
477
-1286
-1384
-843
-460
538
1481
1199
891
63
-1888
-2450
-1481
148
847
1446
1073
27
-509
-1426
-1268
-662
-418
1228
1801
1183
256
-644
-1964
-2145
-909
-122
647
1566
1034
75
-862
-2323
-2395
-1382
705
1659
1936
861
-1048
-2015
-2873
-2373
-525
109
1006
1763
851
-1524
-3116
-2471
-2403
-1038
1286
1347
494
-16
-983
-1908
-2736
-2096
-395
679
1185
835
321
-670
-2334
-2451
-1545
212
1721
1311
405
-426
-676
-1654
-2474
-1136
733
1128
774
159
-75
-435
-1837
-2053
-856
922
1067
873
719
-124
-510
-709
-1365
-641
1314
1962
1417
584
328
38
130
-232
-799
609
1170
382
952
1283
1140
153
-808
-393
709
1774
1203
745
1839
1631
625
-359
-191
1252
1789
1171
975
2089
2414
629
-261
189
981
1959
1450
786
1277
1697
695
-528
-832
-112
664
705
-72
299
762
-621
-1420
-1655
-674
396
826
246
168
630
114
-1418
-1697
-223
1000
817
504
594
397
109
-626
-720
-237
506
757
810
979
409
-228
-651
-1132
-640
-69
-66
-446
-1109
-1211
-1054
-1279
-1198
-641
-441
-418
-1384
-2008
-1713
-1476
-1739
-1461
-1278
-668
-1071
-2329
-2553
-1897
-1544
-1526
-1464
-763
174
-1115
-2235
-2556
-2426
-2201
-2186
-974
390
-424
-1433
-2295
-2941
-2994
-2603
-1804
-960
28
-345
-1285
-2337
-2944
-2731
-2061
-751
497
1291
1639
1110
541
602
1375
2996
3664
4844
5705
6147
5940
5524
5954
6801
7471
8707
9540
8937
8834
8201
7466
7657
8117
8104
8285
7787
6637
5596
4281
3201
2678
2759
3019
2873
2190
1047
-62
-1027
-1565
-1664
-578
-296
-653
-755
-1222
-2299
-3229
-3521
-3759
-3812
-3795
-3257
-3641
-4421
-5422
-6536
-8136
-9324
-9640
-9626
-9630
-10152
-10915
-12921
-15232
-17233
-18253
-19276
-19597
-19213
-15739
-10292
-7941
-9428
-11212
-11545
-10611
-8171
-2543
4294
8630
10513
10741
9951
9903
12181
16196
20348
24243
26434
25145
20427
17085
15785
14579
12745
10536
7874
4240
698
-3928
-8744
-11594
-12169
-12139
-11949
-11962
-13274
-15240
-15514
-13804
-10274
-6527
-3782
-299
3618
6453
7374
7814
9200
12588
16628
19991
22126
22421
21205
19513
18337
16554
15045
14283
13139
11971
10704
7487
2807
-1407
-4061
-5304
-5426
-5538
-5884
-6075
-6086
-7082
-8328
-8439
-7392
-5417
-3307
-456
1663
2285
1712
1011
1120
1389
1471
2270
3173
3047
1513
-850
-4346
-7947
-10246
-12462
-13666
-14902
-17212
-19769
-23642
-27438
-30526
-32241
-32253
-30760
-25535
-18100
-13492
-13947
-14925
-14603
-12768
-8463
-1373
7284
14054
17525
18380
17778
17656
19570
22891
26949
30239
32254
30729
25966
21625
18351
14687
10090
5528
1118
-2814
-6654
-10517
-15138
-18407
-19670
-20351
-20687
-20656
-19787
-18279
-15409
-11371
-6230
-1057
2452
5969
10044
13695
16640
19295
21956
25010
27415
28326
27206
24206
20825
18054
16406
14604
12440
10745
7848
4003
757
-3255
-6728
-8920
-9592
-8570
-7367
-6679
-7632
-8684
-8409
-7302
-5893
-3541
-317
3293
6284
7559
7749
7389
6660
6288
6036
6045
5479
4087
1779
-1400
-4845
-8232
-10743
-12871
-14134
-14972
-15853
-17747
-20250
-21940
-24355
-26787
-28657
-29319
-29639
-30119
-29031
-26828
-22050
-14288
-9906
-10823
-11867
-9985
-6890
-2852
4424
11644
15350
16951
16606
14843
14569
17016
20590
23874
25795
25942
22763
17614
14392
12826
10279
6022
1029
-3582
-6824
-9664
-12293
-14350
-14908
-14076
-13745
-13698
-13080
-12186
-10282
-6467
-1357
4046
8574
11773
14313
16938
19034
19669
20161
22673
25528
27044
26405
23161
18165
12874
9386
7003
4930
2696
1082
-801
-3534
-5454
-7630
-10969
-12027
-10059
-7572
-5559
-4513
-3713
-3139
-2515
-1709
-302
2148
5353
8120
10286
11420
11163
9746
7891
7017
6321
5034
3455
1778
-943
-4371
-7420
-10010
-12930
-14717
-14063
-12701
-12307
-13226
-14408
-15367
-16202
-16640
-16664
-16378
-16885
-18985
-21611
-24258
-27098
-28463
-27842
-25912
-18890
-8998
-6472
-10865
-13043
-12026
-11045
-7759
2094
11997
16125
17989
18144
15505
14608
18368
23565
28001
31209
32767
29538
22809
19116
16562
11651
5517
203
-4802
-8697
-11804
-14751
-18292
-19758
-19543
-19170
-17931
-15297
-12682
-10362
-6205
-689
4075
8517
12379
15570
19382
22156
22458
21861
23313
24988
25081
23555
20511
15124
8782
4595
2311
-653
-3666
-6061
-8345
-11107
-13483
-15674
-17308
-17729
-16556
-12888
-10200
-9064
-6636
-3410
-753
552
2226
4982
8038
10925
14482
17140
17831
16623
14731
12124
10088
9156
8106
6583
5103
3365
-261
-4556
-8200
-11233
-12913
-13242
-12851
-12200
-11904
-12581
-14332
-16627
-18115
-18478
-18597
-17444
-15911
-15852
-17920
-22234
-26593
-28571
-28479
-25194
-14790
-3423
-1489
-4796
-5062
-4611
-5922
-1457
12119
23117
26294
26739
25206
21225
18640
21536
25438
27241
28604
28605
21995
14730
10228
4464
-2997
-9252
-13945
-17968
-20312
-20941
-22285
-24159
-24642
-23680
-21019
-17227
-12484
-7458
-2521
3293
9174
13680
17825
21853
24988
27448
27856
26616
24845
24010
23202
20496
16080
9364
1606
-3936
-6696
-9083
-11813
-13660
-14146
-14748
-16999
-18997
-19382
-17806
-14693
-10481
-6068
-1040
4279
7763
9604
12203
15807
17931
19387
22198
25133
25949
24635
22922
20470
16454
12216
9457
7171
5026
2290
-592
-3585
-7704
-11494
-13883
-15738
-16410
-15838
-14195
-12651
-11494
-11235
-11151
-10553
-9381
-8328
-7277
-5760
-6350
-9113
-11757
-13764
-17147
-21892
-24953
-25103
-25758
-22675
-10761
-1868
-3734
-6986
-6825
-8120
-9939
-2020
11730
17828
18102
17938
13726
7927
8669
14504
20309
24678
27290
23818
13970
7786
5993
2388
-1863
-5942
-11008
-16523
-19694
-20264
-22007
-22551
-19745
-16628
-13377
-8656
-4640
-1712
2517
7994
12728
16201
19821
22392
23102
22358
19060
14839
12439
12007
11789
10598
7717
1605
-6225
-10980
-11510
-11589
-11110
-8803
-6790
-6772
-8132
-8879
-8773
-7645
-3221
4768
12138
15837
16685
17430
17918
18401
20259
22837
24256
23893
22092
19949
16432
11653
7478
3540
669
-1488
-3981
-5634
-6413
-8187
-11095
-12455
-12241
-11716
-10560
-8111
-5548
-5327
-5981
-5458
-4418
-5108
-5667
-4021
-3126
-5174
-8262
-10534
-13220
-17681
-21092
-22552
-25665
-29976
-32098
-31777
-32275
-28089
-15923
-8395
-11459
-13531
-11300
-11308
-11129
3
14588
19008
19080
19391
16107
11709
13774
20245
23771
25008
26249
22131
12947
7359
5161
861
-5199
-10530
-16264
-21144
-21930
-20641
-20037
-18909
-16877
-15036
-11968
-6962
-2685
1397
6797
11855
15214
17605
19418
19251
19299
19782
18504
15538
13715
13127
11756
9565
5967
193
-5758
-7804
-6729
-5145
-4049
-3733
-4661
-5833
-5273
-4366
-3808
-512
5932
11684
14830
15445
15098
14612
13785
13587
13726
13127
12428
11797
9931
6570
2248
-1334
-3703
-4448
-2962
-1778
-2079
-2906
-4418
-5928
-6494
-6352
-4463
-1660
920
2048
647
-2189
-3918
-3536
-3064
-2525
-1238
-864
-4196
-8442
-11687
-16262
-21580
-23928
-23097
-23406
-25070
-26327
-28949
-31991
-31980
-29182
-21115
-8359
-965
-1062
-562
1428
520
899
10320
20687
23574
24128
22941
17848
13535
14418
16772
17550
18506
18569
12994
5520
2076
-808
-5843
-10755
-14690
-18441
-19463
-17477
-15924
-15033
-13619
-11568
-8302
-3327
1591
4411
7640
11708
14851
17384
19700
20652
19941
19321
18404
15541
11945
10329
10216
9793
7587
3422
-1744
-5884
-6906
-5551
-3959
-3026
-3168
-3068
-2227
-1686
-1916
-801
2775
6510
9192
10974
11679
10346
8808
8399
8472
8126
6992
6862
7245
5891
3378
1289
540
236
132
1103
2072
1339
-444
-1426
-1489
-1137
-529
621
1078
69
-1829
-3890
-4941
-4968
-5395
-5629
-5193
-5898
-8226
-11254
-13946
-16544
-18488
-18288
-18152
-19870
-21282
-21706
-22774
-24546
-24708
-22233
-18958
-14737
-4651
6865
9000
5481
4934
6474
5216
6549
15489
21307
20129
18013
14473
9517
6780
7999
10267
11079
11354
10382
4798
-1665
-4052
-5696
-9184
-12998
-15516
-17450
-17166
-13901
-11287
-10440
-8236
-4149
325
4709
8338
10822
12602
14665
17248
18749
18480
17465
16742
16063
12972
8456
5255
4100
4038
3539
2048
-911
-5012
-7341
-6462
-5718
-6146
-5750
-3736
-1884
-603
1450
3479
4271
4677
5349
6337
7352
7763
8235
9304
9242
7051
4182
1935
1137
918
1107
1670
1905
939
-1061
-2254
-2147
-2671
-3545
-3077
-1350
280
1088
1312
389
-1695
-3771
-4323
-3428
-2900
-3106
-3265
-4190
-7263
-10777
-12752
-13175
-13993
-14593
-13956
-14824
-17147
-18480
-18234
-17631
-17446
-17217
-16965
-18214
-17302
-14053
-10134
-589
8734
9092
5504
3965
3339
964
3781
12820
16481
14884
12185
7418
2994
1606
2386
3983
5415
6403
5090
129
-3115
-4511
-6676
-9085
-10941
-13116
-13504
-10179
-7347
-6922
-5835
-2864
194
3554
7727
10829
11882
13366
15793
17759
18834
18215
16344
15005
12746
9076
6217
5634
6098
5304
4046
2497
-1223
-5137
-5740
-4122
-2845
-2599
-2235
-1704
-1204
-672
1
952
1931
2847
4334
6473
7387
7325
7224
7150
6385
5747
5774
4874
4145
3416
1616
530
181
-118
-130
718
920
-40
109
1445
2055
2316
3079
2750
1062
-1083
-2797
-4160
-5912
-7447
-6804
-6138
-7759
-9970
-10701
-11030
-12428
-13170
-11079
-9285
-9526
-9701
-10402
-12219
-14406
-15354
-14950
-15140
-14965
-13101
-11861
-7069
2310
5928
2569
122
193
-1141
-2126
3945
10271
9908
7926
4801
1581
914
2325
4526
7200
9917
11117
9041
5212
3530
2850
1710
-1551
-5290
-7314
-7376
-6031
-4802
-3140
-1133
636
4031
8566
10305
9569
9949
12073
13250
13552
14312
13967
11840
10365
9568
7348
4375
3666
4988
5779
5502
4032
1441
-1053
-1843
-1758
-2004
-1644
-734
-561
-259
445
1341
2153
2956
4013
6132
8103
8776
8644
7974
6696
4955
4264
3682
2284
670
-1271
-2243
-1740
-1217
-661
-378
-135
200
29
377
208
468
2036
2539
1408
-983
-3944
-5879
-6642
-6710
-5262
-3331
-3224
-6042
-8311
-8224
-8985
-11148
-11155
-9113
-9305
-10884
-11680
-13632
-17367
-20129
-20981
-21109
-21495
-20830
-17918
-14898
-8950
-435
1931
-1393
-3279
-2509
-1971
-568
6108
11582
12054
11459
9114
6472
6275
8096
11531
15040
17546
17565
13410
8748
5755
2718
-1332
-5246
-7879
-9800
-9685
-7981
-8263
-9428
-8487
-5887
-2200
1957
5109
6653
7477
8619
9365
10131
11759
12834
13816
15755
15986
13315
10545
10071
10317
9242
8179
7237
4641
1360
-752
-1491
-2377
-4510
-6341
-6617
-5702
-4573
-2684
-536
-502
-1633
-1188
231
704
1553
3159
3883
4053
3396
1567
-294
-1498
-1304
586
3061
4466
3630
2262
1433
-259
-902
81
1148
1905
1916
1304
-949
-4807
-7354
-7914
-7475
-7089
-5663
-3346
-4165
-7036
-8024
-7629
-8813
-11417
-11275
-8984
-8816
-10435
-12360
-14776
-18100
-21207
-21400
-19840
-19082
-18058
-15421
-13155
-9951
-2880
1625
634
-194
1694
2733
2867
7700
13642
14840
13913
12532
10897
10664
12194
14861
16037
16288
15939
11517
5151
1342
-296
-2536
-5905
-8686
-11323
-13219
-13288
-13331
-13053
-10047
-5843
-1480
2600
4729
5505
6044
7876
10804
14425
18428
20653
21050
21352
20204
16426
12738
12117
12910
12724
11573
9651
5701
440
-3766
-6553
-8660
-10952
-11695
-9991
-7778
-6402
-5341
-5272
-7047
-7667
-4944
-1192
1626
4928
7585
7781
6267
4519
3221
2448
2740
4104
5270
6559
6516
4458
2509
1217
563
369
513
1126
1499
1200
84
-2297
-4993
-7060
-7464
-7280
-6884
-4077
-1653
-2554
-4772
-5907
-6612
-9753
-11877
-9625
-8216
-8835
-9465
-11476
-14855
-19670
-22249
-20231
-18367
-16926
-15245
-13109
-11391
-10384
-4157
2849
3441
2374
3192
4225
4316
6472
11256
12955
12048
10510
7929
7664
9264
10219
10166
9934
9950
7191
2020
-270
-527
-1691
-4030
-6825
-10028
-12787
-12427
-10992
-9995
-6693
-1524
2925
6288
9117
10844
10761
10520
12465
15923
18985
20660
21225
21417
19799
15525
10937
8596
8334
8510
8786
8531
5892
939
-4325
-8566
-11734
-13729
-13595
-11181
-7548
-4788
-3925
-4320
-5487
-6297
-5224
-1400
3922
8807
11729
12878
12262
9392
6018
3971
3775
4493
5773
8006
8853
7080
4445
1536
-1035
-2450
-2681
-1491
-731
-847
-1454
-3474
-6396
-9036
-10012
-9489
-8257
-5439
-2196
-759
-1703
-3242
-4541
-7119
-9260
-8103
-5742
-5107
-6244
-7672
-10079
-14358
-17379
-17148
-16604
-16444
-15543
-14105
-12846
-13631
-12059
-6050
-3076
-4914
-6148
-3739
-1546
-1544
892
4057
4754
5353
6197
7366
9753
12135
12894
11713
12139
13391
11124
8082
8016
8582
6684
1945
-3134
-7487
-9942
-10747
-11204
-9350
-5452
-1954
322
1100
722
-469
-2004
-1112
3341
9438
14465
17253
19085
19453
17360
15042
14036
14150
15924
17916
18569
16753
12340
6782
675
-5119
-9009
-10852
-11218
-10134
-8815
-8048
-8424
-9514
-10251
-10213
-8406
-5049
-965
3680
6383
6888
6638
5624
4730
4189
4456
6224
8545
10779
12353
12087
10030
6600
3936
2949
2311
1527
1
-1981
-3788
-5580
-7908
-10577
-12300
-12649
-11653
-9457
-7252
-6525
-6557
-7162
-7909
-7621
-6942
-6350
-6342
-6528
-7231
-9292
-11891
-13011
-12489
-12189
-12605
-12954
-13571
-14634
-15787
-16531
-13707
-8637
-6608
-7216
-6521
-4768
-5105
-6203
-4510
-1546
1604
5531
8324
10977
14479
16373
15542
13942
14368
14882
13895
13563
14384
14749
12264
6375
-201
-5394
-8230
-9350
-9790
-8583
-5937
-3824
-3412
-4327
-5336
-6525
-7360
-5424
-63
6495
12039
16214
18766
20189
20961
20295
19275
19734
20690
20867
20214
18222
14773
10332
5063
-211
-4771
-7798
-9415
-10981
-11585
-10488
-9345
-9956
-11413
-11643
-11384
-11449
-10031
-6423
-2634
-158
2136
5110
6825
7101
7553
8577
10225
12816
14847
15198
14782
14613
13522
10684
7373
3482
-406
-2997
-4720
-6487
-8623
-10431
-11823
-13745
-15608
-16374
-16277
-16391
-16304
-14996
-12787
-10314
-8165
-7128
-7137
-7607
-7971
-7694
-6597
-4537
-2227
-1949
-3049
-3937
-5533
-8065
-10634
-12051
-13464
-14671
-13012
-10146
-9254
-9805
-10671
-11893
-12812
-11547
-8518
-5397
-1646
2617
5776
9129
12872
16068
16540
15907
17953
20637
21604
21239
21270
21083
18583
14887
11321
7796
4866
2392
-34
-2145
-3268
-3868
-5722
-8426
-9606
-9694
-9803
-9018
-5740
-1065
2875
5235
6888
9090
11682
13158
13892
15039
15841
16196
15633
14372
12880
11346
9626
8205
7370
6323
4328
2433
863
-1979
-4999
-6805
-7525
-7766
-7783
-8127
-9281
-10529
-10877
-10541
-9439
-7023
-4364
-1431
2567
5308
5378
5735
8309
11093
11922
12104
12539
11875
10190
8632
6955
4015
615
-1678
-2937
-4570
-7125
-9613
-11873
-13410
-14111
-14419
-14417
-14157
-13516
-12743
-12987
-13513
-12931
-11798
-10558
-8805
-6554
-5754
-6042
-5677
-5770
-7116
-8225
-8406
-9065
-10058
-9445
-7046
-5168
-4895
-6200
-7907
-8889
-9541
-9165
-7755
-4810
-1100
1640
3236
5114
7088
8966
10290
11397
13339
15326
16423
15777
14639
14877
15242
13973
11872
10463
9622
7322
4016
2117
1179
-126
-1732
-2966
-3178
-2874
-2916
-3402
-3776
-3264
-2484
-1729
-293
1618
3087
3969
4852
5596
5854
6446
7654
8352
8706
9325
10199
10412
10175
10384
10480
9568
7706
5540
3373
1874
454
-1371
-2779
-3757
-4755
-6262
-7560
-7720
-7425
-7207
-6275
-4913
-4108
-3071
-826
1917
4314
6151
7210
7437
7438
7899
7828
7405
6994
6078
4426
2719
1255
-1133
-3930
-5710
-7248
-8571
-8825
-9086
-10300
-11846
-12537
-13005
-13407
-13529
-13948
-14057
-13302
-12852
-12200
-10739
-9548
-9372
-8869
-7495
-6811
-6726
-6504
-6496
-6547
-6395
-6124
-4853
-3757
-4222
-5659
-6200
-5996
-5664
-4899
-3623
-2310
-1638
-1328
-486
1030
1973
2663
3779
5161
6188
7430
9202
10981
12449
13936
15201
15564
15016
14280
13965
13138
11294
9308
8278
7715
6912
6114
5121
3441
1284
-1009
-2518
-2853
-3552
-4885
-5494
-5073
-4647
-4480
-4105
-3759
-2935
-1362
604
2723
5251
7657
8987
9515
9711
9627
9680
9820
9411
8484
7779
6711
4813
2595
794
-297
-1181
-1830
-2107
-2817
-4098
-5310
-5548
-5131
-4593
-3214
-976
754
1650
1966
1959
1583
1036
1095
1041
650
123
-334
-308
-450
-1994
-3892
-4708
-4849
-5225
-5380
-5205
-5948
-7057
-8061
-9480
-10748
-11675
-12744
-13369
-12306
-10701
-10429
-10422
-9218
-8494
-8400
-7922
-7209
-6734
-6409
-5877
-5569
-5737
-6038
-6531
-6701
-5646
-4336
-3625
-3488
-3691
-3838
-3852
-3527
-3277
-2672
-1722
-1359
-937
648
2837
4886
6490
8188
10072
11905
13774
15050
16224
17413
17328
16222
15264
15010
15033
14448
13531
12303
10585
8832
7187
5449
3464
1895
551
-1292
-3734
-5746
-6382
-6509
-6618
-5727
-3288
-886
793
2720
5128
7303
8422
8719
8930
9460
10335
10891
10811
10396
9242
7350
5057
3271
2320
2131
1979
830
-764
-2184
-3555
-4925
-5488
-4893
-3015
-1441
-683
35
638
722
271
199
1042
1784
1917
1933
1862
1158
-438
-2013
-3388
-4341
-4632
-4840
-5164
-5583
-6806
-8829
-10657
-11741
-12069
-11992
-12133
-12410
-12159
-11827
-12148
-12691
-12289
-10913
-9092
-7500
-5922
-4846
-4690
-4676
-4906
-4927
-4610
-3820
-2986
-2258
-2309
-3108
-3590
-3523
-3906
-4678
-4931
-5041
-5183
-4836
-3864
-3392
-3472
-3109
-1868
33
2494
4907
7000
8619
10251
12054
13280
14010
14638
15480
16494
16928
16332
15111
14334
13462
11862
10571
9728
8453
6818
5210
3710
1658
-645
-2237
-3186
-4099
-4473
-3927
-2794
-1470
-31
2008
3517
4057
4387
4773
5103
5542
5931
6085
6089
6322
5916
4458
3233
2469
2127
1735
1127
653
108
-379
-989
-2221
-3087
-2901
-2557
-2067
-1120
-24
-85
-979
-1334
-1107
-727
-494
-380
-598
-1020
-1768
-2230
-2573
-3266
-3991
-4687
-5203
-5500
-5880
-6754
-8163
-9057
-9087
-9089
-9658
-10211
-9928
-9524
-9627
-9795
-9223
-8436
-8263
-8458
-8186
-7488
-6789
-5816
-4897
-4444
-4379
-4767
-5227
-5300
-4934
-4389
-4755
-5764
-6107
-5289
-4814
-5486
-6183
-6023
-5841
-6074
-5834
-4757
-3328
-2110
-993
338
2110
4213
6318
8285
10108
11722
12903
13712
14623
15724
16355
16517
16527
16291
15503
14106
12313
9974
8011
6657
5716
4320
2284
566
-798
-2421
-4097
-5099
-5266
-4900
-4145
-2716
-1441
-394
669
1324
1739
2431
3879
5538
6303
6869
7319
7008
6485
6276
6244
6358
6591
6595
5799
4334
2825
1326
246
-76
-199
-431
-617
-919
-2028
-3367
-4549
-5506
-5972
-5596
-4568
-3794
-3527
-3399
-3211
-3165
-3157
-2613
-1562
-946
-1130
-1530
-2017
-2840
-3577
-4153
-4579
-4831
-4750
-4715
-4966
-5275
-5608
-6492
-7314
-7514
-7436
-7618
-8463
-9182
-9195
-8982
-9107
-9208
-8970
-8449
-7916
-7690
-7305
-7267
-7842
-8256
-8067
-6596
-4745
-3562
-3168
-2999
-2799
-2625
-2028
-996
255
1205
2640
4198
6077
8822
11595
13312
13941
14468
14923
15307
15928
16867
17355
17282
16605
15473
14211
12922
11507
9218
6855
5124
3969
2933
1307
-479
-1780
-2745
-3738
-4883
-5369
-4654
-4139
-3970
-2930
-996
699
1736
3343
5235
6357
6947
7747
8520
8727
8849
9487
10145
10293
10132
9479
8183
6314
4466
2949
1817
990
237
-335
-1290
-3139
-5332
-7025
-8361
-9625
-10396
-10289
-9375
-8850
-8598
-7769
-6570
-5791
-5419
-4524
-3064
-1824
-1030
-404
-236
-448
-853
-1124
-1221
-1646
-2283
-2969
-3436
-3595
-4070
-4747
-5577
-6306
-7036
-8188
-9547
-10751
-11542
-12194
-13022
-13789
-14395
-15024
-15341
-15002
-14690
-14713
-14849
-14397
-12053
-8996
-6757
-5410
-4310
-2948
-1850
-428
1453
3092
4521
6187
7524
9438
12343
15079
16716
17041
17812
18577
18145
17015
16476
16794
16441
14647
12281
9947
8147
6530
4254
2011
613
-95
-881
-1732
-2232
-3153
-4382
-4937
-5108
-4975
-3836
-2239
-889
602
3005
5400
6321
6866
7921
9265
10348
10771
11247
11537
11413
11266
10758
9497
8107
6790
5278
3066
888
71
-742
-2463
-3820
-4303
-4670
-5642
-6982
-7947
-8587
-8908
-9179
-9348
-8359
-7032
-6202
-5118
-3889
-2580
-1895
-1872
-1773
-1424
-793
-310
-75
-57
-219
-838
-2023
-3307
-4698
-5756
-6783
-7370
-7409
-7062
-7582
-8701
-9438
-9878
-10663
-11907
-12483
-12585
-13043
-13826
-14395
-15330
-16725
-17996
-18491
-18039
-17188
-14638
-10317
-6580
-4261
-3319
-2594
-1705
-774
868
3260
6169
8820
10228
12185
15842
19056
20385
20240
20255
20687
20417
19499
18196
17156
16419
14524
11798
8513
4864
1567
-2114
-5150
-6391
-5683
-4254
-4094
-4582
-4478
-4591
-5044
-5146
-4078
-1718
763
3424
6466
9304
11727
13287
13821
13980
14453
15256
15006
13863
13306
13244
12435
10308
7949
5742
3026
1
-2582
-4450
-6064
-7537
-8639
-9079
-9471
-9472
-9040
-8559
-7636
-6567
-5769
-5045
-4016
-2657
-654
1052
2252
2936
3373
3431
2965
2652
2313
1705
1226
989
201
-779
-2080
-4139
-6473
-8261
-9509
-10661
-11756
-12723
-12850
-12501
-12547
-12516
-11914
-11166
-10803
-11066
-11252
-10832
-10703
-11258
-12481
-13805
-14701
-15298
-15758
-15553
-12472
-7957
-5503
-5018
-4415
-2969
-1420
-162
1742
4188
7170
10365
11906
13825
17028
19223
19789
19617
20440
21694
21807
20895
19318
17987
16087
12064
6974
2478
-631
-3179
-6218
-8388
-8894
-8389
-7697
-7831
-7732
-7130
-6573
-5397
-3386
-328
3423
6667
9186
11447
14166
16644
17050
16622
17191
18340
18928
18582
18007
17037
15164
12579
9462
5887
2408
-1054
-4672
-7945
-9969
-10673
-11422
-12403
-13195
-13732
-13778
-13556
-12615
-9903
-6462
-3594
-1358
617
2531
4040
5095
5739
5955
6080
6074
5908
6005
5680
4509
2408
-54
-2046
-3759
-5722
-8076
-10525
-12529
-13687
-14422
-15171
-15698
-15945
-16306
-17009
-17098
-16375
-14958
-13794
-12882
-11479
-10791
-10976
-11271
-12104
-13507
-14657
-15056
-14693
-13482
-9074
-3514
-1267
-1637
-2013
-1801
-1493
-259
2610
5405
8612
12150
13968
16087
19003
20754
20259
18694
18636
19460
19303
18623
17577
16199
13409
8200
2614
-2487
-5716
-7746
-9833
-10634
-9551
-7382
-6094
-6301
-6323
-5840
-5075
-3129
400
5201
10059
13233
15259
17034
18746
19271
18336
17954
18461
19250
20034
19737
18432
16436
13865
10429
6181
2347
-1125
-4400
-6885
-8499
-9454
-10027
-10421
-10868
-11423
-11315
-10245
-9099
-7174
-3957
-590
2645
5033
6370
6853
6786
6517
6021
6191
6923
6754
6297
5871
4174
1153
-2386
-5328
-7239
-8644
-9780
-11044
-12564
-14273
-16534
-18316
-18789
-18475
-17923
-16738
-14967
-13478
-12562
-12079
-12739
-13565
-13986
-14598
-15221
-15961
-16484
-16307
-15870
-15846
-13713
-7964
-3147
-2292
-2668
-2114
-1430
-196
2634
5884
8992
12668
14346
14543
16503
19190
20026
18646
18233
19657
20081
18535
16074
13565
11083
6554
7
-6305
-10068
-11297
-12840
-14291
-13092
-9838
-7435
-7312
-7495
-6493
-4706
-2280
1067
6362
13160
18031
20000
20695
21168
20895
19297
17817
17801
18890
19908
19551
17343
14168
10535
6527
2732
-112
-1753
-3119
-4746
-6414
-7786
-8991
-10592
-12039
-11943
-10705
-8427
-5201
-2367
28
2117
3792
5136
6409
7683
8367
8659
9024
8747
7652
5890
3627
1729
152
-1512
-3227
-5243
-7111
-9042
-10775
-11983
-13431
-15064
-16613
-17660
-17666
-16676
-15943
-16228
-15969
-14050
-12385
-11584
-10865
-10911
-11852
-12760
-13595
-14569
-16111
-17983
-19378
-19639
-18712
-17629
-13415
-6847
-3343
-3052
-2960
-1492
787
3614
7309
10616
13890
16589
16386
16547
19073
21011
20269
18732
19215
20495
19381
16129
11960
8443
4674
-959
-7218
-12387
-14327
-14693
-15878
-16070
-13755
-10733
-8478
-7252
-5108
-1972
1307
4952
9474
15547
20924
23294
23666
23725
23574
22463
20227
18461
17784
17739
17028
14608
11161
7490
3539
-175
-3320
-5324
-6452
-7516
-8159
-8497
-8523
-8509
-8349
-7429
-5692
-3942
-1326
1959
4903
7827
9714
10129
10038
10296
10295
9325
8696
8798
8239
6583
3981
1365
-1092
-3416
-5621
-7671
-9061
-9907
-10808
-11691
-12976
-14165
-14972
-15764
-16018
-14854
-13304
-12294
-12221
-12438
-12145
-11613
-11141
-11917
-13694
-14871
-16022
-18079
-20277
-21661
-22010
-22368
-22050
-17754
-10209
-4750
-3512
-3722
-2649
-485
2530
7798
13160
17186
19941
20515
20630
21507
22231
21224
19159
18945
20491
20001
16617
12585
8648
3834
-2443
-8874
-14229
-16819
-17021
-17175
-16700
-14480
-11870
-10381
-9414
-7170
-3706
523
5891
11950
18418
23566
25599
25164
24571
24122
23458
22572
21714
21133
19963
17897
14724
10399
5611
926
-2604
-4118
-4030
-3714
-4817
-6609
-7671
-8262
-8355
-7720
-5830
-2879
7
2684
5526
7297
7952
8119
8533
9869
11071
11410
11165
10312
9439
7500
4836
2591
-137
-2495
-4013
-4536
-4514
-5831
-7844
-8587
-8740
-8996
-9865
-10910
-11585
-11632
-10667
-9402
-9263
-10532
-11831
-11883
-12129
-13118
-14032
-15649
-17618
-19025
-20616
-22367
-24756
-27203
-27876
-27584
-26180
-19781
-10507
-5434
-4724
-4087
-2611
-830
3452
10347
16114
20234
22445
21129
20145
21243
21719
20208
18286
18990
19892
17533
12783
8061
4164
-1012
-7646
-13007
-16454
-17363
-16792
-17078
-16764
-14428
-11557
-9411
-7649
-4441
-502
3334
8626
14165
19649
22995
22719
21102
19558
19050
18497
17189
16479
16165
15049
12849
9429
5513
1827
-1131
-2465
-2336
-1527
-1205
-2317
-3285
-3438
-3500
-2834
-744
2070
4541
6455
7472
7221
6522
5584
4176
4092
5191
5762
5438
4458
2670
628
-1152
-2404
-3334
-3503
-3469
-3541
-3165
-3051
-4248
-5623
-6268
-5823
-4762
-4174
-4043
-4837
-5348
-4711
-4471
-6460
-9534
-11692
-13449
-15239
-16773
-19005
-22204
-25531
-28763
-30996
-31993
-31693
-29673
-27557
-22430
-13469
-7468
-6763
-7144
-5635
-2897
568
6327
13091
17916
19883
17826
15131
15367
15479
14900
14088
14656
15877
14898
11319
6537
2232
-1581
-6835
-11371
-13037
-12238
-9761
-7601
-5724
-3346
-723
896
1586
3153
6427
9407
11930
15354
18885
20762
19411
15882
12905
10680
8509
6524
5696
5402
4140
2076
-548
-2692
-4023
-4171
-3005
-716
2530
5698
7961
9373
9288
8567
9167
10166
10920
12528
14990
16207
14369
10305
6417
3157
1348
680
329
252
-523
-1759
-3485
-5497
-6543
-7602
-7603
-5925
-4299
-2374
-592
-85
-324
-371
316
906
936
921
799
393
-1295
-3352
-4776
-7035
-9970
-11848
-13525
-15277
-17127
-18933
-21263
-24152
-26183
-28193
-30433
-30053
-26817
-23622
-18762
-9871
-2831
-2306
-4495
-4989
-3782
-1087
4447
10358
14236
15315
12568
8617
7675
8656
9868
10178
11511
13673
13415
10007
5308
1629
-1217
-4325
-6968
-8123
-7008
-4125
-2213
-679
1844
4596
6845
8225
9868
12037
13694
14588
15086
16052
16835
15474
12461
10122
8185
5890
3480
2236
2058
923
-682
-2216
-3402
-3684
-2621
-656
2006
5157
7672
8937
9378
9296
8729
8829
10157
12047
13704
14425
13049
10010
6446
3235
784
-173
-593
-1413
-2097
-2299
-3009
-4043
-4792
-5246
-5060
-3742
-1720
-226
1065
1530
583
-451
-858
-698
-557
-440
-301
-1196
-3237
-5511
-7468
-9124
-10902
-12208
-12642
-13238
-15442
-18069
-20537
-23811
-26717
-28420
-28578
-27424
-24990
-22582
-16704
-7689
-3390
-4656
-5836
-4819
-3694
-1278
3688
7949
9237
8940
6051
3825
4429
5335
5742
5937
7907
10184
9278
5979
2977
711
-1798
-4796
-6895
-7740
-6933
-5361
-4449
-3116
-461
2928
5559
6974
8238
9653
10897
12330
13222
13407
12615
10890
9058
7496
6570
5247
3399
1998
1687
1918
1499
-490
-2433
-2958
-1889
735
3738
6844
9752
11151
10943
10033
9201
8984
9175
9673
9993
10807
10709
7649
3972
1056
-1097
-2127
-2494
-2458
-2453
-3193
-3957
-4014
-4011
-4134
-4556
-4108
-2571
-519
1475
1939
1059
-230
-1414
-1927
-1681
-835
80
-488
-2084
-4273
-6419
-8526
-11413
-14003
-14686
-13561
-13802
-16571
-19834
-22912
-26389
-28397
-27361
-24401
-21691
-16511
-8102
-4065
-5492
-6124
-4168
-2927
-896
4321
9025
10397
9461
6364
3326
3738
4992
5090
4843
6652
8571
7326
4225
2146
1136
-178
-2492
-4881
-5974
-5237
-3439
-2445
-1281
776
3097
5503
7425
8875
10279
11239
12435
14017
15257
14435
11300
8010
5935
4775
3739
2620
2185
2357
1863
1043
121
-790
-1161
-364
2053
5124
8216
11449
13486
14084
13936
14294
14633
14012
14016
14158
13112
12277
10640
7542
4754
2100
-383
-1805
-1363
-1124
-2677
-4045
-4167
-4165
-3970
-4127
-3702
-2015
-259
1187
1943
1668
716
-612
-1779
-2690
-3064
-3102
-2994
-3030
-3822
-5138
-7761
-10572
-12535
-13427
-13190
-13467
-15243
-18160
-20675
-23070
-25356
-25622
-23579
-21096
-16550
-8329
-3350
-3551
-4640
-3184
-1413
1021
5726
9763
9824
8911
7197
3795
2902
3887
4789
3842
4909
6211
4568
872
-1673
-3068
-3245
-3266
-4385
-6084
-6749
-5465
-4855
-3468
-852
1759
4183
6583
8436
10294
11430
11910
11983
12305
13042
12312
9733
6553
3900
1982
472
-205
-37
-416
-1252
-2208
-2813
-2702
-1844
-350
1803
4337
7667
10695
12554
13894
14603
14410
14730
15538
14494
13666
14065
13572
11247
8778
6676
4165
2069
1081
81
-852
-1532
-2279
-2374
-2706
-3471
-3574
-3191
-2039
-829
-714
-913
-1498
-2987
-3995
-4216
-5039
-6315
-6664
-6851
-7714
-8591
-10183
-12145
-13684
-14778
-14933
-14719
-16048
-18491
-20988
-22663
-23124
-22452
-21072
-19551
-14575
-6940
-3620
-4960
-5797
-3234
-907
1725
6726
11348
11568
9852
6590
3872
3556
4118
4294
3850
5445
6568
4471
-62
-3507
-5414
-5515
-5321
-5262
-5658
-5593
-5281
-5181
-3855
-1718
480
2913
5564
7304
8660
10213
11480
11923
12033
11900
10759
8267
5377
2356
220
-1751
-3129
-3090
-2661
-3092
-4569
-5725
-5554
-3888
-1337
1540
4422
7996
10989
13059
13930
14303
14972
14891
14853
15366
15471
15863
15550
13027
10069
7843
5968
4182
3431
3671
2791
1041
-273
-1358
-2226
-2854
-2648
-1611
-182
696
704
-270
-1438
-2230
-3044
-3786
-4836
-6216
-7464
-8215
-9572
-11811
-13981
-15830
-16411
-16753
-17462
-17994
-19200
-21910
-23600
-22224
-20313
-19843
-17675
-11374
-6321
-4911
-4833
-3807
-2014
702
4663
8800
11408
12812
12291
9959
9213
9286
9036
7837
7500
8143
7519
4303
981
-1356
-2764
-4305
-5797
-6847
-7182
-5583
-4072
-4008
-3789
-1160
1653
3858
6144
8505
9832
10876
12296
13358
13741
13112
11720
9563
7155
4347
1334
-1618
-4526
-6441
-6855
-7442
-8726
-9716
-8792
-6681
-4152
-1307
1806
5349
8473
10436
12049
13288
13608
14026
14341
15398
16820
17293
16108
14294
12107
9712
8186
7443
6193
4880
3685
2104
474
-1193
-3124
-4555
-4785
-3780
-1984
-701
-231
-147
188
24
-1086
-2902
-4481
-5470
-6749
-8486
-10226
-12697
-15803
-18742
-20555
-21795
-23142
-24147
-24185
-22937
-21391
-20243
-20014
-17900
-13431
-9857
-9187
-9206
-6896
-3768
-53
3889
7712
9336
9519
8533
8324
9626
12121
13341
12044
10798
10195
8413
4357
784
-1074
-2173
-4012
-5693
-6977
-6644
-5795
-5975
-6095
-4651
-2216
-350
1460
3788
6306
8059
9514
10522
11523
12701
12799
11296
9950
9500
9020
6858
3553
631
-1722
-4187
-7162
-9723
-10960
-10780
-9823
-7455
-4450
-1726
216
2048
4221
6133
7106
8270
9514
10581
11256
11034
10914
11014
11536
11560
11497
12035
12231
11177
10456
9235
7178
4989
2609
281
-994
-1403
-2009
-2614
-2544
-1913
-1329
-765
-980
-1103
-993
-1760
-3310
-5152
-7377
-9745
-12945
-16858
-19973
-21744
-23540
-25506
-24818
-22122
-20615
-20159
-16429
-11403
-9333
-9093
-7854
-5740
-4415
-2592
40
2893
4677
6367
6667
6864
8615
11361
12841
12577
12838
13696
13208
10294
7717
6432
5716
3291
228
-2403
-3947
-4573
-4712
-4527
-3794
-2284
-1238
-517
344
1523
2172
3176
5127
7450
8933
9363
9339
9063
8494
7844
7252
6770
6370
6009
4673
1661
-1323
-3492
-4281
-5004
-5589
-5573
-5050
-4544
-3885
-2933
-2049
-1059
597
2488
3904
4812
5144
4884
4377
4088
5088
6765
7140
6491
6219
6612
7090
7703
8266
8228
7488
5721
3342
1560
280
-268
-618
-823
-977
-874
-751
-1111
-2067
-3062
-4061
-4603
-4738
-5827
-8498
-12114
-15312
-17801
-19606
-21044
-21894
-21854
-19848
-16667
-13986
-13494
-13336
-11999
-9164
-5403
-1522
1569
3283
4572
4873
4135
3508
4304
5167
6285
7712
9380
10216
9958
9219
8975
9020
8400
6543
4681
4377
4751
4941
4431
3164
1711
460
-681
-1059
-808
288
1190
2004
3052
3762
3198
2477
2654
3381
4249
4617
4729
4838
5295
4762
3306
2277
2533
3006
2624
2192
2516
2901
2136
692
-786
-1824
-3247
-4485
-4833
-4356
-4086
-4249
-4231
-4272
-3962
-3012
-1782
-1010
-403
703
1968
3041
3847
4803
4849
3955
3687
4662
5949
6418
5852
4950
4182
3115
1675
228
-654
-963
-898
-1062
-1471
-2566
-4315
-6025
-6714
-7180
-8333
-9157
-9250
-9733
-10729
-11883
-13876
-16139
-17631
-17650
-17187
-16038
-14126
-12173
-10514
-8716
-7224
-6614
-5655
-4039
-1695
435
1717
1878
1691
1196
1113
1458
2314
3370
4937
7323
9567
10575
11147
11387
10697
9555
9238
9731
9853
9816
9542
8569
6670
5052
3704
2520
1838
2042
2719
3145
3040
2583
2006
1118
326
-34
495
1185
2338
3769
4370
3891
3879
4159
4074
4355
5494
6457
6646
6316
5361
3379
813
-1107
-2125
-2628
-2272
-1394
-800
-997
-1643
-2635
-3874
-4428
-3087
-618
1339
1951
1979
1575
631
-138
-636
-598
-236
782
1625
1764
836
-725
-2358
-4303
-5743
-6230
-6300
-6012
-5459
-5091
-5718
-6638
-6850
-7167
-7604
-7985
-8721
-9721
-10434
-10309
-9943
-10551
-11210
-11274
-10990
-10250
-8591
-6441
-4716
-3028
-495
2454
4255
4936
5143
5481
6259
7570
8389
8564
8714
9140
9758
10447
10539
10388
10958
12163
13397
13978
13457
11820
10506
9760
9570
8759
7537
6714
6137
5703
4697
3838
2843
1566
797
1340
1956
1879
1301
912
449
-84
-8
74
65
362
1364
1937
2138
2674
3319
3256
2923
3049
2994
2565
1654
820
-292
-1101
-1788
-2532
-3407
-3819
-3917
-4395
-4969
-4736
-4499
-4991
-5334
-5287
-4510
-4059
-3635
-3658
-4129
-4988
-6169
-7222
-8024
-8922
-9883
-10469
-10620
-10398
-10576
-10793
-10769
-10090
-9724
-9918
-9996
-9344
-7790
-6082
-4555
-3767
-3513
-3675
-3648
-3458
-2770
-1883
-960
65
1624
2621
2859
2721
2902
4170
5435
6260
6581
6970
7252
7600
7236
6621
6203
5966
5939
6204
6750
7306
7545
7477
7614
7634
8058
8114
8075
8070
8413
8725
8524
8003
7581
6959
6484
6489
6477
6295
5918
5323
4443
3958
3421
2679
1775
1278
554
-252
-1229
-1746
-2083
-2195
-1706
-1234
-635
-121
519
970
1776
2642
3113
2764
2483
2068
1013
-253
-1038
-1758
-2755
-3945
-4687
-5303
-6386
-7526
-8006
-7892
-8083
-8505
-9100
-9876
-11014
-12149
-12699
-12857
-12761
-12357
-12756
-13214
-12996
-12667
-13413
-14295
-14303
-13427
-11809
-9938
-8050
-7459
-7448
-7623
-6981
-5727
-3781
-2101
-355
1791
4037
4864
4866
5016
5463
6209
7139
8117
8112
7525
6955
7109
7082
6624
6046
5581
5019
4943
4701
3627
2566
2341
2907
3243
3792
4353
4798
5092
5599
6481
7273
7933
8385
9186
9862
9961
9121
8015
7551
7699
7956
8064
7736
7081
6386
5931
5518
4349
2596
1087
948
1258
957
-188
-1853
-3179
-3922
-4284
-4490
-4602
-4349
-3393
-2355
-1928
-1644
-1392
-1236
-1023
-726
-213
-46
-699
-2049
-3354
-4691
-5929
-6797
-7369
-7895
-8756
-9264
-9830
-10557
-11301
-12394
-13256
-13490
-13138
-12988
-13589
-14346
-14835
-14355
-13356
-11897
-10636
-9862
-9069
-7823
-6569
-5454
-4005
-2479
-919
808
2588
3650
4507
5277
6447
7955
9277
9982
10271
10729
11506
12153
11952
11177
10137
9432
8762
8283
7916
7084
5799
4721
4419
4458
4506
4414
4298
3736
3229
2540
2046
2150
3213
4618
5397
6088
6346
6515
6690
7200
7820
8606
8945
8851
8678
8511
7899
6712
5773
5311
5176
4976
4436
3355
2097
1176
545
-28
-788
-1676
-2196
-2665
-3467
-4716
-5594
-6128
-6500
-6361
-6043
-5699
-5518
-5499
-5623
-5839
-6033
-5955
-5684
-5765
-6238
-7157
-8047
-8662
-8681
-8774
-9028
-8848
-8435
-8164
-8779
-9634
-10375
-10374
-9592
-8492
-7803
-7636
-7568
-7288
-6967
-6482
-5162
-4050
-2825
-1444
676
1967
2354
2643
3615
4537
5465
6620
7359
7635
7990
8707
9063
8964
8259
7951
7857
8158
8393
8290
7497
6690
6207
5881
5524
4951
4652
4291
4097
3921
3798
3709
3474
3423
3989
4276
4371
4660
5035
4662
4031
4033
3956
3980
4068
4632
4714
4588
4593
4598
4173
3897
4075
3792
3255
2601
1916
1451
1034
595
210
-673
-1354
-1561
-2005
-3042
-4177
-4772
-4990
-5188
-5381
-5653
-6229
-6861
-7271
-7727
-8090
-8117
-8271
-8745
-9099
-8893
-8588
-8941
-9374
-8895
-8231
-7803
-7734
-7920
-8071
-8002
-7525
-6588
-5737
-5187
-4568
-3970
-3570
-2948
-2181
-1353
-510
855
2417
3401
4014
4643
5268
5630
5648
5647
5638
5922
6758
7312
7332
6915
6383
5758
5144
4783
4747
4812
4338
3777
3142
2550
1961
1305
808
342
317
396
539
647
665
541
361
72
-142
6
680
1317
1964
2197
2136
1814
1697
1728
2049
2337
2623
2809
2865
2501
1818
1198
540
282
-156
-651
-1177
-1150
-1505
-2322
-2993
-3053
-3295
-4117
-5005
-5819
-6222
-6250
-6117
-6555
-7262
-7704
-7927
-8145
-8420
-8747
-9286
-9602
-9131
-8155
-7853
-7908
-7421
-6761
-6694
-7026
-6768
-6237
-5513
-4595
-3722
-3380
-3292
-2947
-2441
-1925
-769
711
1586
2327
3680
4750
4813
5105
6375
7994
8913
9333
9271
9047
8900
9406
9860
9912
9547
9357
9336
8701
7820
6579
5243
3992
3555
3430
2928
2071
1456
1409
1157
759
126
-17
231
600
1147
1293
1195
895
813
814
758
322
-84
-193
267
456
245
113
-128
-605
-976
-1011
-1027
-1055
-880
-775
-1128
-1831
-2403
-2838
-2947
-2872
-2706
-2660
-2615
-2262
-1946
-2181
-2611
-3106
-3366
-3321
-3039
-3135
-3933
-4918
-5701
-6549
-7427
-8084
-8820
-9223
-9141
-8859
-8604
-7999
-7277
-6842
-6382
-5793
-5172
-4349
-3206
-1854
-838
140
991
1850
3055
4450
6059
7428
8529
9456
10387
10952
10889
10892
11223
11385
11283
11047
10504
9652
9263
9469
9564
9214
9057
8660
8133
7931
8106
7970
7183
6342
6000
6000
5860
5308
4805
4288
3856
3504
2868
2164
1343
839
135
-478
-810
-1002
-1201
-1681
-2037
-2216
-2599
-2921
-3085
-2943
-2919
-3197
-3266
-3293
-3403
-3684
-4180
-4576
-4488
-4289
-4186
-4445
-4811
-5215
-5656
-6010
-6133
-6217
-6339
-6448
-6374
-6525
-6844
-7359
-7781
-7984
-7864
-7673
-7467
-7435
-7504
-7663
-7688
-7468
-7133
-6807
-7060
-7014
-6547
-6030
-6069
-6244
-6285
-5876
-4888
-3875
-3049
-2410
-1784
-1181
-475
546
1978
3781
5380
6857
8147
9743
11110
11997
12795
13814
14799
15430
15733
15828
16126
16655
16751
15976
14597
13100
11845
10823
9822
8841
7581
6348
5363
4641
3586
2376
1659
1539
1744
1705
1859
1771
1575
1523
1452
1329
547
224
392
389
-13
-385
-1107
-2116
-2772
-3026
-3581
-4347
-5094
-5707
-6284
-6669
-7328
-8434
-9155
-9497
-9593
-9897
-10002
-9864
-9618
-9350
-9362
-9339
-9227
-8976
-8774
-8754
-9064
-9486
-9710
-9680
-9673
-10325
-11190
-11749
-11746
-11639
-11750
-12095
-12150
-12040
-11662
-10929
-9945
-9041
-8531
-8113
-7525
-6792
-6180
-5292
-4142
-2766
-1588
-642
224
1097
2097
3514
4880
6281
7522
8815
9708
10292
10818
11486
12073
12346
12649
12757
12999
13401
13973
14517
14521
14341
14380
14393
14267
13990
14016
13881
13640
13238
12736
12033
11363
10508
9474
8191
7325
6441
5370
4554
3739
2865
1797
725
22
-373
-269
-454
-958
-1282
-1629
-1887
-2475
-3140
-3954
-4628
-4942
-5256
-5620
-5938
-6283
-6792
-7339
-8064
-8753
-9326
-9618
-9694
-10190
-10375
-10686
-10960
-11218
-11628
-12026
-12358
-12114
-11608
-10900
-10563
-10443
-10630
-11099
-11274
-10967
-10547
-10324
-9985
-9656
-9491
-9385
-9198
-8988
-8920
-8716
-7954
-7159
-6048
-4726
-3681
-3251
-2662
-1760
-349
1171
3116
4768
6045
6997
8120
9064
9589
10279
11218
12386
13110
13421
13428
13428
13423
13702
13945
13779
13563
13507
13283
13126
12825
12769
12588
12324
12057
11991
11846
11369
11027
11146
11341
11361
11360
11429
11242
10888
10655
10206
9311
8573
8029
7115
5845
4528
3432
2219
1033
-96
-1109
-2154
-3007
-3664
-4345
-5392
-6373
-7061
-7527
-7965
-8322
-8580
-8932
-9307
-9885
-10172
-10608
-10762
-10881
-11015
-11287
-11367
-11448
-11568
-11754
-12136
-12521
-12986
-13292
-13321
-13361
-13481
-13557
-13384
-12914
-12649
-12096
-11176
-10264
-9727
-9315
-8674
-8016
-7237
-6057
-4788
-3783
-3071
-2267
-1734
-1087
-71
1334
2584
3756
4944
5952
6818
7612
8496
9461
10342
10965
11333
11301
11315
11398
11671
11478
10990
10696
10520
10205
9614
8933
8354
8045
8067
8674
8931
8778
8428
8090
8009
7843
7718
7629
7879
8299
8458
8169
7287
6686
6621
6522
6101
5671
5742
5687
5322
4576
3820
2958
2066
1318
612
-196
-959
-1755
-2775
-3882
-4927
-5999
-6968
-7917
-8553
-8911
-9123
-9408
-9601
-9689
-10317
-10973
-11295
-11563
-11572
-11369
-11329
-11629
-12205
-12626
-13303
-13845
-14086
-14126
-13957
-13528
-12867
-12061
-11367
-10871
-10797
-10879
-10485
-9634
-8635
-7401
-5918
-4611
-3840
-3335
-2621
-1826
-682
1180
2764
4136
5202
6138
6659
6925
7151
7836
8290
9036
9623
9701
9529
9605
9696
9309
8759
8568
8727
8938
9279
9351
8921
8307
7891
7702
7530
7277
7247
7244
7207
7016
6530
5871
5394
5531
5829
5767
5824
5921
5702
5512
5367
5184
4677
4189
4013
3729
3133
2978
2406
1634
660
32
-621
-1674
-2444
-3022
-3596
-4035
-4399
-4768
-5126
-5651
-5962
-6081
-5969
-6092
-6446
-6867
-7211
-7413
-7528
-7670
-7992
-8603
-9054
-9454
-9633
-9816
-9966
-10303
-10646
-10789
-10625
-10091
-9603
-9109
-9071
-9256
-8877
-8473
-7853
-6950
-5887
-4947
-4243
-3511
-2538
-1579
-499
660
1963
3070
4267
5367
5943
6497
7144
8244
8862
9007
8887
8924
8944
9355
9517
9233
8663
8328
7946
7518
6974
6281
5745
5714
5729
5598
5450
5277
4869
4588
4686
4814
4778
4706
4968
5209
5272
5195
5139
4715
4627
4703
4580
4350
4157
3931
3510
2960
2066
1282
589
337
43
-564
-1320
-1719
-2222
-2927
-3737
-4280
-4622
-4789
-4851
-5127
-5566
-5810
-5849
-6162
-6618
-7130
-7379
-7497
-7560
-7497
-7328
-7374
-7346
-7256
-7390
-7612
-7772
-7756
-7497
-7102
-6819
-6392
-6075
-5826
-5668
-5703
-5412
-4910
-3892
-2766
-1884
-1498
-1396
-1303
-966
-76
1171
2446
3364
4270
5070
5623
5863
6006
6630
7493
8157
8463
8644
8555
8243
8056
7773
7405
7137
7170
7046
6876
6492
6371
6074
5626
5515
5404
5311
4925
4862
4757
4263
3833
3473
2920
2502
2452
2416
2133
1795
1860
1776
1272
894
832
804
675
382
-125
-635
-1250
-1697
-2240
-2615
-2927
-3091
-3091
-3545
-4107
-4559
-5156
-5580
-5873
-6233
-6750
-7176
-7285
-7416
-7717
-7976
-8466
-9021
-9179
-9064
-8782
-8745
-8824
-8899
-8944
-8930
-8723
-8399
-8298
-8097
-7487
-6632
-5846
-5216
-5160
-5124
-4584
-3467
-2141
-928
-197
362
901
1563
2328
3100
3933
4774
5732
6734
7888
8483
8940
9471
10062
10584
10829
10800
10698
10706
10637
10557
10247
9744
9309
8763
8145
7716
7173
6636
5993
5458
5055
4611
4062
3402
2881
2456
2481
2539
2416
2097
2103
2176
1866
1611
1522
1410
1190
901
736
523
361
143
-348
-872
-1348
-1862
-2383
-2880
-3521
-4001
-4544
-4996
-5522
-6086
-6680
-7102
-7476
-7671
-8048
-8318
-8425
-8558
-8667
-8669
-8447
-8262
-8282
-8624
-8856
-8833
-8599
-8517
-8699
-9077
-9304
-9335
-9353
-9317
-9112
-8549
-7752
-6899
-6235
-5704
-5293
-4760
-4005
-2939
-1785
-572
808
1849
2551
3220
3943
4956
6025
7040
8162
8861
9629
10419
10972
11247
11577
11733
11803
12070
12271
12389
12101
11932
11688
11432
11069
10793
10628
10235
9499
8936
8503
8043
7495
7045
6487
5866
5526
5248
4588
3807
3329
2812
2082
1436
916
247
-571
-1303
-1716
-2239
-2673
-2991
-3274
-3552
-3890
-4005
-4352
-5010
-5567
-5679
-5909
-6394
-6907
-7134
-7452
-7664
-7711
-8037
-8596
-8943
-8993
-9129
-9185
-9313
-9363
-9629
-9857
-10072
-10280
-10427
-10399
-10033
-9646
-9605
-9520
-9397
-9431
-9599
-9310
-8676
-8017
-7390
-6927
-6328
-6223
-5899
-5190
-4366
-3627
-2746
-1551
-359
608
1659
2883
3819
4841
6233
7688
8589
9754
11099
12169
13042
13528
14087
14289
14593
14949
15025
14849
14746
14677
14171
13298
12438
11967
11267
10454
9921
9599
9031
8594
8139
7770
7075
6527
6189
5858
5773
5674
5356
4682
4039
3645
3018
2245
1889
1778
1516
1077
431
-339
-1123
-1884
-2571
-3346
-4242
-5095
-5829
-6551
-7431
-8307
-9127
-9573
-9880
-9906
-10043
-10432
-10751
-11044
-11144
-11250
-11224
-11037
-10942
-10887
-10888
-10871
-10845
-10522
-10141
-10025
-10015
-10051
-9994
-9862
-9817
-9663
-9232
-8606
-8138
-7683
-7311
-7106
-6693
-6090
-5072
-4328
-3613
-2557
-1475
-700
-80
685
1366
2527
3886
5069
5913
6611
7474
8340
8984
9653
10347
10804
11319
11937
12491
12673
12914
13262
13523
13751
13642
13619
13302
13095
12740
12346
11816
11358
10784
10162
9578
8943
8202
7695
7190
6453
5811
5267
4830
4009
3558
3042
2455
2130
1926
1734
1293
779
279
-305
-863
-1400
-1913
-2221
-2531
-2858
-3260
-3939
-4557
-5205
-5737
-6058
-6826
-7587
-8244
-8806
-9385
-9988
-10447
-11023
-11434
-11663
-11964
-12352
-12687
-12696
-12627
-12550
-12355
-12160
-11954
-11726
-11362
-10832
-10231
-9328
-8512
-7840
-7348
-6927
-6394
-5520
-4558
-3653
-2793
-1860
-943
-249
564
1213
1996
2941
4168
5076
5754
6455
7332
7805
8246
8792
9474
9890
10222
10711
11009
11300
11472
11547
11426
11379
11286
11016
10780
10688
10502
10290
10186
9851
9308
8832
8343
7996
7823
7884
7847
7523
7237
6940
6558
6025
5543
4946
4421
4009
3461
2784
2054
1189
520
-229
-1088
-1947
-2603
-2978
-3476
-3941
-4491
-5171
-5862
-6288
-6766
-7117
-7470
-7742
-7938
-8311
-8520
-8910
-9172
-9397
-9530
-9572
-9718
-9763
-9896
-9921
-10101
-10536
-10679
-10873
-11171
-11382
-11655
-11702
-11610
-11157
-10845
-10526
-10226
-9792
-9204
-8295
-7152
-6101
-4945
-3945
-3203
-2340
-1321
-112
1155
2471
3715
4704
5697
6613
7424
7872
8283
8866
9318
9633
9871
10084
10171
10225
10523
10712
10605
10316
10205
9960
9641
9379
9257
9116
8965
8832
8627
8099
7663
7545
7383
7204
6885
6640
6232
5663
5153
4643
4097
3499
2968
2400
1733
1214
788
250
-198
-645
-1100
-1516
-1716
-1927
-2120
-2525
-3041
-3352
-3857
-4275
-4657
-5050
-5400
-5662
-6036
-6371
-6971
-7638
-8039
-8421
-8671
-9028
-9195
-9483
-9816
-10162
-10478
-10594
-10536
-10511
-10508
-10400
-10463
-10036
-9588
-8947
-8256
-7637
-7184
-6890
-6393
-5599
-4757
-3954
-3107
-2368
-1700
-1084
-496
253
1000
1902
2686
3510
4312
5004
5411
5958
6477
6981
7649
8029
8294
8819
9507
9991
10271
10149
9966
9733
9845
9980
9883
9753
9513
9256
8977
8569
8221
7849
7533
7341
7143
6652
6157
5718
5138
4524
3974
3483
2870
2219
1713
1262
652
109
-428
-1007
-1577
-2165
-2716
-3179
-3741
-4332
-4954
-5467
-5797
-6184
-6590
-6935
-7226
-7499
-7591
-7527
-7308
-7176
-7132
-7095
-7053
-6987
-6766
-6547
-6432
-6677
-6828
-7007
-6939
-6863
-6923
-6907
-6980
-7051
-7199
-7029
-6690
-6281
-6063
-5748
-5530
-5487
-4998
-4346
-3678
-2704
-1907
-1150
-398
413
1358
2325
3110
4030
5141
6047
6749
7379
7830
8041
8208
8559
8735
8973
9164
9343
9303
9118
8825
8583
8417
8229
8075
7806
7589
7308
7170
6955
6788
6631
6479
6198
5896
5800
5556
5192
4816
4472
4124
3399
2872
2330
1901
1454
893
324
-377
-1079
-1388
-1809
-2381
-2974
-3558
-4136
-4576
-4871
-5326
-5641
-5876
-6134
-6368
-6612
-6817
-6970
-7119
-7296
-7515
-7695
-7818
-7748
-7796
-7700
-7668
-7633
-7490
-7335
-7284
-7166
-6782
-6402
-5894
-5549
-5503
-5503
-5287
-4704
-4091
-3487
-3242
-2940
-2553
-2282
-1877
-1396
-887
-317
420
1199
1796
2152
2597
3276
3881
4362
4844
5495
5905
6304
6775
7022
7183
7518
7832
8057
8114
8179
8424
8435
8466
8358
8200
7891
7657
7395
6919
6669
6604
6551
6256
5707
5254
4818
4426
3932
3478
3090
2665
2193
1470
580
-256
-758
-1173
-1636
-2077
-2444
-2838
-3223
-3541
-4064
-4593
-5060
-5350
-5606
-5939
-6126
-6251
-6608
-6945
-7384
-7649
-7859
-7902
-7870
-7971
-8010
-8075
-7990
-8031
-7938
-7738
-7322
-6939
-6725
-6499
-6436
-6365
-6355
-6248
-6142
-5929
-5818
-5511
-5194
-5138
-4947
-4538
-4025
-3437
-2837
-2354
-1839
-1349
-802
-139
495
1370
2345
3199
4033
4698
5161
5677
6327
6912
7628
8344
8989
9307
9599
9838
9818
9753
9821
9835
9858
9902
9772
9185
8638
8271
7831
7455
7103
6949
6803
6558
6288
5858
5432
5067
4610
4391
4037
3659
3283
2769
2262
1688
1201
503
-159
-679
-1256
-1791
-2382
-2999
-3591
-4193
-4884
-5613
-6229
-6715
-7156
-7549
-7941
-8268
-8619
-8811
-8873
-8963
-9091
-9226
-9115
-9013
-8885
-8788
-8812
-8576
-8446
-8026
-7749
-7407
-6963
-6758
-6398
-6329
-6046
-5728
-5227
-4848
-4401
-4091
-3850
-3538
-3244
-2690
-2263
-1899
-1539
-1213
-594
-119
477
1033
1496
2061
2739
3498
4137
4662
5247
5818
6456
7044
7550
7987
8534
9004
9272
9588
9658
9962
10154
10388
10395
10340
10338
10204
9930
9767
9437
9044
8714
8333
7974
7504
7077
6581
5972
5209
4636
4079
3484
2697
2049
1488
964
303
-428
-1162
-1792
-2267
-2695
-3224
-3813
-4233
-4689
-5102
-5393
-5749
-6146
-6509
-6851
-7036
-7284
-7672
-7830
-7939
-8242
-8359
-8497
-8714
-8842
-8747
-8664
-8574
-8595
-8465
-8333
-8231
-7922
-7618
-7232
-6861
-6483
-6184
-5859
-5534
-5050
-4669
-4170
-3850
-3641
-3049
-2635
-2124
-1701
-1311
-823
-346
219
828
1321
1902
2641
3365
3949
4740
5548
6191
6763
7301
7813
8174
8613
9108
9401
9699
9792
9936
9990
9882
9861
9840
9831
9721
9574
9345
9129
8902
8783
8518
8265
7944
7593
7174
6703
6300
5877
5472
4876
4499
3986
3457
2838
2229
1688
991
476
-186
-834
-1425
-2146
-2882
-3424
-4000
-4446
-4965
-5418
-5933
-6339
-6735
-7273
-7604
-7894
-8129
-8346
-8451
-8645
-8857
-8798
-8745
-8717
-8778
-8780
-8589
-8502
-8206
-7911
-7811
-7585
-7270
-7083
-6988
-6933
-6705
-6389
-6204
-5862
-5598
-5382
-5049
-4673
-4209
-3759
-3204
-2583
-2035
-1500
-1044
-485
63
716
1358
2065
2717
3383
4009
4588
5058
5479
6048
6571
7125
7426
7731
8093
8507
8865
9014
8931
9167
9249
9210
9250
9181
9124
8954
8811
8625
8278
8043
7759
7324
6918
6499
6131
5640
5044
4466
3944
3481
3078
2519
2001
1536
1099
710
351
-96
-458
-979
-1592
-2033
-2484
-2883
-3305
-3650
-4010
-4499
-4891
-5292
-5605
-6005
-6445
-6721
-7009
-7350
-7597
-7740
-7917
-8028
-8092
-8061
-8029
-7851
-7645
-7379
-7154
-6861
-6659
-6509
-6246
-5943
-5583
-5323
-4967
-4710
-4425
-4197
-3996
-3844
-3493
-3116
-2729
-2192
-1878
-1622
-1263
-869
-457
-227
32
391
892
1490
1928
2351
2646
3115
3450
3919
4415
4759
5220
5571
5815
6037
6197
6313
6315
6324
6270
6389
6423
6552
6576
6510
6550
6286
6185
6058
5914
5726
5619
5501
5047
4801
4395
4144
3793
3381
3088
2667
2361
2101
1873
1238
762
393
-155
-512
-899
-1239
-1713
-2206
-2664
-3075
-3518
-3817
-4059
-4264
-4472
-4679
-4895
-4885
-4979
-5053
-5149
-5328
-5430
-5633
-5572
-5444
-5376
-5444
-5478
-5499
-5485
-5542
-5503
-5519
-5428
-5206
-5083
-4815
-4534
-4324
-4086
-3861
-3526
-3224
-2946
-2604
-2333
-2065
-1710
-1340
-1035
-658
-442
-174
259
564
959
1366
1762
2131
2499
2827
3146
3379
3769
4145
4466
4742
4942
5150
5162
5299
5398
5572
5589
5705
5890
5815
5628
5502
5365
5119
5034
4983
4834
4666
4544
4364
4117
3782
3425
3095
2881
2577
2313
2148
1809
1529
1159
820
487
268
165
-7
-117
-245
-403
-797
-969
-1117
-1368
-1626
-1872
-1998
-2010
-2160
-2495
-2554
-2716
-2905
-2936
-2879
-2910
-3068
-2963
-2938
-2906
-2755
-2681
-2719
-2594
-2461
-2193
-2105
-2038
-1617
-1560
-1487
-1317
-1235
-1082
-786
-662
-407
-315
-351
-270
-308
-371
-428
-281
-139
-221
-93
-45
196
415
699
972
1066
1370
1763
2022
2316
2515
2594
2767
2982
3068
3094
3086
3160
3275
3145
3016
2891
2826
2750
2614
2555
2454
2444
2364
2386
2111
1675
1518
1298
1311
1149
875
689
452
313
117
-259
-755
-945
-1059
-1364
-1558
-1767
-2021
-2239
-2454
-2826
-2992
-3187
-3215
-3216
-3252
-3284
-3289
-3181
-3093
-3095
-2960
-2894
-2720
-2510
-2366
-2329
-2317
-2268
-2099
-1742
-1472
-1338
-1243
-1060
-964
-847
-660
-613
-521
-284
-218
-180
-171
-40
51
41
147
329
380
481
629
724
912
1048
1038
1189
1213
1214
1352
1472
1607
1654
1685
1685
1754
1857
1833
1868
1820
1881
1923
1762
1723
1655
1594
1573
1483
1414
1319
1234
1219
1184
1164
1018
837
564
432
408
236
158
-68
-89
-244
-490
-665
-795
-920
-1166
-1400
-1569
-1789
-1908
-2137
-2648
-2767
-2962
-3050
-3099
-3201
-3266
-3459
-3461
-3548
-3649
-3753
-3929
-3715
-3647
-3686
-3624
-3604
-3508
-3379
-3147
-2994
-2685
-2446
-2226
-1858
-1637
-1314
-1020
-585
-187
32
329
487
607
906
1081
1228
1403
1605
1859
2049
2121
2214
2252
2333
2350
2244
2356
2442
2531
2539
2373
2355
2328
2280
2299
2334
2393
2483
2504
2518
2486
2541
2461
2333
2255
2129
2051
1959
1975
1797
1776
1481
1282
1037
880
683
398
23
-220
-257
-486
-673
-812
-1043
-1227
-1401
-1502
-1622
-1643
-1729
-1703
-1678
-1787
-1854
-2013
-2137
-2168
-2280
-2415
-2347
-2407
-2461
-2693
-3099
-3205
-3417
-3409
-3378
-3402
-3400
-3511
-3498
-3515
-3538
-3487
-3227
-3005
-2621
-2259
-2033
-1893
-1784
-1517
-1187
-820
-312
106
405
861
1117
1311
1508
1743
2016
2287
2490
2745
2931
3062
3245
3337
3545
3588
3601
3607
3657
3841
3916
3951
3945
3975
3925
3905
3901
3933
3965
3885
3950
3986
3892
3818
3710
3654
3588
3552
3352
3157
2916
2799
2600
2316
2179
1893
1673
1408
1173
858
581
415
205
-82
-369
-587
-731
-1044
-1209
-1438
-1710
-1827
-1927
-1996
-2141
-2188
-2398
-2583
-2724
-2865
-2993
-3016
-3107
-3187
-3370
-3373
-3417
-3330
-3406
-3332
-3148
-3204
-3083
-3065
-2936
-2959
-2798
-2829
-2595
-2481
-2434
-2341
-2348
-2174
-2211
-1957
-1790
-1378
-999
-827
-417
-224
43
129
348
624
931
1311
1465
1800
2010
2185
2274
2367
2546
2622
2738
2861
2857
2907
2800
2784
2784
2798
2760
2730
2741
2722
2615
2452
2416
2459
2331
2396
2367
2307
2343
2159
2159
1968
1924
1832
1877
1830
1773
1758
1700
1533
1204
952
636
486
302
177
-165
-433
-669
-929
-1225
-1526
-1665
-1781
-1854
-1940
-1966
-2160
-2273
-2494
-2572
-2610
-2621
-2492
-2505
-2409
-2383
-2396
-2476
-2470
-2447
-2378
-2339
-2432
-2466
-2624
-2558
-2655
-2675
-2571
-2463
-2272
-2110
-1888
-1668
-1444
-1352
-1203
-796
-638
-340
59
392
785
924
1173
1200
1514
1699
1793
2042
2126
2218
2313
2354
2559
2597
2619
2665
2557
2485
2487
2508
2569
2661
2475
2520
2418
2300
2231
2068
1956
1948
1866
1812
1709
1489
1343
1091
901
828
822
617
650
528
263
150
-51
-124
-233
-314
-330
-405
-552
-667
-780
-982
-1086
-1227
-1407
-1560
-1667
-1720
-1785
-1830
-1945
-1990
-2063
-2157
-2091
-2170
-2102
-2241
-2330
-2418
-2464
-2379
-2489
-2526
-2579
-2489
-2477
-2412
-2377
-2339
-2322
-2322
-2244
-2226
-2098
-2040
-1968
-1930
-1841
-1803
-1598
-1411
-1150
-1008
-787
-563
-403
-242
-102
165
370
674
826
1008
1245
1499
1560
1672
1861
1952
2072
2139
2239
2337
2367
2269
2262
2349
2289
2250
2183
2036
1934
1732
1671
1543
1462
1396
1219
1031
1022
977
882
788
673
562
462
356
210
118
-43
-143
-291
-350
-545
-706
-836
-862
-1006
-1163
-1195
-1268
-1442
-1546
-1675
-1666
-1588
-1598
-1587
-1588
-1569
-1474
-1399
-1252
-1090
-953
-876
-764
-641
-642
-695
-549
-487
-588
-374
-213
-157
-173
-86
-177
-35
-67
-16
45
-118
-33
-22
59
254
371
517
823
879
1030
1253
1302
1448
1666
1837
1930
2094
2287
2455
2412
2414
2556
2541
2545
2520
2606
2623
2551
2548
2484
2387
2296
2256
2184
2138
2091
2100
2041
2032
2018
1960
1758
1453
1192
1085
945
692
518
353
193
-33
-198
-287
-538
-736
-1016
-1246
-1456
-1648
-1917
-2000
-2095
-2283
-2306
-2424
-2645
-2762
-2893
-2996
-2934
-3194
-3118
-3192
-3253
-3288
-3151
-3042
-3007
-2738
-2684
-2443
-2390
-2320
-2227
-2024
-1887
-1675
-1498
-1380
-1280
-1258
-983
-944
-851
-731
-456
-350
-326
-206
-56
-43
136
312
455
809
766
881
909
918
1082
1285
1451
1663
1845
1952
2125
2286
2469
2551
2671
2819
2936
3021
3145
3314
3267
3325
3427
3321
3467
3324
3257
3213
3007
2847
2634
2534
2435
2227
2047
1835
1643
1422
1167
904
692
457
278
181
-24
-150
-320
-509
-776
-941
-1128
-1362
-1478
-1692
-1956
-2203
-2355
-2707
-2956
-3194
-3432
-3461
-3647
-3800
-3901
-4004
-4081
-4122
-4142
-4066
-4012
-3971
-3967
-3824
-3714
-3550
-3511
-3383
-3164
-3023
-2715
-2579
-2285
-2013
-1822
-1490
-1413
-1212
-967
-760
-360
-165
66
209
353
419
491
739
979
1121
1355
1647
1825
1897
1923
2026
2192
2397
2510
2624
2690
2842
3000
3005
3132
3252
3119
3280
3211
3138
3083
3095
3116
3014
3091
2960
2864
2756
2690
2522
2406
2340
2177
2059
1929
1681
1538
1339
1165
935
670
516
224
106
-284
-643
-839
-1146
-1362
-1645
-1880
-2036
-2424
-2674
-2871
-3055
-3204
-3366
-3525
-3745
-3772
-3816
-3828
-4008
-3989
-4027
-4135
-4193
-4166
-4116
-4030
-3950
-3966
-3825
-3807
-3770
-3755
-3502
-3301
-3210
-3049
-2779
-2590
-2362
-1965
-1739
-1465
-1286
-1019
-753
-531
-387
-177
82
280
652
841
1062
1310
1583
1769
2013
2216
2363
2495
2674
2831
3036
3260
3354
3564
3658
3766
3834
3883
3992
4046
4125
4173
4155
4190
4138
4152
4068
4074
3963
3895
3753
3618
3398
3185
3037
2963
2879
2677
2481
2306
2113
1914
1781
1395
1220
994
720
517
348
108
-240
-421
-665
-741
-1082
-1318
-1466
-1720
-1969
-2270
-2455
-2715
-2885
-3206
-3415
-3398
-3526
-3633
-3719
-3927
-3823
-3771
-3722
-3741
-3682
-3379
-3368
-3278
-3187
-3008
-3026
-2784
-2643
-2638
-2471
-2324
-2007
-1861
-1614
-1485
-1292
-1125
-985
-857
-724
-514
-395
-190
53
183
244
434
597
733
906
1020
1336
1467
1614
1702
1829
1920
1953
2114
2133
2358
2316
2485
2524
2496
2728
2671
2691
2837
2775
2756
2868
2846
2814
2718
2710
2625
2512
2405
2327
2363
2274
2176
2121
1878
1686
1557
1277
1092
960
807
648
497
400
201
-90
-293
-488
-600
-719
-869
-1102
-1367
-1626
-1707
-1855
-1979
-2047
-2225
-2322
-2445
-2622
-2787
-2920
-2956
-2963
-3016
-3058
-3064
-3140
-3129
-3099
-3119
-2873
-2738
-2606
-2499
-2392
-2261
-2319
-2158
-2146
-1999
-1819
-1655
-1588
-1381
-1149
-1100
-902
-757
-552
-338
-162
94
339
409
684
910
1139
1339
1434
1437
1610
1731
1861
2038
2106
2173
2178
2142
2160
2271
2335
2439
2336
2252
2347
2288
2292
2281
2209
2194
2135
2052
2148
2082
1953
1866
1650
1506
1520
1413
1301
1162
1008
898
771
649
554
400
273
111
46
-13
-61
-74
-275
-493
-800
-920
-1144
-1284
-1375
-1612
-1749
-1938
-2098
-2290
-2477
-2644
-2768
-2804
-2871
-2853
-2958
-3027
-3010
-3042
-2956
-2952
-2866
-2869
-3067
-2946
-2918
-2777
-2490
-2361
-2159
-1966
-1858
-1776
-1602
-1503
-1447
-1197
-1083
-989
-756
-667
-492
-265
-156
-82
37
97
192
378
638
776
965
1023
1250
1347
1394
1603
1656
1585
1529
1662
1730
1782
1916
1939
1955
2037
2178
2263
2303
2251
2219
2096
1890
1732
1553
1539
1564
1644
1541
1467
1473
1336
1285
1243
1287
1296
1250
1201
1179
1141
1027
823
595
444
179
25
-9
-136
-244
-270
-373
-410
-581
-641
-808
-768
-845
-1039
-1050
-1308
-1521
-1669
-1733
-1779
-1821
-1932
-1959
-2072
-2045
-1983
-1885
-1879
-1784
-1756
-1776
-1862
-1737
-1521
-1497
-1376
-1286
-1133
-894
-816
-701
-585
-454
-367
-195
-18
140
314
521
797
896
1068
1219
1411
1620
1731
1744
1755
1816
1968
2122
2300
2370
2405
2471
2475
2381
2460
2465
2368
2450
2355
2234
2143
1955
1815
1716
1613
1658
1606
1542
1428
1300
1210
1201
1087
945
839
608
572
467
335
330
156
144
41
-72
-132
-165
-337
-478
-709
-937
-1063
-1259
-1370
-1455
-1475
-1649
-1665
-1678
-1660
-1713
-1876
-1982
-2050
-2281
-2268
-2162
-2170
-2126
-2097
-2152
-2167
-2165
-2205
-2069
-1896
-1810
-1692
-1559
-1656
-1525
-1399
-1293
-1177
-1133
-932
-886
-771
-690
-616
-416
-270
-204
-88
-40
77
298
363
386
516
604
712
767
970
998
1037
1153
1178
1268
1365
1457
1397
1508
1416
1390
1505
1587
1733
1863
1797
1805
1736
1586
1671
1571
1532
1458
1418
1384
1197
1119
1066
1088
1101
953
909
789
695
652
615
626
582
531
247
44
-55
-28
-42
-246
-396
-569
-658
-668
-639
-579
-579
-676
-860
-903
-1004
-1066
-1143
-1285
-1257
-1329
-1340
-1484
-1306
-1182
-1219
-1157
-1075
-1003
-1006
-857
-963
-1062
-937
-945
-829
-658
-635
-606
-550
-597
-470
-400
-324
-201
-194
-103
2
8
119
332
253
366
344
416
423
324
490
513
624
750
775
816
895
969
909
945
1041
1219
1167
1091
1245
1145
1090
1047
1069
1154
1101
1163
1170
979
937
884
910
901
824
675
615
650
607
555
486
416
319
343
261
251
104
5
-66
-181
1
-129
-102
-196
-292
-356
-551
-712
-753
-853
-942
-1003
-1061
-1134
-1294
-1341
-1337
-1363
-1357
-1371
-1333
-1413
-1474
-1375
-1352
-1433
-1391
-1302
-1328
-1421
-1263
-1176
-1144
-913
-970
-765
-651
-490
-293
-262
-114
78
172
194
216
291
349
294
548
518
579
723
790
1005
939
1005
1049
1122
1257
1294
1449
1476
1423
1510
1476
1553
1658
1686
1520
1432
1398
1469
1330
1332
1354
1271
1240
1073
957
824
806
830
794
686
646
502
344
289
208
207
221
175
231
150
106
92
-2
51
-69
43
-20
-99
-141
-270
-251
-346
-348
-328
-339
-243
-218
-234
-290
-506
-477
-504
-434
-392
-417
-590
-656
-638
-807
-857
-899
-841
-827
-904
-986
-938
-933
-799
-825
-702
-769
-708
-548
-467
-287
-211
-190
-248
-276
-315
-206
-163
-11
61
253
436
328
479
524
465
503
649
789
865
881
884
921
1021
1092
1089
1103
1092
1006
1224
1256
1320
1340
1325
1238
1196
1270
1259
1156
1249
1179
1080
986
803
747
654
500
357
321
164
60
73
-72
-212
-219
-355
-264
-296
-338
-239
-389
-451
-452
-511
-447
-557
-486
-613
-847
-895
-926
-941
-971
-811
-885
-853
-902
-929
-944
-795
-779
-918
-997
-1107
-1171
-1223
-1323
-1324
-1249
-1414
-1403
-1364
-1324
-1219
-1199
-1270
-1160
-1213
-1236
-1203
-1102
-989
-997
-1013
-972
-815
-784
-721
-498
-364
-173
-114
-87
24
113
149
314
371
306
337
421
566
727
847
894
921
941
952
1088
1276
1454
1606
1639
1658
1687
1773
1754
1715
1660
1593
1366
1195
1061
911
801
697
594
625
641
495
539
520
493
392
388
202
197
150
-5
-106
-126
-32
-53
-104
-184
-206
-349
-326
-363
-312
-271
-318
-266
-254
-248
-424
-433
-499
-475
-507
-472
-405
-468
-568
-676
-745
-825
-864
-912
-906
-994
-1119
-1175
-1075
-1195
-1205
-1221
-1142
-1254
-1131
-1189
-1238
-1226
-1352
-1269
-1278
-1070
-991
-936
-955
-841
-845
-801
-713
-601
-474
-439
-290
-366
-244
-69
47
165
254
241
246
261
261
368
373
459
509
502
389
371
356
288
388
403
499
406
318
306
361
387
390
506
440
451
349
220
252
282
202
207
167
99
180
225
154
168
195
116
165
191
202
110
92
47
-64
-114
-115
-149
-222
-223
-340
-278
-309
-414
-542
-599
-743
-796
-872
-763
-795
-858
-843
-956
-1008
-1034
-972
-1069
-1088
-1112
-1178
-1162
-1097
-1057
-1030
-1138
-1130
-1093
-1036
-944
-809
-783
-711
-679
-587
-522
-618
-549
-511
-434
-526
-391
-258
-334
-265
-260
-214
-152
-206
-90
190
295
275
284
346
357
445
454
570
587
638
691
738
698
756
756
740
822
754
698
754
728
635
606
598
719
785
782
764
733
730
718
676
646
699
707
554
562
597
555
490
485
369
321
298
298
263
229
210
148
243
234
26
-31
29
-23
-29
-42
-18
-101
-15
-101
-252
-179
-288
-322
-397
-637
-756
-770
-843
-912
-850
-736
-792
-833
-877
-944
-907
-936
-802
-745
-710
-732
-840
-712
-687
-667
-745
-631
-608
-620
-690
-731
-599
-633
-627
-633
-705
-569
-494
-514
-453
-526
-417
-264
-241
-109
-131
-83
-61
-164
-139
-352
-236
-258
-181
-157
-96
-83
55
74
202
310
316
446
375
434
543
680
699
753
818
795
772
804
702
749
808
897
911
1008
1149
1151
1309
1421
1389
1384
1392
1320
1293
1287
1391
1441
1407
1438
1292
1319
1240
1298
1224
996
1110
1166
1159
1007
941
932
854
694
689
702
669
674
628
503
439
354
338
331
317
342
243
287
243
133
246
185
136
-5
-123
-145
-271
-234
-286
-283
-275
-272
-196
-174
-336
-294
-288
-394
-286
-172
-94
-125
-271
-295
-345
-415
-253
-259
-335
-239
-248
-245
-205
-202
-138
-100
-118
20
-36
-22
68
-47
152
136
161
154
135
21
58
50
40
44
160
218
191
346
288
313
294
325
433
492
478
488
505
552
525
539
535
478
501
543
524
558
625
516
531
661
627
665
702
704
703
694
648
637
565
495
425
406
383
210
198
38
78
-100
-271
-373
-340
-234
-297
-231
-390
-364
-492
-606
-531
-545
-644
-581
-466
-523
-367
-364
-436
-528
-603
-688
-773
-696
-708
-631
-648
-672
-645
-777
-780
-741
-697
-588
-641
-502
-420
-395
-389
-343
-212
-196
-137
-315
-355
-375
-317
-264
-252
-219
-273
-270
-186
-124
-15
22
-7
181
120
177
298
381
316
310
297
404
335
322
432
437
542
601
572
570
464
425
513
547
555
489
489
422
452
455
490
594
469
483
542
453
469
361
354
285
212
187
265
238
154
298
339
255
256
231
108
106
138
145
113
169
64
-16
-73
-49
63
179
259
232
168
146
275
407
371
313
305
217
164
184
126
108
151
15
-121
-251
-342
-329
-231
-355
-506
-574
-667
-929
-1134
-1083
-1199
-1108
-1115
-1165
-1134
-1160
-1099
-1114
-1122
-1138
-1108
-1079
-1095
-1040
-922
-868
-857
-899
-883
-848
-807
-753
-751
-611
-621
-536
-484
-473
-497
-481
-483
-482
-397
-338
-476
-471
-398
-361
-378
-396
-294
-222
-217
-184
-133
-89
-66
9
-25
-19
108
-19
25
50
76
-47
33
28
143
206
262
350
345
323
217
173
159
132
157
169
89
99
82
21
52
195
226
217
248
220
376
349
383
524
391
414
310
407
518
592
706
719
805
799
919
791
786
889
973
1043
1074
1169
1078
1052
957
924
886
845
884
862
894
858
782
814
725
689
606
539
591
486
411
472
539
489
497
412
252
176
155
142
112
66
15
-35
-45
50
2
-50
73
81
171
82
157
212
174
58
-60
-45
-18
-68
-83
-24
-186
-176
-252
-277
-168
-216
-161
-104
-189
-113
-69
-68
80
-7
-3
-37
-64
-84
-186
-137
45
-57
-254
-299
-361
-309
-342
-307
-253
-195
-103
57
147
125
131
34
93
206
208
249
319
332
230
145
204
256
249
207
259
225
235
259
218
357
338
320
351
346
248
291
190
166
194
135
61
-21
13
-13
-120
-117
-66
-115
-161
-152
-98
-146
-99
-145
-200
-204
-189
-187
-91
-129
-78
-79
-283
-135
-214
-168
-269
-312
-438
-481
-390
-412
-321
-287
-158
-178
-174
-159
-202
-261
-320
-401
-484
-561
-489
-580
-684
-723
-713
-714
-776
-784
-816
-868
-847
-820
-715
-715
-787
-755
-822
-774
-881
-803
-697
-676
-567
-563
-341
-373
-259
-154
-55
-54
36
166
168
215
223
242
238
285
179
283
477
647
727
844
940
930
923
871
969
899
943
913
755
742
440
451
325
272
374
203
74
-4
-179
-253
-279
-149
-129
-242
-214
-355
-371
-443
-477
-460
-544
-661
-662
-667
-688
-582
-606
-643
-550
-641
-667
-633
-720
-722
-751
-741
-786
-828
-975
-1008
-939
-1000
-786
-843
-1034
-974
-1015
-943
-1021
-1100
-1117
-1116
-1203
-1299
-1194
-1325
-1318
-1170
-1152
-1062
-1056
-1154
-1223
-1216
-1168
-910
-909
-886
-780
-687
-619
-523
-580
-398
-176
-198
-164
-101
-4
-49
28
176
179
220
378
407
442
470
490
563
563
527
477
521
543
656
753
769
741
748
653
655
826
1000
991
1021
908
861
824
830
830
852
945
831
999
958
816
936
999
951
997
939
1049
953
1004
1147
1080
1094
1052
1058
970
1007
1181
1119
1073
1016
993
1105
955
872
859
748
593
565
491
517
386
237
322
156
180
153
-77
-62
-35
-133
-194
-304
-429
-452
-546
-516
-509
-558
-522
-619
-583
-564
-449
-297
-323
-182
-170
-100
-46
-21
51
107
217
252
280
204
186
235
129
183
309
385
362
440
525
401
426
542
585
675
627
626
473
445
325
280
284
416
436
299
310
297
255
188
46
-31
-140
-355
-322
-434
-427
-413
-477
-421
-507
-575
-551
-500
-458
-402
-257
-281
-250
-267
-411
-466
-376
-382
-260
-198
-216
-264
-171
-108
-103
-61
2
79
69
115
99
98
136
262
217
157
211
108
12
20
-102
-7
-155
-147
-116
-260
-348
-356
-395
-483
-540
-588
-612
-545
-496
-503
-458
-508
-425
-372
-327
-394
-381
-345
-378
-335
-352
-251
-301
-288
-217
-225
-223
-315
-301
-177
-141
-116
5
157
180
110
275
264
175
243
171
70
-17
-90
-142
-331
-484
-520
-459
-555
-462
-412
-483
-674
-722
-625
-555
-387
-381
-366
-334
-344
-334
-351
-295
-306
-288
-218
-254
-104
-14
51
107
108
221
281
328
209
222
207
147
290
192
246
191
101
49
67
132
156
213
154
100
-48
47
56
92
99
75
13
15
-51
-81
27
-91
-71
-125
-11
-8
-23
-55
-163
-80
-125
-90
-48
88
-38
13
-14
88
79
1
112
107
124
101
-67
-162
-83
-84
36
18
-96
-103
-97
-212
-89
-117
-139
-138
-215
-312
-359
-280
-319
-324
-310
-386
-426
-436
-434
-335
-347
-437
-436
-496
-617
-574
-542
-321
-291
-217
-160
-255
-253
-188
-214
-190
-179
-86
-22
34
126
44
168
285
469
532
580
618
744
734
781
763
778
850
863
801
638
670
565
572
715
607
596
441
404
485
481
480
358
337
296
313
343
356
325
277
192
281
219
188
68
-37
230
146
213
365
384
457
402
381
314
439
497
394
398
325
356
298
280
331
187
141
154
184
174
216
215
147
-3
48
146
179
139
225
370
319
378
336
289
428
392
427
507
453
442
450
462
463
521
464
488
436
556
470
464
528
413
452
499
459
442
361
252
266
210
197
145
210
215
201
227
143
80
-21
-41
77
184
217
55
-13
-212
-251
-405
-491
-420
-478
-495
-564
-550
-670
-723
-640
-549
-495
-575
-571
-575
-605
-558
-457
-338
-385
-342
-398
-279
-231
-129
-170
-218
-208
-243
-278
-333
-354
-448
-420
-338
-219
-124
-196
-337
-325
-290
-226
-83
-61
-112
-114
-113
-165
-196
-185
-65
-160
-103
-207
-320
-436
-443
-326
-375
-343
-359
-222
-205
-147
-143
-148
-6
43
-18
37
-26
-40
2
35
-28
-19
-19
19
61
89
107
5
157
91
52
47
-8
6
70
89
109
106
53
47
-45
-82
-134
-177
-82
-128
-177
-145
-188
-254
-222
-213
-212
-253
-179
-128
-268
-136
-114
-45
-78
-42
-33
-90
-167
-182
-51
-30
-93
-244
-90
-129
-108
-119
-181
-221
-154
-268
-223
-250
-162
-79
-146
-40
-32
-105
-119
49
-93
-95
17
-37
42
154
171
216
125
125
43
46
142
181
163
164
246
240
100
187
168
41
46
3
-106
-48
-83
-246
-331
-356
-342
-496
-531
-451
-306
-315
-244
-197
-231
-180
-240
-176
-160
-149
-96
-171
-122
-155
-139
-9
-96
18
-29
9
-7
50
-32
-86
-36
-2
22
-5
45
-165
-187
-267
-282
-294
-389
-334
-258
-300
-290
-220
-325
-443
-380
-318
-356
-478
-615
-688
-602
-638
-665
-626
-609
-550
-532
-443
-290
-280
-366
-275
-281
-231
-126
-61
70
206
153
285
462
388
367
313
425
509
559
503
560
450
413
305
290
432
272
304
277
320
320
329
450
397
345
262
218
253
257
230
342
297
304
264
314
381
378
504
552
563
483
539
481
514
668
658
808
713
823
791
842
912
835
918
953
968
975
1110
1160
986
848
975
868
753
941
1014
1074
1115
986
813
846
869
728
852
753
638
553
275
242
36
109
112
36
220
87
41
18
63
58
22
138
122
158
68
97
-9
59
115
182
246
177
200
203
144
109
205
269
177
207
71
68
-11
-74
-25
-8
-87
-182
-169
-209
-277
-249
-284
-267
-218
-369
-415
-486
-397
-365
-388
-381
-401
-399
-456
-403
-370
-390
-253
-288
-321
-215
-294
-195
-177
-170
-165
-252
-275
-261
-262
-198
-67
-125
-22
13
44
49
15
15
-111
-9
42
35
-28
-135
-89
-123
-98
-184
-117
-172
-418
-385
-431
-488
-479
-439
-466
-455
-616
-552
-533
-478
-373
-488
-506
-506
-560
-573
-554
-439
-490
-337
-409
-536
-374
-362
-275
-168
-139
-112
77
115
248
307
367
291
248
407
411
346
275
308
370
370
333
345
319
194
75
30
-28
-42
6
-92
-137
-125
-208
-133
-145
-313
-350
-535
-468
-333
-358
-442
-376
-249
-304
-380
-398
-416
-527
-517
-401
-293
-296
-183
-162
-205
-124
-165
-170
-193
-225
-224
-245
-206
-223
-311
-362
-456
-424
-495
-480
-639
-663
-566
-662
-750
-637
-584
-643
-428
-584
-541
-597
-541
-513
-475
-362
-406
-383
-423
-443
-481
-418
-347
-343
-260
-265
-93
-123
-136
-248
-268
-92
-62
4
-25
-59
19
145
20
45
-60
-28
-88
-159
-30
-141
-167
-78
20
21
43
34
-97
-73
-52
19
-29
-62
21
80
313
413
482
473
390
390
293
291
262
248
218
227
180
115
124
-8
4
-110
-108
-52
-142
-140
-66
-37
48
135
-45
-38
-120
-15
-52
-166
-48
-192
-119
-134
-38
-64
-174
-165
-197
-145
-138
-55
3
-25
-28
-83
-126
-170
16
124
246
297
185
162
175
84
89
173
166
218
162
150
158
211
309
255
178
189
136
218
223
262
285
296
353
316
321
392
385
480
646
662
661
633
559
816
829
982
958
854
947
981
1003
1135
1237
1156
1239
1168
1195
1068
1164
1085
1041
1002
898
891
677
691
495
416
465
412
440
312
70
25
-56
-63
-28
-12
-22
113
-32
-242
-289
-378
-393
-473
-465
-548
-628
-632
-746
-720
-806
-713
-815
-699
-724
-617
-582
-703
-457
-479
-396
-425
-426
-785
-673
-770
-907
-819
-887
-931
-1035
-1033
-1121
-1021
-1058
-1080
-1069
-1163
-1118
-1242
-1210
-1096
-1145
-1042
-988
-934
-910
-802
-837
-846
-782
-717
-634
-658
-517
-520
-428
-428
-436
-374
-258
-110
-104
-15
252
186
252
257
211
183
244
333
379
318
285
265
306
578
505
479
539
534
516
654
568
548
598
381
475
359
414
363
353
427
297
423
472
504
432
270
378
355
427
413
313
319
266
342
213
351
422
349
380
448
377
234
406
208
275
83
81
129
68
202
193
248
-13
-27
-44
-139
-11
-11
4
-13
23
-81
-68
-160
-208
-224
-234
-110
-211
-148
-122
-215
-256
-261
-274
-179
-183
-219
-278
-414
-323
-362
-460
-332
-284
-307
-338
-470
-501
-407
-413
-261
-149
-241
-114
-118
-191
-220
-270
-148
-135
18
171
131
197
236
253
193
138
192
-13
34
73
114
142
130
57
128
221
180
148
138
338
195
390
391
533
521
595
613
512
613
507
492
318
468
330
289
231
240
262
-10
174
72
132
307
305
183
117
171
166
104
-12
-83
-190
-145
-326
-296
-375
-443
-469
-662
-683
-883
-798
-790
-710
-684
-716
-730
-638
-543
-633
-639
-792
-840
-695
-777
-634
-655
-796
-570
-651
-690
-739
-738
-644
-557
-569
-471
-438
-536
-454
-454
-460
-490
-331
-222
-250
-222
-327
-350
-286
-252
-242
-122
-96
-173
-126
-65
18
90
216
355
294
311
300
302
197
181
339
325
477
393
256
199
131
109
158
227
548
475
331
391
297
395
421
553
574
513
619
592
557
504
531
549
587
456
359
239
43
-12
106
53
121
67
75
-4
-4
-150
-94
67
-50
124
17
48
-20
74
143
74
121
85
82
73
165
24
13
73
-153
-56
-10
60
-54
114
134
29
-12
-15
32
-70
45
-65
-6
29
27
74
107
86
26
24
54
-117
-103
-181
-197
-291
-290
-322
-393
-328
-386
-310
-460
-259
-221
-191
-99
-11
2
-72
18
-141
-110
-377
-387
-428
-364
-357
-393
-275
-302
-303
-313
-210
-183
-268
-240
-230
-147
-121
-94
-17
-58
-210
-77
-145
-159
-102
-94
71
69
191
303
314
341
376
421
667
737
747
840
772
760
817
856
823
840
913
886
860
811
698
668
582
536
648
545
656
539
441
433
530
621
605
777
705
940
825
859
964
788
874
922
950
870
797
755
741
843
827
833
857
842
878
816
808
958
928
687
721
630
672
656
553
544
472
489
414
475
363
286
253
70
110
-20
-42
-33
-20
28
-34
-40
-198
-175
-219
-138
-191
-215
-217
-423
-430
-602
-550
-577
-546
-619
-627
-708
-717
-591
-599
-489
-509
-456
-558
-643
-775
-665
-690
-745
-562
-634
-529
-456
-458
-423
-463
-493
-667
-555
-539
-489
-355
-355
-429
-491
-408
-459
-364
-367
-459
-487
-491
-450
-613
-518
-451
-434
-472
-487
-668
-788
-810
-883
-878
-939
-783
-899
-817
-779
-809
-843
-781
-745
-771
-680
-769
-734
-643
-616
-616
-635
-514
-591
-597
-637
-638
-545
-543
-356
-377
-321
-319
-174
-125
-132
1
-144
8
56
90
95
81
148
136
105
95
130
30
-69
-85
-212
-248
-176
-157
-87
-34
29
52
16
-55
-117
-189
-260
-214
-131
-84
-16
21
112
169
157
245
204
37
-47
-55
-31
9
-124
-61
-28
21
63
-2
112
124
166
154
195
202
178
200
190
146
174
234
370
343
361
369
327
529
564
698
597
689
755
581
589
461
432
434
359
394
493
388
437
444
494
590
656
725
673
767
706
731
731
709
820
868
934
911
988
950
884
835
729
702
611
594
553
513
572
543
435
368
380
358
490
520
483
449
190
114
-1
-34
-48
-153
-248
-193
-221
-431
-322
-310
-202
-168
-378
-265
-320
-275
-418
-393
-399
-491
-458
-454
-396
-352
-164
-238
-310
-223
-215
-365
-241
-265
-278
-200
-229
-29
-142
16
69
184
233
375
435
327
410
350
507
577
675
694
694
809
683
877
835
946
946
875
926
827
862
821
922
796
968
968
814
837
766
759
779
590
549
622
542
596
555
527
456
412
379
487
486
454
499
681
661
711
699
586
688
581
646
628
718
727
622
642
574
471
278
354
408
306
316
351
172
28
60
11
-106
-141
-52
-18
-10
-136
-127
-265
-299
-303
-292
-326
-342
-253
-249
-227
-360
-280
-315
-239
-69
-158
-87
-71
-43
-69
-24
-34
-17
21
-99
-62
-14
-116
-85
-62
-232
-22
24
10
-25
-91
-176
-316
-215
-374
-325
-322
-459
-405
-371
-249
-255
-258
-118
-119
-200
-40
-49
-51
-10
103
65
28
34
33
75
-68
-58
-17
-83
-39
69
-66
-5
30
0
-48
-59
77
45
133
7
1
-10
-122
-236
-228
-300
-357
-239
-396
-386
-485
-512
-439
-492
-400
-396
-464
-415
-515
-520
-415
-494
-405
-391
-492
-365
-592
-315
-258
-336
-200
-226
-295
-418
-410
-446
-434
-376
-514
-509
-418
-423
-383
-306
-349
-274
-269
-146
-78
-209
-94
-131
-21
-41
-11
76
-17
-24
-57
-108
-42
35
65
79
79
66
43
32
257
296
268
287
302
121
34
53
21
29
96
67
34
18
-25
-45
-15
-7
-34
-57
-40
57
-154
10
-26
118
110
112
313
275
389
304
183
85
106
171
122
-21
68
56
218
194
157
178
283
391
315
377
281
229
311
265
370
310
166
59
38
-95
-136
-158
-189
-93
38
-25
-8
-60
-211
-174
-294
-224
-154
-25
-210
-260
-223
-371
-337
-396
-569
-487
-512
-587
-560
-514
-390
-289
-267
-232
-281
-322
-277
-291
-278
-266
-148
-204
-175
-165
-105
-108
-196
-170
-270
-266
-380
-519
-527
-582
-490
-489
-472
-445
-434
-550
-559
-562
-688
-713
-703
-798
-785
-860
-824
-799
-756
-876
-801
-697
-726
-617
-673
-505
-475
-518
-276
-267
-317
-179
-192
-75
-22
44
83
215
318
403
287
317
256
248
318
207
321
374
239
268
249
140
248
282
185
100
29
-84
19
1
121
179
284
290
331
297
384
474
317
430
274
295
314
271
232
224
316
322
377
280
227
313
310
376
466
666
630
612
724
784
798
778
718
711
583
517
388
384
390
326
249
149
228
158
163
119
254
282
380
485
441
467
446
535
637
625
591
557
509
493
538
564
593
442
446
298
274
258
225
385
385
311
309
384
411
419
374
480
543
530
596
615
605
456
407
404
406
432
448
315
212
86
85
-35
-56
21
-22
-35
-49
53
30
59
98
56
-69
-56
-163
-184
-149
-201
-240
-286
-351
-495
-544
-446
-419
-391
-510
-531
-430
-533
-454
-403
-463
-398
-331
-317
-307
-236
-307
-480
-451
-462
-543
-568
-575
-539
-597
-630
-559
-539
-660
-739
-700
-772
-710
-829
-811
-811
-716
-723
-691
-661
-691
-626
-795
-787
-563
-672
-694
-563
-548
-463
-446
-385
-302
-112
-89
-32
-36
-78
-139
-10
-25
-142
-84
-353
-307
-268
-341
-293
-449
-372
-389
-434
-355
-434
-391
-418
-442
-539
-300
-309
-398
-409
-426
-283
-256
-255
-285
-249
-240
-252
-179
-167
-140
-95
-107
-171
-85
22
66
99
73
109
198
133
188
207
243
308
247
364
230
139
89
25
0
-148
-200
-243
-214
-231
-160
-216
-248
-137
-248
-291
-415
-355
-332
-332
-394
-556
-503
-559
-429
-429
-527
-503
-599
-528
-571
-554
-521
-466
-438
-321
-315
-389
-421
-483
-351
-351
-359
-415
-496
-456
-548
-633
-656
-792
-799
-629
-595
-514
-513
-533
-433
-404
-284
-174
-192
-173
-116
-75
-91
-208
-153
-67
-73
18
34
-125
-62
-36
-21
80
185
151
273
262
318
299
222
233
272
298
162
250
441
403
418
375
370
427
385
564
634
650
600
567
630
660
680
688
833
826
842
839
795
953
898
984
1009
936
862
816
895
876
689
689
593
616
554
472
461
418
412
363
353
262
252
161
201
159
200
79
138
128
78
106
40
60
45
282
320
364
345
344
319
294
319
350
232
356
419
486
621
742
876
819
810
752
739
739
745
827
813
790
807
747
696
671
677
510
548
714
427
448
339
411
462
345
389
216
206
219
86
-99
-85
-130
-138
-46
-19
-102
-101
-178
-185
-48
-61
-82
20
-7
-113
-72
86
158
179
199
227
122
90
-5
110
98
-92
-24
-81
-141
-202
-337
-277
-343
-288
-205
-337
-255
-378
-395
-474
-509
-581
-750
-824
-849
-894
-969
-914
-817
-821
-822
-928
-797
-711
-738
-674
-550
-431
-542
-707
-712
-608
-386
-283
-381
-319
-287
-223
-6
62
35
1
31
-8
-48
-50
-57
-6
10
-7
-98
-121
-86
-70
-200
-216
-313
-355
-237
-256
-259
-308
-389
-413
-464
-480
-342
-450
-499
-560
-583
-561
-565
-472
-490
-584
-583
-535
-585
-684
-694
-878
-772
-702
-709
-665
-604
-557
-665
-694
-690
-693
-544
-571
-538
-504
-456
-350
-408
-298
-314
-245
-232
-153
-241
-262
-174
-165
-65
-48
-131
-132
-237
-141
-143
-224
-107
-32
-208
-97
13
115
185
243
391
538
583
613
651
619
658
828
807
793
784
686
675
646
641
684
641
616
544
573
593
384
634
654
497
569
531
394
355
435
462
479
408
338
247
76
-51
-54
-12
-27
-147
-278
-190
-230
-110
-31
-184
-147
-102
-201
-202
-357
-318
-344
-460
-430
-460
-393
-418
-385
-316
-288
-193
-233
-380
-449
-538
-491
-364
-342
-220
-245
-262
-178
-195
-175
-84
-235
-190
-98
-79
-69
-166
-110
-107
-44
22
68
198
110
51
-55
-137
-81
33
101
176
250
148
162
200
225
337
332
117
115
75
148
199
144
192
230
160
171
245
284
347
360
344
486
518
513
518
543
668
661
465
368
342
323
451
482
485
434
312
253
0
0
0
0
0
0
0
0
0
0
0
0
0
0
0
0
0
0
0
0
0
0
0
0
0
0
0
0
0
0
0
0
0
0
0
0
1
0
0
0
0
-1
0
0
0
0
0
0
0
0
0
0
0
0
0
0
0
0
0
0
0
0
0
0
0
0
0
0
0
0
1
0
0
0
0
0
0
0
0
0
0
0
0
0
0
0
0
0
0
0
0
0
0
0
0
0
1
1
0
0
0
-1
1
1
0
0
0
0
0
0
0
0
0
0
0
1
0
0
0
0
0
0
0
0
0
0
0
0
0
0
0
0
0
0
0
0
0
0
0
0
0
0
0
0
0
0
0
1
0
1
0
0
0
0
0
0
1
0
0
1
-1
0
0
0
0
0
0
0
0
0
0
0
-1
0
-1
0
0
0
0
0
-1
0
0
0
0
0
0
0
0
0
0
0
0
0
0
0
-1
0
0
0
0
0
0
1
0
0
0
0
0
0
0
0
0
0
0
0
0
0
0
1
0
1
0
0
0
0
1
0
0
0
-1
0
0
0
0
0
0
0
0
0
0
0
0
0
0
0
0
0
0
0
0
0
0
0
0
0
0
0
0
0
0
0
0
0
0
0
0
0
0
0
0
0
0
